
X1	X2	X3	X4	X5	X6	X7	X8	X9	X10	X11	X12	X13	X14	X15	X16	X17	X18	X19	X20	X21	X22	X23	X24	X25	X26	X27	X28	X29	X30	X31	X32	X33	X34	X35	X36	X37	X38	X39	X40	X41	X42	X43	X44	X45	X46	X47	X48	X49	X50
0.4736	0.7085	-0.2106	-0.6737	0.7784	0.4446	-0.4164	-1.0932	-0.2821	2.2310	0.4752	-0.3026	-1.0572	-0.8811	-0.7484	-0.4449	-1.0895	-0.3387	0.8948	0.3445	-1.6760	-0.3172	-0.3235	0.4826	0.3092	0.5503	-0.5231	-0.0317	-0.8362	-0.3257	-0.2743	-0.5370	-0.5187	2.4949	0.6026	-0.8433	-1.2509	-0.1797	1.2254	-0.6661	-1.2748	-0.5006	0.8434	0.3705	0.3826	-0.4661	1.9333	1.2392	-0.0646	0.8516
0.3356	-0.4783	0.6913	0.5665	-0.1735	-1.5986	0.0599	-0.1272	-0.3132	-0.5770	0.6507	1.4688	-0.7603	-0.1001	-1.1087	0.9221	-0.0862	0.6296	-0.2647	-0.5425	-1.0755	-0.3641	1.1466	2.0414	0.2535	0.0175	-0.9453	-0.8613	0.3961	-0.2412	-1.8156	-0.4626	0.0078	-1.4497	-1.2601	0.8159	-0.3923	0.2255	-1.4712	0.4993	2.3693	-0.6810	-0.3501	-1.2070	-1.1145	-0.0515	-0.0658	0.6420	0.3435	0.6345
1.6604	1.2712	0.6879	0.1068	-0.6420	-1.0696	-1.4137	0.6853	-1.0327	1.6802	-0.3411	-0.5483	1.0402	0.8963	0.7580	-0.0781	1.6347	0.2198	-0.6599	-1.6483	1.7939	-0.0312	-0.4940	-1.1729	-0.5123	1.0852	-1.7083	0.1152	-0.0097	1.1721	0.5338	1.1276	0.1066	0.7932	-1.7927	0.3871	1.7899	0.5395	0.4475	1.0105	-0.0897	-0.9053	1.8994	-0.3041	-1.0999	1.6451	-0.6549	-0.7517	-2.0958	0.1362
0.3430	-0.8700	-0.9331	0.4010	0.6981	0.7155	0.8169	0.3013	-0.7469	2.1879	-2.2504	0.0685	0.3773	-0.8746	0.6292	2.9896	-0.6042	-0.8757	0.5729	1.5451	1.4679	-1.1946	1.8304	0.5385	0.3972	0.5531	-0.1367	-1.1489	1.1173	-0.4221	-1.8862	-0.3888	-0.5319	-0.0678	0.9421	0.5909	0.0375	2.5694	1.4927	-0.4350	-0.6115	0.5484	1.2436	-0.9127	1.0909	1.5257	0.2233	0.2749	-1.0093	1.5804
1.1173	1.3176	-1.7049	0.7840	0.3067	-0.9010	-1.3612	1.5151	0.7611	1.0304	0.6304	0.0133	0.1009	0.1475	-1.5817	-0.0984	1.8022	1.3309	-0.7578	-0.4561	1.5950	1.0347	1.6805	-1.4355	0.7042	-0.2687	-1.2163	-1.2563	-0.0199	-0.6704	-0.9819	-0.7410	-0.8210	0.0337	-1.2920	0.2031	-0.5863	-0.5312	0.5586	-0.5960	-0.0242	-1.2649	-0.4035	-0.2014	-0.0300	-1.3246	2.4211	0.3644	-1.1036	2.3068
-2.4574	1.1240	-0.1555	0.5578	-0.4054	-0.0752	-1.5066	0.4369	1.1716	-1.6519	2.8134	1.4173	1.2174	-1.3198	0.4978	-1.0622	-1.3481	0.2814	0.1776	-2.3529	0.6696	0.6963	-0.9338	-0.4327	-1.6555	-0.5109	-0.6446	-0.8082	-0.4106	-1.1134	-1.2012	0.6395	-1.9630	-0.7689	1.6861	-0.4070	0.6896	-0.8318	0.5282	0.1663	0.9196	2.3808	0.3819	1.5467	0.5101	-1.0517	-0.0315	0.1472	0.0545	0.4173
-1.8116	0.9739	-0.3073	0.1702	-2.0205	-1.5477	0.0100	-0.8945	0.1888	0.7871	0.3508	0.4974	1.1623	-1.2316	0.6649	0.3225	0.7462	1.4253	0.5432	-0.1392	-0.7478	-0.0106	-0.4832	-1.4820	0.4201	0.3670	1.1276	-0.0936	-0.1460	-0.4948	0.8646	-0.2005	-1.2242	0.8082	0.1905	-2.6447	1.0275	-0.0414	0.7775	-1.1127	-0.1301	2.1873	0.4944	-0.8344	-0.3737	-1.2356	2.9974	-2.0158	0.8862	0.9887
-2.1861	0.2740	0.5295	-0.7550	-2.1397	-0.4727	-0.9749	-0.7628	-0.4679	0.4120	0.0959	1.0570	0.7926	0.5648	1.1525	-2.4861	-0.3878	-1.7753	-0.1080	-1.6960	0.5467	0.1026	2.6364	-1.0670	0.5908	1.9983	1.1418	-0.0559	-0.4246	-1.0655	0.0168	-0.1409	-0.0107	-2.5006	0.3402	1.6992	0.0165	0.4265	0.7948	-0.3534	-0.1633	1.0936	-0.5414	-0.2291	-0.4038	0.0539	-0.1788	-0.7938	-0.5605	1.7925
2.5032	0.5955	0.7388	-1.1126	0.4408	-0.0081	-0.1884	-0.4487	0.0553	1.3281	-0.3496	0.7904	-1.0242	-0.9696	-1.5616	-1.3372	-0.8755	-1.0945	1.8133	-1.0330	0.5030	-0.9715	1.8854	-1.7117	-0.7952	0.8120	0.8663	-0.1862	0.1785	1.1701	-1.3007	0.3788	0.0372	0.0507	1.0886	-0.6371	-1.9479	-1.1430	0.1632	0.6731	0.7523	-2.1989	-0.2603	1.3122	1.5177	0.1987	1.0644	-0.9587	0.4355	-0.5853
0.6243	0.2985	0.3177	-0.1987	0.0565	-0.1865	1.5693	-0.3730	0.9537	-0.8777	0.7194	-1.0916	0.7331	-0.9282	1.0953	0.1295	0.5527	-0.4094	0.3004	1.1449	-0.3568	-1.0266	0.5669	-1.1123	-1.7429	-0.1740	0.3705	0.0560	0.0062	1.2052	-0.8463	-0.6521	-1.7609	-1.4466	-0.2634	-0.3268	-2.2414	-0.3456	-0.4955	0.8623	1.7542	-2.2815	-1.4692	1.4581	1.9469	-0.6057	-0.0869	0.7501	0.9231	0.2755
-0.7550	0.7900	0.4988	-0.1300	0.8479	1.4729	-1.1682	-0.8724	0.7087	-0.1911	-0.7600	-0.2827	-0.0413	-0.8676	0.7523	1.3806	-0.2177	-1.5395	1.5464	-0.4684	1.1389	0.5225	1.7214	-0.0988	0.0130	0.6320	-0.9195	-0.7911	2.9544	-0.0268	0.5710	1.5038	-1.8474	-0.6774	-1.1648	0.7361	-0.8923	-0.2885	0.0506	1.4490	-0.0004	-0.6816	-0.3174	-0.5729	-1.5277	-0.5176	-0.0251	-0.3992	1.3000	0.9306
-1.4358	-2.0700	0.2531	0.6722	0.2375	0.1790	-0.4909	0.5146	3.1713	0.4600	0.9020	0.0736	0.0110	-0.1478	-0.2988	1.0678	-1.5253	1.2506	-0.3674	-0.4120	1.2849	1.8326	-0.5978	-0.5513	1.2915	1.3057	0.6050	0.2628	-0.6093	-2.0302	1.1193	-1.7337	-0.0886	0.5292	1.7037	4.2832	0.5754	-2.3774	-0.9235	0.2954	-1.7185	-1.4129	0.8380	1.3094	1.4725	-0.7935	0.2518	-1.3569	-0.1583	-0.9820
0.6770	-1.5609	-0.7533	-1.1456	-0.7796	2.2785	2.0792	-1.2628	-0.8942	-1.2999	-2.8012	0.4249	0.0095	-1.3850	0.7682	-1.0258	-1.2413	0.6302	-0.8631	-1.5555	0.0800	-0.3577	1.1874	0.2592	-0.2992	-0.5257	-0.7724	0.4038	1.0161	0.1787	-0.9643	-0.1888	-0.7794	0.3922	-0.1014	-1.4164	1.5267	-0.3835	1.0934	0.2753	0.0312	0.3831	-0.8639	0.3749	0.8630	-0.3616	-0.4341	-1.2928	1.4531	-0.3627
0.5060	0.5949	0.2871	-1.3507	0.1875	-1.3073	0.0096	0.9788	-1.7812	0.2430	0.0067	-0.1138	-1.1744	-1.2672	0.7743	-0.0755	0.1521	-0.9878	-0.7905	1.1994	1.0582	0.3067	0.9728	-0.4873	0.2579	1.6506	0.1703	0.4970	-0.0101	1.4330	-0.3773	0.2700	1.1468	-0.5424	-0.2590	-0.3568	-0.4043	-2.1327	0.9390	-0.2779	-1.4229	-0.6078	-1.2939	0.2922	-0.1023	1.8930	-0.4839	0.0986	0.2744	0.4923
-0.9877	0.1581	0.7637	0.3102	1.4058	1.2872	1.3248	-0.1989	0.2247	-1.9559	-0.4136	1.2355	-0.4124	-0.4130	0.6124	-2.3174	0.4119	-0.3470	0.2685	-0.4579	1.4427	-0.1372	-2.5615	-0.4609	-1.1009	-1.1774	0.8633	-0.9232	0.3259	-0.6735	0.3573	0.3787	0.9814	1.5379	0.0101	-1.6746	-1.3203	0.3133	0.7036	0.9392	-0.4814	-0.3332	0.7209	-0.9966	0.0930	0.8194	-1.5041	0.5047	0.0170	-0.8776
-0.4695	1.3037	-0.0749	0.4654	0.0841	-1.6429	0.5609	1.5500	-0.2308	-0.6128	0.3082	1.3709	-0.5790	0.1269	-0.7101	-0.4283	0.3417	-1.6528	-2.8105	-0.3944	0.5368	1.6477	-0.8601	0.7813	-0.9045	-0.8128	-1.2633	0.5625	-0.7541	-2.0610	0.8539	-0.1866	1.2822	-0.0069	0.1202	-0.8068	0.2411	0.4891	1.2597	0.6603	-0.4897	-0.2546	-0.4105	-0.0681	1.1236	-1.1022	0.0562	0.3216	-1.2085	-1.8632
1.3231	-0.1911	0.9649	-0.6493	1.3589	1.2035	0.0280	-1.8212	1.4528	1.1195	-1.1334	-0.8006	1.5396	-0.3379	0.9450	0.8398	1.9960	-0.8966	0.8902	-0.9938	-0.7556	2.3585	0.4744	-0.7071	-1.4161	1.3697	-0.8187	0.0686	-0.5206	-0.1931	0.8759	0.5715	0.1787	-0.7362	0.7590	-1.3008	0.6760	0.0872	0.6841	0.2462	1.0249	-0.2434	0.9991	-0.6365	0.9206	-0.9177	-0.8630	0.0471	-0.3487	0.7201
-0.1571	-0.7129	0.3540	1.5482	0.3032	-0.1369	-0.2777	0.7684	0.3597	-1.7136	-1.2185	0.9462	-0.3600	0.8751	-1.4037	1.3405	1.1419	0.6709	1.2151	0.6287	0.2735	1.2291	0.1983	0.8091	1.4013	-0.2059	-0.4831	0.4611	-0.0640	0.3743	-1.6827	0.5879	1.0974	-0.1180	-0.2537	0.0740	-1.7478	-0.8290	1.3311	1.1260	0.8607	-0.7611	-0.0442	-0.3519	-0.8281	-0.1001	-0.6273	-0.4423	0.1782	1.2499
-1.7194	1.8188	-0.0578	0.7927	-0.5641	1.2111	0.5597	0.3836	0.7180	0.3607	2.9954	-0.2079	2.0325	0.5724	-1.3384	-0.7513	0.4996	-0.5934	-0.0544	-0.2013	1.4787	1.5818	-1.0959	0.1800	-1.4936	0.5080	-0.0869	-0.4562	0.1805	1.3708	-0.0774	0.2500	-1.4428	0.4379	-0.2865	0.5881	-0.4659	1.0213	0.0991	1.2026	-1.1540	0.4543	0.8183	0.0082	-0.4765	1.4514	-0.1937	-0.0106	-1.9817	0.5116
-1.6708	0.2448	1.0335	-0.9802	1.3083	-0.7046	-0.3877	-0.5407	-0.2836	-0.2962	0.0024	2.2046	0.3673	-1.5857	1.0844	0.3405	-0.7176	-1.4770	-0.1398	-0.2163	1.0485	-0.1347	0.5495	-0.1413	-1.0192	-1.2741	-1.5478	2.0540	0.0310	-0.9042	-0.2781	-1.3195	0.6193	1.3652	-0.1143	-1.7566	0.0651	0.8190	-0.5100	0.6018	-0.9346	-1.5099	0.7749	-0.0258	0.1339	0.3760	-0.1587	0.5800	-0.9343	-0.4709
0.1592	2.6254	-0.0570	1.7001	-0.5538	-0.1164	-0.2427	-0.1835	-1.7384	-0.0760	-1.1549	1.2686	0.5127	0.6198	-0.6372	2.0851	1.6164	0.5075	0.9663	0.0109	-0.9060	-0.3241	1.3937	-1.2747	0.1870	0.3587	0.0332	-0.6414	0.5832	0.3676	0.2652	1.2626	0.3144	-1.0660	0.5360	-0.2709	0.4423	0.9652	-0.1331	-1.2333	0.2630	0.6592	0.2960	0.2598	-0.3542	-1.6784	-0.2855	-1.3798	1.1650	-0.5982
-0.8576	1.1542	0.3945	-0.1971	0.2099	-1.4285	-0.4960	1.8068	-0.0093	0.4033	-0.6876	-0.1114	-2.6673	-0.6281	-2.9245	-0.0332	1.6173	1.3876	1.7800	-1.6483	1.9364	-0.3762	1.7036	1.1554	0.3849	0.6862	-0.9775	0.5989	0.4933	-1.3387	-0.9547	-0.6509	-2.9978	-0.2196	0.3160	-0.9798	-0.0687	0.1472	-1.1989	-0.7840	-0.7487	1.7084	0.2109	-1.4209	1.0100	-0.3110	0.1654	-0.6027	-1.1469	-0.8434
0.4241	-0.7692	-0.9799	-0.2587	0.4273	0.3465	-0.8722	0.4009	0.5715	1.7705	-0.5202	-1.0993	-0.1762	-0.9521	-0.8747	1.2795	0.3919	-0.1513	1.1950	-1.4562	-0.9860	0.9523	-1.4406	0.2257	0.1812	0.7367	1.7034	-1.1319	0.3071	1.0434	-1.0419	0.1934	0.3523	-1.3911	0.3027	0.9373	-1.0038	0.4011	0.4247	-0.4995	0.4380	-0.2501	-0.0981	0.8989	-0.7642	0.3596	0.9120	-0.3924	0.0054	-1.6093
-1.2902	1.3887	0.2776	0.5889	1.4578	-2.6361	-0.3531	0.0017	-0.4794	0.1843	-1.7545	-0.3709	0.2670	0.3883	-1.9987	-1.9068	-0.4855	-0.5825	1.0451	-0.7527	0.7462	-0.1047	0.3203	-0.4307	0.6483	1.0075	-1.2271	0.1410	-1.0489	0.0806	-0.3343	0.2894	-1.2276	0.3503	0.2243	-0.0525	1.9522	0.8030	-1.9477	-1.0344	-1.3870	0.6703	-0.8515	-0.1756	0.9169	-2.1019	-0.7463	-0.7326	-0.4322	0.9049
-0.3755	1.7617	0.0798	-0.2381	-1.7409	-0.3292	-0.0551	-0.1932	1.6132	0.2002	-0.3152	-1.5302	0.3742	0.7375	-0.3394	-0.4608	0.9186	0.8560	0.8243	0.1175	1.0900	-0.7000	-0.1501	-0.9943	0.9393	-2.1437	1.2091	0.5022	0.2672	-1.4227	-0.5402	0.7745	-0.8752	0.6496	-0.0426	-0.4801	-0.2848	2.7476	-2.3322	-0.1456	1.1663	1.6539	0.4734	-1.3196	1.8779	1.6429	0.5028	0.9067	0.2888	0.8553
-1.7059	0.9627	-0.0412	0.3382	-0.1061	0.5270	-0.2867	-0.2789	0.0961	1.8586	-0.8109	0.8528	-0.0990	0.3382	-1.3348	-1.1795	-1.1760	-0.9346	3.2677	0.6997	1.2215	-0.0283	1.4301	0.2819	-3.2092	-0.2007	0.5344	-0.5885	1.6047	0.0266	-0.3806	0.5134	-0.7621	-1.5123	0.7420	-0.6512	1.4444	0.3244	0.8195	-1.1900	-1.1571	0.5173	-1.7213	0.1717	1.6986	-0.6386	-0.8916	-1.0230	-0.7435	-1.2059
0.0847	-0.3369	2.0535	0.5935	0.3603	2.4045	-0.3433	0.2154	-0.0948	-0.9502	0.2333	0.5459	0.1065	0.5245	1.9991	-0.5161	0.7928	0.8455	-1.1861	0.0367	1.2963	0.0308	-0.6233	-0.4284	0.2630	-0.0066	1.6965	1.1535	0.2747	-0.5061	1.4157	0.0627	-0.1457	-0.3612	-0.3587	0.6146	-2.0257	1.1081	-0.0058	-0.0945	-0.6443	0.6738	1.1447	1.4871	0.7775	2.2692	-1.1785	0.4604	2.9664	-1.1696
0.7466	-0.0705	-0.1733	-0.7283	-0.1217	1.0492	-2.5030	0.1678	-0.4497	-1.8161	1.5544	1.0886	0.6486	-0.5532	-0.8261	1.1474	0.4068	0.0205	-0.3714	-0.0408	1.2849	0.8980	1.2547	-1.0384	1.3879	1.2948	1.1458	-0.9779	-1.0775	-0.8953	0.3178	-1.8582	0.6782	-1.3640	0.4270	0.4434	0.2503	-1.5472	-0.8111	-0.9520	-0.7146	0.9064	0.6304	-1.7494	-1.4371	0.2738	-0.0830	-0.6129	0.2060	-0.2056
-1.1343	0.0327	-0.4839	-0.7743	1.1395	-0.1869	-0.6174	0.4979	1.9781	-0.3859	-0.1064	1.5384	-2.1880	0.9708	-0.2586	0.2099	0.5014	0.9262	0.0631	0.0797	1.4181	-0.7302	1.2699	1.5594	-0.2667	-0.0866	0.4949	0.4274	0.0055	0.3335	-1.4196	-1.4216	0.7840	1.5462	0.4841	-0.9455	-0.3858	1.3620	-0.9112	-2.5039	-0.9408	0.0972	0.9391	0.9183	0.5224	-0.5548	-0.5700	-0.2101	0.2825	0.2817
0.7869	-0.0683	-0.6859	-1.4833	0.4717	0.2288	0.4433	-0.4880	-0.2247	-0.3040	-0.5128	0.3292	-0.5377	-0.7759	2.3236	0.8212	-1.4562	-1.4383	1.1471	0.7015	-0.3717	0.0211	0.2554	-1.4380	0.6823	-0.4555	1.2900	-0.2783	-0.8434	-0.6732	0.0930	0.5982	-1.2383	2.2701	0.6151	-0.0714	1.0123	-0.1573	1.1089	0.4545	2.0628	-0.0023	-0.0028	-0.5644	-1.4381	1.2776	-1.2220	0.1726	-0.6361	-2.3100
0.3906	1.4718	0.3672	-1.6229	1.6084	0.8317	-0.7996	-0.5939	0.3087	0.8377	0.6493	-0.3989	-0.7855	0.6239	-0.0208	-1.2296	-0.0346	-0.6226	-1.6938	-0.7074	1.3238	-1.8126	2.1490	-0.6512	-0.9493	0.9819	0.2315	-0.1848	0.8374	-0.7441	0.0818	1.0959	1.5643	0.2312	-1.0668	-0.5923	0.4231	-0.0287	-0.1447	-0.5934	-0.2934	0.7797	-0.9508	-0.7906	0.0489	-1.0960	-1.3907	2.3528	-2.1884	-0.4770
-0.0106	-0.4879	-0.8979	-0.6231	1.5780	-1.9908	0.8635	0.4821	-1.1934	1.1238	0.5626	-0.7688	-0.3551	0.7922	-0.6863	-0.4909	-1.5630	-2.0353	-0.1123	0.0909	0.3327	0.1194	0.4466	0.4326	0.7093	0.0140	0.3651	0.2579	0.8191	0.8721	0.2480	0.1470	0.2293	-0.2124	-0.6298	1.0670	-0.8984	0.1204	1.4481	-0.7398	-0.6832	-0.1096	-0.7007	0.9991	1.5473	-0.2816	-1.1232	0.9216	-0.1455	0.9549
0.8168	-0.3524	1.1245	-0.1726	-1.6392	-2.1873	2.0991	0.7372	-0.3197	-1.3303	-0.8254	0.8083	0.3736	0.8161	-0.8150	-0.3332	-0.1848	-0.4654	1.0579	-1.2819	-0.0515	-0.5424	-0.1171	-0.0353	-0.4132	-0.3089	-0.4684	-1.0055	-0.8394	-1.6110	0.3748	-0.3109	-1.9374	0.3567	-0.7786	-0.3062	0.2866	1.4052	-0.4242	-0.0374	0.5809	-0.8887	-0.2649	-0.2185	-1.1504	-0.7755	0.3992	-0.0616	-0.2039	-1.1796
1.2740	-1.2247	1.7442	1.8005	0.7769	-1.3395	2.2627	1.0663	-0.2830	-1.3491	0.6475	0.0988	1.1854	-0.4562	-1.4142	0.1290	-1.5864	-0.2987	1.1441	0.5707	-0.8328	0.0102	-1.5620	0.8758	0.8203	1.3580	0.5463	0.1359	-0.3931	0.9615	1.0863	-0.1226	1.3445	0.8964	0.0516	-0.7330	1.4990	-0.5543	-0.5019	0.4976	1.7202	-0.0916	0.2252	1.2032	-1.0780	-0.3182	-0.6349	3.1932	-1.0691	-0.8829
0.5013	0.7534	-0.1542	0.2548	2.4127	0.3536	-0.1775	-1.2194	-0.3547	0.5845	-1.1384	-1.8855	-0.8584	-0.6135	0.1138	-0.0919	0.1246	1.8710	0.5893	-1.2535	1.4003	-3.2915	-2.0213	0.1764	-0.2359	-0.6208	1.1895	1.4591	-0.9562	-2.8045	0.5755	1.7258	-0.9227	0.5704	-0.7632	-0.8644	0.0756	-1.0754	-0.3775	0.3483	-0.8039	0.7757	-0.9690	-2.2549	-0.0648	0.6909	-0.6717	-2.1926	-0.4278	-1.2275
-0.1098	-0.8448	0.7938	0.8734	2.6393	0.5672	-1.0538	0.3278	-0.0055	0.0585	-1.3025	-1.0558	-1.2634	-0.1562	0.5994	-0.9197	-0.1492	-0.4841	-0.2492	0.1475	2.2110	0.1145	1.3972	0.5894	-0.6415	-0.1977	-0.1041	-0.8950	0.8842	-0.6948	-0.6256	1.0652	1.3690	3.0442	0.0186	-0.8533	-0.2956	1.2119	0.1617	0.1588	0.5167	1.4665	0.8699	1.2598	-0.8502	0.4380	-0.5280	-1.6596	1.0364	-0.8971
0.6477	0.8632	0.5067	-0.0321	1.7529	0.0846	0.3668	-0.5024	1.0858	1.2938	-0.9391	-0.9741	0.1142	-1.3446	1.7861	-0.2703	-0.6967	0.1748	-0.1189	1.7774	-0.6493	-1.1711	0.8634	1.4341	-0.2961	0.2474	-0.3776	-0.2855	0.2829	-1.6522	0.8453	0.4012	1.4363	0.5772	-1.6557	-0.4293	-0.9984	1.5390	2.4789	1.9416	1.4589	-0.3321	0.0728	-2.3641	-2.1245	0.6223	-0.9402	0.3842	0.0207	0.4636
3.0589	0.1921	-1.1093	0.7588	-1.8664	-0.2650	0.9549	-0.8745	-0.8206	-0.2849	0.3877	-0.0989	-0.7552	-2.4316	-0.5821	-1.3297	1.4178	-0.1151	0.4867	-1.0102	0.4296	-0.8182	-0.1884	-0.3611	0.7294	2.5248	-0.5721	-0.4670	1.0190	-0.6663	-1.1236	1.6799	-0.9163	1.1574	0.0417	-0.5375	0.4996	-0.6361	1.0482	-0.1088	-1.2900	-0.3292	1.0119	-0.8835	0.9886	-0.0189	0.0661	-0.4211	-0.6139	0.8924
-1.3436	-0.0263	-0.8981	1.3076	-0.4945	-0.4776	0.8224	1.7399	-0.2192	-0.4359	0.2515	1.0075	-0.9626	-1.8001	-0.3983	-0.1224	1.9329	-0.1002	-1.3594	1.6831	-2.0027	-0.8157	-0.4738	-0.5849	-1.1478	0.6598	-0.6672	0.8765	0.9033	1.0582	-1.3080	1.1924	-0.0983	0.3575	-0.5434	-0.9466	-0.7817	0.8579	1.3610	0.4370	-0.0596	1.8303	0.4987	0.1373	0.0330	0.0196	1.5049	2.4736	0.6191	0.3704
-1.3267	0.7172	-1.2703	-0.2030	0.4606	-0.0916	-0.3596	-1.1649	-0.6397	1.6480	-1.3643	-0.3443	0.7126	-0.2216	-0.2987	-0.9937	-1.3874	-0.0706	1.4350	0.8914	1.1960	0.1097	-1.3810	0.9018	-1.2315	-1.1797	-1.2000	0.2583	1.3654	0.3328	-1.6922	-0.7511	0.4502	-0.3262	1.4911	-1.1108	0.2103	2.0597	0.7735	0.1741	1.1337	0.3219	0.7777	-2.2193	-0.5250	1.5210	-1.1997	1.6212	-0.0779	0.4859
-0.6287	0.9487	-0.9735	-0.0443	0.2884	0.8079	0.2000	-0.2289	-1.5703	-0.3673	0.0207	2.3921	0.9790	-0.0351	0.4404	-0.7461	-0.1306	1.4699	0.8181	0.9851	1.0649	-1.8712	0.2727	-0.7774	1.2429	1.4835	-0.1676	-0.6936	-1.0684	0.0669	-0.7661	-0.5668	0.4934	1.0510	1.6270	-1.5985	-0.6745	-0.9315	0.7990	-0.8029	0.4970	0.0857	-0.6474	0.5265	1.2450	-0.4420	1.4258	-0.2807	0.8567	0.6237
-0.7833	-1.5791	-1.0674	-0.2355	-1.6640	0.9726	-1.3566	0.2874	0.9196	1.0295	0.2417	-1.1129	0.4588	1.4612	-1.4302	-1.1185	0.7065	1.0074	0.4921	-0.3992	-0.5730	0.0986	0.0787	-1.6613	0.0560	-0.1469	-1.0723	-0.7287	-0.3443	1.7171	0.3849	1.3553	0.1799	0.4510	1.1576	-0.4893	0.0158	-0.8718	-0.4721	-0.7657	0.0578	-1.5303	-3.0968	-0.3435	-1.3577	-0.6035	2.1353	0.7551	-0.5740	-0.1403
1.2137	1.0204	0.1917	-1.9216	-0.6769	0.4906	-1.7541	0.6640	0.4067	0.4781	-0.8563	0.1502	-1.5568	-1.4480	1.0824	0.3119	-0.0241	0.4979	-0.5855	-0.4999	-0.5177	-0.0581	1.6524	0.1984	1.2310	-1.7768	-0.1651	1.1412	-0.0548	1.7601	-0.8602	0.5013	0.3758	0.3100	-0.2514	0.5715	0.6054	-1.5758	0.4855	0.5063	1.4036	-1.9583	0.4839	0.9464	0.1388	0.2411	0.7276	2.3218	1.5766	0.1154
-1.1801	-0.1837	-1.3279	0.3583	0.5805	0.6978	1.5604	-1.7543	-0.8353	-0.2978	0.4955	0.5691	-0.1380	0.6678	0.1789	1.2413	-0.1841	-0.8484	-0.6246	-0.3379	-2.1722	-0.2382	-0.0040	0.9888	-0.8787	0.3112	-1.7240	-0.6638	-0.3353	1.5850	-1.7755	1.1322	-0.9538	-1.3785	-0.0716	1.1441	-1.3823	0.8510	-0.0874	0.0843	-0.1519	-1.4847	-0.4103	-0.2386	0.0267	-0.1039	-1.1935	-0.5762	0.2340	-1.1654
-0.4242	-0.4735	0.4854	0.0771	0.4559	1.5859	-0.6399	0.2446	-1.0291	-0.7620	1.4441	3.0523	1.2859	0.9018	1.3979	-1.0656	0.4896	0.5837	-0.4092	0.4977	-0.3961	-0.5944	-1.3016	0.9036	0.2860	-0.0553	-0.5390	-0.6077	-0.7180	2.1169	-0.6605	-0.5896	0.0597	1.0560	0.1731	1.2920	0.8170	0.3811	-1.2563	-1.8543	0.0672	0.3716	-0.7326	-2.3430	-0.0714	-0.3317	-0.3853	-1.3045	2.2805	-0.6518
0.1917	-0.5312	1.9127	-0.4841	0.8295	0.8367	0.8496	0.8502	-0.4464	-0.9738	0.7498	-0.2595	0.2477	-0.6997	-0.7924	-0.3499	-1.4947	0.1788	0.7845	-2.4456	-1.0457	-0.4908	0.5622	-1.0884	-0.7053	0.3004	-0.3582	0.5135	-1.4277	0.1762	-0.0536	-0.3311	2.2691	-0.7470	0.3406	0.0116	1.0320	0.8462	-0.2755	-0.1671	-0.4831	-0.8799	1.1452	0.0891	0.0876	-1.5812	-0.1818	0.3137	-0.5749	0.2191
-0.3522	-0.2291	-0.2615	0.3449	-1.2467	0.1921	0.5834	-0.4634	-0.9364	1.4423	-0.7259	-2.2270	-0.1374	0.8959	0.1333	0.6898	0.9190	-0.0575	0.1273	2.3780	0.9405	1.3750	-0.2358	-0.6255	-0.1560	-1.1368	-0.8130	-1.3490	1.0225	-0.3510	0.6844	0.3693	-0.7026	-0.5937	2.2879	1.0184	0.1073	-0.1117	1.2656	0.5127	-0.2267	-0.8190	0.1068	-0.5868	-1.8476	-0.6140	-0.2566	-1.1664	0.6909	0.3219
-0.9077	-1.6626	1.1601	-1.9610	-0.6242	0.3186	0.2056	1.1441	-0.5602	-0.9149	0.1214	-1.1898	0.9521	-0.6844	0.6638	0.4825	-0.7883	0.8308	-0.3917	-0.5495	-1.1561	-0.2421	0.2190	0.1825	1.3715	0.1372	0.2295	0.0035	-0.5851	-0.9379	0.8546	1.2714	-1.0410	1.6028	0.7841	0.6622	0.7312	1.3542	-0.4309	0.3480	1.3233	0.3721	0.9825	1.2659	-0.9150	0.5278	-0.7254	0.8336	-1.3051	-1.8972
-0.0760	0.3440	0.4896	0.6246	-0.1011	0.3292	0.3108	-0.3304	0.5160	-0.2901	-0.5624	-1.3574	0.0309	1.4001	-1.5855	0.9144	-1.9566	1.1286	0.4248	1.4254	-0.7010	0.0250	-2.3191	0.9581	0.6009	1.9521	0.9788	-1.1895	0.4347	0.0100	0.3209	-0.7043	-0.7949	0.6943	-0.1178	-0.1598	1.3925	0.2404	-0.1171	0.0170	-0.8750	-0.6661	-0.6519	-0.4267	-1.5594	1.0893	1.4924	0.1555	-0.5274	0.5532
-1.9355	0.9603	-0.4175	-2.1785	0.3264	1.4461	-0.4525	0.6004	-0.3082	0.7623	0.8842	-0.2779	0.6852	1.1559	-0.4560	-0.1754	-2.1008	1.2406	-2.1923	1.2830	-0.3157	-0.6513	-1.3211	-0.8151	0.4018	-0.8090	0.3850	-1.6550	-0.0338	-0.1747	1.2752	0.3145	2.4481	0.7514	2.1531	-1.7057	-0.3522	-0.2138	-0.7160	-0.8248	-0.5005	-1.6446	-1.0283	-0.5677	-0.9647	1.2073	2.1587	3.1633	-0.3791	0.7702
-0.1243	-0.4318	0.4139	-0.3912	0.1812	1.2042	-0.2200	-2.0114	0.7231	2.1592	0.7681	-1.7651	-2.7626	0.6872	0.9892	0.1039	-0.1234	-1.1320	-2.1908	1.0285	-0.1849	-0.4359	0.2846	0.8339	1.3030	-0.6660	-1.1418	0.6616	-0.1512	0.1099	0.5449	0.6845	-0.2677	-0.1697	0.3679	2.1638	0.8308	0.8953	-1.9123	-2.0325	-0.5374	-1.0334	1.2077	-1.1752	0.8660	-0.1677	1.1102	0.6360	-1.9172	0.2465
0.2311	0.8073	-0.1180	-0.4894	0.6220	1.1154	0.1726	0.2914	1.0289	1.1218	0.3541	1.9609	0.7594	-1.0767	-1.8270	0.3566	0.2357	-1.0052	0.0416	0.2600	-0.0611	-0.1274	-1.4616	1.1351	0.2540	-0.4340	-0.5705	0.2613	0.5763	0.4528	1.6120	-0.5455	-0.1676	-0.9302	-0.7162	0.1569	-0.7202	1.6063	0.0086	0.6150	-1.3391	1.1912	-1.6611	-0.4692	0.1992	-0.3227	-0.2995	-0.1216	0.8281	-0.1213
1.0378	1.0068	-0.4322	-0.5361	-0.0509	1.9670	-0.2033	-0.7505	-1.8238	1.5702	0.8638	0.4688	-0.0538	1.6287	0.0699	1.4635	1.4166	1.3915	0.3479	-1.5016	-0.8311	-0.0224	0.5309	1.1598	-0.1751	2.0453	-0.3675	-0.4575	0.2318	0.6208	0.1531	1.0710	-1.2852	-0.7951	-0.2264	0.0021	-0.9700	1.3880	-0.4625	-1.0864	0.5740	-1.2189	-0.1291	-0.1031	-0.4752	-0.2881	1.0864	-0.3879	-0.2949	-0.0447
1.1939	-0.7926	0.0641	0.4693	-0.9789	-0.3254	2.3999	-1.4685	-0.5339	0.1775	-0.2106	-0.4677	-0.0364	0.6284	-1.4019	0.9417	-1.9473	-0.0493	-1.4978	0.1895	-0.0696	-0.2394	0.4738	1.7148	0.2292	-0.1425	-0.6241	0.9513	0.7374	2.0068	-0.5109	-2.0237	1.7352	-0.0554	0.6584	-0.8846	0.5346	-1.7529	-2.0480	0.2739	-0.5712	0.7106	-0.0876	-1.9562	0.2445	0.0545	-0.0016	-1.0826	-0.4755	-0.4515
-0.7631	-0.9605	0.7472	1.5136	0.9989	1.7708	-0.6410	0.6343	0.6623	1.3613	-0.6496	-0.1139	0.5744	-1.0707	-0.8519	2.2459	-0.5823	-2.8324	1.1647	0.7932	0.3348	-0.4292	-1.3312	0.0624	0.3802	0.1618	-1.3178	0.3910	-0.1184	1.5481	0.5322	1.8451	-0.8608	-0.4955	-0.3535	1.4141	-0.0699	0.1822	-0.5398	-0.1846	1.7929	1.3023	-0.3906	1.0916	0.7702	-0.9520	-0.3767	-1.7137	0.9563	1.0286
0.2053	-0.7276	-0.6147	-0.3974	-1.0986	0.5359	-1.2505	-0.3463	-0.2726	-0.0235	-1.6850	-0.7195	0.2369	-0.3334	-0.9666	2.1808	-1.1267	-0.3140	-0.2267	-1.3106	0.2775	-1.3840	1.2017	-0.5208	0.1133	-1.1301	-0.5089	-0.3450	-0.3195	-0.0343	1.3410	-0.5951	0.0501	-1.2869	-0.1832	-1.1084	-0.0606	-1.9802	-0.6672	-1.0785	2.2080	0.4102	-0.3689	0.4000	0.3174	0.8543	-0.8706	-0.4817	-0.5039	-1.4365
0.0346	0.8659	-1.0541	1.0507	-0.3871	0.1958	-0.9779	0.7844	-0.4487	0.8337	-0.3577	0.4277	0.0021	0.2385	-0.8653	0.2223	2.0530	-0.3439	-0.5808	0.3727	-0.8100	1.4570	-0.6789	-0.2939	1.9464	-0.6733	-0.0810	-1.3356	-0.2649	2.4891	-0.3163	-0.2888	0.7580	-0.0316	-1.1128	-0.1204	1.0994	1.4965	1.5126	0.3751	-0.1378	-1.0746	-0.4526	-1.8526	1.4875	0.5349	-1.0551	0.3700	-1.1424	-2.1700
-1.0513	-0.7707	-1.4691	-1.0706	0.0691	-0.4688	-1.9009	0.2256	0.1481	-2.0425	-1.3113	-0.9890	0.1947	-0.7479	0.4178	-0.2131	-0.6043	-1.9935	0.3584	0.9554	-1.5765	-0.0176	1.9834	-1.2556	-0.4744	-0.4642	0.0172	-2.0055	-1.2954	1.5675	-1.0878	0.1531	0.5398	-0.3003	-2.3610	0.4775	0.0694	0.2985	0.7517	0.2812	-0.9074	0.2945	-1.6442	-2.9825	-0.6719	1.3641	-0.5616	-0.0470	1.1383	0.1316
-0.0758	0.3005	-0.1104	-0.2846	-1.3288	-0.5251	-0.3461	0.2484	-0.1071	-0.7205	-2.2644	0.7001	1.2769	0.3766	-0.0864	-0.3402	-1.0701	0.4536	-2.6090	0.7686	-0.2649	-0.8884	0.3831	-0.1531	0.1777	-0.0595	0.2797	-1.4482	0.8715	0.8443	-0.3905	-0.1540	0.4834	0.6696	-0.0770	-0.1473	1.5646	1.6457	-0.4304	-1.7946	-0.8876	-0.2915	0.6322	-1.8825	-0.9954	-0.0619	0.1057	0.7960	2.4430	-0.1503
0.4622	-0.7463	-1.0121	-1.0727	0.0834	0.3791	-0.2413	0.3939	-0.5025	-1.3705	0.9544	-0.0483	0.2417	0.1652	0.1983	-0.9327	-0.3471	0.3566	-0.9190	-0.7682	-0.8114	-1.6419	1.0040	0.4190	0.3527	-0.0807	0.1529	-0.0157	0.6070	-0.6378	0.3104	0.4144	-0.8266	-0.1329	-1.0503	1.3541	0.0076	-1.1263	0.4660	-0.2058	0.5009	-1.2002	-0.0873	0.0289	-0.7980	-0.8549	0.8031	0.9220	-0.3439	0.4036
-1.5252	0.3242	1.9046	2.5835	1.0944	-1.5602	1.2628	-0.5533	-0.6471	-0.9009	-0.1493	2.0035	0.4409	0.6698	-0.9459	-0.6124	0.5187	0.8045	-1.1144	0.3884	-1.1036	-0.0291	-0.8802	-1.2247	0.9595	-2.1014	0.4346	-0.7593	-1.3260	-0.6569	1.0689	-0.4723	0.7524	0.9464	0.6396	0.3651	0.1977	-0.1212	-0.9824	-0.6485	0.7621	1.0033	-0.1438	-0.3122	0.9800	0.8839	-0.2602	-0.8552	0.5144	-1.0567
0.6234	1.2091	1.5066	0.8365	-1.4667	0.1323	-0.4954	0.7015	-0.1673	-1.2103	-0.5511	-0.2104	-0.1848	1.0029	0.6426	0.9641	-1.4162	-0.9229	0.5282	1.4959	-1.6652	-1.1603	-0.7677	0.0879	1.8307	0.0084	-0.3415	1.2828	1.9593	-0.9871	0.1339	-1.1534	0.9091	-1.6412	-0.5285	0.1440	0.3955	-0.8819	-0.2092	0.0365	-0.1548	-1.9984	0.4489	-0.6821	-0.3493	0.5916	1.9084	0.1726	0.2670	1.3438
1.8182	-2.0580	-0.3749	-1.7386	-1.0419	0.9052	-0.8572	-0.3170	-2.4842	-0.4900	1.8641	-0.7785	0.7847	1.6815	-0.0788	-1.6707	1.7332	0.5835	-0.8649	-0.3982	0.9898	0.4742	-0.3857	1.5510	-0.6587	0.6843	-0.4773	1.7775	-0.1690	-0.9102	1.6737	-1.4266	0.5786	-0.7969	0.3622	0.1039	-0.4805	-1.5327	-1.6225	1.2728	-0.0362	-1.8740	0.1116	-1.0740	-0.8412	0.2768	0.6758	-0.9251	-0.9170	0.4834
0.1018	-1.3011	0.8557	0.2931	1.2172	-1.5430	-0.3079	-0.0603	0.8147	0.3521	0.5231	0.1200	0.0035	-0.3499	0.4430	1.0038	-1.1816	1.0137	-0.0659	0.7848	0.0755	0.8527	-0.1256	2.1246	1.6577	0.2701	-2.0226	-2.3462	1.3976	-0.8205	-1.1978	-0.1102	0.3515	0.4936	-0.4705	1.2459	-0.0657	0.3617	1.3772	0.0288	-0.3100	-0.3014	0.5667	1.1004	-0.4520	0.4321	-0.0577	-0.0295	-0.0809	-1.8862
-0.6079	0.8764	-0.1721	0.3952	-1.1394	-0.4493	0.0325	-0.1671	-1.2544	-0.6014	-0.2447	1.1174	1.2209	0.3156	0.9625	-0.1913	0.4810	1.3383	-0.9726	0.2137	-1.3634	-1.3409	0.6473	-1.4221	-1.3090	-0.4599	-0.7672	-0.2061	0.6305	0.3699	1.3668	-0.3099	-0.7903	0.7034	1.1140	-1.7473	1.7721	0.3359	-0.1620	1.0991	-0.4292	2.2386	1.9455	0.4120	0.6417	0.1057	-1.1650	0.7721	0.0740	-0.0225
0.4617	0.8866	-0.8700	-0.6972	-2.1695	1.3575	0.0969	-1.4714	-1.2277	0.3809	0.0646	-1.5446	0.3197	0.4698	0.4464	-1.3591	1.0837	1.1033	-0.4019	-0.5454	2.0855	-0.2909	0.4537	-0.3191	0.1427	0.3980	-0.6765	-0.7014	0.0746	-0.4945	-0.6924	0.9663	-1.3679	0.2928	1.2655	-0.8622	1.8876	1.2452	-1.5539	0.1841	0.8414	-0.1419	-0.2318	1.0660	0.6597	1.9874	-0.3982	0.1222	-0.1328	0.2669
-0.4515	-0.8092	0.0713	-0.0433	-0.6570	1.2475	-1.1735	-1.9201	-1.4007	-1.5493	-1.1832	0.4041	-0.4243	0.2890	1.4317	-0.0123	-1.3433	-0.6784	-0.1580	0.9006	0.9305	0.2894	0.2824	1.6031	-0.4577	-0.7356	0.5595	0.9251	0.2255	-1.3594	-0.2618	0.9487	-0.5334	2.1526	-1.1520	0.4578	0.4105	-1.5488	-2.0847	0.4445	-0.4332	-0.6547	-0.4615	0.9765	-0.2617	0.5494	0.2832	-1.1044	-0.6487	-1.2322
0.4076	0.0921	0.4436	-1.7023	0.8402	-0.5144	0.4827	0.9270	0.3081	1.0047	0.5565	0.2242	1.1262	0.6950	0.3717	1.2604	0.4858	2.1310	-1.3882	-1.5100	-0.5904	0.6292	0.5424	2.2813	-0.2391	-0.1145	1.9756	0.9827	0.9304	1.5526	-0.0001	-2.5840	1.3892	-0.2824	-1.1656	-0.7517	1.8558	2.4411	0.8613	-0.3932	0.1014	0.9312	0.2737	0.5194	0.3496	1.1390	-0.7676	-0.0524	1.5216	-1.5199
1.4373	0.3079	-0.6361	-1.0321	-0.5573	0.5686	-0.5205	1.2162	-0.5538	-0.4966	-0.2090	0.8443	1.4193	0.1937	-0.2810	-0.1614	2.8402	0.1731	1.5977	-0.9788	0.0949	1.2642	-0.2280	-2.2820	1.2928	0.1119	0.3529	-0.2183	-1.2119	-0.2279	0.2815	0.6981	0.0633	-0.5738	1.6341	0.8071	0.5889	-0.5669	0.3060	2.4487	-0.0566	1.0017	0.2804	0.3566	0.3505	-1.4319	0.7144	-0.8285	0.6220	-1.1086
-0.0280	-0.5751	1.3142	-0.4291	-0.5150	0.2207	-0.0001	2.3527	-0.0121	1.2249	-0.2933	0.0257	0.9822	0.1386	0.3339	-0.3351	-0.3181	0.0412	1.0655	0.9953	0.1285	0.2747	0.0639	0.5531	-0.3404	-1.2009	-1.8540	0.6627	-1.0228	0.5506	0.0465	-1.5128	-0.7618	0.4169	0.8394	-1.0861	2.2034	-1.4497	-0.8616	0.1621	-2.0693	-2.1559	-1.8846	0.5331	1.8496	1.5860	1.4062	1.2692	-0.7982	-2.0194
-0.7848	-0.0618	-0.7323	1.5488	-1.2520	0.8115	0.9931	1.1671	-0.1806	1.0994	1.7929	0.8569	0.2051	0.5391	1.6449	-0.0594	0.2014	0.6109	0.6786	0.3557	0.5538	0.5848	1.4749	0.4049	0.2920	1.1279	-0.6337	1.0282	-1.2283	1.5316	-0.5298	0.3065	2.4215	0.7933	0.0592	0.6122	-0.7361	-0.5076	-0.1551	0.9839	0.1206	0.0242	0.4175	-0.1097	1.3323	-0.6852	0.4578	0.2234	-0.6096	1.4920
-1.3459	1.9503	0.4549	-0.9765	-1.1969	1.8848	0.4866	2.9433	0.3983	-1.1079	-1.0575	-1.3822	0.8030	-0.9060	-1.0570	-1.3462	0.6809	-1.1777	-0.6140	0.6430	-0.5286	-1.7041	1.2862	-0.6575	-0.6589	1.5716	-1.7245	1.1950	-0.7749	1.1520	-0.9390	-0.3355	0.1356	0.7494	-1.1186	1.4246	-0.4053	-0.7202	-0.2755	0.3295	1.5797	0.8414	1.7363	-1.1441	1.8851	-0.4585	-0.2717	-0.0191	-2.4304	1.2118
-0.3304	1.2870	0.3604	-1.5497	-0.1200	1.3298	-0.6714	-0.8634	2.1921	-0.8913	-0.6630	0.4785	-0.1645	-1.9583	1.7091	0.0126	-1.0195	0.7196	1.0264	-1.9711	-1.2659	0.5600	0.0199	-0.3774	0.1817	1.2677	1.1440	0.3199	-0.6327	-0.6327	-1.0189	-1.8665	0.8319	0.2487	0.5919	-0.8905	-0.9477	-1.3673	1.2377	0.8728	-0.3459	-2.4383	-0.1736	0.0249	1.7725	0.5299	-0.7417	-0.8631	-0.3649	1.3048
0.0033	0.4540	0.8247	-1.7672	-0.3735	-0.1332	-0.2684	1.6171	-0.8759	-2.1349	-0.2471	0.4110	0.6361	0.1004	-1.2118	0.0828	-1.7728	0.5021	-0.8618	-0.6575	-1.3537	1.6276	0.3517	-0.5256	2.2672	-0.7082	0.1625	-1.6578	0.7164	0.6780	0.1772	0.4105	-1.2191	1.9940	-0.2897	0.0203	-0.2735	-1.4673	0.9841	-0.6274	0.6745	-0.8661	0.2883	-0.9906	0.6007	-0.2808	-1.1475	-1.4760	-0.4115	2.1688
-0.2015	-0.6739	-0.8178	-0.3081	0.9295	-2.2221	0.8317	1.0889	0.2690	1.0036	0.2139	-0.6666	-0.5769	-0.5240	-0.4170	-0.0213	0.2675	-0.8009	-0.4239	0.8077	0.8596	-0.0096	1.8698	-0.2436	0.8877	0.7334	0.1966	-1.6813	-0.7003	1.1331	1.2717	0.6479	0.0688	0.5547	-1.4808	1.9707	-1.5716	-0.7205	1.6197	-1.1223	1.2820	-1.1584	-0.0263	0.4831	1.0982	1.5322	0.0739	-0.6464	-0.7977	0.1538
-0.5632	-0.0205	-0.2588	1.2090	0.0970	1.1190	-0.0085	-2.2280	0.3323	-0.2365	-1.1990	-1.3398	-0.7214	1.6315	-1.4269	-0.6172	-0.2296	-0.0432	0.1214	0.0963	-0.0849	-0.5864	1.9825	-1.0223	-0.1372	1.1512	-0.5216	-0.8973	-0.1341	-1.1925	0.5332	0.9974	0.0997	1.0863	-0.5604	-0.5767	-0.2723	-1.2553	0.4900	-2.4938	1.3651	-0.4704	-0.7220	1.2470	0.5282	-1.4781	-1.9063	0.1148	-0.3794	-1.4095
1.8085	0.0636	-1.1540	-1.0572	-0.3978	0.3287	-1.3778	0.3759	-0.3494	-1.3299	0.0466	0.2566	-1.8022	-0.5860	0.3851	-0.2159	0.0403	-1.0243	-0.2992	-0.0176	1.0041	0.5789	0.2650	-0.4977	0.4072	0.5261	0.7468	1.5857	0.7240	0.6874	0.0394	0.6752	-0.9948	0.0899	-0.4675	-0.9723	0.8563	0.5062	-0.6244	-0.3893	-1.5169	0.5883	0.7947	-1.4907	0.4480	-0.2922	-0.8136	-1.2978	-2.3718	0.3005
-0.6692	0.5428	-0.6833	1.2097	0.9239	-1.2557	0.0816	1.1473	0.3044	2.9701	0.8417	0.7953	0.1691	-0.9032	-0.5827	1.5780	-0.0054	-1.4765	0.2067	-0.4904	-0.5494	-0.6806	1.1198	-0.8515	0.3349	1.7224	-1.4576	-0.4495	-0.6371	0.7923	0.6863	-0.1352	0.2399	0.5129	0.1715	0.9618	-0.4814	-0.9219	0.2763	0.7512	-0.3229	0.1511	-0.2544	0.2437	0.6329	2.1962	-0.6761	-0.5090	2.0935	0.1693
-0.3099	-2.0614	1.0888	0.3172	-0.4709	-0.0841	0.8633	-0.4110	0.7238	0.8848	-1.0068	1.8104	-1.2556	1.4295	1.4436	-0.2268	0.1442	2.2796	-0.6353	-0.1042	-1.2876	0.1401	-1.3658	0.5736	2.0578	-1.0369	-0.2309	1.0650	2.8040	-0.1296	0.6912	0.3035	0.3295	-0.7206	0.8838	0.1174	-0.1272	-0.6572	-1.9871	1.9641	-0.0072	-0.4579	0.1422	-0.6934	-0.0498	-0.0802	-0.7652	-2.2884	1.8661	1.2109
1.0046	-0.3852	0.9979	-1.6124	-1.3539	-0.4263	0.7957	-0.4846	0.9038	-1.3512	1.9279	0.2747	1.8006	0.5484	-0.4521	-1.2656	-1.2099	-1.3063	-0.6940	1.1911	-0.4625	-0.7828	0.5155	0.1317	-0.1650	-0.3481	-0.9093	0.0434	-0.2316	1.2042	0.1000	-0.6404	-0.4821	-0.4935	2.3148	-1.9885	-1.3613	-1.1161	0.8892	1.3837	1.6887	0.2519	-0.7634	0.0019	-0.4659	-0.5577	-0.5679	-0.7248	0.7676	-1.7219
1.3536	0.1087	0.1318	1.0063	-0.7028	-1.5787	-2.4684	-0.7538	-1.5029	0.5833	1.7726	1.7584	-0.1728	1.1651	-0.2879	0.1681	-0.9806	-0.6518	0.1859	-0.4827	-0.3962	0.3291	1.9216	-0.6312	-0.6885	-0.2749	1.0276	0.8579	-0.3039	-1.6782	-0.1943	1.7698	1.0325	1.2580	1.8082	0.7666	0.1475	1.1213	0.5979	0.5153	0.2963	-0.6112	0.2168	0.7289	0.5987	0.7155	-0.2893	-0.2923	-1.1418	0.3115
-1.3446	-0.0561	-0.8272	-0.0239	0.1489	-0.8017	1.6820	0.9458	0.1032	0.8918	-0.3167	-0.9573	-0.1032	1.2948	-0.4554	1.6577	-0.4243	0.8345	-1.2438	-0.1245	-0.0249	-0.2830	0.5151	0.3411	-0.5339	1.1293	-0.8743	0.2127	0.8936	-2.3894	0.6232	0.2931	-1.1863	-0.7553	0.0548	-1.5350	0.5521	0.1465	-0.7109	0.7867	0.8704	0.8883	-0.7881	0.2196	-1.3001	0.8125	-0.3021	0.3979	-1.2384	1.7625
0.2651	-0.9821	-1.0318	-1.4524	-0.0873	1.0259	0.4462	-0.4692	-0.7005	0.2960	-1.0756	0.7504	-2.0145	0.4529	-2.1163	-0.7080	0.1257	2.1186	-0.2629	-0.6521	0.5991	2.6334	-0.1435	0.7986	-0.7330	0.6960	0.0703	-1.3119	0.3602	0.8118	-0.3171	0.2649	-0.6502	-0.1347	0.7781	-0.1689	-2.3194	-0.8336	-0.1455	-0.0451	-0.8310	0.5938	-1.1517	0.3348	-0.4433	0.7520	0.4422	-0.4850	0.1951	0.0675
-0.9074	0.6223	-1.5241	0.2502	1.1958	0.4397	-0.4697	0.2712	-0.2068	-1.4984	0.4953	-0.1108	-0.0800	0.8721	0.1792	0.1569	1.4159	1.6399	1.2491	0.4735	-2.0795	0.6337	0.0923	0.5214	-0.0414	-0.1502	0.2256	-0.3837	0.2372	-0.4712	-0.2588	0.0045	1.1070	-0.3883	-2.4272	1.1082	1.0359	0.4875	0.7144	0.2750	0.8596	-0.6477	-0.8606	0.5597	-0.0596	-0.7091	0.1299	0.4716	0.6963	0.3618
-1.7461	-0.6822	-1.1208	0.8292	-1.0703	0.9277	-1.6937	-0.9153	0.7195	0.4719	0.3267	0.8294	-2.0906	0.6685	0.1308	-0.4068	1.2417	-0.5717	-0.0016	0.1096	-0.6098	-1.0428	0.8731	0.8329	0.6874	-0.7974	2.0606	-0.6607	0.7567	0.2802	0.1590	-0.8753	-0.7290	-0.5035	-1.0370	-0.5326	0.8797	-1.5161	0.9195	0.2784	1.2027	0.4978	-0.4560	0.2043	-0.0116	-1.8157	0.2700	0.4288	0.3417	-0.9635
0.7070	-0.1784	0.5885	1.2197	0.4726	-1.1788	-0.2437	0.0120	-0.3248	1.0986	1.1714	-0.6848	-0.8232	-0.4693	1.3437	-1.2230	0.2827	0.1687	0.0676	1.3780	0.1751	0.0135	0.2253	-1.4908	1.1106	-0.6444	0.7158	-2.3315	-0.0283	1.5112	-1.2911	1.7376	2.2930	1.3362	-1.0851	0.0778	-0.9981	0.5663	1.3770	-2.0645	-0.7987	1.8353	0.3558	0.5402	1.2554	2.2251	-0.6649	-0.3989	0.0238	1.5563
0.1298	-0.6753	-0.6516	0.7141	1.5451	0.9214	-0.8753	-1.2696	2.6798	-1.2391	-0.4320	0.2328	-0.1995	0.2605	0.1251	0.7559	-1.0129	1.0484	-0.5783	-0.8717	-2.7997	0.3380	1.1173	-1.1454	-0.2246	-0.9022	0.1422	1.0623	-0.6262	-0.7235	-0.6236	-2.4499	-1.9778	1.0614	1.4913	0.1045	-0.8638	-1.1811	0.6618	-1.0864	0.1633	-0.1881	-0.8323	1.4782	0.4742	0.5818	-0.5916	0.7186	0.1596	-1.5208
-1.0428	1.3357	0.2026	0.3455	-0.5369	0.2961	1.2949	1.2409	-0.4755	-1.1111	0.0718	0.3712	-0.1763	1.4382	0.3763	-0.0745	-1.2952	-0.1463	-0.1475	0.1344	0.4552	0.5534	-1.5247	-1.8714	-0.7942	0.1331	-0.8574	0.1483	-0.6933	-0.3651	-1.3024	1.3043	0.4576	-0.7539	-0.2938	-0.5741	-0.2387	-0.3047	2.0407	0.1093	0.1577	1.2503	2.8435	1.8938	-0.6974	-0.5486	0.0525	0.6909	-0.8567	0.5296
0.1143	0.7013	0.0620	-0.0157	0.5947	0.8912	1.8203	-0.2546	0.9818	0.6041	0.0085	-0.0175	-0.0208	0.4042	-1.1173	0.1106	0.2445	0.8008	-0.3139	0.2089	-1.6792	-1.5292	0.7364	-1.1799	-1.2346	0.6809	0.4797	0.8531	0.1183	-0.9229	-0.0366	1.3609	0.5394	-0.2183	0.5672	0.8959	-0.0375	-0.4293	1.1243	-0.1447	-0.6030	0.6040	0.3610	-0.0301	-0.9119	0.9001	1.1713	-0.5607	0.0166	0.1377
0.2487	-2.5339	-0.4738	0.1844	-2.3480	-0.8296	0.3900	-0.6551	-1.3989	-0.3498	-0.1991	0.4459	-0.1206	-0.3466	0.3924	2.1423	0.8814	-0.1187	0.7308	0.1280	0.5388	-0.4390	0.9331	0.6717	-0.8262	-3.2642	-0.8313	0.2518	-0.2810	0.6766	0.5886	1.3311	-0.9533	0.7325	-0.9371	0.9848	-0.4830	-0.5044	-0.2921	-0.3563	-0.1361	-0.4100	0.6596	-0.7347	-0.2188	-1.0133	1.0904	0.7404	0.3431	0.9795
-0.1723	1.2998	0.4741	1.3476	2.2156	0.8075	1.0491	1.9103	1.0611	-0.2004	-0.9448	-0.3928	-0.3103	-0.4649	-0.1158	1.8978	0.6304	-2.1859	1.8580	-0.1596	0.2965	-0.8872	1.0141	-0.2277	2.6964	0.1658	-1.1069	0.0821	-0.4553	0.8354	-0.9971	-0.9153	-0.3950	0.2340	-0.3025	-0.2212	1.8830	-0.3869	0.2336	-0.8519	-0.0494	-0.5235	-0.4343	-0.7302	-0.8053	0.0896	-1.4813	-0.8780	-0.2826	-0.0066
0.9604	-0.9826	-0.2597	0.6081	1.5736	1.0234	0.1270	-2.2690	-1.4932	0.6362	-1.1487	-1.3647	0.3106	-1.8781	-0.3041	1.4613	0.3302	0.2650	-0.0175	2.1276	-1.6458	0.6702	0.8221	0.3272	1.3965	-0.8339	-1.0829	-1.0539	-1.8316	-0.0076	-0.8482	0.4374	-0.0231	1.0440	-1.6350	-1.3338	-0.5076	0.2574	0.7184	1.5673	-1.8268	-1.4906	0.5695	0.1678	-0.5702	-0.4388	-0.3963	-1.4210	-0.8510	0.0330
0.1219	-0.2865	1.5081	0.5394	0.3823	0.5312	-0.1120	0.5904	-0.5328	1.6860	-0.7085	-0.3794	1.8638	-1.0140	-0.7961	-0.2267	0.5006	-0.9406	-0.3431	-1.8904	-0.5275	-0.8274	-1.0631	0.2954	-1.9022	0.6230	0.2167	-1.1464	-1.3183	0.0662	-0.6818	-0.8752	-0.5643	-0.6079	0.9211	1.1052	-0.7261	-1.1306	-0.8420	-0.7991	-0.7233	0.6151	-0.7355	1.2703	0.4224	1.8332	0.8077	-2.1380	-0.5246	-0.9545
1.1537	-1.0595	-0.0006	-0.0451	1.1104	0.2940	-1.2178	0.1232	0.3186	0.8174	-1.0190	-0.3732	-1.5481	-0.2437	0.8513	2.1986	-0.0367	0.8572	-0.0462	0.1177	1.1467	0.6582	0.1649	0.4413	-2.2307	-0.6308	-1.0298	0.2497	0.2158	0.6458	-0.7114	-1.2756	-1.6428	0.5606	-0.6592	-1.4908	-0.5519	-0.3978	0.3159	-0.9136	0.7491	-0.9017	-0.1889	-2.2156	-0.7902	0.3858	-1.2836	1.1982	-1.1925	1.3153
0.3551	0.2277	-0.0623	-0.0540	0.1523	-1.5742	-0.1149	1.0189	-0.0782	0.9342	-0.5631	0.8363	1.4721	-0.3823	-0.4446	0.7081	-1.6151	1.2348	-0.1724	-1.3142	0.8468	0.8037	0.6916	1.1384	-1.2178	-2.2770	0.1313	0.8987	1.2754	-0.7824	1.9841	-2.0648	0.7000	1.2348	0.3690	0.9470	-1.1439	-0.5605	-1.0940	-1.6152	-0.1967	-0.4605	0.4976	0.8885	0.0945	0.1403	-0.2075	-0.9492	0.6879	-1.2982
1.6269	0.2208	1.8706	-0.7562	1.7397	0.0251	-1.2513	-1.5418	0.9051	1.4846	0.3230	-0.4483	1.4588	1.6044	1.2121	-0.2628	0.0215	0.7457	-0.4590	1.5994	-0.0471	-0.0612	0.6701	-0.9277	-0.8300	0.4387	0.7241	-0.1228	0.4456	-2.2897	-1.0997	-0.3029	1.9725	0.4004	-0.5379	1.0910	0.9445	-0.6884	0.0088	0.0552	-0.5639	0.3438	-1.1513	1.6818	-2.4649	1.7511	-0.9686	1.7448	1.2080	1.3202
0.8919	-2.3625	0.4993	0.0327	0.1650	1.2419	-1.1646	0.6273	-0.6078	-0.4529	0.6552	-0.4116	-1.1695	-0.5358	-0.5968	0.8781	-0.0318	1.2231	-2.0649	0.5932	-0.6014	1.7444	-1.2748	1.2050	-0.8541	-0.3827	0.7550	-0.3122	-1.7736	1.5832	-0.8270	-0.2138	1.0551	0.2004	-0.8362	1.5376	-0.0488	1.2862	0.4197	1.3360	-1.4069	-0.5492	0.5128	-0.7804	0.8371	-0.0327	-0.5290	-0.7069	0.6388	0.0584
0.0670	-0.6513	0.8029	0.1293	0.3069	-0.1047	1.0972	-0.7895	-0.4841	-1.1261	0.0673	-0.5298	-0.4559	0.3003	0.4714	-0.3066	-0.7856	-0.0850	-1.8950	1.4392	-0.9113	0.2613	-2.3478	0.6652	-2.2951	-0.1764	0.4897	1.4275	1.2487	-0.0285	1.7680	0.8505	-1.4080	0.9803	1.1652	0.6332	1.1497	1.1590	-1.0029	1.3242	0.0233	-1.7996	-0.1128	-0.4882	0.7967	1.0806	0.7888	0.2956	-0.4627	-0.2842
-0.5330	0.8942	1.3050	1.3675	0.2964	0.3115	-2.1803	0.3993	1.0209	-1.2414	-1.4426	-1.0535	-0.6226	1.1507	-0.5369	-0.9469	0.9526	-0.6237	-0.5526	0.7778	1.4110	0.7056	-2.8440	0.6673	-1.8100	-0.4616	-1.4659	-0.0263	0.7879	1.8378	-0.3906	0.1800	-0.6012	-1.0340	-0.2555	-1.3501	0.1170	-1.2784	1.1108	-0.2933	-1.4975	0.2545	1.8562	-0.7661	0.0720	-1.3455	0.9040	0.8499	0.9824	-0.4353
-0.4458	1.8796	0.4574	-1.1711	0.2423	0.0163	-1.0430	0.7314	1.5626	0.8325	-0.9594	0.3088	0.4876	-1.7242	-1.2673	-1.2594	-1.8323	1.3595	0.1137	-0.1115	-0.8671	-1.3133	-0.5562	-1.1701	-0.5746	-0.3125	-0.1713	-0.1898	0.3374	0.3165	0.7127	-0.6423	-2.0208	1.7810	2.1364	0.4368	1.3557	-0.5659	0.3090	-0.7193	-0.5173	-0.6172	-0.8939	2.0431	0.2475	0.2509	0.5893	-0.4474	1.3225	-0.0515
1.0401	-0.6465	0.1221	-0.4353	1.1964	1.1615	0.1897	1.0207	0.0069	1.2704	-0.8962	0.7417	1.1517	0.3189	-1.8782	1.7888	0.4999	0.4024	-0.7326	0.0686	0.5234	-1.5207	1.1085	0.7370	0.7687	0.9009	-1.1682	-2.3037	-1.0274	-0.1806	0.9395	-0.1157	0.4500	-0.3142	-0.2215	-0.1436	1.9554	-0.8413	0.4484	-0.9174	0.1968	-0.1354	-0.1266	0.7428	-0.0393	-0.1659	1.0570	-0.0313	0.7960	0.5353
1.1614	-1.3977	-0.2111	-1.5670	0.2862	-0.1916	-0.2960	-1.3482	0.1097	-1.5994	-1.1724	-0.5494	-0.5322	-2.0003	-0.3505	-0.2729	1.0980	-0.6231	-1.1823	0.5540	0.9921	-1.8434	-0.6218	-0.5478	0.6860	0.2048	-2.0299	-2.2204	0.5947	0.2949	-1.4249	0.0890	1.4209	0.3140	-0.7408	-1.0729	-0.9707	-0.6303	0.1984	-0.4002	0.5862	-0.3478	-0.9230	-0.2509	-0.0831	-1.7489	-1.0299	-0.3384	-1.3946	1.4195
0.0788	0.9169	-0.3859	-0.1025	-0.7683	0.1403	0.7570	2.0777	0.4219	-0.7297	0.9385	-0.0536	-0.4328	-0.5407	-0.4420	0.5798	0.5591	0.7362	-0.8671	-0.3427	-1.2824	0.8962	-0.9518	1.5997	1.7617	-0.6139	-0.8932	1.2963	-0.7176	0.8786	0.4923	-0.6540	1.5864	-1.2237	-0.0140	2.1954	-0.4970	-0.1363	0.3223	0.0719	-1.6007	0.2210	-0.4302	1.6051	2.6983	-0.2587	-0.0019	-0.7943	-0.9130	0.3227
-0.1646	0.7634	0.3927	1.9747	-0.3563	0.5945	1.0539	0.3103	1.0418	-0.2124	0.5380	0.8657	0.7422	-1.2764	0.5545	-0.8490	0.2410	-0.9246	0.2017	-0.6618	0.8210	-0.0343	-1.1907	-0.3197	0.6117	0.0183	-0.6317	-0.2585	1.2244	-1.4293	-0.0888	-0.8607	-1.8585	-0.2526	1.6209	-1.2677	-0.7577	-0.1509	0.2028	-0.6652	-0.0922	-0.6765	0.4110	-1.2294	0.7744	0.0967	-0.0079	-0.1361	-0.2050	-1.0163
-0.1261	1.3245	-0.4068	1.0399	0.5221	-0.8448	-0.9143	1.8650	-0.3176	0.6960	-0.1485	0.5752	1.1158	0.4499	0.5419	-0.9257	0.6727	1.0609	0.5942	-0.3174	-0.1815	-1.1555	0.0380	-0.9647	-0.0123	1.4578	2.3654	0.8746	-0.4103	-1.0754	-0.1398	1.2926	0.5676	0.0203	-1.5631	-0.7912	-0.0088	-0.1228	1.7149	-0.6481	-0.5711	0.3782	-1.0165	1.3420	-0.6455	0.5404	-1.3004	1.7191	0.0066	-1.2230
0.8012	0.0558	-0.2372	-0.9361	-0.0777	-1.3454	-1.2677	-0.5382	-2.0691	0.4689	1.9336	-0.2785	-0.7653	-1.3645	-0.3550	1.1494	0.1470	-1.0154	-1.2896	0.2991	1.8519	-0.5303	-0.2354	-1.2976	-1.2293	-0.6425	0.8538	0.3241	1.5450	0.5407	-0.2779	-0.4362	-0.5087	-0.0402	-0.5394	1.2725	-0.5282	0.1252	-2.0946	0.8948	-2.0128	0.2007	-0.5173	-1.0352	1.1408	-1.0558	0.4629	0.1328	0.4806	-0.3691
0.4558	-0.2063	0.9301	-1.8208	0.1099	-0.5305	1.1116	1.1407	0.1395	0.7084	0.7854	1.7146	-1.4428	-0.7918	0.8233	2.0868	-0.9784	0.4129	-0.1249	0.0341	-0.1791	-0.9825	-1.3466	-0.1667	0.7336	0.6575	0.3796	1.0098	1.4943	-1.7611	-0.0641	-2.1440	-1.0201	-0.1827	0.1752	-0.5895	-1.5869	-0.7287	0.1291	0.2330	-1.0687	0.2804	1.0144	-0.4108	1.4199	1.7340	-0.2802	-0.8790	0.0429	-0.3006
-1.8918	2.2460	1.3078	-1.4551	-0.2767	-0.9316	-0.1927	0.4624	0.1363	-0.7684	0.6057	-0.8862	-0.2465	-0.1309	-0.4628	-0.9729	-1.3350	-0.8953	1.1863	-1.8780	1.4748	-1.0595	1.5156	0.3812	1.0508	0.5240	0.3456	-0.8813	0.0417	-0.3006	-0.6916	0.0855	1.6354	-0.5118	-0.0449	0.5248	0.0015	0.7318	1.5081	0.0133	-0.7029	-0.1996	-0.2548	0.5006	-0.3486	0.5450	-1.3935	-1.0736	-0.1444	0.4535
0.9129	1.8521	-0.3385	-0.4131	0.1462	3.2688	0.4984	0.0529	-0.1609	-0.3761	2.1702	0.4387	0.4172	1.6136	0.0492	0.7571	0.3850	-1.2541	0.4516	1.1575	0.9296	-2.3498	1.4265	-0.5064	0.4956	-0.3345	1.3776	-0.8647	-0.9123	-0.0119	1.6280	-0.6371	0.0780	0.7319	-0.1266	-0.2554	-1.3611	-0.3061	-0.1854	-0.4423	-0.5313	0.0719	-0.3124	-0.5362	0.5907	-0.1967	0.3995	-0.6390	1.6650	-1.8717
1.1364	0.4946	2.4603	-1.4865	-0.9287	-1.3593	-0.1754	0.0635	-0.4088	0.8034	1.6330	0.4267	0.4734	0.3747	0.2932	0.6743	0.5018	0.3157	0.6503	0.2165	-0.2949	-0.4714	0.4875	0.6300	-0.3860	0.0866	-0.4014	-0.8712	0.9512	0.1335	-0.5247	-0.9904	-1.0972	1.6065	1.1430	0.7150	-0.2975	-1.0578	1.0364	2.3456	-0.1845	-0.0483	-0.8318	-0.5992	0.2048	0.2473	1.1245	0.3357	1.1353	-0.1909
1.4593	1.1753	0.2579	0.6325	0.8721	1.1990	-0.1874	0.5512	-0.8283	-0.5145	2.7879	-0.2203	-0.3468	-1.1537	0.1751	0.4825	0.5303	0.8300	2.4075	1.4319	-1.0665	-0.9174	1.1503	-2.1934	0.0290	2.1745	2.3820	0.1438	0.4827	0.5046	-1.0225	3.4542	-0.8300	-1.8902	-1.4525	0.2255	-0.1842	0.0489	-1.4550	-2.3532	0.7326	0.0798	0.2731	1.4885	1.2095	-1.5028	-0.3640	-1.1638	1.1598	0.6806
-0.6098	-0.8608	-1.2944	-0.7323	0.6690	-1.5349	1.3099	-0.7767	1.9859	0.5187	-1.7719	1.1120	0.1825	0.3528	-1.8008	-1.4713	0.1966	-1.0559	-0.6696	-0.0468	-0.6852	-1.5505	-1.7945	-0.5120	-2.3676	2.1757	1.5173	-0.3857	-0.5840	-0.2868	-0.5549	-1.2909	0.7248	-0.8423	-0.3810	-0.1639	0.2103	-0.3907	0.2303	1.4546	-0.5471	1.9421	-0.6620	0.4903	0.1123	0.3740	-0.3638	0.8534	-0.1698	-0.8421
-0.8921	-0.0388	-0.3584	0.1467	0.5998	0.0875	0.9776	1.0456	0.4277	-0.2711	0.6322	1.3660	1.6685	1.4023	0.1716	-0.2474	1.9586	0.4631	0.8018	0.4480	0.1647	0.5951	0.0480	-0.3208	-1.4009	0.8275	0.6717	-0.8165	-0.9471	0.1356	1.7817	0.0219	-1.3931	-0.3294	1.1188	-0.2786	1.0886	-0.3080	0.1387	-0.4786	1.9026	-0.0361	-1.3111	0.4487	0.0567	-0.2127	1.7116	-0.2724	1.4230	0.2294
-1.2503	-0.0792	0.2116	0.5160	1.3405	-0.2708	0.5492	0.0394	1.0933	1.0137	1.4405	0.4486	-0.8255	0.0157	0.6436	1.3948	0.2124	0.7240	0.8923	-0.4313	-0.1430	-0.6161	-3.1044	-0.6791	-1.3692	-1.3120	0.7922	0.5043	-1.1528	-0.5156	-1.0128	0.5702	-1.8013	-0.9327	-0.5604	0.4666	-1.4725	0.8854	0.8104	0.1258	0.6631	0.0245	0.1252	-0.5288	-0.5749	-0.8181	-3.1877	-1.3178	1.6569	0.5341
-0.7824	-0.4163	-0.3025	0.2508	0.0599	-1.6888	-0.4798	-1.0244	-0.2920	1.4651	-0.7691	0.3313	0.1643	-0.0053	-0.0907	-0.1653	1.0594	1.1360	0.5883	-0.8718	0.3389	-0.3234	-1.0271	0.8339	1.3818	-0.3798	-3.0507	0.4641	0.5597	0.6058	-0.0365	-0.5700	-0.4443	-1.2754	-0.7585	1.0260	-0.5839	-0.7738	-0.2317	-0.4852	-0.0517	0.1875	0.8469	-1.1189	1.4755	0.8788	-0.9125	-0.9890	-0.1433	2.4934
0.7442	-0.5943	0.2827	-0.9256	-0.0711	1.1328	0.0896	-0.0961	1.4133	0.3507	-0.2097	-1.2847	-0.4924	-0.0163	-1.8538	0.4006	0.7106	-0.1429	0.1427	0.8227	0.1515	-0.9622	-0.1055	0.1306	0.6238	-0.7674	-0.6324	1.5812	-0.4920	-0.4086	0.9815	-1.7919	0.7998	-0.8202	-0.3732	-0.2250	0.8015	-2.3743	-0.2637	-1.2794	0.2006	-1.2158	-1.0016	0.9589	-0.6544	-0.9612	-1.0799	-0.2137	2.5127	-0.1666
-0.5514	0.2183	-0.2163	-1.5371	-1.3961	1.0393	-0.1367	-0.3442	1.0454	0.9998	-0.0090	-0.2559	-1.0127	0.7688	0.0950	0.6978	-0.3454	0.9383	-0.3383	-0.4583	0.1748	-0.0218	-0.5329	-0.9511	1.3864	1.1458	-0.1289	-1.0753	-1.3547	2.2088	-0.0345	-0.5681	0.2894	-0.1327	-0.9948	0.2507	0.0524	-0.1973	0.2792	0.3143	-0.3385	-0.2282	-0.1474	-1.1119	-0.0321	1.5095	-1.6357	0.3133	-1.0472	0.3713
-0.9684	0.2545	-0.3657	-0.5972	1.3052	1.2460	1.3298	-1.2997	1.1651	-0.4536	0.8387	1.4671	0.9647	-1.5836	-1.0826	0.2113	-0.5133	0.0311	-1.2052	-0.6865	-1.5312	1.6997	0.2175	0.6346	1.1097	0.0621	0.2723	0.2020	0.1829	0.1336	-0.1656	-0.2813	0.1708	0.8114	-0.0266	0.1129	1.3022	0.2303	-1.3174	-0.3853	-0.6894	0.2797	-1.0894	-0.3472	-0.3547	0.2016	-1.3149	0.4169	-1.5635	-1.3263
1.9150	-1.1571	0.3907	1.4294	0.7608	0.3666	-1.8051	1.3854	-0.8257	-1.2439	0.1079	-1.0155	-1.3668	0.2241	-1.1112	0.1037	-0.9241	0.9151	-0.1527	-1.7346	-1.3990	-1.4393	-0.0982	-0.3512	-0.4914	0.7296	-0.3433	0.5393	0.4574	1.8257	-2.3147	-0.2577	1.0769	-1.0387	0.9072	-1.6944	-1.3889	0.2928	-0.8415	0.6659	-1.5518	-0.6162	-0.0978	-0.3952	-0.2704	0.1750	0.9734	1.2369	-0.6555	-1.4364
-1.1674	-1.3731	-0.5615	-0.8804	0.6891	0.0660	0.5074	0.0497	0.2215	-0.1153	-0.9015	0.5352	-0.5244	-1.7253	0.1186	-0.5160	0.4242	0.3802	-1.1808	0.3326	-0.9292	-0.6247	-1.3045	1.5008	-1.4695	-1.1930	1.0481	-1.2509	-1.1241	2.4070	-0.6273	-0.6920	-1.6098	0.6844	-0.2198	1.3601	0.4135	-1.8586	-0.1837	-0.9732	-0.3843	1.2731	-0.4522	-1.5397	-1.5690	-2.4220	-0.2719	1.4058	-0.4116	-0.0409
-0.5670	-0.0281	-1.0987	-0.6502	0.2296	-0.4155	-0.2409	0.1134	0.8975	0.4437	-1.5979	1.3578	1.1325	-1.7365	1.2719	0.6285	0.1339	0.1166	-0.0874	-0.0305	-0.7329	-0.2059	0.1431	0.2765	0.2806	-0.2977	0.0241	0.2027	-0.4647	1.4225	-1.0189	0.4144	-0.5560	-1.0154	-2.4802	0.1768	1.2115	1.7207	0.3501	0.7851	-0.8621	0.4685	-1.1581	-0.0256	0.9559	0.9059	-0.3033	0.0044	0.6421	1.1511
-1.0102	0.2296	1.7793	1.2686	-0.0327	-0.9961	0.9819	1.7449	-0.4507	-0.9272	-0.0628	-0.6643	-0.5893	-1.8671	-1.2668	-0.7028	-1.1700	-0.6187	-0.1822	0.0363	0.2196	-0.4090	-1.3690	0.3309	1.1304	-0.9472	0.1627	0.0911	0.6843	1.2406	2.3912	1.0828	-0.1122	0.1340	-1.2966	1.2287	-0.9642	-0.4305	0.0652	-1.4385	-0.2761	-2.9237	-2.2204	0.1677	-0.0263	-0.2571	0.1733	0.4468	1.7099	0.9671
1.9286	1.4113	-1.2048	-1.1350	0.3288	-0.6264	1.5416	-0.4194	-1.8108	-0.5699	0.4209	1.8032	1.0041	0.1119	0.6470	-0.0119	1.0533	1.2809	0.1392	-0.6595	0.1900	-0.4507	0.7035	-2.6175	1.0425	-1.4611	-1.2370	1.2374	-0.2046	1.0748	0.2585	-0.9646	0.4323	-0.0445	-1.1512	-0.6032	-0.1767	-1.0041	-1.2259	-0.8102	-1.5118	2.6424	-0.3028	0.0988	-0.0690	1.1955	-1.4069	2.1214	-0.0153	1.0341
-0.6591	0.2116	-0.5733	0.9531	-0.8670	-1.0387	2.1152	-0.5710	0.6807	-1.0866	-0.8753	0.9198	1.8081	-0.8170	-1.3476	0.0175	0.0126	0.4232	0.8351	0.2973	0.9068	-0.4042	-1.2635	2.5041	0.6347	0.4946	-3.3439	0.2500	0.2342	-0.7556	-1.6132	0.3194	1.5594	-0.9367	1.2034	-1.2250	-2.1944	1.6917	0.2238	-0.2944	-1.6583	2.0619	0.1241	0.0573	-0.3691	1.4122	1.9224	1.5124	0.0904	-0.5390
0.4133	0.4894	-1.4062	0.5421	-0.3997	1.0727	-0.1758	0.3994	-1.6900	0.0016	0.4045	-0.9179	-2.0524	-0.4757	2.8061	0.2875	-0.6805	0.5398	-0.0941	0.8473	-1.7839	1.1025	1.3582	1.4248	0.3223	-0.8215	0.3520	-1.2838	-0.3634	-0.4556	0.8962	0.0579	0.1242	0.2625	-0.2292	-0.7582	-0.3330	1.3916	0.2788	0.1712	-0.3013	-0.3340	1.3639	1.5983	1.3653	0.9207	1.6876	-0.6326	-0.7535	0.5654
-0.3921	2.1313	1.9794	-0.1578	-0.5662	-0.9800	0.2425	1.7853	0.0751	1.8618	0.3207	-1.3778	-1.1005	0.2625	-0.1480	0.3689	-0.2493	-0.1891	-0.4551	-0.5956	-0.1911	0.6155	0.8847	-0.7073	0.6251	0.2027	0.7907	0.2151	1.6023	-0.3841	-1.6634	1.2593	-1.7311	1.1270	-0.1426	0.1661	-1.4036	-1.4246	0.4145	0.6921	0.2081	0.2571	0.0411	-0.1906	-1.1912	1.0340	-0.8154	-1.2917	0.7861	0.8495
-1.7358	-0.2073	0.9656	1.3269	-0.8361	-0.9479	-0.5911	-0.2803	-1.6155	-0.3008	0.8598	0.5942	0.6231	-1.8487	-2.3057	1.2814	0.1611	-0.7963	0.3730	1.0030	0.7909	0.6280	-0.9364	0.1900	-0.7080	0.2535	1.6955	-0.4121	1.3938	-0.3384	0.9470	-0.4817	0.6103	-1.1073	-1.3367	0.1390	1.4557	0.2182	0.9689	-0.3547	0.5090	-1.6926	-0.4308	1.1839	0.1983	0.5575	0.8715	1.3103	-0.1795	-0.5144
-0.4595	-0.0459	-1.5316	1.0238	0.9139	-1.3630	1.3992	-1.1247	-0.1642	0.0116	-0.1416	-0.1289	-1.1780	1.1415	-0.6328	0.3944	-1.0370	0.9080	0.6805	-0.8996	-0.3677	0.8503	-2.1369	-0.8162	0.0338	-0.9034	-1.6568	-0.5191	-0.2526	-0.4575	-1.0886	1.6818	0.5363	-0.0075	2.2216	1.6117	0.6429	1.1169	0.7550	-0.6868	-1.2311	0.5261	-0.4969	-0.7766	-0.2321	2.0337	-0.3520	-0.8118	-0.0416	1.4451
0.5753	-1.3578	-1.8857	-0.9289	-1.4932	-1.3419	-0.8105	-1.7325	-0.4758	-1.1301	0.0001	-0.7501	-0.6065	0.2193	0.6261	0.9034	1.1825	-1.1197	1.3620	-0.7767	-0.4924	-0.3138	0.1666	-0.3402	-0.8928	0.6535	0.0046	-1.2527	-0.6368	-1.3605	1.2532	0.1181	0.8806	0.2231	0.8985	-1.0317	-0.0643	-1.6602	-0.5399	0.2347	0.5162	1.4225	-1.6129	-0.8193	-0.4770	0.0940	0.6844	-0.1902	0.2285	0.7679
-0.4084	1.7690	-0.5891	-0.6175	-0.1366	-0.4281	0.0011	-0.7888	-1.3457	-0.8055	0.0190	0.6637	1.1415	-0.3009	0.7294	0.5721	0.6337	1.2556	1.4897	2.0722	1.1619	-1.6055	-2.7584	-1.3856	1.1721	0.2787	-0.1028	0.3867	-0.8146	-1.1145	-0.8081	0.8353	0.5536	0.5033	1.4301	1.5033	-0.9656	0.4518	-1.1171	0.3820	0.4277	0.6272	0.0544	2.0170	0.2380	-0.6286	-0.5872	1.4900	0.7560	0.8696
-1.0032	1.5556	0.6899	-1.1312	1.4212	0.0706	-0.7720	-0.1062	0.5854	0.7885	-0.1790	-0.2884	-0.1772	-0.2890	0.4588	-0.4270	-1.0027	-0.8235	-0.2207	0.8265	-1.1503	-0.0539	-0.2993	1.9408	-0.0879	-0.8417	-2.1576	-0.4972	-0.9075	1.1338	-1.0684	-0.5495	0.5928	0.7970	-1.2022	-0.2981	-0.3769	-0.7047	0.1812	-0.5904	0.4136	0.4040	-2.1330	0.4081	-0.5183	-0.5927	-0.9519	1.6148	0.0784	0.5053
0.0334	0.2063	0.1273	-0.1184	-0.4573	-0.0894	-1.5675	-0.7469	-0.6324	-0.1497	0.0797	-0.7077	0.3225	1.0527	-2.2270	-0.9995	-0.3540	-0.4998	-0.5531	-0.8446	0.2877	-0.0391	-0.9994	-0.4479	1.0180	0.1546	0.6635	-0.0976	-0.7854	-1.1722	0.3988	-0.4702	0.5469	0.1483	-1.5221	-0.3372	-0.5672	-0.6875	1.8225	-1.3563	1.3684	-0.0413	0.2023	-0.0282	1.9275	-0.5059	1.1872	1.4349	-0.2835	0.6205
0.9991	-0.9723	-0.0986	-0.0751	-0.2638	0.3559	0.0220	0.1444	1.0802	1.7524	-0.4784	0.3023	-0.5055	0.2252	0.3312	-1.0557	0.4650	-0.8809	0.9420	0.9734	0.8633	-2.1133	0.0387	-0.3553	1.8085	-1.8614	0.1500	1.1127	0.2553	-0.8904	-0.8440	0.7006	0.4029	0.6470	0.3703	-1.0834	-1.7723	1.0591	-0.8877	-1.2081	2.5281	-0.0188	-0.5913	-0.2403	-0.8744	-0.6965	0.2934	-1.0148	-1.0530	-0.3000
-0.7586	-0.3814	-0.4705	-1.0436	-0.7920	0.2310	-0.1067	-0.7885	-1.4537	0.7563	-1.1394	1.7297	-0.2295	0.0740	-0.6280	-2.9328	0.6498	-0.1440	-0.1372	3.8134	-0.9534	-1.5470	-0.0196	-2.5036	1.1061	-2.0077	-1.3372	-0.4073	0.2072	-0.1331	-0.2545	-0.4945	-0.5864	-1.2889	-0.3355	-0.0509	-0.3633	-1.4645	-0.5850	0.0776	0.4392	-0.7954	1.4823	-0.7874	0.3042	0.9651	-0.3568	0.2968	-1.4249	-0.2074
-0.1642	1.6418	-0.1546	1.1887	0.1900	1.3162	0.5810	1.8936	-1.0783	-1.5284	1.2677	0.7280	-0.8103	0.0378	1.4898	0.7601	-0.5551	0.3743	-1.4350	-2.0631	1.9113	0.5828	-1.1266	0.9065	-1.4819	-0.9395	-2.5097	-1.7422	1.3929	0.9134	0.3156	-0.0387	0.8293	-0.4906	1.2287	0.3417	0.4677	-1.5716	-1.0065	-1.0204	0.4530	0.6236	0.5284	0.9729	0.2684	-0.6499	0.2034	-0.1636	-0.1515	-1.3430
-0.2171	-0.5549	-0.9947	0.0834	0.7475	0.3484	1.1250	-0.7198	1.6318	1.0093	0.9948	1.3189	-0.9541	1.0005	-0.5692	0.7084	0.8778	0.0170	0.6315	-0.5530	0.3240	-1.1196	0.1580	-0.1948	-2.0992	-1.7646	0.0073	0.0869	-0.8824	-0.3200	-0.0323	0.5802	-1.8626	0.8749	-0.1354	0.9523	-0.7358	2.0165	-0.3642	0.6170	-0.2825	0.5206	0.2844	0.5571	-0.8558	-1.1469	1.8548	-0.5686	0.3857	0.0615
0.8267	-1.4132	2.5640	0.3292	1.4464	-0.1935	-1.1707	0.6756	0.3106	-0.9324	-0.3921	-0.6543	0.6614	-1.1605	-1.1177	0.1223	-0.6302	2.0756	0.3020	-1.1756	0.4376	0.7747	0.5495	0.5454	-0.4030	-0.5303	1.0391	-0.2769	0.1742	1.0199	-3.2229	0.9830	1.8791	-0.9238	-1.1942	0.3461	-1.2375	-0.7138	-1.6532	0.5959	-0.2067	-0.1923	-0.6681	-0.6131	0.4339	-0.0844	-0.4913	-0.0548	0.0151	-0.1751
0.9914	-0.0511	0.0771	1.3391	0.2443	-0.5341	1.4818	-0.4557	0.9027	-0.5107	0.4228	-0.8686	-0.1040	-0.5229	0.7197	0.7212	-0.5239	2.0905	0.6338	-0.6502	0.5748	-1.1777	0.5494	1.0087	0.0607	0.0475	1.3639	1.4851	0.9656	0.2960	-1.3126	-0.6479	1.0309	-0.9425	0.2488	0.7632	0.6269	-0.7259	2.1216	0.6060	-0.6241	-0.5319	1.0357	-1.1002	-0.8196	0.3898	0.2688	-0.4151	0.3754	-0.7138
-0.4903	0.2744	0.9220	-3.0094	0.8331	0.8149	-0.7363	-0.6239	-1.1701	1.3212	-1.3541	1.7131	1.4900	-1.0227	0.5420	1.2059	0.3334	-1.0800	1.9605	0.6499	0.4648	1.3081	0.5129	1.3714	-0.0352	0.0175	1.0682	0.7342	-1.7818	-0.9626	-1.2217	-0.7360	0.9391	0.5900	-0.5852	-0.4185	0.8559	0.9774	-0.5206	0.0860	-1.6623	-0.2354	0.9454	2.8656	-0.8593	1.4551	1.2185	1.8330	-0.6364	-0.4354
-1.0318	0.6685	-1.0340	0.6711	0.7114	0.9847	2.3785	0.6343	-1.1570	0.9174	-1.9658	0.1063	1.0814	0.6886	0.2117	0.7379	0.0207	-0.3101	-0.6771	-0.0305	-0.2684	-0.7197	0.7748	-1.2798	0.1486	-2.0870	-0.2449	1.2161	0.6188	0.3935	0.6795	1.5571	0.9358	0.0613	-0.4468	-2.1752	-0.9133	1.3521	-0.6040	-1.8343	0.8555	-1.1046	0.5683	0.9962	-0.8432	-0.6669	-1.1231	-0.1592	-0.5753	-0.4893
-1.1923	2.1528	0.5411	-0.5107	-0.4393	0.0769	-1.5312	0.0335	-0.6299	-0.0584	1.0313	0.1830	-0.1875	-1.7434	0.0678	0.7060	-0.0706	-0.0651	-0.4592	-0.4322	-0.8087	-0.9017	0.2722	-0.7780	-0.1212	0.8949	0.1114	2.1524	-0.9733	0.4162	-2.6046	1.8923	0.9913	1.5573	1.2099	0.6001	1.4534	-0.6543	-0.7246	-0.5382	-1.5639	0.4088	-0.0629	0.3936	-1.2323	-1.0310	-0.6286	1.4030	-0.6015	-0.1797
-0.7045	-0.7092	2.0189	0.7534	0.0428	1.0499	1.1088	-0.9895	0.0133	0.1914	0.5841	2.0920	1.1185	1.3584	0.3525	0.2609	-1.5452	-0.6329	-1.5854	2.0626	1.1843	0.9833	-0.7310	0.4894	0.8896	-0.8845	0.7389	1.5965	-0.2004	0.4865	-0.6906	0.3728	-0.3552	1.0354	-0.4297	-0.6542	-0.6497	1.5818	-1.4839	1.2319	1.7527	-1.4270	-0.1696	2.4224	-0.4463	-0.7107	-1.1016	-1.7109	-1.1665	0.3620
-0.6936	-0.5826	-0.4877	-0.7646	-0.8068	-0.2644	-1.8026	-0.0044	0.1060	-0.0283	-1.3016	-1.1821	1.8543	0.9839	-0.0422	0.2610	2.3563	0.3517	2.2201	1.3374	-0.4232	0.8507	-0.9771	0.1827	-0.3646	0.0021	-0.3268	0.8403	1.6541	1.4598	-0.3571	-0.7496	1.2334	-1.5623	-0.2595	0.2929	1.9077	1.9738	0.0638	1.0770	-1.1115	-0.8367	-2.0085	-1.9709	-1.6717	0.0401	0.5099	-0.3808	-0.6669	-1.0998
0.2207	-0.1522	1.0247	0.2076	0.6922	-1.4500	0.2828	-1.3643	0.3973	0.7451	0.2770	0.7905	-0.5841	-2.3294	0.8948	0.0612	0.8581	0.4236	1.1547	0.6834	-0.2447	0.8588	-1.0140	-0.5838	0.3515	1.4330	0.5156	0.2014	0.4076	-0.9377	-1.1165	-1.7099	-1.1630	-0.7693	0.4056	0.0346	-0.7958	-0.4605	0.4709	-0.1261	-1.4220	0.7338	0.7769	0.0541	-0.9293	-2.2772	0.9969	-0.0618	-1.4211	0.0315
-0.7688	0.3937	0.2121	2.3316	0.7102	1.5576	0.4051	-0.0285	0.8185	1.4489	-1.2793	0.5108	-0.2040	-1.5978	-0.3323	-0.2532	-0.0679	0.4983	1.0375	0.3666	0.2158	1.8115	2.3659	-0.5430	-0.7516	-1.0865	1.1052	-0.4051	1.3344	0.1865	2.0584	0.7958	-0.3639	-0.0657	-0.5446	-0.5642	0.3865	-0.7790	1.3302	0.0813	0.0101	1.4973	-0.0768	-0.5838	-0.6351	2.1906	-0.2844	0.6439	0.2251	2.0454
1.8306	-1.2179	-0.4823	-1.2769	0.5806	-2.3936	0.2693	0.0474	0.1942	-0.5320	0.0527	-2.1340	-0.1844	-0.1020	-1.7820	-0.7722	-0.7171	0.6790	-1.3409	-0.2578	-1.5900	0.5964	0.2212	-1.3615	1.0248	0.9093	0.0949	0.8450	-0.7185	-0.5950	0.0612	1.0141	-0.7536	-0.0739	0.1054	0.0317	0.0222	-0.4970	0.2706	-1.2785	0.1536	-0.0195	1.8113	-1.7920	1.3997	0.8823	-0.1136	-0.4317	-1.4907	0.1088
0.3107	-0.8119	0.3547	0.5743	-0.0730	-0.0359	-0.4381	-0.3817	-0.9355	-0.8873	-0.0450	-0.4622	0.1294	1.7929	0.0850	-0.1348	0.9374	0.9013	-0.5513	-0.0140	-0.6850	1.4034	-0.5731	-0.6919	-0.2074	0.4583	1.0809	-0.4453	0.0207	-0.3990	-0.3243	2.3540	0.8926	0.0977	0.1343	-1.4106	-0.5584	-1.8608	0.7442	-0.2387	-1.1040	3.1468	0.0135	-0.1313	-3.6740	-0.1512	-1.9067	0.6248	-1.1420	0.1540
-0.8990	-0.6829	-1.9196	-1.1900	-0.2195	-0.9921	0.6218	1.3306	1.8243	-1.0666	0.9364	-0.3698	0.9564	0.4091	0.7629	0.9743	-0.2247	-0.1173	-1.1390	-0.0306	1.8070	2.1643	-0.6312	1.1265	1.1719	0.9061	1.1527	1.1193	0.7696	-0.4736	1.2681	0.1465	-2.1783	-0.3665	-1.1244	-0.7842	1.4116	-0.0822	0.2200	1.0661	0.7375	-1.4586	-0.0243	-0.9335	0.7483	-0.1247	2.6727	-2.0943	1.1578	-0.1716
-0.2970	1.3465	-1.3131	2.0927	-1.0016	-1.0686	1.1121	1.4885	-0.6817	-1.6054	-0.6439	1.8580	-1.2905	-1.0888	-0.0892	0.1509	-0.5903	1.1479	1.5110	-0.6403	-0.5370	-0.6911	-1.0980	1.1779	0.2215	-0.5824	0.9546	-2.6732	1.4127	0.3350	-0.3406	-1.5724	-1.2445	0.4446	0.2622	-0.6755	0.5390	-0.6845	0.2370	1.1422	1.1866	0.4274	-1.3234	-1.3994	-0.1956	0.1609	2.5044	2.0074	-0.5006	0.4403
-2.3070	1.0372	-0.3896	-2.5610	0.8383	-0.2084	0.3219	2.3435	1.4730	-0.5519	0.4321	0.3295	0.2595	-1.6022	1.3704	-0.4685	1.3517	-0.6337	-0.1403	-0.4671	-1.6842	1.4709	-0.1284	1.5978	-0.8812	-1.3705	0.8244	0.1423	-0.0373	-0.2438	1.5757	-0.7455	-0.6749	-0.4788	-0.3563	0.8769	-1.3117	0.3946	0.8276	-1.1315	-0.0183	0.7869	-1.1717	-1.1723	-2.0146	0.3527	-0.2044	-0.8510	-0.4414	-0.6311
-0.8464	0.8103	0.5839	0.0685	0.4331	-1.3084	1.4809	-1.7824	-1.3507	0.4563	0.3961	0.5412	0.4297	0.3342	0.1745	1.1748	-1.1089	0.2084	1.1080	0.6605	-0.0714	-0.0364	-0.7566	1.9826	-0.5489	0.5513	-1.9438	1.1383	-0.5435	-0.7645	0.4967	0.0326	-1.7879	0.5724	0.9270	1.1753	0.2351	0.5373	0.6943	1.3169	-1.2694	-0.0870	-0.0639	0.5522	-1.2651	-0.4801	0.2501	0.2298	0.2920	1.5662
0.6616	-0.4755	0.2056	-1.8458	0.6692	0.0234	1.7564	-1.0486	1.1652	1.7470	1.0092	-0.9982	-0.3782	-0.4493	0.3009	-0.3110	0.3035	-0.9363	-0.8803	1.2731	0.3889	1.1069	-1.5018	-0.5591	0.3661	-1.7721	0.9384	1.4236	-0.1473	-0.8733	-0.5560	-0.2159	0.9907	0.8911	-1.4744	0.6565	-0.7594	0.8579	0.8358	1.8010	-0.1657	2.0517	0.8700	1.4591	-0.1716	-0.4350	0.6491	-1.0222	0.5412	-1.0331
1.4629	-0.4119	0.6712	-1.4585	1.9629	-0.7434	-0.3625	-0.7183	-0.2766	1.9999	-0.1269	-2.2293	-0.2806	0.6946	0.4761	-0.5099	-1.9207	-0.4291	-0.3621	-0.3864	-0.2114	2.2138	0.8061	-1.1784	0.0424	0.1452	1.2621	-0.5752	-0.0359	-1.3798	1.6276	0.9644	-0.2223	-0.1337	-0.4987	0.0471	0.2452	0.5653	-0.1485	-1.5682	-1.0247	-1.3663	-0.5282	0.5544	1.9784	-1.0321	0.4403	0.9889	-0.6300	0.1193
-0.3147	-0.0577	2.7102	1.1170	1.0238	1.1456	-1.4971	-1.0936	-0.4928	0.6276	-0.3886	0.2246	1.5251	-1.5358	-0.2986	1.1720	-2.0887	-0.4363	0.5297	0.0801	-1.3975	0.5400	1.8035	1.3818	1.3169	-0.0113	1.1372	-0.1015	-0.8731	0.6730	1.4364	-0.2347	0.0849	-0.2506	-1.3835	0.6738	0.1417	0.1057	-1.1102	1.2453	0.7919	-0.3039	-1.8265	-1.4734	-2.3506	-0.3593	-0.0337	0.5538	-1.5132	-0.3123
0.8090	2.4579	-0.6750	0.4238	-0.5922	0.0718	-0.7068	-0.0487	-0.4206	0.3847	1.0285	1.3855	-1.2293	-0.7269	-0.6365	-1.1368	0.9243	0.9365	0.4188	-0.0245	0.3426	1.3385	0.0497	0.3378	1.9455	-0.3055	-0.2012	-0.4534	1.1262	0.0334	-0.7983	0.6287	-0.9489	0.5431	0.8355	1.4723	1.5331	-0.9627	-1.2550	0.2122	0.2996	0.4823	-1.3057	0.4807	0.2670	0.2024	1.2688	0.8266	-0.3145	-0.3379
0.7549	1.0508	1.8409	-0.6636	-1.0926	-1.0803	0.2977	0.2953	0.2322	1.0325	-0.2203	0.6702	-0.2588	0.9079	-0.3966	0.9468	0.4370	-0.0047	1.0046	-0.3531	0.8229	0.7251	-0.3810	-1.2943	0.0429	-1.0405	0.2266	1.3323	1.5999	-0.0609	-0.1749	-0.3256	-1.0889	1.3283	-1.7096	-0.5036	1.1483	0.1591	0.6888	-0.4256	-0.9568	-0.3858	-0.0978	0.9127	-0.3552	1.5445	0.8031	-1.1735	-1.1235	1.3704
-0.5896	-0.2830	0.0897	-0.2534	0.0092	0.1856	-0.2700	-0.5501	-0.2213	-1.1146	0.0527	-1.4502	0.4175	0.9334	-0.3518	-1.3881	0.2857	1.6522	0.1178	1.0345	0.5640	0.2481	0.9232	-1.0297	1.3471	1.2017	0.5322	-0.1559	-1.2852	0.0676	-0.2162	-0.3070	0.3015	2.9853	-0.6697	0.4021	-0.3256	-1.0769	1.4028	-0.2415	-0.0233	1.5958	1.2738	-0.5766	-0.2096	0.9669	-1.5214	-0.2821	-0.7259	-0.5814
0.8223	0.8039	-0.4324	0.9531	-0.2906	0.3917	0.4607	0.9850	1.4020	1.4083	-0.5820	-0.3059	0.2033	0.5766	-1.2082	-1.0995	-0.3337	-0.8757	-1.0758	-1.8987	-0.1838	-0.9608	-2.2186	0.5458	0.1691	1.2868	-0.0195	0.5835	0.8011	-1.0028	0.6318	0.4153	0.1532	1.2181	0.9826	0.6386	-1.5255	0.4056	-1.7597	0.2595	0.2520	-1.2948	-0.3557	-0.8099	-0.1220	-0.1860	-0.6143	0.0440	-0.7739	1.0439
-0.5183	-1.7034	-0.8109	-0.8447	1.0734	1.3802	-1.2281	0.0422	1.3116	-1.1293	1.6148	1.6872	0.2363	-1.0933	-0.0733	-2.7811	2.0131	-0.9886	-0.0204	0.1079	0.6595	-0.4637	-0.8873	-0.8518	0.1989	0.3108	0.4138	0.5103	-0.5290	-1.0117	0.2658	0.3099	1.4366	0.0978	2.3674	1.6371	-0.6492	1.3985	0.8041	0.9033	-0.1380	0.2838	-0.6552	-1.6930	0.0503	0.3809	0.9894	0.3617	3.2702	1.2039
1.5165	-1.2170	0.1237	-0.3613	1.3666	-0.2138	-1.8133	-0.7244	-0.8571	0.4709	-0.1101	1.1853	-1.0014	1.4778	-0.6743	0.5656	2.1019	-0.2907	-2.1266	-0.7853	0.4242	0.0839	-0.7585	-0.0578	-1.0492	0.2188	0.2724	-0.9589	-1.2761	-0.4167	-0.4861	-0.3104	-0.7808	-0.3159	0.5921	-1.3449	-0.9636	-0.5042	-0.4670	-0.5031	-1.0695	-0.6101	1.0654	0.3916	-0.4378	0.6535	0.1483	0.0268	-0.3475	-1.3070
0.4696	1.4351	-0.7746	-0.9384	0.1087	0.8138	-0.9204	0.4278	-0.9423	-1.2958	-0.3802	-0.3161	0.2035	1.0913	-0.4094	-0.1350	1.4302	1.8234	0.0482	0.0585	-0.8905	0.8814	-0.2052	-0.3665	0.5843	-0.5767	-0.7085	-1.1763	0.7264	-0.4911	-1.2559	-0.6697	0.2869	-0.0441	-1.3024	-0.8304	-3.6362	1.6796	-2.2195	-0.9001	-1.4430	-0.9913	0.1619	-0.6994	-0.6749	-0.0512	-1.9870	0.7806	1.6450	0.2509
-0.5262	-1.0943	-1.0048	-0.5060	-1.2050	1.1831	-0.6515	2.3032	0.2687	0.1662	0.3387	1.0476	-0.0260	0.0084	-0.4192	-1.3742	0.6826	-1.5831	-0.8959	-0.6687	0.7847	-0.6969	-0.2842	-1.3628	1.5395	2.0211	-0.1575	1.2621	-1.4041	1.8082	0.1414	0.1895	-1.5679	-0.8964	-0.0748	1.6428	1.3292	-0.2026	0.5074	1.3665	0.2169	-0.9810	-0.0081	1.8740	-0.3416	-0.0654	-1.2179	-1.0112	0.2801	0.4387
1.1502	-1.8248	1.1547	-1.7459	0.7051	1.5987	-0.1177	0.9965	-0.2025	1.8638	-1.3068	1.3378	1.0023	0.2168	1.1156	-0.1504	0.3790	-0.3388	-0.0900	0.8446	-0.8444	-0.6632	0.5081	-1.0709	0.6568	-0.8559	-0.3905	-0.0819	-0.7802	-0.8552	0.1876	0.2771	-0.5185	-1.7056	-1.0796	-1.1419	-0.5582	0.1607	-0.6105	-0.8507	1.0514	0.5313	-0.5950	0.2106	0.6213	0.1160	0.2636	2.3613	-0.2799	-2.4430
1.6723	1.1152	-1.7759	0.3001	1.5657	-1.0392	-0.3901	0.6547	1.9497	0.9120	-0.0553	-0.5952	-1.3773	1.5709	-0.3346	-0.4139	0.8846	-1.5766	-0.5656	-0.3521	1.7051	0.2663	-2.2451	-0.0926	-0.2853	-0.1108	-0.3074	-0.5858	-1.0394	0.5241	0.9609	-0.9303	-0.9528	-0.5774	-0.5604	-0.0981	0.5566	0.3609	-0.6685	-0.2864	-0.5661	0.0814	0.1164	1.2187	-0.5262	0.4424	0.2711	0.3844	0.4871	0.7731
-1.1920	0.2805	1.1168	-0.1540	0.3109	1.5162	-0.7082	-0.2054	-0.3343	1.0427	-1.6739	-0.3166	0.4377	1.2058	0.5184	-0.6629	0.1152	-0.4567	0.4592	-1.4221	-0.1607	-0.0981	-0.4318	3.2999	0.2307	0.0151	-0.4382	0.9142	-0.3105	0.7607	1.2988	0.3224	0.0353	-1.2604	-0.0920	0.7718	0.2176	-0.4297	0.2073	1.7778	-0.0734	-0.3513	0.0383	1.2166	-1.3760	-1.6119	-1.3594	-0.3946	-2.7910	-1.5405
-1.1574	-0.7125	-0.1700	1.7490	1.0714	0.1915	0.3693	-1.1293	-0.9127	-0.4575	-0.8558	-1.0904	-1.6883	-1.1536	1.0585	2.1535	0.5614	-0.0448	-0.9971	1.0827	-0.0175	-0.7662	0.4147	0.5388	-0.5540	-0.7424	1.2212	-1.7364	-0.2059	-0.8323	1.3517	0.6855	-1.9796	-0.8432	-0.4218	-1.1262	1.1500	0.3545	-0.4312	-1.4672	-0.5062	0.4345	0.8111	1.1296	0.5212	-0.2233	-2.1446	-2.2658	0.4245	-1.0607
-1.1200	0.3150	2.2619	-0.6449	0.2173	0.1422	0.1670	-1.2556	1.8329	-0.4924	-1.1320	-1.2343	-1.4696	0.8134	1.7358	-1.1531	-0.4402	-0.5840	0.8733	-0.5098	-0.4252	-1.4295	2.1579	-1.1852	0.2547	-0.4832	0.6405	1.0653	-1.0724	-1.0560	0.1118	-0.2227	-0.8596	0.2902	1.0840	0.1295	-1.5336	-0.4251	0.5487	0.9766	-0.1563	0.3865	1.2695	-0.9071	-0.0473	0.5388	0.5821	0.4709	1.1755	0.2751
2.4111	0.1861	2.3364	0.0994	-0.9646	-0.9882	0.3208	0.3293	-0.2456	0.0012	0.2482	-0.2684	1.1581	1.0278	0.5852	-0.2867	-0.4863	-0.5199	0.5459	1.4123	0.1436	2.7557	-1.0612	-0.8798	0.0086	0.0837	-0.5688	1.5069	1.3417	-1.2970	0.2687	1.5098	0.6563	-0.4753	-0.7332	0.6408	-0.4130	-2.2944	-0.9079	-0.7373	1.8616	-0.0639	0.7619	1.2696	1.0096	0.6680	0.0634	0.1074	-0.5711	0.7469
-1.4059	-1.2835	0.7080	-0.4334	0.2224	-0.0707	1.2371	-0.1648	0.2736	-0.9883	1.8627	-1.0988	0.8457	0.4347	0.6666	-1.0125	1.0981	-0.1112	0.6042	-0.8554	-0.6132	0.1731	-1.4608	-0.2909	-0.1177	1.4933	-0.5242	-1.5697	0.0085	2.0051	-1.7400	0.6684	0.0254	-0.0121	0.1583	1.8017	0.4075	0.8730	-0.8647	0.1709	-1.6131	-1.1968	-0.5175	0.8083	-1.3385	-0.4820	1.3579	-1.5782	-0.1627	1.2746
1.0584	0.1125	-0.7678	2.1529	-0.9355	-0.7838	0.3700	0.3624	-0.8834	-0.3520	-0.7397	-0.6673	0.7437	-0.3291	-1.3494	-0.4738	-0.2017	0.9640	-0.8112	-0.7451	-0.5515	-0.6648	-0.3189	-1.0893	0.8187	1.3511	-0.5388	0.2550	0.0608	-0.9093	0.5962	-0.4366	-0.0738	-3.0171	0.3831	-1.8921	0.3881	-0.5115	0.5746	-1.9123	-1.5795	1.2942	-0.5307	1.3750	0.4404	0.9112	-0.8247	-1.3474	2.0876	0.1793
-0.1541	0.4396	0.4733	-0.0443	0.7173	1.4308	-0.4666	1.8317	-0.3331	-1.0136	-1.4643	-1.3071	1.4019	0.8685	-0.2176	-2.1624	0.4229	1.2901	0.5018	-0.0516	1.0511	-0.4303	-0.2453	-1.7371	2.3651	-0.5322	0.7233	0.1413	-1.5676	0.8198	0.9109	-0.6120	2.2731	-0.2476	-0.6311	-0.0768	0.0851	0.6274	-0.7106	1.6144	-0.6551	-1.9546	-0.2975	0.0018	0.1174	0.5757	-0.0367	-0.8899	-0.6062	-0.1835
-0.4719	-0.5195	0.1533	-0.7442	-1.0722	0.1248	0.9086	0.4528	1.6824	1.4628	-2.0407	-1.1414	0.0393	1.1291	-1.7289	0.1446	2.4985	-0.1334	0.1181	-0.1892	-1.2971	0.7288	0.1160	0.0936	0.4349	0.8417	-0.2228	-0.0841	-0.4997	-0.8426	0.3644	0.7221	-0.5613	-0.6781	-0.6521	-1.7663	0.1098	0.8140	1.2320	0.2410	0.2228	0.0768	-0.7085	-0.2726	-1.2504	1.2647	0.0970	0.0333	-0.1661	0.6284
-1.7056	1.7316	-1.4613	0.6913	2.7377	0.5148	-0.9263	0.4631	1.4517	1.5413	-0.0207	0.5677	0.1921	-0.4075	-0.5363	-0.7684	0.7632	-1.3763	-0.6472	-0.8850	-1.3479	-0.5216	-0.5434	-0.5081	-0.2389	-1.2960	-0.4633	-0.3883	1.0082	-0.1013	0.5788	-1.5950	-0.6019	1.8312	-1.5222	0.7230	-1.3758	0.7112	-0.9733	0.6805	-0.6313	0.4338	2.4736	-0.8263	0.6205	1.0793	-0.8763	-0.3295	-0.9769	0.4899
0.1479	1.2620	-1.3050	-1.1908	-0.0922	2.1721	-0.5807	0.2885	-1.3232	0.3226	-0.7921	-0.8577	1.4312	-1.2057	0.9615	-1.4727	0.3218	0.0846	0.0906	-0.8136	-0.0622	-0.7149	-0.8681	-0.3281	-0.7695	1.5663	-0.7044	1.2203	1.6298	-0.5907	-0.2074	-0.0183	-0.2881	-0.0524	2.0087	-0.5109	0.7268	1.2890	-0.4113	-0.0866	0.3182	1.3861	0.5301	-0.0844	-0.2686	-0.9948	-0.8297	1.1400	1.6006	-0.6244
1.7842	-1.2799	-0.1985	-0.5068	0.1622	0.2107	0.3382	1.6405	-0.4764	-0.9915	0.8154	0.4410	-0.0824	0.1391	-0.4679	-0.8529	-1.4308	-0.2816	0.7357	-1.8429	-1.9416	1.4783	0.0135	-0.1267	0.3799	0.5679	-1.6189	-1.0139	-0.0227	-0.2998	0.9736	0.7358	-0.7374	2.9117	-1.4474	-1.6285	1.2757	-0.3297	-0.4954	-0.9344	0.6798	0.7923	0.2194	1.4763	0.6450	-1.7898	-0.7254	-0.1868	-1.1863	-1.3860
-1.3581	-0.3727	0.2247	-1.3446	1.7850	-0.9338	-0.2554	0.8488	-0.3320	-0.3838	1.3219	0.3673	-1.3136	-0.9402	-0.1826	0.6884	0.6957	0.6121	0.5886	0.8983	0.2575	0.5555	1.0243	-1.0132	0.4694	0.3116	-0.6797	0.6077	-0.7608	-0.4577	0.5955	0.3803	-0.0120	0.4834	0.7127	0.4479	0.4976	-1.4366	0.3874	0.0496	2.1435	1.6764	-0.1909	-0.0239	-0.5590	1.7045	0.5939	-0.3800	0.7259	0.2087
-1.2337	-0.5029	1.3467	-0.7976	1.4905	1.3165	0.2044	2.1101	-0.5034	0.4403	-0.8889	0.4740	0.7037	-0.5150	-1.2495	0.1332	0.1279	0.9220	1.5809	1.5023	1.7855	0.6150	-0.6863	0.2099	-1.1805	-2.2560	-1.0491	0.6008	0.7624	1.3539	-0.3055	1.3996	-0.4945	0.8029	-0.2851	0.2495	-0.2136	1.0060	1.9841	0.3472	-1.3443	-0.8613	1.9110	-1.2754	0.2615	-0.5249	0.1175	-0.6524	0.0620	-0.6825
0.0191	0.2538	-0.0484	1.5946	-1.2473	-0.3310	1.6503	-0.7350	-2.8908	1.2507	-0.2476	0.2835	1.0184	-0.1693	0.5187	0.1330	-0.2646	0.9653	-0.1105	-0.8053	-0.5065	0.2800	-0.4002	1.5411	-0.0851	-0.8638	-2.1166	-0.8899	-0.6741	1.4645	0.7965	0.1869	0.7143	1.0205	2.3481	1.2198	0.9619	-0.3479	-1.1281	-1.1358	-0.0655	0.7384	-1.2692	-0.1132	0.0043	0.2766	-0.4025	-1.6158	-0.0793	0.4380
-0.1764	-1.0110	-0.5878	0.4177	-1.5792	-0.2885	-0.6781	-0.4240	1.2005	-0.2913	-2.0881	-2.2188	0.6207	-0.5113	-0.5728	-1.9858	-1.0855	-0.2428	1.2674	0.3563	-0.6442	0.3200	0.3939	1.2920	0.8413	0.4398	-0.1452	-2.2936	0.4060	0.2611	0.3727	0.3586	0.0622	-0.2673	1.0072	0.2752	-0.8924	-2.0795	0.8671	1.9672	-1.2067	0.9865	-1.2294	1.0229	-1.3948	-0.2230	-0.0464	-0.1528	0.2753	-0.9866
0.1521	-1.6108	-2.6507	-1.2506	0.2581	-0.0957	0.5711	0.8605	-0.3450	-1.9271	0.5633	-1.8119	-1.0869	1.1669	0.0378	-0.9294	-2.4204	0.4153	-0.8827	0.5319	0.4161	-1.1853	-0.8728	-0.8793	0.4626	4.0228	-0.7705	-0.0728	-0.9020	0.0084	1.5209	-1.1989	0.5778	0.0413	0.4878	-0.6085	0.6722	-0.7371	0.5829	0.2265	3.2447	-0.9110	0.1366	-1.3345	-0.0655	0.4396	-1.0911	-0.1790	0.1598	0.7384
0.0876	-0.6030	1.1499	0.0703	1.3223	1.1247	-1.0489	-0.0654	1.4153	0.7686	0.7233	0.8911	0.8726	0.3614	0.3789	0.5892	-0.8692	-1.7892	1.0900	-0.3903	0.9659	0.1387	0.1192	-0.8360	-1.0486	-1.3268	1.5669	-0.1807	1.5592	-0.7580	-0.1209	-0.0825	-0.5281	0.5823	-0.6080	-0.9863	-0.9731	-0.6005	-0.0135	-0.4548	-1.8553	-0.1736	0.7665	0.7026	0.1012	1.2466	-0.5215	0.1638	0.8711	-0.0219
1.3514	-1.7936	0.2375	1.5843	1.6563	0.9329	0.1258	1.4150	-1.0968	1.2338	0.0667	1.1804	-0.5975	-0.3333	1.0337	-0.5400	-0.9811	0.1531	1.8453	-1.1728	-0.6597	-1.3507	-1.1319	-1.5271	-2.5782	0.9985	0.9023	0.5158	0.1002	-0.4073	-2.3387	-0.0378	0.0007	1.1109	1.7094	-1.1590	1.8494	1.4344	0.5575	0.6358	1.4808	1.4009	-1.3107	0.4718	-0.1516	0.9544	0.1566	-0.2195	0.3570	1.3371
-0.7112	-0.6149	-1.6446	0.5498	-1.4177	-0.8534	-0.6566	-1.0577	-0.8490	-0.1525	0.7354	-1.5801	0.1341	-1.1941	0.7321	-0.2595	0.7873	-0.3564	2.4121	-0.2009	0.5625	-0.7809	-0.7303	-1.3144	1.2280	1.3507	-1.8827	0.6978	0.0977	1.2808	0.5411	-1.2390	0.2290	0.1374	1.1271	0.7734	-0.5287	0.3419	-0.0713	-0.6180	-0.5922	0.0760	-1.3025	-1.0203	-2.0494	0.6393	0.9949	-2.0669	-0.0540	1.3029
-1.8943	0.1117	1.4009	-0.6533	-0.3366	-1.0162	0.5850	-0.5350	-0.2771	-1.3897	-0.2553	1.1065	0.9855	0.7543	0.2847	1.2268	-0.3674	0.0099	-0.0817	1.8127	0.4789	1.2109	-1.5838	1.3624	-1.0034	-0.5918	0.5312	-0.1498	-0.1293	-0.4002	-0.4212	-1.0074	-0.1513	-0.6819	-0.4802	1.5860	0.5472	0.8458	-0.5826	0.1078	0.2212	-0.4747	1.9723	0.5523	0.5497	1.5762	-0.5707	0.9262	-1.9118	0.3122
0.6004	-1.8956	-0.4861	0.3101	0.0742	-0.5981	-0.4414	-0.5312	-0.6442	0.3173	0.0044	-0.3534	-0.7192	1.1499	-0.4994	0.4932	0.7337	0.0158	-0.3569	-0.7118	2.7671	-1.6090	0.5069	1.3998	-0.1345	-0.3793	0.4852	-1.9170	-0.8568	-0.5591	-1.7382	1.1061	0.8759	0.2309	1.0899	0.6246	1.4809	-0.9437	-0.6082	-0.3420	-0.5497	-1.5726	1.0928	0.5450	-0.3669	0.6384	-0.9769	2.0532	-0.1871	-1.5580
0.2704	0.7951	0.1591	0.2505	0.3677	-0.4104	0.5800	-0.4269	0.8191	0.4783	-0.5624	-0.5501	-0.0709	2.2239	0.3584	-0.6468	-1.3524	1.2172	-1.3583	0.1703	-0.5576	-0.6547	0.6224	-0.7786	-1.5833	0.2806	-0.0956	0.9096	-1.1323	1.0445	0.6979	1.3768	2.7504	1.0297	-0.3036	0.4168	1.7012	0.2320	0.2888	2.3263	0.6068	2.3301	0.2068	-1.0003	-0.6644	-2.2134	1.9580	-0.5478	0.8708	0.7647
0.7431	0.2250	-0.8692	-2.4757	-0.9734	-1.1447	-0.0151	1.6613	-0.7163	-0.2131	1.3988	0.1034	-0.7178	0.7681	0.3299	-1.2786	0.4209	-1.5997	-0.0370	-1.4792	-1.6871	-0.6978	-0.0746	1.2278	-0.4205	0.7794	-1.0008	0.0327	1.1069	-1.4699	-1.5880	0.5715	0.6695	-0.2818	0.8742	-0.9774	-0.0471	0.4534	0.5570	-0.5614	0.3784	-0.7715	-0.0134	0.0660	0.0697	-0.5964	0.7099	-0.7152	-0.3009	1.8212
0.0535	-0.8020	-1.3056	-0.9783	0.5705	0.3255	1.1509	1.0092	0.0390	-1.9712	0.0828	0.0937	-2.5052	-1.4501	-0.2593	0.3023	-0.1413	-0.4994	-0.4260	1.2052	-1.6752	-0.6184	-0.2722	-0.5384	0.0114	-0.7441	1.5406	0.4318	-0.7058	0.5970	-2.0762	0.0467	0.4249	-0.4565	-0.8588	0.7061	0.0760	0.8206	0.2439	0.1274	-0.7308	-0.3449	-0.3712	-1.0203	-0.0233	-0.5426	-2.3465	-0.7201	1.8976	0.1718
0.1799	-1.4860	-0.7535	-1.7911	-1.0863	1.8721	0.2222	0.8302	0.7171	-0.3231	-1.5011	-1.6210	0.5653	1.2640	1.4956	1.2606	-0.4376	0.7611	-0.7192	0.6973	-1.2870	-2.3369	0.1543	-1.2447	-0.0614	-0.0377	-0.9065	0.2633	-0.0573	-0.8889	-2.0291	-1.2433	0.6509	-1.1436	0.7919	-0.3278	-0.7686	0.7039	-1.4175	-0.7064	0.0591	-0.5985	-0.2997	1.7766	0.6607	-0.0609	-1.4897	-0.7346	-0.4135	-0.6901
-0.7593	0.9796	0.8885	-0.3349	0.2625	-0.3492	0.0136	-1.1993	-0.6233	0.2997	-0.4600	-0.0151	0.7326	-0.0441	0.2442	1.4265	2.0398	-1.0214	1.4955	1.8815	-0.0525	-0.3904	0.0586	0.7329	-0.3823	-0.4159	-0.0140	1.8044	0.3835	-1.2766	0.9445	0.8798	-1.0574	1.8146	-0.8893	-1.2518	0.8947	0.7054	-2.0114	0.8665	0.1510	-0.9002	0.3867	0.1838	-1.8363	-0.6470	0.5911	1.9489	-0.5307	0.4047
0.0138	-0.6408	1.6755	-0.8944	0.2770	0.2770	1.2108	-0.3553	-1.7807	-0.0132	1.2974	-0.1665	1.4999	-0.5832	-0.8945	-0.1964	1.1010	-0.7255	-0.1855	-0.1696	1.2476	0.2199	-0.4914	-0.3351	1.2175	-1.3159	-0.2048	2.2758	0.6171	-0.4614	-0.8438	1.1366	0.5111	0.7658	0.9809	0.8983	-0.2343	0.9270	1.5184	-0.9565	0.0785	-0.3023	-1.5412	-1.2507	0.6790	0.4686	0.8970	-0.2634	-0.8193	-1.2268
-2.1445	0.2975	1.1478	0.3231	-0.1776	-0.7632	-1.2210	1.3948	0.4650	0.5241	1.4037	0.7720	0.3294	0.9931	-1.0140	-0.9769	0.2103	1.3283	0.4063	-0.7123	-0.3419	-0.5441	-1.2920	1.3869	-0.0210	1.2687	1.4073	-0.1424	-0.3936	-0.2370	0.3334	0.4754	-2.0153	-0.6793	-0.3225	1.5157	-0.5505	-0.4608	-0.0682	-0.5353	0.5382	-0.9776	-0.3800	-1.0716	-1.4148	-1.1841	-0.3055	0.6199	1.1510	2.0439
0.9379	-0.1915	-2.2391	-0.4269	0.5296	-0.7028	0.5669	0.5568	-0.2081	-2.6442	0.5912	1.3545	0.3217	1.3877	-1.6888	0.2121	-0.4094	-1.0238	-0.2431	0.3323	0.8870	-1.0627	0.2845	0.0144	1.5438	0.2108	1.8017	2.0440	1.4705	-0.8848	2.1416	1.6088	-1.0322	0.2691	0.9011	1.1367	1.2364	1.7305	-0.3378	-0.4844	0.2456	-1.0369	-1.9060	0.7257	-0.8009	0.0599	-0.1317	-1.4360	-1.2364	0.7798
-1.0581	1.2008	-1.2907	-0.2903	-0.5806	-0.8852	0.4052	-0.5036	1.1677	0.5022	0.7543	0.4386	0.4728	0.1149	1.0196	1.1945	-1.3120	-1.4434	-0.4005	1.2649	2.1034	0.4610	-0.2330	0.7969	0.8528	-0.1397	0.6501	-0.3157	0.5165	0.5462	-0.3624	0.6960	1.1142	0.5619	0.7443	-1.7802	-1.8250	0.5795	-0.0468	-1.3255	0.3346	0.7351	-0.7313	1.8465	-0.5042	2.3636	0.9362	0.0865	-0.8277	0.9958
-0.3373	-0.6898	0.2699	1.1789	-0.5625	0.8518	-1.8731	0.6192	0.6440	0.0950	-1.4754	-0.1693	0.1045	-0.3425	1.9967	-0.3908	-0.7087	-0.3588	0.2919	1.5309	-0.8724	-1.5229	-0.0220	0.6640	0.5625	0.7372	-0.1041	-0.0901	-0.0110	-0.2524	-1.3031	1.1189	0.3175	-0.3369	0.2591	-0.3421	-0.5730	-1.5045	1.4371	-0.0704	1.3775	0.0664	-1.9637	1.2992	1.4925	-0.8034	0.8956	-0.6162	-0.6232	-0.8564
-0.4119	-0.0491	0.8720	1.6994	0.5104	0.2329	0.7486	-0.0817	-0.4756	0.7316	0.0330	-1.5144	-1.4848	-0.2465	0.8307	-0.6261	0.9279	-0.5882	1.5402	0.3080	0.2570	0.1856	-0.6904	0.8123	0.7205	0.6208	1.1229	0.5767	-0.1639	0.6569	0.5070	-0.1845	1.2097	-0.1430	0.1644	-2.2630	0.4907	0.5120	-0.2861	0.2465	1.5062	-0.6724	-0.9959	0.1685	0.1282	-0.3296	1.0441	0.6621	0.2556	0.4446
0.2216	-1.7218	0.6451	-0.8119	-0.7602	2.0127	-0.1982	0.4790	-1.4003	-0.4406	-1.0619	-0.0302	-0.1401	-0.8445	0.0356	-1.1961	0.1234	-1.0037	-0.3215	-0.5098	0.4666	-1.1859	1.3783	0.2902	0.0456	-1.2045	1.1823	-0.6744	-0.1765	0.4414	-1.1689	-1.8450	-1.1754	0.4519	-0.5756	-0.4412	0.3014	0.5195	-0.2874	-0.4268	-0.8955	0.9176	-0.7187	0.2065	-0.7793	-0.0038	0.2024	-1.1042	-0.9624	-1.4729
1.4877	0.4627	-0.1914	0.1664	0.1313	-1.4063	-0.4439	-1.3716	0.8879	-0.4371	-1.1548	-1.1512	-0.7969	1.0514	0.6981	-1.3732	-0.0817	-0.0614	0.0546	0.0586	-0.1664	0.7254	0.4619	0.2642	-0.2076	0.4004	1.7728	-1.2354	0.1742	-0.2998	-0.5744	-0.7803	0.2509	2.0707	-0.9847	-1.4760	-0.0925	0.5962	-0.5683	1.1779	0.6766	0.6119	-1.0899	-0.2783	0.1029	-0.3233	-2.3557	-3.4140	1.2231	0.5005
-0.3584	-0.1126	-0.3498	-1.8040	0.9920	-0.4561	-0.6361	0.1741	0.1365	-0.6333	-0.6382	-0.2161	0.9997	0.0812	1.9537	-0.7046	0.6057	0.3663	1.6506	0.2861	-0.1943	-1.2517	1.9807	-1.4133	-0.8144	-0.4121	1.3757	-0.8168	0.6877	-0.4909	1.8609	0.1589	0.9448	0.4898	0.4314	0.1503	0.2979	-0.3895	-0.9688	1.0857	2.4751	-0.2924	0.0635	-1.5763	-0.9719	1.3420	0.2931	-1.5673	0.6203	-0.0423
0.0796	-0.5564	-0.0748	0.5790	0.8705	-0.7908	-0.1994	0.7192	1.1495	-0.4430	2.0038	0.0598	-1.1761	0.7948	0.4262	-1.8568	0.1861	1.0095	0.9377	0.2352	0.8170	0.2970	-0.4625	0.2009	-0.2643	0.1922	1.6409	-0.3281	0.6141	-0.1920	0.0075	1.2353	-1.0188	0.5432	0.9815	-0.8416	-0.3808	1.6833	0.8359	-0.1392	0.7648	0.2576	-1.3853	1.6080	0.4930	0.6897	-0.3081	0.2617	1.5908	-0.3453
-0.2886	0.3400	-1.6060	-0.5490	-1.2725	0.2234	-0.7382	-0.5299	0.3336	0.7075	-0.0069	0.9746	-1.3991	2.0254	0.3451	0.2315	-0.2486	-1.0594	-0.6694	0.8533	0.7226	0.1454	-0.1323	-0.5304	-1.4915	-0.4226	0.4068	-1.8869	1.1253	-0.9187	0.1194	1.2627	0.0214	1.8021	-0.0292	-1.2401	0.5209	-0.8080	-0.4917	0.6043	0.8092	1.1227	-0.6535	-0.7749	-0.3537	0.6855	1.2741	-1.3011	-0.2124	0.8691
-0.1401	0.8364	0.1196	-0.1739	0.2542	-0.4615	1.3194	-1.7018	-0.0811	-0.6126	0.9625	0.4547	0.6118	-0.3586	-1.6145	-0.8572	-0.2978	0.9033	-0.4120	-0.7352	0.7959	-0.1255	0.5259	-0.4120	-2.7581	0.1596	0.8043	-0.8421	0.1196	-0.3113	0.6726	0.6224	-0.4815	0.6574	-0.7486	0.7231	-1.0119	1.1969	-1.8645	0.3735	0.1111	-1.5149	-1.9715	-1.2076	1.3002	1.6358	-0.2385	-0.5295	0.7973	0.8614
-0.7072	-0.6525	-0.5407	-0.3145	-0.8268	-0.0424	-2.5410	0.0788	-1.7920	-1.4967	0.1738	-0.1943	-1.3647	0.1433	0.2588	0.5835	-0.0636	1.6900	0.1384	0.1847	-1.0178	-0.3342	0.3700	0.5395	-1.2347	1.4326	-0.3507	0.0838	0.6727	0.5634	-0.3317	0.4244	-1.3814	0.4016	-0.0027	1.7415	-1.1923	0.4538	0.1245	1.1864	0.6410	1.1496	1.5967	-0.3017	0.6213	-0.4117	-0.1075	-0.4314	-1.7301	0.7668
-1.9941	1.0953	1.6070	-0.9397	-0.7556	1.6836	2.3809	-1.5619	-0.5136	-0.3317	1.3619	-0.3068	-1.2111	-1.0428	-0.6895	1.3103	1.3580	-0.1295	-0.3860	0.5886	1.9934	0.5578	0.5384	1.4252	-1.1850	0.7712	1.0456	0.0708	-1.2274	0.4042	0.4051	0.1004	-0.3630	1.1077	1.1657	0.4663	-0.9308	1.0801	-0.5954	-0.5549	-0.5380	-0.0296	-0.4262	-0.5673	0.9457	-1.5625	0.0462	-1.1952	-1.2083	0.3200
2.1731	-0.1972	0.7173	-0.1642	0.2239	0.3267	-0.1136	-0.4268	-1.1832	-0.2576	0.2965	-0.0697	-0.3435	0.9048	1.5008	0.0229	0.2310	0.6746	-0.5971	-0.5486	-1.3268	1.5610	-0.6379	1.1685	-0.6040	-2.1625	0.8349	0.7369	-0.3179	0.7525	1.5857	0.4398	0.4215	0.7930	1.2316	-0.9915	-1.1053	-0.5167	-0.4397	0.9681	-0.9874	-0.8376	1.2341	-1.6588	0.5653	0.6574	0.3783	2.0923	0.8246	-0.7195
0.0836	1.4855	-0.5362	-0.1829	-1.3811	-1.4555	0.3380	-0.7884	-1.2950	0.8579	-0.4244	0.9202	0.7402	-0.1539	0.2253	-0.7198	-1.3086	0.7703	-1.7495	0.4515	-0.6864	1.8341	-0.9944	-0.6168	-0.6222	-0.5133	0.2089	0.4118	-0.5347	0.1846	-2.4156	0.1432	0.2908	0.3802	0.2813	0.2822	-1.4429	-1.4001	1.1205	-1.0433	-1.6872	-0.0145	1.6194	-1.0518	0.9788	-0.0337	1.6530	0.3156	0.6710	0.9478
-1.6606	0.5597	-0.2593	1.0291	-1.0710	1.3166	-0.2410	0.7002	-0.6589	0.2621	-0.0468	-0.7945	-0.6201	-0.1790	0.7179	-1.0377	3.1067	-0.2927	0.2733	-0.9662	-1.2733	-0.5706	-0.3576	-0.7137	0.1677	0.8933	-1.8754	-0.0314	-0.8063	0.1063	0.7232	-0.8997	-1.5531	0.4185	0.1150	-0.4383	-0.6115	1.6085	-0.3581	1.2245	0.5299	-0.4504	0.8420	-0.7999	1.3174	0.9119	0.0953	0.3579	0.5106	-2.1567
0.0569	1.2419	1.1799	-1.1206	-0.2836	-0.1304	0.3831	0.3004	0.6083	1.2792	-1.5249	-0.4054	0.9367	-0.3422	0.2530	-0.1177	-0.6751	0.5780	1.9076	0.0924	1.1935	0.0880	0.8914	-1.1384	2.4586	0.2729	0.4820	2.2494	-0.5056	-0.8885	-0.8781	0.2298	1.1903	-0.3675	-1.6052	-0.2031	-0.1471	-0.2117	0.6373	-0.6222	1.8414	-1.0130	-0.7844	-1.5504	-0.0092	-0.3099	-1.2583	1.2913	-0.2926	2.0886
0.4081	-0.7350	0.7879	0.5541	0.9092	-1.0404	0.5592	2.2056	-0.0678	0.2114	0.5228	-1.1442	0.3764	-0.0146	-1.2413	-0.9030	0.8382	-1.2547	-1.2374	-0.9545	-1.0725	-1.5696	-0.1378	0.2623	-1.3562	-1.2313	0.3124	-0.0941	0.9700	0.7723	-0.9253	-1.3500	0.7900	-0.2829	0.3069	1.2382	-0.2044	-0.0928	-0.0045	1.3425	0.5981	-1.4388	0.0731	-1.4737	-1.3064	-0.8415	-1.1633	-0.6999	-1.4943	-0.0009
-0.3489	-1.5799	-0.2507	0.8784	-2.5676	0.8660	-1.4811	-0.1091	-0.7695	-0.0848	-2.3642	0.3338	0.5646	-0.6483	0.4788	0.4355	1.1812	-0.2653	-0.0294	0.6726	0.4341	-0.3010	2.1304	-0.9458	-0.9257	-0.9497	-2.4260	-2.4455	-0.7975	1.7173	0.7964	-0.1919	-0.0817	0.6632	0.3238	-0.5676	0.0655	-0.6423	-0.1176	1.3674	-0.4640	1.0914	-0.6624	-0.8114	0.5749	1.2352	1.7416	-0.6680	0.7286	-1.1031
2.4119	-0.7997	0.5000	-1.4277	-0.3102	1.1168	0.2011	-2.0503	-0.5332	0.0863	-1.2956	0.2358	0.1936	0.2571	-1.0865	-1.2245	-0.2543	-1.1048	-0.4565	1.3311	0.7214	0.4249	-0.4269	1.4942	0.0649	0.2794	0.0417	0.5402	-0.4233	-0.3248	-0.0025	-0.0554	-1.4663	1.5218	0.5691	-0.8524	-1.4312	-0.6022	0.5207	0.0059	1.1849	-0.9947	1.6318	-0.3530	-0.5698	-0.0568	-1.6407	-1.0093	2.0097	-0.9384
-0.8619	-0.4255	-1.6457	1.4316	-0.8396	1.1442	-0.2010	1.5585	-1.4775	0.9374	-1.3498	-1.2068	-0.9809	0.4585	-0.0648	-0.0395	0.5511	0.4982	1.5119	1.9727	1.5512	-0.3639	-0.2545	0.9506	1.0940	0.0134	0.7143	-1.3643	0.8864	-0.9159	-0.8064	-0.3396	-0.1428	0.2388	1.7662	-2.5808	1.0637	0.4190	1.0445	0.5918	0.5406	-0.1521	0.2670	0.9653	-1.1452	2.6394	1.7907	-0.3684	1.3033	0.0733
2.1028	-0.3426	1.2322	-0.3202	0.0252	0.3367	0.1880	-0.8729	-0.7211	-1.1778	0.9431	-1.0068	-0.0994	-2.1291	-0.2796	1.2468	-0.0956	0.6448	0.5382	-0.2082	-0.5936	-0.3397	-0.2391	1.2479	0.8136	-1.8299	-0.9145	-1.6684	0.7956	-0.0055	1.3856	-1.5565	0.0864	-0.2037	-0.7534	0.6461	1.0446	-0.6840	-0.1250	1.1487	-0.8532	0.8172	0.1532	-0.3414	-1.4688	-0.2116	-1.0769	0.0717	0.4560	-1.9291
-0.3520	-1.5536	-1.3917	0.1113	0.6316	0.3117	-0.9188	0.2642	-0.5401	0.4129	1.0665	0.1081	0.0046	-1.7519	1.2903	-0.1981	-0.3538	0.4401	-0.7153	0.4748	-0.9706	-1.6243	0.6962	-0.2980	-1.5201	0.8391	-0.1975	-0.6089	-2.0450	1.8744	0.4181	0.4692	0.9689	0.4367	-0.7872	0.6178	0.4887	-0.6636	-0.2464	0.1547	0.0874	0.5090	2.5754	1.7892	0.9937	-1.6144	0.9174	0.6578	1.9839	-0.9840
0.5808	0.6506	-0.7683	-2.3044	1.2751	-0.8377	0.9639	1.5582	1.5954	-0.1518	0.4454	-0.9319	0.2322	0.1483	-1.5680	-0.5220	0.4600	-0.5078	-1.0186	-0.4644	0.7066	-0.2219	-0.7000	1.3476	-0.0927	0.5192	0.5959	0.4773	-0.0475	0.5531	0.4196	0.5330	-0.5588	-1.0588	-0.9273	1.0198	-0.7871	-0.3174	-0.7437	0.4738	0.1875	0.0966	-0.6414	-0.0280	-0.4253	1.5631	0.2488	0.9745	-0.1189	1.3717
-0.5944	-0.0495	2.8575	0.2985	-0.3288	1.1505	0.6642	-1.6610	0.0788	0.2143	-0.4512	1.8190	-0.1926	0.0425	-0.9902	0.5351	-0.8169	-0.8065	-0.5833	0.5219	0.4674	0.7358	-0.9809	0.9030	2.1898	1.2477	0.2762	-0.6869	0.2751	0.6564	-1.1836	-0.2166	1.6476	0.6616	0.5755	-0.7084	-1.6068	1.6415	-1.8155	-0.3942	1.5835	0.7647	0.4557	-0.9522	0.6572	-1.0239	-0.5156	-0.3147	2.4467	1.4394
0.6968	0.1911	0.0766	-0.6886	0.4716	0.7907	0.7963	0.9757	0.3658	1.7248	0.4344	0.2900	-1.4359	1.5627	-1.4071	1.3490	-0.8673	0.2587	0.4528	0.2358	1.1527	0.9378	0.7302	0.7018	-0.2016	-1.1888	-0.8430	-0.0259	1.4315	-1.3999	0.0047	0.2040	0.1961	-1.1934	-0.2009	-0.5439	-0.5406	-1.0064	0.0613	-1.6507	1.3117	-0.9140	0.2610	-0.3940	-1.5039	1.8198	0.5865	-0.9696	0.5892	0.7369
0.1547	-1.4753	-2.2236	-0.3225	-1.3352	-0.6841	2.3815	-1.2766	-0.0968	-0.0266	0.5256	-1.0672	-0.1888	0.3335	0.4726	-1.3233	0.6332	-0.9012	0.5198	-0.4368	0.2667	0.5888	-0.4140	-0.9413	1.4015	0.7697	0.0627	0.3660	0.9923	-1.1636	-0.2784	-1.3219	-1.4991	1.5257	1.2491	-1.4819	-0.3461	1.2539	-2.2976	0.0903	-0.6424	-1.0276	-1.3601	-0.3103	-0.2644	0.0858	0.5687	2.0294	-2.8161	0.8027
1.0706	-1.4847	0.1349	-0.5033	-1.1064	0.2899	-0.5897	0.2252	1.1265	0.3642	-0.1824	-0.3097	1.0887	-0.3142	2.4772	0.4284	-1.7474	-2.1764	0.9409	-0.2246	-0.6385	0.9479	-0.6687	-1.1492	1.6790	0.5535	0.0828	2.8799	-1.7826	-0.7179	-1.6820	-1.2214	-1.9851	1.7783	0.7549	-0.1901	0.7621	-0.1020	1.6957	0.3731	2.9659	0.6956	-1.7025	0.3465	0.8626	-0.0925	0.6689	0.8798	1.0794	-0.4403
0.8835	0.8352	0.7590	0.0192	-0.4837	-0.4112	1.0323	0.1778	-0.2973	0.5149	-1.1941	2.6214	-0.6381	0.1842	1.4399	-0.9372	0.6908	-0.8499	0.8834	-0.4292	1.5458	-0.3034	-0.3100	0.6963	0.4896	0.4623	-1.1157	-0.4200	-0.5988	0.2067	-0.4355	-1.1847	0.0689	-1.4870	1.0630	-1.8160	0.2489	0.7282	0.3399	0.7236	-1.1284	0.3720	0.4586	2.5773	-1.0913	-0.6648	-0.3548	-3.4336	0.5178	-0.5336
-1.5256	-0.2115	-2.4868	0.1986	2.2800	-0.5231	1.9444	0.3689	0.9865	0.1250	-0.4944	1.3512	1.8777	0.4621	-0.2807	0.3094	-0.7605	0.7457	0.3508	-0.9908	-1.3308	0.2772	-1.6072	-1.0556	-1.2522	1.8455	0.7861	-1.4170	1.2493	-0.5343	0.7618	0.4044	-0.1351	0.1168	-2.2502	0.6367	0.1426	-1.7438	-0.5592	0.2365	-0.2827	0.6584	1.1199	0.7148	-2.3175	0.3220	-1.0221	0.5098	-0.6391	0.7992
-0.3291	0.8576	-1.9260	0.1220	-0.3409	0.0150	-1.1607	-0.2756	-0.1733	-0.2466	1.6977	-1.7098	-1.1431	-0.6437	-0.3292	-1.0678	-0.9011	-1.1250	-0.1791	-0.9000	-0.2055	0.3852	0.2446	0.5368	0.7295	0.5814	-0.0907	2.0817	1.3850	0.5045	1.0433	1.3479	0.3971	0.0511	-0.0589	0.0628	-0.8503	-0.6570	0.5438	-0.6602	-2.1347	-1.5595	0.8235	-1.3576	0.4103	1.1409	1.9219	-1.0967	-1.5707	1.1221
-0.6025	-0.3073	-0.0879	-0.2736	-0.1352	0.2535	-1.4496	0.4080	0.6168	-0.7660	-0.7068	0.1826	-0.0421	-0.7052	0.1876	0.1399	-0.4562	1.3718	2.1098	-1.1127	-0.5696	0.5961	0.6792	0.7669	-0.0947	0.6642	-0.6273	-1.1177	-2.1163	-0.5214	0.0675	0.9088	1.0820	-1.0874	0.3368	-0.9434	0.4671	-0.1557	0.0618	-0.7567	-1.2325	1.0610	-0.0808	0.5850	0.3127	1.0803	0.5029	-0.1945	-1.6947	-2.0585


