
X1	X2	X3	X4	X5	X6	X7	X8	X9	X10	X11	X12	X13	X14	X15	X16	X17	X18	X19	X20	X21	X22	X23	X24	X25	X26	X27	X28	X29	X30	X31	X32	X33	X34	X35	X36	X37	X38	X39	X40	X41	X42	X43	X44	X45	X46	X47	X48	X49	X50
-2.0272	-0.7637	-1.0234	2.2514	0.5392	0.6033	-0.0431	-0.6629	-1.8393	-0.2680	-0.0507	1.3692	-0.6629	1.3627	0.6946	-0.3521	-0.3790	2.3840	1.3092	1.0754	0.1406	-0.2968	-1.6387	-0.5383	1.4147	1.5874	1.1184	-0.3805	1.2680	0.6066	1.0192	-0.9087	-0.9184	-1.4344	-1.2582	0.4389	-1.7534	2.0474	-0.7013	-0.4734	-0.3214	0.5178	-1.8594	1.6893	-0.3321	1.7062	1.4624	-0.6853	-1.4075	-1.5479
-0.2306	0.4034	-0.7551	0.6941	1.2116	-1.0382	-0.6305	2.3360	-0.2859	0.5778	-0.0021	0.7185	-0.0963	0.7455	0.2373	-0.7252	0.5484	-0.6778	1.5570	-1.1432	1.8218	-2.1862	-0.8050	-0.6951	1.0531	-0.2642	-1.1266	-0.8139	-0.9376	-1.3434	0.5220	1.1384	-0.1251	0.8752	1.0484	1.4421	1.2411	-0.3805	-0.8487	-0.2490	0.2954	-0.2225	0.4756	1.5989	1.2401	2.2209	0.6423	-0.6443	-0.9925	0.8423
-0.2125	-1.3855	1.2088	0.4430	-1.4806	0.3134	-0.3850	-1.3360	1.1183	0.2591	1.3059	0.2306	0.5239	-0.4589	0.4277	-0.8975	-0.5387	0.4080	1.5997	-1.2788	1.8216	-1.4435	-0.4855	-0.1898	0.5264	-2.0927	0.8660	0.5119	0.3719	1.9138	0.5613	-1.1872	-0.9832	0.8766	2.2983	-1.9000	-1.8219	0.6575	-1.0455	0.0201	-0.2991	0.5201	-2.3651	0.7179	0.1011	1.5929	-0.2765	-1.8815	0.3044	0.4532
0.0650	-0.1960	1.3711	-1.1186	1.5296	-1.8913	-1.2475	-0.4339	-0.5614	0.9742	1.3429	0.1294	0.5344	-0.2543	-0.2828	-0.0785	2.5938	-1.3230	1.3415	0.4545	-0.5899	-0.0811	-0.2514	-0.1286	-0.6132	-0.1699	0.7176	1.4797	-0.5412	-0.4450	-0.1916	-1.4892	0.6310	-0.4343	-0.3108	-1.0321	-0.7627	2.5769	-0.1794	-0.9625	-0.3350	0.8985	1.5567	-0.8616	-0.8100	-1.1980	-1.8532	1.2858	-0.6422	-2.0275
-1.1973	-1.4600	-2.1897	0.4583	-0.6456	-0.3298	0.0614	0.0532	0.7575	0.5481	-0.5868	0.3423	-0.2821	-0.7759	0.2490	0.3841	-0.2894	-1.0710	0.6057	-1.5503	-1.7837	-1.9210	0.9910	-0.0826	0.1241	0.8220	0.2024	-0.4182	0.7929	0.1330	-0.4132	0.6377	-0.0327	-2.1176	-0.5267	0.9754	-0.1700	0.2640	0.5682	-0.7225	-0.6236	1.6057	1.0742	2.0803	-0.3487	-1.6501	-0.3310	0.2185	-0.4504	1.4836
-1.0174	0.1324	0.6908	2.0432	1.9463	1.4345	1.0863	0.1971	-1.0634	0.5659	0.8770	-1.3001	0.8096	0.1436	-0.0228	1.2248	-0.0487	2.9417	0.4776	0.0694	2.1270	-0.0012	1.0436	1.4572	-0.6502	1.5104	-0.1668	0.4060	-1.8361	-0.5600	2.1991	0.2349	0.9831	-0.7855	0.6634	-0.2078	-0.0965	0.0003	0.2613	1.2791	0.6973	-1.1778	0.9128	1.8517	-1.7276	-0.3231	-0.6836	-0.6093	-0.1150	-1.0629
0.6493	-2.2487	0.1108	1.3399	-0.2237	-1.3175	2.0140	1.5557	0.8379	0.7658	0.5561	1.1678	-0.9789	-0.1255	0.2949	-0.2173	-1.1389	-0.7939	0.4042	-0.3896	2.1915	0.1622	0.5451	0.2358	-0.4631	-0.5427	-0.7548	-0.3256	0.2789	-0.0200	-0.7581	1.2624	1.4342	-0.7635	0.9548	-0.2696	0.7517	1.4532	0.8435	0.1993	1.2007	1.6848	-1.2589	-0.3294	-1.1575	0.7678	-0.2828	0.2515	-0.0334	-0.8893
-0.1049	-0.7032	0.1725	-0.2177	0.3997	2.0390	-0.1831	-0.2604	-1.0963	0.8211	-2.0070	2.0707	0.8304	0.8614	0.3355	-0.3580	-0.1438	1.0587	-1.4046	0.6254	0.3893	0.6372	-0.5159	1.3129	-0.0521	1.1337	-0.9403	-1.5114	-0.8582	0.0275	0.4328	-0.1036	-1.0487	-1.3377	-2.2112	-1.4885	1.2405	-0.1608	-0.7681	-0.7107	1.0209	-0.1582	0.8641	-0.6704	-0.0204	1.0894	0.4338	-0.2863	0.6423	-0.1372
0.2079	1.3992	-0.8156	-2.3832	1.1003	1.3314	1.6194	-1.0268	0.3160	-0.6046	0.8058	0.1507	1.8294	-0.8656	-0.1395	-0.7996	0.5069	-0.5964	0.1616	0.2104	0.3097	-0.7084	0.5548	0.0593	-0.7561	-0.2729	1.5209	-2.0124	-1.5014	-0.3447	-0.4668	-0.3335	0.2993	-0.9448	-0.8437	-0.3961	0.5264	1.4117	-0.1810	-0.2474	2.9480	-0.7163	1.6854	-1.7388	-0.0121	-1.7704	0.4474	-0.6761	-0.3391	-0.9906
-0.6181	-1.7641	1.3848	-0.8172	-0.4868	-0.5638	-0.4626	0.6117	-1.6896	0.4416	-0.5833	-2.3448	1.2295	2.8787	-0.2602	1.2553	1.4113	-0.0990	-0.6031	-0.2427	0.1784	0.1042	-0.6368	-0.5199	1.5370	-0.6658	-0.9176	-1.9318	0.6403	0.5030	0.2731	-0.3878	0.6899	-2.1944	-1.7366	0.4910	-0.7975	1.0174	1.2229	-0.3696	0.7405	-1.1980	0.4187	-0.8112	1.4406	0.9783	-0.1761	0.6581	-0.6309	-1.3940
1.2500	0.4487	0.2812	-0.2477	1.2732	0.3455	0.5586	-0.5890	-0.9863	0.3218	-0.8756	1.0160	-1.1343	-0.1391	-0.4619	-0.4732	-0.1981	-0.0283	0.7155	-0.5342	-0.5026	-1.5587	-0.3222	0.6483	0.0832	1.0639	-0.5105	0.1670	2.0687	0.5380	-0.8147	0.5473	0.7456	0.9023	-0.6132	2.0346	-0.5893	1.0181	-0.4973	-1.1953	1.2820	-0.3566	-1.0789	1.8828	-0.5254	0.0783	1.4869	-1.0542	1.7993	0.8033
0.2143	-0.4272	-0.4412	-0.6416	1.2635	-0.9270	-1.3363	1.4846	-0.8547	1.1107	-0.6604	0.0134	-0.4326	-1.0592	0.3932	0.7919	2.4137	-0.3359	0.1481	1.0410	0.5723	-0.1269	-0.1198	-0.4034	0.5076	0.4354	0.6368	-1.3416	0.3393	-0.4958	0.1535	-0.1564	0.2218	0.7123	1.2416	0.7555	0.0184	-0.7413	0.5400	0.1746	-0.7703	0.3376	-0.9224	1.9496	1.4553	-0.5149	1.7590	0.8394	-1.1263	0.8547
-0.7773	0.8198	0.3514	1.5470	0.0129	2.1229	0.8080	1.2404	-1.5006	-0.4438	-2.6491	0.8277	-0.8790	-1.6131	-2.0539	1.1270	0.7634	-0.0557	0.7902	0.2863	-0.5952	-0.1793	2.8216	0.0233	0.4868	0.5818	1.6960	-1.4900	0.8416	1.1553	0.6517	0.0200	1.3215	-1.6745	-1.2710	0.5137	0.2602	0.0430	1.2870	-0.5021	-0.0978	0.9302	-1.0542	0.9220	-0.8344	0.5660	-0.8734	-1.0061	-0.8221	0.8485
0.6140	0.4444	0.3469	0.1056	-0.4782	0.5102	0.4269	-1.5843	-1.5620	0.1909	0.0595	-1.6393	0.7225	-0.8618	0.8842	1.2943	-0.3851	-0.4390	-1.6553	0.8207	1.5615	-0.0929	-0.5215	0.5497	1.0652	0.1269	1.2632	-0.0808	-1.4148	1.9304	-0.5608	0.5078	0.2759	-0.1692	1.4442	0.2654	1.7629	-0.5899	0.1528	-0.5859	1.9773	-0.7022	0.2194	-0.3622	-0.4171	-1.3321	-0.6559	-0.3817	1.2389	0.1006
1.0953	0.1669	1.0525	0.2137	0.8843	1.9310	1.5310	-0.0096	0.5342	-0.3038	2.0687	-1.6374	-0.0669	-0.0265	-0.4844	0.0879	-0.1868	2.3024	-0.3972	-1.7032	-0.9132	-0.8679	-1.4370	-2.3729	-1.1624	-0.3838	0.3516	0.6918	-0.1087	-0.6731	0.4111	1.1476	0.9067	0.7719	0.4967	0.7444	-0.7011	-0.4102	-0.8949	-0.3067	-0.3966	1.4575	-0.6136	0.6451	-0.8841	0.1169	-0.2132	0.4521	0.9413	-1.9137
-1.3561	-0.3689	-0.3789	0.3982	0.5221	-0.5369	0.9686	0.1548	1.6582	-0.4645	0.3709	-1.1370	0.2929	0.4439	-0.3878	-0.1911	0.5421	-0.9970	0.8029	0.7363	-0.1174	-0.5343	0.4656	1.5429	0.2972	0.5045	0.0156	1.0681	-0.8490	0.9336	0.2672	0.5107	-0.1486	1.5269	0.2700	-1.6560	-0.2813	-1.1398	-0.3519	0.4542	0.2322	1.8124	-0.8572	-1.0179	-0.3618	-0.3249	-0.8254	-0.3521	0.6853	-0.0531
0.4014	0.5990	0.2511	-1.0923	0.7525	1.9044	-0.2386	0.9711	1.0306	-0.1878	-0.8078	0.2733	0.3548	-0.5937	-2.0166	0.5280	-0.6484	0.3015	0.4468	-0.9373	0.4248	0.5021	0.9885	1.0871	-1.0809	-1.9913	-1.0561	-0.6570	0.1916	-0.5851	1.5294	0.9483	-0.1941	2.1701	-0.0322	-0.4050	1.0544	1.5343	-0.3034	1.6341	-0.6613	0.1893	1.0609	-1.5755	-1.3174	0.9368	-0.6213	0.5363	-0.0867	-0.4061
0.3763	-0.3672	1.1613	0.8450	-0.7002	-0.7911	2.8757	-1.6712	-0.7550	0.4135	1.4512	1.5562	-0.0208	1.2968	0.2311	1.7847	0.1530	1.3470	-0.6254	-0.0406	0.2951	-0.3318	0.4733	-1.1600	2.0253	0.7940	0.3774	-0.4649	0.4572	-0.0428	1.2251	-1.6008	1.0257	1.6154	-0.8344	-0.8727	-1.7390	-0.9739	0.4205	0.3363	0.3336	-0.6952	-1.2857	0.8036	-0.1337	-0.5995	1.0932	-0.5861	-1.2301	-1.0508
-0.3220	-0.3719	-0.0398	-3.5059	0.3300	0.7461	0.6309	0.5824	0.0824	2.3294	1.6044	-0.4742	-1.1118	-0.5827	1.3825	0.0426	-0.3178	0.2498	-0.9383	0.4933	0.0076	1.6243	0.5692	-1.2290	-0.0886	2.6885	-0.4449	-0.1260	1.2097	1.0930	0.8646	-0.3346	-1.0842	0.4861	0.8377	-1.3628	1.8795	0.3983	-1.6667	-0.0319	0.5096	0.3843	0.5217	-0.2388	0.1808	2.5476	-0.6788	0.1853	0.8241	-0.4253
1.1066	-0.5491	0.0947	0.4764	0.0300	0.2498	-1.1355	-0.7182	1.2855	-0.2290	-0.4483	-0.0339	0.9513	-0.0310	-0.0024	0.0626	-2.0817	-0.2805	0.5878	2.0589	0.5270	1.8727	-0.5141	0.6098	0.5140	-0.4566	-0.2770	-0.8871	0.5663	-0.5899	0.4187	1.8368	0.1805	1.0008	1.6894	2.3026	1.1295	-0.6868	0.5707	1.4024	-0.6401	1.6091	0.0259	0.2690	1.1291	0.2651	0.4694	0.2424	-1.0594	-0.4063
-0.2800	-0.4739	0.8966	-1.0098	0.6251	-0.5444	-0.1424	2.5077	0.4109	-0.4812	1.6557	1.3179	0.2769	-0.1642	-0.4739	-1.9541	-1.0268	-0.0210	2.0646	0.3188	-1.3503	-0.0226	2.4567	0.3076	1.1568	0.6092	0.0323	0.9240	-0.0959	-1.1412	-0.6996	0.3163	1.0232	-1.1720	-0.8859	0.4952	0.3700	-0.7251	-0.6028	0.4645	0.5745	0.2515	0.5325	-0.4805	0.8975	-1.7362	-0.9701	0.3160	-0.7274	0.5213
-0.3736	0.4617	1.0843	0.8589	-0.5664	-0.4149	-0.8039	0.9792	1.9653	0.1342	0.7792	-0.6364	-0.2306	0.5713	-0.7502	-0.0437	0.0538	-1.2886	-0.7773	-0.8129	-0.7370	2.1129	1.2479	0.9935	-0.4588	-0.9484	0.0615	1.4298	1.2062	0.8744	1.0248	2.0581	0.2455	-1.8223	-1.5918	-0.1716	0.2013	-0.5755	0.9737	-0.1825	-0.8025	-0.2414	1.8367	0.8736	0.3301	-0.9943	0.5995	0.2148	-0.4853	0.6849
-0.8321	-1.2397	-0.8820	0.7347	-0.6421	-0.2063	-1.2983	-0.1249	1.3648	-1.8763	-0.3407	-1.2210	1.0285	0.0471	-0.1042	0.0103	-0.7272	-0.0296	-0.7701	-1.0789	0.1216	-0.2188	-0.4229	1.1483	-0.9798	0.8340	-0.4828	-0.3933	0.4064	0.3900	-0.1844	1.2786	0.1156	-1.7512	0.9817	-0.4362	0.6652	1.9468	0.7333	0.3733	1.8997	-1.1320	1.1038	-1.1028	0.6877	-0.7900	0.7599	0.2023	-0.7394	0.7756
0.2158	-0.0801	-1.9389	-0.5115	-1.0379	0.6702	-1.1540	-1.5189	-0.8341	-0.5614	0.0448	2.9263	1.4840	2.1368	0.2769	-0.5091	0.7913	0.5349	-0.3126	1.0267	1.3639	1.2577	0.1437	-0.1538	0.9868	-1.3610	-1.2820	0.5705	-1.6816	0.1414	0.0051	-0.1046	-0.2578	0.0639	-1.4869	0.0865	-0.3908	-1.0995	-0.0846	0.9575	0.2138	0.7011	-1.4227	2.8031	-1.0746	-0.0054	-1.1595	1.2958	-0.5719	-1.5145
0.1325	0.4768	0.3550	-0.7472	1.5889	-2.1588	0.3747	1.6871	-0.8967	-1.2804	1.2086	-1.3599	1.0573	-0.6595	1.2496	-1.1124	0.3979	-0.9948	0.0187	0.9135	-2.2717	-0.2306	-1.9073	-2.0757	1.5335	-0.4908	-0.5527	0.9642	-1.2632	-0.1812	-2.7801	-1.9599	-0.1594	2.4567	1.3020	0.1979	0.0047	1.8668	-0.2357	0.0454	-0.8993	-1.8570	0.6785	-0.3273	-0.7378	0.0858	-1.2919	1.3659	1.4736	2.2072
1.2046	-0.6002	0.1219	-0.2582	-0.8752	1.2380	-1.3122	-0.2926	-2.4291	0.6767	-0.7780	-0.1408	0.3563	-0.8409	0.3010	-0.0361	-0.6801	2.5628	0.9766	0.1000	0.3656	-0.1451	0.2694	0.8025	1.0087	-0.0043	2.1163	0.3542	-0.7824	-1.6848	-1.8499	-0.7388	-1.3566	-0.8489	0.3455	0.1603	-0.8066	0.0828	-0.3784	-1.5177	1.1716	0.1021	0.4833	-0.7356	1.4403	-0.2998	-2.0096	-0.8173	0.3280	-0.5498
-1.0710	0.7132	1.6542	-2.0152	-0.2136	0.6123	1.0094	0.1713	-1.2139	0.7135	0.0170	-1.4430	-0.0396	0.8731	0.1402	-0.1094	1.1452	0.6805	0.5297	-0.2797	-1.5635	-1.2934	-0.1979	1.3094	1.2024	1.1919	0.3059	-0.7397	-0.5592	0.4860	1.4384	0.9523	-0.3207	-0.3851	0.6080	-0.9457	-1.6045	1.1902	-0.8293	-0.3967	0.8597	-2.4440	0.0916	-1.0509	0.1595	1.4476	-1.9283	1.4934	2.1925	-1.4340
-0.8158	-0.9063	-0.4477	-0.4712	2.1315	-0.3801	0.0216	-0.7675	-1.0191	-0.4813	0.3777	0.3448	1.3045	-2.0297	0.8562	-0.0926	0.2435	-1.3847	-0.9785	-0.4303	0.3812	0.1404	-2.0379	2.0067	0.8674	-0.1679	-0.1251	2.7075	-1.2349	-0.5436	-0.4720	0.7276	-0.6163	0.4852	-0.7255	-0.0240	-0.1130	-0.6615	-0.5619	0.9658	1.5930	-0.0531	0.3308	-0.1619	0.8717	-0.7267	-0.0627	-0.6606	1.4256	0.5074
-1.2623	0.9609	-0.5129	2.1174	-0.2627	1.8157	-0.4561	-0.4049	1.0446	1.1225	0.1986	-1.2253	-1.0414	-0.1397	-0.8889	1.4094	0.2560	-0.3638	-0.5946	0.0109	0.2164	-1.7766	0.0120	0.1507	0.2658	-0.1972	2.5515	1.5311	0.1343	-1.3257	-1.5984	-0.7236	-0.4755	0.5914	-0.8032	-0.1153	-0.7235	-1.4717	-1.3916	0.6928	0.0743	0.9375	-0.9897	-1.0879	-0.4799	1.2705	-0.2267	-0.7245	0.3674	0.0302
2.8135	0.8955	-1.4325	1.2537	0.4935	0.9022	-2.2556	-0.4152	1.0887	-1.0334	0.0545	-0.2096	-1.1164	-0.3362	0.2929	0.6030	0.7238	1.0912	0.8182	-1.0367	0.2222	-1.3084	-1.0418	0.4715	2.5225	1.0564	-1.3262	-1.7722	0.4594	-0.9291	1.2985	0.7641	-0.3799	0.3750	0.9128	-1.1664	-0.0480	-0.8901	0.0635	-1.5116	-0.4422	0.6109	0.4860	0.0327	-0.6946	0.3939	-0.4063	1.2088	0.8531	-0.3517
-0.8503	0.9989	-0.7112	-0.1737	1.4121	0.6086	-0.3035	-0.4538	0.5742	1.3672	-0.4534	-0.5727	0.0027	-1.3463	0.4134	-1.1492	-0.7431	-1.7376	-0.3445	-0.6534	-0.3909	0.7307	-0.8715	0.7345	0.0316	-3.0694	0.4338	1.2028	0.1883	0.1672	-1.2789	-1.2777	-0.1022	0.5303	-0.4521	0.0786	1.7601	0.4577	-0.1532	-0.7242	1.5804	-2.1800	1.0423	-1.0933	-0.9676	-0.2576	0.0712	-0.0928	-1.1804	1.1245
-0.4126	-1.4004	0.5489	-0.0157	0.4123	-1.0226	3.1043	0.7893	0.4036	-0.1444	-0.4532	-0.1942	0.8470	0.1624	-0.8050	-1.1726	0.5928	-0.4889	0.5902	0.1839	0.1018	-0.3215	0.5364	-0.6598	0.0544	0.7487	1.3671	0.5644	-0.0429	0.5574	-0.2904	0.2522	0.8675	0.7562	-0.6781	-0.3442	0.0876	-0.2439	0.4384	0.1590	-1.6353	0.7471	0.2894	0.5579	-0.0402	0.0731	-0.5924	-1.4463	0.9708	1.8436
0.9432	-1.4101	-0.8106	0.5902	-0.1215	-1.3772	0.0789	-0.8736	-0.0829	-0.5931	0.9464	0.7750	0.4912	-1.9852	-0.2358	0.3915	0.8563	-1.0705	0.4918	0.1938	-1.1496	0.3491	-0.2275	1.1150	-0.4905	0.9963	0.4289	1.2392	-0.7050	-0.2222	0.7680	1.1998	0.1559	-0.0279	-0.1707	-0.1277	-0.1759	-0.1478	0.7970	1.5601	0.1881	0.6546	-1.2325	-0.6147	0.2449	-0.2529	0.1820	2.4435	-0.4855	-0.3322
0.2915	0.4713	-0.1678	0.2291	-1.5735	0.1286	0.0555	0.6265	0.8227	-2.0058	-1.4562	-0.9338	-0.2156	-0.6440	0.2444	0.4958	-0.3985	-1.0429	0.6451	0.8536	0.0561	0.7311	-1.7707	2.3613	0.3251	-0.3124	-0.9976	-1.0657	0.0331	0.0453	1.1163	-1.1980	0.0574	-1.0363	0.3901	-0.2020	-0.0007	-0.7278	-0.9397	0.1803	0.1219	0.1121	1.1765	1.2144	-0.3597	0.7838	-0.6441	-1.7256	0.0816	-0.6431
-0.0211	-0.2020	-0.0528	-0.1889	-0.2329	-0.2991	-1.1656	-0.2877	0.5273	-0.4247	-0.0501	0.2436	0.0029	0.4117	1.1489	0.2601	0.7696	-0.5534	0.4968	-0.3623	-0.7234	0.1384	0.7765	-1.5208	0.5036	1.4133	1.7195	0.3965	1.2053	-1.6152	-1.4913	-1.1060	0.0126	1.2503	0.1194	-0.2226	0.9741	-0.3455	1.0435	-2.3370	1.3279	-0.3460	-0.8359	2.2528	-0.2022	-1.1778	0.5101	0.8977	-0.9538	-0.3605
0.0832	-0.4559	-0.8466	1.5239	0.9733	-0.3099	1.0147	-0.4546	0.0401	-1.8887	-1.2529	2.6104	0.7230	-0.3795	1.1265	0.7069	0.0355	0.0055	1.2869	-0.1645	1.5302	-1.0929	1.0116	-1.3793	-0.5053	-0.2835	-0.7358	0.0141	-2.9708	1.0841	-1.4710	0.3088	-0.9470	0.6030	0.4495	-1.2120	1.3078	-0.3797	0.3353	0.0682	0.5649	-0.1414	0.3687	0.7236	0.2500	-0.0875	-0.5067	-0.6814	1.0659	1.0942
-0.0207	1.6903	-1.5755	1.1852	-0.8215	1.7500	-0.5005	-1.4394	-0.4996	-0.5546	-1.1893	0.6015	-1.7913	-0.2983	1.2505	1.8807	1.5443	1.5330	-0.5512	-2.0557	-0.3907	0.2858	0.6475	-0.6048	-0.9145	0.4435	0.2582	-0.1902	-1.9286	0.2111	1.1810	-0.0963	-2.5225	0.9459	-0.4550	1.4470	1.0374	-0.5783	-1.1408	1.0508	-0.9285	0.3268	-0.0795	-0.3002	0.1200	-0.7185	-1.9109	-1.2255	-0.0080	1.3917
-0.8689	-0.0824	-1.7646	1.6862	-0.1439	-0.4203	0.1569	1.4838	-0.7039	0.6019	-0.3709	1.0989	-0.3768	-0.7565	-0.4681	0.7757	0.7858	0.1249	0.9480	0.0288	-0.8158	0.5391	0.0057	-0.3620	-0.8704	-0.3217	-1.6915	-0.3690	-0.5356	1.9916	0.6781	-0.3456	-0.3351	-0.8341	-1.4292	-1.2459	1.4644	-0.6810	0.2813	1.4966	-0.1123	0.1262	-1.8515	1.2479	-0.3676	0.8131	-0.7005	1.1307	0.7840	0.8532
-1.0539	-0.7968	0.3104	-1.5693	2.1440	1.6920	0.6772	0.5262	0.8717	-0.4293	0.6717	0.0794	0.2732	1.2511	-0.3383	0.0488	0.1109	0.3287	-1.1286	0.5367	-1.6331	-0.1869	1.1287	0.0477	1.3098	1.6324	0.3400	-1.1495	-1.0088	-0.5556	0.4727	0.0392	1.3646	-1.9937	-1.6382	0.2676	-0.8773	-1.4148	-0.4696	-2.4749	0.9662	0.1469	-0.0527	-1.2867	-1.3226	0.7595	-1.4173	-0.7575	-0.0484	-0.2590
-1.9746	-0.6391	-0.9566	2.4348	-0.7678	-1.2286	-0.8708	0.3634	1.0710	-0.7111	0.8162	1.0084	-1.1931	1.3452	-1.5254	0.1569	0.9575	1.0817	-0.1196	-0.8411	-1.2555	0.4350	-0.5038	-1.6417	0.4271	-1.1977	-1.1330	-1.6116	-0.2508	-0.9588	0.3907	-1.2900	0.2801	-1.5352	2.1896	2.2821	0.2269	-0.3708	-1.3951	0.8488	-0.8077	0.3046	0.3105	2.1382	0.1818	-0.2396	-3.1892	1.0614	0.4753	0.4092
-0.5803	-2.8673	1.1530	-1.6527	1.5070	-0.1910	0.0288	0.1641	0.6447	-0.6952	0.2613	0.3045	1.6443	1.0277	-1.6672	0.4438	1.8006	0.3910	-1.1666	-2.2332	0.2172	0.4198	-1.4265	-0.7793	0.0995	1.2234	-0.7656	0.0217	-1.3208	0.5633	-0.5212	-0.1017	1.9605	0.0658	-0.6765	0.0207	-1.4083	-0.0198	-0.8682	0.7585	-0.7805	0.2465	0.0326	-0.9066	1.2310	0.0875	-1.7230	-1.3994	-0.6251	-0.0786
-0.6931	-0.6795	0.7815	0.6086	0.1150	-0.5788	-1.0784	-0.8058	-0.5011	0.6107	0.6808	-1.7918	-0.5575	-0.2822	1.0050	0.3193	-0.0563	-1.0493	-0.1852	1.9909	1.4938	-0.3817	-0.4830	-0.2169	-1.2304	-0.8999	0.8260	-0.6426	2.2154	0.9430	-0.5910	-0.2077	-1.2754	0.5751	-1.9074	0.7745	0.3012	2.0450	-0.9375	-1.7721	-1.6662	-1.4998	-1.0273	-0.7870	1.6100	0.9573	0.3868	-1.5646	2.7005	0.0729
0.9284	1.9733	1.0833	0.0183	-1.6134	0.6247	1.9920	1.0427	-0.1836	0.5045	-0.0685	0.3946	-1.4099	-0.4671	1.6532	-0.0354	-0.3570	1.1012	-1.8991	2.3770	0.4075	-0.8604	-0.3315	-0.6124	-0.5728	-0.7132	-0.5606	-0.4791	0.2192	-1.8718	-0.1777	-0.0827	-1.1907	0.6308	-1.9083	-2.2029	-0.6047	0.3259	-0.7948	-1.4350	1.7564	-0.7541	-0.4680	0.4639	1.1741	-0.3354	-1.1294	-2.5008	-1.8981	0.0808
-1.3853	0.9469	-1.1231	0.8257	0.2839	-0.2014	1.0255	1.1753	1.2233	1.3894	-1.8769	1.8286	-1.7686	1.0353	-0.6960	-0.1726	0.4424	-0.7576	0.4552	1.4693	-0.3128	0.1119	0.0519	0.6973	-0.5995	-1.2727	0.0830	-0.9813	0.9959	-1.6253	-0.5778	-1.6628	0.7112	1.1422	1.6232	-0.1962	-1.8795	-0.2613	0.6546	-0.5514	0.2225	-1.9036	-0.3080	-0.6738	-0.9539	-0.2649	0.0855	-0.9223	0.4948	0.5996
0.2076	-2.3694	1.6941	-1.0168	1.8066	0.8155	0.6497	-2.4170	-0.7837	-0.4968	1.1390	-1.8183	-1.0371	-0.0425	1.6149	-0.4405	-0.3531	-0.8466	-1.2334	1.1111	0.8161	0.1652	1.1851	-0.7380	-0.5578	0.1409	-0.7876	-0.1498	0.5693	0.4225	-0.2701	-1.7027	-2.0618	-0.6303	0.2638	0.8601	0.0492	0.4052	0.1872	-0.8631	1.2065	-0.9815	1.2188	-1.1859	0.7513	1.8409	1.5944	2.1700	0.0803	0.2746
0.7410	0.5786	0.3285	0.4270	0.8076	0.3353	1.7971	0.8182	1.3274	1.2198	1.0588	1.2017	1.1970	-0.2449	-0.0695	0.1433	1.5335	-0.0036	1.7074	-0.2552	-1.2333	-0.2189	0.0797	0.7777	-0.6773	1.5544	-0.7781	-1.1140	0.6292	0.6888	1.6272	2.1527	0.3502	-0.2793	-1.5126	0.2078	0.3793	-1.0996	-0.2065	0.2605	-2.1845	-0.5153	-1.0655	1.0187	0.4459	-0.2963	0.5843	-0.2628	0.2103	-1.0536
-0.2627	0.1967	-0.5696	0.0207	1.4827	-0.2543	-0.3004	0.1587	0.5278	-1.2109	0.1573	0.0533	0.5573	-0.6554	-0.5322	-0.9638	-0.0843	0.3847	-1.5631	-0.2840	1.0970	0.3013	0.2570	0.9216	-0.3065	-0.8920	-1.4125	-2.0517	1.1867	1.2041	0.1001	-0.5080	0.8922	-0.1911	-0.0233	-0.1592	-0.0257	0.2532	-0.2784	-0.8991	-1.1643	-0.6267	-1.0329	-0.1149	0.1857	-2.4695	0.7591	-0.6556	0.3497	1.1754
-0.1078	0.6733	-1.2032	-0.1928	-0.2658	-0.6803	0.5308	-1.8501	0.2197	0.2494	-0.5034	-1.5197	-1.1497	-0.2671	-1.3028	0.0785	-0.0430	-1.8100	-0.1436	0.7158	-0.1361	-0.1745	-0.9055	1.6396	0.6956	-0.2663	-0.3775	0.6520	0.2530	0.2777	-2.7997	0.6054	-0.6545	0.8369	0.5315	-0.8961	0.7482	-0.8940	0.5868	1.2283	0.3276	1.2334	-0.9545	1.6806	-0.1453	1.5425	0.5772	-0.9014	-0.3198	-0.5676
-0.2070	0.5333	-0.9139	-0.2058	0.2326	2.6122	-0.4710	0.8034	-1.7272	-0.9950	0.4045	1.6375	-0.3310	-0.6621	-1.0506	0.2632	-0.2340	1.8903	1.8496	0.7410	1.9810	-1.2998	0.0170	-2.4433	0.2376	-0.5467	1.0487	-0.5546	1.7180	0.2523	0.1300	0.4708	0.8986	-0.4851	-0.8602	-1.2300	-1.2010	-0.3978	1.1457	-0.4259	-0.3924	-0.2182	-0.4379	-0.4838	-0.1322	0.9885	-1.5405	-0.0585	-1.1230	-1.1826
0.0552	0.4835	-1.8277	-1.8310	-1.5066	1.0405	0.9459	-0.7214	-1.2841	-1.0158	-0.4150	0.7455	0.5758	-0.7051	0.1225	-1.2944	-0.2069	0.5258	0.0405	-0.4640	0.2285	-0.0338	-0.1358	-0.4913	-0.4685	-0.3223	-0.3727	1.3610	-0.5436	2.6141	-0.0087	-0.3977	-0.5851	-0.6668	0.9158	-0.5464	0.0624	-0.5738	0.5355	-0.2021	0.0493	-0.9232	0.0994	1.0010	0.1505	0.5947	-0.4518	-1.6818	0.1336	0.5642
-0.2071	0.3729	-0.6797	1.4056	0.7548	-0.9688	-0.6040	0.7041	0.8597	0.2702	0.0608	0.0759	-1.2611	-1.2948	1.2395	0.1400	-0.8588	0.5229	1.4088	-0.5387	0.2114	-1.4994	-0.1484	0.6110	0.9162	-0.0530	-1.0179	-0.2677	-0.0451	-1.3858	0.3188	0.0965	-0.7427	0.8901	-0.5865	0.7699	-1.6237	2.0030	0.0392	0.2784	-0.0201	1.4955	-0.9725	1.9201	1.1528	0.5115	-1.4317	0.6032	-0.2446	-0.7251
0.7798	-0.2940	1.3926	0.9925	-0.3491	-1.8983	-1.3699	0.9053	-1.2577	-1.7953	0.3336	0.4300	-1.2795	-1.6978	1.6769	0.1958	-0.1293	-0.2605	-0.2281	0.6192	1.3744	1.0014	-0.3129	0.1141	1.8707	-0.7423	1.4432	0.8124	1.7112	0.6531	-0.0342	0.8950	0.0025	-0.0904	-0.1511	0.1114	0.6602	-1.8169	0.7462	1.0213	-0.1332	-0.8200	-1.2869	0.3001	0.1496	0.4229	-0.3766	-1.0446	1.5918	-1.5847
0.3350	-0.2420	0.6584	0.4652	1.4183	0.3213	1.3305	0.5423	1.6254	1.2660	1.1623	-0.1193	-0.4733	-0.6258	0.1898	-0.5943	1.6323	0.5347	-0.9921	-0.3108	0.9690	-0.1585	0.5488	1.5945	-0.1939	1.6974	0.4824	-0.0777	0.1427	-1.0781	-0.2544	-1.1861	-0.0832	1.0402	-0.2854	0.2741	0.0067	0.8318	2.7993	-0.8616	-0.3086	0.7696	-0.9859	-0.2223	0.0356	-0.4790	0.3629	-0.1730	1.1968	1.1640
1.4956	-0.0698	0.6502	-2.6582	-0.3351	-1.4031	-1.5942	-0.8656	2.9913	-0.3819	0.5297	0.5192	0.0590	-1.7702	-0.4118	0.3729	-0.6773	0.2043	1.8449	-0.0797	0.4314	-1.7936	0.0313	-0.9473	-0.7711	0.1626	-0.6966	-1.7386	0.3804	1.0669	-1.3508	1.1880	0.0367	0.9138	-1.0894	-1.0940	-1.3880	-0.4698	0.4987	0.0843	0.0878	0.1616	-0.7001	-0.0513	-0.0683	0.3907	0.7226	-2.6120	-0.9238	1.3447
0.2322	0.5350	1.5747	-0.3356	-1.5961	0.3047	-0.5572	0.2673	0.7807	0.4019	0.0670	-0.4390	-0.8545	-1.6361	-0.0017	1.3145	0.7492	0.0841	-1.3889	0.4163	-0.5859	1.3426	-0.6201	-1.5046	0.9318	0.9895	1.5389	-2.7089	0.7918	-1.0130	-2.2902	1.0847	-0.0550	-0.0504	0.2815	-0.4978	-0.7800	1.0103	-0.4724	-1.6453	2.4643	1.5703	1.0093	0.3760	-1.7833	-0.8731	-0.1912	-0.0607	-0.1711	0.9298
-0.3260	-1.6661	0.7606	-2.0263	-0.4585	-0.4359	0.4569	1.1872	-0.8524	1.1444	-0.2125	0.3709	0.9579	-1.1110	0.7770	0.4157	-1.4232	-0.9645	-0.5611	-0.6223	0.5996	-1.1314	-0.2878	-0.3699	0.7257	1.0490	-0.9776	-1.0379	1.3912	-0.0166	-0.3150	1.4264	0.1582	0.7152	0.3112	1.1412	1.1334	-1.4689	-0.2787	0.0026	-1.9394	-1.3641	0.0249	-1.7222	2.4020	-1.2306	0.3214	-0.0081	-0.0191	1.2125
-0.1356	-2.3786	0.6412	-0.5573	-0.1102	-1.0419	-2.0622	1.7767	-0.7151	-0.0064	0.3313	0.6263	-0.0912	-2.3711	-0.8457	-0.9519	-0.1530	1.6861	0.8421	0.5705	-0.9962	0.1324	0.9288	-0.9435	-0.7903	-1.8813	0.0329	-1.0510	1.3723	-0.3620	0.4503	0.6432	-1.3893	0.1866	0.1044	-1.8786	-0.9996	1.2401	-1.3497	-0.3609	-0.1383	0.5360	0.0589	0.5720	0.0967	0.2744	-0.8145	-0.7755	-1.4630	1.8317
-0.5392	-1.7366	0.2140	1.3681	-1.3160	0.8539	-0.6494	-0.4142	0.3408	1.8900	-0.9006	0.8370	0.2393	1.2738	-0.9636	-0.3072	-1.1318	1.0695	-0.7585	-2.1533	0.1437	0.6018	-1.1763	-0.0786	1.8865	0.5029	0.0552	0.6179	-0.0511	-0.8343	-1.0422	-0.5567	-0.2869	-0.1969	1.9302	0.9370	-0.9218	0.1059	0.1532	-0.0464	-1.0695	-1.9002	-0.5732	-1.4118	-1.4344	0.7079	-2.0233	0.1662	1.6278	0.4028
-0.0916	0.9888	-1.1235	-0.1326	0.0007	-0.3010	-0.1915	0.7601	-0.5781	-1.0622	-0.6050	1.5387	-1.0971	-0.9263	0.6168	1.0504	0.7386	1.0892	-0.5625	1.4811	0.1210	-0.0737	0.3849	-0.2319	1.4142	-0.2276	0.0723	-0.4847	1.4110	0.2045	1.1387	-0.8147	0.7279	-0.5836	1.4348	0.2612	0.7994	-0.7379	0.0582	-0.4341	0.1435	1.3628	0.6022	1.0371	-0.4605	0.4121	0.9749	1.6060	0.8459	0.0037
-1.2471	0.2341	0.9425	0.3705	-0.6088	0.4814	0.3692	0.0013	1.0111	-0.9144	-0.0175	-2.6745	-1.1530	0.6541	0.6554	1.8137	-0.6754	-0.8278	0.7132	0.3845	-0.0615	-0.4119	1.7101	0.1214	-1.5171	-0.0768	1.0358	1.4517	-1.1598	0.3226	1.6389	-1.2981	0.6808	0.2712	0.4645	0.2446	-0.9036	0.8632	-0.3526	1.0466	-0.5494	-0.5879	-0.0854	-0.5368	0.8074	0.2146	-0.4190	0.1103	-0.9827	-1.1224
-0.3338	0.7363	-0.1399	-0.9287	1.0610	-1.1111	1.1800	0.3233	-1.5855	0.1344	0.5824	-0.9464	0.1470	1.3724	-0.6603	-0.2016	0.5069	-0.0222	0.7429	0.1170	0.0622	-0.2950	-0.6241	0.9081	-1.5484	-0.2844	0.6962	0.8908	-0.6946	-1.0080	-0.7559	-0.3031	-0.6237	-0.4852	1.6304	0.2030	0.6414	1.2846	-1.1034	0.2339	0.9992	1.3389	-0.8813	-0.8952	-0.6649	-0.9729	0.8778	0.0735	-1.5129	0.1777
-0.1182	-0.1112	0.8824	2.1301	1.2126	-0.7369	0.1737	-1.8407	-0.1536	0.6639	0.4482	-0.1896	0.5690	0.5359	0.0177	-0.4498	-0.3308	-0.2023	0.0648	-0.0415	-0.2476	-0.6219	-0.4821	0.7957	0.0906	1.1234	-0.7414	-0.4917	-1.3306	-0.9207	-0.8944	0.5861	0.4816	-2.2606	-1.1918	-0.0254	0.2329	-1.8059	0.7280	-1.5953	-0.1854	0.3212	-0.8835	0.8824	-0.4338	0.6870	-1.9381	0.1974	0.1935	0.9362
-2.5443	-0.7854	0.6540	0.3248	0.5919	-1.0624	-0.8531	0.1825	1.3924	1.2301	-0.5581	-0.2680	-0.2215	-0.0010	-1.6538	-3.2877	-0.0235	1.0233	1.4619	1.3701	0.3437	-2.3068	0.2230	-0.2556	-0.3417	0.8834	-0.5087	-0.1399	-0.2137	0.2193	0.8924	0.8046	1.5133	-0.5440	-0.9721	-2.7228	0.5466	0.9169	-0.2967	-1.8072	0.4053	0.8360	0.3293	1.0031	1.4981	-0.0597	1.8320	0.2175	2.2393	-0.9637
-0.2990	1.7459	1.4091	-0.5067	-0.4749	-1.7088	0.5653	0.1628	2.1746	2.6551	1.2390	0.0811	-1.6743	-0.6284	0.8842	-1.4041	-1.3877	1.3935	0.0672	-0.5075	0.1111	-0.1223	-1.0872	0.7361	0.5456	-0.7766	-1.0023	-0.8717	-0.7649	0.7521	-0.3847	1.2848	0.1037	-1.2747	1.0056	0.9300	-0.5566	2.0042	-1.8389	0.0508	-0.1831	0.7682	-1.2019	-1.0017	1.5578	0.6789	-0.8350	0.7475	0.4147	-1.1342
0.0725	0.4156	0.5455	1.2426	-1.5142	1.0275	-0.8645	1.0741	1.7537	-0.0543	0.5993	-0.0106	-2.2207	-1.0973	-0.1598	0.4564	0.3411	-1.9959	0.1325	-0.5545	-0.3424	0.1972	-0.2337	-1.0271	0.2407	0.5521	1.1077	1.8138	-1.1274	0.1970	-0.2085	-1.9618	-0.5251	-0.6583	0.4379	-0.1107	-0.0774	0.8353	0.9053	0.5706	0.3607	-1.4621	-1.2701	-1.0245	0.8338	1.2185	-0.4465	-0.6894	-1.2131	0.0331
-0.5291	-0.8856	0.7169	-0.1911	-0.4768	1.7059	0.5493	0.3882	-0.0887	0.3406	-2.1852	-0.5356	2.5751	-0.8855	-1.3896	-1.8111	-0.3754	0.5659	0.1547	-2.2671	0.6147	0.8507	-0.7207	-1.2938	0.1187	-0.9325	-0.4308	-1.4046	-0.5221	-0.0767	0.8916	1.4739	1.1361	0.8334	0.4204	0.1688	-0.4047	0.3340	-1.0772	0.2145	-1.0332	1.2872	-2.1343	-0.2641	0.8379	1.0404	-2.4848	-1.5283	-1.6101	-0.0591
-2.1421	-0.1667	-0.1553	-0.7985	-0.0491	0.0880	0.8920	-0.9223	2.3000	0.2608	-1.8302	1.0071	0.6598	0.6183	-0.1266	0.9491	-0.5927	1.9604	0.2987	-0.6495	-0.6760	0.4990	-0.4466	-1.4142	1.8869	1.2933	0.0613	-0.9233	0.2699	0.4166	0.5814	1.6925	-2.1876	0.3476	-0.8171	-2.7390	0.2451	-0.0530	0.3782	-0.3492	0.0406	-0.1218	-0.3108	-0.2063	0.5978	0.3493	-1.0122	-0.3349	-0.7883	0.1158
-0.5448	0.9917	-0.5771	-1.0197	0.0800	0.6298	-1.3102	0.5067	-0.3423	-2.0023	-1.3376	0.3730	-2.0006	1.1487	-1.0865	-0.0269	-0.7196	0.7611	-0.8024	-1.2324	-0.1973	1.1456	-1.8261	2.3874	-1.8582	0.2853	-0.2128	-0.2894	1.3849	0.1355	0.4761	-1.0146	-1.4041	0.2631	-2.0515	-1.4864	0.6576	-2.1243	-0.8126	-0.4907	0.2378	0.8380	0.3156	0.6519	-1.0625	0.2559	0.8052	0.4948	-0.6855	-0.0503
-2.5197	2.0374	0.3894	0.0590	-1.1420	1.2173	0.0489	-1.6677	1.1177	-2.0045	-0.2428	0.8962	-0.0173	0.5002	-1.1730	-0.1229	1.5544	-0.9253	0.9262	0.5166	-0.1996	2.1141	-0.7964	-0.1559	-0.4385	0.6158	0.1049	-2.8059	0.1569	0.1578	-0.1379	1.2066	-0.4345	-1.2156	-0.4305	-0.6809	-1.1556	0.5856	-0.1256	0.8676	3.1450	-0.0053	-2.7266	0.0130	0.7134	0.0062	-1.0693	0.3829	-0.1233	-0.8367
-0.0843	0.7376	-0.8282	-1.3762	-0.9601	0.5772	0.3133	0.0968	-1.5418	1.1163	-0.7364	0.4593	0.2487	-0.3161	0.1046	-0.9941	0.1015	-0.3241	0.6512	-0.3065	1.3076	-1.1175	0.2149	-1.2796	-0.0115	-0.1508	-2.1916	-1.1346	-0.9612	0.6653	-0.7211	-0.1277	-0.2560	1.3293	0.8166	0.4267	0.4185	0.5907	0.0365	0.9657	-0.4994	-0.3155	-1.4123	0.8523	0.1532	0.1746	-0.2624	-1.2903	0.9730	0.5867
-0.9454	0.3711	-0.1061	0.0348	-0.4873	0.4777	0.3702	1.9821	0.8132	-1.2869	0.2413	-0.6161	0.7205	0.1294	-0.9070	-0.5775	-0.2887	0.4065	2.6502	0.5420	1.2192	-0.2576	0.3738	0.3549	0.7780	-0.6083	1.5315	-1.0153	-1.3824	-1.0651	-2.4924	0.9331	-1.7344	-0.2693	-0.1908	-0.0062	1.5664	-0.0881	1.5338	-2.1676	0.2277	1.7159	-0.1657	-1.7399	-0.5329	1.2984	-0.8430	-0.0596	0.6867	1.5570
0.8233	-0.4812	1.6804	1.4515	-1.5399	0.8572	0.7756	1.4524	-0.8930	0.1387	-0.0865	0.0840	1.4312	0.7182	-0.7083	-0.2536	1.0521	-0.9782	-1.2536	-1.2585	-0.8253	-0.9772	0.1591	0.4957	2.2536	0.2391	1.1621	0.5681	-1.7558	-0.9944	0.6129	-0.5575	-0.1689	-0.1147	-0.1441	0.1935	-1.0951	0.9424	-0.3692	0.7286	-1.0730	0.6204	0.4442	-1.9080	1.4555	2.2012	-0.3216	2.1434	-1.0137	-0.1018
-0.0369	-0.9581	0.2161	2.0347	-0.6222	-0.7806	0.2537	-0.6477	-1.3644	1.3605	0.7311	-1.6168	-1.5026	-1.2551	-0.5151	0.0064	1.3467	1.6602	0.5336	1.5275	0.6957	2.2858	1.1590	-1.3053	-0.9585	-0.2953	0.0064	-1.0271	-1.2030	1.1937	-0.6251	0.7090	-0.1017	0.5006	0.7025	0.0681	0.2240	1.2413	0.7780	-0.1955	-0.8106	-0.8673	-0.8536	0.8711	1.4382	-0.6968	0.5198	-0.9166	0.5030	-1.7779
-0.6522	-0.6309	0.0941	1.4682	0.3195	0.3986	-0.6079	1.6510	-0.4967	0.7123	-0.5380	-2.0055	0.2557	0.9446	-1.6978	1.3948	0.6176	1.0006	-0.2049	-0.8099	-0.4421	-0.7767	-1.0290	2.2526	-1.7755	1.8167	1.4978	0.5701	0.5728	-1.7642	-0.6545	0.7082	-1.8860	-0.3552	-0.3879	-1.6211	0.8557	-0.5825	-0.1323	0.3162	0.0480	-0.1724	-0.6376	-0.3737	-0.2071	1.5027	0.0458	0.5038	0.6190	-0.3531
0.3772	0.4895	-0.8610	-1.8923	-0.7186	-1.1417	1.4862	0.5443	-0.5977	0.3068	1.2117	-1.7911	0.0375	-1.1450	1.6361	0.7570	-0.3162	-0.4691	-1.1290	0.1052	0.0192	-0.7210	0.6144	-0.1730	0.8144	-0.2910	0.9518	-0.0649	-0.2334	-0.8960	-0.0321	0.2301	1.4730	-0.3920	1.7265	0.1959	-0.3869	0.2843	0.9069	-0.3485	0.6357	-1.0052	1.0622	-0.3560	0.1489	0.1310	0.0050	0.0595	2.8811	0.4606
0.7140	0.6280	0.3028	0.2847	1.2947	0.9742	-0.4504	1.9528	-1.4830	-0.5064	0.2014	0.4880	0.8588	0.0617	-0.6064	0.4939	-0.8138	0.1108	1.7515	1.8200	2.1519	-0.1432	0.1443	-0.9549	1.6739	-0.3853	-0.4356	0.0439	1.1324	-0.2614	-0.1181	0.0788	1.7410	0.9700	1.8801	-1.5350	1.5181	-1.1781	0.2867	-0.5525	-0.6674	0.6035	-1.6239	0.4552	-0.8585	-0.4427	-0.3939	-0.9987	-0.5956	-0.0110
0.6272	0.1949	1.3999	0.7523	-0.4539	-1.0435	-1.6676	0.2522	-1.1228	-1.6980	0.7436	0.4158	-0.6464	-1.1690	0.6093	-0.0352	-0.6524	0.6768	1.1173	-0.9467	-0.2194	1.4035	-1.2350	0.8600	0.5377	-0.2283	-1.0923	-0.2240	-0.9734	0.7208	-0.5897	-0.6904	-0.7766	-0.3465	-0.8627	0.8023	-0.3301	0.4178	0.1865	0.7016	-0.5223	1.4819	-1.7619	-0.0271	1.2153	1.7065	1.9767	-0.6629	-0.5853	1.3081
0.9777	0.4895	0.0654	-0.8591	1.6566	-0.1724	0.4425	-0.6375	0.7081	0.0883	0.5385	0.2381	-0.1764	0.5021	0.8920	-1.0270	0.5698	0.2485	-0.3893	0.8279	-0.8787	1.8008	-0.2083	0.5353	-0.5166	0.9676	-0.3049	0.0546	-0.7408	-1.1346	-1.7345	-0.1085	0.1668	-1.1432	0.7868	0.5381	1.2779	0.2892	-1.0734	0.6324	0.7704	0.8828	1.9936	1.4706	-0.1390	-0.4261	0.3531	0.6094	-0.6979	0.2993
-0.1534	-0.7498	-0.9715	-0.8028	-1.9727	0.8014	0.5409	-2.0548	1.0968	-1.7030	-1.8689	-1.5804	2.4842	1.5583	0.0463	0.0296	1.3119	-0.2388	-2.0610	0.2440	-0.2642	2.7499	-0.2173	1.2210	1.6207	1.1193	-0.8092	-1.9901	-0.2358	-0.0692	0.6347	-0.4345	-0.0746	-1.4294	0.3465	0.6936	0.7532	-0.9565	0.2259	-1.6397	1.1997	-0.7732	-0.5505	-0.6139	0.0029	0.4794	-0.6947	0.0926	-0.7777	0.3303
0.5786	-2.1973	-0.3066	0.5241	-0.3187	0.0531	-0.5270	-0.5944	-0.8110	-0.8228	1.5938	1.1819	-0.5913	2.6520	-0.6248	-1.3340	1.1768	-1.4175	0.6729	-0.1412	1.1562	-1.7262	-1.0736	1.6913	-1.3669	0.1354	-0.4456	0.3592	2.5433	-0.0599	1.1351	0.3121	-1.0426	1.1455	2.0988	0.8756	2.9802	0.8097	-0.7364	0.5242	-0.0404	-0.2650	1.1582	-2.7038	-0.8649	-0.0454	0.2326	1.4742	-0.2172	-2.0192
-1.7107	-0.8782	-0.5809	1.0332	0.4138	-0.7150	1.7761	-0.9757	0.4106	-0.7313	-0.2491	-0.6073	0.6218	-1.3037	1.2051	0.0239	1.0234	-0.9777	0.7473	-0.9701	-0.9748	-1.2253	-1.1371	-0.6377	0.1050	0.4334	0.5359	-1.4166	-0.8148	1.9327	-0.5711	-1.1807	1.5488	0.0225	0.5816	1.3853	1.0564	0.0499	-0.2925	0.8180	-0.5977	0.4479	-0.3643	0.7749	1.1612	-0.0689	0.2472	-0.3423	-0.6811	0.1069
0.0064	-0.6225	0.3029	1.0462	-0.5932	0.8505	-1.2767	-1.0780	0.2114	1.0905	0.4365	0.9624	0.1245	-0.8267	-0.1153	0.4071	-0.9985	-1.7695	-0.2989	-1.6990	1.5247	0.2069	-0.4319	-0.3707	2.5319	-0.4538	1.8775	0.8461	0.6703	-0.7666	-1.1746	1.5040	0.3765	-0.2626	-0.2446	1.5983	0.7019	1.0044	1.4287	-0.9355	1.5707	0.2077	0.9507	-1.2049	0.8696	-0.3963	0.7609	-1.3738	-2.2403	1.1455
-0.8509	-0.2828	-0.4200	-1.2191	-0.3561	-0.4201	-0.1835	-0.1346	1.1180	-0.9587	-0.8302	0.2431	0.2300	-0.9830	2.3207	0.3203	0.9568	1.3377	-0.2802	0.3945	1.4109	0.5282	1.5892	0.1335	-0.2494	2.0168	-1.2069	-0.8498	-0.5449	-0.1595	0.0576	-1.1885	-1.5866	1.1099	0.2791	0.8146	0.5777	0.1415	-1.4844	-0.9453	0.2148	0.8206	-0.6718	1.0826	-0.1377	-0.0884	2.1941	0.8736	0.5822	0.7990
1.9610	-0.6754	0.3284	0.5832	-0.3503	-0.0604	0.5497	-0.6617	0.5888	0.6751	0.1220	-0.2351	1.4248	0.5441	-1.4687	1.4245	-1.6541	0.7684	1.5188	1.4727	2.5347	-0.5874	-0.8861	0.1302	-0.1413	0.6234	-0.1228	0.7828	-0.4457	-1.4383	-0.3343	-1.5237	0.6080	0.3134	0.6788	-0.3408	1.0180	2.6359	-0.1058	-0.6811	1.9898	-0.0250	2.0687	-0.0960	0.4275	-0.2041	-0.7511	-1.1400	0.7115	-0.5033
-1.3372	-1.2051	-0.1897	-0.4167	-0.2288	-0.1177	0.5752	0.9164	0.1438	-0.6551	-0.1774	-1.2017	-1.0286	0.4382	-1.3882	-0.0267	-0.7372	-0.2894	0.0754	0.5284	0.2455	1.2724	0.3537	1.4569	-0.5580	-0.9665	0.4417	0.0600	1.8803	2.7444	0.3370	1.2696	1.3060	1.3404	-0.5046	0.3105	-0.5653	0.3490	-0.1864	0.6822	-0.2456	0.1608	0.6112	1.5016	0.2378	-0.5625	-0.4462	0.8399	0.1317	1.1623
-0.9467	0.8109	-0.0186	-0.3877	-0.5728	-0.5274	-1.2494	-0.8451	0.5911	-1.7279	0.7377	0.1404	-0.3101	1.6200	-1.2287	1.3450	0.3030	-0.9637	1.5225	0.1064	-0.5917	1.0094	-0.5096	-1.5619	-1.4500	-0.4427	0.2129	-1.5644	-0.3783	-0.2844	1.1576	0.4609	-0.3924	0.5743	-0.8041	2.4929	-1.7208	-0.0489	0.5764	-0.9071	-0.8448	-0.2435	0.5248	1.3312	1.5737	-0.3339	-1.4284	-0.0499	1.5448	-0.2174
1.3365	0.1123	1.6299	0.0345	-0.7227	0.5920	1.3934	0.4489	-0.0837	-0.0414	0.5277	0.8247	1.9367	-0.8601	-0.6569	-0.1886	-1.0603	-0.7676	0.1501	-1.7580	0.4826	-0.5592	0.1296	0.9866	-0.5851	1.3330	-0.3188	-1.5394	-0.2400	-0.0484	-0.0516	-1.2002	-0.8285	0.1293	1.2876	0.9878	0.2299	0.7044	1.4014	-0.1489	0.1845	-0.8576	1.8342	0.0151	-0.7176	-0.7868	0.3932	1.4106	-0.6162	0.6191
0.1774	0.0679	-2.2340	-0.4738	0.7762	-2.3909	2.1330	0.6939	-0.3031	0.6509	0.9305	-0.3666	1.5958	1.0650	-1.0365	-1.1719	-0.1809	-0.2878	0.7784	-0.1768	-0.2068	-0.2340	0.4252	1.4183	-0.6930	0.0479	1.0463	0.4684	1.0625	-0.0520	-1.1696	-0.4011	0.4100	-0.2555	0.9663	2.1000	-0.8175	2.1712	-1.5685	0.9016	1.1551	-2.0802	-0.8364	-1.0050	1.1273	0.0306	0.2955	-1.4379	-1.6111	-0.0851
2.0694	-0.8854	0.0271	-0.1022	0.6580	0.8001	0.6722	-1.4298	0.9064	-1.7870	-1.6044	-1.5535	-0.4712	1.0383	1.7749	-0.5024	0.3542	0.4625	-0.4493	1.1812	-0.9027	0.8118	-1.8408	-0.0774	-0.7732	-0.9873	-0.1497	-2.2815	-1.3968	1.0761	-0.2016	1.1505	-0.3560	0.0030	-1.1024	0.7740	-1.4722	-1.4729	2.4859	0.8201	-1.7835	-0.0129	0.1455	0.2303	2.2360	0.4945	0.4298	0.3866	-0.0641	0.1841
-1.2240	-0.8539	-1.3508	-1.1918	-0.3069	0.0344	-0.0243	-0.0701	0.7744	2.2556	0.6761	0.0324	0.6470	0.2408	0.9213	1.2276	-0.3505	-0.8660	0.9412	-0.9322	-0.3453	0.5023	0.2076	1.0951	1.2904	-0.7737	-0.2674	0.8001	-0.0278	-0.5052	0.4192	0.4090	0.5775	1.5919	-2.2082	0.2900	-1.9521	0.7531	-0.9450	0.8329	1.5571	-1.9046	1.4303	-0.6922	-0.2483	-0.9413	0.2970	-1.3627	-0.5333	-0.2623
-1.5975	1.5069	-0.1069	0.0305	1.6436	-0.8338	-0.1270	2.4102	-1.1860	-0.0246	0.6475	-0.8710	0.5273	1.0877	3.0512	0.6705	0.4879	0.4330	0.2992	0.6932	0.3195	-0.4363	-2.1005	-0.3140	-0.0199	-1.0320	0.0887	0.7684	0.0565	1.8881	0.0742	1.5186	0.0198	0.1373	2.2849	-0.0366	0.9074	0.6961	-0.9236	0.7762	-1.7447	2.2068	0.0523	-1.0968	-0.1124	0.5232	-0.9602	0.2771	1.4822	-1.5849
0.6742	-0.6419	-0.5692	-1.3795	-0.4745	2.4775	-0.1133	0.3662	1.5640	1.2278	-0.8285	1.3300	0.6560	1.5176	-0.9347	-1.9688	1.2406	1.0713	0.7870	0.8161	-0.2299	-0.7773	-0.1339	-1.4907	0.0194	-0.1722	-0.6440	0.1195	-0.0338	1.1198	-0.3860	0.7729	0.3858	0.1287	-0.2434	0.3740	-1.4149	-0.0121	0.3350	-1.6709	-2.0786	-1.3233	-0.8977	-0.4773	0.6873	-1.2954	0.5087	0.3689	-0.6603	1.2365
1.4756	0.5692	-2.7970	0.5462	1.3324	0.1004	0.2211	0.4347	0.2350	0.8308	0.1738	1.5028	-0.6163	0.8713	0.1009	0.1143	0.7779	0.7922	-0.7898	-1.0621	-0.5564	-1.8489	0.5873	0.7460	1.6891	0.4167	1.5993	0.1258	-0.2858	-0.0857	0.2231	0.6347	-0.2230	-1.6211	0.4707	-1.8607	-0.0054	1.8348	1.7233	0.9967	0.3594	0.2420	0.0963	-0.3358	-1.3311	-0.1895	-0.5301	-0.5224	-1.0525	0.1026
1.0828	-2.4800	-0.7088	0.4443	2.3076	0.9346	0.1303	0.5869	-1.2331	0.7601	-0.1512	-1.3655	0.0220	-0.6332	-1.4240	-1.0677	-0.0058	-0.1247	0.7680	-0.4145	0.8745	-0.9172	-1.4440	-0.9262	-0.7272	0.0549	0.7367	-0.3324	-0.3663	0.8441	-0.0987	-1.6394	-0.6028	1.8333	-1.2599	2.4913	-0.1805	-0.4497	-0.3113	-0.7502	-1.6133	0.1365	0.2359	0.1669	-0.4473	-1.7181	-0.0383	1.2325	-0.5924	1.4178
0.3035	-0.3019	0.2070	0.6212	-0.0755	1.8921	-1.4407	-0.4348	0.2632	1.4450	0.5569	-0.7412	0.7588	-0.7856	-0.3120	0.2902	0.3789	1.8256	-0.1784	-0.0688	-0.5709	0.3423	-0.8803	0.7540	-0.5631	0.3810	-1.3600	-0.4938	0.1012	1.8970	1.9264	0.6941	-1.4742	-0.5693	0.6323	2.1243	0.7803	0.3238	-1.8645	0.0023	-0.6781	1.1851	-1.0014	0.1663	0.3061	0.0854	-0.9491	1.5365	0.0318	-1.2293
0.4534	0.8091	-0.9963	-1.6787	-0.3061	1.3288	1.1177	1.0616	-0.3863	1.0213	1.1066	-0.3429	0.9910	1.8974	-1.1120	0.2064	0.2214	-0.0380	-0.9382	0.8976	0.4949	-0.0347	-0.0898	2.5810	1.8143	0.3413	-0.7163	-1.5676	-0.1461	-0.1402	1.2014	0.0755	0.0167	-0.2344	-1.4162	-0.0307	0.0526	1.4803	-0.0117	-0.0581	-0.3908	-0.0310	-0.1837	0.7063	-2.1781	0.1000	-1.7148	-1.4931	-0.1293	0.2754
-0.5488	-0.0645	0.2293	-0.6111	-0.2334	0.4867	-0.4036	-0.9430	0.4540	-1.1437	0.9229	-0.5659	-0.3112	-0.0569	-0.8461	0.6705	-0.1707	0.3243	0.3299	0.2251	-0.7676	0.4736	-1.2500	-0.1234	-1.2824	1.1659	1.9075	1.9237	0.3654	-0.5637	0.1017	-0.0045	-0.6612	0.1907	-1.0303	-0.1512	0.4358	0.4598	-0.7803	-1.1111	-0.0623	0.0392	1.2477	-1.0880	0.9783	-1.0013	0.5644	0.9317	-0.7383	-2.2019
0.6938	-0.1660	-1.1123	0.5820	-0.0342	-0.4679	1.4682	0.2378	0.0509	1.1982	1.2613	1.7010	2.0386	0.3152	0.8793	-0.2737	0.3748	0.0570	0.5739	-0.8109	0.5385	-2.6705	-0.6905	0.6320	0.6624	0.9718	-0.5528	1.0803	-0.0871	2.1561	-0.6274	-0.7214	1.9386	0.9134	-0.1614	-0.4395	-0.7954	0.5986	0.8680	-1.0654	-0.1973	-0.2595	0.5843	-0.2414	-0.9082	0.7567	1.2939	-1.2891	-1.3540	-1.6228
0.3198	1.1972	1.4968	0.3118	0.8396	0.1909	0.0172	-1.3002	0.1923	0.4533	1.0787	0.9293	-0.3671	-1.6338	-1.8263	1.0787	-0.6637	-0.1149	-0.9685	-0.1687	-0.8887	0.5132	1.2964	-0.2763	-1.9591	-3.1221	-0.2811	-1.3248	0.8565	-0.7661	-0.6346	1.1622	0.3829	-0.0005	-0.1092	-0.1599	1.6396	0.4724	0.5398	0.3674	-1.4953	0.2634	0.4012	0.1342	-0.2911	1.1955	-0.1537	0.1335	-1.1028	-0.5639
-0.6718	-0.7348	0.5319	-0.7389	0.0527	2.4268	-0.1434	-1.5558	1.3671	0.1581	0.3172	-1.0774	0.8296	1.2253	-1.2288	-0.1741	-0.3682	0.3208	0.4819	0.5083	-0.6759	-0.2754	-0.3807	0.2781	-1.4282	-0.1678	-0.0341	-1.6671	-1.1869	-1.3030	-0.1881	-0.3871	0.6529	1.2553	-0.8432	-0.4156	0.1460	3.4824	0.1184	0.6293	1.0678	0.2168	-1.6846	-1.2635	0.9997	0.3108	0.4988	-0.4485	-0.1742	1.3976
0.1603	-1.3999	-1.0927	0.1271	-1.5646	0.2652	0.0487	-0.8889	0.4696	1.7546	-1.6463	-0.4251	1.4703	-0.8284	1.3018	-1.0306	-1.5179	-1.2789	0.7071	-0.0500	1.9110	0.4258	0.3120	0.4326	-0.9537	0.7203	0.7568	-0.6325	-0.1896	-0.6488	-0.6193	1.5867	0.3086	-1.0010	-0.5579	0.2682	0.2652	-0.4560	0.0108	-0.1371	-0.1996	-0.7527	0.4092	-0.3093	-0.6906	-0.1438	-0.3300	1.1185	-3.1181	-0.8040
0.2653	-0.5775	-2.6298	1.4315	0.4119	0.4901	1.1249	0.2304	0.4774	-0.6724	-1.0194	0.0264	1.0664	0.5546	-1.2093	-0.2253	-0.1516	0.5984	0.1584	-2.6517	-0.0822	-0.0502	-1.7242	-0.5956	-0.5410	0.2594	-0.2894	-0.9958	-0.2526	1.1598	1.1030	0.1138	0.0083	-1.9650	-0.5935	0.5416	0.5072	-0.9340	-0.4300	-0.0212	0.6495	0.0517	-0.9135	0.1673	-0.8934	0.4177	1.7000	-0.8210	-1.0848	-1.1248
-0.7664	-1.0166	0.7076	-0.2106	-0.1423	-1.0684	1.0199	-0.7683	1.0125	1.1321	-0.2942	0.4787	-0.0893	0.0505	-0.6301	-0.1052	0.3872	1.2339	-0.8991	-1.0576	1.8326	0.7626	1.4480	-0.3110	-0.4576	0.2959	0.7528	-0.4294	2.3650	0.3534	-1.0022	-0.9530	-0.6882	0.9034	-0.5224	-0.4717	0.3336	-0.0400	-0.1786	0.0504	-0.0828	-1.3408	0.5086	-0.9436	-0.8469	-0.4229	-0.5029	0.2724	0.3277	0.3148
1.3395	2.3303	-1.0829	0.2443	-3.4562	1.8738	1.3434	0.6407	-0.3290	-0.3764	2.3405	0.6138	-0.7283	-0.2036	-0.8030	0.5092	0.9268	-1.1782	0.5342	1.4765	-0.0279	-0.1312	-0.4438	0.4741	-1.9480	0.6037	-1.2660	-0.5333	-1.6034	0.1024	-0.4314	-1.1028	0.0327	-0.4477	-0.5186	1.7974	-0.0377	-1.8642	-0.6166	-0.4730	-0.5812	-2.1932	0.5030	-0.9785	-0.1044	0.7867	1.1186	1.7582	0.9662	-0.2870
0.2220	1.4243	0.4113	-0.2087	1.5300	1.6250	1.1886	-0.5102	-0.2269	-1.2365	2.2502	-0.2628	-1.9230	-0.9942	-0.9911	-0.4724	1.0776	-0.9008	1.1235	0.9162	-0.7260	0.5698	0.3051	0.6734	-1.5146	1.2090	0.3833	-0.0029	0.6957	-0.0640	1.1746	-0.4929	-0.6113	-0.1324	-1.1900	-0.5100	-0.6863	1.0067	-0.2572	0.9079	1.7523	0.4443	-1.2795	-0.7344	0.9396	2.6343	-0.0242	0.1320	-0.5812	0.3511
-0.1338	-0.0607	0.0642	1.8501	0.8930	0.8736	1.3371	-0.4492	0.9762	-0.0188	-0.7486	-0.6160	0.4913	-0.3149	0.2714	0.3160	-0.6555	-0.4306	-2.0216	0.8509	-0.6519	-0.8487	-0.0243	-1.1180	0.1980	1.4885	0.8678	-0.8844	1.9519	-0.6523	1.2999	-0.3488	-0.2909	-0.2362	-0.3205	-0.2161	-0.5139	-0.8490	0.2887	-0.3511	0.1551	1.0644	0.8578	-0.5861	0.6336	1.0056	-0.7590	-1.1195	-1.1137	0.7611
-0.0528	-0.5276	0.6381	-1.6950	-0.5601	0.8544	-0.6670	-0.5625	-0.5367	-1.4981	-0.7367	-0.7929	0.6341	0.3082	-1.3143	-2.5708	0.5587	-1.1948	1.3585	1.5678	1.1550	0.5370	-0.7977	0.7528	0.1489	1.6337	-2.5100	0.9265	0.0861	-1.0640	-0.1949	1.3453	1.2704	1.4915	1.1676	-1.5299	0.4100	2.5283	0.1578	-1.4124	0.3155	0.4879	0.6965	-0.0716	-0.0914	0.3739	-0.4907	-0.4216	-0.4243	-1.2995
0.3029	-0.3862	0.4170	1.0057	0.5398	0.8841	1.3536	-0.2117	-1.2106	1.2653	-0.3025	-1.1449	0.6190	1.0636	0.1128	2.0448	-0.4920	0.4106	0.4914	0.5565	-0.0535	-0.8013	1.3872	-0.1889	1.2138	-0.1006	0.7776	0.2629	0.1233	-0.8982	-0.5136	1.0017	0.3901	-0.8027	-0.3292	-0.7141	0.9711	-0.0002	-0.9676	-1.1059	-0.5695	-0.5157	-0.6362	0.2304	0.2222	0.1201	0.2710	0.8071	-1.4760	-0.3724
-1.3647	2.9044	-0.7353	0.2011	1.1256	-0.3098	0.7537	-0.2737	-1.0640	-0.3484	0.7799	1.3671	-0.5572	-0.2670	-0.7809	0.2589	-0.7286	0.1054	1.5956	-0.7602	1.6012	-0.0577	1.9736	1.3526	-0.5850	0.5043	0.0588	2.3878	0.3824	-0.1660	-1.5844	-1.2721	1.4131	0.5487	-1.0803	-1.0562	-1.7189	0.8157	-0.6740	2.0485	0.0416	-1.0692	-1.7943	-1.4414	-1.0875	-0.4177	0.6515	0.9718	-0.5249	-0.2170
-1.7015	0.3935	0.4267	-0.1829	-0.3559	1.0093	0.3456	-0.0527	-0.1820	1.3988	0.9938	-0.1965	-0.7906	-0.9376	0.9539	0.0332	-1.7424	-0.9761	-1.3922	-0.0300	-2.2041	0.0904	-0.0735	-1.2918	1.4333	-1.1465	1.0468	0.4177	0.2463	0.1106	-1.1120	-0.1798	1.5971	-0.8547	-0.6699	-0.6885	1.0243	-0.5289	-1.0618	-0.3822	0.7243	-1.9169	0.5591	-0.0803	0.3707	1.5951	0.7058	2.8757	-1.9447	-0.6546
-0.7827	1.2961	-2.3682	-0.1591	-0.8935	-1.1079	0.5759	-0.4721	2.9957	-0.4065	-0.0850	0.3597	-0.1734	-0.7790	-0.1333	0.4191	-0.9649	0.1184	0.0194	0.0655	1.4993	0.2614	0.8260	0.3616	0.1693	-1.0186	0.2459	-0.4574	0.2115	-0.3034	-0.2788	-1.0248	-1.7038	-0.6203	-1.0967	0.2549	-0.2562	-0.8067	-0.0256	0.6592	-1.4536	-0.2837	-1.0342	0.2815	-1.2003	0.9414	0.5446	0.4654	-0.0457	-0.4885
1.7149	-0.1453	-0.6058	-0.1108	-0.3508	-2.1178	1.1789	-0.5041	0.0485	0.4823	-1.0669	1.2253	0.6464	0.2945	-0.0960	0.0916	-1.1103	2.2167	-1.2584	-2.0074	-0.7920	-0.6859	0.2475	-1.4777	-1.5725	0.1562	1.2618	0.9354	-0.3652	-0.9808	0.0108	0.9905	0.8300	1.2525	0.4065	-1.2227	-1.0774	0.7514	0.4504	2.6289	-1.2547	0.2004	-1.4441	0.7690	1.1796	-0.8135	-1.1208	-0.6890	-1.8630	-0.6530
-0.8084	-0.8917	1.1842	0.3013	-0.4250	0.2796	-0.0610	1.6749	1.0939	-1.9890	-0.8061	0.6128	1.6060	0.7944	-1.3976	-1.2431	0.1952	-0.2466	1.3005	-0.4114	-0.0815	0.3406	1.2189	-0.3943	-0.5679	-0.6780	-0.9217	0.3321	0.5960	1.4107	1.3790	0.7325	0.2750	-0.9905	0.5466	-0.9203	-0.7493	-1.0511	0.0088	-1.1297	-0.6411	-0.0713	0.4565	0.3659	0.0520	0.3195	-0.9545	0.7612	-0.2003	0.7290
-0.4412	1.7309	0.1593	0.0240	-1.0328	-1.1396	-0.5984	0.4304	-0.0295	0.9589	0.6969	-0.3342	-0.1084	-0.2341	-0.1728	-0.6989	-1.2877	-0.2184	0.4697	0.5238	-0.3051	0.3046	0.3093	0.1240	-0.2778	-1.1306	1.2069	0.7886	-0.1531	-0.5549	-1.3672	0.9995	1.5986	-1.5619	2.2525	0.2437	-0.8249	-0.5799	-1.6471	-1.2994	-0.0109	-0.7082	0.8244	-1.3141	0.0373	-0.4072	0.1714	0.5465	1.5535	0.0270
0.4310	0.1247	-2.2167	1.2239	-0.3567	-1.5511	0.0138	-1.0735	-1.3794	-1.7277	2.3975	-0.0848	0.3876	-1.2918	0.6182	0.8534	-0.6997	-1.8402	-0.7522	3.1545	0.0221	1.4209	0.1543	0.4207	-0.6405	1.4531	2.6491	-0.4878	0.3769	-1.4247	-0.1626	-0.6583	-0.9741	0.7679	1.1183	0.5192	0.1582	-0.6971	0.2949	0.2659	2.8126	-0.3164	-0.5200	-1.7344	-0.8970	-0.6491	0.4512	-1.7725	0.4211	-1.4841
-0.9847	1.5487	0.6668	-0.5027	0.3276	1.7190	0.2672	0.4303	-1.0361	1.1024	0.4512	-0.1892	0.4594	0.2858	1.3762	-0.7207	1.6533	0.1926	0.0428	-0.6291	0.3249	0.5567	-2.1334	-0.0771	1.0498	0.6829	2.3627	0.8073	-0.4438	-0.8068	1.0223	0.5707	-2.2087	0.8053	-1.2493	-1.5717	0.5209	0.8202	1.2715	1.1421	0.8085	-0.5586	-0.8650	0.4045	-1.2489	-0.0042	2.4433	0.3666	0.2217	-0.3607
-1.3724	-0.0702	-0.2319	1.2567	0.4871	-0.2926	-0.2535	0.6799	0.9579	-0.2899	1.1598	0.8435	-0.7310	-2.2505	-0.8817	1.5237	0.6291	-0.3494	0.8375	3.2285	-0.6351	-0.9831	0.8517	-2.1430	0.2908	0.1988	-1.2454	1.2969	-1.0064	1.0110	-0.0047	-0.9776	1.7833	-1.1755	-1.2955	1.3116	1.1979	0.0527	1.0843	-1.9873	0.8962	0.8760	0.3257	1.2243	-0.7281	-0.7633	-0.1022	0.3123	0.1625	-0.4380
-0.0794	-0.9197	-2.2400	0.7259	-0.2491	2.2848	-0.1774	-1.4282	0.9593	-0.1800	0.3276	1.0062	-0.6705	0.7106	-0.9212	-0.7071	1.9636	0.4949	1.4426	0.0094	-0.3683	-1.7048	-1.6822	1.0532	-1.0000	-0.6498	0.7044	0.5220	-1.9607	0.8315	-0.1776	-0.5768	-0.2706	1.4425	1.1629	0.8254	0.1437	-0.7548	0.5415	-0.3750	-1.0879	1.6899	0.4666	0.1230	-0.8168	0.9852	-0.4573	-0.1795	-0.2156	0.5736
0.7483	0.7846	-0.5224	-0.1530	-0.9526	0.9856	1.0481	-0.0836	0.8098	-0.6479	0.3039	-0.4027	0.4017	0.9852	1.0385	1.9296	-0.5314	0.0750	1.2926	1.3578	-2.0127	0.2964	-0.3004	-0.5080	1.1174	0.0103	-0.4425	1.0824	0.2052	1.1244	-0.4029	-0.1555	0.8497	0.7103	2.0659	-2.2004	0.8747	0.6529	-0.2881	-0.6785	-1.6608	2.3323	-0.9605	-0.3105	0.2309	-1.8207	0.0681	1.3650	0.3744	-0.3438
-0.9359	-0.5979	-1.5300	-0.4186	0.5870	-0.2649	-0.2366	-0.5160	-1.2352	-0.3535	-1.7219	-2.3048	1.1379	-0.3110	0.1532	1.1598	-0.3998	-0.3036	2.1401	0.2496	2.6575	-1.5101	0.5398	0.8344	0.9778	-0.4332	-0.2361	-0.7595	-0.8353	0.0789	0.8716	-1.2047	0.5070	-1.8192	-1.8536	0.4970	0.8048	-2.3813	-1.1192	-0.9010	1.6299	-3.1298	0.4994	1.4130	-1.0564	-0.2501	1.0013	0.7177	0.6255	0.0990
0.4397	0.7156	-0.3054	-1.4578	1.0258	1.5761	0.0842	-1.2738	-0.7127	-0.2392	-1.5312	0.1444	1.0915	-1.2555	-0.2907	0.8997	1.4116	0.0078	-0.1626	0.4911	-0.0963	-0.1190	0.8322	-0.4264	-0.0215	-0.9946	2.1060	0.6410	-0.5601	0.9896	0.7753	0.3643	0.3291	0.0103	0.1580	1.0376	0.1533	0.5219	0.0311	1.0702	0.4901	0.8042	0.3341	-1.9045	-2.6481	0.2802	-0.2025	0.4201	0.5771	-1.2388
0.9089	0.0196	1.2557	0.1795	-0.8197	3.0916	0.2191	0.4777	-0.7747	0.1528	1.8294	0.6604	-0.1167	-0.0822	-0.8734	-0.8401	-0.8289	-1.1312	-0.7687	1.4391	-1.4951	-1.1252	-0.0764	-0.4706	-0.8437	-0.9783	0.7178	0.3258	-1.5293	0.3758	-0.1551	-0.5832	-0.2373	-0.4639	-0.2081	-0.2607	-0.7959	1.1301	-1.3689	0.3720	-0.3650	1.1822	-0.7280	-0.2761	0.2238	-1.1322	-0.3267	1.5545	1.9540	-1.3505
0.5442	-0.9521	1.3951	-1.2885	0.4828	0.7184	1.3364	0.0990	-0.3423	-1.4885	1.1306	1.9843	-2.1494	0.5583	0.3349	-0.0953	0.5042	0.1919	-2.8326	-0.4796	0.6363	1.1434	0.2928	-1.1712	0.1703	0.4578	1.1863	-0.7933	0.3136	1.4255	-1.0046	-0.1353	-1.3372	-1.0202	-0.3742	-0.1544	0.7030	-0.0749	0.5485	-0.0675	-0.1630	-1.6125	1.2724	1.1454	-0.5819	0.8015	1.0390	1.9813	-0.4672	-0.6952
-2.9542	-0.9114	-0.8163	0.6598	0.3516	-0.2819	0.8980	0.8263	0.5020	-0.9518	1.9041	-0.0622	-0.0835	-1.3875	-0.4844	1.9398	0.2178	0.0906	0.8787	1.1510	-0.8970	-0.1144	-0.4918	1.1688	-1.3892	0.3665	1.5382	1.0167	0.7522	2.0669	-0.9556	-1.5326	0.2787	-1.3714	-0.1572	0.4483	-0.8402	-0.3178	-0.0515	-0.3970	0.4733	0.7718	0.8509	0.2293	-0.7845	-0.3423	0.3606	-0.3131	-0.0728	0.2310
0.3077	-1.6964	-0.5325	1.1868	1.0967	-1.0505	-0.1575	0.3466	-0.5706	-0.4104	1.2112	0.3922	-0.8306	-0.5409	-1.2341	-0.7457	-0.6432	-2.2928	-0.4529	-0.3200	0.6433	0.2511	-0.0025	-1.3000	-0.9470	0.5510	-0.5807	-0.8969	1.7039	-0.0028	-1.3054	0.8873	-1.4369	-1.2632	-0.4343	-2.1836	-1.4805	0.1351	-1.4436	0.6941	-0.2683	-0.7558	0.6156	1.2670	-1.8823	1.3940	0.4628	-1.1613	-1.2631	0.2612
-1.0748	-0.5714	-0.0771	0.4522	1.4060	0.4545	0.0325	0.8592	0.5586	-0.3651	-0.1410	-1.9168	0.6535	2.0671	-0.3677	-0.5620	-0.5983	-0.7571	-1.1299	-0.4392	0.6755	-0.5284	0.5928	0.9298	0.3291	-0.3807	0.4808	1.6210	1.3161	-0.5484	1.1974	-1.0551	-0.6753	1.2108	0.4261	0.5802	-0.0644	-1.0150	-0.4555	-0.2697	-0.5191	0.3879	0.8276	1.7610	-0.3663	-0.5082	-0.6022	0.2661	0.7185	-0.5578
-2.0347	-0.6316	0.4698	1.0061	0.7076	-1.0864	0.1148	1.6885	-0.0231	0.2747	1.0770	1.0218	0.5886	-0.5224	1.0041	0.6261	-0.0042	1.8276	-0.8924	-1.0266	1.7285	0.8198	-0.1359	-0.5094	-0.0027	0.2135	-1.0023	0.7868	0.7910	0.4849	0.4692	-1.2041	-0.9145	-0.7080	2.0615	0.2907	-0.3410	-0.6454	-1.0801	0.2287	-2.4631	1.4366	0.2621	0.2065	-0.4008	2.4021	0.3819	-0.0905	-0.8263	-0.8005
-0.0726	0.4243	-2.0167	1.2113	0.0089	0.4935	0.6765	1.1684	-0.1463	0.9326	-1.7759	0.0384	0.0905	-0.0312	0.3864	0.0468	-1.0731	-0.7323	1.2305	0.2090	0.1832	-1.2206	0.7901	1.1766	0.4484	-0.8840	-0.9576	1.3852	0.9359	-0.8538	0.0620	-0.5350	0.3959	-0.6576	1.4091	-1.0537	0.8122	0.0820	0.2778	-1.2084	0.5715	-2.4562	0.6992	0.6882	-1.6410	0.0281	-1.4483	0.1741	1.9268	0.6987
-1.0560	0.8665	-1.7817	-1.1314	-1.0676	-0.6595	-0.6013	0.0596	0.1351	-0.3159	-1.5029	0.5384	-0.2699	-1.8726	0.1831	-0.5446	1.6555	1.5003	-0.0525	0.2788	-0.1804	1.2875	0.9042	-1.1117	0.2137	-0.1628	-1.7093	-2.3691	-1.2453	2.1607	0.0769	-0.2125	-0.7780	1.3416	-1.3862	-0.8815	-0.7288	1.7777	-0.0441	-0.5275	-0.9975	-0.2799	0.4356	-0.3627	-1.6611	-0.9416	-0.7782	0.8182	1.6015	-0.4199
-0.9952	-1.2225	-0.5660	0.0803	-0.0900	0.3451	0.7106	0.9167	0.1300	0.2236	0.1202	0.7845	1.7833	0.1147	0.6116	0.8550	1.0064	0.0514	0.2036	1.0459	-0.8022	1.6226	-1.4529	0.3332	2.1269	-1.0429	0.3480	-0.7775	-0.7196	-0.4711	0.1214	0.6124	-0.1699	0.6724	0.5555	-0.0724	0.3317	0.3287	2.8491	1.6045	1.0289	-0.6804	-0.7067	-0.2726	-1.5287	1.3785	-0.3182	0.8692	0.9245	0.9209
-0.3350	0.7789	-0.0181	-1.0437	0.2682	0.6777	0.5009	0.8517	-0.2754	0.3045	-1.2384	-1.1878	-0.8036	-0.5358	0.5274	0.3507	1.3712	-0.1628	-0.7254	0.7546	-0.6339	1.6894	0.8250	-0.8368	0.8979	-0.9003	1.9736	1.1420	0.6291	0.2092	-0.2094	-1.6629	0.7687	0.4915	0.4554	-2.3493	-1.5722	0.6630	0.8411	-1.5108	0.9764	1.5296	-0.3352	-1.4190	2.0136	-1.0126	0.4026	1.8632	0.4031	-1.7588
0.6030	-0.1043	-0.3136	0.6049	0.5135	0.2996	-0.4902	0.2664	-0.1306	0.1083	-0.6158	0.8090	-1.7654	-0.8981	1.3090	-1.3451	1.2585	-0.8286	1.0156	0.8631	0.0105	0.8117	-0.7522	-0.7310	-0.7626	-0.7884	0.1121	-0.9975	-0.5067	2.2358	-1.2555	-0.7616	0.7024	-0.0459	1.2516	-0.8833	1.0981	-1.8255	-0.3640	-1.0992	-0.5867	2.2317	-1.3930	-1.6948	0.0648	1.0708	1.5728	-0.6413	-0.4782	0.4818
1.5789	0.7958	-2.6721	-0.0166	-2.4031	0.0725	2.8774	0.1591	-0.8009	-0.0743	-1.1228	0.8529	-1.6277	1.3270	1.5513	0.3985	0.5667	0.3903	0.3651	-0.4163	-0.3333	0.7258	-0.1479	-0.4941	-0.0593	-0.8192	-0.3357	-0.4742	-0.4599	-1.9529	0.9408	0.8255	-0.3337	-0.8463	-1.8780	-1.2448	0.9513	0.0154	-1.3100	1.4985	-1.7278	0.0147	-1.7699	1.3556	-1.0187	1.1568	-0.9975	2.0138	0.1457	-0.5734
-2.0639	0.0595	0.2197	0.7778	0.4694	0.2243	1.3908	-0.3240	-0.3287	1.2118	1.1580	1.3853	0.5107	0.2207	-0.0330	0.9819	-0.5208	0.5500	0.2200	-0.5338	0.2467	-0.3749	1.3307	0.8733	1.0207	-0.1026	1.3117	-0.0962	1.8042	-2.6089	-1.3713	-0.1157	0.1707	-0.7014	3.2152	-1.0728	-0.3677	0.3271	-0.5892	1.6993	3.3841	-0.5066	1.0065	0.8621	-1.8075	0.6803	2.2883	0.5065	-1.3373	0.7473
-0.1626	-0.1596	0.3425	-1.3155	0.4757	-0.6849	-1.9814	0.7667	0.7657	-0.9909	-1.2828	-0.1831	1.1278	-0.1813	0.7646	0.2185	0.5405	-1.8468	0.0275	-2.1978	0.0289	-0.3288	0.2601	0.0673	0.4983	-0.5791	-0.2154	0.4516	0.6633	-1.2802	0.5909	-0.0848	-1.1293	-0.3045	2.1877	1.9975	0.0699	0.3542	2.1511	1.5389	-2.6934	0.0305	-2.3351	-0.1042	0.4659	0.0617	-0.6485	0.5716	0.2539	2.4043
-0.9365	-0.8930	1.3402	1.2750	1.2668	0.2630	0.5844	1.6696	0.9617	-1.1732	-0.0566	1.0889	-2.6089	-0.4192	-1.7966	1.1999	-1.1201	0.2883	0.3199	0.4729	1.4481	-0.7610	-0.7565	-1.3096	-0.7936	0.5275	-0.7607	-0.9665	-1.5264	-1.1047	0.4304	-0.0614	-0.5465	-0.9309	-1.1382	-0.3975	0.6204	-2.1532	-0.9108	1.2283	1.7773	0.7207	-0.8668	-2.3878	1.7955	1.0535	0.5102	-0.6899	1.2271	1.7495
-1.5910	-0.2755	0.2391	0.0054	-1.7975	-1.4904	0.2739	-0.7096	-0.2055	-0.4194	0.2306	-0.4692	-0.2391	-1.4227	-0.7146	-1.0656	1.3863	0.9010	-0.0397	1.1365	0.4739	-0.7794	-1.7781	1.3249	1.0505	0.8475	-1.0643	-0.3114	0.3074	0.8602	-0.8930	-2.8965	-0.1471	-0.6891	-1.6014	1.4863	-2.1831	-0.7934	0.3282	1.0430	0.2061	0.5335	-0.2048	0.3618	-0.9455	0.2488	1.7275	1.0913	-0.2888	0.3260
2.5018	-0.8510	-0.4328	-0.5108	1.1581	-0.3324	0.6885	-0.4528	-0.7598	0.2980	-0.6695	-0.5386	0.6886	0.1203	-0.1070	-0.7609	0.7502	0.4126	1.8053	1.1642	0.2082	-0.1713	0.8457	0.2594	0.0136	0.4851	0.2491	0.5733	-0.8720	-0.1046	-0.5889	-0.9753	-1.8258	-0.6747	1.3639	-1.3769	-1.4050	0.7763	1.3841	-0.0742	1.3240	0.1853	0.2903	-1.0089	0.3198	0.8014	-1.8174	0.1848	0.3753	-0.4941
-0.1709	0.6273	0.1773	-1.2210	1.3798	-1.7284	-0.4952	0.8484	-0.2935	1.1247	0.6192	0.8856	-0.0490	0.2443	-1.3179	0.5733	0.2692	-0.4935	0.4853	-0.5488	0.6061	-0.0589	0.5807	0.4227	-0.9985	-1.2021	-0.5106	-1.7922	-0.8482	2.5613	-0.1651	1.4206	-1.6118	0.2235	0.8841	1.8975	-0.3341	0.1715	0.1474	1.3086	0.3745	2.0034	0.2052	-0.4657	-0.5639	-0.3072	0.8925	0.6966	-1.4714	0.4276
-1.2355	-0.1796	-0.7614	-0.7073	1.9451	0.7644	-0.8417	1.2615	1.8016	1.2216	1.1849	-0.4417	0.8956	-1.5157	0.1631	-0.1287	-1.3050	1.3972	0.4322	1.0583	0.3399	-0.4591	2.3760	-0.6574	-2.3589	1.6493	-0.0133	0.6948	0.1771	-1.4533	-0.0489	0.2020	-1.0353	-1.4256	0.2545	0.7253	0.4177	1.1439	1.4460	-0.1946	2.2398	0.6840	2.6002	-1.7137	0.1496	0.9927	-0.3311	0.0817	-1.1153	-1.0457
-1.3363	0.0733	-0.0859	0.4095	-0.5095	-0.4498	-1.3517	-1.8492	-1.0086	0.0246	0.5429	-0.8829	0.1680	-0.1761	-0.1928	-0.9667	-0.1099	0.5508	-1.2142	-1.3224	-0.8482	-1.4446	-0.5296	1.5906	-1.6384	0.1800	-0.8522	-0.5713	0.3369	0.8133	0.3265	-0.1386	1.1098	-0.6949	1.0085	0.3793	0.4746	-1.3409	1.3251	-1.0503	0.0764	-0.7044	-0.1092	-2.3254	-0.2444	-1.6005	-0.4796	-2.0088	-0.9600	-0.5630
-0.5378	-0.3876	-0.2462	0.6955	-1.2612	-0.6834	0.8121	-1.3917	-1.4202	1.4059	-0.4059	-1.4997	0.9583	0.5923	0.3291	0.9580	1.3173	-1.0642	1.3962	1.4236	0.6255	0.0101	-0.3201	1.2638	-0.2083	-0.7832	-0.6413	-1.6791	0.6145	0.4789	-0.0687	0.4227	-0.8530	-0.3787	-0.4560	0.0356	-0.2250	1.0161	-0.8221	0.4948	0.6370	0.7748	-0.5554	-0.6789	0.2894	-0.6777	0.0910	0.1764	-0.0735	1.0207
0.6958	1.2587	0.5433	-0.6059	0.4265	-2.3469	0.1499	-0.0951	0.4123	-0.0048	-1.5695	-1.0568	-0.0824	0.1331	-0.2420	0.3897	-1.6498	-3.4048	-0.2517	-1.4004	1.1452	0.7266	-0.4275	0.3597	-0.4179	-0.9325	0.6714	0.6219	0.2239	-0.0810	0.5456	0.2609	0.1841	0.2266	0.9780	0.2493	-0.2485	0.8088	-0.5067	0.2165	-0.3698	-1.0880	-0.6848	-0.0180	-1.0350	-1.3229	-0.1411	1.5339	-0.8278	-0.4191
1.0356	-0.2664	0.6835	0.4331	0.6193	0.6260	-0.6903	0.3716	0.4937	1.0845	-0.0040	0.5602	2.2024	-0.1129	2.1948	1.5096	0.0572	0.8108	-1.7745	0.0910	0.1743	-0.0058	0.0106	0.4360	-0.4118	-0.7210	0.2251	-1.8498	-1.8062	-0.9867	1.7404	-0.6500	-0.4082	0.5707	-0.3662	2.0084	2.2382	-0.0067	-0.4317	1.3779	0.8411	0.0533	0.3137	-0.5846	0.8164	1.5371	0.0878	0.3750	0.8033	1.8893
-0.2235	0.2838	-0.4547	-0.9201	-1.6858	0.6599	-0.1572	-0.2325	-0.6248	-0.5885	0.0847	2.6963	-0.8465	-0.3544	-1.3283	0.0096	0.6264	-0.5988	-1.3509	-0.7138	-0.0090	-0.2722	-0.2860	-0.5919	0.0783	-0.2095	-0.7745	0.0264	0.0917	0.2420	-0.8604	-1.2720	2.2695	1.7292	2.3361	-0.2903	0.5079	-0.8128	-0.0668	0.6721	-0.5081	0.7650	-0.7489	-0.2394	0.3127	0.6053	-1.1881	-1.0370	0.9714	0.0199
1.2117	-0.8492	0.9902	-2.7162	-2.5052	-0.0852	-0.1786	-0.6371	-0.0996	1.1693	-1.5560	-0.0169	-1.8903	0.0014	1.5113	-0.0755	-0.1266	0.5263	0.0871	-0.8143	-1.1665	0.1893	-0.5002	-0.5721	-0.4221	-0.5730	-0.7083	-0.3523	0.3667	2.5284	2.3076	-0.0153	-0.3620	-1.0910	0.8280	-0.6114	-0.6861	-1.4011	0.8883	-0.9857	-1.0672	-0.6077	-0.4377	-0.0122	-1.0029	1.4449	1.3009	-1.0172	2.3197	-1.3637
-1.0495	0.2762	-1.7273	0.7776	-0.2875	0.2013	-0.7773	-0.0974	0.8806	0.4957	-0.0505	-0.1774	0.9538	-1.3089	-0.1828	1.0374	0.2054	0.8771	0.5202	-0.2817	-0.5513	-0.4831	-1.4427	-0.8161	-0.2940	-0.8309	-0.5896	-0.1684	-0.4844	-1.0826	0.4595	-0.3923	-0.6543	1.4990	-1.5546	-1.4659	-0.5597	-0.1575	-0.8467	-1.1779	-1.3501	-0.9245	-0.8546	0.3015	-1.7035	-0.6965	0.2407	-0.6020	0.3686	-0.0523
-0.0188	-1.8866	-1.7978	0.2434	0.0121	0.1993	0.3625	0.0441	1.9070	-0.5675	0.7920	0.1194	-0.0528	1.0164	-0.1652	1.7278	-1.2613	-2.0958	-0.1167	-1.6029	1.4941	-1.0683	-0.5949	-0.0082	0.5736	0.6969	0.6801	0.1194	-0.3419	-0.7141	0.0137	0.0133	0.2393	-1.0920	0.2326	-0.1958	-0.2399	-0.2220	-2.1202	-1.3623	1.9289	-0.3043	0.2479	-0.5312	-0.8789	0.7743	0.7451	-0.4418	1.1987	0.8926
-1.9208	-0.7940	-0.3017	0.2559	1.7716	-0.5882	-0.4757	-0.3190	-0.6743	-1.4961	-0.6382	0.4753	0.2449	0.7495	-0.0636	0.2189	-0.1458	0.6042	0.5952	0.6574	0.2347	-0.6476	1.7095	-0.2944	-1.1655	1.2736	0.7371	0.5845	-0.6247	-0.5031	0.0827	-0.4076	1.1392	-0.2631	0.9463	-0.5547	1.0337	0.3607	-0.8883	-0.3293	-0.1605	0.0203	-0.2862	0.1404	-1.0690	-1.0778	0.3832	1.2986	1.3986	-0.3385
-1.2988	0.0505	1.0004	-0.3445	0.3514	1.1472	2.1300	1.1897	0.5572	-0.5990	0.6150	0.2703	-0.5779	0.5974	0.9711	-1.8967	-0.3760	-1.4735	-0.7508	-0.4828	0.6223	0.1285	0.0431	-1.2883	-0.6795	-0.3396	-0.0921	-0.0969	-2.7451	1.6951	1.0028	0.9775	-0.5085	-0.3616	-0.2326	-0.6128	-0.4899	0.4631	0.5479	0.5389	1.3418	-1.8990	-2.0362	-0.2028	-0.7603	0.3507	-0.1928	-1.5253	0.4152	0.4892
0.2920	-0.8543	1.3694	1.1213	-0.8856	-0.8071	-0.6158	0.9986	-0.5117	-0.1145	-0.9808	-0.6904	-0.1172	-0.9833	0.9323	1.8407	-1.3353	-0.0800	-0.6547	0.3273	-0.2337	1.2058	0.5534	0.2106	1.2256	-1.0629	0.4929	0.1645	-0.7768	-1.7199	-0.1834	0.6540	-1.0233	1.9410	-1.3545	1.2665	1.0902	0.0683	-0.8867	0.0926	0.0299	-0.0720	-0.1160	0.9281	-0.2385	0.0155	-0.7064	-0.4479	0.2770	0.5310
0.6294	-0.4888	1.1315	0.6070	-0.1134	0.0088	1.1169	-0.1370	0.4723	-0.5210	1.9734	-0.1560	-0.5458	-0.3380	-0.2733	-0.4437	-0.1267	0.7809	2.6237	-1.4579	-0.1169	0.9193	0.5456	-0.1930	-0.0555	-0.0182	-0.1056	0.0120	-1.6470	-0.1734	0.0278	-0.5017	1.9716	1.1107	-0.0438	1.5888	-0.9830	-0.6309	-0.9035	-1.2526	1.1782	0.3733	0.9840	-1.3320	0.5364	0.0553	-0.6380	2.5141	-0.2398	1.9428
0.5439	0.9776	0.0008	0.9867	-0.2860	-0.6513	-1.5542	0.4644	0.0017	0.9387	0.3983	-0.1728	-0.4138	-1.1157	1.8501	0.1563	-0.1480	1.3747	-0.0402	-0.9700	0.5214	-1.2995	0.1197	0.1967	-0.5254	0.0712	-0.2105	0.7291	2.0665	1.2578	-0.2577	1.4493	1.4615	-0.4086	0.9945	0.3057	-0.2200	0.9375	-0.2058	-0.5481	-0.2879	-0.2463	-0.3821	-0.6765	1.6873	-2.0416	0.2553	-0.3111	-0.5896	-0.9023
0.3720	0.7592	-0.3440	-0.1258	0.5719	0.5543	0.2144	1.2386	-0.3033	-0.1660	1.0983	-0.2939	-0.0538	1.6952	0.7610	1.1971	-0.2864	0.7029	0.8926	0.7458	1.3724	0.4202	0.6263	0.4682	-0.6973	1.4365	-0.3032	-0.3335	0.1255	-1.4252	0.8973	1.6515	-1.0906	-1.5914	-0.0152	-0.4585	-0.8561	1.2707	-0.6158	0.7281	0.1429	1.5483	0.3656	0.7388	0.6737	0.0316	1.1081	-0.5635	0.4046	0.6781
-0.3412	-1.8057	-0.5039	-0.1903	-2.3253	0.4055	0.9688	-0.1168	-0.3423	-0.6059	-0.4915	0.5067	-2.1135	0.8430	0.5813	-0.4816	0.1805	-1.0862	0.3579	-0.4239	0.0307	-0.6391	0.4832	-0.9261	-1.7869	0.5694	0.4450	-1.0071	0.7838	0.8584	-1.5583	1.1379	-2.1865	-0.9158	-0.1928	-0.9021	-0.4220	0.5930	0.1885	-0.6923	-0.2017	-0.9910	2.1375	0.3504	0.8970	0.3181	-0.7588	-0.7874	0.4458	0.3608
-0.3842	-0.2306	0.8209	-0.1897	-2.7122	0.4064	-1.0730	0.3774	2.0057	-0.6269	-0.1858	0.9456	0.6150	-0.1500	-0.1306	1.9168	0.6954	0.5675	0.1486	-0.7104	0.6876	0.9494	-0.7308	-1.1077	-1.0100	-0.3734	0.7180	-0.7475	-1.0463	1.0778	0.8393	0.4222	-0.6763	-0.5273	1.2462	1.4657	1.6069	-1.9425	-0.9016	0.1431	0.9017	-2.1564	-0.8378	1.0742	-0.1176	-0.1976	0.4243	0.6048	0.4000	0.5009
0.0707	2.2513	0.2303	0.1490	-1.7066	-0.5954	0.6028	-0.6878	0.7939	-2.1629	-0.1591	-0.7871	0.8902	2.2855	0.6050	-0.6132	0.8770	0.2647	1.1973	-0.3959	-1.3492	-0.7737	-0.5498	-0.7637	-0.9334	-0.5539	-0.7742	0.6936	1.3076	-0.7981	0.3357	-1.0500	-0.7490	0.8690	-1.9525	1.0137	-1.3141	-0.8620	0.2225	1.1229	-0.3750	-0.1234	0.2288	-0.9109	1.4923	-0.0037	-0.5972	-0.1385	0.3817	-0.2993
-0.2983	-1.6976	0.3640	-0.2342	-0.9737	0.9238	-1.3217	-0.9429	1.2603	0.8521	-0.8513	0.9895	0.0730	1.0086	-2.5011	0.1200	1.1597	0.3579	-0.8737	0.0284	0.1590	1.3621	0.3759	-0.0458	-0.3149	1.2992	0.8828	-0.9515	-2.0526	1.7742	1.0975	-0.3749	2.1172	1.2472	-0.7122	-0.7341	0.4441	0.8105	1.1258	-0.7712	0.8950	1.0703	-0.6704	1.1920	-1.4101	0.3597	1.5044	-0.8176	-0.5762	-1.1563
-0.0863	1.6597	0.1259	-0.9902	0.0245	0.1700	-0.8304	-0.2079	-0.9313	-0.3122	-0.4811	-0.3280	0.3029	-0.7854	1.0137	-1.6359	-2.7912	0.8537	-0.2107	-1.8949	-1.2946	-1.6157	0.2160	1.7704	1.1062	0.3107	1.4534	0.8244	1.0369	-1.4871	1.5181	0.5226	-1.1620	1.7484	-0.5060	-1.2272	-0.3787	-0.1109	1.7345	-2.8775	0.4049	0.0837	-0.7579	0.1214	-1.3407	-0.3339	-1.0586	1.2148	-0.4984	-0.1477
-0.9787	0.6187	-1.0534	1.3889	0.4404	-0.3908	-0.0952	0.2113	-0.7191	-0.4824	0.3253	0.7673	0.2875	0.1419	-0.6329	-1.5509	2.0160	2.1126	-1.4172	-1.0179	-0.5795	-0.4846	1.6122	0.2274	0.1749	0.9317	2.0760	0.4836	1.2568	-0.3295	1.6567	0.4988	0.5072	0.0473	1.1539	0.1010	-0.7268	-0.3245	1.1505	2.4932	1.2913	1.7202	-0.0949	-0.3119	0.3223	-1.0256	0.6754	0.4557	0.3327	-0.0393
-2.4555	1.9246	0.7890	-1.5346	0.5774	0.6915	0.5592	-1.4243	-0.6809	0.0305	1.2622	1.8959	1.4593	0.5190	0.5302	0.4994	-0.4433	0.1133	0.5295	-1.4693	0.1864	0.3632	-0.3051	0.3199	-1.1745	-1.7783	-0.3106	0.6013	1.3695	1.0071	0.9677	-0.1229	-0.1598	0.3676	0.4176	-0.3982	-0.5085	1.2626	-0.3162	0.5106	1.4598	-1.1125	-0.2325	-0.1609	1.0210	0.0344	1.1774	-0.5366	0.7550	-1.6058
0.8557	1.7291	1.5028	0.2131	-1.1772	1.2474	0.9159	0.0880	-0.7759	-1.0344	-0.1210	-0.0396	-1.4496	0.5179	-1.2321	-1.0531	0.0754	-0.6546	0.0276	-1.6623	0.5211	0.2218	2.1155	0.1075	-1.8147	-1.0184	-1.0600	0.2330	-0.1633	0.7325	-1.5738	2.7879	-2.0364	0.5489	0.4636	0.1586	-0.5909	-0.2075	0.4618	0.0045	-0.5820	-0.8906	-0.4655	-1.9217	0.7353	1.6072	1.5774	-1.6335	0.5075	1.4773
0.5105	1.6748	1.3318	-0.9260	-1.2981	-0.7424	-0.4026	-2.2917	-0.5137	1.6810	0.9455	0.3161	0.9572	1.3850	-2.0456	0.5800	1.1653	0.0344	-1.8306	-0.2112	0.1066	0.0654	1.3628	-0.1869	0.3353	1.3161	1.0086	-0.5947	-0.2150	1.8213	0.3855	-0.0699	-1.3369	-0.8335	-0.2167	-1.0558	-1.6922	1.1525	0.0747	-0.3979	-0.3291	-1.3251	0.5692	0.3018	-0.6017	0.1282	-0.9723	-1.4105	-0.0726	1.5331
0.5563	-0.8041	-1.0666	-1.3543	-0.1220	0.3870	-0.0666	0.8581	-0.0095	1.1268	0.5300	0.6608	-0.2270	0.6468	-1.8265	0.9539	0.6997	0.8907	-0.2746	0.3858	-0.4720	-1.5486	-1.0593	0.4564	0.0917	2.0037	0.9838	-0.8868	-0.9954	-0.7823	-1.1486	-1.7162	-0.8981	-0.8184	0.4251	-0.9049	0.2183	-0.9357	0.3451	-0.0564	0.2813	0.7721	-1.2918	0.8032	-0.1679	-0.0715	0.6967	0.7868	-0.1993	-0.1607
2.5630	-0.4609	-0.8310	0.6505	-0.0345	0.4117	0.7975	-0.7369	0.6766	0.6115	0.8740	-1.0079	0.4871	1.4391	-0.4250	-1.8802	-0.3537	-0.0542	0.3925	0.1219	1.1738	-0.4192	-0.6100	-0.7178	-0.1211	-1.1705	-0.2250	0.4816	0.4206	0.0900	-2.0939	0.9226	2.0260	-0.4628	-0.2365	-1.2474	-1.1628	-1.1427	-0.3747	0.7003	0.0425	0.4209	-0.1455	-0.0674	-0.8727	-0.9623	-0.4183	0.1583	0.8636	-0.7772
-0.7896	1.5725	-0.7637	-1.0235	0.1458	0.0815	-0.9985	0.4208	-0.6881	-0.7331	-0.1777	-0.4193	-0.2157	0.9978	-0.3787	-0.1683	-0.3321	0.7506	-0.4072	-0.6724	1.0061	-1.9493	-1.1529	1.6189	-0.8081	-1.8025	-0.3718	-1.1818	-1.0156	2.1518	0.9908	-0.1744	-0.7182	-1.3057	2.8692	-0.9261	0.8814	0.9366	1.1300	1.8285	-0.4557	2.5408	1.3045	0.3315	-0.0510	0.7595	-0.2998	1.0939	0.5017	-0.6110
0.3257	-0.3742	0.4872	-1.7705	1.4412	-0.8567	-1.0647	1.8808	1.3726	1.7646	0.1858	0.6208	-1.3769	-0.6362	-1.1184	-0.9606	-0.8959	0.5508	0.4743	-0.9929	0.3814	0.4497	-0.1296	0.5108	-1.2322	0.0619	1.3437	-1.5856	-1.1068	-0.3467	-0.6924	-0.0363	-0.0372	0.8299	0.6097	-0.3650	-0.3285	1.3754	3.1802	-0.2040	1.3454	-0.4385	-0.6756	-1.1726	-1.5915	-1.0731	0.4460	-1.2411	-0.1782	0.0791
-2.4216	-1.5584	-0.0290	1.4322	-0.3327	-0.8199	-0.3370	-0.8369	0.3864	-2.7939	-1.1760	-0.8595	0.0036	-0.4766	0.0588	1.6332	0.3503	0.2185	-0.0589	-1.8257	-0.6730	0.4513	-0.9083	3.0163	0.0422	-0.5010	0.9365	-0.6828	-0.2174	0.4066	-1.5660	0.4183	-0.6659	1.0496	0.0918	-0.8790	0.0912	-0.4947	1.1123	-0.3475	0.8013	-1.4251	0.2969	-1.0332	0.1580	0.9764	1.4170	-0.3946	0.5845	0.1110
0.5866	1.8522	0.7390	-0.4365	0.0948	-2.0818	-0.1477	-1.5836	-1.3408	1.8701	-0.8414	-1.1187	-2.5903	0.5567	-0.6822	-0.4044	-0.0361	-0.4187	-0.0744	-0.3756	0.6801	3.1925	-1.7042	0.1204	-0.8220	2.1017	0.1754	-0.4211	-0.5410	0.9835	-0.4777	0.5305	-0.8567	0.4686	0.4488	0.6571	0.6469	-0.4495	0.6391	0.6515	-0.6955	1.5460	-0.5184	0.8074	0.4821	0.4991	0.3177	-0.1973	0.6929	0.6592
-0.3794	2.0254	-0.3785	0.2120	0.9880	0.5367	0.8793	0.6615	-0.9501	0.9101	-0.8252	-1.4651	-2.3455	0.4063	-0.7426	-1.2602	-0.1380	-0.6710	0.1377	0.9657	-0.5645	0.3716	1.8472	1.3589	0.9895	0.9454	-2.0809	0.3752	-1.4744	-0.3749	0.6355	1.6273	0.3075	-0.5906	-1.6023	1.8419	-0.2715	-1.5021	-0.0490	2.6194	-0.1168	0.3797	1.6286	-0.4144	-0.4229	0.4036	0.6736	-0.1697	-1.4607	-0.3039
-0.2337	-1.9087	0.7561	0.9283	-0.9926	-1.0153	-1.0424	0.1396	-1.3280	0.1655	-0.8588	0.3060	1.0727	-0.1380	-2.7511	1.2371	-0.6149	-0.0418	-0.3661	-0.7268	2.0879	0.4662	1.5347	-0.3351	-0.0487	1.0249	-0.5273	-0.8558	-1.9924	0.0287	-1.4479	-0.4883	-1.8557	-0.9640	0.4598	0.8032	-0.2336	0.9922	-0.4586	-1.1149	-0.3999	0.6717	1.3839	-0.0203	-0.7511	-0.3901	1.3355	1.6923	-0.2673	-0.9492
-0.1486	-0.7299	-0.8772	-0.5621	0.5434	1.2691	1.8508	-0.6495	0.8620	0.9335	-0.1435	0.1297	-0.5112	-2.3446	0.9445	1.1321	0.1562	1.2087	-0.0798	-0.5999	-1.6578	0.5343	-0.2674	1.9493	1.3347	-1.0211	0.0193	1.8800	0.9580	0.2190	0.7504	-0.7511	-1.2202	-2.7336	-1.0613	0.1457	0.1702	-1.6735	-0.1433	0.5305	0.7324	-0.5607	-0.6731	-1.0682	-0.7689	1.1189	-0.2672	-0.6426	-0.7935	-0.1100
1.1813	0.4619	1.1121	-1.2585	-0.1840	0.1840	-0.2708	0.3866	0.8058	0.3192	0.7555	0.4782	0.9168	0.1089	0.4139	-0.2744	0.5608	0.4461	-1.4615	0.3365	1.8565	0.5127	-0.6549	0.6509	0.7776	0.9905	0.0527	-0.6326	0.7173	-0.0105	2.1341	-1.2312	-0.4933	-0.9786	1.0293	-1.7011	-2.2778	3.1779	-0.9735	1.4138	0.8470	0.2243	-1.4433	-0.4064	-0.1738	-0.0890	0.2435	0.8600	1.2411	1.4665
1.2048	-2.2795	0.7175	1.4581	0.3635	-0.0383	-0.7057	-0.3046	-1.4483	-1.2382	0.7921	1.5777	0.4201	-2.5406	0.1068	1.6253	1.9915	-0.5621	1.1137	-0.1490	-1.0930	1.0010	0.8532	0.5950	0.4349	-0.2079	-0.8108	1.4838	0.1163	0.0409	1.6887	1.2894	-0.7301	-0.7890	-0.3422	0.2229	-1.8298	1.5138	-1.1812	-0.5064	-0.4439	-0.1431	-1.0840	0.5307	-1.2896	-1.3294	-0.1571	-0.5744	1.4483	2.3146
0.0919	-3.1027	-0.0421	-0.1676	-0.1031	-0.3348	-1.6725	-0.9574	0.2883	-0.3529	-2.6936	0.5040	1.0085	0.2740	1.5496	-2.6046	-0.2824	-0.2597	-0.8364	0.6595	1.1801	0.4342	-0.4396	0.7630	1.4341	0.5492	1.4997	-0.5497	-0.2795	-0.9857	-3.2105	-1.6551	0.6774	0.4923	0.7006	-1.2102	-1.0368	-0.5189	0.7482	3.2286	0.3142	0.3861	1.0656	0.1602	0.6696	-0.6681	-1.5748	1.9644	-0.7910	0.0082
-1.8079	0.6897	-0.9646	-0.0123	0.8777	-0.3235	1.0248	0.8820	0.0095	1.3383	-0.0746	0.4230	0.5208	-0.8819	0.9402	-0.0034	-0.1085	-0.8298	0.5556	-0.6947	-0.5798	0.3150	-1.3664	-0.5137	-0.1094	-0.2557	0.1791	1.0827	0.0504	-0.0468	-0.9534	-0.2983	0.0245	0.7161	0.6844	-1.0126	0.4497	-0.5741	-0.4018	-1.0993	-0.8885	0.0418	0.8793	-1.3039	-1.9748	-0.4512	0.4187	0.6592	1.4904	-1.4306
0.3572	0.1987	0.6383	1.1233	0.1269	-1.9941	-0.1065	0.8735	0.1112	-0.3543	0.8293	0.5116	1.6035	2.3329	-1.8269	-0.9247	-0.8969	-0.5822	-1.1002	-1.6515	-0.5459	-0.6194	-0.8662	0.7988	1.0623	2.5803	1.7285	-0.7465	0.9722	0.2523	0.0546	0.7095	-0.3199	0.0849	-0.5184	0.4492	-0.8532	-1.6222	0.8131	-1.5886	-0.6360	-1.5174	2.3433	-0.5280	0.3173	1.8642	0.6900	-1.5170	-0.8520	-1.3830
-0.7917	-0.4143	1.4856	-1.3807	-0.2268	0.2354	0.4752	-0.5417	-0.2405	-1.2508	-0.8378	0.2458	-0.1812	-0.1986	-0.3906	-1.0090	1.1049	0.8860	-0.3066	-2.9182	-0.3099	-0.4666	-0.4833	-0.9720	0.1294	-0.5227	-1.1817	-0.8311	0.1992	-1.5692	-0.0533	-1.7291	0.7969	0.6600	-0.1665	-1.0554	-1.1059	-0.5322	-0.4346	-0.5152	0.7373	-2.3445	-1.5778	0.3324	-1.1566	-0.1304	0.3261	1.3019	-2.3107	-2.4815
-0.5690	-0.3616	-0.9905	1.3323	-0.5940	0.5089	0.7013	-1.2247	0.9827	-0.4167	-0.4458	-2.0480	-0.8390	1.1010	0.7125	0.7106	-0.6392	-0.3224	1.2498	0.3668	-0.1348	-1.0826	-0.0658	-0.5848	0.4528	0.3333	-0.0955	-0.2182	-0.7415	0.7707	-0.5783	-0.8012	-0.9241	0.3917	-0.7084	0.5950	-0.1089	0.5048	0.1459	-1.0470	-0.7769	0.4171	1.2045	-0.3318	1.1490	-0.2471	-1.1908	-1.4988	-1.6400	0.5917
0.4099	-0.0752	-0.4930	0.0345	1.1704	0.9853	1.1879	0.1439	-1.1246	-0.0262	-1.0343	-1.7586	0.7368	0.6451	0.9025	-0.0607	-2.3353	-1.8926	0.2338	0.7089	0.5819	0.1670	-0.4551	-0.3806	-1.1080	0.2062	-1.2869	0.4525	1.1614	0.1669	0.3799	0.7150	1.2136	1.1026	-0.5271	-0.4850	1.9557	-1.2992	-2.0449	0.3715	-0.5586	0.2560	0.4590	0.7136	-0.5515	-1.5376	-2.0171	1.9809	1.5793	2.0774
0.8708	2.1347	0.1959	0.0580	0.7247	-0.0812	-1.4123	-0.4338	-0.2214	-0.8829	0.8149	0.1259	-1.3612	1.6386	-2.1162	0.5079	-1.2379	-1.1219	1.2254	-0.5353	0.1234	-1.3700	-0.4662	0.6776	-1.3551	-1.6923	0.1365	0.5437	-0.2089	1.6909	0.3416	1.3849	1.3177	0.7927	1.2368	-0.9064	-0.4225	0.0299	0.1459	-0.3635	-0.6226	0.0051	0.4743	-1.1396	-0.0569	-1.5682	0.6316	-1.0764	0.5427	-2.4671
-0.3270	2.3066	0.7826	-0.2266	2.0104	0.1596	1.0525	-0.3299	0.7565	-1.4662	-2.3929	-0.6750	-0.4337	1.0242	0.3501	1.6491	-2.9396	0.1339	-0.1757	-0.9454	-0.2788	0.6338	-0.7668	1.3320	0.1376	-0.1319	-1.4291	-0.2506	-0.2683	-1.2677	0.4580	-0.1948	0.9626	-0.4987	-0.3412	-0.7947	-0.5374	-1.5664	-1.4279	0.0638	0.1407	0.0706	-0.3505	-1.5350	2.0172	1.6084	0.8243	-0.9393	0.5604	-0.2795
1.1792	2.0185	0.3741	0.5931	-0.8487	0.8117	-0.0445	0.8398	-0.1085	-0.2468	0.0113	0.1189	0.9094	-0.3431	-0.1387	-1.8197	0.0941	1.3162	-0.7610	-0.2403	0.9215	2.4804	0.5711	0.0767	-1.0960	-0.3404	-1.9595	0.9490	0.0877	1.1043	-1.5003	-2.1018	-0.5294	-1.8225	0.0112	-0.0003	1.0281	1.6141	1.2571	-2.0232	0.8808	-0.3461	-0.5236	-1.6128	0.0416	-0.6047	-2.4007	0.2327	-0.1412	-0.3638
0.3420	0.7387	-0.1991	1.0913	-0.3262	0.7844	1.5847	0.8644	-0.0172	-0.0950	-1.7955	0.0736	-1.2731	1.0659	2.2426	-0.6344	-0.3576	-0.4424	0.2280	1.4562	0.1194	1.7233	-0.0845	0.9563	-0.0046	0.8727	-1.7231	0.5184	-0.4326	-0.1067	0.6852	-1.6069	0.2757	0.2020	1.2086	-0.0978	-0.2892	-0.3759	-0.6380	0.4200	-1.1950	1.1560	1.0701	0.6200	-0.3694	0.6612	-1.9132	-0.1458	-0.0238	0.1178
0.2625	0.0153	-0.7005	-0.0403	0.4960	0.1913	-1.0134	0.9411	0.7124	0.1997	-0.3410	0.8682	-0.8532	-1.4108	0.7232	0.2346	0.0379	0.1894	-0.1201	0.5124	0.5800	0.5106	-1.4034	0.7379	0.6340	0.5066	-0.1818	-0.0269	-1.0956	-0.9938	0.1329	-0.1160	0.4708	-1.8784	-0.2772	0.1825	-1.6649	0.2468	0.2754	0.9417	-0.5718	1.2885	-0.2909	-0.1940	0.8689	-0.9516	0.6876	1.5110	0.1438	1.3897
0.3513	-1.2512	0.2103	-1.4520	1.6429	0.5983	-0.0064	-0.3839	-0.8474	0.5810	-1.1442	0.8345	-0.0495	1.9443	-0.0172	-0.1910	2.8960	0.3692	0.2420	0.1258	-0.1587	2.0139	1.2784	0.0989	1.0366	0.5579	0.0061	1.2020	-1.4301	0.1427	1.1360	0.6915	2.6199	-0.7876	2.0184	-0.1166	0.8275	0.6564	-2.0131	0.3947	1.4217	0.2361	-2.1438	-0.0765	-0.3189	-0.4672	-0.3028	-2.2890	-0.3875	-0.9915
0.9042	0.9822	0.7923	-0.5009	0.7953	-0.2766	0.0885	0.5701	0.6636	0.9996	0.2537	0.3120	-0.6564	-0.6754	0.2496	1.1021	1.3290	0.6153	-0.6503	-0.5449	-0.1218	0.9161	0.6797	-1.0035	0.6683	0.2571	0.4070	-0.5853	0.1833	0.9571	0.2656	1.4816	0.1671	-0.3170	-0.8002	-1.6740	-0.8630	-0.3490	0.8437	-1.2414	1.4003	0.3008	-0.0440	-0.9242	0.7751	0.1944	0.1249	0.3830	1.2166	-0.0393
-0.2494	0.2466	0.0168	0.3151	1.2826	-0.7445	1.6935	-1.1744	-1.0962	1.0766	-1.1349	-0.2635	-0.3006	-0.0154	-0.2516	-0.3135	-0.3361	0.7536	-0.0257	0.1384	-0.1864	-0.4592	-0.8652	-0.0472	0.5028	-0.6251	-0.9448	0.1666	0.5761	-0.8305	0.0767	-0.9217	0.8790	-0.8778	0.9622	2.0258	-0.0161	1.1870	0.5359	-0.5586	-0.0856	0.1511	-0.0428	-1.0729	1.2107	-0.7832	-0.2374	-0.9211	-0.1824	0.8212
1.6188	-1.6300	0.5335	1.5581	-1.1035	-1.0614	-1.0922	0.7900	-0.7953	-0.1780	0.8902	-0.7921	0.4331	0.4871	-0.0818	-0.3205	-1.2632	-0.6870	0.8678	0.9339	-0.2330	0.7503	0.6185	-0.6846	-2.8531	0.4179	-0.8726	0.9849	-0.2614	0.6705	-0.4093	-0.7432	-1.5196	-1.4651	0.8794	1.4941	-0.4028	0.1461	0.3439	0.6633	0.7226	0.7262	0.6071	-0.5350	0.1518	1.2791	0.3055	-0.7829	2.0651	-0.4463
-0.4098	-1.3668	-0.1937	1.6056	-0.6781	0.5750	-0.9559	-1.7653	0.1301	1.4377	-0.6349	0.3287	1.3786	0.3208	0.8467	-1.8774	0.6904	-0.5369	0.1324	-1.3271	-1.9039	0.7712	1.8998	0.2855	-0.8953	0.0396	-0.8601	0.9443	-2.6099	0.0644	-0.0447	-0.2045	-1.0114	-0.2919	1.8499	-0.4544	1.2702	-1.1629	1.9303	-0.3249	-0.3556	-0.2199	1.4652	-0.3432	0.8849	-0.7898	1.5974	-0.7285	-1.1773	1.2747
-1.5084	-0.6367	0.0048	-0.3859	1.5947	0.5498	-0.4346	0.5259	-0.0067	0.6933	-0.8969	-0.1774	1.3410	-0.3829	2.7116	0.8648	-0.1077	2.2605	1.3945	-0.5619	-0.0320	-0.0776	0.1293	-1.8305	-0.4826	-1.8947	0.4914	-0.5867	-0.5266	-1.7260	0.5180	1.1542	-0.6484	-1.4651	-0.5466	0.2166	-0.4533	-0.9000	-0.9387	-0.8876	-1.1132	-0.2935	0.5890	-1.0334	0.5027	-0.0446	0.3403	0.5258	-1.7783	-0.0734
-0.0468	0.5901	0.2172	-0.4507	1.0006	0.2779	1.9024	1.8691	-1.1538	-0.0907	-0.6161	2.4874	-0.9882	0.1835	1.4825	1.9272	-1.2422	-1.5243	-0.6881	-0.3607	-1.1401	-2.1717	0.9488	1.4351	-0.3126	-1.5464	-0.5089	-0.9256	-0.7557	1.3792	2.4496	-0.0973	-1.0788	1.1809	-1.9513	-0.0242	1.3059	-1.6652	-0.2619	-1.0718	0.0419	-0.0572	-1.3818	-0.3790	-1.0744	-0.5514	1.1836	1.4660	-1.3130	0.3393
-0.5462	-0.3269	-0.0319	-0.2527	-0.7622	-1.4033	-0.6199	-0.3133	0.6662	-1.8369	-1.6445	1.7576	0.5825	0.9784	-0.5691	0.4310	-1.1336	1.4636	-0.0911	-0.5076	0.7923	-0.2901	0.7460	-1.6086	-0.3514	-0.0231	-0.6207	-1.6759	0.4077	-0.0156	-0.8137	-0.2468	0.5894	-0.9431	-0.3363	-0.0074	1.2909	-0.2589	0.8940	-1.0838	-0.3423	-0.8709	-1.0933	0.4079	-2.2896	-1.8855	-0.8678	-0.9809	-0.7589	0.4209
-0.2219	-0.0696	1.1555	-0.2742	0.3304	-1.5938	0.5382	-0.0607	0.3431	-1.0368	0.8495	-0.6366	-1.5498	0.7722	-1.6947	-1.3732	-2.5256	-1.5004	1.8230	0.1385	-0.3201	-0.7430	1.9693	-1.1124	-0.6830	-0.2202	-0.9597	0.7082	-0.2938	0.3958	-1.3043	-1.5228	0.2565	0.4975	0.5050	1.7075	-2.0106	-0.5134	0.7875	0.8426	1.1324	-0.7839	-0.5893	-1.1330	-0.6678	-0.6005	-0.5783	0.1002	1.9804	-0.1230
0.5265	1.2179	-0.7955	0.1996	1.4502	0.8526	-2.0583	1.2695	0.5113	-0.6640	0.5572	0.2658	-1.6764	1.6556	-0.0347	0.2120	-1.0472	0.0678	-0.8168	-0.7187	2.0014	-0.7499	-0.3073	-0.8007	-1.6248	-0.5571	-1.4587	-1.0194	1.6582	-0.1365	-0.3443	0.4673	-0.5972	1.5400	1.3851	0.8700	-0.4103	-0.0892	0.1709	0.4862	0.1637	-0.0991	-0.8510	-1.0127	-2.5811	-0.1149	-0.1712	-0.5331	0.5406	1.2146
-1.5143	0.8265	0.1560	0.3083	0.2896	0.1228	0.7425	-0.6141	0.4762	-0.1610	0.3918	0.1118	-0.9920	-0.8262	0.2670	-1.3345	0.3730	-1.1714	-0.6218	-2.3433	0.7391	-0.3202	1.5414	0.0753	0.7476	1.2751	-0.2663	0.5234	-0.0147	-1.3696	-0.2164	-0.4174	-1.1050	0.3629	-0.9881	1.6473	1.1115	-0.8117	-0.4542	0.2727	1.5007	-1.1070	-1.4659	0.5009	-0.2028	-0.3606	-0.1876	0.7612	-0.7574	1.4939
0.8357	-0.4682	0.0400	0.1971	0.7544	-1.5079	0.0736	-1.0737	0.4832	-2.2642	-1.4470	-0.1626	1.0473	1.4622	1.1313	-0.4797	-0.5474	-0.4009	0.9455	1.2574	-0.5408	-0.1621	1.3108	2.6147	-0.1104	-0.1083	0.5116	1.3186	0.4709	1.6995	-1.0524	-0.0850	-1.0104	-0.9263	-0.7938	-0.5282	-1.0219	0.3389	-1.1840	-1.4273	-0.0169	-0.3139	0.8288	0.4764	1.3921	-0.8096	1.2274	0.9296	-1.2153	-0.9789
-0.2908	-1.0360	-0.1075	-0.6879	-1.2972	0.7049	1.2222	-0.7519	-0.3726	0.8507	-0.0282	-0.2208	-2.0252	0.8095	-0.1783	-1.3786	0.5828	0.9363	-0.8841	0.4622	-1.4268	0.5755	-0.3341	0.3834	-1.0488	0.0950	0.4792	1.0943	0.3543	-0.6039	1.2963	0.7500	-1.0068	1.2170	0.4135	-0.6574	1.3826	-0.6117	1.1133	2.0633	0.2692	-3.4204	1.2661	-0.1197	2.0764	0.5076	1.1863	-0.5672	1.2059	-0.8389
0.5688	-1.4156	-1.1262	-0.4782	-0.5403	0.0032	-0.0431	-0.0594	-0.2313	-3.2055	-1.1337	0.0661	-0.9024	-0.0730	-0.8094	0.3892	-0.3964	-0.0173	-0.8817	-1.5090	-1.0577	0.5637	0.6428	-0.7826	0.1940	-1.3448	-1.0503	0.1671	1.1205	1.1645	-1.3413	0.3008	0.6729	0.5890	-1.1790	-0.0767	-0.0948	0.3082	-0.2246	0.6825	-0.3944	-0.6119	-1.1471	0.8090	-0.5856	-1.3287	-0.1334	-0.1778	-0.4671	1.7716
-1.1954	-0.5768	-1.5392	-1.9625	-0.7868	-1.1570	0.4567	0.1330	-0.1119	1.0203	0.4899	-0.6215	1.2517	0.7612	2.0721	-2.2934	0.4852	-0.2085	-1.2225	-0.7461	-0.9878	0.6290	-1.3837	0.2040	-1.2275	-1.1748	-0.4860	2.0221	0.5135	0.4727	0.4680	0.9645	-0.0232	0.4886	-0.6524	-0.9921	-0.6933	0.5362	-0.7915	-2.5257	0.3907	1.4017	-1.2456	-0.4484	0.0863	-0.1661	0.2576	-0.5468	-0.4761	0.7078
-0.6988	-0.3324	0.6306	-0.5605	-0.2851	0.3733	-1.7058	-0.8576	0.5592	0.4116	-0.0312	-0.3140	-0.2469	-0.6614	0.7332	1.2520	0.7615	0.5124	-0.7862	-0.6305	0.3946	2.1184	-0.8698	-0.0025	0.7118	0.8595	-0.0152	0.6075	0.8359	0.8786	-0.2064	0.3805	0.8610	0.5201	0.0158	0.0200	-0.8727	0.9003	-0.8559	0.4046	0.5371	-0.3761	0.8788	2.3077	-0.3011	1.3524	-0.8646	0.1098	0.4153	-0.1706
-1.2052	0.0111	0.1760	-1.8596	-0.2048	-1.0854	-1.5432	-0.9925	-1.1230	-1.1017	-0.1407	1.2921	0.2761	1.5378	-0.6129	1.5462	0.4180	0.6665	0.5639	2.7749	-0.8241	0.3027	-0.9771	1.8130	-0.1331	0.4144	1.5169	0.7631	0.6640	-0.5661	0.6205	-1.6067	-2.1581	0.3759	0.6794	0.4882	0.1057	0.4094	-0.9478	-1.3899	0.2132	0.8326	0.3193	2.0835	1.7019	-1.8532	0.9671	-1.7029	1.8816	-1.2627
1.0430	0.4551	0.7439	0.9387	-0.2150	-1.3782	1.3739	-0.1631	0.1246	-0.8219	-0.0306	-0.5713	-1.6537	0.0561	-0.9159	1.2351	-0.1190	1.1634	0.0634	-1.0169	-0.5392	1.5351	0.2828	0.1287	-0.2501	-1.8921	-0.1888	1.2722	0.3800	-0.6504	0.8687	-0.4200	-0.5708	-0.7924	0.2907	-0.5273	0.8958	-1.3612	-0.9707	-0.8409	0.6919	1.1006	1.0136	-0.7681	-1.1093	1.6675	0.9658	0.4089	-0.8416	0.6853
0.5182	2.2824	-0.3713	0.8803	-1.4446	0.6540	-0.3291	-0.8535	-0.2394	-1.3098	1.0840	-0.9991	-1.3935	-0.8678	0.5679	-0.5751	-0.2655	1.6915	0.5367	0.0145	-0.4635	-0.2983	-0.9020	0.8090	-0.5762	1.0365	0.6159	-1.2243	-0.3500	-0.4827	0.6905	-0.1065	-0.6885	-0.7586	-0.4369	-0.6093	0.0270	-0.6530	-0.1603	0.6725	-1.7342	0.4648	-0.1111	-0.8275	-0.8079	0.1118	0.1787	0.5935	1.8710	0.0709
1.3925	1.4898	-1.5470	0.0929	-0.0590	0.1664	1.9255	-0.0605	0.0253	-0.1612	2.2238	-0.2575	-0.5180	1.9974	1.3549	0.5037	0.7478	-1.0426	0.8256	1.3555	-0.5140	-0.7192	-0.4801	-0.9193	0.2894	0.4663	-2.0272	-0.4283	-1.2540	1.8518	0.2410	0.3158	-0.4438	-0.3113	0.1921	1.2523	0.4296	0.6019	0.3955	0.3246	-1.5780	0.3352	1.8351	0.1832	0.3191	-1.1669	-0.7782	-1.0681	-0.6916	1.3262
0.0442	-0.1201	-0.9365	-1.8922	0.0742	-0.2155	-0.3704	-1.0681	-0.6981	0.9666	-1.3045	-0.2579	-0.6826	0.7872	0.6184	-0.1659	0.2968	-1.9871	-0.3584	1.0693	0.6845	-1.5399	-2.1819	1.0915	1.4354	0.6835	-0.9005	-0.6158	1.6303	-0.1066	-0.3188	-0.2475	-0.3656	-1.4480	2.0496	-0.6562	-0.2970	0.3898	-1.1193	-0.4653	0.2150	0.7918	1.1557	0.5598	0.5011	0.4433	0.1990	0.8642	0.3779	0.4781
1.8904	0.6247	-0.9758	-1.4520	-0.0252	-0.8432	-1.1430	0.6878	0.2125	-0.8580	0.5944	-1.1556	0.2157	0.0584	-0.1951	0.5281	-0.0519	-0.7437	-0.5968	-0.7265	0.7749	-0.7468	-0.6488	0.9390	-0.2842	1.2384	-1.1942	-0.2541	-1.2838	-1.1891	-0.1604	0.2934	1.1206	1.0620	-0.9801	-0.5626	-0.8979	-0.2844	1.4413	0.0418	0.1507	0.4004	-1.3413	-0.1260	1.6199	2.1464	-0.8837	-0.1332	0.6301	0.6404
1.6218	2.0258	0.4294	0.1864	-1.8268	0.4734	-0.1586	0.0084	-1.0968	1.3604	1.0170	0.8583	0.8989	-1.0079	-0.8516	-0.4885	-0.1802	0.0543	0.3117	1.3578	-0.1793	0.0281	0.1397	-0.1982	-0.8304	-0.8426	-0.6636	0.4266	-1.4968	0.7382	-1.3914	0.7327	-0.0021	2.4912	1.5924	0.5254	-1.5894	2.5617	-0.6792	0.2983	0.0411	-0.6555	-0.4001	-1.0967	-0.0979	-0.8784	1.2059	-0.8016	-1.4623	-0.7938
-0.8356	-0.2705	1.0965	-0.0114	-0.0817	0.6353	-0.2789	-0.0719	0.6255	0.1278	-0.0349	-1.0516	0.5482	-0.3676	-1.4903	1.3620	1.5132	-0.1986	-1.0593	-0.1923	-0.4523	-0.8802	0.2758	-0.3152	1.2803	-0.4825	-2.0021	0.9477	0.8903	0.0578	0.6909	-1.5012	1.0718	1.0825	-0.8040	0.3797	0.7112	-0.5467	-1.6183	-0.0143	-0.8797	-0.5632	-0.4916	-0.1453	-0.4619	-1.7639	-0.8761	-1.7680	1.7211	2.4472
0.2895	0.1157	-0.2402	0.2720	1.3936	-1.9270	-0.4920	-1.5633	0.2760	-0.2976	-1.6877	-0.9491	-0.0446	-0.4105	0.5298	-0.9430	0.7681	-0.0841	-0.0474	0.6986	1.6911	-1.5208	1.6026	-0.1834	1.0466	-0.4022	0.3929	0.9667	-1.6692	0.9313	-0.7505	0.3168	-0.4857	-0.2431	-0.2989	0.6004	1.1329	0.5372	1.1936	-1.1745	0.7277	-0.2612	0.1564	0.7450	0.1310	-0.1252	1.3253	0.5016	0.9175	-3.4008
1.0601	-0.1997	-0.2527	0.9218	0.3317	0.0038	-0.0210	1.4261	1.3678	0.0479	0.0334	0.2945	-1.3064	-0.0655	-0.5880	1.2364	0.2523	0.0532	-0.1168	-0.0694	0.8092	1.5111	1.5285	-0.6573	-1.9543	0.1412	-0.4296	-1.5304	1.8531	-0.4793	1.4419	-0.6055	1.3944	-0.8579	0.0006	-0.5555	-1.0269	-0.2424	-1.5689	-1.3730	0.1099	0.3527	-1.8314	-0.0054	0.6451	0.1183	-1.3874	-0.1729	0.2206	1.1633
1.3681	0.7730	0.6565	1.3025	-0.4191	-0.8076	1.5636	-1.0303	-0.4414	0.2156	0.9519	0.3077	-2.6200	0.5555	-0.5955	1.2619	-1.4605	-0.2725	0.6209	-0.0155	-0.6835	0.6139	-0.6579	-1.5577	2.2756	1.4300	-0.5260	-0.3921	0.9172	0.8200	0.4630	0.1558	-0.0252	0.5175	-0.7077	1.2587	0.5926	0.1614	0.1587	-1.7686	0.9203	0.1603	-0.4134	0.6984	0.7926	-0.4915	-1.4840	1.8433	-1.1335	-0.9741
1.1842	1.1084	0.9942	0.3642	-0.9179	0.6616	0.8504	0.8334	0.9851	0.7189	0.1056	-0.6308	1.6001	-0.0338	-0.9409	1.7008	-0.2812	-1.3806	-0.4495	-0.4390	-1.0771	0.0103	-1.4547	1.0876	0.1002	0.8442	-0.2803	-1.5018	-0.1335	0.7555	-0.1794	1.3182	-1.5390	-1.2461	-0.4330	-0.1809	1.0180	-0.4845	0.8766	0.2577	0.5365	-0.5357	0.0805	0.4105	-0.1256	-0.5123	0.4738	-0.9891	0.2207	1.2931
-0.7569	1.1539	-0.2096	-0.6837	-1.0030	0.2662	0.7646	0.0842	-1.8923	1.0936	0.1875	-0.6172	0.4151	-0.4571	-0.2934	-0.5518	-0.0515	-1.0837	-0.2587	-0.1251	0.9235	-1.7628	0.8008	-0.6434	-0.6361	-0.4318	1.3145	0.8165	1.8392	0.8295	-1.6662	-0.9581	-0.4986	0.3808	-1.2678	1.3811	-1.9349	-0.0126	-1.2624	0.2533	-0.2170	-1.1037	-0.4424	1.0494	1.0106	-0.9660	-0.1600	0.1464	0.0010	-0.3678
-0.7467	-0.2422	0.2499	1.1040	1.1594	0.4048	0.5536	-0.0797	0.6553	1.4544	1.0784	-0.8330	-1.1319	0.1634	0.6827	-0.7740	1.5823	-2.2746	-1.6129	1.3147	1.5942	-0.1773	0.9497	0.1988	-0.0858	1.5757	-0.0987	0.3372	1.5292	-0.1561	1.5131	0.0999	-1.6043	-0.0036	0.4484	-0.0192	-0.0390	-1.3525	-0.8618	0.0123	-0.2836	0.2599	-0.5853	0.6822	0.2766	-0.6226	0.2219	-1.7572	0.6591	-0.1769
-1.8097	0.2327	1.7970	-0.7799	1.2304	1.2318	-0.6483	0.0781	0.7886	1.0043	-0.8709	-0.0282	0.2811	0.6718	-0.2263	0.8787	0.0691	2.0666	0.8656	-0.2298	-1.4251	1.6135	0.5957	-1.2325	-0.7092	0.4606	-0.5337	0.3940	-0.0041	0.6222	1.4475	0.7840	-0.8653	0.8472	-0.0750	-0.1750	-0.5241	1.0829	-0.9324	0.1295	0.3172	-0.4102	1.3800	0.5313	0.4034	-1.3463	-0.8479	0.9398	0.8996	1.0719
0.5332	0.1931	-1.8094	-0.1912	0.6870	-0.1984	0.2705	0.4583	0.0020	1.3467	0.4861	-1.0258	1.0485	1.1159	-1.0615	0.0704	1.2571	0.2330	0.1699	-1.5655	-0.0981	-1.5160	-0.4331	-0.0604	-0.6476	0.1720	-1.1827	2.7350	0.5349	-0.0523	0.7051	-0.1145	-1.2803	1.7901	0.5833	0.0290	0.4436	1.8000	-1.0126	1.3912	0.2385	2.0661	0.9485	-0.3283	-0.7334	-1.0876	-0.7315	1.2253	-0.7267	0.7563
-0.3913	-2.5458	-2.7927	-0.3696	1.2677	-0.8304	-2.4385	-0.2840	0.2266	1.4249	-0.8839	-0.2467	0.9956	-0.6041	0.7331	-0.7660	1.4055	0.8843	-0.3400	-0.2101	1.0096	0.4137	-0.0976	0.7803	0.2181	-1.0486	-0.3402	-0.5743	-0.1887	1.4056	-0.5687	-0.0071	-1.7260	-0.1203	0.7281	-0.2054	-0.7941	-0.0115	-0.3209	0.7230	-2.2877	1.9010	-0.2473	0.0762	0.3269	-0.1498	0.1492	0.2762	-1.3603	0.9159
0.3965	-2.0819	0.2570	0.6996	1.4445	0.1131	1.6916	-0.5001	-0.3784	-0.2034	0.1260	1.9634	0.6275	-1.1540	-0.8956	-0.6812	-0.0319	-0.4831	0.9594	-1.7814	-0.2557	0.0663	2.3605	-0.0936	-1.5423	-0.0950	1.0992	0.3638	0.1451	0.1738	1.0012	0.4640	1.2977	0.4636	1.3785	-1.7913	1.1416	0.2029	-0.3670	0.2756	0.3165	0.7616	-1.1833	0.0507	1.1383	-1.2968	1.0088	1.1285	-0.1930	1.1570
0.7941	-0.2561	-1.0210	-1.5163	0.5832	-0.7375	0.2693	-0.8470	-1.9852	0.0193	1.0717	-1.3203	0.6837	-0.9644	1.1122	-1.0094	-0.1857	-0.8351	0.2148	1.3405	-1.6097	0.2153	3.2404	0.7983	1.1994	0.4486	0.2194	-0.4314	-0.0858	-0.7100	-0.1248	1.0080	-0.7549	0.5891	-0.4615	1.4803	-0.4469	-0.5507	0.2147	0.5473	-0.7404	-0.5231	1.4257	0.6967	0.2255	-0.4438	-0.0512	-2.0299	0.9307	-1.0213
-0.1028	-1.2735	1.5146	-0.6159	-0.1662	0.0263	-1.3270	-0.9774	-0.5986	1.4131	-0.4290	0.9282	0.9730	-2.3902	-0.2146	1.2220	-0.2552	-1.1816	0.4159	0.9507	-1.1225	-1.3861	1.8962	-1.2539	0.5361	-0.7440	-0.3870	1.2744	0.3958	0.7690	0.7012	0.2396	0.4001	0.0364	-0.4417	-0.1577	0.8459	-0.0512	-0.0881	-0.2974	0.8909	-1.4773	-1.0458	0.4303	0.5088	-1.3174	-0.4186	1.1788	0.7668	1.7782
-0.1293	2.7419	0.2699	-0.6162	-1.5305	0.1100	0.0174	1.6240	1.2158	0.7638	-0.3069	0.2473	0.6073	-0.9188	0.4724	-1.5701	-1.8897	-1.5031	2.7967	-1.2543	-0.6907	1.0275	1.0847	0.6505	-0.4936	-0.2028	0.7259	-0.0604	-1.5310	0.5494	-0.7539	0.8921	-0.3871	-0.0259	-1.7500	-0.5181	0.6725	-0.2322	-1.1420	-0.1992	0.7339	-1.2398	0.0239	1.2439	-0.1028	0.8656	0.4559	0.5044	0.6005	-0.3780
0.0824	2.7602	1.1303	0.8053	-0.8032	-0.7291	-2.3295	-0.6795	-0.7767	-1.8145	1.0557	2.0400	0.9778	1.4372	-0.1032	-1.6585	-0.8694	0.1611	2.8767	0.3989	1.2326	-0.2326	0.9513	-2.0662	0.1909	-1.5328	1.2801	0.9503	1.6472	0.1111	-0.5820	0.3993	0.1690	-0.1126	-1.1117	1.7323	0.9641	-0.5226	-1.9522	1.1083	1.2218	-0.0752	-0.6605	-0.0729	-1.4036	1.4857	-2.7264	0.5563	0.7247	-1.3164


