
X1	X2	X3	X4	X5	X6	X7	X8	X9	X10	X11	X12	X13	X14	X15	X16	X17	X18	X19	X20	X21	X22	X23	X24	X25	X26	X27	X28	X29	X30	X31	X32	X33	X34	X35	X36	X37	X38	X39	X40	X41	X42	X43	X44	X45	X46	X47	X48	X49	X50
0.9129	1.8521	-0.3385	-0.4131	0.1462	3.2688	0.4984	0.0529	-0.1609	-0.3761	2.1702	0.4387	0.4172	1.6136	0.0492	0.7571	0.3850	-1.2541	0.4516	1.1575	0.9296	-2.3498	1.4265	-0.5064	0.4956	-0.3345	1.3776	-0.8647	-0.9123	-0.0119	1.6280	-0.6371	0.0780	0.7319	-0.1266	-0.2554	-1.3611	-0.3061	-0.1854	-0.4423	-0.5313	0.0719	-0.3124	-0.5362	0.5907	-0.1967	0.3995	-0.6390	1.6650	-1.8717
-0.5896	0.9665	1.9520	-1.4231	-0.7204	0.4093	-0.4893	0.1062	0.1367	1.1020	0.6025	-0.4981	-0.1605	0.5385	0.5584	-1.7091	-0.6954	1.5564	0.2527	-0.3983	-0.2052	-1.6228	0.7908	-0.6611	1.7128	-1.4708	-0.1007	-0.8566	0.8038	1.2909	1.5774	-0.2573	1.4706	-0.1328	0.4789	0.7335	-1.2449	-0.9903	-1.3697	0.0036	0.8692	-1.0863	0.8693	-1.0387	0.0804	0.1561	-1.8939	-0.5983	0.6717	1.9682
1.2022	0.0766	-0.9957	-1.1084	-0.0277	-0.8839	-0.8280	-0.4207	0.4163	-0.0155	-0.1703	-2.2360	0.0842	-0.0181	-1.0855	-1.1583	-1.5752	1.6912	0.4053	0.3611	-0.5881	-0.5267	-0.8618	-0.3152	1.6493	0.1524	0.7122	0.1800	-0.3583	2.2627	0.0668	-1.2633	-1.5426	-1.7685	0.3793	-1.3443	0.2612	-0.1964	-0.9603	-0.1348	0.2999	-1.4543	-0.2933	-0.8080	0.0773	-1.1177	1.0959	1.3738	-0.2945	-0.7215
-0.7550	0.7900	0.4988	-0.1300	0.8479	1.4729	-1.1682	-0.8724	0.7087	-0.1911	-0.7600	-0.2827	-0.0413	-0.8676	0.7523	1.3806	-0.2177	-1.5395	1.5464	-0.4684	1.1389	0.5225	1.7214	-0.0988	0.0130	0.6320	-0.9195	-0.7911	2.9544	-0.0268	0.5710	1.5038	-1.8474	-0.6774	-1.1648	0.7361	-0.8923	-0.2885	0.0506	1.4490	-0.0004	-0.6816	-0.3174	-0.5729	-1.5277	-0.5176	-0.0251	-0.3992	1.3000	0.9306
0.0810	1.1761	-0.6096	-1.2203	-0.5632	-0.1810	0.2524	0.3959	0.0228	-0.5423	0.6125	0.6451	1.0771	0.8801	0.1103	0.0040	0.3414	-0.5304	-1.0378	0.9825	0.1268	1.7890	1.0947	1.0545	-0.8064	-1.1022	1.0126	-1.2571	-0.3012	-0.7178	0.6383	1.5512	-0.4459	-0.0487	-1.1330	0.4311	0.0107	0.3666	-0.1646	-1.1806	0.6108	-0.0539	-1.8355	0.3733	-0.3942	-1.5486	1.3315	0.0624	1.4248	-0.1927
-0.9877	0.1581	0.7637	0.3102	1.4058	1.2872	1.3248	-0.1989	0.2247	-1.9559	-0.4136	1.2355	-0.4124	-0.4130	0.6124	-2.3174	0.4119	-0.3470	0.2685	-0.4579	1.4427	-0.1372	-2.5615	-0.4609	-1.1009	-1.1774	0.8633	-0.9232	0.3259	-0.6735	0.3573	0.3787	0.9814	1.5379	0.0101	-1.6746	-1.3203	0.3133	0.7036	0.9392	-0.4814	-0.3332	0.7209	-0.9966	0.0930	0.8194	-1.5041	0.5047	0.0170	-0.8776
0.4138	-0.4836	1.2886	0.2716	1.1254	1.7906	0.8276	-1.0222	0.5677	0.3991	1.6512	0.2081	0.2243	-0.0500	-1.5370	-1.1201	-1.0107	-0.1117	-0.1938	0.3100	-0.0201	2.4131	-0.2701	0.0415	0.6290	0.6925	0.1852	-1.1519	1.1818	-0.5492	-0.8867	0.5919	1.1098	0.2932	1.6296	0.6682	0.8296	0.4928	-0.3942	0.6444	-0.5208	-0.0331	2.4986	-0.1579	-0.4219	-0.7977	-0.0660	0.8842	0.6130	1.5034
1.3064	-0.5564	1.2358	-1.0362	1.1742	-1.3080	-0.2327	-0.4730	-1.0568	-0.0764	-0.5679	0.9904	0.9531	-0.5678	-2.2296	0.4442	-0.0558	-0.0615	0.7663	-0.7237	1.2018	-0.8956	0.4732	-1.2389	-0.7967	0.9736	-0.3641	-0.5793	0.5167	-0.8878	-1.6082	-0.6672	0.1660	-1.3995	0.1905	0.0709	0.3337	-0.3371	-0.4140	-1.0623	0.2227	-1.2471	-0.9388	0.6373	0.4140	0.3907	1.0402	-0.4808	0.2517	-0.2946
0.6372	-0.8576	0.5598	0.0234	-0.3537	1.0791	-0.4216	0.3504	1.9079	0.0984	-0.7424	0.9956	0.5766	0.9687	-0.4534	-0.2229	0.8136	-0.2919	0.0876	-0.1232	-1.2895	-0.3511	1.0396	-0.6516	0.5674	-1.3943	-0.8821	-0.5852	-1.1403	-1.1785	-0.4362	-0.1806	1.5705	-1.7046	0.4892	1.0836	0.8824	-0.4637	-0.4488	-1.7528	0.1232	-1.2987	-2.8218	0.2449	0.0963	-0.5247	1.0901	0.9731	-0.4732	0.7858
-0.3099	-2.0614	1.0888	0.3172	-0.4709	-0.0841	0.8633	-0.4110	0.7238	0.8848	-1.0068	1.8104	-1.2556	1.4295	1.4436	-0.2268	0.1442	2.2796	-0.6353	-0.1042	-1.2876	0.1401	-1.3658	0.5736	2.0578	-1.0369	-0.2309	1.0650	2.8040	-0.1296	0.6912	0.3035	0.3295	-0.7206	0.8838	0.1174	-0.1272	-0.6572	-1.9871	1.9641	-0.0072	-0.4579	0.1422	-0.6934	-0.0498	-0.0802	-0.7652	-2.2884	1.8661	1.2109
-0.5944	-0.0495	2.8575	0.2985	-0.3288	1.1505	0.6642	-1.6610	0.0788	0.2143	-0.4512	1.8190	-0.1926	0.0425	-0.9902	0.5351	-0.8169	-0.8065	-0.5833	0.5219	0.4674	0.7358	-0.9809	0.9030	2.1898	1.2477	0.2762	-0.6869	0.2751	0.6564	-1.1836	-0.2166	1.6476	0.6616	0.5755	-0.7084	-1.6068	1.6415	-1.8155	-0.3942	1.5835	0.7647	0.4557	-0.9522	0.6572	-1.0239	-0.5156	-0.3147	2.4467	1.4394
0.1151	-0.3113	-1.5975	0.6083	-1.1189	-0.2587	0.6633	0.8580	1.7424	0.0518	1.9933	1.2056	1.3530	-1.3406	-1.0611	1.6979	0.3772	0.7928	-1.5329	0.2888	0.1284	0.3518	1.3598	-1.0805	-0.5404	0.1525	0.0490	0.0853	-0.9831	-0.0009	0.2275	-0.7650	1.6447	-1.0592	-1.1470	-1.1543	1.6831	-0.5198	-1.8172	0.5749	-0.8883	-0.1419	-0.5781	-0.5018	-0.6328	-1.7378	1.1772	-0.5383	-1.1846	0.5029
0.0007	0.2958	2.4415	-0.1334	-1.2355	-0.8509	3.5308	0.7451	-0.8363	0.5692	-1.7142	-1.1554	0.2892	-1.4407	-0.3478	-0.2555	-0.3255	-0.8710	-0.0976	-1.1535	0.1416	1.7928	-1.5186	0.6676	0.3603	0.3196	0.6404	-1.6365	-1.8190	-2.2276	0.6353	0.1813	-0.2745	-0.1364	1.4811	0.3987	0.5702	1.6846	-0.9493	1.6045	-2.4453	-0.1307	0.9985	0.2276	1.8716	1.5471	-0.1738	-0.6819	0.3599	1.6079
0.0522	0.4301	-0.9246	0.6132	1.5486	0.5698	0.0168	0.4730	-0.4160	0.0728	2.0378	-0.7420	1.1852	1.2523	-1.4601	-2.1597	-0.9067	-0.7659	-2.3182	1.1060	-0.0268	0.8216	0.7129	0.9597	-0.2539	0.0637	-0.0097	-1.6981	-1.3258	-0.2999	0.4146	1.1313	-0.6596	0.0330	0.3841	1.6592	-1.9491	-1.9642	0.4970	-0.9260	1.2656	0.6520	1.0983	1.7023	0.8520	0.4561	-0.9668	0.0499	-1.0117	-3.1565
-0.3121	0.4883	-0.5674	-0.7641	-0.3057	-0.7282	0.4010	-1.2411	0.5482	-1.7255	0.1227	-0.7087	0.8556	-0.4855	-0.5549	1.8868	-0.5151	-0.0557	-0.1938	-0.3289	-1.1689	-0.4781	0.3443	-0.8683	-1.5087	0.0989	0.2544	-0.1605	0.3239	0.1981	-1.0418	0.4689	0.2330	0.0772	-0.2587	-0.7660	-0.6502	1.1740	-0.2191	1.4092	0.9421	0.1213	-1.1179	-0.7440	-0.8985	1.0578	0.3596	-0.0527	-1.2760	1.3751
-0.7593	0.9796	0.8885	-0.3349	0.2625	-0.3492	0.0136	-1.1993	-0.6233	0.2997	-0.4600	-0.0151	0.7326	-0.0441	0.2442	1.4265	2.0398	-1.0214	1.4955	1.8815	-0.0525	-0.3904	0.0586	0.7329	-0.3823	-0.4159	-0.0140	1.8044	0.3835	-1.2766	0.9445	0.8798	-1.0574	1.8146	-0.8893	-1.2518	0.8947	0.7054	-2.0114	0.8665	0.1510	-0.9002	0.3867	0.1838	-1.8363	-0.6470	0.5911	1.9489	-0.5307	0.4047
0.2311	0.8073	-0.1180	-0.4894	0.6220	1.1154	0.1726	0.2914	1.0289	1.1218	0.3541	1.9609	0.7594	-1.0767	-1.8270	0.3566	0.2357	-1.0052	0.0416	0.2600	-0.0611	-0.1274	-1.4616	1.1351	0.2540	-0.4340	-0.5705	0.2613	0.5763	0.4528	1.6120	-0.5455	-0.1676	-0.9302	-0.7162	0.1569	-0.7202	1.6063	0.0086	0.6150	-1.3391	1.1912	-1.6611	-0.4692	0.1992	-0.3227	-0.2995	-0.1216	0.8281	-0.1213
0.5716	-0.9119	-1.9317	0.8187	-1.0020	0.9761	0.9811	0.1818	1.1060	-0.0555	-1.4532	2.0108	1.4909	0.1638	-0.7355	0.8124	0.2586	-0.1917	-0.4060	-1.3061	0.1609	0.0591	-0.3508	1.5981	-0.3571	0.8557	-1.5897	-0.6450	1.2031	0.2160	-0.0109	-0.5848	0.6081	-1.6448	1.3892	-2.0651	0.7526	1.8488	-1.4330	-1.2736	0.5025	-0.6489	0.1515	1.5321	-0.0911	-0.3568	0.1198	0.1701	-0.6160	0.7346
-1.1920	0.2805	1.1168	-0.1540	0.3109	1.5162	-0.7082	-0.2054	-0.3343	1.0427	-1.6739	-0.3166	0.4377	1.2058	0.5184	-0.6629	0.1152	-0.4567	0.4592	-1.4221	-0.1607	-0.0981	-0.4318	3.2999	0.2307	0.0151	-0.4382	0.9142	-0.3105	0.7607	1.2988	0.3224	0.0353	-1.2604	-0.0920	0.7718	0.2176	-0.4297	0.2073	1.7778	-0.0734	-0.3513	0.0383	1.2166	-1.3760	-1.6119	-1.3594	-0.3946	-2.7910	-1.5405
1.1440	-1.3735	-0.8813	-0.4813	-1.9260	-1.0728	-1.0509	0.3831	0.2615	0.4054	1.6076	-0.0655	0.2026	-0.2150	1.0441	-0.1860	0.5324	-1.9328	-0.7539	-0.4458	-1.0941	1.8709	0.1530	0.9802	0.9261	-0.3804	-0.0283	1.9587	0.6782	0.9375	-0.3099	0.0212	0.2730	-1.3003	0.5693	1.0714	1.0212	-0.4406	-0.2496	1.1087	-0.1704	0.1306	1.8824	-0.3759	-0.2658	0.8082	0.1933	0.8547	0.6778	0.0723
-0.4343	-0.1347	0.2524	-0.8635	-0.0263	-1.0858	-1.3771	0.0537	-1.1365	2.0990	0.0387	0.9046	-0.7847	0.4535	-0.9152	-0.9764	1.8276	-0.4677	0.8185	1.1031	1.2552	0.6080	0.3715	1.5696	1.3729	-0.0232	-1.2968	0.4309	0.8424	-2.0819	0.3878	-0.0358	-1.4512	-0.2366	1.6291	0.5474	0.7834	0.0269	-0.3513	1.5262	0.4275	-0.5406	0.0032	-0.4895	-0.5239	-1.0436	0.0130	-0.2812	0.6068	-2.5429
-0.3147	-0.0577	2.7102	1.1170	1.0238	1.1456	-1.4971	-1.0936	-0.4928	0.6276	-0.3886	0.2246	1.5251	-1.5358	-0.2986	1.1720	-2.0887	-0.4363	0.5297	0.0801	-1.3975	0.5400	1.8035	1.3818	1.3169	-0.0113	1.1372	-0.1015	-0.8731	0.6730	1.4364	-0.2347	0.0849	-0.2506	-1.3835	0.6738	0.1417	0.1057	-1.1102	1.2453	0.7919	-0.3039	-1.8265	-1.4734	-2.3506	-0.3593	-0.0337	0.5538	-1.5132	-0.3123
0.8223	0.8039	-0.4324	0.9531	-0.2906	0.3917	0.4607	0.9850	1.4020	1.4083	-0.5820	-0.3059	0.2033	0.5766	-1.2082	-1.0995	-0.3337	-0.8757	-1.0758	-1.8987	-0.1838	-0.9608	-2.2186	0.5458	0.1691	1.2868	-0.0195	0.5835	0.8011	-1.0028	0.6318	0.4153	0.1532	1.2181	0.9826	0.6386	-1.5255	0.4056	-1.7597	0.2595	0.2520	-1.2948	-0.3557	-0.8099	-0.1220	-0.1860	-0.6143	0.0440	-0.7739	1.0439
0.1009	-0.6324	-0.9046	-0.1641	-1.6468	-0.2269	0.4631	1.0798	-0.1580	-0.6151	1.0129	-0.1100	0.6351	-1.1353	0.9566	0.0480	0.5045	0.1226	1.1210	-2.4592	-1.4837	-0.7034	0.5959	-0.2125	-1.3526	-0.4255	-0.0381	1.1314	2.2550	1.2594	-1.5983	1.1840	-0.7049	0.3823	-0.5636	0.1716	0.0834	1.3907	0.1661	-0.2984	-0.0349	0.5579	1.8073	-0.4116	-1.3911	-2.1333	0.8617	0.4593	-0.2600	1.5933
1.1234	-1.8442	-0.6448	-2.5866	0.2788	-1.4138	0.1239	0.9511	-0.7388	0.5151	-0.3715	0.0981	1.1689	-0.6611	-0.3405	-0.4271	-1.4277	-0.5921	1.0794	1.7127	0.5315	0.7279	1.1063	-0.3125	0.1970	0.8569	-0.9607	-0.1554	-0.3045	-1.7120	-0.9508	-0.9217	0.2705	-0.4561	0.7240	0.6239	0.0186	-0.4439	-0.3240	1.5822	-0.8166	-0.7271	0.4499	-1.3162	0.3016	-0.6759	-0.8136	-0.6190	-0.2727	-0.8922
2.4111	0.1861	2.3364	0.0994	-0.9646	-0.9882	0.3208	0.3293	-0.2456	0.0012	0.2482	-0.2684	1.1581	1.0278	0.5852	-0.2867	-0.4863	-0.5199	0.5459	1.4123	0.1436	2.7557	-1.0612	-0.8798	0.0086	0.0837	-0.5688	1.5069	1.3417	-1.2970	0.2687	1.5098	0.6563	-0.4753	-0.7332	0.6408	-0.4130	-2.2944	-0.9079	-0.7373	1.8616	-0.0639	0.7619	1.2696	1.0096	0.6680	0.0634	0.1074	-0.5711	0.7469
0.0334	0.2063	0.1273	-0.1184	-0.4573	-0.0894	-1.5675	-0.7469	-0.6324	-0.1497	0.0797	-0.7077	0.3225	1.0527	-2.2270	-0.9995	-0.3540	-0.4998	-0.5531	-0.8446	0.2877	-0.0391	-0.9994	-0.4479	1.0180	0.1546	0.6635	-0.0976	-0.7854	-1.1722	0.3988	-0.4702	0.5469	0.1483	-1.5221	-0.3372	-0.5672	-0.6875	1.8225	-1.3563	1.3684	-0.0413	0.2023	-0.0282	1.9275	-0.5059	1.1872	1.4349	-0.2835	0.6205
-2.1298	-0.3701	-0.4253	-0.8863	0.6005	0.4216	1.7389	0.9755	-1.6230	-0.2996	-0.2866	0.0470	-1.6531	-1.8399	-0.2495	1.1210	-0.9976	-0.1917	-0.9426	-0.7089	0.4950	-0.9304	0.9421	0.1463	1.4660	-0.8543	0.6694	0.6715	1.3689	-0.8838	0.9281	-0.1592	0.8817	0.1152	1.0229	1.7526	1.1108	1.4930	-0.3648	-0.4343	-0.5300	-0.1430	0.2574	0.0132	-0.8151	0.3419	0.7336	-0.2034	0.2369	0.3299
-0.4719	-0.5195	0.1533	-0.7442	-1.0722	0.1248	0.9086	0.4528	1.6824	1.4628	-2.0407	-1.1414	0.0393	1.1291	-1.7289	0.1446	2.4985	-0.1334	0.1181	-0.1892	-1.2971	0.7288	0.1160	0.0936	0.4349	0.8417	-0.2228	-0.0841	-0.4997	-0.8426	0.3644	0.7221	-0.5613	-0.6781	-0.6521	-1.7663	0.1098	0.8140	1.2320	0.2410	0.2228	0.0768	-0.7085	-0.2726	-1.2504	1.2647	0.0970	0.0333	-0.1661	0.6284
1.0035	0.2714	0.0298	-0.3402	-2.2846	-0.0536	-0.7335	-0.8017	2.8843	-0.7907	-0.9809	1.3783	-0.4264	0.5341	1.1783	0.9505	1.4037	0.1439	0.2067	0.7487	-1.1426	-0.3578	-0.5608	-0.5311	0.8503	-0.4130	-0.7023	0.1045	1.0719	0.0009	-0.5342	1.7291	-1.0990	-0.7295	-0.1743	0.3451	-1.2822	-0.5037	-0.5332	-0.7814	-0.2500	0.6569	-0.9812	-1.3705	0.4985	0.3335	0.3109	-0.1043	0.0043	-0.3264
0.3551	0.2277	-0.0623	-0.0540	0.1523	-1.5742	-0.1149	1.0189	-0.0782	0.9342	-0.5631	0.8363	1.4721	-0.3823	-0.4446	0.7081	-1.6151	1.2348	-0.1724	-1.3142	0.8468	0.8037	0.6916	1.1384	-1.2178	-2.2770	0.1313	0.8987	1.2754	-0.7824	1.9841	-2.0648	0.7000	1.2348	0.3690	0.9470	-1.1439	-0.5605	-1.0940	-1.6152	-0.1967	-0.4605	0.4976	0.8885	0.0945	0.1403	-0.2075	-0.9492	0.6879	-1.2982
0.4133	0.4894	-1.4062	0.5421	-0.3997	1.0727	-0.1758	0.3994	-1.6900	0.0016	0.4045	-0.9179	-2.0524	-0.4757	2.8061	0.2875	-0.6805	0.5398	-0.0941	0.8473	-1.7839	1.1025	1.3582	1.4248	0.3223	-0.8215	0.3520	-1.2838	-0.3634	-0.4556	0.8962	0.0579	0.1242	0.2625	-0.2292	-0.7582	-0.3330	1.3916	0.2788	0.1712	-0.3013	-0.3340	1.3639	1.5983	1.3653	0.9207	1.6876	-0.6326	-0.7535	0.5654
0.3994	1.0189	-1.0562	0.8154	0.2469	0.4920	0.8375	-0.8503	0.0008	0.2039	-0.9975	-0.3771	1.6313	1.8018	0.7863	-1.3395	-1.0466	1.1630	0.8438	-0.1778	-0.6288	0.1264	-0.9795	0.4831	0.3315	-0.3235	-0.4817	-1.4476	-0.7227	-0.7182	1.0212	0.8306	-0.1896	-0.1772	0.0165	-1.3232	-0.4580	0.9183	-0.4423	1.2710	1.5713	0.0084	0.4424	-1.7952	0.6204	-0.1637	0.7801	-0.1438	0.0793	-1.0537
-2.7626	0.6135	0.1245	-0.2848	-0.8842	-0.1910	-0.4942	0.8492	-1.1808	0.8460	0.4059	0.1130	-0.3402	-0.1388	0.3707	1.0010	0.7188	0.7182	-0.7519	0.7478	-0.7610	2.0776	1.3136	1.0210	0.6908	-0.5908	1.4454	1.2061	0.5860	2.3112	2.0377	1.2637	-0.8794	0.6129	0.1143	-1.6704	-1.2359	-0.3672	0.1728	-0.0484	0.3275	-0.2500	0.6967	-1.3691	0.8587	0.3916	-1.3251	0.1406	0.8125	-0.0524
0.4106	-0.4738	0.3911	0.5284	-0.7264	-0.0110	0.1396	-0.8334	-0.1803	0.3173	0.5857	0.7950	-1.1585	-0.2654	-0.3761	1.0720	0.2471	0.1517	-0.2145	1.3105	-0.3003	-0.6101	0.6323	-0.2105	0.0981	-1.0548	-1.5959	0.6749	0.0300	-0.1785	1.0310	-1.6520	-0.6026	1.9273	0.2267	0.6696	0.2079	0.2596	-0.7699	0.8974	0.0359	-2.3273	0.3563	1.7543	0.1816	-0.1075	1.1527	-1.7064	0.0766	-0.5849
0.3170	0.9165	1.8972	2.2292	0.4218	-0.7017	-1.0881	0.5888	-0.7148	-0.4487	0.2102	0.3080	0.5230	0.6089	0.5139	-0.0185	0.7086	-1.0219	-0.7900	2.1096	1.5014	-0.6219	-1.5398	-1.6512	1.1004	-0.4250	0.9341	0.6457	-1.6350	-0.7698	1.0273	0.5042	2.4944	-0.2924	-1.1749	0.0555	0.1202	-0.5129	0.0429	-1.2683	-0.5130	-0.1551	-0.7380	-1.2157	-0.0090	0.1929	0.0883	-0.1583	-0.4754	1.0240
1.4289	-0.3679	-0.8307	0.6344	-1.1797	-0.2301	0.4549	0.1315	0.2977	-0.0810	-2.2721	0.9352	0.0479	0.3387	-0.9061	0.8522	-1.1120	-1.9202	-1.4636	1.0708	0.4333	0.2654	0.0107	-1.3223	0.2212	-1.2776	1.3875	0.1573	-0.1698	0.1439	-0.4821	-1.5193	0.1876	-0.6351	-1.4614	-0.1421	-1.1805	0.3563	-0.4518	0.3333	0.7003	0.4450	-0.2053	-0.6058	-0.1616	1.8355	0.4671	-1.8610	-1.7552	0.4217
2.4119	-0.7997	0.5000	-1.4277	-0.3102	1.1168	0.2011	-2.0503	-0.5332	0.0863	-1.2956	0.2358	0.1936	0.2571	-1.0865	-1.2245	-0.2543	-1.1048	-0.4565	1.3311	0.7214	0.4249	-0.4269	1.4942	0.0649	0.2794	0.0417	0.5402	-0.4233	-0.3248	-0.0025	-0.0554	-1.4663	1.5218	0.5691	-0.8524	-1.4312	-0.6022	0.5207	0.0059	1.1849	-0.9947	1.6318	-0.3530	-0.5698	-0.0568	-1.6407	-1.0093	2.0097	-0.9384
-1.4980	0.2719	-1.1094	-0.3992	0.1866	-0.4550	-1.9346	1.1353	-0.9843	-1.3270	0.1377	-0.2020	0.6030	0.9232	1.6914	-0.3486	0.5600	-1.2085	-0.0808	-0.8923	0.8477	0.8277	0.2875	0.4330	0.1377	-0.6098	0.1617	0.6774	0.1866	-0.4882	0.8511	-1.4417	0.7517	0.3214	0.3187	0.1835	-1.6903	0.6118	0.5832	0.4698	-0.4595	0.5378	0.3793	-1.2616	-0.1950	-0.1865	0.1880	0.9942	0.6426	1.8760
-0.9193	0.6247	0.4987	0.7823	0.3749	1.0540	0.1248	-0.9521	-0.1341	-1.8644	1.7903	0.3326	0.2795	0.1302	-0.1513	0.7643	1.4240	0.5786	-1.0371	1.4198	-0.4483	-0.4671	0.9831	-0.7535	1.2456	0.1457	1.1737	1.0008	-0.0894	-0.3853	1.2827	0.5250	0.6330	-0.1208	-0.6475	-0.1602	0.4642	0.0785	-0.7857	-0.6978	-0.7070	1.6214	1.5518	-0.3673	0.1549	1.6533	0.0736	-0.9956	-0.1909	-1.4282
2.1028	-0.3426	1.2322	-0.3202	0.0252	0.3367	0.1880	-0.8729	-0.7211	-1.1778	0.9431	-1.0068	-0.0994	-2.1291	-0.2796	1.2468	-0.0956	0.6448	0.5382	-0.2082	-0.5936	-0.3397	-0.2391	1.2479	0.8136	-1.8299	-0.9145	-1.6684	0.7956	-0.0055	1.3856	-1.5565	0.0864	-0.2037	-0.7534	0.6461	1.0446	-0.6840	-0.1250	1.1487	-0.8532	0.8172	0.1532	-0.3414	-1.4688	-0.2116	-1.0769	0.0717	0.4560	-1.9291
0.4653	1.3103	-1.4194	0.0623	-1.2582	0.3928	-0.1162	0.5744	0.4292	-0.9231	0.6006	-1.6390	-0.4487	0.2876	-1.6448	-0.6252	-0.6783	-0.3642	0.1715	-0.4618	1.5959	-0.1430	-0.0713	0.3247	-0.6889	0.8355	-0.7412	0.0903	-0.8066	1.3976	-1.2312	0.5949	0.9160	-0.0199	0.1420	-0.2007	1.3467	0.6713	-1.3737	1.9516	0.1880	-1.0318	-0.4556	0.3767	1.5279	-1.0434	-0.0753	0.5058	0.3224	0.5071
-1.2273	0.5433	-0.2354	-0.8029	0.7496	0.1632	1.6557	1.3640	-1.3853	0.1129	0.2324	-1.2102	0.0703	1.6338	1.6434	-1.3607	-0.5191	1.2226	-0.3773	-0.4692	-0.9448	-0.3303	-1.0395	-0.6685	-0.2155	1.0824	1.1065	1.4932	1.3146	1.4270	0.0217	-0.1013	0.4717	-1.0985	-1.1402	0.8020	-0.7372	0.0769	-0.4609	1.2885	0.3316	-0.6105	-0.0675	0.5770	-1.6048	-1.9322	0.1686	-1.7290	0.8275	0.7833
0.3798	0.3414	-0.2689	2.0119	-0.3243	-0.1690	0.4084	-2.5704	1.0215	-0.2047	0.3927	0.2904	-0.7807	1.5860	1.0398	-0.9316	1.2793	0.5492	1.4207	0.2025	-1.7291	-0.0378	0.0690	1.0153	-0.5532	0.7397	-0.4226	-1.9627	0.4573	1.1539	1.1671	-1.4619	0.7726	-0.3097	1.3890	0.2621	0.7773	-0.4056	0.7461	0.6026	0.4869	0.8647	-0.5643	-1.6038	-0.0010	0.8079	0.4113	0.6967	-0.4823	-0.9722
-0.6692	0.5428	-0.6833	1.2097	0.9239	-1.2557	0.0816	1.1473	0.3044	2.9701	0.8417	0.7953	0.1691	-0.9032	-0.5827	1.5780	-0.0054	-1.4765	0.2067	-0.4904	-0.5494	-0.6806	1.1198	-0.8515	0.3349	1.7224	-1.4576	-0.4495	-0.6371	0.7923	0.6863	-0.1352	0.2399	0.5129	0.1715	0.9618	-0.4814	-0.9219	0.2763	0.7512	-0.3229	0.1511	-0.2544	0.2437	0.6329	2.1962	-0.6761	-0.5090	2.0935	0.1693
0.6968	0.1911	0.0766	-0.6886	0.4716	0.7907	0.7963	0.9757	0.3658	1.7248	0.4344	0.2900	-1.4359	1.5627	-1.4071	1.3490	-0.8673	0.2587	0.4528	0.2358	1.1527	0.9378	0.7302	0.7018	-0.2016	-1.1888	-0.8430	-0.0259	1.4315	-1.3999	0.0047	0.2040	0.1961	-1.1934	-0.2009	-0.5439	-0.5406	-1.0064	0.0613	-1.6507	1.3117	-0.9140	0.2610	-0.3940	-1.5039	1.8198	0.5865	-0.9696	0.5892	0.7369
-0.9200	1.9619	-1.2108	-0.6354	0.6729	-1.8844	-0.3441	0.7702	-0.5891	0.6307	-0.6136	0.3776	-1.5970	-1.5914	-0.8427	0.3432	0.8988	0.6237	-1.3297	0.4233	0.9767	1.0181	-0.3857	0.4201	-0.7504	0.4760	-0.1674	0.4324	-1.2159	0.8744	-1.1566	-1.5442	-0.7863	-0.1018	0.6724	-0.3716	-0.1907	0.2508	1.9772	0.1614	0.1781	-0.2237	1.1304	-0.4965	-0.1875	-0.9273	-1.1898	0.8427	0.7868	2.0325
-2.3933	1.6777	0.3173	-0.2508	-0.0312	-0.1779	-0.2147	-0.4877	-0.4890	0.9579	-1.9464	-0.5224	-1.6598	-0.8553	0.3427	-0.8699	1.8134	-0.0488	0.3642	0.5939	1.0109	0.2079	0.5140	-0.0651	-0.9513	-0.1234	0.4426	-0.6346	-1.1929	0.4161	1.0509	0.2631	0.3212	0.1951	1.2209	-0.7154	1.5123	-0.8385	0.7671	-0.1684	-0.9951	-0.2197	-0.2864	1.4710	1.3335	-0.4052	-0.1826	0.1795	0.6185	0.4630
-0.1359	1.1142	0.8651	0.6126	0.9420	2.0802	-1.3208	0.0860	-0.8384	-1.3745	0.1839	0.0868	0.7323	0.2725	0.0724	-2.0836	-0.3326	0.2633	2.6751	-1.9971	-0.5340	0.5435	-0.3190	0.4131	-0.5794	-1.2023	-1.1403	-0.1737	2.3045	-0.0219	0.7568	1.4800	0.4773	1.2737	-1.9232	1.8538	-1.0154	0.9374	0.4733	-0.6413	-0.9145	-2.1434	-0.4262	-1.6643	0.8754	-0.3114	1.2225	0.8984	2.1547	-1.0627
-1.2902	1.3887	0.2776	0.5889	1.4578	-2.6361	-0.3531	0.0017	-0.4794	0.1843	-1.7545	-0.3709	0.2670	0.3883	-1.9987	-1.9068	-0.4855	-0.5825	1.0451	-0.7527	0.7462	-0.1047	0.3203	-0.4307	0.6483	1.0075	-1.2271	0.1410	-1.0489	0.0806	-0.3343	0.2894	-1.2276	0.3503	0.2243	-0.0525	1.9522	0.8030	-1.9477	-1.0344	-1.3870	0.6703	-0.8515	-0.1756	0.9169	-2.1019	-0.7463	-0.7326	-0.4322	0.9049
1.9286	1.4113	-1.2048	-1.1350	0.3288	-0.6264	1.5416	-0.4194	-1.8108	-0.5699	0.4209	1.8032	1.0041	0.1119	0.6470	-0.0119	1.0533	1.2809	0.1392	-0.6595	0.1900	-0.4507	0.7035	-2.6175	1.0425	-1.4611	-1.2370	1.2374	-0.2046	1.0748	0.2585	-0.9646	0.4323	-0.0445	-1.1512	-0.6032	-0.1767	-1.0041	-1.2259	-0.8102	-1.5118	2.6424	-0.3028	0.0988	-0.0690	1.1955	-1.4069	2.1214	-0.0153	1.0341
0.4081	-0.7350	0.7879	0.5541	0.9092	-1.0404	0.5592	2.2056	-0.0678	0.2114	0.5228	-1.1442	0.3764	-0.0146	-1.2413	-0.9030	0.8382	-1.2547	-1.2374	-0.9545	-1.0725	-1.5696	-0.1378	0.2623	-1.3562	-1.2313	0.3124	-0.0941	0.9700	0.7723	-0.9253	-1.3500	0.7900	-0.2829	0.3069	1.2382	-0.2044	-0.0928	-0.0045	1.3425	0.5981	-1.4388	0.0731	-1.4737	-1.3064	-0.8415	-1.1633	-0.6999	-1.4943	-0.0009
1.0378	1.0068	-0.4322	-0.5361	-0.0509	1.9670	-0.2033	-0.7505	-1.8238	1.5702	0.8638	0.4688	-0.0538	1.6287	0.0699	1.4635	1.4166	1.3915	0.3479	-1.5016	-0.8311	-0.0224	0.5309	1.1598	-0.1751	2.0453	-0.3675	-0.4575	0.2318	0.6208	0.1531	1.0710	-1.2852	-0.7951	-0.2264	0.0021	-0.9700	1.3880	-0.4625	-1.0864	0.5740	-1.2189	-0.1291	-0.1031	-0.4752	-0.2881	1.0864	-0.3879	-0.2949	-0.0447
-1.1801	-0.1837	-1.3279	0.3583	0.5805	0.6978	1.5604	-1.7543	-0.8353	-0.2978	0.4955	0.5691	-0.1380	0.6678	0.1789	1.2413	-0.1841	-0.8484	-0.6246	-0.3379	-2.1722	-0.2382	-0.0040	0.9888	-0.8787	0.3112	-1.7240	-0.6638	-0.3353	1.5850	-1.7755	1.1322	-0.9538	-1.3785	-0.0716	1.1441	-1.3823	0.8510	-0.0874	0.0843	-0.1519	-1.4847	-0.4103	-0.2386	0.0267	-0.1039	-1.1935	-0.5762	0.2340	-1.1654
-1.7194	1.8188	-0.0578	0.7927	-0.5641	1.2111	0.5597	0.3836	0.7180	0.3607	2.9954	-0.2079	2.0325	0.5724	-1.3384	-0.7513	0.4996	-0.5934	-0.0544	-0.2013	1.4787	1.5818	-1.0959	0.1800	-1.4936	0.5080	-0.0869	-0.4562	0.1805	1.3708	-0.0774	0.2500	-1.4428	0.4379	-0.2865	0.5881	-0.4659	1.0213	0.0991	1.2026	-1.1540	0.4543	0.8183	0.0082	-0.4765	1.4514	-0.1937	-0.0106	-1.9817	0.5116
-0.8014	0.0473	0.7545	-1.3330	0.8896	0.2489	1.5023	-0.7819	1.5226	0.3388	-0.1824	-2.3124	-1.0583	0.5997	0.3460	-0.5983	1.4051	0.7077	0.7012	-0.1557	0.2907	-1.6053	-0.3994	-1.1410	-0.1202	2.6126	-0.8748	0.8470	1.2385	0.2945	0.1067	1.5941	-0.5109	-0.0709	0.2074	-0.7279	1.0006	-2.5807	2.3119	-0.8189	0.3917	0.5612	2.2234	0.2643	-2.4205	-1.3696	0.6700	1.0183	-0.2409	0.3445
2.5032	0.5955	0.7388	-1.1126	0.4408	-0.0081	-0.1884	-0.4487	0.0553	1.3281	-0.3496	0.7904	-1.0242	-0.9696	-1.5616	-1.3372	-0.8755	-1.0945	1.8133	-1.0330	0.5030	-0.9715	1.8854	-1.7117	-0.7952	0.8120	0.8663	-0.1862	0.1785	1.1701	-1.3007	0.3788	0.0372	0.0507	1.0886	-0.6371	-1.9479	-1.1430	0.1632	0.6731	0.7523	-2.1989	-0.2603	1.3122	1.5177	0.1987	1.0644	-0.9587	0.4355	-0.5853
0.1092	0.8846	0.4871	-0.9622	-0.6667	0.1196	2.0115	-0.8954	0.3066	-2.1683	-0.5040	0.0255	-0.9225	1.2036	0.7214	0.8326	-0.6662	0.8772	1.4809	2.2029	0.5723	0.2728	0.0781	-0.0317	1.0102	0.4838	2.9251	0.4440	-1.1477	-0.7480	0.7300	1.4153	0.6032	-1.2560	-0.3779	-0.3922	1.7483	0.0342	0.1196	-0.3717	-0.9034	-1.3517	0.4183	-1.3297	-0.4429	-0.0531	1.4513	0.3957	1.0202	-0.5837
0.1816	-1.8751	0.3741	1.1682	-0.6824	-0.0354	-0.3601	0.3696	-0.1486	0.2710	-2.2152	0.3778	0.3148	0.9219	-1.1224	-0.6237	0.0377	0.8552	0.8683	-0.0324	0.5553	0.5316	0.5973	0.5468	1.4315	-1.3729	-0.8146	-0.5861	-0.1315	0.2758	0.6422	0.6383	0.4527	0.1674	-1.1444	1.0085	0.6288	0.9139	-1.2086	-0.4787	0.6112	-0.6437	1.0543	-0.9250	1.4973	-1.1698	2.5339	0.5333	-0.0333	1.0978
-1.2503	-0.0792	0.2116	0.5160	1.3405	-0.2708	0.5492	0.0394	1.0933	1.0137	1.4405	0.4486	-0.8255	0.0157	0.6436	1.3948	0.2124	0.7240	0.8923	-0.4313	-0.1430	-0.6161	-3.1044	-0.6791	-1.3692	-1.3120	0.7922	0.5043	-1.1528	-0.5156	-1.0128	0.5702	-1.8013	-0.9327	-0.5604	0.4666	-1.4725	0.8854	0.8104	0.1258	0.6631	0.0245	0.1252	-0.5288	-0.5749	-0.8181	-3.1877	-1.3178	1.6569	0.5341
0.4962	0.5761	-0.2059	2.4460	1.2843	-0.7955	0.3456	-0.7838	0.5124	0.2300	-1.5613	-1.1185	-0.8798	-0.2575	-0.0506	1.0473	-0.5992	-0.2760	-0.0767	-0.2866	0.4138	0.3790	-0.4966	1.4447	-0.5048	-0.3210	1.3983	-1.5539	-0.0740	0.7294	-1.9421	-0.8958	-1.1226	-0.5399	0.1635	1.5218	-0.6405	-1.6277	0.4302	0.3291	-0.2373	0.4297	0.1469	-0.1012	1.0908	-0.0671	1.7148	0.2866	0.6241	-0.2320
1.1352	1.8449	0.1563	0.6348	0.8526	-0.1720	-0.2432	-1.2288	-1.8905	2.2935	0.7117	0.0651	-0.5757	-0.1356	-1.5865	-0.8991	-1.3763	1.1599	-2.7681	0.8406	-0.2485	-0.5328	0.5738	-0.4940	-0.5608	-0.7258	0.5523	0.1988	0.8228	2.0735	0.0319	0.2586	-0.0829	-1.2703	-0.2641	2.1268	-0.0657	-0.1158	-1.3216	0.7766	0.7372	-0.6175	0.0228	-0.9602	0.0126	-0.5339	-0.2243	-0.3712	-0.1812	0.4302
0.5789	-0.6393	-0.9723	0.4705	0.6508	-1.7217	0.0617	-0.6703	0.7061	-0.1122	-1.5511	0.0151	-0.2960	-0.1435	-0.7657	-0.3647	1.0581	0.1575	0.3647	-0.9913	0.0268	-1.0121	0.8866	-0.8111	-0.0639	-0.8621	1.6708	-1.6214	0.8071	0.1493	0.9996	0.5169	0.4240	0.3952	0.2926	0.7906	-0.8571	1.3994	-0.5195	0.2068	0.9494	2.7489	-0.4587	-0.4357	0.0010	-0.2318	0.2710	0.0880	0.9484	0.6866
1.3927	-1.4688	0.4347	0.9560	1.5517	-0.2222	-0.2293	-2.0838	0.5076	-0.3598	-0.3217	-0.3322	-2.0089	1.8905	1.7753	0.7799	0.7038	2.1751	-0.4125	-0.4899	1.9799	0.3245	-0.2287	1.2543	-0.2865	0.8477	-0.5334	-1.5005	0.2878	0.3199	-0.4038	0.2044	0.6834	-1.5236	0.4327	-1.5929	1.6473	-0.0153	-0.8171	0.7301	-0.3003	-0.0611	-0.0241	0.4586	1.6036	-0.4213	-0.7167	-1.1199	0.0265	0.0757
-1.8012	1.3673	1.8374	0.4227	1.5191	-0.9072	-0.4033	0.3667	1.5806	-0.0224	-0.2483	-0.1505	0.7127	-0.8143	0.5674	0.0508	-0.0272	-0.7998	0.5016	1.2923	1.0153	1.5050	-0.6263	-0.2191	0.5929	1.1350	0.8180	-0.5852	0.2092	1.1998	0.2004	1.4492	0.2756	0.3217	-0.8533	0.2540	0.5127	0.0556	0.9433	0.2513	-0.0262	1.1831	0.2496	-0.4615	-0.1259	-1.0871	-1.1848	-0.4752	0.3999	-0.9757
1.0636	-1.0832	-0.7986	-0.8856	0.7549	-0.3578	-0.3257	1.4681	-0.0983	0.7490	0.0061	-0.7022	0.6358	-0.2053	-1.5537	1.0231	0.6771	0.0194	1.7992	-0.1076	-0.2713	0.6824	-1.0372	1.2395	0.7517	1.3369	-0.8468	-0.1527	-0.6502	0.2631	0.9082	0.4419	-1.0198	1.6661	1.2576	-1.1907	-0.9113	-0.6648	2.6120	-0.0819	-0.1756	0.4047	-0.8868	0.5487	0.8727	0.2729	-0.9841	2.1869	-1.1455	0.6689
-1.6785	-3.0230	2.1832	-2.4818	-1.9219	0.2081	-1.4272	-0.2919	0.4291	0.9432	0.0362	0.3260	-0.6590	1.8373	0.8429	-0.9767	-0.9807	-0.6439	-0.3251	1.0098	-0.0405	-0.5941	-1.0562	-0.7802	-0.0599	-1.1216	0.1112	-0.1740	-0.7051	-2.1447	1.5715	-1.0448	-0.6926	0.6946	0.8126	-0.5193	-0.3794	-0.5788	0.3572	-0.3791	0.7305	-0.6276	0.3228	-0.8455	-0.2297	1.3141	1.1634	-0.4358	-0.5124	0.8018
0.1404	1.6107	-0.5947	1.6651	0.8749	0.1456	0.2172	-0.0560	0.8169	0.4028	-0.3351	-0.6363	-0.7783	-0.4042	0.3276	0.9630	-0.1651	0.8856	1.2575	1.3191	-0.7438	0.3391	-0.0204	0.5671	-0.6957	-1.0667	0.6962	-0.3475	-0.7885	1.7986	-1.7037	-0.4778	1.9105	-0.3011	-1.2855	-1.7386	0.7896	0.8031	-1.1204	0.0583	0.7053	1.5967	0.6843	-0.5234	-1.1684	-0.3649	-1.1583	1.1489	1.3146	0.9447
-1.6708	0.2448	1.0335	-0.9802	1.3083	-0.7046	-0.3877	-0.5407	-0.2836	-0.2962	0.0024	2.2046	0.3673	-1.5857	1.0844	0.3405	-0.7176	-1.4770	-0.1398	-0.2163	1.0485	-0.1347	0.5495	-0.1413	-1.0192	-1.2741	-1.5478	2.0540	0.0310	-0.9042	-0.2781	-1.3195	0.6193	1.3652	-0.1143	-1.7566	0.0651	0.8190	-0.5100	0.6018	-0.9346	-1.5099	0.7749	-0.0258	0.1339	0.3760	-0.1587	0.5800	-0.9343	-0.4709
-0.9074	0.6223	-1.5241	0.2502	1.1958	0.4397	-0.4697	0.2712	-0.2068	-1.4984	0.4953	-0.1108	-0.0800	0.8721	0.1792	0.1569	1.4159	1.6399	1.2491	0.4735	-2.0795	0.6337	0.0923	0.5214	-0.0414	-0.1502	0.2256	-0.3837	0.2372	-0.4712	-0.2588	0.0045	1.1070	-0.3883	-2.4272	1.1082	1.0359	0.4875	0.7144	0.2750	0.8596	-0.6477	-0.8606	0.5597	-0.0596	-0.7091	0.1299	0.4716	0.6963	0.3618
0.0796	-0.5564	-0.0748	0.5790	0.8705	-0.7908	-0.1994	0.7192	1.1495	-0.4430	2.0038	0.0598	-1.1761	0.7948	0.4262	-1.8568	0.1861	1.0095	0.9377	0.2352	0.8170	0.2970	-0.4625	0.2009	-0.2643	0.1922	1.6409	-0.3281	0.6141	-0.1920	0.0075	1.2353	-1.0188	0.5432	0.9815	-0.8416	-0.3808	1.6833	0.8359	-0.1392	0.7648	0.2576	-1.3853	1.6080	0.4930	0.6897	-0.3081	0.2617	1.5908	-0.3453
-0.8619	-0.4255	-1.6457	1.4316	-0.8396	1.1442	-0.2010	1.5585	-1.4775	0.9374	-1.3498	-1.2068	-0.9809	0.4585	-0.0648	-0.0395	0.5511	0.4982	1.5119	1.9727	1.5512	-0.3639	-0.2545	0.9506	1.0940	0.0134	0.7143	-1.3643	0.8864	-0.9159	-0.8064	-0.3396	-0.1428	0.2388	1.7662	-2.5808	1.0637	0.4190	1.0445	0.5918	0.5406	-0.1521	0.2670	0.9653	-1.1452	2.6394	1.7907	-0.3684	1.3033	0.0733
0.4558	-0.2063	0.9301	-1.8208	0.1099	-0.5305	1.1116	1.1407	0.1395	0.7084	0.7854	1.7146	-1.4428	-0.7918	0.8233	2.0868	-0.9784	0.4129	-0.1249	0.0341	-0.1791	-0.9825	-1.3466	-0.1667	0.7336	0.6575	0.3796	1.0098	1.4943	-1.7611	-0.0641	-2.1440	-1.0201	-0.1827	0.1752	-0.5895	-1.5869	-0.7287	0.1291	0.2330	-1.0687	0.2804	1.0144	-0.4108	1.4199	1.7340	-0.2802	-0.8790	0.0429	-0.3006
0.8919	-2.3625	0.4993	0.0327	0.1650	1.2419	-1.1646	0.6273	-0.6078	-0.4529	0.6552	-0.4116	-1.1695	-0.5358	-0.5968	0.8781	-0.0318	1.2231	-2.0649	0.5932	-0.6014	1.7444	-1.2748	1.2050	-0.8541	-0.3827	0.7550	-0.3122	-1.7736	1.5832	-0.8270	-0.2138	1.0551	0.2004	-0.8362	1.5376	-0.0488	1.2862	0.4197	1.3360	-1.4069	-0.5492	0.5128	-0.7804	0.8371	-0.0327	-0.5290	-0.7069	0.6388	0.0584
-0.3000	0.4762	1.8576	0.0605	-1.8501	-0.3455	0.0707	-1.5983	0.0264	0.1753	-0.0663	-0.3405	0.8506	-1.1358	0.2199	0.7378	0.7225	-0.7125	-1.6833	0.3723	-2.3040	0.7933	-1.2807	0.7924	-0.6607	-0.4784	-1.3159	0.4145	0.3881	-0.6475	-1.8068	0.5135	0.5840	-0.9048	1.6940	0.5371	-1.0039	2.0722	1.0235	-0.8652	-0.5382	-0.0847	-0.6988	1.2787	-1.3059	0.7343	-0.0561	-1.1065	0.9446	-1.1129
0.1036	0.5150	1.0060	-0.1386	-0.7988	-1.2311	-0.2025	-0.3933	0.6208	-0.8989	-0.4338	0.5112	-1.4617	0.8643	-1.0252	0.5099	-1.4917	0.1149	0.4797	-0.0713	-0.3319	-0.7865	-0.5236	2.1376	-1.4362	0.0552	-0.1650	1.1495	1.5537	0.1556	-0.9704	-0.0153	-0.6844	0.7024	0.5214	0.3234	-1.4115	-0.7817	-0.3709	-0.3145	1.4519	0.2836	0.1150	-0.4593	0.7498	0.5140	0.4341	0.7955	1.6775	0.3361
-2.3852	-0.3425	-1.0885	-1.2070	-1.2128	-1.4954	-1.5596	-1.6769	-0.3252	0.6706	-0.4104	-0.0360	-0.8632	1.2017	0.9500	0.4899	0.1093	-1.3048	-0.4016	0.0261	0.2611	0.0395	0.9422	-0.9037	1.0833	1.1619	-0.9587	0.4902	0.7553	-1.3301	0.6766	0.2545	-0.6002	-0.9573	-0.7220	-0.1898	-0.2544	0.6599	-1.3370	-0.9582	-0.1487	-0.5010	0.2372	-1.4036	-1.3809	-0.2100	-0.5494	0.9320	-0.1769	-0.4644
0.3533	1.0327	-1.3037	1.8864	0.0106	1.0898	0.2546	0.6250	1.8161	-0.6421	-0.1942	-0.9274	0.4433	-0.5368	2.5718	1.5125	-0.3346	1.1539	1.4385	-0.8032	0.2513	0.7314	0.9327	-0.4905	-1.3782	-1.1864	-1.3696	-1.6954	0.3970	-1.4734	-0.5316	-2.2577	-1.1685	-0.7136	-0.0731	-0.4745	-1.2385	-0.2218	1.2836	0.5818	-0.2635	0.5175	-0.1070	-1.3439	0.0424	-1.3875	-0.0426	-0.0277	-0.6763	-0.5270
-0.9077	-1.6626	1.1601	-1.9610	-0.6242	0.3186	0.2056	1.1441	-0.5602	-0.9149	0.1214	-1.1898	0.9521	-0.6844	0.6638	0.4825	-0.7883	0.8308	-0.3917	-0.5495	-1.1561	-0.2421	0.2190	0.1825	1.3715	0.1372	0.2295	0.0035	-0.5851	-0.9379	0.8546	1.2714	-1.0410	1.6028	0.7841	0.6622	0.7312	1.3542	-0.4309	0.3480	1.3233	0.3721	0.9825	1.2659	-0.9150	0.5278	-0.7254	0.8336	-1.3051	-1.8972
0.0569	-1.2674	-1.8376	0.8157	0.7321	1.6250	-1.4385	-0.3558	-0.5278	-0.5345	-0.4864	0.5406	-0.8229	1.8018	1.5439	-1.3857	-0.1812	-0.7152	-1.1451	-1.2054	0.5661	0.8212	0.0753	-0.7276	0.2795	1.2204	0.5666	-1.7816	-0.0541	0.2152	-0.1271	1.0521	1.4806	0.4732	0.8459	0.6490	0.8399	-1.3125	0.9545	0.2229	-0.6647	0.7966	-0.0040	0.1326	-1.4352	-1.3599	0.1843	1.1223	0.5675	1.4936
0.0138	-0.6408	1.6755	-0.8944	0.2770	0.2770	1.2108	-0.3553	-1.7807	-0.0132	1.2974	-0.1665	1.4999	-0.5832	-0.8945	-0.1964	1.1010	-0.7255	-0.1855	-0.1696	1.2476	0.2199	-0.4914	-0.3351	1.2175	-1.3159	-0.2048	2.2758	0.6171	-0.4614	-0.8438	1.1366	0.5111	0.7658	0.9809	0.8983	-0.2343	0.9270	1.5184	-0.9565	0.0785	-0.3023	-1.5412	-1.2507	0.6790	0.4686	0.8970	-0.2634	-0.8193	-1.2268
0.7869	-0.0683	-0.6859	-1.4833	0.4717	0.2288	0.4433	-0.4880	-0.2247	-0.3040	-0.5128	0.3292	-0.5377	-0.7759	2.3236	0.8212	-1.4562	-1.4383	1.1471	0.7015	-0.3717	0.0211	0.2554	-1.4380	0.6823	-0.4555	1.2900	-0.2783	-0.8434	-0.6732	0.0930	0.5982	-1.2383	2.2701	0.6151	-0.0714	1.0123	-0.1573	1.1089	0.4545	2.0628	-0.0023	-0.0028	-0.5644	-1.4381	1.2776	-1.2220	0.1726	-0.6361	-2.3100
-1.0122	0.4488	0.5051	0.3705	-1.2059	0.6913	-1.2896	0.2087	-0.1582	-1.0438	-0.1486	2.2178	0.6891	0.1367	-2.3102	0.0922	1.0992	1.9394	0.4663	-0.4223	0.6499	1.4076	0.8215	-0.3487	0.0971	-0.7932	0.7315	-1.3770	1.2340	1.4534	-0.4134	-0.7435	0.1750	-1.7992	0.3949	0.2920	0.3134	-0.8885	0.1184	-1.3111	0.1788	-0.6386	0.8201	0.3973	0.4142	-2.0243	-0.4312	2.4120	0.3390	-1.6897
-0.9803	-0.1708	1.2110	-1.4097	1.0661	-1.3098	-0.5822	1.5342	0.7424	0.8028	0.4950	-1.6128	-1.0339	0.4977	-1.1740	0.0793	1.3568	-0.3131	-0.8058	-0.7890	-0.2439	-1.0257	-0.7008	0.2732	-0.3949	-1.7967	0.3027	0.5823	-0.2072	1.6778	0.7116	-1.1348	0.7311	0.7620	-0.7260	0.0394	-1.1359	-0.0919	-0.1114	-1.2923	-0.3660	0.3858	0.3566	-0.7197	-1.1250	-0.5799	-0.3998	-1.0061	0.0055	0.6501
-0.0106	-0.4879	-0.8979	-0.6231	1.5780	-1.9908	0.8635	0.4821	-1.1934	1.1238	0.5626	-0.7688	-0.3551	0.7922	-0.6863	-0.4909	-1.5630	-2.0353	-0.1123	0.0909	0.3327	0.1194	0.4466	0.4326	0.7093	0.0140	0.3651	0.2579	0.8191	0.8721	0.2480	0.1470	0.2293	-0.2124	-0.6298	1.0670	-0.8984	0.1204	1.4481	-0.7398	-0.6832	-0.1096	-0.7007	0.9991	1.5473	-0.2816	-1.1232	0.9216	-0.1455	0.9549
0.1143	0.7013	0.0620	-0.0157	0.5947	0.8912	1.8203	-0.2546	0.9818	0.6041	0.0085	-0.0175	-0.0208	0.4042	-1.1173	0.1106	0.2445	0.8008	-0.3139	0.2089	-1.6792	-1.5292	0.7364	-1.1799	-1.2346	0.6809	0.4797	0.8531	0.1183	-0.9229	-0.0366	1.3609	0.5394	-0.2183	0.5672	0.8959	-0.0375	-0.4293	1.1243	-0.1447	-0.6030	0.6040	0.3610	-0.0301	-0.9119	0.9001	1.1713	-0.5607	0.0166	0.1377
-0.3921	2.1313	1.9794	-0.1578	-0.5662	-0.9800	0.2425	1.7853	0.0751	1.8618	0.3207	-1.3778	-1.1005	0.2625	-0.1480	0.3689	-0.2493	-0.1891	-0.4551	-0.5956	-0.1911	0.6155	0.8847	-0.7073	0.6251	0.2027	0.7907	0.2151	1.6023	-0.3841	-1.6634	1.2593	-1.7311	1.1270	-0.1426	0.1661	-1.4036	-1.4246	0.4145	0.6921	0.2081	0.2571	0.0411	-0.1906	-1.1912	1.0340	-0.8154	-1.2917	0.7861	0.8495
0.0191	0.2538	-0.0484	1.5946	-1.2473	-0.3310	1.6503	-0.7350	-2.8908	1.2507	-0.2476	0.2835	1.0184	-0.1693	0.5187	0.1330	-0.2646	0.9653	-0.1105	-0.8053	-0.5065	0.2800	-0.4002	1.5411	-0.0851	-0.8638	-2.1166	-0.8899	-0.6741	1.4645	0.7965	0.1869	0.7143	1.0205	2.3481	1.2198	0.9619	-0.3479	-1.1281	-1.1358	-0.0655	0.7384	-1.2692	-0.1132	0.0043	0.2766	-0.4025	-1.6158	-0.0793	0.4380
1.4284	-0.9171	-1.1541	1.4274	0.6781	-0.3373	0.1409	0.0588	0.3638	-0.6225	0.7142	0.3642	-0.5853	0.5675	-0.7659	-0.6625	2.1524	0.1909	0.1334	0.2531	0.1880	-0.5215	-0.6562	-0.2861	0.3262	0.3372	-0.3389	-1.7248	0.6389	-0.3214	-0.3223	0.2779	0.6230	-0.2924	0.4015	1.6794	-0.3955	-1.2885	-0.1041	1.0793	0.4263	-0.5438	0.7841	0.1036	0.3824	-1.7585	-0.3851	1.4147	-1.9597	0.5418
-0.0974	-0.2678	-0.0380	0.6800	1.0100	-0.4081	-0.7365	-0.0007	0.7034	-1.8181	-0.3087	2.4769	-1.4212	-0.6799	0.0202	-0.5425	0.4255	1.3978	-0.3320	0.1280	0.3716	1.5532	0.7459	-2.2028	-0.0267	0.4808	-0.7679	0.3634	-2.0496	1.3461	0.6012	0.9855	-0.1354	0.7869	0.3297	0.4538	-1.7283	0.4883	-0.4558	-1.1409	1.7137	-0.0429	0.6700	-1.0879	1.0341	-0.6621	-0.4580	0.5863	0.3565	1.0060
-0.6986	-1.0837	-0.2126	-0.6824	-0.2002	-1.8436	0.6936	-0.5354	1.2343	-0.3972	0.1721	0.3507	0.9844	1.6852	0.6919	1.4411	0.7781	-0.7338	-0.4153	0.0544	0.0664	0.0865	-0.0137	-0.1325	0.4328	0.3825	0.1841	-1.4598	0.0340	0.4674	-0.6556	-0.2113	0.6561	0.0628	-0.8000	2.1453	0.0740	-0.5431	0.4192	-0.2671	-1.3361	1.2317	0.9056	-0.6612	0.3381	0.1357	-0.1754	-1.2566	0.6789	-0.7735
-0.7688	0.3937	0.2121	2.3316	0.7102	1.5576	0.4051	-0.0285	0.8185	1.4489	-1.2793	0.5108	-0.2040	-1.5978	-0.3323	-0.2532	-0.0679	0.4983	1.0375	0.3666	0.2158	1.8115	2.3659	-0.5430	-0.7516	-1.0865	1.1052	-0.4051	1.3344	0.1865	2.0584	0.7958	-0.3639	-0.0657	-0.5446	-0.5642	0.3865	-0.7790	1.3302	0.0813	0.0101	1.4973	-0.0768	-0.5838	-0.6351	2.1906	-0.2844	0.6439	0.2251	2.0454
1.6046	0.3628	-1.4596	-0.7351	-0.6280	-1.7329	1.2404	0.7016	0.0006	1.1652	0.0482	-0.7023	1.2548	1.4256	-1.1203	1.1367	-0.7868	-1.5851	-0.0860	0.1587	0.5826	1.0901	0.3554	2.2989	-0.6268	2.4450	0.6953	-0.7032	0.0051	1.4193	0.1915	-0.8646	-0.5250	-1.7402	-1.1906	-2.0828	0.1157	-0.4339	1.9038	-0.4018	1.0979	-0.9602	-0.6614	0.2619	-0.8470	-0.6807	-1.0222	-1.6323	0.5543	-0.0097
1.1297	0.1150	0.6929	0.9981	-0.5886	1.3085	1.1617	1.1106	-1.1484	-0.1566	-0.3626	-1.8448	-0.4830	0.2946	-0.5073	-1.3899	0.5253	0.4909	-0.6576	-1.7830	0.8612	0.0205	0.1754	-0.5650	0.3890	-0.9173	-0.4921	-0.1166	0.2779	0.7182	2.2424	-0.6747	1.1700	-0.9449	-0.1701	0.1055	0.1220	0.0755	1.4683	-1.1879	2.1542	0.5462	-0.0089	-0.2597	0.4074	-0.6516	0.3777	0.1342	0.1140	-0.3408
0.4241	-0.7692	-0.9799	-0.2587	0.4273	0.3465	-0.8722	0.4009	0.5715	1.7705	-0.5202	-1.0993	-0.1762	-0.9521	-0.8747	1.2795	0.3919	-0.1513	1.1950	-1.4562	-0.9860	0.9523	-1.4406	0.2257	0.1812	0.7367	1.7034	-1.1319	0.3071	1.0434	-1.0419	0.1934	0.3523	-1.3911	0.3027	0.9373	-1.0038	0.4011	0.4247	-0.4995	0.4380	-0.2501	-0.0981	0.8989	-0.7642	0.3596	0.9120	-0.3924	0.0054	-1.6093
-0.5670	-0.0281	-1.0987	-0.6502	0.2296	-0.4155	-0.2409	0.1134	0.8975	0.4437	-1.5979	1.3578	1.1325	-1.7365	1.2719	0.6285	0.1339	0.1166	-0.0874	-0.0305	-0.7329	-0.2059	0.1431	0.2765	0.2806	-0.2977	0.0241	0.2027	-0.4647	1.4225	-1.0189	0.4144	-0.5560	-1.0154	-2.4802	0.1768	1.2115	1.7207	0.3501	0.7851	-0.8621	0.4685	-1.1581	-0.0256	0.9559	0.9059	-0.3033	0.0044	0.6421	1.1511
0.7080	-2.4430	1.2406	0.6860	-0.8278	-1.4355	0.2560	1.1648	0.5742	1.9213	0.7928	-0.8862	3.0351	-0.1566	1.3042	0.1570	-0.1889	0.8232	-0.3336	0.4581	-0.0759	-0.8886	-1.9841	-0.0233	0.4779	-1.1768	-2.2186	0.2215	1.7738	-1.7988	-0.3423	1.1724	-1.6315	-0.8047	0.4508	0.8116	0.6071	0.1554	-0.9102	-0.8365	0.0446	0.1204	1.6802	1.4074	1.2945	-0.8320	0.0134	-1.5818	0.9675	-1.5604
-0.3814	-0.2273	-0.0054	2.0236	0.5223	0.5823	0.5823	-0.5503	-0.5692	-1.4616	-0.2078	0.2212	-0.2413	-0.0998	0.3024	2.5742	-0.0668	-1.5165	1.2613	1.2038	1.8557	1.8512	-2.1513	0.6576	0.1714	-1.4276	0.8786	-0.6182	-0.6188	1.0189	0.3450	1.0863	-0.5241	-1.3037	-0.1947	0.0576	-0.1571	0.9443	0.2916	-1.0909	-1.2689	0.5547	-0.2549	2.5703	0.5354	-1.8616	-0.0388	-1.1943	-0.0765	0.0792
0.1158	0.2452	-0.2584	-1.5352	2.0761	1.4253	0.0130	-0.4822	-0.0222	-0.7167	0.3980	-0.3737	0.5347	2.1850	0.4237	-2.0750	-0.3111	-0.2849	-1.4167	0.7583	-1.0374	0.0652	0.3754	-0.2700	-0.5541	-1.4338	-0.3639	-1.2810	-0.0475	0.3477	-0.8893	-0.3821	0.1242	-0.7461	0.5139	0.1371	0.5729	0.8901	-0.1384	2.0922	-0.2927	0.5909	1.8154	-0.6714	-0.0820	-1.4850	-0.2221	-1.9536	-0.5322	-0.7279
0.7107	0.4492	-1.4709	0.0427	-0.5392	0.5994	-1.0956	-3.1670	0.7795	0.2687	-0.1389	-0.7314	-0.9685	1.2260	-0.7334	0.2539	-0.8344	0.6994	-0.7784	-0.8975	0.7889	-0.4318	0.8587	0.8525	0.2489	1.0597	0.5676	0.4207	1.6890	-1.1690	-0.0664	0.5700	-1.1308	-1.2293	-2.3600	-0.8361	1.4604	-0.0091	-2.0687	0.1326	0.9646	0.0956	0.5370	-1.8345	0.8772	-0.7538	0.7954	0.5585	0.4020	-1.3614
-0.8576	1.1542	0.3945	-0.1971	0.2099	-1.4285	-0.4960	1.8068	-0.0093	0.4033	-0.6876	-0.1114	-2.6673	-0.6281	-2.9245	-0.0332	1.6173	1.3876	1.7800	-1.6483	1.9364	-0.3762	1.7036	1.1554	0.3849	0.6862	-0.9775	0.5989	0.4933	-1.3387	-0.9547	-0.6509	-2.9978	-0.2196	0.3160	-0.9798	-0.0687	0.1472	-1.1989	-0.7840	-0.7487	1.7084	0.2109	-1.4209	1.0100	-0.3110	0.1654	-0.6027	-1.1469	-0.8434
-0.2615	0.2388	-0.6310	-0.7545	-0.5874	2.5101	-1.5082	1.2768	-0.2981	-0.3010	0.3433	-1.8598	-0.4895	-1.2149	0.6547	0.1754	-0.0297	1.9479	-0.5078	-0.1637	-0.5331	0.3037	2.0043	0.3474	-0.3975	1.4942	-0.2090	1.1179	-0.0572	0.3169	0.3256	0.7262	0.3347	-0.9114	-2.1329	-0.4064	1.9125	0.8542	-0.5342	0.3392	-0.1584	1.4485	1.4400	2.6285	-0.2687	0.9445	0.4349	-0.4764	-0.1352	0.1218
-1.9355	0.9603	-0.4175	-2.1785	0.3264	1.4461	-0.4525	0.6004	-0.3082	0.7623	0.8842	-0.2779	0.6852	1.1559	-0.4560	-0.1754	-2.1008	1.2406	-2.1923	1.2830	-0.3157	-0.6513	-1.3211	-0.8151	0.4018	-0.8090	0.3850	-1.6550	-0.0338	-0.1747	1.2752	0.3145	2.4481	0.7514	2.1531	-1.7057	-0.3522	-0.2138	-0.7160	-0.8248	-0.5005	-1.6446	-1.0283	-0.5677	-0.9647	1.2073	2.1587	3.1633	-0.3791	0.7702
0.0836	1.4855	-0.5362	-0.1829	-1.3811	-1.4555	0.3380	-0.7884	-1.2950	0.8579	-0.4244	0.9202	0.7402	-0.1539	0.2253	-0.7198	-1.3086	0.7703	-1.7495	0.4515	-0.6864	1.8341	-0.9944	-0.6168	-0.6222	-0.5133	0.2089	0.4118	-0.5347	0.1846	-2.4156	0.1432	0.2908	0.3802	0.2813	0.2822	-1.4429	-1.4001	1.1205	-1.0433	-1.6872	-0.0145	1.6194	-1.0518	0.9788	-0.0337	1.6530	0.3156	0.6710	0.9478
1.2381	0.0136	-0.6032	-0.2185	-2.0114	-1.7879	-2.6172	-0.4745	-2.0745	-0.0674	-0.3827	0.1772	0.9867	0.5980	0.9797	-0.0766	-0.3340	-2.2671	-0.1496	0.2725	1.0645	1.6437	0.0895	-0.0360	1.7003	-1.7727	-0.9008	0.3728	1.2224	0.0859	1.1642	-0.0125	-0.9860	0.2803	0.7144	0.1826	0.3757	-0.7886	-0.7396	-1.3221	0.2355	1.3438	0.2052	-0.0793	-1.0067	2.0379	-0.8629	-0.1987	1.0089	-0.0305
-1.2337	-0.5029	1.3467	-0.7976	1.4905	1.3165	0.2044	2.1101	-0.5034	0.4403	-0.8889	0.4740	0.7037	-0.5150	-1.2495	0.1332	0.1279	0.9220	1.5809	1.5023	1.7855	0.6150	-0.6863	0.2099	-1.1805	-2.2560	-1.0491	0.6008	0.7624	1.3539	-0.3055	1.3996	-0.4945	0.8029	-0.2851	0.2495	-0.2136	1.0060	1.9841	0.3472	-1.3443	-0.8613	1.9110	-1.2754	0.2615	-0.5249	0.1175	-0.6524	0.0620	-0.6825
0.9379	-0.1915	-2.2391	-0.4269	0.5296	-0.7028	0.5669	0.5568	-0.2081	-2.6442	0.5912	1.3545	0.3217	1.3877	-1.6888	0.2121	-0.4094	-1.0238	-0.2431	0.3323	0.8870	-1.0627	0.2845	0.0144	1.5438	0.2108	1.8017	2.0440	1.4705	-0.8848	2.1416	1.6088	-1.0322	0.2691	0.9011	1.1367	1.2364	1.7305	-0.3378	-0.4844	0.2456	-1.0369	-1.9060	0.7257	-0.8009	0.0599	-0.1317	-1.4360	-1.2364	0.7798
0.5753	-1.3578	-1.8857	-0.9289	-1.4932	-1.3419	-0.8105	-1.7325	-0.4758	-1.1301	0.0001	-0.7501	-0.6065	0.2193	0.6261	0.9034	1.1825	-1.1197	1.3620	-0.7767	-0.4924	-0.3138	0.1666	-0.3402	-0.8928	0.6535	0.0046	-1.2527	-0.6368	-1.3605	1.2532	0.1181	0.8806	0.2231	0.8985	-1.0317	-0.0643	-1.6602	-0.5399	0.2347	0.5162	1.4225	-1.6129	-0.8193	-0.4770	0.0940	0.6844	-0.1902	0.2285	0.7679
0.5193	-0.9185	-0.0784	0.0997	0.6732	-0.8494	-0.1577	0.2304	-0.4685	-1.5156	0.9543	0.5305	1.6527	-0.5533	0.7283	-0.3857	0.6846	3.7735	2.0268	1.4955	-0.9240	-0.6568	-2.8635	0.1934	-1.8764	0.0408	-0.2325	-1.0367	2.6217	0.2770	1.4360	-2.8677	1.6119	-0.5270	-2.1540	-1.2557	-0.1360	0.4738	0.2579	0.0460	-1.5116	0.0334	-0.4888	1.1106	1.4809	2.3490	1.1308	0.4025	0.3894	-0.2360
0.1464	0.9775	0.9833	1.7143	-2.2350	-2.0489	0.1610	-0.8905	0.2116	0.1282	0.8390	-2.0039	0.3832	-0.7247	1.7277	0.3718	0.1480	1.0722	-1.7705	-1.0711	0.6714	1.1512	3.6298	1.6246	1.0067	0.5639	0.2582	0.1935	-0.1735	0.0940	1.2043	-1.5242	-0.9550	1.8607	-1.1110	0.7064	-1.1776	-0.8392	1.5546	0.4187	-0.0629	-0.5802	1.1313	-0.1528	-0.0500	0.1981	0.7368	-0.0411	0.8553	-1.4127
1.6265	-0.8626	1.4796	-0.1338	-1.9130	0.2576	0.6538	1.2749	1.5336	0.2022	-0.3155	0.0444	0.4750	0.3984	0.2473	-0.7573	0.7704	-0.9855	1.3367	-2.1886	0.8107	0.1598	-1.0103	1.4659	-0.9548	0.2005	0.4110	1.2337	0.8952	-0.9421	-1.4044	0.4926	-1.3560	0.8243	0.0915	0.3767	2.2953	1.7559	-0.0737	0.8118	-1.0844	0.6714	-1.5922	0.5559	0.0669	-0.0987	-0.1004	-0.1772	1.7181	0.7941
2.1005	-0.9179	0.8047	-0.4192	0.1310	1.6000	-0.7115	-1.8174	0.5509	-0.5074	0.3124	0.3849	0.7881	0.0139	1.6931	-0.1097	-0.6480	0.7314	0.8615	0.1693	0.0407	-1.2249	0.9628	0.4875	0.2797	0.2337	-0.8740	-0.5967	-0.3017	0.9313	0.7236	0.6747	0.0791	0.5899	1.4632	-0.3719	0.5007	0.0362	0.4041	-0.1420	-0.7626	-1.1363	1.3337	0.3576	-1.3332	0.8024	-0.4890	0.3471	0.2200	2.1075
1.1364	0.4946	2.4603	-1.4865	-0.9287	-1.3593	-0.1754	0.0635	-0.4088	0.8034	1.6330	0.4267	0.4734	0.3747	0.2932	0.6743	0.5018	0.3157	0.6503	0.2165	-0.2949	-0.4714	0.4875	0.6300	-0.3860	0.0866	-0.4014	-0.8712	0.9512	0.1335	-0.5247	-0.9904	-1.0972	1.6065	1.1430	0.7150	-0.2975	-1.0578	1.0364	2.3456	-0.1845	-0.0483	-0.8318	-0.5992	0.2048	0.2473	1.1245	0.3357	1.1353	-0.1909
0.2936	-0.2535	0.5631	0.3514	-1.4861	-0.7028	1.4900	-0.3616	-1.0226	1.3065	-0.6860	-0.4652	0.8513	-2.1735	1.1693	1.6768	-0.6842	0.8284	-0.7718	-0.4602	-0.4448	-1.2864	0.2964	-0.4587	0.2113	-0.9206	0.0239	1.4373	-0.5644	0.7692	1.0111	0.0806	0.3836	-0.2511	0.0632	-0.0077	1.6654	0.3315	-0.8855	-0.4946	0.1392	0.7419	-0.1192	1.0466	1.7973	-0.0786	0.1418	0.1583	0.2556	0.6516
0.5804	0.7705	-0.9882	0.0071	-1.3787	0.8198	-0.3448	1.8493	1.4535	0.8568	0.0457	-0.2418	-1.5322	0.6260	-0.4431	0.8948	0.3537	0.7650	1.3654	1.4251	-1.8451	0.2557	0.5594	-0.8148	1.8632	0.0438	-1.2953	0.9811	2.7278	-0.5492	-0.0630	0.2643	0.7034	0.2513	0.6675	0.4079	-1.7151	2.2168	-1.2040	0.6018	-1.4144	-0.3596	-0.3606	0.4359	2.6308	-0.6898	-0.8199	-0.4983	-0.2777	0.9144
0.3060	0.6844	0.1206	0.0499	0.2952	-0.3969	-0.6844	-0.3776	0.5961	-0.4416	0.1549	1.2350	-1.0531	0.4570	-1.2323	1.2290	-0.2114	-1.2554	-0.9415	-1.8640	-0.1476	-0.0032	0.7349	-0.1989	-0.7337	-2.1023	-1.2212	0.5772	-0.2267	-1.2130	-0.8106	1.2070	1.2435	-0.4583	-0.0275	-0.7211	-1.1262	0.5811	0.4962	-1.2904	-2.5327	0.7073	-1.0445	-0.3677	0.0879	2.0967	-1.7823	0.1815	1.1544	-0.0299
-0.0280	-0.5751	1.3142	-0.4291	-0.5150	0.2207	-0.0001	2.3527	-0.0121	1.2249	-0.2933	0.0257	0.9822	0.1386	0.3339	-0.3351	-0.3181	0.0412	1.0655	0.9953	0.1285	0.2747	0.0639	0.5531	-0.3404	-1.2009	-1.8540	0.6627	-1.0228	0.5506	0.0465	-1.5128	-0.7618	0.4169	0.8394	-1.0861	2.2034	-1.4497	-0.8616	0.1621	-2.0693	-2.1559	-1.8846	0.5331	1.8496	1.5860	1.4062	1.2692	-0.7982	-2.0194
1.2172	-0.1624	-0.4611	0.2727	0.4197	0.4762	-1.8229	-1.2803	0.5599	-0.1364	-0.8709	-1.7231	1.6182	-0.7183	-0.2823	1.7255	-0.5811	1.9772	-0.5021	-0.8630	1.6750	1.4363	-0.4885	0.1702	1.0736	0.5423	1.3441	-0.4130	-0.8535	0.2973	2.8365	-1.9154	0.6758	-0.0872	-1.2538	-0.4678	1.2085	-0.2450	2.3968	0.6281	-0.5648	-0.1670	0.6798	-1.1262	-2.7293	-0.7250	-0.2713	-0.5410	0.5658	1.7491
0.8451	-0.1585	-0.4704	-1.1987	-0.5442	-0.7239	-1.9106	0.3761	-1.5795	0.0785	-1.1519	0.3516	0.0761	-1.4140	1.3924	-0.8761	1.1559	-0.2103	-0.6429	-0.1046	0.0642	-2.5664	-0.0634	0.3487	-1.1338	-0.1922	0.2379	-0.0220	0.8598	0.8648	0.1229	-0.7865	0.8609	-0.3006	0.2640	1.1946	1.0202	-1.1513	0.4528	-0.4604	-0.9771	-0.2650	0.5276	-0.8373	1.2995	0.8262	-1.0907	-0.6364	-0.7269	0.5321
-0.0284	-0.9170	-0.4035	-0.3605	-2.1312	-0.8692	-1.1511	1.0076	-0.3725	-0.3876	-0.5932	0.3274	-0.3854	0.4435	-1.6331	0.3364	0.5098	-1.6687	-1.0356	-1.4601	0.6249	-0.6791	-0.5945	0.4540	-1.1529	-1.1972	-0.6741	-0.9866	0.4345	-0.5596	0.8760	-0.9944	1.8735	-0.6293	0.2372	0.4151	-0.1391	0.0262	-1.0733	0.2582	1.4346	-1.0589	-0.2265	-0.1506	-0.0414	1.2669	-1.6360	0.9418	-1.9267	-0.6138
1.1845	-0.1882	-1.1630	1.1688	0.1518	-0.7443	0.8903	-0.8080	1.9474	0.7099	1.5560	-1.1118	-0.0834	1.1457	0.0415	-0.8246	1.2962	-0.9788	0.4971	0.0013	-0.1236	-2.0425	-1.1107	2.1070	0.4228	0.5846	0.5809	-0.2435	1.3990	-0.0225	-0.2893	0.4052	1.1004	1.0030	1.4344	-0.7650	-0.6440	0.4345	-1.8392	1.2652	0.1793	1.3073	0.4094	0.5657	-0.3595	-0.1182	-0.1359	0.3967	1.1215	0.0945
-1.0425	-0.0447	0.2880	0.8085	-1.4079	-0.3688	0.4606	-0.1976	1.2029	-3.0304	0.0544	-0.2197	0.5232	0.5397	0.8412	0.0395	0.0298	-0.6657	0.4294	0.3395	1.2319	-0.6892	0.2941	-0.9610	0.3047	-0.2981	0.2482	-0.7820	0.1070	-2.0691	-1.2180	-0.2869	1.5865	0.8415	-1.3950	0.8206	-0.5924	-0.4686	1.4451	-0.3701	1.0129	0.8395	1.2844	-0.6116	-0.3741	1.0141	-0.1280	-1.3481	0.9678	-1.7550
-0.2513	0.3818	-1.5811	0.8037	1.2965	-0.0662	1.1532	-0.8233	0.6766	-0.2803	-0.5755	0.7352	-0.4651	1.8392	-0.9055	0.9008	0.3897	1.1142	2.9566	0.4423	-0.2047	1.4342	-0.6191	0.7202	0.2873	0.6399	0.3005	-0.8789	-1.6250	-0.5113	-1.9994	-2.1428	-0.0381	-0.4717	0.9303	0.9810	-1.7914	0.0613	0.4136	0.2660	0.5542	1.5073	-0.6582	-0.4046	-1.1858	-0.4918	0.6833	0.2262	-2.4683	1.6807
0.0116	1.1023	-1.2466	-0.4382	1.0515	-0.6197	-0.6846	-0.4073	0.8234	1.5386	-0.3201	-0.4364	1.8533	1.0024	-1.1014	2.6878	0.9936	-1.7041	1.9715	1.5034	1.2540	0.5588	-1.4255	-2.3429	0.7086	0.3626	-0.3300	0.6286	-0.1169	1.1692	0.0665	-0.8982	0.2876	-0.1814	-0.4206	-1.0435	0.6217	1.5127	-0.9797	0.6040	0.4715	1.3241	1.4419	0.0172	-1.1356	-0.4053	1.2645	-0.3043	-0.3879	-0.9177
0.2888	1.3918	-0.8148	0.4977	-0.0684	-1.1983	0.5623	-0.1494	1.5303	-0.5252	-0.2838	-0.7739	0.5074	-0.0991	1.8601	0.0896	1.5794	0.0799	0.4399	-0.3337	-0.5669	1.4227	0.9968	0.4622	-0.3209	-0.3942	0.3136	1.5147	-0.1258	1.0228	1.8805	1.0462	-1.5361	-1.5565	0.4466	-0.2071	-0.4260	-1.7817	-0.8839	1.5345	0.3873	-0.0434	0.4942	-0.6139	-0.4447	-0.4767	-1.8278	-1.1244	-0.3450	0.3917
-1.7490	0.5498	0.0443	-1.0496	1.2832	-0.5194	1.5621	0.5275	-0.3277	-1.4543	-1.1912	0.2666	0.8880	0.3843	0.3311	0.6456	0.9200	-2.2718	1.2645	-0.1265	0.1404	-1.0432	-0.7426	1.5049	-0.2662	-0.2788	-0.8093	-0.4122	1.1835	1.4723	-1.5831	-0.0344	0.2824	-0.7585	0.9174	-0.1082	1.8000	0.7984	0.7060	0.1102	-0.5514	0.3898	0.5410	0.0782	0.6660	-1.0251	0.3053	-0.3129	-1.6722	0.2531
-0.8990	-0.6829	-1.9196	-1.1900	-0.2195	-0.9921	0.6218	1.3306	1.8243	-1.0666	0.9364	-0.3698	0.9564	0.4091	0.7629	0.9743	-0.2247	-0.1173	-1.1390	-0.0306	1.8070	2.1643	-0.6312	1.1265	1.1719	0.9061	1.1527	1.1193	0.7696	-0.4736	1.2681	0.1465	-2.1783	-0.3665	-1.1244	-0.7842	1.4116	-0.0822	0.2200	1.0661	0.7375	-1.4586	-0.0243	-0.9335	0.7483	-0.1247	2.6727	-2.0943	1.1578	-0.1716
0.0805	-0.2482	-1.4744	-0.5479	0.8044	1.1163	-0.8891	-0.4391	0.2245	0.8122	-0.9660	2.4003	0.5446	-1.4618	0.8855	-0.0615	1.4974	3.3306	0.6907	0.5920	-0.6292	-0.5283	-0.5064	1.2739	-1.1776	-0.5418	-0.0160	-0.2656	-0.6248	-0.0498	1.1727	0.8206	-0.5328	-0.5329	1.0717	0.7887	-0.9282	-0.5641	0.6814	1.8081	-0.7704	1.0631	0.5894	0.9773	1.3182	-0.0366	0.5825	-0.7568	-0.5750	0.2253
0.6953	-0.7668	0.3439	0.6452	0.1302	-0.1853	-1.1123	1.2157	-0.6814	0.9044	0.7015	-0.5716	-0.9794	0.2805	-0.5093	-1.7438	0.1385	-0.0812	-1.1363	-1.2674	-0.5245	0.6458	-0.7704	-0.2989	1.2121	-1.7950	-0.4014	0.0771	0.3104	-1.4010	-1.0046	-0.6571	0.9352	2.2457	-0.6010	0.4058	0.7689	0.4108	1.3321	2.6020	-2.2854	-0.7856	-1.1003	0.5350	0.1641	-0.4347	2.1736	0.4969	-0.1847	-1.0567
-0.7824	-0.4163	-0.3025	0.2508	0.0599	-1.6888	-0.4798	-1.0244	-0.2920	1.4651	-0.7691	0.3313	0.1643	-0.0053	-0.0907	-0.1653	1.0594	1.1360	0.5883	-0.8718	0.3389	-0.3234	-1.0271	0.8339	1.3818	-0.3798	-3.0507	0.4641	0.5597	0.6058	-0.0365	-0.5700	-0.4443	-1.2754	-0.7585	1.0260	-0.5839	-0.7738	-0.2317	-0.4852	-0.0517	0.1875	0.8469	-1.1189	1.4755	0.8788	-0.9125	-0.9890	-0.1433	2.4934
-0.6770	-1.5091	-0.0008	0.5337	-1.4633	0.4135	1.3577	0.6808	-0.6298	-0.1238	0.8897	-1.3659	-0.6030	-1.1204	1.0992	-1.2319	-1.0145	0.3803	0.9598	0.7615	-1.6964	-0.5356	-0.4969	1.2491	0.2823	-0.4265	-1.1689	0.4319	0.4058	1.3190	-2.4341	0.5776	1.9752	1.5246	-1.4535	0.0944	-0.9715	0.9381	-0.7282	-0.7719	-0.9653	0.5198	0.9272	1.6068	-0.4484	-0.3717	-0.3584	0.4216	-1.0421	-0.6011
-1.1200	0.3150	2.2619	-0.6449	0.2173	0.1422	0.1670	-1.2556	1.8329	-0.4924	-1.1320	-1.2343	-1.4696	0.8134	1.7358	-1.1531	-0.4402	-0.5840	0.8733	-0.5098	-0.4252	-1.4295	2.1579	-1.1852	0.2547	-0.4832	0.6405	1.0653	-1.0724	-1.0560	0.1118	-0.2227	-0.8596	0.2902	1.0840	0.1295	-1.5336	-0.4251	0.5487	0.9766	-0.1563	0.3865	1.2695	-0.9071	-0.0473	0.5388	0.5821	0.4709	1.1755	0.2751
1.6723	1.1152	-1.7759	0.3001	1.5657	-1.0392	-0.3901	0.6547	1.9497	0.9120	-0.0553	-0.5952	-1.3773	1.5709	-0.3346	-0.4139	0.8846	-1.5766	-0.5656	-0.3521	1.7051	0.2663	-2.2451	-0.0926	-0.2853	-0.1108	-0.3074	-0.5858	-1.0394	0.5241	0.9609	-0.9303	-0.9528	-0.5774	-0.5604	-0.0981	0.5566	0.3609	-0.6685	-0.2864	-0.5661	0.0814	0.1164	1.2187	-0.5262	0.4424	0.2711	0.3844	0.4871	0.7731
-1.3436	-0.0263	-0.8981	1.3076	-0.4945	-0.4776	0.8224	1.7399	-0.2192	-0.4359	0.2515	1.0075	-0.9626	-1.8001	-0.3983	-0.1224	1.9329	-0.1002	-1.3594	1.6831	-2.0027	-0.8157	-0.4738	-0.5849	-1.1478	0.6598	-0.6672	0.8765	0.9033	1.0582	-1.3080	1.1924	-0.0983	0.3575	-0.5434	-0.9466	-0.7817	0.8579	1.3610	0.4370	-0.0596	1.8303	0.4987	0.1373	0.0330	0.0196	1.5049	2.4736	0.6191	0.3704
-2.0263	-0.3382	-0.6721	1.3357	0.8765	-0.4113	-0.7065	-0.5212	-1.1859	1.1288	0.5783	0.7693	-0.8019	-0.5172	-0.9437	-0.4159	0.7592	0.7922	-0.7207	1.6188	0.3323	-0.7617	-0.2862	0.6416	1.1461	-0.3385	1.3617	-0.5157	0.3267	-0.3660	-0.1650	0.3523	-1.0608	-0.1715	1.0745	-0.8376	-0.2836	-0.0667	1.3661	-1.3956	0.3593	1.0304	0.4714	-1.3179	0.0757	-0.2028	0.8433	0.4317	-0.1427	-0.2730
0.4736	0.7085	-0.2106	-0.6737	0.7784	0.4446	-0.4164	-1.0932	-0.2821	2.2310	0.4752	-0.3026	-1.0572	-0.8811	-0.7484	-0.4449	-1.0895	-0.3387	0.8948	0.3445	-1.6760	-0.3172	-0.3235	0.4826	0.3092	0.5503	-0.5231	-0.0317	-0.8362	-0.3257	-0.2743	-0.5370	-0.5187	2.4949	0.6026	-0.8433	-1.2509	-0.1797	1.2254	-0.6661	-1.2748	-0.5006	0.8434	0.3705	0.3826	-0.4661	1.9333	1.2392	-0.0646	0.8516
-0.4510	-0.4527	-0.9697	0.5996	-0.5739	0.4031	0.1275	1.0119	0.3991	-0.3040	1.6293	-0.3638	0.7092	-2.0464	0.5304	0.4516	0.2227	1.2825	0.4870	-0.2624	-0.3293	0.7645	0.0326	-0.4857	0.0244	1.4593	0.6949	0.5410	0.4177	-0.4128	1.4529	0.2903	-0.7686	-1.6445	-0.3171	1.0595	-0.2166	0.2823	0.4715	-0.1727	0.4305	0.2139	0.3313	0.6149	-2.1114	-2.2356	-2.2351	-0.6930	-0.2018	1.2338
-0.9684	0.2545	-0.3657	-0.5972	1.3052	1.2460	1.3298	-1.2997	1.1651	-0.4536	0.8387	1.4671	0.9647	-1.5836	-1.0826	0.2113	-0.5133	0.0311	-1.2052	-0.6865	-1.5312	1.6997	0.2175	0.6346	1.1097	0.0621	0.2723	0.2020	0.1829	0.1336	-0.1656	-0.2813	0.1708	0.8114	-0.0266	0.1129	1.3022	0.2303	-1.3174	-0.3853	-0.6894	0.2797	-1.0894	-0.3472	-0.3547	0.2016	-1.3149	0.4169	-1.5635	-1.3263
0.0026	0.1447	-0.9250	1.1860	0.4190	-0.9409	1.2756	1.6370	-0.7484	-2.4316	0.0495	1.4932	-0.4104	-1.2976	1.6590	-0.3997	-1.2836	-1.5205	-0.9201	-0.8034	-0.1262	-0.0100	0.4165	0.2820	-0.6090	-1.8449	1.3470	0.9616	-0.8432	-0.7877	-1.0153	-0.5888	-0.4779	-1.1448	-0.4652	0.7655	-0.5240	-1.5172	-0.7403	0.9924	-0.5850	-0.1616	0.0608	0.0046	0.5404	0.6822	0.9053	-0.1700	-0.3321	0.0200
0.1285	1.1067	-1.8968	-1.5193	0.5445	-1.5446	-1.2290	-0.3485	0.0610	1.6254	0.8619	-1.0203	-0.2208	-0.0985	1.7877	-0.7548	-1.1630	1.4719	-0.4802	1.3740	0.4314	-1.2184	-0.0273	1.3838	-0.3041	-1.8206	0.1777	0.7808	0.8401	-0.2150	-0.6778	-1.8105	-1.0419	-0.7506	1.6924	0.9230	0.1674	0.4602	-1.1552	0.0472	0.6025	-0.2306	-1.0429	0.7276	-0.8714	-1.2344	0.6279	1.3222	-0.3614	-0.5143
-1.5252	0.3242	1.9046	2.5835	1.0944	-1.5602	1.2628	-0.5533	-0.6471	-0.9009	-0.1493	2.0035	0.4409	0.6698	-0.9459	-0.6124	0.5187	0.8045	-1.1144	0.3884	-1.1036	-0.0291	-0.8802	-1.2247	0.9595	-2.1014	0.4346	-0.7593	-1.3260	-0.6569	1.0689	-0.4723	0.7524	0.9464	0.6396	0.3651	0.1977	-0.1212	-0.9824	-0.6485	0.7621	1.0033	-0.1438	-0.3122	0.9800	0.8839	-0.2602	-0.8552	0.5144	-1.0567
1.0693	-1.1745	0.7168	1.4594	-1.4752	0.3613	-2.0630	2.0214	-0.1337	-0.6669	-0.6112	-0.0964	-1.7434	-0.7480	0.0016	0.2006	-0.5037	-0.0363	-0.9115	0.9694	1.5379	1.0593	0.3025	-0.8121	-0.8358	-0.7074	0.3469	0.2828	-0.2046	-0.6286	-0.6964	0.8027	-0.3577	-0.3808	-0.9410	1.3213	1.2041	-0.3831	-0.0754	-0.6047	0.0713	-0.7359	0.0336	1.4989	-0.8101	-0.1046	-0.3854	-0.0297	-1.1151	-0.2190
1.7947	-2.5962	-0.3357	0.6822	-0.8217	0.3314	-2.1331	-0.5496	0.9516	0.1198	-0.4271	-1.4586	-0.2043	1.5129	-1.7439	2.1406	1.3122	-0.4173	-1.9470	0.2024	-0.2044	-0.4744	-0.1210	-2.2013	0.2041	1.4752	0.0080	0.1385	-0.5001	-0.6213	1.4755	0.4793	1.1748	1.2325	0.2508	-0.3514	-0.1466	0.5543	1.1234	1.9370	0.9100	1.7859	-0.6361	-1.4767	0.7226	-1.7803	-0.0296	-0.8655	0.3538	-0.4460
-1.1462	-0.2316	-0.9052	0.2747	-0.9401	-0.2740	0.1356	-0.3762	2.5198	-1.0300	0.5287	-0.2808	0.2950	-0.2109	-2.5982	-0.3870	-0.3993	1.1998	-0.1118	0.8001	1.2265	-1.7224	-0.5441	-0.2918	-0.7282	-1.9595	0.2727	-0.6270	0.1000	-0.7939	-2.0030	-0.4482	-0.8402	-1.5827	-0.7168	1.6539	1.3484	1.0987	-0.1592	0.2476	-1.0721	0.0806	-0.7766	-0.6260	-1.1656	0.5522	0.0207	1.3393	-0.3131	-0.0006
-1.0032	1.5556	0.6899	-1.1312	1.4212	0.0706	-0.7720	-0.1062	0.5854	0.7885	-0.1790	-0.2884	-0.1772	-0.2890	0.4588	-0.4270	-1.0027	-0.8235	-0.2207	0.8265	-1.1503	-0.0539	-0.2993	1.9408	-0.0879	-0.8417	-2.1576	-0.4972	-0.9075	1.1338	-1.0684	-0.5495	0.5928	0.7970	-1.2022	-0.2981	-0.3769	-0.7047	0.1812	-0.5904	0.4136	0.4040	-2.1330	0.4081	-0.5183	-0.5927	-0.9519	1.6148	0.0784	0.5053
0.0199	-0.7548	-0.5572	-0.0560	0.5549	-0.5518	0.8300	-0.4737	0.6398	2.4786	0.7738	0.0273	1.7532	-1.1734	-0.7240	1.6928	-0.6586	2.4324	-0.0492	-1.5103	0.6649	-0.8253	1.3185	1.6452	-0.7215	1.4149	1.2144	-0.2607	0.8246	0.3381	-0.7714	0.1261	0.5517	-1.7793	2.1792	-0.5641	-0.9232	-0.1885	1.2278	0.7278	0.5453	1.7967	-2.5450	-0.1187	-0.1700	-0.9236	-0.3971	-0.9036	1.7013	-2.6996
-0.5896	-0.2830	0.0897	-0.2534	0.0092	0.1856	-0.2700	-0.5501	-0.2213	-1.1146	0.0527	-1.4502	0.4175	0.9334	-0.3518	-1.3881	0.2857	1.6522	0.1178	1.0345	0.5640	0.2481	0.9232	-1.0297	1.3471	1.2017	0.5322	-0.1559	-1.2852	0.0676	-0.2162	-0.3070	0.3015	2.9853	-0.6697	0.4021	-0.3256	-1.0769	1.4028	-0.2415	-0.0233	1.5958	1.2738	-0.5766	-0.2096	0.9669	-1.5214	-0.2821	-0.7259	-0.5814
1.1857	0.1312	-1.5595	-1.1712	0.4957	0.6515	1.3492	0.5348	0.9063	0.2678	-0.0556	0.1666	0.1384	0.9916	0.0808	0.7362	-1.6188	0.3066	-0.2893	1.7882	-0.4573	0.3829	0.2416	0.5122	0.3911	-1.2725	-1.3639	0.7123	0.1975	0.6374	0.1625	-1.9825	-0.8210	0.5631	-1.8869	-0.6995	0.2618	-1.4946	-0.6704	2.1895	1.6730	-1.3779	0.3203	-2.3072	0.6166	0.4169	0.7085	0.1326	0.9950	-0.6969
0.0569	1.2419	1.1799	-1.1206	-0.2836	-0.1304	0.3831	0.3004	0.6083	1.2792	-1.5249	-0.4054	0.9367	-0.3422	0.2530	-0.1177	-0.6751	0.5780	1.9076	0.0924	1.1935	0.0880	0.8914	-1.1384	2.4586	0.2729	0.4820	2.2494	-0.5056	-0.8885	-0.8781	0.2298	1.1903	-0.3675	-1.6052	-0.2031	-0.1471	-0.2117	0.6373	-0.6222	1.8414	-1.0130	-0.7844	-1.5504	-0.0092	-0.3099	-1.2583	1.2913	-0.2926	2.0886
0.4803	0.5708	-0.7313	1.4230	1.3870	-0.9397	0.2264	-1.3858	-1.6888	0.6322	1.2903	0.5118	-0.1323	-0.2836	-0.1351	1.2047	-0.9552	-0.3864	-0.0131	0.8016	1.8805	0.7389	-0.2028	-2.0031	-1.8681	-0.2734	0.0737	-0.8424	-1.1828	1.0151	-0.2526	-2.3908	0.5214	0.6096	0.1078	-0.8402	-0.1742	-0.3823	-1.2052	-1.7747	-1.1009	0.7102	-0.2099	-0.1146	-0.9263	-0.7106	0.0353	-0.4987	1.2820	1.2321
0.0775	0.3124	0.6381	-0.3694	0.5287	2.0846	-0.4663	0.5169	0.7600	-0.0250	-0.3698	-0.6196	-0.5158	-1.0640	-0.2074	1.5075	-0.2507	0.0285	-0.1951	0.7842	0.6560	-0.0388	0.9426	-0.4638	-0.0717	0.9513	0.9482	-1.6532	-0.4015	1.0907	-0.7332	-0.2945	-0.9874	1.0321	-0.8292	-0.3442	0.0043	-1.9529	0.2044	-0.9863	2.8977	0.4012	1.6972	-0.6594	-0.4945	-1.7577	-1.7008	-0.0158	-1.2731	0.0517
-2.3070	1.0372	-0.3896	-2.5610	0.8383	-0.2084	0.3219	2.3435	1.4730	-0.5519	0.4321	0.3295	0.2595	-1.6022	1.3704	-0.4685	1.3517	-0.6337	-0.1403	-0.4671	-1.6842	1.4709	-0.1284	1.5978	-0.8812	-1.3705	0.8244	0.1423	-0.0373	-0.2438	1.5757	-0.7455	-0.6749	-0.4788	-0.3563	0.8769	-1.3117	0.3946	0.8276	-1.1315	-0.0183	0.7869	-1.1717	-1.1723	-2.0146	0.3527	-0.2044	-0.8510	-0.4414	-0.6311
0.7551	0.3961	1.4800	0.6404	0.5694	0.8973	0.7932	0.7086	-0.8304	1.3377	-0.8272	-0.2657	-1.5316	0.6994	1.2619	-0.3205	-0.1527	-0.1941	-0.0403	-1.7396	-0.6897	-0.5581	-1.5330	-0.6447	-0.1881	1.1920	-1.0500	0.3656	0.1201	-1.2401	0.2937	-2.7029	-0.1348	-0.9922	0.9750	-0.6707	0.6791	-0.3778	-3.6068	-2.8813	-1.1003	-0.3506	0.9745	-0.3872	-0.5605	0.2009	-0.0288	-1.6648	-1.1169	-0.0252
-0.0500	-0.4235	-0.5873	-1.1256	1.3819	0.7427	1.6021	1.9778	-0.2350	0.8864	-1.0063	-0.0908	-1.4724	-2.5171	-0.9433	0.9497	-1.2110	-0.3138	-0.6439	0.9049	-0.6645	1.2419	-0.0390	-0.1023	-1.8394	-0.3383	-0.0830	0.3674	-0.8538	-0.3890	0.4233	-1.1167	0.4682	0.2410	1.4851	-1.3640	0.3879	2.3810	1.1802	-0.3208	0.8397	-0.3047	-1.0476	0.3479	0.8939	-0.0034	-0.4602	-2.3267	-0.7146	-1.2001
-0.7187	1.0172	-0.7438	3.0628	-0.3248	-1.6332	0.9361	0.4717	-0.3001	0.2359	-0.8925	-0.5620	-1.6239	1.5690	-0.5991	0.1285	-0.4407	-0.7528	1.7268	1.4756	-1.3945	0.6662	0.6845	-0.3437	0.8412	-1.7584	-0.7727	1.1747	-0.5731	0.9870	0.5128	0.9887	0.7949	1.9910	-1.0214	-2.6254	0.6115	-0.0269	-0.4011	2.3472	1.3223	-1.1404	-1.5984	-0.1374	0.7241	-0.1577	-1.6616	-0.2706	1.2510	0.3958
0.8352	-1.7391	-1.3811	0.4037	-0.0297	0.6028	-2.5476	0.8415	-0.0612	-0.8576	0.4914	-0.1977	1.0385	0.0018	1.0111	-1.7183	0.6115	1.6591	0.6308	-1.8931	0.9287	0.5561	-1.8784	1.1308	0.6329	0.1684	-0.5096	0.9667	2.2452	-0.6209	1.2530	1.6291	0.3915	-0.8327	-1.0694	-1.0378	-0.2282	-1.0359	1.5229	-0.3750	0.3690	-0.2520	1.3251	0.3189	1.6036	2.5983	-0.9772	-0.9761	-0.1337	-1.4165
0.8012	0.0558	-0.2372	-0.9361	-0.0777	-1.3454	-1.2677	-0.5382	-2.0691	0.4689	1.9336	-0.2785	-0.7653	-1.3645	-0.3550	1.1494	0.1470	-1.0154	-1.2896	0.2991	1.8519	-0.5303	-0.2354	-1.2976	-1.2293	-0.6425	0.8538	0.3241	1.5450	0.5407	-0.2779	-0.4362	-0.5087	-0.0402	-0.5394	1.2725	-0.5282	0.1252	-2.0946	0.8948	-2.0128	0.2007	-0.5173	-1.0352	1.1408	-1.0558	0.4629	0.1328	0.4806	-0.3691
-0.7848	-0.0618	-0.7323	1.5488	-1.2520	0.8115	0.9931	1.1671	-0.1806	1.0994	1.7929	0.8569	0.2051	0.5391	1.6449	-0.0594	0.2014	0.6109	0.6786	0.3557	0.5538	0.5848	1.4749	0.4049	0.2920	1.1279	-0.6337	1.0282	-1.2283	1.5316	-0.5298	0.3065	2.4215	0.7933	0.0592	0.6122	-0.7361	-0.5076	-0.1551	0.9839	0.1206	0.0242	0.4175	-0.1097	1.3323	-0.6852	0.4578	0.2234	-0.6096	1.4920
0.7439	0.4226	-0.0496	1.1125	1.4242	-0.4298	-1.0479	-1.1126	0.9486	-0.6026	0.1018	-0.6769	0.2307	-1.1699	0.9763	0.0109	1.1697	-0.4511	-0.1304	2.4001	-0.9665	-1.1687	0.5842	0.8810	-0.4660	-1.1513	-0.7815	-1.7212	0.5512	-0.4094	-1.5342	1.3886	0.6514	-2.3614	-0.7702	-0.0268	-0.1584	-0.7258	0.0140	-0.1588	0.7238	-0.4668	-0.0743	0.2016	-0.8067	0.2548	1.1844	-0.0187	-0.3226	0.4124
-0.6074	-0.0096	-0.6244	1.2833	-1.1935	-0.0323	-0.0921	1.1958	0.0391	0.3596	0.5403	-0.5696	0.5085	-1.4781	0.2340	0.7729	-0.3726	1.5044	-1.3075	-0.7025	-0.2525	1.5791	1.2274	-2.2654	-1.0220	-0.5926	0.8766	-1.2270	0.3422	-0.7421	-0.5999	-0.6364	-0.2426	2.2585	-0.6382	-0.7797	-0.2806	1.2924	0.8749	-0.0315	-0.1598	0.3778	-1.6071	-1.3564	0.1237	0.7437	-0.4859	1.5673	1.5719	-0.6079
-0.1074	0.9871	-0.5731	-0.0921	0.0402	-0.7406	-2.1863	1.8090	-0.9801	-1.2771	-1.4686	-0.6260	-2.1278	-2.3667	-0.7847	0.9938	0.8845	0.1248	0.7359	-0.2692	-0.1018	-0.2276	0.8018	-0.3766	0.9763	-0.8259	0.9216	0.5294	-1.5642	-0.0065	1.9470	-0.5384	-1.2779	1.2736	0.5279	-0.5238	0.8573	0.6439	-0.2787	0.3952	0.8185	-0.4766	-2.5433	0.3697	0.5255	1.8743	0.3530	0.6413	-0.4427	-0.5207
-1.4027	-0.2927	0.3175	-1.1072	-0.3113	-0.8607	0.0956	-0.3814	0.4093	-0.6021	0.8120	-0.6982	-0.6775	0.6084	-0.4269	-0.9111	-1.7859	-0.5123	-1.0620	0.0744	0.8303	-0.8391	1.5340	-1.8938	-2.0395	0.1118	1.7637	1.5863	-1.4237	-1.0482	-0.4126	0.5194	0.4355	0.7949	0.4564	-0.7985	-1.3241	-1.0850	0.7042	1.1139	-0.7915	-0.9918	-0.3906	0.4432	1.0388	0.9034	0.9016	1.8060	0.3033	-0.7684
0.8835	0.8352	0.7590	0.0192	-0.4837	-0.4112	1.0323	0.1778	-0.2973	0.5149	-1.1941	2.6214	-0.6381	0.1842	1.4399	-0.9372	0.6908	-0.8499	0.8834	-0.4292	1.5458	-0.3034	-0.3100	0.6963	0.4896	0.4623	-1.1157	-0.4200	-0.5988	0.2067	-0.4355	-1.1847	0.0689	-1.4870	1.0630	-1.8160	0.2489	0.7282	0.3399	0.7236	-1.1284	0.3720	0.4586	2.5773	-1.0913	-0.6648	-0.3548	-3.4336	0.5178	-0.5336
1.0706	-1.4847	0.1349	-0.5033	-1.1064	0.2899	-0.5897	0.2252	1.1265	0.3642	-0.1824	-0.3097	1.0887	-0.3142	2.4772	0.4284	-1.7474	-2.1764	0.9409	-0.2246	-0.6385	0.9479	-0.6687	-1.1492	1.6790	0.5535	0.0828	2.8799	-1.7826	-0.7179	-1.6820	-1.2214	-1.9851	1.7783	0.7549	-0.1901	0.7621	-0.1020	1.6957	0.3731	2.9659	0.6956	-1.7025	0.3465	0.8626	-0.0925	0.6689	0.8798	1.0794	-0.4403
-0.4309	0.9182	0.7030	0.4338	-1.1859	-0.1013	-1.5973	-0.5421	0.6558	0.4600	0.1889	1.4654	0.5611	0.2929	-1.5517	0.4783	-3.0915	1.0040	0.7901	-0.7586	1.0163	0.0222	0.7293	0.8776	-0.8706	-0.4451	1.6224	-0.7259	0.7266	-0.7144	-1.2725	0.0322	0.3341	-0.0460	0.5288	-1.1897	0.0753	-0.1199	-0.1047	-1.8784	-0.9138	-1.3629	-0.9383	-0.6492	-1.0114	0.4177	-1.0730	-1.1800	-0.1603	-0.1443
1.6269	0.2208	1.8706	-0.7562	1.7397	0.0251	-1.2513	-1.5418	0.9051	1.4846	0.3230	-0.4483	1.4588	1.6044	1.2121	-0.2628	0.0215	0.7457	-0.4590	1.5994	-0.0471	-0.0612	0.6701	-0.9277	-0.8300	0.4387	0.7241	-0.1228	0.4456	-2.2897	-1.0997	-0.3029	1.9725	0.4004	-0.5379	1.0910	0.9445	-0.6884	0.0088	0.0552	-0.5639	0.3438	-1.1513	1.6818	-2.4649	1.7511	-0.9686	1.7448	1.2080	1.3202
0.1757	1.1322	0.8093	-0.9406	-0.3755	-0.5997	-0.0333	0.1513	0.6695	0.0767	0.5938	0.1750	0.0908	-1.1617	0.4637	-1.0589	-0.1279	-0.0945	-1.1714	-0.0125	-0.8595	1.0080	-1.1390	0.7962	0.1480	-0.4854	0.8086	0.0363	-0.4636	0.7675	0.3372	1.5159	-1.5441	-0.6870	0.4665	0.7672	0.5655	-0.1882	1.2890	0.5324	1.3466	1.4488	-1.2316	-1.1477	-0.8214	-0.4920	-0.7809	1.0577	0.3296	1.4408
0.5638	-1.1168	-1.5126	-0.9141	-0.5992	0.4807	0.3437	0.9600	0.7687	-2.1114	0.0987	0.7790	0.1816	0.0003	0.5153	1.1217	0.3686	-1.5711	-0.6424	-0.0412	-2.8067	-0.4582	-0.6422	-0.9936	-0.1034	0.0577	0.2532	-0.2893	-1.6795	-0.2425	1.4308	-0.0507	0.7610	-0.8937	0.5725	0.3667	0.4827	1.9000	1.0214	1.0524	-2.1872	0.1512	0.0233	0.4151	0.8664	-1.0903	0.7951	0.1662	-0.4284	0.8154
-1.1674	-1.3731	-0.5615	-0.8804	0.6891	0.0660	0.5074	0.0497	0.2215	-0.1153	-0.9015	0.5352	-0.5244	-1.7253	0.1186	-0.5160	0.4242	0.3802	-1.1808	0.3326	-0.9292	-0.6247	-1.3045	1.5008	-1.4695	-1.1930	1.0481	-1.2509	-1.1241	2.4070	-0.6273	-0.6920	-1.6098	0.6844	-0.2198	1.3601	0.4135	-1.8586	-0.1837	-0.9732	-0.3843	1.2731	-0.4522	-1.5397	-1.5690	-2.4220	-0.2719	1.4058	-0.4116	-0.0409
1.5165	-1.2170	0.1237	-0.3613	1.3666	-0.2138	-1.8133	-0.7244	-0.8571	0.4709	-0.1101	1.1853	-1.0014	1.4778	-0.6743	0.5656	2.1019	-0.2907	-2.1266	-0.7853	0.4242	0.0839	-0.7585	-0.0578	-1.0492	0.2188	0.2724	-0.9589	-1.2761	-0.4167	-0.4861	-0.3104	-0.7808	-0.3159	0.5921	-1.3449	-0.9636	-0.5042	-0.4670	-0.5031	-1.0695	-0.6101	1.0654	0.3916	-0.4378	0.6535	0.1483	0.0268	-0.3475	-1.3070
-0.5173	0.8786	-1.1244	-0.8529	1.5583	-0.1932	-0.6600	0.0718	-0.3896	1.1096	-0.6146	0.7396	0.9017	1.1792	0.1070	-0.9699	-0.2054	-0.8504	-1.2148	0.8842	-1.3155	1.7436	-0.8076	-0.3558	-0.5691	-0.3238	0.1566	-0.6182	-0.5481	0.4086	-0.7836	0.5915	1.0069	-2.0346	-0.2667	1.2309	0.2172	-0.3409	1.0178	-0.7984	0.4189	0.7557	-0.6873	0.2893	-1.5073	1.4645	-1.6480	0.3292	-0.9601	0.8210
1.1173	1.3176	-1.7049	0.7840	0.3067	-0.9010	-1.3612	1.5151	0.7611	1.0304	0.6304	0.0133	0.1009	0.1475	-1.5817	-0.0984	1.8022	1.3309	-0.7578	-0.4561	1.5950	1.0347	1.6805	-1.4355	0.7042	-0.2687	-1.2163	-1.2563	-0.0199	-0.6704	-0.9819	-0.7410	-0.8210	0.0337	-1.2920	0.2031	-0.5863	-0.5312	0.5586	-0.5960	-0.0242	-1.2649	-0.4035	-0.2014	-0.0300	-1.3246	2.4211	0.3644	-1.1036	2.3068
1.1089	-0.0911	-1.7790	2.3480	0.1257	-0.0743	1.4210	-0.7653	-1.0113	-0.3907	-0.4041	0.4316	0.0738	2.2724	1.3115	-0.0376	-0.9839	0.3035	-2.1340	-0.9678	0.3630	-1.1672	-0.2757	1.2607	-0.2068	-1.8284	-1.2479	1.3625	1.7146	0.9822	-0.0635	-1.1188	-1.2169	-0.6583	-0.5353	-1.3027	0.1977	1.2095	-0.2827	-0.2013	0.0515	1.4202	-0.0792	-0.8096	1.8702	1.1170	0.0138	-0.0530	0.2689	-0.1340
-1.1499	1.8316	0.0313	-0.8059	0.2920	0.8594	1.4398	-1.7541	-0.3512	-0.3312	-0.9200	-0.5565	-0.8186	-1.0785	-0.2392	1.4419	0.7771	1.0488	1.1318	-1.0325	0.8018	1.0721	-0.6993	1.0767	0.0956	1.9498	-0.6651	1.0759	-1.2222	0.7605	2.4570	0.3565	-0.1931	0.8470	-1.3704	-0.0215	0.7578	0.6622	0.0962	-1.5673	0.1046	1.3685	-1.1992	0.4090	-1.1817	1.0986	-0.1481	-0.1504	0.1670	-0.3264
1.6852	-1.2559	0.6364	-0.4582	-0.1612	0.9467	-1.4201	-0.2766	-1.2469	-1.7389	1.0364	0.8247	0.5875	0.3857	-0.4626	-0.0697	0.8205	-0.7438	0.7271	0.3141	0.5706	-0.4680	-0.0667	-0.9931	0.0802	-0.7349	0.4212	-1.0594	1.5701	0.9377	0.1137	0.4486	2.2083	0.5626	0.8003	0.5951	-1.3861	1.2876	0.8575	1.8528	0.6031	-1.0982	1.6007	0.2638	-0.6222	1.2212	0.4989	1.9107	-0.7546	-1.2474
0.1846	-0.4849	-0.1988	0.8617	1.3512	-0.0032	-1.8447	1.1475	-0.4961	1.0134	-0.0781	-2.4799	0.7937	-0.9582	0.4207	0.5914	0.5360	1.2303	2.2249	-1.9545	1.0965	0.7631	0.0020	-0.1908	-1.1735	-0.4281	0.5573	-1.0922	0.0878	-0.6133	1.0970	-0.6067	-0.2577	0.6528	0.9139	0.1123	1.1862	0.0543	0.4573	-0.2066	-1.7520	-0.8904	-0.2912	-0.6774	1.2014	-0.1384	0.9292	-0.8085	-0.1581	-0.9213
1.6604	1.2712	0.6879	0.1068	-0.6420	-1.0696	-1.4137	0.6853	-1.0327	1.6802	-0.3411	-0.5483	1.0402	0.8963	0.7580	-0.0781	1.6347	0.2198	-0.6599	-1.6483	1.7939	-0.0312	-0.4940	-1.1729	-0.5123	1.0852	-1.7083	0.1152	-0.0097	1.1721	0.5338	1.1276	0.1066	0.7932	-1.7927	0.3871	1.7899	0.5395	0.4475	1.0105	-0.0897	-0.9053	1.8994	-0.3041	-1.0999	1.6451	-0.6549	-0.7517	-2.0958	0.1362
0.9991	-0.9723	-0.0986	-0.0751	-0.2638	0.3559	0.0220	0.1444	1.0802	1.7524	-0.4784	0.3023	-0.5055	0.2252	0.3312	-1.0557	0.4650	-0.8809	0.9420	0.9734	0.8633	-2.1133	0.0387	-0.3553	1.8085	-1.8614	0.1500	1.1127	0.2553	-0.8904	-0.8440	0.7006	0.4029	0.6470	0.3703	-1.0834	-1.7723	1.0591	-0.8877	-1.2081	2.5281	-0.0188	-0.5913	-0.2403	-0.8744	-0.6965	0.2934	-1.0148	-1.0530	-0.3000
1.3231	-0.1911	0.9649	-0.6493	1.3589	1.2035	0.0280	-1.8212	1.4528	1.1195	-1.1334	-0.8006	1.5396	-0.3379	0.9450	0.8398	1.9960	-0.8966	0.8902	-0.9938	-0.7556	2.3585	0.4744	-0.7071	-1.4161	1.3697	-0.8187	0.0686	-0.5206	-0.1931	0.8759	0.5715	0.1787	-0.7362	0.7590	-1.3008	0.6760	0.0872	0.6841	0.2462	1.0249	-0.2434	0.9991	-0.6365	0.9206	-0.9177	-0.8630	0.0471	-0.3487	0.7201
-2.2242	-0.2832	0.7700	1.2502	0.5845	-0.6098	-0.5168	0.7189	0.4812	1.1145	-1.1507	-0.1546	-1.3141	0.5641	-1.5546	1.0083	1.1433	-0.1980	0.5193	0.8324	-0.0757	-0.7827	-0.5429	-2.1544	0.3920	-0.5001	-1.4896	0.7541	-1.8729	-0.1751	0.4262	-0.1996	-0.8747	0.5125	-0.8302	0.0941	-0.4795	0.4331	-0.7879	-1.5221	2.3021	1.1723	-0.5114	-0.3196	-0.3498	-0.1859	1.0216	2.4362	-0.3566	1.9131
-1.1923	2.1528	0.5411	-0.5107	-0.4393	0.0769	-1.5312	0.0335	-0.6299	-0.0584	1.0313	0.1830	-0.1875	-1.7434	0.0678	0.7060	-0.0706	-0.0651	-0.4592	-0.4322	-0.8087	-0.9017	0.2722	-0.7780	-0.1212	0.8949	0.1114	2.1524	-0.9733	0.4162	-2.6046	1.8923	0.9913	1.5573	1.2099	0.6001	1.4534	-0.6543	-0.7246	-0.5382	-1.5639	0.4088	-0.0629	0.3936	-1.2323	-1.0310	-0.6286	1.4030	-0.6015	-0.1797
0.4161	0.1875	0.0955	0.8979	-1.3579	0.6871	-0.3644	-0.2321	0.6089	1.9330	1.1966	1.1313	-0.3928	0.4153	1.2984	0.2984	0.1016	-0.7606	-0.5695	-1.4964	0.8471	1.3036	0.0349	-0.1124	0.5865	-0.3875	-0.8856	0.9698	0.6955	0.7573	0.5250	1.0379	1.1108	-1.2490	0.9017	0.6474	-0.6902	0.6058	-0.2235	-1.6993	1.4683	-0.3014	-0.8688	0.4559	0.1883	-1.5819	1.8925	0.7017	-0.5723	-0.8093
1.4862	0.7504	0.6970	-0.3584	-0.7009	-0.3513	-0.7756	0.2281	-0.8794	1.0460	0.2464	0.4442	0.9884	-0.0525	-1.5527	-0.7721	1.5789	-0.0225	0.7313	-1.0981	0.4968	-0.1333	1.0551	-0.5014	0.9707	-1.3682	0.4625	1.6324	0.5126	-1.2924	-0.0212	0.9175	-1.0280	-1.5856	-0.7347	-0.3290	0.2666	0.1860	-0.8516	-0.2076	-1.2062	-1.2957	-0.0949	2.1519	-0.0385	2.2919	1.9811	0.0200	-0.5772	-0.5310
-1.7059	0.9627	-0.0412	0.3382	-0.1061	0.5270	-0.2867	-0.2789	0.0961	1.8586	-0.8109	0.8528	-0.0990	0.3382	-1.3348	-1.1795	-1.1760	-0.9346	3.2677	0.6997	1.2215	-0.0283	1.4301	0.2819	-3.2092	-0.2007	0.5344	-0.5885	1.6047	0.0266	-0.3806	0.5134	-0.7621	-1.5123	0.7420	-0.6512	1.4444	0.3244	0.8195	-1.1900	-1.1571	0.5173	-1.7213	0.1717	1.6986	-0.6386	-0.8916	-1.0230	-0.7435	-1.2059
-0.5663	-0.1228	-0.2658	-0.5054	-0.3855	-0.2949	-1.9257	0.2329	-0.2062	1.9708	-0.0057	0.5371	-0.7702	1.6535	-0.0408	-0.5496	-0.9559	-0.6231	0.2196	-0.1899	-1.2834	1.1217	1.3882	2.1812	-0.9752	-1.5253	-0.2883	1.9260	-0.7178	0.0730	-0.3556	-0.1726	1.1321	0.5306	-2.2117	0.4868	-0.8018	0.1451	-0.3054	0.1032	-0.8459	-0.7666	1.0178	-0.0153	1.9366	0.0217	-0.8431	1.1283	-3.1370	0.8989
0.4683	2.1827	-0.9344	0.4356	-0.1841	-0.9313	1.5505	1.1406	2.2943	-0.8432	3.1402	-0.3170	-0.3142	-2.1056	0.3022	-3.9911	-0.8598	0.6969	0.1901	1.4985	0.1129	1.1176	0.2203	-1.9074	1.0516	1.0218	1.0250	-1.5116	-0.8635	0.3268	0.3979	1.3083	3.0129	0.3209	0.8469	1.4177	-0.2350	-0.0286	-0.2515	-1.1736	-0.0564	1.0767	-0.9071	1.1478	0.1432	1.0860	-0.1825	0.7809	-0.4243	-0.0018
-0.2576	-0.3624	0.9353	-1.0323	0.5104	-1.6374	0.2849	0.9567	1.4507	-0.4106	0.2116	-0.7160	1.4548	-0.3002	-1.7378	-0.3466	0.6194	0.5273	0.1419	-0.0501	1.4182	0.4503	0.1862	0.2943	-0.8560	-1.0621	-0.0629	1.0857	2.2427	-1.0228	1.1022	0.1037	1.2087	-0.0045	0.3974	0.2995	-0.0769	-1.2044	0.4159	0.4208	0.6172	-2.0035	0.0886	-1.1595	1.3033	-0.6539	0.8474	0.1626	1.5646	-0.7970
0.5013	0.7534	-0.1542	0.2548	2.4127	0.3536	-0.1775	-1.2194	-0.3547	0.5845	-1.1384	-1.8855	-0.8584	-0.6135	0.1138	-0.0919	0.1246	1.8710	0.5893	-1.2535	1.4003	-3.2915	-2.0213	0.1764	-0.2359	-0.6208	1.1895	1.4591	-0.9562	-2.8045	0.5755	1.7258	-0.9227	0.5704	-0.7632	-0.8644	0.0756	-1.0754	-0.3775	0.3483	-0.8039	0.7757	-0.9690	-2.2549	-0.0648	0.6909	-0.6717	-2.1926	-0.4278	-1.2275
-1.7358	-0.2073	0.9656	1.3269	-0.8361	-0.9479	-0.5911	-0.2803	-1.6155	-0.3008	0.8598	0.5942	0.6231	-1.8487	-2.3057	1.2814	0.1611	-0.7963	0.3730	1.0030	0.7909	0.6280	-0.9364	0.1900	-0.7080	0.2535	1.6955	-0.4121	1.3938	-0.3384	0.9470	-0.4817	0.6103	-1.1073	-1.3367	0.1390	1.4557	0.2182	0.9689	-0.3547	0.5090	-1.6926	-0.4308	1.1839	0.1983	0.5575	0.8715	1.3103	-0.1795	-0.5144
0.2704	0.7951	0.1591	0.2505	0.3677	-0.4104	0.5800	-0.4269	0.8191	0.4783	-0.5624	-0.5501	-0.0709	2.2239	0.3584	-0.6468	-1.3524	1.2172	-1.3583	0.1703	-0.5576	-0.6547	0.6224	-0.7786	-1.5833	0.2806	-0.0956	0.9096	-1.1323	1.0445	0.6979	1.3768	2.7504	1.0297	-0.3036	0.4168	1.7012	0.2320	0.2888	2.3263	0.6068	2.3301	0.2068	-1.0003	-0.6644	-2.2134	1.9580	-0.5478	0.8708	0.7647
-1.7694	0.5112	-0.2128	-0.4881	-0.4417	-0.1088	0.4676	0.0736	1.4901	0.5667	-0.2653	-0.3431	0.3055	-0.5560	0.2653	1.7191	0.2875	-0.3183	1.0192	1.8512	-2.9897	0.9310	-0.1392	0.7884	-0.3721	0.9273	0.2496	-0.4106	-0.4144	-0.0735	0.4093	1.8086	-2.0512	0.5688	-0.0079	0.7335	-0.9327	-0.8748	-0.1155	-0.8431	0.9390	1.4538	2.1500	0.6596	-1.2136	-0.3909	-0.6171	-0.0609	0.9264	-0.3107
0.4526	-1.7105	0.5008	-0.9703	-0.7673	-0.3308	-0.5781	0.8097	0.6403	-0.6394	-0.0356	0.3933	0.7523	-0.8793	0.1936	-0.9562	-0.5542	-1.2909	0.3432	-0.7367	1.4939	0.4094	-0.4111	-0.4822	0.4428	1.3468	1.0745	0.1906	-2.2749	0.1269	0.4997	0.0096	-0.8198	0.5266	0.9927	0.2228	-0.7784	-0.8886	-0.8910	1.6187	-0.2285	0.2837	0.1628	2.0207	-0.6087	-0.0981	0.1381	-0.6626	-1.2328	0.7675
-1.0470	1.6972	-0.1388	0.1363	0.4001	1.0733	1.5489	1.0881	-0.9550	-0.9174	-0.1678	-0.3029	0.2494	-0.4295	1.0207	0.2045	0.4410	1.4225	-0.3344	-0.0922	0.4425	-1.7085	0.4840	-0.0362	-0.3383	0.4996	0.2524	-2.4486	1.3228	0.2889	0.4528	-0.0543	-0.6263	0.9778	1.0119	-0.3944	-0.3078	-0.1079	-1.6069	0.3793	-0.7350	-1.7668	0.1693	1.7315	-1.1532	1.0093	1.5663	-0.5917	0.8544	0.5837
0.8267	-1.4132	2.5640	0.3292	1.4464	-0.1935	-1.1707	0.6756	0.3106	-0.9324	-0.3921	-0.6543	0.6614	-1.1605	-1.1177	0.1223	-0.6302	2.0756	0.3020	-1.1756	0.4376	0.7747	0.5495	0.5454	-0.4030	-0.5303	1.0391	-0.2769	0.1742	1.0199	-3.2229	0.9830	1.8791	-0.9238	-1.1942	0.3461	-1.2375	-0.7138	-1.6532	0.5959	-0.2067	-0.1923	-0.6681	-0.6131	0.4339	-0.0844	-0.4913	-0.0548	0.0151	-0.1751
-0.4376	2.0883	0.4931	0.6789	-1.2624	-2.2100	1.5706	-1.5827	0.1705	0.2245	0.1407	0.2830	-0.5341	0.4435	-0.7593	-0.0116	-0.8716	-0.2708	-0.2178	1.2793	-0.3695	0.7321	0.6386	0.3910	-1.4602	-0.5276	1.1175	0.5459	0.7155	1.7205	0.4853	-0.4831	-1.1488	-0.4927	-0.2385	0.7360	-1.0234	0.4390	-0.7489	0.9391	0.6143	0.0104	0.6042	0.7550	2.4065	-0.1064	0.7158	0.3445	0.6363	-0.7135
-0.1723	1.2998	0.4741	1.3476	2.2156	0.8075	1.0491	1.9103	1.0611	-0.2004	-0.9448	-0.3928	-0.3103	-0.4649	-0.1158	1.8978	0.6304	-2.1859	1.8580	-0.1596	0.2965	-0.8872	1.0141	-0.2277	2.6964	0.1658	-1.1069	0.0821	-0.4553	0.8354	-0.9971	-0.9153	-0.3950	0.2340	-0.3025	-0.2212	1.8830	-0.3869	0.2336	-0.8519	-0.0494	-0.5235	-0.4343	-0.7302	-0.8053	0.0896	-1.4813	-0.8780	-0.2826	-0.0066
0.0346	0.8659	-1.0541	1.0507	-0.3871	0.1958	-0.9779	0.7844	-0.4487	0.8337	-0.3577	0.4277	0.0021	0.2385	-0.8653	0.2223	2.0530	-0.3439	-0.5808	0.3727	-0.8100	1.4570	-0.6789	-0.2939	1.9464	-0.6733	-0.0810	-1.3356	-0.2649	2.4891	-0.3163	-0.2888	0.7580	-0.0316	-1.1128	-0.1204	1.0994	1.4965	1.5126	0.3751	-0.1378	-1.0746	-0.4526	-1.8526	1.4875	0.5349	-1.0551	0.3700	-1.1424	-2.1700
-0.2466	1.2042	0.6443	0.7980	0.4325	-1.3423	-1.0226	0.8292	-0.3862	-2.3461	-0.2574	-0.8487	-0.2261	-1.5892	-0.1028	0.1442	0.8723	0.8510	0.3023	-0.5736	0.2939	-0.5646	0.2718	-1.0137	-1.3939	-0.8804	1.2094	-0.9994	0.2136	-0.1553	-1.0544	0.8120	1.0094	1.8324	-0.5534	1.5835	-1.7709	0.2891	0.8608	-1.2310	-0.7180	0.6136	1.0905	0.2263	-1.1697	0.0963	0.6592	-0.2520	-0.9602	1.3731
1.0668	-0.7788	0.6341	-0.2997	0.3787	0.9610	0.3130	-0.9281	-0.4348	0.4353	-0.8733	0.4728	-0.3650	-2.6582	-2.6525	-0.0530	-2.8586	-0.5836	0.6941	-0.6344	0.4622	0.3824	-0.0160	-1.2736	1.1075	-2.0560	2.2913	0.3741	-0.0146	0.1267	-0.7001	-2.0722	-1.3356	0.0080	0.1027	1.0173	-0.4554	1.2393	1.2441	-0.0802	-0.0318	1.6193	-0.9028	0.5304	-0.5613	0.2377	-0.5001	2.0083	-2.2444	-0.5620
0.0001	0.4526	-1.3699	-0.0391	0.8497	-1.4303	-1.1625	0.4151	-1.0031	0.9949	-0.5577	-0.2254	0.9746	-0.3469	1.7253	0.9377	0.9276	0.1459	-1.4032	-1.4353	-1.1535	1.5260	-0.6964	0.6704	-0.4102	1.4006	-0.3133	-2.5073	-1.2297	0.5970	-1.1121	-0.4381	0.6605	-1.0338	-1.1685	-0.7957	-0.4707	0.1559	0.7892	-0.8632	1.2621	0.3791	1.1513	0.0736	0.4977	0.8175	0.3242	-0.7502	2.3598	-0.5402
1.1614	-1.3977	-0.2111	-1.5670	0.2862	-0.1916	-0.2960	-1.3482	0.1097	-1.5994	-1.1724	-0.5494	-0.5322	-2.0003	-0.3505	-0.2729	1.0980	-0.6231	-1.1823	0.5540	0.9921	-1.8434	-0.6218	-0.5478	0.6860	0.2048	-2.0299	-2.2204	0.5947	0.2949	-1.4249	0.0890	1.4209	0.3140	-0.7408	-1.0729	-0.9707	-0.6303	0.1984	-0.4002	0.5862	-0.3478	-0.9230	-0.2509	-0.0831	-1.7489	-1.0299	-0.3384	-1.3946	1.4195
-1.3664	-0.5991	-0.0808	0.5077	0.0517	1.1931	-0.9122	-0.0852	0.1176	-0.5354	-3.4114	-1.2786	1.2775	0.4524	0.1933	-0.8079	1.3849	1.1375	0.7547	1.3565	-0.9098	-0.1143	-0.6362	1.2423	0.3537	-0.4647	2.3987	-1.2386	0.9139	0.5282	-0.3003	1.4440	-0.6178	0.6011	-0.7806	0.7567	0.9840	-2.1190	-0.1745	-1.2966	-0.1788	-1.1807	-0.0469	-0.4701	0.5135	0.1944	1.2150	0.9936	-1.0101	1.3552
-0.3511	1.0703	1.6280	0.0486	-1.2578	-0.8910	0.1101	1.0648	-1.5024	-1.0627	0.1993	0.9451	0.5293	-1.2930	-0.1114	-0.7526	1.5710	-1.2726	-2.2677	0.2045	2.5109	0.3562	-1.0288	-0.6888	0.0030	0.3989	-0.0708	0.6041	1.3607	0.6259	0.0066	-0.8029	-1.9347	-0.3386	-0.8804	0.9566	0.5500	0.9444	-0.4343	0.1704	0.5935	-0.2523	2.0452	-0.8062	0.8112	0.6663	-0.2835	0.6115	0.2010	-1.5594
0.7442	-0.5943	0.2827	-0.9256	-0.0711	1.1328	0.0896	-0.0961	1.4133	0.3507	-0.2097	-1.2847	-0.4924	-0.0163	-1.8538	0.4006	0.7106	-0.1429	0.1427	0.8227	0.1515	-0.9622	-0.1055	0.1306	0.6238	-0.7674	-0.6324	1.5812	-0.4920	-0.4086	0.9815	-1.7919	0.7998	-0.8202	-0.3732	-0.2250	0.8015	-2.3743	-0.2637	-1.2794	0.2006	-1.2158	-1.0016	0.9589	-0.6544	-0.9612	-1.0799	-0.2137	2.5127	-0.1666
-0.9668	-1.2718	0.0377	0.5832	0.7184	-1.4554	1.0070	-1.6203	0.6207	-1.2982	0.7485	0.8139	-1.1095	-1.1054	0.8216	0.1291	0.2464	-1.1911	0.3080	1.3163	-1.0832	-1.3635	-0.1581	1.7253	0.5620	0.0867	-1.2448	-0.9106	1.0322	-0.6656	-0.6076	-0.1441	-0.8737	-0.3684	-0.3256	1.2193	-0.7579	-2.2276	1.9127	0.4833	0.7706	0.5822	-1.3187	-0.2296	0.3604	0.8262	-0.4309	-0.1375	0.2434	0.4262
0.8090	2.4579	-0.6750	0.4238	-0.5922	0.0718	-0.7068	-0.0487	-0.4206	0.3847	1.0285	1.3855	-1.2293	-0.7269	-0.6365	-1.1368	0.9243	0.9365	0.4188	-0.0245	0.3426	1.3385	0.0497	0.3378	1.9455	-0.3055	-0.2012	-0.4534	1.1262	0.0334	-0.7983	0.6287	-0.9489	0.5431	0.8355	1.4723	1.5331	-0.9627	-1.2550	0.2122	0.2996	0.4823	-1.3057	0.4807	0.2670	0.2024	1.2688	0.8266	-0.3145	-0.3379
-0.7545	-0.5407	-0.5015	-1.3203	-0.1194	0.5182	0.4834	0.4483	0.0313	-2.1795	-0.0944	1.4243	-0.8606	1.1852	0.5734	0.1894	0.4459	-0.2918	0.6912	1.2715	-1.6093	-2.1304	-0.4232	-0.3142	0.4406	-0.5910	0.8459	1.2104	0.0469	0.1044	0.7475	0.9855	0.8062	1.0873	-0.3438	-0.1676	-0.2925	1.1603	-0.1495	-1.3102	0.6830	-0.2448	-0.6401	-1.0536	0.2453	-1.2638	-1.6747	-0.2416	-0.0254	-0.5096
-0.5521	0.1549	1.2546	1.1460	0.5136	0.9475	0.3581	-0.7944	-0.6514	-1.0038	0.1870	0.3161	-1.2843	-0.4305	-1.6609	0.0645	-1.3507	0.8724	-0.8105	1.0597	-1.3164	-0.4795	-2.2630	-1.6070	1.1540	1.2449	-1.0079	-1.8471	0.3512	0.3417	0.7089	0.3696	-0.4235	0.0986	0.5848	1.7413	1.6627	0.9821	-2.0754	-1.1120	0.4120	-0.6990	-1.2196	1.3349	1.1569	-1.1379	-0.6269	-0.0205	-0.0007	1.3879
-0.5262	-1.0943	-1.0048	-0.5060	-1.2050	1.1831	-0.6515	2.3032	0.2687	0.1662	0.3387	1.0476	-0.0260	0.0084	-0.4192	-1.3742	0.6826	-1.5831	-0.8959	-0.6687	0.7847	-0.6969	-0.2842	-1.3628	1.5395	2.0211	-0.1575	1.2621	-1.4041	1.8082	0.1414	0.1895	-1.5679	-0.8964	-0.0748	1.6428	1.3292	-0.2026	0.5074	1.3665	0.2169	-0.9810	-0.0081	1.8740	-0.3416	-0.0654	-1.2179	-1.0112	0.2801	0.4387
1.0046	-0.3852	0.9979	-1.6124	-1.3539	-0.4263	0.7957	-0.4846	0.9038	-1.3512	1.9279	0.2747	1.8006	0.5484	-0.4521	-1.2656	-1.2099	-1.3063	-0.6940	1.1911	-0.4625	-0.7828	0.5155	0.1317	-0.1650	-0.3481	-0.9093	0.0434	-0.2316	1.2042	0.1000	-0.6404	-0.4821	-0.4935	2.3148	-1.9885	-1.3613	-1.1161	0.8892	1.3837	1.6887	0.2519	-0.7634	0.0019	-0.4659	-0.5577	-0.5679	-0.7248	0.7676	-1.7219
0.3906	1.4718	0.3672	-1.6229	1.6084	0.8317	-0.7996	-0.5939	0.3087	0.8377	0.6493	-0.3989	-0.7855	0.6239	-0.0208	-1.2296	-0.0346	-0.6226	-1.6938	-0.7074	1.3238	-1.8126	2.1490	-0.6512	-0.9493	0.9819	0.2315	-0.1848	0.8374	-0.7441	0.0818	1.0959	1.5643	0.2312	-1.0668	-0.5923	0.4231	-0.0287	-0.1447	-0.5934	-0.2934	0.7797	-0.9508	-0.7906	0.0489	-1.0960	-1.3907	2.3528	-2.1884	-0.4770
-0.3584	-0.1126	-0.3498	-1.8040	0.9920	-0.4561	-0.6361	0.1741	0.1365	-0.6333	-0.6382	-0.2161	0.9997	0.0812	1.9537	-0.7046	0.6057	0.3663	1.6506	0.2861	-0.1943	-1.2517	1.9807	-1.4133	-0.8144	-0.4121	1.3757	-0.8168	0.6877	-0.4909	1.8609	0.1589	0.9448	0.4898	0.4314	0.1503	0.2979	-0.3895	-0.9688	1.0857	2.4751	-0.2924	0.0635	-1.5763	-0.9719	1.3420	0.2931	-1.5673	0.6203	-0.0423
-1.2983	1.9294	2.6674	-1.1003	0.6964	-0.3493	0.9088	0.3202	-0.9022	-1.2332	-0.9858	-0.1593	0.3881	2.2786	1.0344	0.8021	-0.5060	0.0220	0.0059	1.5857	-2.0082	0.2870	0.4494	-0.6111	-0.1680	0.5567	0.4510	0.7856	0.0511	0.6836	1.3865	1.1317	-0.2723	-0.7722	0.4756	0.6609	-0.2471	1.0358	1.1839	-0.9666	0.2200	2.3110	1.6694	0.2939	0.8587	1.3607	-1.0012	-1.5010	0.4524	-0.7936
1.7404	0.5529	0.7886	-0.3316	-0.0978	0.4729	-2.0620	0.5153	0.3980	-1.6285	-0.5562	0.9727	1.6275	-1.1204	-0.9159	-0.8194	-0.5040	1.2573	1.0069	-0.5174	1.6287	0.9090	-0.5292	-0.9224	0.0436	0.7943	-0.8088	0.6292	1.8185	0.4694	0.3220	-1.4506	-0.6257	1.2268	1.4863	0.8718	-1.4351	1.1529	0.9163	0.3936	0.7059	-0.0871	-1.5780	-0.3514	-0.0291	-0.9317	-1.3531	0.6834	-1.5158	0.8494
-0.3520	-1.5536	-1.3917	0.1113	0.6316	0.3117	-0.9188	0.2642	-0.5401	0.4129	1.0665	0.1081	0.0046	-1.7519	1.2903	-0.1981	-0.3538	0.4401	-0.7153	0.4748	-0.9706	-1.6243	0.6962	-0.2980	-1.5201	0.8391	-0.1975	-0.6089	-2.0450	1.8744	0.4181	0.4692	0.9689	0.4367	-0.7872	0.6178	0.4887	-0.6636	-0.2464	0.1547	0.0874	0.5090	2.5754	1.7892	0.9937	-1.6144	0.9174	0.6578	1.9839	-0.9840
0.1574	-1.5788	0.2223	1.8959	-0.0032	-0.7637	0.7687	-2.6547	-0.1433	-0.3687	-0.4626	-2.1265	-0.7875	1.0635	0.0631	0.3875	-0.9611	-1.1906	0.5648	0.3413	1.2577	-1.7292	0.1505	-0.5272	0.2951	0.9710	-0.9499	-0.0833	-1.2086	0.3636	-1.3065	3.0208	-0.1117	0.3880	0.8902	0.2132	-0.9599	0.0953	0.0199	-0.1454	-0.7387	1.1652	1.2587	0.1792	-0.0697	0.2854	-0.5909	0.5291	0.2244	-0.7194
-0.6851	-0.4130	-1.2269	0.1590	-0.8161	-0.6795	0.2078	-0.3347	-0.2365	1.5430	-0.8911	-0.2383	-1.6509	-1.6838	0.6528	3.0327	-0.2584	-0.7462	-0.6912	1.7375	0.3769	0.8092	-0.1804	0.1866	2.2109	1.0364	0.5105	1.5671	1.9288	0.3015	-0.3672	0.9254	1.8933	1.8367	-1.1227	-1.7548	-0.1425	-0.3634	1.4574	1.1093	0.5028	0.3117	0.3996	1.6953	-0.9962	-0.8016	-0.6270	0.0073	-2.1092	-1.8520
0.1573	0.1090	0.2132	0.8362	-0.4957	0.4689	0.3968	-1.2943	-0.0880	-0.2334	1.8681	-0.9727	-0.1007	-0.8516	-0.0796	-0.6256	0.2068	0.0420	1.4888	0.3458	-1.1331	0.8828	-0.3979	-0.1026	0.0199	0.5821	1.2323	0.3801	-1.1506	0.1577	0.3177	-0.4425	-0.4904	0.6627	0.0304	1.0120	1.4520	-0.4402	-0.8856	0.8883	1.2237	-1.5679	-2.5942	-0.2322	1.8407	1.8160	0.5064	0.2692	0.9478	-0.6934
-0.7759	-0.6605	-1.1524	0.1325	-0.9288	-0.0795	0.0771	-0.5201	-2.7942	-1.7222	-1.5483	0.0285	1.1217	0.2139	-1.4961	0.5843	-0.8464	-0.2034	0.6361	-0.6044	0.4099	1.1368	-0.3132	-0.0920	-0.6232	-1.2660	-0.5119	-0.6066	-0.1484	1.1403	-1.3508	0.2248	0.4247	-1.1597	-1.4764	1.5406	1.0629	0.5242	0.4304	0.3861	-0.1915	-0.3400	-1.1388	-0.2366	0.1733	0.0563	-0.8570	1.1178	1.4370	0.9904
-1.2831	0.1315	1.2008	-1.5420	0.8132	-0.8184	-0.6595	0.5613	-1.3478	-1.1542	1.3484	0.9529	1.2798	0.7208	0.0658	-0.2697	0.8411	0.1954	-1.3191	0.1928	-1.1613	0.1110	-3.2195	0.9302	0.1004	0.5664	-0.1041	-0.1190	-1.3080	-1.5296	-0.9694	0.6427	-0.3950	0.4154	-1.3423	1.2112	-1.6042	-1.6637	1.4853	-0.0574	-0.4619	0.4200	1.7663	0.1051	0.8484	0.4369	-0.5263	-0.6213	-1.3295	0.7928
-0.4926	0.1556	1.3646	0.3216	0.4831	1.2231	-1.0394	-0.4501	1.1385	-0.0084	1.0129	-0.9896	-1.0104	0.1054	-0.6387	-0.0816	-2.1306	-0.2346	-2.2512	-0.1595	0.1431	0.1155	0.9690	3.0829	-0.1282	-0.8944	1.0916	-1.6074	-0.3954	-0.1256	0.6087	-0.6257	0.8505	0.2313	0.9700	0.2653	1.0170	-1.6682	0.7108	-0.1162	-0.7126	-0.8193	-0.7881	1.2941	2.2509	-0.1274	-0.9320	-0.7727	-0.6300	-0.9686
-0.4119	-0.0491	0.8720	1.6994	0.5104	0.2329	0.7486	-0.0817	-0.4756	0.7316	0.0330	-1.5144	-1.4848	-0.2465	0.8307	-0.6261	0.9279	-0.5882	1.5402	0.3080	0.2570	0.1856	-0.6904	0.8123	0.7205	0.6208	1.1229	0.5767	-0.1639	0.6569	0.5070	-0.1845	1.2097	-0.1430	0.1644	-2.2630	0.4907	0.5120	-0.2861	0.2465	1.5062	-0.6724	-0.9959	0.1685	0.1282	-0.3296	1.0441	0.6621	0.2556	0.4446
0.6234	1.2091	1.5066	0.8365	-1.4667	0.1323	-0.4954	0.7015	-0.1673	-1.2103	-0.5511	-0.2104	-0.1848	1.0029	0.6426	0.9641	-1.4162	-0.9229	0.5282	1.4959	-1.6652	-1.1603	-0.7677	0.0879	1.8307	0.0084	-0.3415	1.2828	1.9593	-0.9871	0.1339	-1.1534	0.9091	-1.6412	-0.5285	0.1440	0.3955	-0.8819	-0.2092	0.0365	-0.1548	-1.9984	0.4489	-0.6821	-0.3493	0.5916	1.9084	0.1726	0.2670	1.3438


