
X1	X2	X3	X4	X5	X6	X7	X8	X9	X10	X11	X12	X13	X14	X15	X16	X17	X18	X19	X20	X21	X22	X23	X24	X25	X26	X27	X28	X29	X30	X31	X32	X33	X34	X35	X36	X37	X38	X39	X40	X41	X42	X43	X44	X45	X46	X47	X48	X49	X50
0.1520	-0.9214	1.3061	0.4811	-0.9331	-0.4169	-0.1422	1.3330	-0.7005	0.2528	-0.1102	0.8940	0.9021	2.0547	1.0456	-1.5283	0.5673	-1.9073	0.9587	-0.4675	-0.4568	-0.3436	-0.7804	-1.0097	-0.7184	-1.2066	-0.1553	0.8736	0.2217	1.1057	-0.8092	-0.1491	0.4674	0.6255	0.6800	0.4983	1.7912	-0.2408	0.6057	0.9173	-0.8361	0.4480	-1.1932	-0.3830	0.5700	-1.0769	-2.5958	-0.9686	-1.8405	1.8021
-1.4241	0.5674	0.3614	-0.4873	-1.6648	0.2160	-0.5331	0.0716	0.4233	-2.3763	-0.3457	0.3757	1.1829	-1.4345	-0.5666	-0.1932	-0.8375	0.8589	0.0049	-0.2251	0.0731	-0.1209	-1.6984	0.5285	-0.3379	0.2472	0.5029	-0.8598	0.9592	-0.1611	0.1086	-0.3486	-0.7019	0.4362	-0.2932	1.4265	-1.4926	0.2073	-1.4559	-0.4754	0.6101	0.3165	-0.9802	1.3862	-0.3929	0.8186	-0.2376	-0.3126	0.1430	-0.1514
-0.9090	-0.8694	-1.8453	-2.1700	-0.0886	-1.0538	-0.7631	-0.5980	0.1380	-0.0383	-1.0229	0.3746	-0.6682	0.7937	0.2811	0.5208	-0.0023	-1.7414	0.2172	-1.1617	0.7146	0.7286	-0.7078	0.3084	0.6079	-0.6507	-0.2401	-1.4184	-0.2875	-0.1744	1.0690	-0.8591	-0.0237	-1.2552	-0.9224	0.9221	0.2082	-1.7034	0.2666	-0.6978	-0.4082	0.3872	1.2262	1.0031	-0.3144	0.3673	0.8539	0.9589	0.3567	0.1844
-1.3206	-0.3376	-0.2655	-0.3821	-0.9713	0.6377	0.4947	-0.1325	0.0009	0.4736	0.9813	-0.9493	-0.8255	-1.0659	0.2337	0.9562	-0.4260	-0.3416	0.4937	-0.5976	-1.4264	-0.2210	-1.4138	-1.4527	0.2993	1.1416	1.9724	0.6684	1.0536	0.5125	0.8552	0.0020	0.0574	0.6777	-0.4280	-1.6981	1.0162	-1.1918	0.1480	0.6930	0.3150	0.8606	-0.5723	0.5387	-0.8355	-0.0753	0.1014	-1.1380	-0.6959	-0.9606
-0.7416	-0.7222	-0.0334	0.9944	0.1021	-0.4930	-0.8136	-0.0290	2.0384	0.8637	-0.8858	1.3252	2.1266	-0.6736	-0.1501	-1.4637	0.0542	2.1671	0.9001	0.2434	0.1444	0.7999	1.1519	0.8488	0.3545	1.3286	0.9238	0.7130	-0.1865	0.4707	-2.2308	0.8535	-0.5426	-0.1028	-1.6804	2.3805	1.2188	1.1201	-1.1719	-0.4905	1.5253	0.5007	-0.0183	-0.5565	-0.7232	-0.2996	1.0174	-0.7415	-0.8373	1.4983
-0.4761	-0.4230	0.4879	0.2483	-0.0474	1.3352	0.2205	1.0250	0.1968	0.0946	1.1210	-1.6573	0.2798	-1.2977	-0.0240	-1.5708	0.0488	0.6727	-2.4045	0.0106	1.2406	-0.1300	-0.3280	-0.1443	-0.7533	0.0565	-0.6859	1.5559	-1.5803	-0.2823	0.3396	-1.5732	0.0229	-0.8849	-0.1808	0.5341	0.6156	-0.2221	-1.0484	0.1683	0.2603	0.3853	-0.0540	-1.4092	-0.1845	0.7129	-0.6240	-1.3733	0.3556	-0.0469
-0.6254	-0.3902	-0.8152	-2.3056	0.8000	1.3771	-0.2411	-0.9459	0.6089	-0.6364	-1.3584	-0.8916	-0.0206	-2.2968	0.8434	0.1593	0.0889	0.6016	0.7245	1.3575	-0.7170	0.9061	-0.6307	-0.9000	-0.9971	1.4024	0.0922	0.3183	0.3977	0.2223	-0.1011	-2.0666	-0.3174	-0.4089	0.5642	0.7866	-1.1230	-2.2831	-0.1784	2.0374	0.6573	-0.0806	-1.3369	-0.5385	-0.3775	-0.4270	0.8029	0.5354	0.2103	-0.0761
0.7675	-1.5122	-1.2327	0.0154	-1.4354	0.8498	0.4369	0.6030	1.7347	0.3835	0.0628	0.5775	0.4518	0.6801	-0.0224	-0.1907	0.5488	-0.2832	-0.4722	-0.1983	-1.6289	-0.6114	-1.7179	1.4593	1.2191	-0.0762	0.5853	-1.0103	0.0990	2.2579	1.2520	0.2383	-0.7285	0.2885	0.1679	-0.4227	0.3332	0.5290	0.2606	-0.0627	-0.7268	1.1052	1.6890	-2.3660	0.1883	0.5961	0.5172	-0.1743	-1.2263	1.7329
-0.0733	1.0763	-0.2036	-2.4147	0.4931	-0.7834	-0.4498	1.5064	-0.7098	1.7716	0.3573	-2.5609	-1.9045	1.0252	1.2049	-1.4341	0.0549	2.1247	-0.0020	-1.0207	0.2466	-0.3361	1.5422	0.2142	-0.0291	-0.0990	-0.7582	0.3788	0.6734	0.0799	-0.4920	-1.5163	0.8539	0.2357	0.3337	-1.9402	-1.9666	0.6515	-0.7064	1.0805	0.4996	-0.3458	-0.3408	0.3580	0.6754	0.6896	-0.2400	-0.9597	-0.8553	0.7734
-0.6798	-1.2113	0.4838	1.2953	0.6262	1.0310	-1.2837	-0.6484	-2.0067	0.4703	-1.9220	0.0480	0.3300	0.7084	1.1269	-0.1481	-0.1100	-1.4968	-1.4444	0.3519	-0.2736	-0.2437	-1.5436	1.0537	-0.8028	-2.1045	-0.3089	-0.3464	-1.4345	-0.1665	0.2153	0.1766	-0.3649	0.5790	-1.1726	0.4072	0.9460	-0.7704	-1.1746	0.5037	-0.1659	-0.6428	0.0510	-0.7257	-0.1855	-0.3674	-0.5253	-0.1302	0.4448	0.9245
0.6390	-1.0556	0.8571	-0.5849	-1.5087	-0.3300	-2.2924	-0.5973	0.5120	-0.8974	-1.4022	-1.2310	-0.6301	-0.4851	0.5055	0.4164	-0.5419	-0.0506	0.2059	-0.8184	-0.4069	0.3648	-1.2671	0.3918	0.3975	0.9881	0.9696	-0.9098	0.9640	0.6997	0.2846	-0.5060	-0.6307	0.7647	-0.6743	-1.2778	-1.7355	1.6060	-0.2358	0.7863	-0.0224	-0.0896	2.0170	-0.3163	0.5733	1.2383	0.1451	0.3132	-0.3983	-0.2503
-0.6358	-0.3067	-1.6980	1.3882	-1.3240	-0.2563	0.3411	-0.5417	-0.0288	-0.1679	1.4821	-0.7798	-0.1135	1.2798	1.3824	-1.7103	-0.2878	0.3685	0.4547	-0.1964	0.0308	-0.3749	0.3372	-0.4802	0.0579	1.1949	-0.5836	0.8429	0.9553	0.0380	0.6293	0.9162	2.3741	0.5459	-0.6693	0.5784	-0.0076	1.0721	-1.5928	0.8247	1.9434	-0.7190	-0.9070	0.4496	0.0556	-0.6798	1.0140	-0.3942	-0.6854	0.4722
-0.2945	0.1264	0.7135	0.7314	-1.4629	0.7413	1.1860	0.2995	-1.5030	-0.2667	-1.1966	-0.3242	2.1138	1.0863	-0.4321	0.0047	0.5105	-0.5552	0.2494	-0.5185	-0.6281	-0.2852	-0.6321	-0.8423	0.0430	1.0318	-0.0251	-0.4722	1.8623	-1.4678	0.4025	0.8901	-0.0748	-0.6712	-0.6316	1.1749	-0.2697	-0.7437	1.1126	-2.1519	-2.1804	1.5471	-0.2900	0.5216	-0.3746	0.8945	0.9173	0.4691	-0.4892	1.4421
2.6432	0.2698	-0.1914	1.1470	2.0860	1.0728	0.5503	0.7596	-0.8325	1.7074	-0.7794	-0.5408	0.3970	-0.3178	-1.1934	0.1549	0.1369	-0.7161	0.8031	0.3063	-1.5581	-0.1478	0.9859	0.0935	0.2490	1.4101	1.1768	0.9200	0.6823	-0.8312	-1.4716	0.0228	-0.8803	0.8577	-1.1985	-1.7370	0.0489	0.1695	-0.9137	-0.6218	0.5418	-0.9539	0.1237	-0.4540	-0.6489	0.4713	0.3492	-1.0772	0.9084	-0.1518
-1.2195	0.3970	-0.0699	-1.2886	0.7607	1.6940	-1.1782	-0.4376	-1.2172	1.1612	1.2311	0.1177	0.3434	0.3382	0.9678	-1.1890	-1.3130	-0.1123	-0.3010	-1.5821	-0.3842	0.9918	0.6119	0.0704	1.3727	-0.6146	0.0780	0.4515	0.2550	-0.6777	-0.8820	-0.9273	0.0692	0.5121	0.8147	-0.2987	-0.0493	0.0074	0.2176	-1.7834	0.5734	-1.5935	1.4356	1.2925	-0.0194	1.6473	1.7284	0.7952	0.5610	0.3044
0.5467	0.5243	0.7334	-1.4249	-1.0839	0.5605	1.2609	2.0065	0.4341	-1.2950	0.0416	1.5443	1.7824	0.1861	-0.9612	0.4769	-1.0718	0.5424	0.5503	-1.9687	0.8337	0.2564	-0.6986	0.3287	-0.2295	0.7346	1.9962	-0.0832	0.3118	1.7654	0.3056	-0.3471	0.6031	-0.0621	0.0285	0.4261	0.5203	0.4279	0.3838	1.0638	0.2789	1.2246	-0.0151	0.6216	-0.6386	1.4275	-0.2178	0.0646	0.7855	1.2137
1.3292	-0.2810	1.9013	-0.8088	-0.0129	1.4435	-1.0340	0.5077	-0.7740	-0.0408	-2.1661	0.1746	0.7540	1.2214	-1.1163	0.3391	0.8059	-1.3801	0.5087	0.2013	1.1809	0.1118	-0.7322	-0.8904	0.0362	1.2106	-0.1573	1.2700	2.3754	0.2821	0.3179	1.3832	0.0554	0.9625	-0.1067	0.1536	-1.7605	0.1994	-1.0484	-0.4294	-0.5768	-0.5597	-1.4277	2.0054	-0.0218	-0.1986	-0.7986	-0.4700	0.6156	0.7216
0.5657	0.2025	-0.5894	0.0409	-2.7213	-0.0818	0.7315	-0.3012	-1.1794	-0.4362	-1.1205	-0.1753	1.7664	-0.0499	-0.6240	-1.6966	0.6934	-0.7106	0.9413	-0.1916	-0.9576	0.0915	1.6351	0.5347	-0.5975	-0.6540	1.0662	-0.7081	-0.5337	-1.2718	0.4898	-0.1580	0.2613	2.0944	1.5332	-0.2707	0.4277	0.0564	2.2144	-1.2587	0.9478	-0.0559	-0.3202	0.6364	1.8550	0.3207	-0.7212	-0.9944	-2.1375	1.6350
-1.2853	-0.4360	0.0111	1.2273	0.5773	-1.2745	0.5770	0.1944	0.4049	1.8242	-0.3558	1.5973	1.6526	-1.9569	0.1749	-1.0881	0.3772	1.3202	1.4142	-1.1269	1.2994	-0.4133	0.0200	-0.1971	0.4498	1.3231	-1.1934	0.5065	0.9947	-0.9168	0.0206	-0.4772	0.6181	1.5685	-0.2298	0.0230	-0.2643	0.6926	-1.0719	-1.0713	-1.8491	0.4526	1.5553	-1.4287	0.2868	-0.4530	-1.0514	0.2473	-0.0591	0.4842
2.4307	-0.8151	0.7431	-0.3792	0.4055	1.4747	0.8783	0.0599	-0.3930	1.6574	-0.1883	1.5294	-1.0469	-0.8786	1.1041	1.3597	-0.5305	0.9717	-1.2203	-0.9676	0.5358	-0.0120	1.0922	2.4381	-0.7199	-1.2026	-1.5885	0.3300	-0.9593	-0.5887	0.2535	-1.7728	-0.0736	-1.2856	0.3126	0.3454	-0.1338	0.4851	-1.3681	-0.9253	-1.4326	-0.0521	1.5137	0.2505	1.0938	-0.1427	-3.0153	-0.1033	0.4108	0.1536
-0.2618	0.0499	0.2107	0.2011	-0.8996	-0.6097	0.4391	-0.0612	0.9147	0.2482	0.3982	0.5268	1.1634	0.2441	0.9136	-0.3748	-0.1146	0.7643	-0.2743	-0.6794	-2.1363	1.0636	-0.0623	0.9330	-0.5219	1.9320	-1.1330	0.4721	-1.5845	0.9723	2.1924	-1.6038	-0.7092	-0.2820	0.3761	-0.6143	0.1805	0.9202	0.6400	-0.9774	-0.8129	0.2006	0.1932	-0.5262	-1.4384	-2.2973	0.4254	1.2665	-0.1777	-0.5478
0.7739	1.2817	-0.9592	-0.3743	-0.8828	1.8116	2.4831	1.0759	0.6389	-0.8661	-1.5366	-0.7367	-0.3514	0.4788	-0.8765	1.2199	0.1653	-1.3702	-0.4710	-0.1225	1.3218	0.4327	0.9192	-0.8020	-0.3373	-0.7760	0.1582	0.4605	-0.4239	0.4589	0.0847	0.9589	-0.8475	0.8205	0.8456	0.7148	0.1854	1.0013	-1.4507	1.1036	0.5720	0.5582	-0.8175	1.7473	-0.3636	-1.4203	-0.2902	-1.7207	-0.1419	-0.8429
-1.1575	-0.1879	-0.5736	0.2138	-0.0485	-2.5369	1.1075	0.3587	-2.1613	-1.2116	1.1243	0.8084	0.3960	-1.4180	0.5961	-0.6232	1.6169	-0.3887	1.4030	-1.3824	1.4512	-1.0638	0.1182	0.0343	-0.6956	0.7943	0.8675	1.9048	-0.2276	0.6516	0.3456	-0.8451	-0.2517	0.9205	-0.1930	-0.3560	-0.5186	-0.6267	1.0488	-0.5259	2.3784	0.5601	-0.9209	0.9281	0.1536	-0.1273	-0.5741	-0.3592	-0.3597	-0.3829
2.6517	0.7218	0.7779	-0.3620	-0.6817	0.8598	0.5397	-1.5997	-0.4942	2.1620	0.3146	-0.4559	1.0046	1.9057	0.8987	0.5317	0.4003	0.5920	-0.3482	-0.1988	-1.1441	-0.1989	0.8093	-0.8369	-1.8154	0.2036	-0.2114	0.7864	1.2414	1.2289	0.5263	0.0921	-0.9313	0.6498	0.8247	0.2945	0.2088	0.7603	-2.6619	0.8052	1.0177	1.7708	1.0883	-1.0844	1.6102	0.4521	0.0686	0.3896	0.7248	-1.0321
0.7694	-0.3156	-0.2064	0.1852	-0.7673	0.1731	0.0735	0.7594	0.7627	1.9365	0.8570	0.0954	-1.2164	0.7320	0.2322	0.9543	-0.9179	2.5956	0.9175	0.3498	0.9013	-0.0174	1.9630	0.1885	-0.5128	-1.2740	0.2584	-0.2136	0.9890	-0.1538	-0.7533	1.0850	0.0282	-1.9964	0.0919	2.5086	-2.0706	0.5197	-0.2369	-1.0681	0.0417	0.3705	-0.5012	0.0708	-0.9616	0.7070	1.0564	2.1940	0.5222	-0.5139
0.1505	-0.2854	1.4816	1.4531	1.3479	-1.7225	-0.0956	1.3087	-0.5042	0.2703	0.3427	-0.0104	-1.2551	0.4458	-0.6469	-0.1847	0.6114	0.5212	-1.3474	0.0889	-0.1206	0.9085	2.2088	-1.0351	1.0738	1.3793	-0.3810	1.0862	-1.7758	0.6926	0.6623	0.9020	1.3198	1.9549	0.7640	0.6325	-1.0847	-0.5845	-1.0908	-1.1257	-0.2905	-0.2003	-0.1708	-0.2233	-0.2318	-0.4063	0.7601	-0.8408	0.1061	-0.0979
0.5349	-0.3011	-1.7569	-0.2822	-1.4552	-0.1519	-0.1035	1.5582	0.0312	0.0835	1.0130	0.3006	1.0493	-1.4921	-0.5036	-2.0962	0.6456	1.3814	0.3544	0.2213	0.1566	0.6268	0.9530	0.2909	-0.4611	-0.3133	0.6915	-1.0269	0.1367	-1.2415	0.8221	-1.1341	0.0011	0.5706	0.4875	1.3436	1.2043	-2.1914	-0.0254	-0.1055	0.7496	-0.8910	-0.1776	-0.6656	0.4496	-1.2627	-1.6455	1.4923	1.3703	-0.2914
-1.2642	-1.2937	-1.2320	0.1028	1.7961	-0.3104	-0.3351	-1.7137	0.2293	0.2299	0.6251	-1.7079	0.3139	-0.1408	-0.8947	-0.4639	0.2825	-0.4058	0.8531	-1.4725	-0.2294	0.9828	-0.1259	-0.0360	-1.5273	1.4078	-1.3466	-1.4747	0.0442	-0.0404	0.9700	1.9698	-1.2299	0.8707	-1.7347	0.2499	-0.8851	0.4695	-1.3568	0.0228	-0.4195	2.5645	0.4531	1.7413	1.4138	-0.8955	0.4143	-0.7463	-1.0068	-0.0094
-0.6339	-1.4078	0.6498	0.1902	-0.5103	-0.3647	1.5114	-1.2748	-1.8793	-0.2576	0.4413	0.6132	0.1492	0.8005	0.1838	-1.2045	-1.7410	0.1692	1.5369	1.0179	-1.1046	0.0935	0.4287	-0.2649	-1.3311	0.2957	1.1211	-0.6559	-0.3911	0.3205	-0.8688	0.3788	-0.5941	1.6856	0.6758	0.4594	-0.1703	1.8248	-0.1691	-0.9751	-1.0292	1.1675	0.6815	0.4315	-0.0860	-1.8090	1.7359	-0.4533	0.3305	-0.9219
1.6434	-0.6387	1.4854	0.0221	-0.9632	0.7910	-0.2875	-0.4320	0.9592	-1.2776	-0.5229	-0.7345	0.1303	-0.9535	1.1467	-0.7392	-0.1477	0.1713	-0.4561	1.5806	-0.9389	0.0551	-0.9690	-1.4540	1.2985	0.3248	-0.4985	-2.3674	-1.8012	-0.1561	-0.7926	-0.7613	0.4774	0.1523	0.4766	0.1280	0.5714	-0.6138	0.6184	0.5346	-0.5882	0.0589	0.4814	-0.2348	-0.3327	-1.1150	-1.0293	-0.8166	-0.6041	0.5274
0.1195	-0.9048	0.7314	1.4990	0.4819	0.8838	-0.2758	-0.9031	1.5623	-1.0875	-0.1470	0.3779	0.8133	0.3921	-0.6909	0.3162	-0.3440	1.5269	1.5826	-1.9879	0.0074	-0.0290	0.5832	0.4256	-1.1288	-0.3723	0.6052	-0.8165	0.9734	-0.3013	-0.7728	-1.5023	-0.6055	0.8481	-0.8245	2.1709	-0.9024	0.3697	0.8820	-0.1650	-0.3857	0.9586	1.1347	-0.8290	-0.2225	1.0109	-0.8975	0.1230	0.2606	-0.7584
0.5447	-0.6342	0.9245	0.4403	-0.5426	-1.0341	-0.6102	0.9045	0.7482	1.7599	1.6894	-2.9360	-0.8053	2.3109	0.9362	0.0480	1.0035	-1.0638	-0.7274	0.1906	0.7306	-0.4985	1.0927	-0.1507	-1.3291	1.8223	0.4867	-0.1493	1.2401	0.8751	0.5791	-0.1540	-1.1183	-1.1712	-0.1181	0.3595	0.6228	0.5155	-0.0949	0.2991	1.5982	0.6985	2.3953	-2.0405	-0.9717	-1.3487	0.1296	-0.7298	0.3081	0.2088
1.7633	1.5152	0.0301	-0.3358	0.4384	-0.7368	-0.2001	-0.1435	-1.1123	0.9842	2.5533	-1.5407	-0.2679	-0.0871	-0.4885	0.9574	0.2589	0.4010	0.7559	-0.9761	-0.1375	2.0671	-0.6840	1.4469	-0.1330	-0.2074	-0.2511	1.9417	1.1533	-0.9895	-0.3493	-0.0810	-0.2827	0.1119	-1.7333	1.6757	0.0735	-1.1330	-0.5205	-0.4450	-1.1109	-1.1490	0.0104	0.8931	-0.2083	-1.5978	-0.5038	-0.6695	-0.0382	0.5861
-0.7122	-1.1194	-0.0734	-0.7153	-1.9640	2.2936	0.4466	0.3945	0.8579	-0.6073	1.0202	-0.7238	0.0815	0.0232	-0.6507	1.2692	0.0053	-1.8147	0.2862	-1.2549	1.7774	-0.5874	-1.2775	1.1734	-0.8182	1.0863	0.3536	-0.9606	-1.5420	-0.3785	0.7485	-0.3235	0.0037	-0.4291	0.7840	0.9133	-0.3765	1.7451	-0.8784	-0.8659	-0.5270	-0.7508	-0.9945	-0.8204	0.1513	-0.8858	0.1765	0.9085	0.9682	1.6624
1.4879	2.0271	0.9652	0.5974	0.8101	1.2900	-0.0484	1.0039	0.4273	0.2256	0.2043	0.4283	-0.2525	0.1658	1.6836	-0.4676	-0.0816	-1.4133	0.6566	1.1121	1.2417	-0.8274	-2.2709	0.5918	-1.7425	-0.7070	2.2307	0.0168	0.1513	0.1751	-1.2437	-0.7494	-0.1158	-0.6856	0.7781	-1.7576	-0.8259	-0.3651	-0.9718	-0.3119	1.1887	0.2496	-0.0385	-0.3132	0.0429	-0.2443	0.3077	-0.3718	1.7854	2.9885
2.6422	-2.0111	-1.9688	0.1176	-1.0583	-0.1070	0.9252	-1.2847	-1.3113	0.8002	-1.1497	0.9180	-0.5953	1.3941	0.1320	-0.3313	0.5246	-2.6157	1.5502	1.1638	0.9939	1.1570	-0.4654	1.4340	-1.1033	0.4805	0.1667	-0.7743	0.2177	-0.7422	-1.3664	1.1232	0.0091	0.5372	0.2823	0.6316	-0.9828	0.6988	-1.4189	1.0048	0.2486	-0.9994	0.7198	0.5249	-1.6588	-1.8005	0.0679	-0.6862	2.2816	1.3584
-0.1163	0.4188	-0.5040	-0.1321	0.3471	0.1910	0.8738	-0.0444	-2.1973	-0.3578	0.4341	0.8934	-0.1986	1.7287	0.4583	-1.4359	0.3127	1.0352	-1.3239	-0.6044	1.0191	-0.9528	1.5410	0.8845	-1.0774	-0.5802	0.5814	0.9257	0.4996	0.9317	0.6530	-0.1487	0.0678	-0.6848	-2.6294	0.8824	-0.6107	-1.3262	1.4503	-0.0769	1.2907	0.3685	2.4394	-0.0843	1.4633	0.5314	-0.9454	-0.7030	0.6214	-0.8607
-0.4419	-0.1003	-0.0360	-0.8214	0.8991	0.4362	-0.0500	-1.8827	-1.5090	-0.0877	-1.9629	0.7275	-0.1512	-0.2835	0.1471	0.2429	-1.1595	-1.3789	-0.0541	0.2679	-0.8495	-0.1844	1.0921	-1.0947	-0.5027	-0.2421	-0.7464	1.1135	0.0303	0.8842	0.8878	0.4677	1.5373	-0.8461	0.7005	0.7611	-1.0297	-1.0717	-1.3844	-1.4107	-1.4441	1.1781	-0.9647	-1.1937	2.2822	-1.4856	1.7503	1.1334	0.9590	1.4133
1.8956	-0.6742	-0.3534	-0.3591	1.7954	0.2422	-0.6811	-0.3939	-0.3331	-0.1843	-1.5384	-0.1391	-0.8519	0.8580	-0.8440	1.6821	-1.5523	1.0165	0.3500	-0.6396	2.5812	2.1652	-0.0731	-1.1383	-0.9331	-0.5931	1.3777	0.6160	0.3579	1.2328	0.1605	1.5813	1.9201	-0.6256	-0.0549	-0.8761	-0.0984	0.6987	1.1740	0.4907	-1.3303	-0.4324	-0.1498	-0.1037	-0.5582	-0.2998	-0.7900	0.8268	1.1679	0.0258
-2.1537	-0.7725	0.6621	0.1761	-0.6620	-0.0919	-0.1520	-0.2948	-0.6027	-0.3594	-2.2857	-0.9047	0.1698	-0.6392	-0.4662	-0.9820	-0.8270	0.8189	-0.1562	-1.3276	0.2297	1.3486	0.6631	-0.1221	-1.7024	0.8195	0.6424	0.1629	-0.6860	0.2818	1.4765	0.3194	2.6142	-1.1626	0.0163	0.1365	-0.0442	-2.4119	1.9096	0.4208	-0.2604	-0.3792	-0.5495	-0.8172	0.7604	-0.3540	-0.0265	0.8523	0.0563	0.8718
-0.3283	0.6042	-0.1725	-1.5180	-0.1544	-0.9959	0.2972	0.1263	1.7181	1.2250	-0.7575	1.0911	1.0710	-0.7358	1.4326	-0.2914	-2.6443	0.7719	-1.4092	-0.8225	0.0587	0.4472	-0.2640	0.2005	-0.1533	-0.9323	0.3968	0.8751	0.0530	-1.1466	1.2304	0.2164	0.0561	0.9253	-0.2127	0.1639	0.7688	-0.7415	-1.3317	-0.7272	-1.6708	-1.3643	0.3659	1.6175	-0.6201	-0.0719	0.5294	-1.4261	1.1369	-0.9901
0.3119	0.1151	-0.5423	1.9082	1.0676	0.3788	1.4735	-1.2737	1.1787	0.0342	-1.0020	1.0615	0.5184	-0.6202	1.2185	-0.4291	0.6436	1.0544	-1.5765	0.3113	-0.4681	-0.8907	0.3085	-1.3354	-0.7459	0.7599	-0.2557	-1.1091	-0.1293	-0.1558	0.3232	0.5845	-0.0653	-1.6144	1.5056	0.0533	0.3031	-1.1930	0.3484	0.0151	-0.8819	-0.0094	-0.5927	0.3370	-0.5581	-0.7277	-0.1856	1.2581	-0.1903	0.5748
0.7567	0.1323	-0.0360	1.0520	-3.0844	-1.0201	0.4026	-0.7514	-0.0894	-1.9031	-0.5165	1.0526	-0.4498	0.9809	-0.6888	0.8886	0.2306	0.3087	0.6719	-2.0188	0.0225	-0.4868	0.2561	0.3979	0.6773	-1.2243	0.3066	0.2440	-1.6127	0.5261	0.0424	-0.3971	-1.3587	-1.3766	0.7396	0.7748	1.0721	1.3239	0.9051	0.0490	-1.0367	-2.5489	-0.5799	-0.3160	-0.3460	0.8057	-1.8595	1.1293	1.1029	0.1352
0.1286	1.3938	-1.5176	-0.5714	-0.9373	1.6890	1.6485	0.4137	0.8095	-1.4618	-0.0694	-0.5516	-0.5262	-0.2164	-1.5975	-0.2338	-0.0120	0.1055	-1.0963	0.4141	-0.7371	-0.3329	1.2987	0.9683	-0.9725	-0.5265	-1.5168	-0.3207	0.9270	0.1172	0.5879	-1.2476	0.7586	-0.8301	-0.7221	-0.5582	0.6192	0.0120	0.9900	-0.4123	1.0565	-0.8189	-0.9768	0.7263	0.0391	1.2881	-1.2027	-0.8958	0.1726	0.2393
-2.2995	-0.4417	0.4316	0.8395	0.5920	-0.0105	-0.5007	0.1704	-0.1271	0.1741	0.8441	-0.3455	-0.6152	0.8590	0.8323	-0.3864	-0.3464	0.1737	-1.6589	0.5395	-0.8832	1.0813	-0.1228	0.1115	0.8110	-0.2290	-1.9210	0.4061	-2.7662	0.9136	-0.5252	-1.2473	0.0416	-0.7656	0.0053	-0.0785	-0.2334	-0.3514	1.0999	1.3942	-0.5650	-0.1544	-1.6997	-0.1770	-0.3826	-0.0072	0.6857	0.7583	-0.8704	0.2298
1.5952	0.3924	-0.3693	-1.5272	1.3403	1.4734	1.1069	0.5827	1.2095	-1.0730	1.6241	1.1656	1.1125	0.0220	0.4137	1.6417	-0.1194	-0.2167	0.6255	0.9452	-0.8858	1.1564	-1.4720	0.4157	-1.8325	0.2675	-0.6390	-1.1481	-1.4234	-1.1938	1.8318	-0.0505	0.8068	-0.7819	1.4914	-0.3479	0.1689	-0.2466	1.6193	1.7953	0.0819	-0.1272	-1.6009	1.5706	1.0613	-0.4758	-0.4048	0.0184	-0.9756	-0.0775
1.2960	1.3573	-1.0385	0.6019	-0.7628	0.0324	-0.5058	-0.6916	0.7188	-0.2617	1.6251	1.1888	0.2808	-0.8337	0.2768	-0.7669	1.0174	-0.0174	-1.4585	0.2949	-0.6697	-0.3651	-0.9692	0.1114	-1.4421	-1.8789	0.6072	1.1650	-0.3806	0.8437	-1.4384	1.4704	-0.5334	1.0815	-0.1294	1.1859	0.1211	0.9324	-0.1824	-0.2286	-1.3638	-1.1215	-0.1913	0.0976	0.4506	0.0446	-0.2390	-0.9102	-0.7333	-2.4221
0.0080	0.2438	-1.9992	0.8300	-0.4588	-0.2746	-0.4702	0.6013	-0.6809	-0.5113	1.5115	-1.1576	-0.4921	-1.5124	-1.6054	-0.8661	-1.4910	0.6664	0.0428	-0.9784	-0.3438	-0.0873	-1.4104	0.7018	0.9452	-0.1636	-0.8223	-0.2080	1.8955	1.1310	-0.1897	1.1783	-0.1935	2.3114	-0.4282	-1.1563	-1.6888	-0.1962	0.9727	-0.4410	0.8950	-0.9356	-2.2241	1.8345	0.0747	0.2757	0.5814	-0.6494	1.0770	0.1316
0.9472	0.6961	-0.0242	0.7586	0.3029	-0.5759	1.4476	-1.4722	-1.9365	-0.9160	0.2829	0.2909	0.8488	-0.2106	-0.2615	0.0757	-0.4331	0.0733	0.1252	-1.8069	0.8641	2.3676	-1.1222	0.7327	-0.5087	1.6228	-0.2928	0.6136	-1.6434	-2.0604	-1.8786	0.3299	-0.3731	2.5629	0.6910	1.1897	0.0353	1.4758	1.2115	-0.7269	0.1418	0.4107	1.3261	-0.6307	-1.0051	0.0796	-0.0443	-0.0220	0.8463	-1.4787
-2.0944	-0.8191	-1.0432	0.0454	0.8743	-0.5199	-1.2567	1.4036	1.5337	-0.4855	1.4618	-1.7108	-0.8314	-0.5715	-0.1055	0.7184	-0.8444	-0.2140	-2.1384	-0.6105	0.8770	-0.7844	0.7211	0.7837	0.1795	-0.0226	-0.1618	0.6374	0.9529	0.9514	0.0806	-0.0595	-0.7728	-0.4088	0.1702	0.1546	-0.4175	1.4537	1.3990	0.4298	-2.0347	0.2127	0.9421	0.5702	-0.7652	0.3703	0.7213	-0.8192	0.6748	0.5669
0.9196	-0.5886	0.9484	0.7485	1.2733	0.8620	-0.2064	1.0545	1.6319	-0.0319	0.8925	0.9691	-0.4844	-1.1141	0.7264	-0.2093	-1.5483	0.8514	1.1191	-0.1199	-0.9249	-0.6387	1.7597	-0.7406	0.9164	0.4979	0.1324	-1.2823	-0.6970	-0.7487	1.3476	-0.4309	0.5777	-1.1345	-0.4369	0.6058	-0.4039	1.2913	-1.3860	1.1840	0.0247	0.2215	-0.4648	-0.2571	1.0709	-0.7673	0.5019	-0.2185	0.6756	-0.1477
-0.1347	0.2243	-0.1053	0.6382	0.0030	-0.4567	0.9963	0.3236	-0.0876	0.7128	-0.2735	-0.3001	0.1045	1.1716	0.8465	0.3708	0.3856	-1.2372	-0.2107	-1.0645	0.5808	-0.0222	-0.9777	-0.1201	-2.2870	0.3080	0.8230	0.8681	0.0090	-1.6729	-0.2059	-1.0619	0.0718	-1.9747	-0.5488	-0.8320	0.8354	0.7182	0.2376	0.9386	0.1468	-0.0949	0.9498	-0.1801	-0.1128	-0.2953	0.1785	-0.6096	-1.8890	-0.7923
-0.5125	-0.7813	-0.0368	-0.7381	0.4884	0.0118	0.7323	0.9178	-0.4547	0.5321	0.3008	0.4934	1.3424	-1.7195	-1.3752	0.4322	0.4863	-0.9362	-3.1383	-1.2554	0.8596	1.1660	-0.7990	-0.0184	0.5152	-0.9829	-0.3976	-0.5375	-1.5415	-0.5812	1.4013	0.5651	-0.1984	0.4584	-1.1476	0.1107	-1.0117	1.4644	0.3217	-0.4397	-0.6936	-0.4224	0.3342	-0.1483	0.7985	-0.8523	-0.4417	-0.1500	-1.7934	-1.4526
0.2720	-0.2816	0.6065	-0.2463	0.4378	-2.0020	-0.0697	1.1025	-0.2749	-0.3935	1.6433	-1.5286	-0.4160	1.5278	-1.0357	0.8592	1.8209	-1.6403	0.3516	-0.0184	-0.8076	-1.6097	-0.4248	1.6876	0.4474	0.3780	-0.9866	0.5057	0.7254	-1.0545	-0.1287	-0.1426	0.8696	-0.0714	1.0590	0.7371	0.0554	-1.9823	2.8160	-0.4007	0.2134	-0.2809	0.1806	0.8707	0.3874	0.5762	-1.7540	-0.4485	-0.6519	0.4516
-1.1228	-0.5593	-0.1348	-1.0013	0.1541	1.5545	2.1432	0.0374	0.5532	0.6295	1.6405	0.0434	-0.8522	0.1494	0.9258	0.0550	-1.0911	0.4404	0.6282	2.7758	1.3277	1.0129	0.4197	1.3101	-0.9192	-0.7350	-1.1774	1.3567	0.6544	-0.8657	-0.2135	-1.8423	-0.7700	-0.1579	2.2141	1.0803	-0.0749	-0.5233	-0.8758	1.3407	1.1512	0.4236	1.2921	-1.3491	0.6891	0.7711	-0.3834	-1.4198	0.2803	-0.1255
-0.0220	2.4914	0.0283	0.0623	0.8865	-0.6511	1.9224	-0.1222	-0.2103	0.4505	1.0430	-0.7042	-0.6628	1.2119	-1.5367	-0.1689	-1.0031	0.6126	-0.8711	1.1369	-0.7520	-0.2420	0.9381	0.1831	-2.5893	-0.3809	-0.8735	-0.8075	-1.0326	-0.1071	0.0960	-1.2829	0.0437	-0.1146	0.2985	0.2911	0.7799	0.8936	0.2378	1.8538	-0.7106	0.5919	0.0349	0.0843	1.2577	2.1901	0.9550	-0.3946	0.8863	-0.7649
-1.1591	0.0754	-0.4339	0.5063	-1.5183	-1.0943	0.4338	1.0238	-0.7840	-0.5346	-1.2551	0.2452	1.2399	-0.0196	1.2514	-0.8048	0.2510	-0.0526	1.1392	-0.5594	0.2141	-1.0678	0.8095	1.2430	-1.4253	-1.4029	0.4937	0.1617	0.0056	-0.8796	-1.3906	-0.0512	-2.0770	1.3133	-1.4841	-0.7476	0.8133	-1.6895	0.1823	0.3049	0.6789	-0.8069	1.3452	-0.4012	-0.4633	-0.5785	0.4199	1.1557	0.1576	-1.3220
-0.5215	-0.9023	1.0339	1.2082	1.6993	2.5187	-0.2180	-0.2556	-0.8794	1.8177	0.1601	1.0517	0.2852	2.6048	-1.2357	-1.0596	-1.6065	1.7312	0.5285	-0.7832	-0.8072	-0.9537	1.5710	0.5076	0.8617	0.0786	0.1543	-2.2358	1.0841	-0.0842	-1.7581	-0.0413	0.2874	1.7412	-0.2678	-1.4392	-0.0923	1.3406	-0.3927	-0.8707	0.4083	-1.9490	0.8391	-0.4048	0.2438	1.0013	-0.9534	-0.2199	1.4363	0.5011
-0.1590	-0.4062	-0.1103	-1.1228	0.1513	1.0901	-0.0270	0.6678	-1.8755	-0.6249	-0.2392	0.1621	-0.2188	0.9010	0.6471	-0.6332	1.2409	-0.3772	1.1405	-0.3455	-1.3421	0.1733	0.4210	-0.1665	-1.4770	-0.9371	0.9241	-0.1354	1.1473	0.6135	-1.1845	2.0076	1.3656	0.4594	0.0764	0.1613	-0.2176	-1.3848	-0.5421	1.2696	-0.8948	-0.6468	1.4553	-0.5039	0.6102	1.0716	2.8176	0.1485	1.0994	1.9212
1.2542	0.4225	0.6161	-0.2870	-0.3972	0.4345	-0.2128	-1.6356	-1.1742	-1.0581	0.7473	-1.0314	0.2937	0.5184	-0.3133	0.8141	0.4806	-1.0654	0.4860	1.0783	-0.9307	-0.8753	-0.6920	0.3315	0.5950	0.8044	1.1334	0.5893	-0.6022	1.7685	-0.3978	0.3245	0.8783	1.0848	-0.5590	1.0620	-1.1317	-0.7192	-1.4589	-0.6596	0.5491	0.4151	-0.5429	-0.3658	-0.6721	-1.0551	0.9938	-0.8464	-1.0317	0.6950
-0.1538	0.8809	-1.1640	-1.7363	1.1381	-0.3487	-0.5959	0.6902	-1.6289	1.2464	-1.3899	-0.1656	-0.3211	0.8186	1.2750	-0.8181	0.4033	0.4039	-1.0522	-0.6147	-0.1196	-1.2032	1.3179	-0.2866	1.4056	1.1087	-2.3412	-0.6204	1.9654	-1.2593	1.0131	-0.2106	-2.4417	-0.1417	-1.2227	-0.8171	0.6492	-0.0193	0.4835	1.5011	0.5700	-0.4251	0.0661	-0.0381	2.0613	-0.9257	1.0115	-0.5587	1.7706	-0.4376
-0.3826	-0.3860	-0.5027	1.4283	0.6606	-1.2921	-0.0862	0.0252	0.5494	0.5473	0.2517	-1.2747	-0.5686	-0.5615	0.2513	-0.6736	-2.1876	-1.0119	1.1673	-1.2324	-0.1131	-0.5021	0.0550	-0.4510	0.4870	-0.5700	-1.5726	-0.1181	-0.9772	-0.8627	0.4190	0.0301	-0.1250	-1.8086	0.2311	-0.8582	0.1121	0.7938	-1.0183	3.1620	-0.6258	-1.4819	-0.2050	0.3982	0.0361	0.5531	0.0982	-0.2974	0.6334	-0.0371
0.1084	-1.9982	0.3829	-1.6864	0.3608	0.2358	1.3714	2.3819	0.9752	-0.1244	0.5485	-1.2174	2.8798	-2.6819	-2.0595	-1.8062	0.5323	-0.9305	0.7855	0.6293	2.1947	1.0964	0.3539	0.7450	0.5853	-0.7368	0.3658	0.7559	0.2663	-0.0310	-0.2241	1.1447	0.6315	0.4321	0.1254	-0.8526	-0.1835	0.6767	0.7230	0.5336	-0.4442	-0.9653	-0.4190	-1.3470	0.4468	-1.3694	2.2870	-2.0167	-0.0187	-0.4658
-0.0892	1.8129	-1.7700	0.6553	2.0105	-1.1260	0.3995	0.3243	2.2732	1.1203	0.7920	2.4432	0.4303	-0.4628	0.1049	-1.7994	-1.7146	-0.1145	-0.1371	-0.4894	0.5434	-1.4635	-0.8232	0.3433	-1.5228	-0.2091	1.0374	1.1158	2.9271	-0.4146	-1.2754	0.8660	1.1781	-0.7571	0.2688	2.0796	0.8742	-1.2053	-1.1014	0.4673	0.1028	2.2093	0.0045	-0.5704	0.1771	0.1991	-0.9498	1.1610	-0.0565	0.0267
-0.8782	-0.5021	-0.5788	0.5868	-2.7756	1.3061	0.4898	-1.1480	1.3585	1.0533	-2.1560	-0.2268	-0.0538	0.1173	-0.3424	1.0022	-0.7368	-0.5276	0.7531	0.2314	0.5658	-0.0392	-2.4140	0.6997	-2.1766	-1.2042	-0.6358	0.1561	0.8812	0.9727	1.4314	0.4532	0.0252	-0.3116	0.4492	0.7014	-0.2559	0.5365	0.2282	-0.1643	-1.9447	0.1595	-0.4422	0.3814	0.1169	0.2782	1.0295	1.0602	-0.6716	0.3589
-0.0729	-1.8438	0.1511	-0.9836	0.4030	-0.5063	0.4443	0.9368	0.4454	1.1929	-0.2674	-0.0167	1.3679	-0.2575	-0.1944	0.1518	0.2156	-0.7028	1.6066	1.3310	-0.9701	1.4473	1.2453	0.7128	-0.4533	0.2065	0.2069	-0.6749	1.2112	-0.8893	-0.9502	-0.0783	0.7651	-1.1987	-0.3029	1.1671	-0.2952	1.4131	-1.9355	-0.8224	0.8126	0.1326	-0.8581	0.5322	0.2365	-0.0499	-0.4155	-0.1293	-0.7199	0.1111
0.1025	-0.6610	1.9000	-0.2828	1.0470	0.0551	-2.0927	-0.1450	-0.9700	1.1757	-0.0003	-0.2483	-1.2235	-0.4465	-0.3045	-0.3629	-2.1275	1.1797	-1.1999	0.9709	1.4631	0.9241	-0.1040	1.7156	0.2646	2.0157	-1.2250	-0.1884	-0.6950	-0.8934	-0.6219	-0.5394	-0.3333	1.4116	-0.0756	-0.1141	2.8481	0.7040	0.7677	-0.2479	0.0384	0.4218	-0.0775	0.5123	1.5270	-0.1351	0.3558	1.0525	-1.9773	-0.4524
0.5828	-1.5318	0.6214	0.4797	0.5656	0.7627	-0.1933	1.0445	0.1406	-1.9477	0.6660	-1.5350	-0.5269	-0.4779	-0.4180	-1.1328	-0.5881	-0.4270	-0.7273	-0.8493	0.0127	0.4434	-0.2056	-0.3177	0.3145	-0.1407	-0.9047	1.4533	-2.3263	-2.5424	0.2125	0.5500	-2.3909	0.1836	1.9002	1.1402	-1.1903	0.7024	-1.4962	-0.3328	-1.5591	1.8272	-0.3951	0.9516	0.6312	-0.8846	-1.5738	-1.1959	-1.8084	-0.1663
-1.6962	1.0791	-2.3843	-1.2056	-0.4244	0.4798	0.5417	0.9937	-0.7145	0.6860	-0.4186	0.0783	0.9835	-0.5143	0.5936	0.8499	-0.2707	1.8444	-0.7307	-0.2813	-0.0733	-0.2581	0.9014	0.5014	-0.0809	-1.9910	1.5183	1.4753	0.9162	1.1998	-0.4027	-0.9654	2.1604	-0.6566	-0.2762	-0.1035	1.1772	-0.9387	0.9211	1.6730	-0.4898	-0.0065	-2.3117	-1.1617	-0.8908	0.4962	0.4158	1.3043	-0.2289	1.2150
0.1622	-0.9385	0.5344	-0.7437	0.6357	0.1164	-0.7615	0.6020	-0.0878	0.2540	-0.6621	0.8559	0.3837	0.2928	-0.5642	0.5169	-2.6903	0.5247	-0.1398	-1.0476	-0.3219	3.1466	2.7428	-1.0731	-0.8496	0.2570	-0.2222	-0.4519	-0.4519	-1.2756	-0.6475	1.9732	0.6908	-0.5789	-0.4083	0.0401	-0.1744	0.6522	0.0603	0.1929	-0.3225	-0.4846	0.8903	-1.0863	0.5838	0.1118	0.6089	1.5649	1.2729	-2.3934
-1.3307	-0.0039	0.7316	-1.8515	-0.9848	-0.3884	-1.3963	-0.7928	0.6067	0.9485	-0.7640	-1.0914	1.6444	1.5978	0.2069	-0.6696	-0.7538	-1.9115	1.1671	-0.2360	1.7753	-0.9467	-0.4103	0.0593	1.8799	0.6026	-1.3244	0.1165	-1.2372	0.6308	-0.4544	0.8245	0.0081	-0.8279	-0.3953	-1.3274	1.0885	-1.0860	1.0007	0.8661	-0.0268	-0.2333	-0.9275	0.0695	-0.6883	-0.7016	-2.0840	0.1356	-1.8418	-0.5492
1.0037	1.1941	-0.3021	0.4494	-0.1571	-0.7277	-1.6992	-0.6081	0.1100	0.4590	2.6285	1.5716	2.3834	1.0157	0.0227	0.3385	-1.1906	-0.7237	0.1555	0.8942	0.3425	0.2935	-1.5955	-0.1766	-1.4744	-2.3554	0.9690	0.2905	1.3955	-0.9341	0.5127	-0.2602	-0.8571	-0.0040	0.4809	0.0310	-0.0042	-1.4293	-1.1513	-0.7501	1.6784	0.8379	0.0746	-0.5840	-0.2675	0.7793	0.3498	0.2602	-0.2374	-1.3740
-1.3122	-0.3734	-0.6317	-0.9078	0.7965	-0.2556	0.7447	-1.1779	-0.6245	1.0870	-1.2440	1.1480	1.7321	-1.0466	-0.5505	-0.1890	0.2954	-0.2563	-0.0320	0.5654	1.0172	-1.7573	-0.9997	-1.7830	0.4919	-0.2285	-0.9400	2.2346	-0.0318	-0.7434	-0.7724	0.7476	0.4902	-1.4365	-0.3441	-0.7563	1.1631	-1.6081	0.4120	-1.0682	-0.7494	0.1896	-1.0819	-1.4073	-0.0140	0.4123	-0.1242	-0.5563	1.3510	-0.0126
0.4537	-2.3590	-0.8020	-0.6955	-0.8030	0.6053	-0.5828	0.5131	-1.3519	0.1655	-0.2951	0.7856	0.0467	1.0523	-1.0985	1.6473	0.5402	-0.6440	1.5172	2.0001	0.1274	-1.0417	1.0060	-0.7257	-1.0287	0.2180	0.2450	0.3484	0.7550	0.0101	-0.5699	0.1699	0.2534	0.8399	0.7405	-0.3099	1.4313	1.0010	-0.4024	1.3785	1.4663	-0.6253	-0.0078	-0.1825	1.6145	-0.3395	-1.0515	0.7677	0.5177	-0.3627
-0.2627	-1.0688	-0.1274	-1.5442	-1.2621	-0.6965	-1.4369	-0.0990	-0.4075	0.2553	0.3838	-1.2666	-0.8601	-1.5540	-0.7275	-1.4782	0.8742	0.0985	-0.7705	-1.0675	-0.1052	0.6255	0.9304	0.2047	0.3261	-0.2203	0.2484	0.5310	1.6467	0.2464	-1.1678	1.5613	1.7231	0.3401	-0.0620	0.5029	-1.3476	-1.1005	-0.4452	-0.4562	0.6480	-0.3914	-0.3539	0.0264	-0.3202	2.3274	-0.0503	0.4342	0.8903	-1.6543
-0.0451	-0.9182	0.9218	-1.2636	-1.0101	1.0380	0.2092	-0.5999	-1.3257	-1.2361	0.3677	-2.0297	-0.5356	-0.1391	-0.1786	-1.4814	0.0392	0.0432	0.1213	0.0951	1.2169	-1.7384	-0.8082	-0.2363	-1.2616	1.3456	1.6660	0.6661	-0.6501	-0.4873	0.0659	-0.6633	0.5361	1.5723	0.8202	-0.3520	0.3291	-1.8969	-0.5468	0.1124	-0.3343	-1.3669	1.6821	-1.8037	-1.2483	0.2306	-1.4444	-1.1770	1.4715	0.8913
0.5481	0.5437	-0.2585	-0.2031	1.7452	-2.0429	-0.6264	0.9612	0.2632	0.6065	-1.2481	1.6535	-1.3460	-1.2909	-2.4527	1.1408	-0.1065	-1.5957	-1.2538	0.5047	-0.1405	-1.1700	0.4915	-0.9939	-0.3055	-0.4509	0.1055	-1.4737	0.0739	0.1022	-1.1210	0.8210	0.4292	-1.1068	1.3468	0.3076	0.0170	-1.9091	0.5012	-0.3259	0.6400	2.1558	0.6611	0.4020	-0.8562	2.3014	-0.1938	-1.7429	-0.9157	0.5010
1.4435	2.6836	0.1436	-0.8084	1.0290	0.0540	1.5645	-1.2884	-0.1317	-1.0033	-0.6991	-0.9873	-0.3253	-0.9753	0.5550	-1.4396	0.2824	-1.6119	0.4997	-0.3357	0.0590	1.3145	-0.1337	0.6969	-0.5715	-0.8333	1.1477	-0.6710	-1.3936	2.1699	1.4521	0.3391	-0.5085	-1.3520	1.0483	-0.6659	0.2818	-0.4922	0.6344	2.7461	-0.4214	0.3512	-0.2197	-0.6076	-0.9165	-1.2116	-0.0401	-0.2872	-0.5243	0.7486
-1.5746	-1.5014	0.5889	0.2797	0.1053	0.8490	0.3069	0.8904	1.1287	0.7461	0.6978	0.4759	0.2546	-1.8219	-0.4416	-0.7535	-1.1076	-0.5853	-0.4473	1.5654	-0.4481	1.3730	0.4502	1.4799	1.4622	1.3331	0.5137	-0.8281	-0.4895	1.7269	-1.6930	0.2860	-1.0875	0.1484	1.2625	-0.2034	0.6939	-0.2270	-0.5164	1.1782	-1.7434	-0.5444	-0.1181	-1.3536	1.4559	-0.2428	1.1489	0.3861	1.2873	0.3409
0.0266	-1.2561	1.7902	-0.7774	0.8104	-1.2947	0.9344	-1.3792	0.7917	0.3660	2.0593	-0.2476	-0.0743	-1.2190	-2.0347	0.0927	-0.7909	0.4335	2.3370	0.4480	-0.1078	0.1265	1.1214	-1.1469	-0.0275	1.7036	0.5829	0.5793	-0.5868	-0.9697	-0.5170	0.6863	0.3902	-1.3875	0.1296	0.5888	1.7394	-1.1764	1.4647	-0.8292	-0.1371	1.0121	-0.5616	0.6005	0.7771	0.2220	0.7042	0.6717	1.0017	0.4588
-1.4349	-0.9555	0.8903	0.6630	0.4741	0.0830	1.0655	2.1816	-0.2017	-0.7139	1.1648	0.5296	-1.5557	0.1155	0.5381	1.0685	1.2792	0.6998	-0.6108	1.2953	-0.9245	0.4232	-0.9781	-0.8799	-0.1753	0.6360	-1.6561	-1.1668	-0.2320	-1.6872	-1.1096	-2.1624	-2.0755	0.8840	1.2403	0.0381	-0.3217	-0.4677	-1.6044	1.5952	0.5290	-0.1166	-0.1803	2.2126	1.5633	-1.3180	-0.1256	-1.0663	0.1109	0.1743
1.2180	-0.2629	-0.1625	-0.0941	-1.1554	-0.3176	0.5387	0.1438	-0.3935	1.4723	0.7198	1.3044	0.4922	0.2866	-1.1320	0.0874	1.3669	0.3402	-0.1108	0.7144	-0.8022	0.5322	0.8242	1.4755	-1.4552	-2.2222	1.0274	1.6257	1.0406	0.3236	-1.0520	-0.3416	0.6078	-1.2431	-0.0070	-0.9051	-1.1759	0.0678	-1.0540	0.4768	0.3894	0.0240	0.3804	-0.7288	-1.7393	-0.0753	0.2630	-1.2570	0.0015	0.5553
-0.7544	-1.2294	0.1945	0.5453	0.1847	-0.9256	-0.7139	0.5886	1.2429	-0.8463	0.1301	0.2463	1.2193	-0.2334	0.1062	-0.5591	-1.3968	-0.9707	-0.2844	-1.3645	0.7943	0.4867	-0.5224	0.4197	1.5680	1.4035	-0.9007	0.2256	-1.0816	-1.6188	-0.6814	-0.0673	-0.5100	0.9949	0.5450	-1.0157	-1.3933	-1.5419	-0.0789	0.4398	0.6784	0.4768	-0.3892	0.0115	-0.3169	-0.0877	0.3820	1.1000	-1.8450	0.5450
0.2481	-0.5782	0.7355	-0.2086	0.8216	-1.1978	0.7720	-0.0187	-0.6620	1.3726	0.4936	0.1104	0.7308	-0.3043	1.3708	1.0329	-0.4258	0.0501	1.7891	0.6151	2.1449	1.5801	-1.2695	-0.4821	1.3842	0.4814	1.6574	1.1582	0.1285	0.3757	-2.5548	-1.8173	-0.7046	-1.0083	-0.0005	-2.3430	1.0120	-1.7559	-0.1726	-1.0808	1.6772	-0.0969	0.8004	0.3736	-1.1777	1.6517	0.5331	-0.0112	-0.7300	0.2152
0.0689	-1.3889	0.5555	2.2989	-0.6887	-0.0900	-0.0961	-0.1425	-1.2348	-1.5656	-0.6724	0.1441	0.9067	0.9411	-1.1388	-0.1642	-0.6360	0.8500	-0.0985	1.3034	0.7859	-0.5246	-0.5014	0.4168	0.4859	-0.2906	0.7908	0.6169	-3.3093	-0.4806	0.4778	0.1479	-0.6077	-1.1889	0.5904	0.2156	1.4737	0.3391	-0.6718	1.3472	0.9155	-1.3359	0.4325	0.6164	0.9593	1.2873	0.0822	0.6027	0.3503	-0.5591
-0.3702	0.1744	-2.0397	-0.5299	-0.5763	1.1852	0.2009	0.4236	0.1920	-1.4378	-0.0988	-0.1721	1.6325	-0.2816	-1.3113	-1.2377	-0.7958	-0.0111	-0.4435	1.1344	-1.1262	0.1190	-0.0151	-0.4669	-0.0157	-1.1341	-0.4653	0.4217	-1.8235	-0.0781	-1.6906	0.7400	-1.8676	-0.2919	-0.4094	0.8224	2.6782	-0.0613	-0.7373	0.8484	-0.5313	0.1626	-0.1264	0.0991	0.1425	0.1397	0.7006	-1.1440	-0.2636	-0.9855
-0.5542	-1.2825	-0.6698	-0.8832	-0.1004	0.9984	1.6768	0.4313	0.9320	-0.4079	-1.3667	-0.0348	-0.2546	1.0699	0.6769	0.8243	0.4517	0.4017	-0.4347	-0.1204	-0.6065	-1.5639	0.7412	-1.4171	1.4836	-1.1911	0.7385	0.7203	0.8516	2.0372	-0.4195	0.2064	-0.2916	1.2910	0.2518	0.0839	-0.7180	-1.9860	-0.1329	-0.4159	-0.0412	1.8319	0.6031	-1.4323	-1.0951	1.1941	-1.9710	0.0547	0.9240	0.7829
-0.7199	-1.1793	-1.3420	0.2876	0.2504	-0.0265	-0.5577	-0.3462	0.4826	-0.1286	-1.0493	3.6661	0.2663	1.0546	-1.6836	-1.0327	0.1294	-1.5205	0.0827	-0.4411	-0.1014	1.1359	-1.0557	1.4241	1.0223	-0.5999	-0.1129	-2.9642	1.2667	-0.1995	0.2367	0.3938	-1.2580	0.9788	-0.5373	0.5430	0.4723	0.1224	-1.7476	-0.3860	-0.6662	0.3854	-0.2430	0.4314	0.5774	0.9716	1.2706	0.2057	-0.8749	-1.7390
-0.4250	-1.3256	-0.5041	-2.4566	-0.7252	0.8582	0.1110	-0.2723	-0.2173	-0.3235	-1.0053	0.6966	1.0991	-1.0676	-0.7224	0.3678	1.8198	0.2903	-0.5563	0.1672	-0.8992	-1.6398	1.0691	0.7017	-1.1121	-0.5109	-1.7537	0.4655	-1.1131	-0.2660	0.4216	0.2798	0.6316	-0.5171	1.1155	-1.7783	-1.2033	-0.4271	-1.8913	-0.7247	0.4440	1.8715	-0.5171	0.3610	-0.6658	-0.5401	1.8538	0.0037	0.0317	-1.3683
0.8279	0.3245	0.5954	0.5467	-0.6814	-1.0538	0.4900	-0.4324	-0.6206	0.3198	-0.9035	-0.4386	-0.8337	-0.8628	0.0836	1.2474	0.2277	0.3080	-0.9069	-0.5971	-1.2913	0.2445	-0.0423	1.7057	0.0073	1.4919	-1.0451	-0.3965	0.9451	-0.1476	-0.9555	2.2231	-0.5270	-0.3353	0.0560	0.3129	-1.4358	1.2631	-0.3478	0.2372	1.4966	0.8043	0.2758	-0.3539	-0.4660	-0.4555	-1.1433	-1.8596	0.6505	-0.9418
-0.2388	3.1706	-0.3516	-0.0597	0.2058	0.8596	0.6586	-0.5000	0.8730	1.6305	0.9767	-0.8599	-0.3699	1.0462	-0.5602	-0.5390	-0.1802	1.3726	-1.0304	-1.0090	-1.3261	0.8778	0.3678	-0.7474	0.5933	-0.1666	1.0706	-1.5126	-0.3900	-0.6258	-0.4608	0.2652	0.3093	-0.4955	-1.4119	1.6443	-0.4547	0.6316	-0.3935	0.2445	0.2957	1.3175	0.1280	-0.2284	0.2780	0.9203	-0.3362	0.2903	-0.6001	0.6443
-1.1352	-0.4233	-1.4555	-0.7961	0.9950	1.0239	3.1736	0.4422	2.2798	-1.1583	0.8180	-0.9390	-1.9154	0.4680	-0.1836	0.7433	-0.8186	0.2118	0.0470	-1.0882	-0.0019	-0.9123	-0.4084	-1.4838	-0.6976	-0.8102	-1.7852	-1.3542	-0.6265	1.8237	-0.9835	-0.2864	0.0737	1.0227	-0.6728	-0.0735	-2.5049	-0.2450	1.1740	-2.1481	0.4032	-0.7019	-0.6104	0.7620	0.3243	-0.8637	0.4161	-0.6856	0.4239	-0.5615
-0.3473	0.9406	1.3279	0.0104	0.4041	0.1094	-1.0219	-1.6069	-0.6012	-0.7083	-0.1550	-2.0319	0.7579	-0.2889	1.7659	-0.1082	0.4864	-0.2399	0.3768	0.9321	0.7285	-0.2857	0.3780	-0.0983	0.2239	-2.0178	-1.3938	0.1397	2.0537	0.9749	-1.0952	-0.4187	-1.0724	-1.2490	-1.1877	-0.2462	-0.5145	0.0486	0.6592	0.7562	-0.2756	1.6659	0.9161	1.9213	0.0908	-0.7201	1.1792	-1.0901	0.2647	0.4814
1.8848	0.2983	0.1188	0.3766	-0.2444	-1.3734	-1.8465	0.2172	1.6219	0.2462	-0.9296	-1.2379	1.6467	-1.3838	0.3044	1.7453	-1.0188	-0.4539	1.0080	-0.6525	-0.9644	-0.4118	-0.4894	0.8494	0.8449	0.6340	2.2085	0.4624	1.8061	1.3866	-1.0473	0.1734	-0.4179	-0.6413	0.1004	-0.0039	1.8000	1.5795	-1.0138	-0.5415	-2.0584	-1.5207	-0.6348	-0.4081	-1.0713	0.2746	-0.8281	0.8703	-1.4208	-0.2385
0.1078	-0.2688	0.3211	1.3544	2.7124	0.5280	-1.5352	-1.6379	0.0878	-1.3239	1.2851	0.0315	0.6592	-0.5204	-1.2187	-2.1471	0.6786	-1.3091	-0.7951	-0.3480	-0.8211	-0.6376	-0.1072	-1.1390	-0.0192	-0.9722	-1.2072	-0.6161	-0.7829	-1.2101	0.3204	-0.1811	0.4630	-0.1577	-0.7477	1.0716	1.1331	0.0862	-1.2790	0.8369	-0.1436	2.0798	-0.8144	0.8169	3.2667	-0.8604	1.3042	0.4027	0.2884	0.8423
-0.5094	0.6820	-0.3189	0.7586	-0.6489	0.1616	0.3706	-1.5060	1.7733	-0.0089	-0.2088	-1.9515	-0.0152	-1.1694	-0.7770	1.5955	0.5975	-0.1716	0.3458	-0.3580	1.0066	1.1088	0.0314	0.0070	-0.0082	-0.1506	-0.2848	0.2323	-0.0768	1.3994	0.1220	-0.3465	2.3344	-0.1431	-1.0522	-0.4928	-0.6861	-0.0144	-1.4409	-0.5401	0.5316	0.6284	-0.6589	2.3523	-0.3793	-0.7406	0.8172	-1.4912	0.2761	-0.1849
-0.4966	0.2945	1.0664	0.4559	1.0830	-0.4942	0.9388	-0.1418	1.2641	0.6206	-0.9357	0.2868	0.4970	-1.0199	1.5840	1.7799	-0.9257	-0.0620	0.5568	-1.6250	1.9896	-0.0627	-0.1843	-0.0704	-1.4185	-0.2772	0.8962	-0.6251	1.4910	-0.3526	0.8683	-1.6992	0.8921	-0.2558	-0.6874	0.3044	-0.9588	0.7495	0.0846	0.8281	0.2232	-0.5881	0.7789	0.0188	0.2371	-0.1625	0.8674	1.5139	0.3760	-0.6595
1.0276	-0.9960	-0.1596	-0.5880	-0.1975	-0.5612	1.2397	-0.9582	0.9833	0.6621	-1.2623	0.0605	-0.6028	-0.0089	0.0747	0.5616	1.4576	0.8853	-1.2808	1.4158	0.0177	1.6128	-0.1624	-0.3295	-1.0347	-1.8876	0.5829	-0.3819	-0.2585	1.0621	-0.5293	-0.1115	0.9679	1.2529	-0.5839	1.8984	-0.2110	-1.1948	-0.0586	-0.3677	0.5738	-0.0305	-0.1072	-0.0245	0.6858	0.4330	-1.7837	-1.1686	-1.5643	1.0809
0.8970	0.1638	-0.6219	-1.6335	0.0832	3.0134	-0.1374	-1.3684	0.5278	-0.6991	-1.2619	0.0753	0.6006	-1.1198	1.4034	0.4785	0.7616	-0.5023	-0.5745	-0.1762	0.5766	1.5823	-0.7494	0.5137	0.3706	-0.2629	1.7054	-0.4373	-0.3061	-0.5567	0.0457	-1.3095	-1.2242	-0.3668	1.7921	2.3510	-0.4616	0.5767	-1.9995	0.8072	-2.3219	-0.1657	-1.6337	-1.3732	0.3144	0.2627	0.7706	1.7987	0.6708	0.4818
1.7116	0.8671	0.4738	-0.3121	-1.8459	-0.5560	-1.1396	1.1473	1.0986	-1.5410	-0.0794	-0.2892	-0.3675	0.8083	0.6906	2.0137	-1.6612	-1.7488	-0.8011	0.5805	0.7756	1.4541	-0.3732	0.0744	0.1277	1.2682	1.2134	1.4834	-0.8315	-0.0105	-0.0729	0.4685	1.4454	0.0545	-0.8509	1.0386	-0.5464	-0.9344	0.4795	-0.8411	-1.6657	-0.3255	-0.9159	-1.0288	-0.3348	-0.4733	-0.4406	-0.0787	0.4519	0.6243
-0.2303	0.5237	0.9997	0.9270	-0.3151	0.5248	0.4920	-1.7192	0.1682	2.3351	-0.1204	-0.9673	-0.9592	0.3568	-1.0634	-0.0562	1.3301	0.4412	0.4051	-0.4469	-1.1025	-0.8084	-0.9900	-0.5509	0.9309	-0.1492	0.2996	-0.5072	-0.5913	-1.9833	-0.8657	1.1523	0.2100	-0.6067	0.2919	-0.6698	0.0869	-0.9541	0.1655	-0.8371	-0.5546	-0.8356	1.3974	-0.3344	-0.0031	-0.3098	1.4280	0.3058	-0.5624	0.3347
-0.2123	0.0747	-1.8241	0.9168	-1.0167	-0.7575	-0.6234	-1.8568	0.0517	-0.9430	-0.5781	-0.5346	0.2486	0.4920	1.2561	0.3600	0.7465	-0.4746	-0.3982	-0.7761	-0.5648	2.1774	-0.9549	-1.3440	0.0979	-0.9899	0.7942	-0.1571	0.3211	0.2040	0.7135	-0.9444	0.7015	0.2695	-0.3198	-0.7555	-1.0157	0.0106	-0.3331	0.7406	1.6766	-0.6054	-0.2279	1.0400	-0.4492	1.0862	-1.1344	0.3837	0.7772	-0.9629
-0.6969	-0.5213	1.2793	0.3967	-0.0255	0.3361	0.5444	0.7560	-1.5930	-0.8149	-0.5611	0.8993	-2.3400	0.2342	0.2811	0.8903	-0.5774	-0.7669	-1.7628	0.3674	1.2351	0.2148	-1.5403	-0.6563	0.6584	1.5142	0.0709	0.0752	1.0322	1.8666	0.8067	-1.8531	0.3545	-0.3230	1.9257	-0.0962	0.4946	0.2273	-0.3290	-0.2033	-2.6162	1.0986	-0.5768	-0.9647	0.1304	-1.6213	-1.2302	-0.0162	-0.4265	-2.6636
-1.1595	-0.6241	-0.5633	-0.1979	1.1207	-0.6804	0.2954	-0.8121	-0.3127	-0.5045	0.1305	0.6466	-2.8269	0.8892	-0.0312	-0.6193	1.0201	0.6626	0.3847	-0.3861	-1.0981	0.2404	1.3795	0.0483	-0.9014	-0.7029	-1.0786	0.8761	0.1325	0.6718	1.5822	-0.7567	-1.4986	0.3298	1.0187	-0.7009	0.5865	0.5217	1.9446	-0.6184	-0.0122	-0.9219	0.0193	0.1264	-0.6263	-0.8431	-1.0894	0.4338	0.9098	0.3867
0.1897	-1.3362	-0.7032	-0.2024	-1.5397	-0.0178	0.0681	0.7534	0.2162	1.1301	0.0845	1.0945	-0.2298	0.9649	0.8351	-0.3385	0.5949	1.5308	-1.5334	-0.8754	2.9531	-0.5722	-1.5185	0.6311	-1.6822	-0.3617	-1.6622	-0.2674	-1.2588	-0.0385	0.6870	-0.7434	1.7192	0.7561	1.8674	0.0995	0.1280	1.4937	-0.6721	-1.4689	-0.6828	0.8137	0.2810	3.0509	0.0512	1.8533	0.7752	-0.2753	-2.5306	-1.2716
1.4271	1.0712	0.2576	-1.2879	1.1888	1.3019	0.8613	0.1900	-1.0996	0.4153	1.2905	-0.6982	-0.3005	1.6265	0.5916	-1.2131	0.8906	1.2969	-1.0200	0.5714	-0.7264	0.6444	-0.1478	-0.5777	0.5783	-0.2213	-0.9657	-1.7825	-1.7776	-0.3867	0.0570	-1.2117	-1.5570	1.2863	0.7107	-1.7913	0.6410	-0.4431	0.0847	1.2024	1.0786	0.3222	0.5102	-1.2421	-0.6511	-0.4601	0.5075	0.5639	0.1698	-1.1524
0.1056	1.6152	0.0243	-1.6411	-2.0634	-0.2029	-2.2982	2.0462	1.2991	0.7865	0.0417	-1.2396	-0.0410	0.9485	0.8379	0.0439	-1.1232	-0.0074	0.7928	-0.2140	-1.5698	-0.1262	-0.1887	-0.0701	-0.2544	-0.5355	0.0388	0.2674	-0.6647	-0.2887	-2.3304	-0.1685	-0.1673	0.3259	1.0678	0.3611	-0.3069	0.5825	0.6312	-0.2754	-0.5329	0.0196	1.3462	1.3938	-0.7828	0.4533	1.2782	0.7853	1.0598	0.4923
-1.9943	-0.1020	1.5155	2.1076	-0.7991	-0.0467	-0.9209	0.0651	-0.8659	-1.1256	-0.0708	-1.7690	0.2932	0.2831	-1.4971	-0.7958	-0.7643	0.2519	0.0639	0.7739	-1.3692	-0.8443	2.0234	0.6730	-0.7666	-0.2426	-1.0229	-0.1029	0.6759	0.8865	-0.9184	0.3478	-0.1986	-0.5289	0.4569	1.1577	0.0404	1.0748	-0.6334	-0.8262	0.4628	1.1394	0.6214	1.3065	-0.7445	-1.0636	-0.3134	1.9748	-0.2259	0.3371
-1.3423	1.4741	-0.7656	-0.1402	-0.4550	1.7198	-2.1834	0.0129	-0.8142	0.8518	0.1950	-1.2080	-1.2377	0.1182	-1.4534	-0.5353	-0.5220	-0.9469	-0.1243	-0.3125	-0.4866	-1.1920	0.6831	0.7020	1.6419	-0.4432	-0.7959	1.4149	-1.8317	-0.6062	0.8899	0.6039	-0.4898	-0.9816	-0.7613	-0.0534	1.3515	-0.4524	-1.9720	-1.1175	0.6824	-1.5510	-1.2667	-0.3793	-0.3544	-0.1259	1.8955	-1.3115	-0.1414	2.2704
0.3864	0.3437	0.2373	-0.4099	0.3657	-1.0230	0.1383	0.0251	1.3302	-0.3899	-0.5378	0.1623	1.7081	-1.8823	-0.1112	1.4832	-0.1398	0.2660	-0.3830	0.8098	-2.7884	0.3284	0.2436	0.3863	-0.4812	1.2116	-0.8690	-0.2131	1.1388	-0.5199	-0.2873	0.0810	-0.6964	-1.8847	0.0857	-1.9468	0.6818	0.8688	0.1841	0.3624	-0.6795	1.3427	1.2281	-0.5444	-1.1653	-0.5930	-2.7362	0.1530	0.6318	-0.5724
1.1159	-0.0353	-0.1756	0.7766	-0.4540	-1.0811	-0.1174	0.8310	2.3282	-1.0733	-0.6502	-0.6158	-0.4555	1.8170	-0.9655	1.5360	0.1810	-0.7615	0.7831	-0.1742	-1.1265	-0.0326	0.6081	1.6459	-0.6109	-0.5900	0.1640	0.0110	-1.9078	-0.6977	-0.0020	-0.0639	-0.8133	-0.2891	0.0264	0.2606	1.7483	-0.1656	-0.6112	0.8986	0.3691	-0.1189	1.6538	-0.4918	-1.0617	1.4893	0.1865	0.4749	0.5868	-0.3949
0.9580	-0.0908	0.7730	-1.4878	-1.1065	-0.8994	2.2526	0.0923	-1.3555	0.7718	-1.1266	-0.7105	1.5021	-0.1512	-0.7668	1.5234	-0.6740	-0.8337	-1.3314	-0.1248	0.1728	-0.3769	0.4283	0.4477	0.0313	-0.6580	0.9048	-1.7295	0.1464	-0.5455	-1.1715	-0.5661	0.0236	1.0284	-1.1656	-0.2274	0.5054	0.9205	-0.8460	0.0920	-0.4533	1.4735	-0.9433	0.7701	0.9454	-1.5561	-0.1033	0.3232	-0.1556	0.4044
1.1788	-0.4866	-0.3814	0.3753	-0.4978	0.5483	1.8283	-2.7398	0.4799	0.9087	-0.2686	1.4080	1.7355	2.6348	-0.5219	1.6233	1.7171	-0.9604	0.4396	-0.1143	-0.2484	0.2866	0.7804	0.2858	1.4595	-1.1936	0.3317	0.7456	0.6722	0.0834	0.7246	1.1869	-1.6052	0.4943	0.4627	1.0924	0.7431	-2.1251	0.5365	-0.7056	-0.0005	0.2139	1.4678	1.0089	-0.8938	0.2697	0.2563	-0.6954	-0.6160	-1.0604
-0.9319	-0.6582	-0.6048	-0.8300	0.8790	-1.4460	0.2287	-1.4330	0.7694	1.2997	-0.0471	-0.0113	-1.7645	-0.6989	-0.8900	-0.0778	1.7246	-0.3409	-1.3579	-0.0709	-0.8689	0.7724	-2.0303	0.3704	0.1023	0.5423	-0.8730	-1.8660	0.6187	-0.5396	-0.3869	1.5857	0.7434	0.0533	0.1208	-0.0365	-0.4535	-0.6298	0.4161	0.6999	-0.6024	0.0776	-1.7775	0.8050	0.5929	0.2477	-0.3443	-1.5222	-0.0157	-0.7449
-0.4457	0.0380	1.5279	-1.4888	0.0348	0.1509	-0.3825	-0.5830	-0.8392	-0.1056	1.3031	0.7760	-0.5594	0.2461	-0.6135	0.1973	1.1275	0.2402	1.5622	0.4092	-0.1006	-0.1455	-0.3742	-2.0835	-0.6104	-0.0415	2.3888	0.5276	0.7845	0.5073	-0.0222	0.2648	-0.7124	0.5039	1.7741	0.7814	-0.0988	-0.6437	-0.9794	-0.3702	-0.2096	-1.2776	0.0220	-0.8343	0.7797	0.7181	-0.7157	-1.8863	-2.0847	0.3073
-0.2920	2.2966	-1.0778	-0.7284	0.7518	-0.8289	-0.8410	1.1400	-0.9196	0.1017	0.2713	0.4644	-0.6031	-1.2268	0.2743	0.0564	-1.3125	0.0332	0.0104	-0.3748	-0.5196	0.2621	-0.8888	0.3386	-0.5729	-1.1677	1.0129	1.5935	-0.4216	0.7691	-0.1506	-1.2273	-0.8572	-0.2303	-0.1202	-2.0695	0.3595	-1.2586	-0.2925	-1.6714	-1.6478	0.4258	-0.5326	-0.0248	-0.4043	0.7433	1.0132	0.1711	0.5402	-1.4613
0.1278	0.2106	2.1988	0.0150	-2.0214	0.1622	0.4111	0.5414	1.4171	0.8594	0.5261	-1.0336	0.1601	-1.3185	-0.2035	0.1082	-0.0488	1.0337	-0.4669	0.8848	0.6269	0.4847	-0.1343	-0.8375	0.6902	0.2486	2.4510	-2.0859	0.4382	0.4425	0.7455	0.0404	-0.4086	-1.2756	-0.8744	2.6689	0.1176	0.6707	1.0620	-1.6080	-0.6612	-1.2603	0.6880	0.6811	0.2036	1.7720	1.8997	0.3073	0.4561	0.5321
1.4717	0.1656	-0.5530	1.1107	0.9527	1.1623	1.0051	0.5029	1.1612	1.9141	0.5985	0.1069	-0.7235	-0.7168	0.0528	-0.7513	-0.2725	0.3250	0.1008	-1.3878	0.4522	0.8458	-1.9264	-1.0869	-0.1402	0.2483	-0.7744	0.4263	-0.4474	-0.6329	2.4138	0.2056	0.0107	1.2849	0.1255	0.4615	0.9726	0.1112	2.1927	0.8334	0.9153	0.3003	0.3515	-0.9157	-1.7707	0.5457	-1.7196	0.4914	-0.4070	0.9851
0.3557	1.9840	0.9386	1.4765	-0.0176	-0.5616	-1.4166	-0.5335	-0.5242	0.2708	0.0795	-1.2460	0.3556	0.9315	0.0442	0.6327	0.4551	0.0496	1.0691	0.2537	-0.1130	0.5120	-1.1123	0.3441	1.2429	-1.2691	-0.1915	1.9194	0.0700	0.9501	0.1579	-2.1013	-1.1363	0.6940	-1.2027	-0.1458	0.0942	-0.9808	-0.7820	-0.1591	-0.3041	-1.3232	-0.4954	0.8386	0.7432	0.2049	0.7780	0.8912	0.3734	1.9410
-0.2634	0.1412	0.2187	-0.0022	-0.3077	-1.6639	-1.2489	0.1092	0.1717	0.0588	-0.1612	2.3316	0.3312	-0.1424	0.4651	-0.1893	-0.0145	-0.1738	-0.0726	0.5672	-1.0403	0.1038	-0.0493	-0.0116	0.2739	0.2491	-0.9612	-0.5568	-0.3090	-0.1440	1.0384	0.0956	-0.2678	-0.3299	0.9702	-1.2674	-0.3654	-0.9582	0.0582	2.4021	-0.9047	0.4773	0.1536	-1.0001	1.3917	0.0121	0.6005	0.3379	-0.2744	0.0512
0.5831	-0.2314	-1.7961	-0.6353	-0.2467	1.2584	1.3435	1.8736	0.2678	0.1386	0.0141	0.5736	1.9546	2.1091	0.0901	-1.6026	0.3446	-0.6596	0.5788	-1.0088	0.6464	-1.2339	0.9932	1.1222	0.2186	-1.7700	0.5218	-1.7130	-0.4607	0.3365	-0.5224	0.0403	1.1976	-0.4619	-1.5472	1.8485	0.7216	1.3351	-1.1610	0.3290	0.5027	0.2833	1.0875	-1.3728	-1.4742	-2.1544	0.3194	-0.1647	-1.0063	0.2773
-0.1399	0.6966	-0.5395	-0.5826	0.3847	0.2538	0.4414	0.1017	-0.8363	-1.2647	0.9447	0.1683	-0.5341	0.1548	-0.3721	1.0302	-0.1897	0.2832	-0.9433	-1.0387	-0.1041	1.1308	-0.5911	-0.7337	0.8353	-0.0340	-0.0529	-0.1977	0.4269	-1.1288	0.3164	-1.4795	1.2130	0.7533	0.3862	-0.6184	-0.1982	-0.3893	0.2495	0.8807	0.2301	-0.3891	-0.3084	-0.1806	-0.5590	-0.0463	-1.1176	0.0228	2.0658	0.4883
0.0945	0.4444	0.5322	-0.0494	1.4855	0.5151	0.2513	1.0492	0.5641	-0.4289	-0.2014	1.7611	0.2433	1.5357	-0.4258	-1.7920	0.1914	0.2110	0.4924	0.0484	0.8790	-0.7971	0.5667	0.1316	1.2705	-0.9445	0.5015	0.0807	1.8270	-0.4705	-0.7170	-0.0975	0.1903	0.0154	1.1547	-1.2374	-0.3012	1.4314	0.0918	0.3177	-0.8390	-0.4049	1.0780	-0.3988	-0.6094	-0.7993	0.1729	0.6268	0.3423	0.0471
-0.2438	1.5670	-1.3792	0.7125	0.9389	1.1754	0.1945	0.1224	0.0240	0.7512	1.0760	0.1660	-0.8473	0.7442	-0.3328	-1.7137	0.7118	-0.6026	-0.5196	-0.9646	1.0555	-0.1865	1.2554	-0.2409	-0.6105	0.4698	-0.4172	0.5739	1.0459	-0.2098	0.1080	-0.4644	0.2227	0.4580	0.0997	-0.0551	1.1384	2.1324	0.1548	0.7116	0.4415	-0.1247	-1.0959	1.2588	-0.2661	-1.6388	0.9474	0.9145	0.3009	-1.5034
-0.3648	1.8642	-0.0456	-1.8760	1.0978	-1.1123	-1.1339	0.5837	0.5643	-1.0284	-0.8574	-0.1837	0.6327	-1.7754	-0.6511	-1.0112	-0.3892	-1.0133	0.0652	0.2848	-0.8170	-1.1364	0.3193	1.1525	0.3733	-0.0792	1.2343	-1.9052	-0.5184	0.7331	-0.3080	0.2130	-0.0118	1.7964	-0.3780	0.1052	0.5188	0.9296	0.9322	0.0397	-0.1718	-0.0169	1.5099	-0.3900	-0.5651	-0.5126	0.1407	1.5949	1.1309	1.3365
-0.2181	0.1125	0.7141	-1.1185	-0.1544	-0.6734	-0.0586	0.7249	-0.9304	-0.2728	-2.2156	0.9333	-0.3948	-0.7433	0.5637	0.2622	-1.2283	-0.4170	0.6935	1.3905	1.3523	0.0236	0.4396	0.2846	2.9130	0.5171	0.7558	-0.5059	-0.9249	-0.5668	0.5844	-0.3507	1.5179	-0.2926	0.8361	-0.1737	0.3384	0.1030	1.0737	-1.4708	2.8173	1.0105	0.9886	-0.5235	-0.0311	-0.7654	0.0566	-1.4957	0.1358	0.5805
0.4250	-1.1335	-0.5003	0.5875	-0.2897	0.2731	-0.6488	-0.7759	-0.9977	0.3254	-1.2097	-0.1264	-0.1505	0.3252	1.4811	0.7740	-0.8893	-1.7355	0.0632	0.3114	0.2452	-0.2469	-0.1666	-1.3862	-0.7320	0.8521	0.9241	0.0205	-1.5436	-0.0483	1.2671	1.2676	2.0496	-0.3310	1.8960	0.0549	-0.7890	0.4751	0.7362	-1.0816	0.0138	0.9320	-2.3446	-0.1689	0.4017	1.9936	-0.7825	0.2063	1.2986	-1.1759
0.2047	-0.4720	1.0298	0.4829	0.6162	-1.0168	0.4042	0.8300	-1.1206	-0.1603	0.8216	0.3385	-0.3204	-1.6062	0.5610	0.9945	-0.0729	1.3098	-0.7539	-0.0440	-0.0101	1.9651	1.6988	-0.6596	-1.8296	0.0936	-1.1266	-0.7866	-1.9699	0.9361	-1.6088	0.2631	-0.5443	1.5546	-0.2859	1.1672	-0.5427	0.0328	0.0485	0.6327	1.0273	1.7278	-1.2202	0.0266	0.4833	1.8376	0.4110	1.2027	0.2114	0.1337
-0.7252	0.2432	-0.7964	1.6109	-0.0181	-1.0855	1.9177	0.5520	-0.1037	-1.0672	1.2017	0.5917	0.3429	-0.4524	1.7528	0.7634	0.5939	0.1195	0.7114	1.0703	0.2861	-0.4386	1.0571	0.0685	0.8811	-0.5618	-0.8962	-0.5930	-0.9499	0.0172	-0.8846	0.7251	0.9422	-1.3788	-0.0862	0.2432	-0.4460	0.5387	-0.1944	-0.7427	0.4117	1.0093	1.4232	-0.7144	0.5005	-0.2432	0.2748	0.6585	0.3940	-0.5368
0.1804	0.0409	-1.8890	1.6846	-0.5526	0.8204	0.0280	0.1984	0.1808	-0.2127	-0.6075	0.1436	-0.7086	-0.5994	0.9569	-0.5136	0.3270	-1.0281	-0.0449	1.0693	-0.5572	-0.1395	-1.6260	-0.8001	-1.5250	0.9145	1.2951	0.9630	0.5688	-2.0364	0.4233	-0.2152	0.0831	-1.0093	-0.6191	0.5763	-1.0395	-0.6676	0.0323	-0.9800	1.0537	0.0413	-1.7705	0.4703	-0.4926	0.3106	-1.0533	-0.6387	-0.0130	0.2540
-1.2299	1.7176	1.0952	1.1280	0.6179	-0.2861	-0.6318	0.7378	0.3318	-1.0541	-1.2617	-0.2313	-0.6671	1.6582	-1.1210	-0.3671	-0.8148	0.0135	-0.0839	0.1512	0.3240	-0.2677	0.5040	-0.7146	0.8308	0.1271	0.1531	-1.1152	-0.7181	0.5559	1.3776	-0.5766	-0.2136	0.3763	-0.3698	1.6509	-0.5554	0.4158	0.1501	-0.5331	1.0224	-0.6477	-1.3194	-0.1910	-0.8675	1.2669	-1.1329	2.5413	-1.1887	0.2713
-0.2065	2.2868	-1.1183	-0.1519	0.1343	-0.7155	-0.0293	-1.5733	0.2819	0.1368	0.3584	-0.4646	-1.2842	0.8904	-0.0264	1.3729	-0.7220	0.4920	1.0190	-0.5088	-0.1522	-0.3487	0.0851	0.3616	-2.6394	-0.8488	0.3866	0.3832	0.3070	0.2817	2.2946	1.7369	-2.5702	0.5118	-0.6599	-0.5599	0.6593	-0.7779	3.4575	0.8747	-0.2547	-2.9846	-0.9595	-1.4182	-2.3379	0.8778	-0.7357	-0.2353	1.1039	0.3465
-0.7528	-0.1656	-0.7258	-0.6195	0.2801	0.8745	0.5505	0.0455	1.1276	1.3722	0.6448	1.2741	1.8658	-0.5827	1.2762	-0.0551	-0.3253	-0.2462	-0.6701	-1.2748	1.6377	1.6046	-0.4132	-0.3897	0.0814	0.0152	-0.9298	-0.7499	0.4843	-0.7483	-0.9444	1.8970	-3.6497	-0.3948	-0.9908	2.3082	0.0185	-1.8721	-0.6371	0.3544	-0.6995	0.9744	-0.8118	1.0549	-2.2762	1.9482	-0.0566	-0.8741	-0.5612	0.4694
-0.1376	-1.7722	2.5133	-0.6931	0.3311	0.1721	-0.5210	-1.9294	-0.7233	-0.6386	1.4131	0.5956	-0.3439	-0.5749	0.9837	-0.3251	-1.3158	-0.9003	-0.5033	-0.7945	-0.3992	-1.2069	-1.2909	1.6769	1.1255	-0.5239	0.2965	1.7330	0.2055	-0.9220	-1.5273	0.8300	0.6880	0.0609	0.2609	-0.6030	-1.1497	-0.5849	-0.8761	1.1093	0.2286	0.3071	0.6594	1.2901	-0.3475	0.3916	0.0432	2.0921	-0.9084	-0.6565
0.5884	0.9433	0.7520	1.5443	0.0276	1.1263	-0.7236	-1.1947	0.6297	0.2541	0.7291	-0.0946	-0.6863	0.6907	-0.7688	2.3763	1.5923	-0.3609	-0.4175	0.8632	0.2976	0.6089	1.6261	-0.7899	-1.0700	1.2918	1.0473	0.9206	-0.1257	0.9262	1.2384	0.3996	1.2641	0.9890	-0.5002	-1.3132	0.5543	-0.1827	0.9246	-2.0043	0.4790	1.4756	0.5460	2.4752	1.3855	-0.6190	0.0775	0.0317	1.7711	-0.0461
0.2028	-0.6225	0.3679	0.0979	1.2132	0.6462	0.9767	0.2590	0.7225	1.6509	-0.5959	-0.2425	-1.6091	1.0643	1.7836	0.1394	0.1451	-0.8949	0.9513	-0.0693	0.0391	-1.0960	0.0097	-1.4274	-1.2369	0.5751	-0.2251	-0.6578	0.4681	0.6799	-1.0827	0.1682	-1.5453	-0.4678	-0.7477	0.9152	-0.9754	1.7852	-1.0027	0.4798	-0.8891	-2.0685	-0.5388	0.8861	1.0916	-0.5074	0.5286	-0.9533	-0.0625	0.5194
0.8139	-0.4136	1.3874	-1.1111	-0.3549	1.1122	-0.9998	0.4193	3.2427	-1.4032	0.4033	-0.8572	-0.7195	1.1779	-1.6704	0.5383	0.4219	0.2338	0.5315	-0.8404	-1.1039	-0.0689	0.2737	0.8823	0.2813	-0.6108	-0.4919	0.7408	-1.2039	-1.4564	-0.0717	1.2197	-0.6237	0.5101	-1.1369	0.2196	0.1945	-0.5210	1.3499	1.8005	-1.6160	1.5229	-0.2580	-0.8552	-0.9890	1.1433	-0.3786	0.8328	-0.2621	-0.8957
-1.5951	-1.3639	-0.1415	-0.2323	-0.1245	-0.6959	0.3360	1.2622	0.3569	0.2405	-0.6404	-0.5751	-0.0488	0.6600	-0.2721	1.0524	1.0357	1.3902	-0.6143	-0.8576	1.6075	0.6707	0.7977	2.4447	-0.0495	2.1979	-0.1293	-0.8892	-0.8154	-0.2655	-0.3566	0.5396	1.1109	0.5707	-1.4723	-0.7458	-0.1037	-1.4465	1.2033	0.8687	-0.1428	-1.1473	-2.2714	-1.0492	0.0686	0.6094	0.9371	-0.9573	-0.9895	0.7281
1.5419	0.3197	0.9215	-1.1159	0.4187	-0.8946	-1.0109	-0.2339	0.1985	-0.8973	0.0825	-1.1760	1.4338	0.6121	-0.1411	1.0663	-0.3570	-0.3100	-0.8481	0.9164	-0.9256	1.1351	1.2698	-0.6492	0.0984	1.1404	0.4815	1.0972	1.1149	-1.0656	0.1567	0.2999	-0.3931	0.4573	1.3906	1.4735	0.4125	-0.3331	-0.6385	-0.6776	0.2214	-0.0619	-1.7712	1.0469	-0.1319	-0.7027	-1.6672	0.4390	-0.7031	0.2847
0.0698	-0.4184	-1.9891	-0.6653	1.1542	-0.4827	0.8195	1.0288	2.0817	-0.8076	0.2010	-0.2559	-1.0143	-1.6222	-0.5761	0.8105	-0.4389	0.8648	0.6562	0.7464	-1.6813	0.9356	1.4073	-1.3717	0.5741	2.1398	0.6693	2.3566	-1.0619	0.4252	-0.0192	2.7899	0.4948	-0.5169	-2.2557	0.7102	0.4621	0.4895	1.0370	0.4451	-1.0467	-2.7268	-0.9146	1.3648	-0.6150	-1.9918	1.0143	-1.3258	0.4032	0.3000
0.9072	0.6007	1.6226	0.2216	-0.0082	-1.2847	-1.4935	-0.8822	0.0329	-0.3117	-0.7344	-1.0318	-0.4939	0.4507	-1.3776	0.4558	0.3895	1.1523	-0.0381	-0.3816	-1.0973	-0.1824	-0.3410	0.1566	0.1496	-0.7254	0.6270	-2.2639	-0.9853	0.3131	-0.3236	-0.4317	-0.1337	-2.6977	-2.0072	-0.0032	1.5149	0.7542	0.7264	-1.0767	-1.6254	-1.2742	0.6749	-0.4236	-1.7515	1.2496	-0.9580	-2.0175	-0.1579	-0.2980
-0.2431	0.4343	-0.6100	-0.1232	-0.5777	-1.1720	0.4111	0.9711	0.9837	-0.8233	-0.8953	1.0743	0.7179	-0.8675	-2.0843	0.5789	1.2577	0.4942	1.0413	-1.2628	-0.0670	0.7089	-1.1763	-1.1978	0.2601	-0.1662	0.2354	0.5878	0.1809	1.7380	0.4333	0.4332	0.8420	1.9295	-0.5077	0.3638	-0.1858	-0.7055	2.3728	-1.0481	-1.7101	0.6894	-0.7124	0.0140	-2.2803	0.2001	-0.7024	0.2446	0.1440	0.7478
-0.0167	1.6940	1.1093	-0.3428	0.1675	-0.4557	1.0062	-1.1580	1.0390	-1.5257	0.2044	0.9169	-1.9783	0.3107	0.8125	-0.4326	-1.5179	1.1921	0.9031	-0.1071	-0.6457	1.7898	-0.2775	1.4618	0.0540	-1.1853	-0.2662	-0.2489	0.6658	0.5898	0.5462	0.0237	0.8331	-0.6878	0.3906	-0.5427	1.2776	1.0358	-0.2144	2.1207	0.5132	-1.2435	0.8258	-0.5306	0.1623	0.3158	0.5510	1.5354	-0.5052	0.5884
-0.7663	-0.6760	-0.2802	0.4151	-0.3775	0.9049	0.1119	1.6323	-1.7454	-1.4120	-0.0518	-1.0358	0.0774	-1.2029	-0.8729	0.9570	-0.1646	1.9395	0.7727	1.4084	-0.3703	-0.1714	-0.3088	0.2670	-0.1009	-0.4358	-1.0202	0.3762	0.0011	-0.8122	0.7387	-1.9386	0.2468	2.0359	-1.8918	0.1302	-0.0538	-1.4423	-0.9194	-0.6321	0.5819	-1.2527	0.5198	0.4294	0.6470	-0.0828	-0.1162	1.7891	0.7279	1.0175
1.4073	-1.1870	-2.1150	-2.2071	-0.4940	-0.2742	0.6148	-1.4783	-0.2684	1.7834	-0.6858	-0.1417	1.7290	0.3761	-0.1660	-0.3686	-1.2627	-0.4610	-0.5506	1.6106	-1.1116	1.0254	-1.2389	-0.0773	1.9126	-0.6690	0.6138	2.1107	1.8394	0.5578	-0.3821	-0.2746	-0.1161	-0.4109	1.3429	0.3186	0.3612	-0.3833	0.1439	-0.6253	1.3383	1.1846	-0.7210	1.1119	0.9227	2.6534	-1.2551	-1.0389	1.7179	-0.3754
-0.9302	0.1718	0.3697	-0.7071	-1.5819	0.3874	-2.1693	-0.7873	1.5944	0.4300	0.6119	-0.6141	0.0417	-0.5311	-0.9487	-0.4111	-1.3504	-1.2816	0.1293	-1.5692	1.7303	0.2114	-1.5880	1.5526	0.2049	3.1176	0.7783	-2.8453	0.9109	0.4298	-0.9368	0.6221	-1.0747	1.2447	-0.7579	-1.1932	-1.8797	0.2556	0.7354	-1.9209	-1.5768	-1.6543	-0.0302	-1.0252	-0.9807	0.4012	0.1478	-0.9649	0.8743	-0.2733
1.1055	-0.8757	0.0950	1.4052	-1.5309	-0.5372	-1.1139	-0.7734	0.3109	-0.8567	-1.1982	0.2320	0.0001	-0.3823	-0.0900	0.4156	1.4940	-1.2374	-0.0619	-0.2220	0.8989	0.9267	-1.0065	0.7448	-0.1088	-0.1595	0.5005	0.2120	0.0727	-0.0642	0.0127	-0.6369	0.1643	-0.8848	-1.4112	1.1084	1.2523	0.9298	0.1704	-0.0634	-1.5435	0.5287	0.5823	-0.5280	-0.2755	-0.6756	0.3234	0.0106	-0.5101	0.0898
-0.6257	1.4622	-1.8387	-0.3969	-0.6053	-0.2986	-0.7393	0.6086	0.1778	-1.3190	0.2121	0.2902	-0.9678	0.5017	-1.0200	0.4398	-0.4045	0.3966	0.4628	0.7919	-1.1683	0.8020	0.3051	-2.0359	0.0099	0.1930	0.7603	-0.1694	0.1205	-0.6828	-1.4809	0.8535	-1.3613	0.5917	0.8443	1.4148	-0.3150	-1.2188	-0.6589	-0.9682	-0.8024	-1.3403	0.1048	-0.3528	1.0024	0.1552	1.2746	-2.1489	0.4056	-0.5765
0.4242	-0.0369	0.2625	-0.7801	0.4428	-1.2767	-0.4318	0.8279	0.9660	0.1524	0.2373	-0.5679	0.1039	1.4437	-0.0212	1.2591	1.0781	-1.8073	-1.0660	0.0393	-0.5201	0.4239	-0.4045	0.0763	-1.5526	0.8771	1.3420	0.3212	0.8212	-0.4647	-0.6574	1.1309	1.3885	-1.3589	-0.0911	-0.8741	-0.6832	-0.1355	-0.2356	0.9499	0.5868	0.1515	-1.5055	-0.3117	-0.1106	-1.8639	0.5912	-0.7404	0.9898	0.4290
0.2547	1.0255	1.0380	-0.8579	-0.1773	-0.5369	0.4547	-0.2942	2.0299	-0.4221	-0.4038	0.0011	0.1738	0.2269	1.7305	-0.9543	-1.9229	-1.1981	-1.2747	-1.9963	-1.9603	-0.3229	-0.8311	-0.5595	-0.4659	-1.6275	-0.9811	-0.3348	0.0824	-0.5951	-0.1213	-1.1754	0.4979	2.0561	3.1668	1.1922	-0.0416	-0.1229	-0.4530	-0.4736	0.1030	-0.5383	0.0606	0.3778	2.0321	-0.2368	1.1422	-1.0318	-3.2088	0.4316
-2.7491	0.9838	-0.5997	-0.4449	0.8034	-0.7257	-0.8691	0.9593	-1.1228	-0.7881	-0.3367	0.6579	0.3965	-0.1315	-1.6471	2.5860	0.2756	-1.9702	0.5422	-0.6168	-1.2728	-1.7228	0.4622	0.1106	0.8802	0.0686	-0.4746	0.9991	-1.0883	-0.1996	-0.5799	0.4163	0.0541	-1.3520	0.3632	-0.5506	1.0868	0.2115	0.5014	-0.5146	-0.1538	2.6599	-0.8010	-0.5929	1.7178	0.0342	0.0549	-0.3771	0.1971	-1.0962
0.0704	-0.0391	-0.1725	0.9676	2.2227	0.6481	0.1449	1.1165	-1.1611	-0.5311	0.1949	2.2023	-1.5544	0.2468	-0.6037	0.6994	0.3565	-0.2450	1.0414	-1.0775	1.2223	-0.7635	0.5902	-1.4081	-1.0623	0.5454	-0.1098	-1.0089	0.2041	0.7639	0.9803	-2.0864	-0.7927	-1.2589	-0.6686	0.9096	0.0188	1.7321	0.8379	-0.1457	0.0006	1.1040	-0.0516	-0.6855	1.9829	0.7633	-0.5556	-2.2348	1.8926	0.8706
0.7124	1.6874	-2.1892	0.1250	1.6988	-0.1411	1.0388	-0.5963	1.0942	1.0392	0.2728	-1.5878	-1.7125	-1.3558	1.0840	0.0472	-2.7116	-0.0358	-1.4215	-0.5492	-1.1182	-0.0878	0.0028	0.1120	0.4505	-0.6820	-0.9819	-0.6483	-0.9000	-0.8284	1.0994	-0.4336	-0.9727	0.8405	0.9922	1.5524	0.6228	-0.6022	-1.1080	-2.2333	-0.8724	-0.1903	0.3985	-0.4457	0.3556	0.6848	-0.0870	-1.3574	1.2693	1.2014
2.9659	2.5832	-0.2133	-0.4678	1.1957	-0.3211	-2.5294	-2.0060	1.4877	-2.1077	-0.5455	-0.4304	0.6622	-1.9044	0.2587	1.4012	-1.2660	-0.2419	-0.9628	1.0327	1.4256	1.0286	0.7974	1.0311	0.2540	-1.0994	1.2033	0.8741	1.3807	0.9759	-0.7236	0.3866	0.0609	1.2133	2.1251	0.6691	-1.1116	-1.7011	-0.1703	0.7171	-0.8285	0.1635	1.3766	-0.9859	-0.2892	-0.6815	0.2566	-0.6565	1.1349	0.4382
-0.6989	0.0699	-1.1873	-0.2029	0.4632	-0.0976	-0.8087	-1.1467	0.5730	-0.4073	-1.2205	-0.4313	-0.0783	0.0903	-0.4871	-0.0038	-0.0732	-0.3953	-0.5015	-2.9818	1.0547	0.3322	0.3476	0.7799	-0.8429	-0.9003	1.1559	0.9770	-0.2529	0.7825	1.1303	2.2300	0.1073	-0.2326	-1.4238	-2.2517	-0.8264	0.0339	-0.3524	-0.3299	-2.6961	-0.6474	1.7500	-0.1544	-2.3423	1.0692	-0.1468	-1.2469	-1.6240	-0.4015
-0.3482	0.8432	0.2128	-0.4648	-1.9838	1.0394	0.9925	0.2226	-0.0467	0.9909	0.9073	2.2675	0.9989	0.2537	1.5245	-0.9275	1.5378	-0.3550	1.8801	0.7792	-0.1947	-2.1957	-0.8595	2.6717	0.7775	-0.3239	-0.6022	0.7885	0.7316	0.6006	-0.5619	0.3686	0.4585	-0.8341	-0.4092	-0.7203	1.7464	0.0203	-1.7990	0.0677	-1.3497	-1.6371	0.6651	1.2752	-0.7462	0.9271	-1.1001	-0.3532	1.3548	-0.8854
-0.0366	1.8513	-0.2352	1.0985	-1.0727	0.0769	-0.0854	0.7965	-1.2050	1.5160	-1.4756	-0.5055	0.3777	1.5412	-0.0284	-0.5738	-1.7526	0.5955	-0.9380	0.6191	-0.4160	-0.4291	1.3968	-0.6971	-0.6646	0.1922	-0.7876	-0.3334	1.7920	-0.4761	1.0721	-1.3901	2.6251	1.5608	-0.9337	0.0875	-1.3527	-0.7384	0.0153	0.0842	-0.8112	-1.1840	-1.7078	-1.1898	0.4482	-1.0405	2.4927	0.2490	-0.0727	0.3787
1.2702	0.8207	-0.2535	-0.4886	-0.6566	0.3746	-1.4683	-0.1409	0.4490	-0.2923	0.7117	-1.8637	-0.4373	0.4417	1.4200	1.5129	0.5085	-0.2721	-0.6096	0.5502	0.5532	-0.4461	-1.2277	-0.7397	-1.3580	-0.8221	-0.0594	-1.0190	-0.1021	-0.6680	-0.3825	0.4307	-0.5479	0.2475	1.3354	-0.7274	-0.3777	0.1295	3.2594	-0.3521	0.8453	-0.2309	-1.6559	1.5879	0.8128	0.6089	0.4573	0.6452	-0.9224	0.6536
-0.7009	0.8676	-0.4532	0.9322	0.6486	1.1309	0.3035	0.7865	-0.5167	0.6240	-0.4734	-0.5196	-0.6280	-1.3714	1.7350	0.7845	-1.2324	1.3666	0.9621	-0.7663	-1.5972	-0.4651	-0.2083	-0.6995	0.5468	-0.2954	1.6255	-0.7369	1.4894	1.3024	-0.2224	-0.0856	0.5363	0.3590	2.0672	0.2939	-0.5788	-0.6984	0.7736	-0.5203	-0.2246	-0.5747	-0.4680	1.3189	-0.0068	-1.0359	1.5626	1.0222	-0.4455	-0.4715
-0.3719	-0.1862	-0.0459	-2.3921	0.7684	0.1764	0.4194	-0.9445	0.9339	-0.6229	1.5682	-0.3337	-0.8396	0.7880	-1.5246	0.0589	0.9145	0.5854	0.9846	1.0836	-0.1744	-1.4392	0.5979	-0.5757	1.0679	-1.2936	-1.4770	1.1519	-2.5541	1.1119	0.8863	0.1441	0.3455	1.2749	-1.4061	1.4231	0.1269	-1.1101	0.2554	1.1451	-0.7299	0.1174	0.9217	-0.2216	-1.7858	0.5956	1.7624	-1.0327	0.6892	0.4011
-1.9467	-1.3592	1.8754	1.5831	-0.7625	1.1047	-1.1375	0.2311	-0.5878	0.0459	-1.8997	1.2624	2.2392	2.4926	-0.1049	-1.7498	0.4681	1.0907	-0.8413	-1.1186	-1.5655	-0.7105	1.0512	-1.8689	-0.7070	-0.5343	0.1754	0.1836	0.7927	1.0491	-0.4277	-0.2483	0.0224	-1.1074	-0.1216	-0.0597	-0.5230	0.5085	-0.3694	0.7023	-0.1147	1.8715	1.1381	1.4248	0.5911	0.3378	-2.6597	1.4435	0.6031	-0.7985
0.7807	-0.3987	-1.5800	1.8196	0.1925	1.9087	1.3165	-0.2614	0.7018	-0.6031	-1.5813	-0.3469	0.7111	1.6297	0.7617	0.3016	-1.2973	-0.6844	0.0793	0.8468	-0.8422	1.6716	-0.7756	0.1973	0.8287	-0.1811	0.1908	-1.5762	-0.9442	-1.5870	0.0560	-0.3516	0.3040	1.0357	0.6514	-0.4915	0.6502	-1.2532	1.8402	0.1085	0.2905	-0.0610	-0.4180	1.5791	1.7493	0.0689	0.3743	-1.3438	-1.6252	0.0185
0.7681	-1.0567	0.4440	0.6536	-1.8328	-1.4237	0.1559	-0.2086	-1.0708	0.5693	-1.2801	-0.3960	1.4197	-1.2787	1.4047	-1.0345	-0.5596	-1.4687	-0.4382	-0.9937	-0.0189	-1.1867	1.4132	-2.4022	1.0047	-1.0474	0.1079	-0.5983	1.0786	0.9868	0.6095	-1.1766	0.4725	-0.7252	-0.0147	0.6565	0.4848	0.2203	0.3643	0.5444	-0.1494	1.3837	-0.8275	-1.8101	0.8816	-0.6044	-2.8445	-0.6881	-0.9538	-2.1550
-1.1991	0.6206	-0.1441	-0.8256	-0.2529	0.8324	-2.1207	-1.6859	-0.1942	0.3520	0.1038	-0.1810	-0.0947	-0.7263	-0.7557	1.3467	-0.2848	0.4067	0.4034	0.1916	-0.6362	-1.1110	-0.1852	1.0794	-1.0940	0.9517	-0.3473	0.8327	-0.1772	-1.0917	-1.5175	-0.4730	0.2695	0.4212	-0.1595	-0.3564	-0.0890	1.6603	0.9609	0.5041	-0.8896	-1.5543	0.0273	-0.7408	0.8530	-1.1344	0.2216	-1.6714	-0.4203	-0.4308
-0.0147	0.8381	-1.0978	-1.5411	-1.2329	0.0363	-0.3551	0.9671	-1.2194	0.8234	1.1138	0.1490	0.1874	0.8281	0.4504	0.3909	1.0343	-0.2375	1.0519	-0.4567	0.9853	-0.4036	-1.1128	-0.9241	-1.3512	0.2930	-1.0760	-2.4996	-0.4882	1.1284	-1.1568	-0.3707	1.0481	-1.2041	-0.0905	-1.0183	0.6028	0.4139	0.5156	0.7877	-0.0208	1.1423	0.0384	-1.3511	0.7958	-1.3189	0.3225	0.1210	1.7092	-1.5623
-0.2970	-0.9834	-0.4443	-0.5858	-0.9106	-0.6262	0.0926	-2.0300	-0.5014	-0.1635	0.9951	-0.2713	-0.6529	0.1323	-0.8496	0.9205	-0.4230	-0.2289	0.3178	-0.4835	0.5536	1.4336	1.4019	-0.3656	0.5862	-1.6540	1.3721	-0.0897	0.3571	0.5109	-0.6614	-0.2258	0.3985	0.2377	-0.7702	-0.3338	-0.3968	0.2510	-1.2889	-2.0046	-0.0317	0.9117	-0.5234	-2.8278	-0.8174	-1.3385	-0.6047	-0.1110	-0.9172	0.2003
0.9147	0.0435	-1.0764	-0.3973	-1.1682	-0.5364	-0.6787	0.2434	-1.6372	0.2037	-0.4655	0.7684	0.5910	-0.6902	0.7585	-0.3156	-1.5359	-0.9087	0.9023	0.0403	-0.2639	-1.0636	-0.2466	0.9712	0.8071	-0.6743	-0.0802	-1.6991	-1.3765	-0.8254	0.6347	-0.1763	-0.2692	-0.7390	0.7366	0.5844	-1.7129	-1.1948	-0.3751	-0.7834	-0.3536	0.4132	-0.2376	-0.0104	-1.6318	-0.6016	-0.3622	1.1712	0.0691	0.1739
0.8126	0.0851	0.0754	-1.6411	-1.7401	-0.5449	-0.1469	0.9247	-1.3525	-0.5901	0.4619	-0.2661	-1.4632	1.2377	-0.0295	0.9846	0.0019	-0.5807	0.3971	-0.7969	-0.3909	1.2492	-0.3379	-0.4298	-0.5153	0.4786	0.5456	-0.0465	-0.3778	-0.2826	-1.1491	0.4101	1.1599	0.2311	-0.1105	0.7257	-1.2039	1.0307	0.9996	0.4741	0.5971	1.2520	0.6618	-0.7355	1.1896	0.1873	-1.5555	0.9377	-0.6157	-2.3199
-0.6477	0.7314	-1.1390	0.8176	1.3052	0.5304	-0.6328	-0.9458	0.7963	1.0634	-0.9292	0.7699	-0.4872	0.8884	-2.0016	-0.4531	-0.9080	1.0539	-1.3601	-0.9157	-0.5996	1.1367	0.9255	0.1122	1.9278	-0.1251	0.2139	-0.6277	0.6077	-0.4904	1.4941	-0.8847	-0.7097	-0.4298	1.3341	-1.0765	0.8722	-0.0691	1.3085	0.4165	-0.7821	0.3339	-0.1116	-1.3061	1.3149	0.1747	-1.1255	0.7135	0.3026	1.1903
-0.2387	0.2527	-0.2407	0.0866	-1.3185	0.7747	-0.0542	0.4596	0.7652	-1.3459	0.6077	0.0959	-0.9406	-1.2185	-0.3928	0.2218	2.0293	0.7288	0.1530	0.1603	1.6848	-1.5490	-0.1272	-0.7434	2.6712	1.9775	-0.6549	-0.9527	-0.4521	0.9438	1.4073	-0.4349	-0.6697	0.9450	-1.2563	-0.5295	-0.2116	-0.7178	-0.3573	0.6216	0.1420	-0.3578	0.7171	-0.1742	-1.4129	1.4374	1.4416	-0.1854	1.5499	-0.9000
-0.3805	-0.2500	-0.5841	-1.3286	0.6722	-1.2152	-1.2974	-2.7348	-1.0445	-0.4232	-2.0172	-0.8288	-2.0655	-2.6068	0.3523	-0.6577	0.7331	1.9016	0.1696	-0.2590	0.1334	0.2775	0.5063	0.9840	0.6414	-0.0211	-2.2237	0.0637	1.4000	0.2411	1.0826	1.7287	-1.7168	-0.1721	-1.8955	0.8206	2.1552	-0.2214	-0.9304	0.2473	0.3304	-1.3529	-0.7171	1.8216	0.0441	1.0655	-1.8779	-0.1865	1.8428	-0.5254
-0.0673	-0.0017	-0.2409	0.9517	0.0890	-1.1949	-0.2832	-0.2332	0.6394	-2.0317	-0.0243	-0.3427	-1.1377	0.0644	1.9449	0.1148	0.2073	1.6657	2.2816	1.6530	1.5652	0.3670	0.7290	1.8718	0.0623	-0.4304	-1.5537	2.4936	0.5858	-0.1869	-0.1212	0.5510	0.3107	1.3256	0.6999	0.2239	-1.0749	-0.0915	1.3079	2.1484	-0.2677	0.7436	0.9242	1.1810	0.2967	0.3794	-0.0667	-1.4243	0.4468	0.2040
0.9557	1.4435	0.5316	0.6876	1.8642	1.7609	-1.2552	-0.8177	0.4194	-0.6122	-1.5160	0.9435	0.9005	-1.1759	0.2091	1.3010	1.5738	-0.2458	-0.0298	1.2106	-0.4343	0.1748	0.3164	-1.9520	0.7710	0.4383	0.3565	0.5838	0.5208	1.4058	0.9332	0.6086	-2.3422	-0.5058	0.1456	1.0700	-0.1001	1.5744	0.4851	-0.5244	2.6980	0.2380	-0.9626	-1.7620	1.6300	-1.4094	1.2257	0.1336	0.4305	-0.0661
0.6645	-1.0399	2.7098	0.8693	1.6306	0.7677	0.2484	1.2518	0.6418	-1.8531	-1.7510	-1.8837	-0.9428	0.3816	-0.0272	0.0396	-1.1959	-0.6718	-0.7871	-0.2778	0.3390	-2.1180	1.3911	0.6131	-0.2010	0.0211	1.4468	-0.4758	-1.8106	-1.2626	1.2443	1.3659	1.6265	-0.0557	0.5759	0.3646	0.2432	0.0274	-1.2586	0.6911	-0.3408	0.7775	-1.0762	-1.5260	0.0243	1.0308	-1.4680	0.1099	1.8467	-0.6624
1.9041	0.0038	0.9220	-1.2269	-1.0579	0.5057	0.0366	-0.7496	0.0716	0.0862	-1.3460	-1.1975	1.1728	-0.4508	1.1860	-0.1175	1.1033	0.6608	-0.1255	0.6829	0.6499	-1.5663	1.5212	0.3378	-0.2512	0.5953	0.4106	0.5958	-0.1455	-2.7688	0.0764	0.2726	-0.1668	-2.0754	1.2552	0.6457	0.9264	-0.0951	-0.1205	1.3882	-1.2730	0.5704	1.1054	-0.4212	0.4860	-0.6338	0.3998	1.0098	0.2457	-0.3600
-0.2353	-0.4004	-0.8357	-0.9064	-0.0274	0.7966	-0.5393	-0.6313	0.6247	0.3875	-1.4164	1.5689	1.6281	0.1342	-0.4477	0.6581	0.8466	0.9703	1.6200	-0.3940	0.3333	-0.3733	0.3463	-0.4369	0.5838	2.4272	-1.0332	-0.8303	-0.5329	-1.2887	0.3823	1.0752	-1.7304	-0.3189	-0.0057	0.4970	-0.8906	1.0186	2.4722	1.3277	-1.1441	-0.2374	-0.7760	-1.9058	-0.0632	-0.7301	-0.2631	0.4638	-0.8596	0.2999
-0.6098	1.1615	-0.6352	0.3148	0.2395	-0.3557	-1.6001	0.8546	-0.0050	-1.2487	0.6424	-0.3022	-0.9328	1.1970	-1.5399	-2.2668	-0.8188	-0.1403	1.4324	-2.1417	-0.3244	1.1646	-2.1282	1.1790	-1.2198	-0.7328	0.3704	1.1722	0.6845	0.1637	-1.5877	1.4661	0.8951	1.1284	1.3116	0.2532	0.7164	2.2742	-0.9533	0.3173	-0.5833	-1.1259	1.2047	0.2709	0.2755	-0.2608	-0.4197	1.2135	0.0302	1.8523
0.1923	2.0676	-0.0447	-0.2722	-0.1359	-0.2369	1.7116	-0.6302	1.1088	-0.6113	-0.3974	-0.2363	0.1061	-0.0857	1.1012	0.5650	0.4019	-0.5632	-0.1365	-0.2701	1.6818	-0.5004	1.0871	1.6790	0.4805	0.4610	-0.1769	-0.6106	1.5026	0.5127	-1.8784	-0.2480	-0.9961	0.2033	1.4911	-1.3839	0.9111	-0.7338	-0.6764	0.7103	-0.3311	0.4036	0.6353	1.4550	-1.0309	-0.9119	0.5099	1.8058	-1.0694	-0.4356
-0.7790	-1.3170	-0.9103	-2.6833	1.3708	0.0929	0.5106	0.8248	-0.1926	0.3582	0.1277	-0.7935	0.1241	0.1153	-0.2836	0.5067	0.9656	0.4866	-1.8572	-2.7573	-0.8806	-0.3187	1.7922	-0.9378	1.0599	0.5600	-0.1537	0.5357	-0.3863	1.4435	0.6303	-0.0072	0.2143	-0.3686	-0.8112	-0.7671	0.1623	0.5338	0.8252	1.1762	-1.1016	-0.7399	-2.0050	-1.2412	-0.6867	-0.8884	-0.3055	-1.2847	-0.5335	2.7770
1.1540	1.5841	-0.3113	0.4724	0.6818	1.3070	-1.0540	0.3290	0.2999	-1.9740	1.4326	-0.2348	-0.5195	-0.4897	-0.0500	0.0865	-0.6189	-1.9437	0.9963	-0.7431	-1.4010	-0.1811	-0.7484	-0.9294	1.6106	0.4974	-0.8184	1.8187	-0.3347	0.2569	-0.2472	-0.9932	1.0034	0.2508	-0.9239	1.3160	1.0931	-2.3651	-0.6890	-0.9526	-1.1034	-0.3834	0.3725	-1.5151	1.8236	-1.3220	-1.0424	-0.7810	0.2406	-0.8389
-0.1244	2.3343	-0.6851	1.7297	0.9494	0.6610	0.2419	0.9779	2.3117	-1.1570	-0.3493	0.6936	0.7196	-0.1615	0.7372	-0.6265	-0.7850	0.3656	1.7854	-0.4769	1.3504	0.8876	0.3055	-0.6263	-0.8637	-0.2363	0.2445	-0.0897	-0.0810	-1.1047	-0.8118	0.3947	-1.4068	-0.2938	-0.5390	1.3773	1.0705	0.1972	-0.7196	-0.2791	1.8066	1.0678	-0.6221	-1.7812	0.3128	0.0751	-0.3062	0.9373	-1.0393	-1.9224
-0.3150	2.4550	-0.2498	-1.4010	0.6395	1.8260	0.0090	-0.5615	-0.0461	-0.3008	-0.1237	0.5517	-0.2701	0.7192	-0.5153	0.0570	0.5260	0.0988	0.4621	-1.0356	0.6342	-2.1976	0.0687	1.5897	0.9079	0.2183	0.5621	0.1869	-0.7027	0.3597	0.9882	-0.3984	0.9616	-0.0802	-0.0365	-1.3705	-0.4906	-0.4394	-0.0867	1.4803	-1.4160	0.8049	-1.8721	2.4907	-0.1006	-0.3981	-0.0461	-0.7303	2.7717	-0.8133
-1.4716	0.7386	1.1600	1.1240	-0.5212	1.0972	-0.9049	-0.3123	0.6303	-0.2613	1.1158	0.0628	-1.4098	-0.9840	0.5256	0.0903	0.9429	-0.0052	2.3531	0.0846	0.4388	0.5112	0.4390	0.4726	0.5723	-0.7539	1.4854	1.1078	-1.4463	-0.5016	-0.0241	-0.9376	0.8202	-0.3127	0.1471	0.5431	-0.3723	1.6002	1.2372	0.9827	-0.0153	-0.8574	-0.1051	-0.6163	0.6439	2.5240	0.5949	0.7823	-0.3502	0.4806
-0.3513	0.3291	0.5406	-0.6850	-1.6231	-0.6464	-0.4184	0.4456	-0.1255	0.6749	-0.3619	-0.1571	-0.8029	-0.1883	-0.1515	0.5291	-0.4190	0.1980	1.6608	-0.2987	0.9965	0.6867	-0.1283	-0.9425	-0.5124	0.1822	-1.0055	1.3623	0.6270	0.0658	-0.3535	-0.0079	0.0976	-0.3536	0.4449	-0.3374	-0.8544	1.3630	0.7092	1.1410	0.5806	-0.6037	-0.2335	-1.6737	-2.7343	-2.1524	0.1972	2.5292	1.6657	-0.9669
1.8477	-1.5589	1.0900	1.0489	-0.9914	1.4378	-0.2035	-1.3300	0.4902	2.0202	0.2196	1.4410	-1.6142	-1.4205	0.9341	-1.2433	-1.0275	-1.3741	-0.6895	0.2865	-0.2271	-0.9435	0.3176	-2.3082	1.4345	-2.1438	-0.3761	-1.8073	0.6940	0.4401	-1.0483	-0.3919	-1.4303	-1.1254	-2.0578	0.0565	2.2766	2.2407	1.3575	1.0421	0.0423	-0.9139	-1.5599	0.3060	-2.8177	-0.8590	0.7944	2.3199	0.7253	-0.3724
-1.3442	2.0717	1.3246	2.0268	0.1167	1.9671	-0.3768	-0.8084	-1.3122	0.9517	0.2090	-1.6711	0.7304	-1.1968	1.4307	1.3485	0.9155	-0.1253	-0.1377	0.0392	-1.3712	-0.7108	0.0220	-0.1415	-0.4103	0.9911	0.2424	-0.3283	-0.2817	0.0845	-1.3346	0.5648	-1.6623	0.5353	-0.1835	0.8540	-0.8917	0.4782	0.9085	0.1553	-0.5306	-1.1436	-1.5304	0.5827	-0.1550	0.1734	1.3060	-0.4885	1.2968	2.0060
-0.9750	0.6113	-0.2567	0.6944	-0.4772	-0.9505	-0.0562	-0.6875	-0.5968	-2.2010	-0.6425	0.4559	-0.2357	-0.2508	-1.0353	1.2412	0.0140	1.6320	-0.3914	0.9492	0.3487	0.2868	0.4990	0.7274	1.0985	0.6371	1.5144	-0.9238	-1.8756	-0.5544	0.0471	-0.3559	1.3417	-1.6984	-0.7156	-0.8325	0.3743	-0.3209	-0.9126	-0.9633	1.0324	1.0277	0.0033	1.3043	-0.7276	0.8579	-0.1606	-0.1126	-1.0512	1.2894
-0.9927	-1.4999	-0.7240	-0.3991	-0.4403	0.6948	0.5664	-1.1239	-0.3573	1.4718	0.2167	0.2257	-0.9736	1.1341	-0.6179	0.3659	-1.3312	-0.1620	-1.1969	0.5607	1.9754	-2.0966	2.0434	-1.3024	-1.3890	-0.5461	-0.4503	-0.7662	-1.5582	0.6174	0.4310	0.7050	-0.6266	-0.1917	0.9347	0.5570	0.3489	0.6445	1.4929	-0.5414	0.0776	-0.8513	-0.9611	0.2454	-0.8938	-0.6899	1.2018	0.5937	0.4949	1.1574
-0.6284	-0.8286	0.9373	0.3170	1.1061	-0.1025	0.0118	0.4642	-0.0066	0.9546	-0.5761	-1.4706	0.3473	0.3830	0.6997	-1.4711	-1.0411	-0.7667	0.0565	1.0309	-0.0746	-1.1864	-0.4825	-1.6746	0.6837	-0.9604	1.2935	0.8059	-0.3016	0.3913	0.9674	0.3697	0.0680	0.2546	-0.4197	0.0821	0.6030	-0.3411	-0.5516	0.7074	0.7428	-1.3138	1.4846	1.9549	1.2498	-0.5919	0.2576	0.1455	-1.8478	-0.3526
-0.0136	-0.4693	0.2101	-0.5623	-0.5340	-0.6648	0.1424	0.3748	-1.0051	0.1034	-1.0145	0.2350	-1.4688	1.9022	-0.4082	-1.4694	0.3242	0.9620	-1.3469	1.6685	-1.0367	-1.4046	-0.9495	-0.5195	0.3149	1.2218	0.0816	-0.4909	-0.0255	2.3087	1.1341	-0.3984	-2.1150	-0.9996	-0.0460	0.4240	-0.2334	2.0345	1.0323	0.7225	-0.9375	-0.0670	0.6750	-1.2284	-1.7126	-1.1070	-0.2687	-0.2804	-2.0455	0.5566
1.2072	-1.3923	-1.5611	0.7306	1.5139	0.1791	-0.4064	-1.3851	-1.9113	1.9244	0.1297	2.0040	0.3018	1.3189	1.7612	-0.2889	0.2443	1.9761	-0.4237	0.1693	0.1055	1.6924	-0.8428	-1.8804	-0.6331	1.0770	-0.3210	0.8074	0.3278	-1.4053	1.7363	-2.4341	-0.6328	-0.9926	-1.1372	0.0059	3.1150	-2.5203	-0.5704	0.8829	-1.7693	1.1134	-0.2365	0.1555	0.9243	-1.0648	-0.4987	0.2944	0.9186	0.6647
0.5473	-1.3402	2.9995	-1.7202	-0.9170	0.4646	1.6403	0.8374	-0.3618	-0.9210	-0.6877	0.4035	0.6676	-0.9090	0.9147	-0.3128	1.1041	0.5844	1.2870	-0.1301	-0.3442	0.7621	0.2352	-0.5362	1.5048	0.6454	0.2290	1.4365	0.4004	-0.0435	-1.0198	0.4192	1.8294	0.7635	-0.4006	-0.8383	-0.7129	-1.0401	-0.7626	-0.3238	0.7367	0.6367	-1.6960	1.3960	-1.4468	0.3967	0.2884	-0.8755	0.0594	-0.0248
0.2103	-1.1900	1.4484	-1.0936	-0.1869	0.2389	-1.6410	0.0071	0.4406	0.4836	-0.8155	1.2512	0.4518	0.6783	-2.1595	-0.6870	0.4593	1.4298	0.2050	-0.6946	0.4781	-1.1524	-2.0051	-2.2908	-0.8516	0.6162	-0.8426	-0.7533	-0.4627	0.3536	1.3041	-0.6498	0.9659	-0.9786	-2.2145	-2.2447	-0.2264	1.2924	0.1434	0.3542	0.6681	0.1119	-0.6568	-0.6680	0.5321	-0.7640	-0.7247	0.7564	2.0980	0.2576
1.4300	-1.2079	1.0791	1.2664	1.3494	1.7682	0.1460	0.4814	-0.6626	0.2306	1.1388	0.6357	0.4585	-0.1303	-0.0313	0.4587	1.5970	0.2912	0.6392	-0.1900	-1.1684	-0.3648	0.2725	0.0267	-0.3502	-1.4114	-1.4616	-0.2953	1.3982	-0.5633	0.6390	-1.1864	-0.1745	-1.1543	0.3292	-0.0853	-0.4281	-1.5459	0.4357	-0.0216	0.1295	-0.7019	0.8995	-1.3172	-0.2411	-0.2959	1.7100	-1.5327	-1.1982	0.4226
-1.0099	0.9653	0.9434	-2.0260	-1.8581	0.6482	-0.9368	0.4262	-0.7216	-0.2739	-0.2982	-1.3079	-0.2110	1.2002	1.5969	-1.0635	1.4840	-0.0933	0.1184	2.2199	0.1255	0.2807	3.0107	-0.6446	0.3070	0.2058	0.1510	0.5233	1.2422	-0.5552	-0.1377	0.4827	-0.2801	0.2568	0.8946	2.0368	-2.8490	-0.3682	-0.3078	-1.4927	0.7325	0.8640	1.5750	-1.8291	-0.0389	0.4060	0.0355	0.4170	-0.2295	-1.7858
-0.8473	-0.2231	-0.3700	-0.7966	1.2125	-0.1126	0.5522	-0.9023	3.2226	-0.0620	1.6175	-0.1779	-0.1422	-1.8826	-0.1076	-0.7552	0.0638	1.8748	1.5764	-0.6050	-2.2834	-0.3040	-0.1044	-0.9114	-0.3720	-1.2032	-0.7012	1.2272	-0.6534	-0.7729	-0.6837	-0.7706	-1.5558	-0.5685	0.0083	-0.5257	-1.6220	1.2378	0.8161	-0.2257	-2.1143	-0.3492	-0.7614	0.1153	2.7147	2.1865	1.5127	-0.0489	-0.0082	1.8033
-0.1095	1.4593	2.0872	-1.4644	-0.1737	-1.2332	0.6869	0.3216	-1.5373	-0.2548	0.9737	0.6449	-1.8954	-0.3994	1.6505	-0.5719	0.3469	0.2776	1.0241	-0.1963	0.7052	-0.2879	1.0561	-0.5065	-1.7790	-0.4681	-1.1189	-0.7373	0.1449	-0.4480	2.0239	-0.8902	0.1937	1.0222	-0.3510	-1.0853	0.5671	1.3032	0.1931	0.7121	1.0622	1.0239	-0.3458	0.8289	1.2784	1.3675	0.4353	1.3385	0.8546	2.3509
-0.4247	-1.2502	-0.4065	-0.4827	1.4749	0.5599	1.7682	-0.1670	-0.9848	-0.2952	-0.3173	0.0732	-0.9271	-0.1631	-0.7073	0.0585	0.4146	-0.0155	0.6977	1.2786	0.2276	0.4632	0.3053	0.0775	-0.3862	-0.9299	-0.3780	0.1076	0.7046	-0.6138	0.6112	1.7121	0.5677	0.9671	0.4703	1.4693	-0.6856	1.7865	0.3362	-0.8286	2.0488	0.6988	0.6691	-1.4866	-0.5097	0.0908	-0.3916	-0.3377	0.4517	-2.8713
-1.4970	0.0609	0.8460	-0.4900	0.6243	-0.1142	1.5323	0.2745	-0.8288	1.4589	-0.2618	0.0212	-0.6431	0.9171	0.0213	-0.2543	-0.5018	-1.3945	-1.3827	-1.2404	-1.3830	0.8496	-1.5381	-0.0431	-0.4244	1.3835	0.3642	0.4678	-0.0884	-1.2265	0.0204	-0.3890	-0.2436	-0.9903	-1.0089	0.0417	0.0037	1.6654	0.1288	-0.7107	-2.8319	0.4298	0.1014	-0.0546	-0.6406	1.6463	-0.5290	1.8505	-0.3955	-0.3763
0.3812	0.4597	1.8636	0.7982	-1.1254	0.9567	-0.3258	-0.3612	0.9158	-0.4528	0.4170	-0.3712	-0.5945	0.0047	0.1652	1.9365	0.1808	0.4637	0.9271	-0.9167	-0.2511	-0.7252	0.9108	-0.8741	-0.0613	-1.6863	1.1956	2.1471	0.9104	-0.0418	-1.2227	0.0275	-1.8913	1.2687	1.2267	0.3532	0.2098	-0.3341	-0.2084	0.5276	1.4875	-0.9110	-1.9799	1.0202	1.5408	-1.4965	-0.0509	-0.5106	1.5303	-0.3908
-0.5660	-0.9671	-0.7995	-0.8334	-0.4727	-0.3127	1.4305	0.4356	1.0398	1.4246	-0.8018	0.1199	0.1727	-0.2048	-0.7272	-1.1015	0.3497	-0.6668	-1.3453	0.0318	-0.1986	-0.9994	-1.0107	-1.1243	-0.7278	0.6482	-0.2259	0.9602	0.2726	0.2215	-0.4475	0.2477	-1.9421	0.4710	0.6391	-0.3152	0.7572	-0.9240	-1.3431	0.8278	-0.5556	0.5971	-0.6822	0.2749	1.5301	1.0360	-0.6398	-1.1058	0.9478	-0.7336
1.0124	-0.4482	-0.7661	1.0271	-0.1821	0.1763	-0.4786	0.0923	-0.3451	-0.7687	-1.2356	-0.1734	-0.5632	-0.0027	1.2484	-0.9642	-0.8890	2.3182	1.2937	-2.8816	-0.4820	-0.2976	0.9573	-0.6646	0.2648	0.3080	-1.0669	-0.0706	0.3832	-1.3589	1.8075	0.5962	0.3328	1.0321	1.9093	-0.5751	0.2451	1.2186	2.1676	1.0154	-0.2447	-0.2684	-0.0106	-0.7323	-0.9783	0.4354	0.2472	0.2381	0.5669	-0.5464
0.4096	1.1728	0.1432	-2.1429	0.5714	-0.4663	-0.1392	0.2353	-1.7886	-0.7514	0.4001	1.4549	0.4143	-0.6538	0.3954	-0.4010	-1.4576	-0.5893	0.5592	1.6204	-0.0009	-0.0105	0.2494	-0.5174	-0.2804	0.0940	-0.9323	0.2544	0.5065	0.9783	-0.6336	1.7995	-0.4193	-0.4033	-0.4098	0.7388	0.1593	0.1376	-0.4556	0.3313	-2.1013	-1.9451	-1.5090	0.0480	-0.0030	0.7114	-0.2494	-0.1243	-0.4969	-1.8119
1.2765	0.2408	-0.7183	0.4142	1.7374	-0.0716	0.8035	-2.1647	0.2620	-1.0967	-0.2884	-1.1575	-0.6481	2.4638	1.0601	-0.0900	-0.9212	-0.7197	0.2048	-0.2924	0.8652	0.9238	-0.3589	-0.5067	2.2607	-0.9450	0.6652	0.1691	-0.3353	1.1934	-0.9148	-1.8558	0.9955	-0.1521	0.0098	-0.7019	-1.1811	0.5227	-0.8851	0.7678	0.2337	-0.3221	-0.0588	-0.2028	2.4658	1.5246	-0.9816	-2.1130	0.7071	-1.2762
-0.0893	1.1187	0.5038	-1.6108	-0.8796	0.6079	-1.0195	0.4066	-1.1389	0.9918	-1.7908	-0.2087	-1.3047	-2.0755	-1.4603	-0.6882	-1.9633	-0.4435	0.3741	-0.1029	0.2339	-0.8601	0.1881	-0.2419	1.2677	0.4975	-0.2454	-1.5915	-0.7617	0.2252	-3.1420	-0.9088	0.8139	-0.2471	0.1531	-0.3310	2.3728	0.5004	-0.8860	0.4823	-0.7011	-0.8387	-0.7172	1.2857	1.2307	-1.9935	0.0802	-1.0402	-0.1686	-0.6073
-0.3381	-0.1378	0.7010	-0.8191	-0.0969	-0.6620	0.2040	1.3321	-1.0890	-0.7516	1.5591	0.1393	-0.4436	1.5551	0.2167	0.8830	-0.3745	1.2194	-1.7177	1.1746	0.0569	0.1567	0.3682	1.1956	0.9308	0.8482	1.7240	-1.2990	0.7539	0.6308	1.3214	-0.9842	-0.5635	0.3512	1.4424	-0.4111	-0.8439	-0.5447	0.5451	0.4322	2.7885	-0.1000	0.6155	0.7619	0.3753	0.7154	0.6249	0.0174	0.0565	-0.5256
0.0641	0.0534	0.0486	-0.7215	0.8133	-0.4771	0.3300	1.1712	-0.3828	0.1467	0.7049	-0.5324	0.1795	1.4145	-0.1775	-0.6685	1.8925	-1.3842	0.2687	-0.5289	-0.6306	-0.3291	1.2199	0.3048	-1.1851	-0.6965	1.8485	-0.7340	0.2157	-0.0048	-1.6150	0.5249	-0.7762	-0.6721	-0.8131	-1.4915	0.3688	-1.0199	0.1993	-0.0696	2.6293	-0.7016	-0.3236	2.3873	0.5486	-2.0820	0.8500	1.2748	0.2585	0.9419
0.5941	0.7524	0.6742	-0.3650	0.3202	-1.6341	-1.2759	-1.9908	-0.2257	1.0245	-0.3450	1.6635	0.7234	1.7831	-0.8551	0.7137	0.1081	0.6365	-0.2835	0.2046	-0.4335	0.5910	-1.0285	0.0827	-0.0397	1.5271	-1.3954	-0.2381	1.5190	1.4046	0.9325	-0.2808	-0.6516	-0.1592	-1.0083	-0.8475	-0.4938	-1.1419	1.4478	0.9109	-1.5473	0.6521	2.1890	0.4683	-0.7045	1.9106	-1.1663	0.1142	0.4721	0.6178
0.2050	-1.8607	-1.5334	-0.3297	0.1977	0.4062	-0.6502	1.9681	1.3070	-1.0259	-0.2964	0.7860	-1.7738	0.3806	1.3461	0.6754	1.2643	-0.9879	-0.2413	0.1339	-1.0909	0.2826	-0.0385	0.9694	-1.2645	1.0498	-1.2367	-0.3079	0.1246	0.1410	-0.0493	0.3688	-0.1140	0.2260	1.2381	0.1401	-2.2921	0.4686	-0.8320	0.7900	1.0633	-0.0415	-0.6239	0.9616	1.3895	0.7034	-1.7735	-0.0365	0.1220	-0.3873
-0.2863	-0.5951	-1.0047	0.6811	0.3247	0.0468	1.3868	-1.3235	0.3778	0.0068	0.6183	2.1597	-0.2049	0.9495	-0.0476	0.6054	-0.0717	-0.2669	-1.2391	2.5863	2.3027	-0.0072	-0.0195	0.7702	-1.0529	0.4975	-0.2627	-0.9617	-0.1803	-0.0353	1.2112	-0.5468	0.9973	-0.1728	-1.0378	0.7610	-0.6233	-1.1849	-0.6212	-0.6275	-0.2804	1.6430	0.0580	-1.1023	1.3524	0.9418	-0.9764	0.0626	0.5947	-1.2572
-1.0019	-1.2007	-1.4684	0.1838	-0.0084	-1.0889	-0.5179	0.4712	0.6292	1.1948	1.7415	-0.8259	1.5876	-1.2131	-1.1071	-0.4867	-0.3714	-0.6011	-0.9930	-0.2517	0.3114	-0.0517	-1.9874	0.4649	-0.6562	-1.0236	0.7817	1.3597	-1.7611	0.4530	0.5109	1.0350	-0.6174	1.0692	-1.2341	0.1304	-1.0699	0.1955	-0.6775	0.3640	0.2479	1.2145	0.1686	0.9263	0.7867	0.2196	-0.4782	-0.8796	0.4573	-0.0727
0.0986	-1.1668	0.6038	-1.4300	0.3107	-0.7655	-0.8123	0.8070	0.3672	0.5084	-0.0954	-1.8849	-0.3350	-1.1561	-1.4462	1.8842	-0.0887	-0.2416	0.5984	-0.5071	1.1603	-0.0778	-0.9719	-0.3180	-2.5973	0.3019	1.2340	-1.2968	-0.8840	-0.6762	-0.2868	-0.9211	0.2573	1.8331	-0.4665	0.4837	1.0237	-0.0677	-1.2559	-1.4583	1.0505	0.3445	-0.7563	-1.1010	0.0131	-0.5829	0.9919	-1.1446	-0.4268	0.0769
-1.2676	0.4236	-0.5434	0.5619	0.5886	-0.2786	0.2023	-0.0047	0.8096	-0.6912	0.5423	-1.5182	-0.9722	1.2865	2.6896	-0.6065	-0.1708	0.1766	-0.3551	0.6959	0.7135	0.5280	-0.2619	-0.1609	1.6444	-1.5714	0.4956	-0.0522	-0.8237	-0.7160	-0.7443	1.4550	1.7443	1.0170	0.1337	-0.4868	-2.4663	0.6093	-1.9696	1.2188	-0.0493	0.4813	-0.3257	1.2667	0.7897	-0.0035	0.9784	-1.0060	-0.9726	-0.4315
-0.4515	0.6832	-1.0256	0.0487	-0.8551	0.1464	0.5456	-1.1516	1.9026	-0.6341	1.5101	2.1259	0.3634	1.3783	-1.2963	0.7231	-0.6891	-0.6081	1.5804	0.0729	-1.3528	0.5656	0.7633	-0.0317	0.2381	-0.6083	0.4298	-0.4279	0.2158	1.6933	-0.8103	-1.4339	-0.7826	1.8651	-0.5193	0.3089	-0.3489	1.1977	-0.0858	-0.0035	-0.4340	1.4365	1.5280	0.3702	-0.4660	0.0169	-0.6626	-0.7314	-2.3064	-0.6242
0.0792	-0.1125	0.4897	0.2750	0.4619	0.6705	-0.0384	1.1768	-0.7756	-0.3964	-0.3502	1.8250	1.1032	-0.4356	0.5678	-0.5631	-0.0256	1.4221	-0.5080	-1.2434	0.3201	-0.1792	0.2955	0.4542	0.6264	-1.2713	0.9670	0.7841	-1.6712	-0.1650	0.3599	0.4785	0.7670	0.3972	2.1349	-0.9329	-1.3688	1.7870	0.6069	-2.0142	0.6151	-2.1795	0.5793	0.6120	-0.1214	-1.2300	0.0580	0.3100	-0.5935	-0.1322
2.3704	-0.9922	2.6326	-0.6904	-0.4680	-0.7869	0.5979	-0.8902	0.8576	-0.1201	1.2259	0.0701	0.6316	-0.7620	0.5869	-1.4400	-0.9788	-1.0159	1.2522	-0.5191	-0.2104	-0.1613	0.5428	-0.2726	0.2795	0.6902	1.8332	0.6104	0.6683	-0.0049	-0.4862	-0.8965	1.1661	0.0458	0.5036	0.7609	1.3895	1.7662	1.3710	0.1834	0.2638	-2.0213	0.7103	0.3112	-2.0519	0.0909	-0.3233	0.8800	-0.1922	0.8998
0.6444	1.5567	0.3770	-0.7470	-1.0587	-1.4697	1.1177	-1.4637	-0.7496	-0.8003	-1.1618	-0.0380	-0.1146	0.0093	0.6093	0.7103	-1.2923	1.0440	-0.2123	0.0108	1.5960	0.4314	-1.7346	0.6684	-1.0610	0.0954	-1.1053	1.3785	-0.8893	-0.8096	-1.1816	-0.1169	0.0023	1.6869	1.7835	-2.6136	-0.2552	0.3535	0.6721	1.1293	-0.1473	-0.0323	1.0604	-1.2224	2.0374	-0.1024	0.3424	-0.8646	-0.3880	0.0126
0.9286	1.0432	-1.8392	-0.2139	0.1410	-1.0547	1.8244	1.0413	0.6300	0.6634	0.3011	0.7598	-1.3848	-1.5279	0.3084	-0.3431	0.5192	1.1104	0.0293	1.3999	1.6612	-1.0818	0.2427	1.1557	-1.1411	1.3867	-1.1386	0.3913	1.4028	-0.3149	-0.6092	-1.4146	-0.8251	-0.5182	-1.0637	2.1655	-0.3994	0.1197	-1.2116	-1.2480	0.4361	1.0115	0.2089	0.1371	-1.0556	0.1674	-0.6610	0.8180	-1.3659	0.2454
0.0105	-0.2082	-0.7718	0.6319	1.0169	0.7464	-0.3197	-0.7254	1.7711	-1.0843	0.6613	0.2275	-0.0748	-1.8430	-0.1514	0.2086	0.2539	-1.2937	-0.5524	-0.6770	1.1599	1.7193	0.1769	1.2366	0.2489	0.5887	0.1692	-0.8991	0.7704	-0.3815	-0.0884	1.0164	0.4580	-0.0252	-2.8004	-0.1188	-0.0440	-0.9045	-0.0130	-0.2249	0.1500	-0.3083	0.1509	-0.0108	0.1864	-0.1076	-2.0304	0.2261	-0.6205	-1.9923
0.8537	-0.1671	-1.0148	-0.3588	0.6341	-1.2585	0.3519	1.1465	-2.2947	1.2037	1.0621	-1.2123	1.5390	-1.3392	0.7170	-1.9240	0.3909	0.6411	0.0391	0.8196	2.5640	-0.7286	-0.1200	0.4825	-0.3049	-0.1169	0.4354	1.9607	-0.4727	-0.3099	-0.6439	0.4071	-0.4291	-0.9156	2.2388	0.1942	-0.3110	-0.3320	0.1130	1.3157	0.8642	1.6413	0.6604	-0.8705	-0.2765	0.6044	-0.5920	-0.5627	0.0473	-0.7587
-0.7769	1.5543	-1.3662	0.2152	1.9372	1.2783	-0.0241	-0.3723	2.4022	0.7560	0.9932	-0.9331	-0.5766	0.8842	1.4139	0.8329	0.1319	-0.9792	0.3137	1.1851	-0.6311	0.4520	-0.4450	-0.6449	0.7425	-0.6022	0.4165	-0.0801	0.9959	0.3411	0.3148	-0.7890	-0.1536	0.6301	1.2440	0.4681	-0.2489	0.2126	0.2873	0.8113	-0.2432	0.1578	-1.2219	1.7433	-0.1640	1.3072	-0.0830	1.5282	-1.6024	1.3198
-0.0451	0.0929	0.0480	-0.4739	1.0976	0.7164	-0.4182	0.3892	0.8524	1.0400	0.0508	-1.0000	-1.1554	1.0273	0.5655	0.2907	0.3762	-1.5003	0.2016	-0.4934	-0.6164	-0.2628	0.3906	-0.5402	0.4192	-0.5364	0.9717	0.4750	-0.3180	-1.1422	1.5073	1.9550	0.8359	-0.5985	-0.6454	0.8927	-1.1494	-0.3591	0.8268	-0.5115	2.2106	-0.9952	0.1070	-0.1637	1.4081	0.8761	-0.7160	0.3545	-1.0968	-0.2147
-0.9547	0.3361	0.4999	-0.8079	-0.2330	-0.0672	0.7815	0.4301	-0.7345	0.6446	0.9310	-0.2060	-0.8740	-0.9474	2.0360	-1.6350	1.0136	-0.8979	1.8215	1.7434	-1.0287	0.5709	0.4657	-1.5296	0.5547	-1.9280	-0.0749	0.7688	1.2421	-1.3496	-1.3992	0.0637	0.4498	0.3229	-1.6998	-0.9200	-1.9336	0.3342	0.9400	1.2359	1.5856	-0.6304	-0.7603	0.4320	0.6788	1.4731	-0.4875	-0.6636	0.6188	-0.9699


