
X1	X2	X3	X4	X5	X6	X7	X8	X9	X10	X11	X12	X13	X14	X15	X16	X17	X18	X19	X20	X21	X22	X23	X24	X25	X26	X27	X28	X29	X30	X31	X32	X33	X34	X35	X36	X37	X38	X39	X40	X41	X42	X43	X44	X45	X46	X47	X48	X49	X50
0.6641	0.3295	-0.9751	0.0276	-0.0630	1.5022	0.9243	-0.3015	0.2821	-0.4788	-0.7225	-0.3753	-1.0145	0.3946	0.1007	0.2318	0.1798	1.0363	-0.0397	0.8422	-2.2486	0.3313	1.6194	-0.0536	0.7857	-0.2310	-0.5451	1.6661	0.2773	0.3941	-0.0716	-0.7258	2.2060	0.6091	-1.3546	1.2016	0.6102	-0.2103	-0.9347	-0.1837	-0.0446	-1.1760	0.2330	-1.1654	-2.0938	0.4388	-1.0215	-0.7791	-0.4138	-0.1852
-0.0369	1.2976	1.6067	0.8914	0.2162	0.8755	-0.4109	2.6680	-0.9928	0.3939	-0.7217	-1.8835	0.6417	-0.9664	1.1587	0.1584	1.3475	-0.8399	-0.3755	-0.1177	-1.6685	0.0540	0.2879	-0.4479	-0.4861	-0.1991	-0.1760	1.1328	-1.9939	0.6892	1.1167	-0.7967	-0.7366	-0.4797	-0.9985	0.8366	-1.2371	1.3388	-0.2338	1.9071	-0.1056	-0.9525	-0.8620	1.5726	0.1067	1.5354	0.9985	0.4381	-0.2033	-1.8311
2.1329	0.7049	-0.5153	0.8376	1.0547	-0.0457	-1.2589	-0.2038	-0.1301	-0.2451	1.4938	-0.1502	1.2495	2.2907	1.5610	-0.3917	0.8263	-0.0778	0.7254	-2.2747	-0.7453	-0.1438	1.1195	-1.1072	0.4771	-0.0114	-0.9790	0.3237	0.1165	-1.2995	0.0256	1.6828	0.1492	0.0658	-1.5264	-0.2178	1.9058	-0.8302	0.2427	-0.2902	-0.2466	-0.5187	0.3439	-0.5943	0.2049	0.0233	0.6004	-0.0710	-1.2762	-0.6774
0.3807	-0.3000	0.2294	0.4698	0.1722	-1.1416	-2.9946	0.1209	1.8210	0.8187	0.9825	-1.6515	0.8643	-0.4091	-0.8976	0.0815	0.9626	-2.2055	0.7138	-0.4840	0.8499	-0.1131	1.1855	-0.2745	-0.2576	1.7138	0.5462	-1.0283	0.1056	-1.7199	-0.5152	0.3026	0.2673	-1.0313	-1.6757	0.2480	-1.7342	0.5634	0.7847	-0.3107	0.3424	-1.5436	-0.1121	-0.1336	0.8947	-0.4966	0.5025	0.8243	1.2695	-0.0394
-0.6216	-1.0368	-0.8480	-0.7709	-0.6065	-2.1580	-1.2637	0.2481	1.2266	-0.2377	-1.0411	-1.1480	-0.7711	-0.0416	-0.8256	1.3532	-0.0158	-0.2345	0.9847	1.4725	-0.3354	0.1416	-0.0004	0.6319	-1.0968	-0.2461	1.9622	0.7924	-0.0129	0.8059	-0.3711	0.7440	-1.8069	-1.2231	-1.6364	-0.4390	0.2606	-0.4204	1.1655	0.3791	-0.5304	0.5557	-1.6308	-0.0224	-1.3260	0.0363	0.6702	-0.0959	-0.7879	-0.6987
-0.4915	-0.0609	-0.9178	-0.0994	1.3414	-0.3867	-0.5268	0.0741	-0.9640	-0.9334	1.2699	0.3032	1.3058	2.7255	0.6272	1.5349	0.5272	0.4387	-0.6200	1.6463	-0.0179	0.1826	-0.8271	0.7005	-0.4106	-1.2257	0.5799	-0.6135	-0.4332	-0.5096	0.8968	-3.3437	0.8342	-0.0875	-0.5597	1.0361	1.2241	-0.2244	-0.1134	-0.6246	-0.1481	-0.2681	-0.3567	-0.7126	-1.3223	-1.8234	1.7946	-0.2036	0.2599	0.9800
-1.2203	0.2635	1.5386	-0.6860	0.4266	-0.4708	-1.0830	0.2675	0.2159	1.1869	-1.8883	0.2656	0.8829	1.1589	-0.6185	0.0099	0.7491	0.1163	1.6470	-2.4105	0.3917	-1.7088	-0.0287	0.0078	-0.3753	0.7756	0.9303	0.6343	1.0117	-0.4248	0.3283	-0.6129	0.1701	1.4690	-1.1927	1.0373	-1.8158	0.3121	-0.7555	-1.0669	0.1560	-0.0082	0.2840	-1.1783	0.8924	-0.6953	1.2685	0.4474	-1.6345	-1.5438
-0.5196	2.6626	-0.4411	0.6773	-1.6911	0.4401	0.1253	-0.1176	1.4042	1.0993	-0.0733	0.1815	0.0129	-2.9579	2.2063	-0.6194	-1.2068	0.2690	0.9323	1.7160	-0.9917	0.2760	-1.0803	-0.2252	1.2186	-0.4449	0.8215	1.7331	-0.3841	0.3451	-0.4842	2.1882	0.0563	-1.0683	1.1475	2.6514	-0.0398	0.1809	-0.1881	0.4467	1.9981	1.4952	0.7757	0.1279	0.0841	-0.3817	-2.2920	-1.1986	0.1995	-0.2818
0.4832	-1.0283	1.4192	0.5639	-1.4387	0.9141	-0.0036	1.5994	-1.7889	0.5953	-2.0426	-0.9325	0.7723	-0.5250	0.5092	0.4257	-0.7215	0.3469	-0.4214	-0.7340	0.1466	-0.4445	-0.3241	-0.2545	-0.3750	0.3631	-1.0670	-2.3877	-0.4995	0.0988	-0.8623	1.4057	1.0604	1.2369	-0.2430	-0.5424	0.3030	0.4473	-1.1709	-0.1660	0.1669	0.1983	0.2084	0.0986	-0.1263	3.5144	-1.5762	0.0998	-0.5120	0.5211
0.9975	-0.9926	1.4477	0.3034	1.2154	0.5720	-0.3109	0.5781	0.1134	-0.7063	-0.4600	-0.1396	-0.7282	-0.2807	0.4150	-0.5801	0.2494	1.2200	-0.4918	-0.5788	-1.7305	-1.3149	-1.1108	1.7712	-1.3514	-0.6954	-1.4823	0.0244	-1.4450	1.1330	-0.6369	0.2062	-2.1051	-0.5297	-0.8103	0.5476	0.4807	-0.7820	2.3266	-0.5212	-0.1618	0.4341	0.0011	0.1518	-1.1939	0.4523	1.4822	0.8755	-0.2822	1.0838
-0.4394	-0.0090	-1.4025	-0.3544	0.5993	0.3678	0.8800	0.0593	0.7555	2.5543	0.1540	-0.5295	0.4400	1.2182	1.1234	-1.0083	-0.5810	-1.1052	0.3175	1.3609	-0.7856	0.7683	-0.0432	0.1415	0.5719	-0.8880	1.8993	1.0683	0.0124	-0.4298	0.2384	0.1111	-0.0370	1.0343	-0.3293	0.5799	0.6622	-2.0361	-0.8519	0.5350	0.6983	-0.1049	1.3193	-0.8704	-0.6654	-0.4058	-0.0392	0.4933	-0.2274	-0.6514
0.7614	1.6765	0.9431	1.9905	0.7611	-1.0027	0.7193	0.2860	1.5395	0.9196	-1.0006	-0.8083	2.0225	0.3815	1.4027	0.4469	-1.8892	-0.1672	-2.2010	-0.1200	-0.3136	1.8646	-1.8627	0.9142	0.1408	-0.9512	1.0447	0.0148	1.3121	1.9708	-0.8262	-0.0643	-0.6063	0.2830	-0.0231	-0.5778	-1.2618	-1.6302	0.0189	-1.3839	-1.2663	0.1844	-0.8190	1.6250	-0.3427	0.6223	-0.1964	-0.9255	0.5476	0.2944
-0.2660	0.7560	0.1432	-1.0914	0.3611	1.0203	0.6384	-0.6980	0.0146	1.4644	1.1257	-0.4397	-0.8047	0.2487	-0.1555	1.1387	0.3601	-1.0220	1.4539	0.4736	-1.0569	-2.3314	0.4595	-0.9725	0.4046	-0.4085	1.5148	-0.8155	0.6686	0.2676	0.2366	-0.5442	-0.9720	-0.1335	2.2622	-0.4899	1.5361	1.0337	-1.1173	0.6826	-0.7350	-1.2279	1.4149	0.3055	0.3553	-1.1602	1.7190	0.2483	-1.0707	-0.6316
-1.7002	-0.0779	0.5740	-0.6717	0.6140	1.8090	0.6586	-0.3785	2.0064	0.3850	-0.7336	-0.0313	-0.9917	1.1592	-0.5296	-2.1006	-1.0670	0.7414	0.4289	-0.0873	-0.3584	2.7245	1.0468	-0.4737	2.5726	0.3298	0.8971	0.6976	1.4394	1.0649	-0.5756	-1.8980	-0.5706	-1.4276	-0.0872	-0.8965	1.4337	0.4421	-2.1312	-0.3461	-0.8010	1.6615	1.6892	2.1421	-0.2405	0.2653	-0.3407	1.0467	-0.8825	-0.6740
-0.3524	1.0144	-0.4332	0.3295	0.9573	-0.4595	-1.2269	-0.8378	1.3572	1.4290	-0.1123	-0.6792	-0.1882	1.8178	-0.5596	1.4065	2.4264	-0.5440	-0.8135	0.4358	-0.7394	0.9848	0.9198	0.3347	-0.7345	1.4201	0.6335	1.1799	0.9061	-0.2849	0.4054	0.6326	-1.1851	0.4725	0.3627	0.1219	-0.2680	1.3794	-1.4694	0.0138	-1.4107	0.0097	-1.4792	-0.8350	1.9022	2.0203	-1.9557	-1.1532	1.5212	1.9105
-1.0149	1.6494	-0.9626	0.3394	-0.4897	0.4500	1.3535	-0.2239	-0.1192	0.3168	-0.4429	-0.3958	-0.1024	0.1392	-2.0547	1.3978	-1.1956	-1.2899	0.6019	-1.7043	-1.0817	0.1250	1.4273	1.2715	0.4119	-0.1856	-0.7127	1.1820	-0.1379	-0.8170	0.2564	-2.6441	0.0513	1.9510	0.2658	0.5938	1.0967	0.3550	-0.0798	-0.7059	0.2022	-0.0256	0.7974	-0.6784	-1.0332	-0.3030	-0.7648	0.6654	1.1240	1.0292
0.2232	0.1246	1.1832	-0.5538	1.2952	1.6446	2.9405	0.5328	0.1966	-0.5877	-0.0239	0.2090	0.9026	-0.6114	-0.8089	2.0675	-0.2256	0.2366	-0.6151	-0.5921	0.5010	-0.4078	-0.9491	-0.4027	0.2243	0.8545	1.2927	-0.5311	-0.6563	-1.1704	-0.3754	2.1837	0.9564	-1.2371	0.3196	-0.7969	0.1162	-1.2463	-0.7188	0.1890	-0.5871	2.6438	0.2486	-2.3327	0.6929	-0.9396	-0.3665	1.5890	-0.5471	0.1508
1.2364	0.4897	0.6823	-1.5571	-0.3111	1.0577	0.7901	0.5293	-0.5691	-1.1374	1.0788	1.1572	0.6144	-0.5399	0.4701	1.1783	0.6796	0.9377	-0.5776	-1.2647	-0.2733	-0.4282	0.5938	0.0079	1.5923	-1.1665	-0.8869	0.4368	-0.4716	-0.5048	0.5374	1.0978	-1.0038	-0.5014	0.9839	0.9419	-1.2996	-0.5373	0.2689	-1.0690	0.8392	0.3630	0.2823	-0.3970	-1.6029	-1.2787	-0.4355	-1.3807	0.9967	-0.8506
0.4175	0.4445	0.0868	0.5320	0.0821	-1.2105	1.5489	-1.2581	0.5352	-0.4290	-1.3721	0.2267	-0.6686	-2.4907	-0.2661	0.5214	-0.1209	1.0194	-0.6693	-0.6068	-1.2603	-0.6673	0.4226	-2.2106	0.1976	1.5102	2.3382	1.1391	0.9534	0.9920	0.5091	1.3627	-1.1715	-1.4738	1.4206	1.5613	1.4239	0.8024	-0.0919	-0.5631	-0.6959	1.6894	-0.3192	-0.3554	-0.5134	0.7500	-0.2913	0.1177	0.9564	-1.4415
-2.3340	1.6608	0.5710	0.6659	0.9192	0.4523	-1.6566	-0.3226	0.3550	-0.6071	-1.5487	0.0178	0.4768	-1.4126	-1.0441	0.4470	-0.9290	0.0561	0.4518	-0.6472	-0.1595	-1.1058	-0.7488	1.4209	-0.3293	-0.2739	-1.3191	-0.9906	1.1490	-2.1792	-0.2971	0.4226	0.4040	-0.3544	-0.2422	-0.2521	0.4725	-0.1385	-0.3030	-0.3098	-0.0035	-0.7425	-1.9127	-0.9394	1.9538	0.0378	0.7867	0.0147	0.6344	0.3976
-0.1384	-0.6626	-0.3781	0.2563	0.2556	-1.4229	-0.9621	-1.1187	-1.9511	1.7484	-0.9529	1.8408	-0.6268	-1.4147	0.9424	0.4031	0.2237	-0.6347	1.3515	0.5451	0.8727	0.4050	0.3798	-1.2086	0.3475	-0.4152	2.0055	-0.9803	0.6232	0.7404	1.6099	-0.7984	-1.5563	-0.7265	-0.1855	0.9026	-1.6822	-0.6976	-0.9624	-1.3305	-0.5239	-0.1885	-0.5880	0.3054	-0.3507	-1.8676	-0.3401	-0.5823	0.8837	-0.7156
0.5893	1.5525	0.4783	-0.3869	1.1310	-0.0933	-0.1047	-0.9227	-0.0397	0.4142	-0.4079	0.1447	0.8072	-2.3742	-0.8361	0.8023	0.4243	-1.2268	-0.9235	-0.1343	-0.4775	1.2002	1.4681	-0.5888	-1.0323	2.0884	-0.9897	0.4602	0.7776	1.7098	1.0076	0.0626	-1.3509	1.8525	1.6040	0.6626	0.0726	-1.0522	-0.5771	-0.5137	0.2584	1.6854	0.8789	-0.8984	0.9746	-0.5365	0.6980	1.0904	-0.8423	0.0326
-0.3874	-0.1141	0.2893	-2.6469	1.4784	0.9360	0.4108	2.0425	-1.2360	-1.1623	0.3634	0.2513	0.0409	0.6722	-1.1623	-0.0289	-0.2817	1.3451	-2.9668	-0.5960	1.1988	0.7274	-1.0982	0.2517	0.1800	0.5908	0.7251	2.6720	-0.1809	-0.3917	0.2185	-1.8384	-0.5259	-0.4413	0.2534	-0.5247	0.0074	0.7562	-1.3695	2.5161	-1.3628	-1.2609	2.0672	-0.0306	-0.5875	-0.7616	1.0527	-0.0159	1.4354	2.6560
-0.1728	-0.2043	1.0924	-2.2148	0.1171	-1.4391	-1.7961	-0.4124	-0.1616	-1.0745	0.2627	0.4372	-0.4441	0.8763	-0.2225	-0.0062	-0.0455	0.6066	0.4670	1.8492	-2.5301	-0.2878	-0.5569	0.5078	0.7239	-0.2516	-0.0180	-1.2503	2.0594	0.3286	-0.1831	0.3667	-2.5428	0.1091	-0.9132	-0.9165	1.4108	-0.1426	-1.8875	-0.6739	-1.1776	-0.8291	1.0602	0.8064	-0.3506	-1.6009	1.5584	-0.8655	0.6418	-1.1885
-0.9032	0.4336	0.6641	-0.1609	-0.2999	0.2495	-0.2976	0.9561	0.9880	-0.4906	0.6891	-1.6840	-1.8688	-0.9097	-1.0765	-1.0762	-1.8861	0.6370	0.1158	0.3300	-0.9028	-0.4025	0.8075	-0.6057	0.2086	-0.2702	-0.8541	0.2383	-1.4470	-1.0160	-2.4620	-0.8435	-0.1030	0.1321	-0.2741	-1.0119	0.5977	-0.0134	-0.4453	0.6942	-0.8913	-1.1642	0.3499	-0.1497	-1.4094	0.4703	0.9898	-1.0411	-1.7564	0.1934
0.1695	-1.7736	0.6599	0.0712	0.3439	1.6866	1.8015	-0.5310	0.9516	0.1495	-2.2538	-2.0774	0.6714	-1.6978	0.2655	-1.4773	-0.3036	1.4685	-0.2655	0.0961	0.3021	-0.5457	-0.3706	-0.8538	0.5845	-0.6143	-0.9015	-0.2366	-2.3524	0.7162	-0.9803	1.8495	0.1007	0.2163	-0.4007	-0.7964	-0.4348	0.1000	-0.0398	0.5166	-0.1852	0.3199	-1.1278	-1.9481	0.4718	-0.1265	-0.1436	-0.8067	1.0587	-0.2613
0.8578	-0.5095	-1.1866	1.3319	0.9150	-1.3113	-0.1646	-0.7762	-0.8008	-1.0840	0.5480	0.9899	-1.4922	1.1712	0.8969	-2.0624	-0.3752	-0.2696	-0.3166	-2.0195	-0.9933	-0.2293	-0.6278	-0.9144	-1.3325	0.8343	-0.4963	-0.1900	-0.3836	-0.8028	0.9402	-0.3211	-2.5233	-1.8894	1.4190	1.3555	0.7116	0.9691	-0.0341	0.8404	0.3893	0.0083	0.3453	2.5959	1.5698	-2.1903	-0.7648	0.9365	0.2419	-0.5539
-1.7313	0.3051	1.4931	-0.7543	0.9884	1.9870	0.3838	-0.1933	0.5576	0.1762	-1.1204	0.6228	1.5061	1.1586	-0.3644	-0.6110	0.0099	-0.0409	2.2822	1.0541	0.9676	-0.1657	-0.1617	0.8156	1.0370	0.6315	-0.7076	0.0036	-0.3310	-0.4389	0.2754	0.5771	0.5213	0.9428	0.3065	1.5871	-0.8928	-0.1079	-1.7996	-0.2802	1.4669	-0.5045	-1.5002	1.0456	0.0471	-1.5059	-1.3841	0.9486	0.3324	0.9100
0.3246	0.8468	-1.0834	0.8528	0.2240	-0.6641	1.1376	1.3808	-1.4973	-0.7036	-0.2302	-0.5654	-2.0325	0.2573	-0.9038	2.2572	1.1687	-2.2068	-0.5418	0.2748	0.9134	1.7565	-0.7014	-0.5773	-0.7707	0.9155	0.3869	-1.2961	0.7150	0.6452	-1.1805	-0.3503	-0.1606	0.5719	0.3687	-1.1293	-0.1241	-0.9198	0.8183	-0.0470	0.6991	0.2754	-0.6432	0.2384	0.3084	-1.5146	-0.1007	0.7392	1.7461	1.8463
0.2061	-0.7408	-0.7061	1.2517	0.5204	0.4676	0.2149	-0.2500	1.3673	-0.2467	-0.3406	-0.3424	0.7548	0.4922	0.9936	0.9874	0.4286	1.0532	0.7280	-0.2015	-0.6392	0.6845	-0.0027	0.0366	0.6980	-0.6327	-0.1371	0.9123	-0.1668	0.4031	0.0224	-0.3619	1.1863	1.0687	0.5538	0.6727	-0.0453	-0.5930	-2.2970	0.0251	-1.0581	1.7748	0.4663	-0.3024	-0.8155	0.0291	-1.1331	-0.7229	1.6024	0.2944
-1.8159	-0.7027	1.5639	-0.5055	-1.9384	0.3087	-0.3425	0.6550	0.1018	1.4538	1.9382	0.2905	0.4073	-0.3355	-0.9318	0.2543	1.8098	1.7002	0.2653	0.8540	-0.2837	0.3264	1.2426	-1.2679	1.3469	-0.3390	0.3489	-1.0622	-0.0017	-0.2480	-0.8331	-0.9664	1.1848	1.5781	1.1191	-1.0695	0.4847	0.0091	0.0698	0.1568	0.1401	-0.4134	-0.7283	-1.0982	0.7385	-0.8931	0.2329	0.6122	-0.2430	-0.9069
2.1143	-1.6988	1.0212	0.0206	1.3648	0.4341	-0.9040	0.6901	-1.8835	1.4028	-0.4163	1.5661	0.1915	0.2316	0.1316	0.4458	-0.6691	-0.0181	-0.4532	-0.4726	-0.2577	0.3675	-1.6855	0.3947	0.9985	1.3947	0.1003	0.4119	-0.1333	0.8049	0.7337	-1.0117	-0.4961	0.1324	-0.3659	0.6103	0.8577	0.6954	-0.0995	-0.0761	-2.8576	1.5520	1.9775	1.0840	1.4689	1.2427	-0.8440	-1.6512	-0.7847	0.1934
-0.4076	1.3356	-0.2798	2.9570	-0.4346	0.3305	-0.7315	-0.6877	0.5251	-0.7988	-0.1563	0.3095	-0.8902	-1.2518	1.0788	-0.0198	-0.2690	-0.1363	0.1772	0.4078	1.5302	-0.2252	1.3194	-0.2479	-0.0370	-0.1002	-0.4310	0.9448	1.6211	0.1909	0.2965	1.1345	2.2201	-1.4785	1.3057	-2.1753	0.2385	-0.1969	-0.4601	-0.8786	-0.4351	-0.9470	-0.5182	0.6075	-0.0107	-1.2008	0.3960	1.5774	1.3736	0.7644
-0.4209	-0.9580	0.6308	-0.8812	1.0640	0.1147	-0.4800	1.1283	1.5220	-1.0958	-0.5633	-0.2825	1.8748	1.1524	0.1872	-0.1881	-0.6212	-0.2338	2.3143	0.6875	1.5161	-1.3723	-0.5894	0.0999	0.0690	1.7970	-0.9926	0.4267	-0.3467	1.1209	0.9711	-1.3818	-1.2045	-0.3705	0.9502	0.9373	0.6871	0.3207	-0.0886	0.4157	1.0102	1.8541	1.1957	1.6272	-0.5165	-1.0804	-0.1807	-0.6906	1.5929	-0.3180
-1.4527	-1.8829	-2.1615	-0.1966	1.1758	-0.3656	0.5970	0.3732	0.5365	1.9305	2.6648	-0.7934	0.9738	0.7172	1.3563	0.7338	-0.5202	-0.4645	0.5708	0.1080	1.5834	0.0712	0.9935	0.1488	3.0409	-2.0591	0.6445	-0.0967	0.8012	-0.8342	-0.5003	0.4600	1.7949	1.6730	0.7043	-1.6532	-0.4390	0.9797	2.3576	0.6052	0.0749	-1.6044	-0.0727	0.8976	-0.9244	-0.8939	0.2032	0.2034	-0.2082	0.2251
-0.5151	-0.0378	-0.5326	-0.2830	0.3572	0.2536	-2.2381	0.6398	0.1344	1.3823	-0.4241	-0.3888	2.5393	0.1874	-0.7317	0.4893	-1.4073	-0.0674	0.2447	-1.5188	-2.1260	0.0026	-1.9217	0.0953	-1.7164	0.3109	-0.7188	2.1218	1.0807	0.5178	-1.6089	0.5917	0.8977	0.5524	-0.2058	0.2946	-1.0332	-1.8344	-0.3838	-0.6613	0.5529	-0.8370	-0.3499	-0.4260	0.5318	0.1079	-0.1835	-1.1132	0.9704	1.5950
-2.0421	-0.0022	1.0506	1.1377	-1.0366	-0.8453	1.0246	0.5433	1.4725	0.4001	0.6672	-1.5081	1.1546	0.3952	-0.1459	-0.4051	0.3385	-0.2061	-0.2895	-0.7976	0.3942	0.1171	-1.5672	0.7306	-0.0436	-1.0141	0.7261	-0.5031	-0.0138	-0.3422	-1.9647	0.2186	0.6945	-0.6685	-0.3577	0.5811	-0.1216	-0.4065	0.2670	0.1923	-0.3405	0.1459	1.1615	-0.9303	-0.1248	0.2844	0.6105	-0.2410	-1.7968	1.5326
0.3076	-0.6832	-0.9420	-0.9930	0.1600	0.9613	-0.1967	-0.4606	2.3085	-0.1227	0.7040	0.6796	-0.4023	-0.9047	-1.1076	-0.2296	-0.3914	-0.1424	-1.3375	0.8289	-0.3688	-0.2691	-0.4795	0.2621	0.3724	2.0792	0.1687	2.5021	0.0054	-0.8898	0.3937	-0.0322	0.9702	0.2283	0.1945	-1.8543	0.6888	-0.7846	-0.2090	1.8781	-0.0506	-0.5930	0.1998	-0.9023	1.5594	1.9828	-1.1161	-1.1701	0.7431	0.0661
-0.7008	0.2838	0.0645	0.4971	0.1803	-0.5168	-0.9231	0.6095	-0.7050	-1.2098	2.1904	1.6519	0.2807	0.0789	1.9329	0.1033	1.6018	-0.4003	-2.6759	1.0466	-0.2703	2.6947	-1.4814	1.0036	-0.2505	-1.1693	0.3218	-0.8950	0.8357	-0.1457	-0.0231	0.4162	-0.2187	0.9832	-1.6991	-1.8115	-1.4327	0.0004	-0.3996	0.8842	-1.2804	0.4082	-0.5748	-0.1412	0.5980	-1.4503	0.0883	0.8568	0.6150	-0.1364
0.2131	1.4244	0.4659	-0.6900	-1.5234	0.2399	2.6723	0.2284	0.2640	1.2673	0.1746	0.9561	-0.8788	-0.6892	1.5806	0.8471	0.4165	-0.0711	-1.2270	0.9195	1.5050	0.5651	1.5150	0.4866	1.0053	-0.4844	-1.9760	0.6284	0.0472	-0.0951	-0.2308	-1.0820	1.7175	-1.7419	0.5863	-0.8313	-0.3662	-0.1792	-0.4474	0.1903	-0.3395	-1.0047	-0.4136	1.0227	-1.1726	0.0791	-0.4911	-1.7945	0.5473	1.1637
1.0636	1.1451	1.2462	3.1978	-0.5976	0.5406	0.5638	-0.9598	0.3963	0.3855	1.9038	-1.1619	-1.0279	0.8867	0.6088	-0.2927	-1.1758	-1.3103	-0.1320	1.8242	-0.0155	0.3971	0.6185	-0.8419	-0.8520	-0.3038	0.1951	-0.5680	-0.5492	1.4691	1.2801	-0.4221	0.3796	0.4267	0.8724	0.9242	-0.5961	0.8666	-0.3101	-0.6577	-0.3649	-0.9355	-0.2084	-0.9618	1.2897	0.2015	0.7290	1.3890	-1.2526	-0.0739
1.0107	-0.2609	0.1296	-0.1563	1.4270	0.7979	-0.2401	0.8905	1.3520	0.6671	-1.2109	1.2636	2.8360	1.5288	0.4808	1.2157	-0.7065	-0.2343	-1.6423	0.6807	-0.3684	-1.9187	-1.0787	-0.6437	0.4840	1.5176	-0.2878	0.6439	-0.4737	-1.3705	0.1076	0.7134	-0.9615	0.1633	1.1316	0.7818	1.3222	-0.8943	-0.7406	0.6318	-0.2489	-0.8052	1.5673	0.7118	-0.3518	0.4422	1.0804	0.6422	0.0229	0.1025
0.6199	-1.0423	-0.4820	1.0978	-0.4322	-0.5706	0.5168	-0.0524	0.0894	-1.4084	0.3079	-0.7002	-0.8218	-0.3956	1.3088	-0.6655	0.4358	0.3692	0.8554	0.9386	1.6321	-0.3360	-0.5859	-0.8905	-0.5366	-0.7285	-0.3052	-2.0747	-1.4031	-0.2372	-0.6387	-0.3842	-0.6369	0.1271	-0.8631	-0.9345	1.0140	-0.1347	2.6333	0.4318	-1.1177	-1.0658	0.1958	0.2443	-0.7699	-0.4195	-1.9481	0.2501	0.8692	1.0125
0.4870	-1.3529	-2.1229	0.9110	0.2885	2.0119	-0.4783	-1.1701	-2.5382	0.7349	0.2179	-1.6656	0.4132	-0.5665	0.5243	2.4073	3.3327	0.6785	0.8070	-1.1137	0.2982	2.1812	0.5441	-0.7415	-0.3389	-0.6158	-0.6434	-0.3711	0.5164	-0.4312	0.8406	-0.1046	0.9809	0.8387	-0.6483	-0.0373	0.7016	0.1130	1.6316	0.0787	0.7330	-0.3638	0.2922	-0.0325	-0.7105	-0.0207	0.9488	-1.1945	-0.6789	-1.4212
-0.6771	-1.3647	-2.2051	-0.4257	-0.9693	1.8789	-1.2158	0.1149	1.2683	0.7958	-1.7556	-0.2094	-1.5874	-1.2155	0.9719	-1.2799	0.2090	0.9453	0.8044	0.6389	0.8612	0.9772	1.1320	-0.5793	-1.1475	1.2495	-0.4081	-0.2647	0.2239	0.4855	-0.7174	0.2622	-1.0937	0.3763	0.2300	2.6985	-1.0615	-0.5787	-0.7421	-0.3530	-1.1879	-0.1328	0.1620	0.1089	-1.1905	1.1903	-2.7291	-0.2065	-0.2008	-0.8250
-0.4185	-0.0449	-1.4144	-0.1624	-2.5248	-1.1226	-0.1277	1.0017	-0.7739	-1.4954	-0.3660	-0.3098	-1.3859	-0.3189	-1.8716	0.1331	0.8787	-1.7804	-0.5462	-2.0750	1.0645	-1.2521	0.6882	-0.6947	-0.3182	-0.7761	-0.4273	-0.3729	-0.1651	0.4024	0.4779	0.2178	-0.2831	0.1219	-1.5382	0.4167	-0.0920	-1.5198	1.4742	-2.2515	1.6845	0.5591	-0.1460	1.5079	0.1703	1.7469	-0.6144	-0.4403	-0.2661	-1.4764
1.3234	0.6505	-1.1964	0.1613	-0.9085	-0.8257	0.4200	-0.1892	-0.2476	0.0196	0.8469	0.0953	0.7178	1.4280	-1.3159	-1.2804	-1.1913	-0.2609	0.0173	-0.0353	-0.4495	-0.8809	-0.8141	-1.1279	-0.7126	0.0564	-0.0124	0.6072	-1.8281	-1.0416	-0.3922	0.1646	-0.3770	0.2793	-0.6891	-2.2819	-1.2648	1.1551	-0.2504	-0.4179	-2.2364	-1.9118	0.1232	0.3500	2.4084	1.5724	-0.1639	-0.8268	-0.3308	-0.7263
0.3446	0.7617	-1.5000	1.6606	1.7267	1.9081	-0.1324	-0.3804	0.9236	0.9119	0.7199	-0.9926	0.5894	0.3043	-0.5466	0.1877	1.7359	0.3660	0.8277	0.1229	0.5216	0.6218	-1.2551	-0.3754	-1.8682	0.0859	0.2708	1.8176	-0.2631	0.6964	-0.7809	0.3813	1.4349	-0.7395	1.1488	0.2005	-2.5625	1.0159	1.1402	0.0935	-1.2991	1.0473	0.5261	-0.2569	1.1346	-0.3293	-0.9329	-0.6539	-1.0177	-0.2230
-1.6707	-0.9451	1.1242	0.4715	-0.8138	0.3911	0.5661	0.6171	-0.1455	-1.0734	0.1536	-0.3354	0.2907	0.4123	-1.2969	0.6254	-0.1311	-0.2928	-2.3965	1.5835	-1.0470	-1.2692	-1.2290	-0.3224	-1.1246	-1.0820	1.1790	-0.8198	-0.2098	-0.4237	0.8441	-0.3630	-0.2492	0.5271	2.0521	0.1240	1.0740	-0.9633	0.3361	-1.6937	0.1541	0.4199	0.4964	0.0573	-0.6984	0.3446	-0.9203	1.7824	-0.9483	0.0713
0.0723	0.3692	0.5954	-1.3580	-1.2060	-1.5387	-0.7086	-1.1684	-0.7369	-1.2147	-0.0024	0.6170	1.2023	-0.3544	-1.2367	-1.4453	-1.7080	0.3105	-0.4423	0.0467	0.0414	-0.1512	-0.0489	-0.6012	1.6099	0.0450	1.0619	-0.1142	0.6416	0.6198	-1.6830	0.3180	1.2703	-0.5462	0.6241	0.1655	-0.0369	-1.4346	-0.4874	-0.6649	-1.5060	-0.2990	-0.0785	-1.2520	-0.1831	0.7470	0.7703	0.3382	-1.1124	-0.6493
-0.2987	1.0898	-0.1946	0.7090	0.0457	1.0130	0.2362	-1.1667	0.3699	0.1336	-0.2064	-1.3463	0.8370	-3.0682	0.1035	0.5051	0.6284	0.7017	1.4899	-0.9961	0.0917	0.6033	0.5654	-0.7743	1.3931	1.0305	-0.6572	-1.2129	-0.6132	1.4713	-0.6203	0.0715	0.4663	1.0810	0.1878	0.8978	0.1668	0.2781	0.5083	1.1460	0.1296	-1.0338	1.0613	0.3927	0.3382	-1.5838	-1.6058	-0.7642	-0.5721	-0.2721
-1.3956	1.1165	-1.0050	1.6613	-1.4563	-0.2157	-2.2357	0.1685	0.0223	-1.4220	-0.8074	-1.1025	-1.6681	-0.5449	1.5131	0.4254	-1.3465	-2.2263	0.5419	-0.0695	1.6820	0.0004	-0.9369	-2.2894	0.4349	-0.1555	0.6833	1.8192	0.5316	0.4348	0.0364	-0.8154	2.8014	-0.3158	-0.2992	-0.0814	1.1359	-0.5301	-0.3325	-0.0763	-0.8864	0.0797	1.6946	-0.6342	0.1549	-1.1508	0.5738	2.1835	0.2620	-0.3759
-0.4945	0.1780	-0.7638	0.4786	0.1314	1.5915	0.2107	-0.0283	0.4812	1.4206	1.2260	-0.3686	-0.0983	1.1819	0.6620	-0.8386	-0.2938	-2.3646	-0.6742	-1.2768	-0.4176	0.3592	-0.1112	-1.5689	-0.6962	0.1439	-0.4912	0.0506	2.2179	-1.2646	-0.4648	0.2679	-0.1697	-0.2670	-0.7332	0.6232	0.4785	-1.8263	-0.0454	0.4306	-0.2445	0.0922	1.2184	-0.3052	1.8253	-1.3859	2.2075	-1.1062	-1.6679	0.2309
0.1921	1.4998	-0.9108	-0.1535	-0.2753	-0.4485	1.4151	-2.0330	0.0719	-0.1716	0.4389	-0.4990	0.0532	-0.0171	-1.7677	0.2558	-1.2959	0.2931	-0.7469	1.8882	-0.5202	0.1792	-0.1751	1.6954	0.4816	-0.2733	-0.6128	0.6866	-0.1894	-0.3972	0.1415	-0.6900	-0.1431	1.4065	-0.2140	0.7600	-0.2205	0.6542	0.1636	1.7141	0.4501	-0.3983	-0.0965	0.3034	-0.8193	0.0187	-1.0369	2.6424	1.6061	0.3344
0.4481	0.1542	2.0810	-0.4760	1.7137	-1.3258	0.6722	-1.2743	0.8515	0.9154	-0.7643	-1.2105	0.5522	0.0741	-0.3909	1.5885	-0.9673	1.3367	0.5100	0.5512	-0.6206	0.6775	-1.5627	0.7245	-0.8624	0.7488	0.0158	0.8619	1.1109	1.2539	-1.7083	-2.4784	-0.3288	1.7607	0.4702	-1.1897	-1.4914	1.1294	0.3678	-0.5082	-0.3481	0.3501	0.0104	0.1723	3.3448	-0.2669	0.2956	1.0149	0.9301	0.6123
1.0408	0.7725	1.2805	-0.1460	1.2535	-1.8534	-0.8965	0.9568	0.2627	-0.7664	0.9521	0.3008	-0.2391	-1.5484	-0.4137	-0.1991	0.1275	-0.7408	0.6304	-1.7383	0.6612	0.4651	1.7399	-0.8300	0.4255	0.1814	0.5990	-0.2798	1.1478	-0.3582	0.5498	0.6859	-0.5254	-0.3614	0.3054	0.1973	-1.1876	1.2290	1.3320	-0.3747	0.5356	-0.2759	0.2117	0.0855	-0.3753	-0.3978	0.2271	-1.1669	-0.8827	0.2482
0.2030	-1.1288	-0.1717	1.5837	0.7528	-1.1969	0.8167	0.8307	0.5333	-1.4488	0.2369	0.0522	0.5952	-0.8453	-0.4257	0.2881	0.3552	-0.2786	0.2939	2.0430	-1.1688	-0.2536	-0.4360	1.5267	-0.0057	-0.1657	-2.4996	-1.6791	1.5151	-0.9237	-0.6721	-0.5317	0.7496	1.6826	-0.9554	-1.7292	-1.1231	-2.1801	-0.1143	-0.9316	0.2700	-0.8465	-2.0465	1.0043	1.2862	0.1112	-2.0841	-0.8817	0.5755	2.4415
0.2337	-1.6653	-0.2588	0.4469	-0.4901	-0.3403	-0.1862	1.1455	-1.2604	0.8802	-0.6287	1.3563	-1.4607	-0.3781	0.2072	-0.7578	-2.0678	0.5383	-0.2602	-1.6812	0.3154	-0.6190	0.6968	0.9673	-0.1644	0.0592	-0.0717	-1.4771	1.7178	0.3747	-0.2995	0.3172	-0.3932	-1.6156	-0.4531	1.6968	-1.0057	0.7449	0.0572	-1.0891	-1.5062	-0.7477	-0.4462	-0.2732	-0.2899	0.7166	-0.0773	-1.7311	-0.4161	-0.4792
0.7369	0.8911	-1.5417	-0.2621	-1.8239	0.5040	0.3575	1.9160	-0.5784	-0.8959	-0.1630	0.0973	0.0889	0.7225	-0.0766	0.6407	0.2568	-0.8242	2.2842	-0.0353	-1.6295	-0.0782	1.1581	-0.3707	0.4366	0.3171	-1.4553	0.1858	-1.0776	1.1792	0.3578	-0.8582	-0.1394	-1.0368	0.3582	0.8890	2.7823	0.1791	0.5989	0.3105	2.5777	1.8593	0.1182	0.1293	0.7469	-0.8237	-0.0130	0.5289	0.6670	-1.7879
0.2041	-0.6675	-0.2112	-1.3991	-0.1113	0.5405	0.6070	1.0042	0.3137	0.9362	0.9657	0.5573	-0.0907	1.3196	-0.6123	0.4957	0.4045	0.3104	0.2801	0.0791	-2.1034	-1.3328	0.1507	-0.4595	0.9344	0.2920	0.1083	-0.3657	1.1075	-0.7591	1.0638	-0.3819	-0.3473	-0.3525	1.6451	-0.1588	0.5588	0.9887	1.2595	-1.3272	1.2471	-0.6520	-0.2689	1.5482	0.2278	-0.9473	-0.1644	-1.9119	1.3573	0.5821
0.2610	-1.2269	1.1560	-0.3407	-0.8433	0.2395	-0.7135	-0.2323	-0.2752	-0.9516	1.6909	0.3126	0.9135	0.8569	-0.8737	-0.7820	-1.4045	-1.4561	0.0163	1.0427	-0.6976	1.0136	0.2459	0.3114	0.3857	-0.2460	0.8268	0.3156	0.2968	1.3938	0.9349	0.6337	-0.1393	-1.0555	-0.9228	-0.9264	-0.1642	0.2739	0.0060	1.2067	-0.7577	0.2369	-0.0391	-0.8887	0.5407	-0.3591	1.1249	-0.5330	2.3325	-1.1807
-1.1150	1.5412	0.2363	0.2113	-0.9446	-0.2617	0.2681	0.6689	0.6693	0.9148	0.9140	-0.2216	0.4110	-0.5228	0.8753	-2.0583	0.9491	2.7203	0.3482	-0.1498	0.5550	-0.3660	1.7168	0.7002	-0.0666	2.6753	1.6268	-0.9477	-0.6961	-0.2192	-0.2543	1.7870	-1.0848	-0.2505	0.8697	1.4497	-0.3208	0.6406	-0.2312	1.5227	-0.0522	0.3182	0.5315	-0.9031	-0.3537	0.3656	1.2431	-1.0928	1.0078	-0.6393
-0.0730	-0.1724	-0.8080	0.3033	-0.0497	-1.4626	0.7701	-0.0066	-0.1862	-0.2500	0.2516	-1.8595	0.6766	-1.3750	0.2410	-1.0428	0.3939	1.4063	-0.2249	-1.8459	-1.3988	-0.5551	0.8181	0.3190	-1.0668	0.3636	-0.8316	0.6790	-1.3853	-1.1002	-0.7405	-0.2291	0.0011	-1.4100	1.5047	-0.1000	0.2295	0.5343	1.3156	-0.6779	0.9070	0.8802	-0.6042	-0.8700	-1.7516	-0.8050	0.6850	-1.0888	1.7713	0.6435
1.1974	-1.0381	-0.5874	0.6240	-0.5631	-0.0344	0.8722	-1.1997	-0.2800	0.8663	-0.0070	-0.3207	1.1844	0.2292	0.7173	-0.0189	1.4234	0.1178	-1.5564	-1.8174	0.7388	1.3839	-2.2643	-0.2591	-2.3166	-1.2634	-0.0711	1.1269	-1.1049	0.2969	-0.0713	0.1112	-0.8122	-0.3074	0.0094	1.0353	0.1334	0.2187	-0.0486	1.0974	0.0695	-0.5541	-1.1177	-0.4532	-1.5012	-1.2349	-0.3214	-0.9743	-0.3911	0.1344
-1.3794	1.2327	1.5208	0.7925	0.6245	-1.7878	-0.0304	0.2251	0.2189	1.7465	-1.3549	0.3381	-0.8688	0.4137	0.5794	0.7292	2.2903	1.7387	0.3581	0.3505	-1.2590	0.5239	-0.4430	1.0006	1.0204	2.3519	-0.2710	-0.7750	0.1510	0.2250	-0.0783	1.1465	-0.5821	-0.0673	1.4618	0.3679	0.2171	-1.0833	0.4612	-0.9611	-0.3575	0.5242	-1.6242	0.4198	0.5224	0.1048	-0.3725	0.4647	-0.4252	0.8815
-0.2796	-1.2358	-0.1645	0.6663	0.1130	-0.8738	0.9629	1.1214	1.9066	0.8993	0.2762	0.4816	-0.2468	0.3244	0.7154	0.6044	-0.5775	-0.4483	-0.0160	1.0021	-0.9887	-2.1475	-0.1481	0.4549	0.0018	-0.5498	0.3896	-0.7997	0.4600	0.3272	0.3583	1.4193	-0.6254	-0.5254	-0.6079	0.1230	-1.2806	-0.1104	1.6158	1.4407	-0.9717	1.5400	0.9118	-0.2492	-0.5431	0.7640	2.5681	-1.1835	0.5236	0.4867
-1.2234	0.1766	1.5511	-0.1130	-0.9242	0.5419	0.2941	-1.6800	1.8092	-1.2426	-1.1314	0.1253	-1.2148	1.1002	-2.4041	1.4780	0.7244	-0.5924	0.5698	-2.9696	0.3137	0.8262	0.6265	-0.5756	1.8767	-1.6205	-0.2925	-2.3676	-0.2259	1.6002	0.0530	-0.0107	-1.3072	-0.2448	0.2981	-1.7918	0.0044	-2.8048	-0.3681	0.7034	-0.0084	0.2975	-0.4456	0.7808	0.1028	0.4172	-0.6326	1.0071	-0.7585	0.1327
-2.1506	-0.4158	-0.5748	-0.3268	1.0338	-0.4158	-0.2598	0.9800	0.4051	0.6730	-1.6886	-0.3937	-0.1371	1.0455	-1.7187	0.2812	-1.2545	-0.0635	-0.6605	-0.1393	0.6570	0.7913	-0.2442	-2.0374	-0.1744	-0.0020	-0.5792	0.7368	-0.8020	-0.2270	0.4041	-0.1148	-0.2316	0.7646	-0.4894	-0.1121	0.1928	-2.0067	-1.3703	0.8826	-0.2268	-0.7941	-1.2085	-1.6282	1.5797	-1.0707	-0.6666	0.2229	-1.6853	1.1640
-0.4528	1.4842	0.3407	-1.5331	-0.0410	1.3110	0.9763	-1.8044	0.9087	0.5052	0.8152	1.3047	0.8776	-1.1873	-0.1737	-1.9786	-0.6045	0.7210	0.5080	-0.2876	0.8395	-2.0794	1.5592	-0.2633	0.2901	-1.7097	0.2828	-0.9172	-0.3292	1.4756	-0.2366	0.8571	-1.6915	0.5675	-0.2278	0.7072	2.2600	0.0855	0.2707	0.3913	0.6764	0.5153	-1.4128	1.2322	-0.4481	0.1985	1.0284	0.4921	1.0504	0.0422
-0.2213	0.8690	1.0617	0.2504	0.9735	-0.3277	0.7915	0.7934	-0.7598	-0.7141	1.1544	-0.3361	0.0339	0.0035	-0.1125	0.6655	1.3836	-0.2386	0.3196	0.4597	-0.8516	0.2736	1.3322	-0.2951	-0.7703	1.4475	-1.3133	-1.3189	-0.8634	0.9193	2.2532	0.0769	1.9798	-0.4006	2.5923	1.0418	-0.0761	0.1193	-1.6870	-0.2623	0.5219	0.2869	-0.9590	0.8779	-0.0504	-0.3062	0.2787	-0.0831	-1.1395	-0.6031
0.8472	-0.0676	1.6397	-0.9123	-0.6230	0.8375	0.4002	0.0153	1.0524	0.5248	0.3559	0.0418	-2.2430	-0.2245	0.3924	-1.0868	2.1238	0.4591	0.8048	-0.9117	2.0772	-1.0643	-0.5152	-0.0459	1.3400	-2.5016	-1.9466	-1.6116	0.5580	-0.8161	-1.3431	-0.6786	-1.2458	0.9042	-0.6588	0.4611	0.0285	0.7531	0.0336	0.4151	0.5291	1.2623	-0.2358	-0.1673	0.0841	0.0058	-0.5439	1.3638	-0.3062	1.2510
-0.9891	0.3500	-1.2061	-0.6136	-0.6016	1.7839	-0.0715	-0.4861	-0.2116	-0.3776	-0.3378	-1.3501	0.2273	-0.4896	1.3757	-1.7862	-1.2872	1.9283	1.5201	-0.3993	0.1447	0.2581	0.4515	-0.3213	-0.5267	1.7325	0.6194	0.0361	0.8164	-0.1672	0.7975	1.0789	0.4596	0.3346	2.1680	0.2847	-0.6774	0.0590	-0.3638	-0.3337	0.3643	0.5542	-0.1579	-0.5041	0.2817	0.9191	1.5828	1.2045	-0.0299	0.4497
-0.5260	0.2238	0.4364	2.2675	0.4458	-0.5697	0.0856	-0.3921	-1.3325	1.3894	0.6114	-0.9960	0.0877	-1.1379	-0.8628	-1.1950	-0.1681	-1.1778	-0.6771	-0.6272	-0.3585	0.3399	-2.2179	-1.0519	0.2265	2.1687	-0.8399	-0.3428	1.5562	-0.1107	0.7523	0.0851	0.5689	-0.7388	-0.8867	0.5013	-1.7515	-0.1502	0.1575	1.3978	-0.6015	1.5278	-0.6835	0.8545	0.7028	0.6618	1.1125	1.6195	-0.2039	-0.1983
0.3279	-0.7405	0.2410	0.9473	0.1840	0.3241	-1.0835	-0.2710	-0.3688	1.0880	-0.5448	0.7842	-0.5438	-0.0218	-0.4075	-0.4988	0.4150	-0.6605	0.5414	-0.4704	-0.1214	-0.9131	0.4021	-2.5015	-0.3228	0.7673	0.5897	-0.8152	2.0195	1.2305	1.2421	-0.5283	0.1585	0.3683	0.7659	-1.3193	0.2481	0.4943	1.0539	-1.4869	-1.3254	-0.5424	0.2443	0.3719	-0.6456	0.1202	0.8020	0.1844	0.3448	1.9434
1.3432	-0.2105	1.0138	-0.0970	0.6191	-0.6110	-0.2985	-1.2279	-0.9068	-0.2038	-1.8442	-0.5564	1.2343	1.6187	0.0060	1.3297	0.2945	-0.6746	0.4150	-0.6434	0.1772	-0.5385	0.9608	-1.7102	-0.8171	0.0038	0.4049	-0.6078	-0.3509	-1.6661	0.8112	-0.3797	0.0844	-1.3874	-1.1492	-0.1147	0.0556	-0.0617	-1.7249	2.4571	1.1411	0.0314	-1.2666	0.2404	-1.1258	-0.8324	0.3177	0.7012	-1.0789	-0.8841
0.9222	-0.3410	0.7449	-1.6224	-0.8979	0.6634	-1.4870	0.8787	0.0910	0.1747	1.3467	1.5392	0.3187	-0.8958	-0.3261	-0.3308	-0.2944	-0.5115	-2.4308	0.4206	-1.5879	0.0529	1.3717	0.0449	0.0642	0.5247	-1.5375	0.0538	0.0349	0.2840	0.2804	-0.3817	-1.0372	1.7790	-0.5836	-0.2856	0.1232	1.0781	-1.5359	0.7569	1.4418	0.5147	-0.6285	0.4358	1.1391	2.1234	0.0837	-0.1143	0.2003	0.8509
-0.0129	-1.1824	0.2963	1.4546	-0.4147	-0.7464	-0.2434	-0.0125	0.4034	-2.2244	0.2686	0.7132	-0.1519	-0.1159	-0.4238	-0.7377	-1.3323	-0.2989	-0.4958	0.2915	-1.3264	1.0301	-0.0212	0.7188	0.6729	0.7946	0.5177	-0.5598	-0.2024	-0.8419	0.8865	-0.4381	0.8292	0.2279	0.6586	0.3683	0.6744	1.1501	-0.9031	0.6184	1.1356	0.5588	-0.3889	0.8783	-0.0199	1.0367	-1.3790	0.0741	0.7501	-0.3957
1.0905	2.2250	-0.1949	-0.6348	1.5303	-0.1087	1.3373	0.5493	-0.1018	0.7160	-0.4417	-0.1328	-0.1494	-0.0662	0.9296	0.2460	-0.0613	-1.5502	-0.5165	0.5209	2.1334	0.9529	-0.9550	-0.9151	-1.5454	-0.6300	0.4973	-0.2352	-1.4359	-0.9885	0.9406	0.3330	1.3652	0.2449	-0.6110	-1.7458	-0.1020	-1.3494	1.0739	-1.0305	-0.1880	-0.8249	0.0326	-0.6753	-0.8827	1.2331	0.3587	0.8059	1.0252	-1.1144
-0.2639	-0.6535	-1.1485	-0.8391	0.8417	-0.4128	-0.3108	-0.1121	-1.6476	0.1025	-0.2916	-0.5385	-0.7160	0.5318	-0.5741	1.0236	-1.5896	1.9389	-2.0608	-0.8439	1.1334	0.9873	1.9850	1.9253	1.8460	0.3213	0.9007	-2.1126	-0.4711	0.7076	0.5830	-0.7553	-0.3182	-1.3364	0.0262	0.3870	0.3467	1.6161	1.7227	0.6278	-0.0891	1.6196	1.0696	-0.1621	-0.3919	-0.4690	-0.6993	0.1316	0.3775	-0.0086
1.0683	-0.3985	0.9322	-0.3681	1.0058	-0.8898	-0.7159	-0.2067	1.1020	0.2415	0.5367	0.0421	0.5458	-0.1207	0.0429	0.2755	-1.7675	-1.5399	0.2883	-0.8912	1.1372	-0.2031	-0.4797	1.1719	1.0222	-1.1693	-0.8145	-0.5607	-1.6913	1.3152	-0.7013	-0.9986	0.9380	0.2493	0.8677	-0.3283	0.4737	1.4643	-0.0884	0.0346	1.4154	-1.6648	0.1713	-0.9215	-0.3574	-1.6444	-0.9614	-0.5164	-0.8834	-0.0698
0.5056	0.7348	1.3711	-0.1757	0.2081	0.1608	-0.2107	-1.4892	-0.4277	-1.6908	0.6395	-0.5108	-0.1355	-0.0643	0.5171	0.6187	0.0163	-0.4041	-2.1997	0.2197	1.1507	-2.1196	-1.1097	1.3371	-0.1286	1.4385	-0.7375	0.4631	0.6492	-1.5309	1.2819	-0.3061	1.2421	0.5106	0.3606	0.4324	0.0849	-0.8155	-0.4455	0.4402	-0.3023	0.2440	0.9426	-0.4767	-1.7039	0.3186	-1.1739	-1.3205	-0.1268	-0.4869
0.1976	0.1795	0.6165	1.6604	-1.8097	0.7028	0.4339	0.7816	-0.1164	-0.4818	-0.5639	0.8452	0.3345	-0.3219	-0.3269	0.7757	-0.5674	0.5195	-0.0120	-0.4252	-0.5100	0.5655	1.5877	0.0787	0.3815	-0.4185	2.5083	-0.7144	0.1392	0.8605	0.7184	-0.8225	-0.7441	-1.4971	-2.1053	0.3285	0.4156	0.8170	1.5073	-0.9427	0.3408	0.7802	-1.4651	1.1551	-1.7773	0.1192	1.1409	-0.9571	-0.2311	0.9760
-0.4124	-1.3408	-0.1148	1.7704	-0.1070	-0.5856	-0.7208	-1.2415	-0.2350	-0.1025	0.8630	-2.8368	0.7691	0.9927	-0.9611	-1.2174	-1.4843	0.0595	0.2574	1.2472	-0.3297	0.2934	0.0824	0.8318	2.1411	0.2606	0.1058	-0.1396	-2.0170	0.3027	0.0897	-0.2476	-0.3001	0.5323	-1.1283	0.4209	-2.5457	-0.2621	-0.1666	-0.9744	0.3871	0.2982	-0.5621	0.6528	-0.2788	-0.4791	-0.3650	-0.4053	0.2695	-1.4407
-0.1943	1.5996	1.3484	-0.5508	-0.1336	0.1057	0.9356	0.7709	0.5612	-0.5344	0.4918	-1.3230	-0.4529	-0.9964	0.0599	-0.9394	2.0215	0.1728	0.2589	-0.4202	-0.0329	1.2954	-0.4111	0.9339	0.6846	0.4976	0.7344	-0.3651	0.1603	0.5645	-0.8941	-0.5557	0.3098	1.5303	0.2721	0.1943	1.6604	-0.2339	0.7606	-0.8250	0.1716	-1.5929	-2.1735	1.3470	1.7008	-0.6452	-0.2010	0.9951	0.3580	-0.3197
0.1200	0.5515	-0.0123	-1.1887	-0.4443	1.7418	-0.4689	1.0353	-1.7861	1.5675	-1.2349	-0.4749	1.0317	-0.8506	0.2993	-0.1554	-0.5848	-1.0870	0.8037	0.3937	-0.3936	-0.6768	1.2428	-0.5658	1.0558	0.1816	-0.6564	0.8805	0.4877	-1.2939	-0.6886	3.3973	1.1633	-0.5296	0.6135	0.5778	-0.5626	-1.3911	0.1128	-1.6844	-0.7018	0.6997	-2.0986	0.9284	0.0176	0.3874	-0.1868	-0.8925	0.2145	-0.3824
-0.3897	-0.0165	0.4830	-1.2211	1.7610	0.6976	1.5047	-0.4246	0.8382	-0.4790	0.1735	-1.3333	0.4703	-0.2457	0.6339	1.4925	0.5434	-1.0481	0.3851	0.8687	-0.4405	0.9445	0.0151	-0.8353	0.1889	0.9684	-0.5969	-0.0308	1.7678	0.4690	0.1982	-0.8459	-0.4963	0.1865	0.5575	-1.1520	-0.7389	-0.1679	-1.0047	-0.8548	0.4692	-0.5671	0.9290	0.0790	1.1514	-1.6655	-1.1798	-0.5123	-0.2560	-0.0762
0.9728	-0.6171	-0.1267	-0.7292	0.8806	-0.4392	-2.6673	-0.1393	0.7056	-0.2877	0.5649	0.5218	-1.3231	0.7260	1.8486	0.1008	0.5003	0.6124	1.6001	-0.8108	0.6763	-0.5021	0.8297	1.3114	-0.4369	0.4019	-1.8055	0.3973	-0.1721	-0.4086	-0.2510	0.1602	-0.8619	-0.6860	-0.4903	1.1211	0.0026	-0.9076	-1.4745	-0.5533	-1.1047	0.5788	-1.2533	-1.2968	-0.9898	1.3201	-1.1542	1.1275	-2.1922	-1.1202
-0.3087	0.6183	0.7319	-0.6037	0.1796	0.2107	-3.0349	-0.7901	-0.2305	-0.7886	0.3418	-0.9460	0.0628	0.2037	-1.8305	0.5909	0.4795	-1.8202	-1.3865	0.0959	0.1794	0.0495	0.5365	1.6105	1.8568	-1.9048	1.6248	1.3959	0.6306	0.4603	-0.1289	-0.0536	-0.5541	-0.3891	1.4753	0.2821	-1.5833	-2.2736	0.4519	-1.1958	-1.2318	1.2956	0.3035	0.6521	1.1446	0.3872	-0.6162	0.8091	-1.5108	1.0312
-0.2174	-1.3053	-0.1730	1.4791	0.1071	0.6486	-1.0344	-2.3899	0.9580	0.3666	0.3863	-1.1872	0.7175	-0.1830	-0.5676	-0.3237	-0.7834	0.2386	-0.2982	0.0550	-0.1923	0.9076	1.3618	-0.8589	0.1267	0.2228	-2.2986	0.8064	0.9131	-1.3691	1.1022	0.0283	-1.1507	-0.9114	1.8784	-0.1722	-0.5384	-1.2556	0.2671	0.3186	1.4525	0.1111	-0.5580	-1.9080	-1.4734	-2.2567	-0.6375	-0.8289	-0.3503	-1.4049
-1.6961	0.7777	-0.6438	-0.2086	-0.0851	-0.3110	-0.8511	-0.6164	-0.4702	-0.2523	0.3383	-0.7486	0.3682	1.0699	-0.1592	-0.6108	-0.0266	-0.3254	-0.0103	-0.1716	-0.7364	0.1425	-1.3538	0.4951	-0.7840	-0.2095	1.1464	-1.7856	-0.8758	-1.2693	-1.1072	-0.1040	0.7333	1.0100	-0.5149	-0.6083	-0.1350	0.2416	1.9728	-1.4909	-0.1878	-0.0659	-0.3224	-0.8075	0.2021	-0.2558	-0.1236	-1.3254	0.0225	-0.1059
0.4146	-0.9194	-0.6189	0.6984	0.3505	1.2304	0.2310	0.2408	0.0451	1.8096	-0.1186	-0.2187	0.2752	-1.0152	0.2567	-0.4406	-0.2707	-0.4880	1.3676	1.8010	1.5642	-0.5952	0.7040	-1.1188	0.2256	0.1089	-0.0854	-0.1490	2.3444	-0.3245	-0.4704	-1.3184	-1.1620	-0.5456	1.0455	-0.1884	0.8056	0.4952	0.3814	0.4363	0.4128	0.6753	-0.5296	1.7273	-0.4810	-0.0513	1.0119	-0.0769	0.9092	0.1764
-0.8784	0.8849	0.9360	-1.0499	-1.1516	2.5866	-0.4729	0.3324	0.7897	0.3926	2.0311	0.0145	-1.3819	-3.0450	-1.1693	0.3067	-1.2225	0.8494	-0.3628	0.2033	-0.0057	1.5654	-0.3774	-0.7229	-1.0452	1.5930	-0.0854	0.1956	1.7653	0.0144	1.5179	-0.2754	0.1464	0.1241	-0.1760	-0.0459	-2.3505	-2.0397	0.3793	-0.0091	1.7826	-0.0808	-0.5675	1.5803	-0.1931	-0.7207	-1.6192	-0.0980	1.0666	-0.7320
-0.4239	0.3306	0.9302	-0.4973	0.2551	1.0258	1.3774	-1.3139	-0.8239	0.0278	1.2804	0.0341	0.1162	0.1232	-0.7334	-0.6665	-0.6127	-0.1051	1.4044	0.4433	0.3857	-0.0964	-1.3890	1.2462	1.2374	-1.9993	0.9506	1.3330	0.1048	0.2468	-0.3779	0.3153	1.3900	-0.5837	-0.0198	1.2105	-0.3211	1.3791	-0.1974	-2.1764	1.6631	-0.4268	0.1090	1.0978	-0.1544	0.5605	0.8972	-0.2185	0.3983	-2.2091
0.6054	-0.1920	1.4459	0.3345	1.9052	-0.5504	1.7860	-0.0825	-0.8247	0.9273	-0.2062	-1.9433	-0.4451	-0.4122	0.6818	-0.4992	1.3866	-0.1466	-1.8588	0.8055	-0.5863	-0.4681	-1.4974	0.7092	1.4331	1.3999	0.1042	0.4424	-1.4156	1.4785	0.2964	0.1211	0.8548	-0.9957	0.2762	-0.9545	-0.0141	-0.0971	-0.3900	0.6533	0.5106	0.2425	2.3973	-0.6103	0.2487	0.0991	1.5077	-0.0874	0.0952	-0.3740
-0.6043	0.5316	1.3697	0.6184	-0.0018	0.9986	-0.3746	-1.3217	0.8700	-0.2554	-0.6563	-1.2159	0.4695	-0.5959	1.9903	0.3924	1.8450	-0.5794	1.2379	-0.2330	1.0805	-1.4441	-0.8591	1.1551	0.4877	0.6350	0.6816	-0.3955	0.4292	0.7928	0.0954	-1.1180	-1.5498	0.5248	0.8854	-1.9070	-1.2406	-0.5079	1.7671	0.5943	1.0032	-1.3695	0.5312	2.4715	-2.1070	-0.6344	-0.4394	0.2131	-0.4011	-0.2759
-0.0634	1.0902	0.0478	0.9819	0.9520	-0.1953	2.9621	-0.0037	0.1039	-0.8670	1.6437	0.8499	-2.8144	-0.2987	0.6475	-0.4571	-0.7556	0.9201	0.9194	0.6661	0.0918	-0.5281	1.6803	-1.0279	-0.4553	0.8899	-1.1130	-0.1610	-1.2704	0.7992	0.4624	0.6072	0.3866	-1.0439	0.3805	-0.1312	-2.2976	-0.5156	-0.1616	1.3974	1.8774	-1.1241	0.0963	1.1579	-0.8547	0.8357	0.5693	-0.7541	2.7964	-0.2852
-0.3156	-0.5714	1.3777	-1.0366	0.5632	0.5238	-0.7489	-0.3433	0.2430	2.1591	-1.0814	0.0690	1.7170	0.4362	-1.0964	0.4134	0.1701	-0.4540	1.7101	0.4647	-2.6542	0.4004	1.6034	0.5202	-0.1816	-0.3217	-0.1034	-1.8924	1.5356	0.2147	-2.3509	0.7121	1.2929	-0.6647	-1.8290	0.2026	0.3214	0.4835	-0.1606	0.6781	1.6702	-0.1227	-0.1377	-0.5857	1.1063	-0.1987	0.1917	1.7954	-0.7713	0.2739
0.1471	-0.7171	-0.2206	-0.9223	-0.4792	-0.1371	-2.0611	-2.1517	-0.5755	0.8353	-1.6666	0.8142	-0.0802	0.3556	0.6876	0.5857	-1.1655	2.7167	0.3988	0.8320	1.0123	0.9960	0.7682	-1.7108	0.5525	1.6138	-0.7237	-0.3443	-1.0158	1.0307	-0.0648	-0.2452	0.4985	0.5851	-0.7058	-0.5471	0.6089	2.2617	1.6792	-0.1916	0.7684	0.7945	-0.2639	0.4118	0.2120	0.9121	0.1855	-0.7413	-1.0887	-1.0139
-0.4788	0.4104	0.9226	1.0168	0.7108	0.8195	-0.7326	-0.1848	1.0404	0.6273	-0.6068	-1.3917	-0.8606	-0.8627	1.5903	-2.0932	1.7762	-0.5358	-0.1801	0.8683	0.2964	-0.4976	-0.0484	0.6660	0.0695	-1.3428	-0.2098	-0.4061	-0.8708	-0.6228	0.6991	-2.1009	-1.0725	0.5718	0.4268	1.5245	0.4282	1.3595	-0.1906	0.3132	-1.8786	-0.5755	1.0676	0.0007	-0.7017	-1.7370	-0.1656	-1.1871	0.1714	-1.1392
-2.0610	1.0679	0.6234	-0.4505	0.1259	-0.1416	-0.3002	0.4415	-0.8410	-1.4181	-0.4620	0.7771	1.9502	-1.0871	0.1207	1.1570	0.5531	-1.0235	-0.1321	-0.2960	0.0042	-0.8217	1.2982	2.2669	-0.0009	-1.4878	-0.5872	-1.3501	1.1588	1.1098	0.0733	-1.0745	0.2732	-0.0728	-0.4125	0.4783	-0.6109	0.3343	-1.7085	2.2341	0.6628	0.7464	0.0544	1.8181	-0.4176	0.2724	1.8671	1.1910	1.2574	-0.3429
0.4999	-0.2866	-1.1164	0.9262	-0.5193	1.5707	0.5839	-0.0888	0.0469	0.9495	0.7778	-0.3945	0.7436	1.0225	0.0727	-0.9832	-0.9330	-0.9421	-0.1725	0.7329	0.4891	2.2121	1.8077	0.2156	-0.7780	-0.8777	1.9429	-0.7683	0.4492	-1.0623	1.4991	0.5101	-1.2484	0.6256	0.7290	-0.2852	-0.6185	-0.0953	0.5297	0.9621	-1.3056	1.6732	0.2315	-1.9560	1.5203	0.7425	1.6129	0.1878	-1.0792	-0.5456
0.3340	-0.5211	-0.3239	0.1913	0.7551	-0.0625	-0.6041	-0.6744	-0.7578	-1.0509	0.8810	0.4152	-0.1252	-0.7768	0.0507	2.3797	1.9371	0.1021	-0.1569	-0.2713	0.3867	-1.2763	-0.7344	0.5379	-1.2805	-0.7675	-1.2780	0.5690	-0.1342	-1.7046	-0.0568	-0.9787	1.2530	-0.9197	-0.2348	-0.7845	0.4562	-1.1897	0.5002	0.3846	-0.8910	0.0890	0.4293	0.8456	1.5355	-0.6129	-0.2490	0.0008	0.1730	0.7795
0.9630	-1.4624	0.0063	-1.0753	-0.2712	0.4786	-0.3262	0.3771	-0.8786	1.4101	-0.9925	0.1683	-0.1271	-0.4792	-0.4629	0.5043	-0.5146	-0.4689	-0.4950	-1.1461	0.2975	-0.1965	0.2296	-1.2991	-0.4390	-1.0727	0.8455	-1.6679	-0.1564	-0.2333	-0.0735	-1.5155	1.3174	-0.5334	-0.6118	-0.6253	0.4589	-0.5617	1.3462	1.4793	-0.5767	-0.3663	0.1793	-1.7180	0.2356	-0.7926	-0.5549	1.3954	-0.4038	0.5046
0.2791	0.3235	-0.0848	0.5178	1.7792	0.6903	0.9300	-0.0463	-0.2979	0.8484	-0.7427	-0.2337	1.2734	-0.9378	-0.2473	1.4854	1.5699	-0.2499	-1.4990	1.4566	1.3185	-0.5638	0.6086	0.5535	-1.0010	-0.7415	-1.0559	-1.3230	-0.6967	-1.5318	-0.7472	-1.0568	1.6130	0.5350	-1.7656	-1.0301	-0.8432	-0.2747	-0.7639	-0.5991	-2.8674	-0.7904	0.7502	-1.4835	0.0994	0.4560	1.2220	1.7127	-0.0251	0.1883
-1.8677	0.2223	-0.1299	-2.2929	0.2290	2.0954	1.7100	0.9796	-0.2394	0.0157	1.1980	-0.6152	-0.5790	-0.0958	0.0168	2.2655	-0.9675	0.0331	0.7366	-1.2852	-0.6903	0.5226	0.4575	0.9452	0.7225	-0.5810	0.7699	-0.9380	0.3453	0.3783	-1.7365	0.9801	1.0204	0.7383	-0.1916	-0.9321	-2.0537	0.5348	1.5925	-0.7006	0.7858	0.0668	-1.2747	-0.6795	-0.4701	-2.4114	0.1854	0.3232	-0.9331	-0.1705
1.9405	0.5626	-0.3648	-0.2078	0.1754	-0.1888	-0.0126	-0.2008	1.4051	-0.3596	-0.0363	-0.4612	1.0557	0.0778	0.0094	-0.8486	0.4639	-0.2053	1.3185	-0.3843	-0.7165	1.1453	1.6021	-1.1083	0.4593	-0.6692	1.0722	-0.4619	-0.9187	-0.1441	-1.6699	0.2119	0.0094	-2.5466	-0.8166	1.2775	-1.4990	-0.1101	-1.7205	-0.4770	-0.5283	1.7099	0.4401	1.2832	0.8368	-0.2352	0.5281	-0.8234	-0.3977	-1.7290
0.6580	0.3561	-1.4804	-1.3510	0.2790	-0.2042	0.8227	0.7437	1.8749	-1.1122	0.4599	0.8983	0.3824	-0.1640	1.1131	1.7278	-0.8454	-1.4567	0.8445	0.0363	0.3526	-1.0333	0.9522	-1.8143	2.2476	0.1990	-0.2690	-0.8775	-0.2001	1.7952	-0.7526	0.3380	0.7396	-0.6700	-0.9264	-0.3619	-1.1984	2.2440	-0.7200	0.6331	0.0037	0.7852	0.4829	-0.7988	-1.6178	-1.0857	2.2140	-0.0807	-1.2988	0.0091
1.5952	0.8454	-0.0143	1.4780	-0.3613	-0.6509	0.7487	-0.6278	-0.3503	0.2787	-1.3127	0.7190	-1.2494	0.5156	0.6447	1.5768	-1.3011	1.7609	-0.5560	0.0084	-2.6952	-1.5951	0.3567	0.2507	0.9200	0.8386	0.8275	0.1846	-0.2759	2.2277	-0.6667	-0.7409	-1.4674	-0.5823	-0.1617	-1.6504	0.0767	-0.2742	-0.4883	-0.6279	0.9802	-1.1444	-0.7236	-0.4705	-0.5129	-0.5519	-1.2929	-1.9131	2.3035	-0.2982
0.8133	0.8729	-0.9108	-1.5251	0.9148	-0.5985	-1.3923	0.9853	-0.3903	0.1559	1.0305	-2.0162	-1.2033	-0.4930	-1.1840	-0.8132	-0.0080	0.2798	-0.9500	-0.6362	-0.7052	0.4270	2.0580	0.1300	0.2054	0.9290	-0.2930	2.2251	0.2607	-0.7862	-0.5718	1.5112	-1.0677	-0.5572	1.5777	0.5448	0.0750	-0.9848	-3.1286	-2.2256	0.6485	-0.4760	-0.6036	0.8208	0.4473	1.1425	0.3427	-0.0238	0.0160	-0.9319
0.4374	1.9246	-0.4588	-0.2899	-2.6702	-0.5515	-0.0109	0.3241	-0.2577	-1.5405	-0.1391	1.5146	-0.5357	0.7375	-0.3287	-0.7550	0.2216	-0.4378	-0.6458	-0.6336	1.2306	-0.0993	0.2217	-0.9700	-1.2020	-0.7558	-0.5146	-0.2085	-2.0262	1.3574	0.3951	0.9268	0.9335	-0.2794	0.5351	0.2513	0.8373	-0.3669	0.2404	0.6371	-1.1553	-1.0631	-1.0397	-0.5712	0.0723	-1.3835	0.6819	0.1932	1.0228	-2.1991
0.3064	-0.7291	2.1938	1.8215	0.1036	0.4479	0.2890	-1.1248	0.7510	0.6608	0.5526	0.1815	1.3131	-0.6315	-0.9985	-0.4052	-1.8529	0.1245	-0.1049	0.1166	0.8318	-0.7090	0.8154	2.2512	0.4325	1.8298	-1.0272	1.2252	0.1359	-0.7694	0.5474	-0.4412	-0.2403	0.0716	-1.3647	-1.4952	-0.2160	-0.8532	-0.0464	-0.6429	-0.5804	-0.6782	-1.0612	-0.7729	-0.8153	-0.6990	-0.4263	1.3808	1.2959	0.8937
0.3226	0.6630	0.1183	-0.1970	0.6590	-0.0159	0.2746	0.3884	0.1628	1.8908	0.0843	0.7302	-0.5992	0.9354	-0.3127	-0.0242	-0.7966	-1.8675	0.3132	0.8292	-1.1673	1.4328	-0.0308	1.6229	-0.9793	1.0320	0.7214	0.9690	-1.4396	-1.0969	-0.8589	-1.7797	-0.7822	0.4335	1.1052	-0.6801	-0.5447	-1.1476	0.9120	-1.0154	-0.2539	1.1783	0.3579	-0.0351	-0.4860	-1.5420	1.0513	0.1773	1.3964	0.6288
-0.2860	0.6055	-0.1817	0.5375	0.9947	1.5137	-1.0587	-0.5424	-0.1453	-0.1570	0.7727	-0.1127	0.6416	-0.7729	-1.5974	2.2064	0.2688	0.8769	-0.3581	1.2219	-0.3038	-0.7956	-0.3067	-0.2007	-0.4980	0.2291	-1.5177	-0.2989	0.6603	1.4957	0.1901	0.3231	0.2064	0.5200	0.1191	-0.6147	0.3002	-0.5584	-0.4593	0.9472	0.6558	0.5004	-2.3837	-1.0897	0.6795	-0.7717	-1.4572	-0.2577	0.9511	-0.0054
-1.8666	0.1929	-1.2675	0.9973	0.4479	0.1796	1.5251	-1.0815	-0.0790	0.2901	-1.1154	1.1173	0.3661	-0.4609	0.5383	1.0008	1.8689	-1.6882	-1.5402	-0.9524	0.7414	1.6531	-1.6549	2.1407	0.4677	1.7213	0.8007	-0.1231	0.1882	0.2467	1.1574	0.5441	1.6392	0.6835	-1.3412	1.2407	-0.7789	-0.1601	-0.2766	-0.6908	0.7516	0.5038	0.0731	0.5268	0.3364	1.0821	-1.4321	0.0460	-0.7178	-1.2053
-0.1227	2.3876	-1.3515	-0.5543	-1.0288	-0.3730	1.3372	1.1198	0.0111	0.0787	2.4749	-0.4881	0.1066	1.9792	-2.2550	0.3383	-1.9268	0.3811	-0.4449	0.7557	-1.0919	-1.1320	-2.0796	-0.7034	0.3044	-1.7302	0.3890	-0.6104	0.7320	-0.2633	-0.1200	1.0596	0.3637	1.1986	1.2927	0.8660	0.8198	-0.1480	-0.1977	-1.6399	0.9072	-0.8840	-0.5634	-0.2824	-0.2222	0.6518	0.1715	-0.6188	-1.7800	2.0268
-0.3459	-0.8693	-1.3626	-0.9689	0.2907	1.5349	-0.3487	0.1966	0.8914	0.2349	0.8567	-0.1649	-1.0038	-0.4307	0.4823	-1.1071	-0.4013	0.1438	-1.5461	1.9558	0.6347	0.9313	0.8236	-0.0733	0.5217	0.4351	0.2539	-1.1905	0.7171	-0.2423	-0.1660	-2.0845	-0.5035	-0.6966	-0.3680	-0.2625	0.3424	-0.1016	-0.4200	0.6123	0.6958	0.6254	0.8345	-0.9671	1.1024	0.7649	-0.0815	1.4067	-2.1090	0.0774
-0.9660	0.8110	0.8506	0.7464	1.9783	0.1001	0.1824	-0.0441	-0.8376	0.5646	-1.2170	0.9971	-0.8554	-1.0998	-0.5212	-1.0787	-0.4105	0.3436	0.3149	1.3287	-0.3003	0.8374	0.0732	-0.2775	-0.3007	0.0396	0.3843	0.1884	0.1936	1.4242	0.6125	2.5162	-0.2718	-1.6923	-1.4735	-2.6411	0.4716	0.0540	0.3526	-0.1224	-1.5444	0.9129	1.2174	-0.7436	-0.5447	-0.2063	1.0060	0.4501	-2.4369	0.5301
0.1639	-0.0008	-0.1887	1.7046	-1.0565	-1.3198	-0.7909	0.3915	-0.0130	-0.5454	0.5535	-1.9957	-0.0092	0.4533	-0.0237	2.2709	0.9347	0.1955	0.5805	-0.2377	-0.7010	-0.1558	-0.3685	-1.8386	0.9803	-0.1543	1.4251	0.4133	1.9579	-0.0747	-0.7551	0.2706	-0.0887	-1.6211	-1.2327	-0.2484	-0.9318	1.9031	-1.6810	-0.3650	0.9990	-0.9947	1.6241	1.8942	1.6605	-1.1770	0.5562	-0.2568	0.2242	0.9210
0.6517	-0.6990	0.6407	-0.2979	0.2017	0.9804	-0.4939	0.2121	-0.4924	-1.0522	-0.6571	0.7977	-2.3798	-2.0642	-1.1493	1.3945	-0.1908	-0.5544	0.2267	0.2246	1.6940	1.1869	2.2492	0.9181	0.0539	-0.0894	0.4703	-0.8786	-2.1348	0.4571	-1.9286	-2.1267	-2.7141	1.2334	0.0916	-1.2651	-1.5354	-0.7694	0.4825	-0.5051	0.4158	-1.4111	-0.6623	0.9477	0.0342	1.2311	0.1520	1.3413	0.7661	-0.7904
0.0797	0.1309	3.3618	-0.4735	-0.0135	0.0146	-0.2848	-0.0243	0.1690	1.4574	-0.2348	1.1247	-0.1535	0.7766	-0.3063	-0.4034	1.1725	0.7502	-2.2511	0.1042	-0.4343	1.9323	0.8695	-1.4842	-0.2781	-0.0968	-0.3060	0.0300	-0.3073	-0.2828	1.4353	1.3893	1.8151	1.6367	-0.3185	0.2078	-0.6263	-0.2730	-0.4234	0.7798	0.9723	1.0145	-0.7062	-1.3561	0.5014	-0.3086	0.0317	-1.3282	0.4534	-0.4205
0.0624	-0.2898	-0.5251	0.7275	1.1859	-1.0159	-1.9076	1.6369	-0.5782	-0.2640	1.0424	-0.0389	-0.1921	0.8614	1.1049	1.1671	1.3655	-0.6018	1.1518	-0.1079	0.9345	-0.3116	1.4535	-0.5576	-0.1288	0.2923	-0.7062	0.8111	-0.4863	0.1912	2.3194	-1.0293	-0.7381	-0.7321	-0.7244	1.4638	-1.9985	0.5168	0.6086	-0.9331	-0.1371	1.3551	-0.5156	-0.5946	1.1373	-0.9482	1.7080	-2.3257	0.2313	1.2712
0.1472	-0.0324	-1.8585	-1.8199	0.8408	0.4081	1.3626	-1.2257	2.3427	0.3102	-1.7921	0.6581	1.0373	0.5148	-2.7265	-0.8485	-0.0854	1.2757	-1.5423	0.1360	-0.5593	0.1216	1.2307	-0.9201	-0.0397	1.0361	-1.0567	-0.1994	0.0620	-1.6953	1.2592	1.0940	-0.6668	0.3669	0.9377	-0.1690	-0.1497	-0.3799	1.2546	-1.1423	1.0914	0.6188	-1.2418	1.0326	-1.3767	1.1909	0.8773	1.1927	0.8033	-0.5717
0.0070	-0.8398	-0.8658	0.3912	-2.2230	-0.7547	0.2940	-0.8967	0.8923	-0.1142	-0.2762	-0.6280	0.0265	-1.3074	1.5282	1.4423	1.5875	-0.3946	2.1464	-1.0110	1.8643	-0.0669	0.4413	0.8119	-0.4883	-1.9563	-1.2307	0.4394	0.0353	0.6561	-0.1962	-0.3838	0.7084	0.8066	-0.2808	-1.8824	-0.8072	1.9221	0.0049	-1.0909	-0.9309	0.5144	0.5058	-0.5784	-1.4167	0.4376	-1.4103	-0.0946	-1.2282	1.5302
-0.0415	0.2432	-0.6622	-2.2022	0.1551	0.1119	-0.6497	2.5192	-1.2047	-0.9265	0.6011	0.9953	1.9658	2.3116	0.1076	-0.9964	0.0535	-0.9711	-0.2354	1.3763	-0.5269	0.3822	-0.6614	-0.1234	-0.6793	-0.6903	0.6604	-2.7568	0.3695	-1.5884	-0.2293	0.3477	-0.0958	-0.5888	-0.3553	0.4060	0.0627	1.4038	-0.5749	0.0110	0.1151	-0.5848	-0.4343	-1.1109	0.6051	0.4617	-1.9905	0.0345	-2.0978	-2.2901
1.0075	-0.5653	-1.0111	1.8207	-0.2846	0.4342	0.4949	0.6653	1.1904	0.7182	0.5074	-0.8026	-1.5245	1.1003	0.0235	0.6714	-1.3055	0.2531	-0.1760	-1.4078	0.0064	0.3292	-1.5906	-0.4731	0.7540	1.3017	-0.8742	-0.9937	0.6458	0.7984	0.6308	0.7459	0.1059	-1.2483	0.0812	-1.6110	-0.2594	0.1426	-1.0016	1.2578	0.0787	0.2444	-1.5038	0.2514	0.1644	-2.5973	0.1791	-0.6300	0.5129	1.0969
-2.4087	0.1274	-0.2284	-0.5129	-1.8938	-1.0871	-0.1484	-1.0268	0.7084	-0.1805	-1.0677	-1.2036	0.6292	0.1340	1.1069	0.3838	0.5788	-0.0321	-1.0489	-0.3433	-1.6187	-0.4070	-0.2928	0.3936	-0.3450	-1.3404	0.0983	0.4371	0.2618	1.0652	-1.4182	-0.4224	0.4014	0.0888	1.8328	0.1186	0.7360	0.7985	1.0921	0.4948	0.3140	-2.0512	1.4948	0.3553	0.5968	-0.5971	-0.2161	0.3330	-0.2720	-0.0837
1.3060	-0.7368	-0.1641	-0.8709	1.7314	0.3084	0.7623	0.3472	0.3656	-0.2305	-1.0054	-0.3069	-0.6998	-1.8180	-0.3077	-0.0017	1.0884	0.4134	-0.7785	1.8298	0.8041	-1.7250	-1.2442	0.7123	0.3332	-1.6752	-2.6321	-1.0986	-0.3133	0.1109	0.4232	-0.2114	-0.7113	-0.2635	-0.7983	-0.6849	0.5914	0.6853	1.2243	-0.3895	-0.4337	0.0454	-1.0042	-0.1453	1.1385	1.8586	0.1848	-2.5298	0.6070	-1.3194
0.5267	-0.4746	-1.9841	1.4802	0.1636	-1.2915	1.0287	0.5743	0.4170	-0.2630	-0.4154	-0.9134	2.4172	-0.6878	0.3723	-0.2303	2.2780	-0.8487	-0.8593	-0.3111	-0.6686	1.5125	1.2942	1.2246	0.6324	-1.2023	-0.2215	-2.2706	0.7113	-0.3705	0.1561	0.0591	-0.5005	1.4974	1.0354	-1.6922	-0.2698	-0.7416	-0.1445	1.7828	0.2898	0.1719	-0.5554	-0.3853	0.6657	0.2065	-1.6751	-0.1988	1.0618	-1.4314
1.4930	0.5917	1.3027	-0.5369	0.3036	-2.1217	0.1589	-1.6645	1.3085	1.1187	0.4576	0.5288	0.3616	-1.9084	2.4628	-0.8676	0.0364	-0.2975	1.8282	0.5153	1.2143	-0.7840	0.0362	-0.2128	-0.0991	0.5154	1.2121	-1.6921	-0.3109	0.7709	-1.1620	0.6968	-0.5052	-0.8254	-0.2859	-0.3175	-1.0695	0.4721	-1.7582	-0.6479	-0.5440	-0.6382	0.7784	0.6526	-0.1049	0.4721	-0.5259	2.2128	-0.2109	-2.3110
0.2946	0.5861	-0.8879	-1.0703	-1.1332	-1.4034	-0.0648	-0.7144	2.3216	-0.3699	-0.7128	0.3653	1.2473	0.5593	0.3233	-0.2080	-0.1440	-1.5731	0.8163	-1.7802	-0.9487	0.2361	0.5353	1.2573	-0.5450	0.5981	-0.2896	0.2732	0.6494	0.2868	-0.8485	2.0261	1.4189	-0.3740	0.0088	1.5114	-0.6385	-0.8992	0.5094	-0.7227	-2.2836	-0.6630	1.3391	0.4314	0.1479	-0.7078	-1.2239	-1.7198	-0.9848	1.1163
0.2647	2.2250	-0.7696	0.5011	1.3142	0.1495	-1.9330	-0.2810	-1.1286	0.8077	-0.1679	-0.5328	1.0940	-0.1983	-1.4062	-1.2119	0.3832	0.6979	-0.1386	0.9723	0.0853	-1.3905	-0.0064	-0.5174	0.0524	-0.3530	1.9224	1.3458	0.1059	1.6251	0.3360	0.9137	-0.0477	-0.7654	-0.3538	0.9025	-1.7477	0.9474	0.6980	0.1944	0.6932	0.6482	0.7126	0.7134	-1.4723	-2.5070	-0.9104	-0.2718	0.2842	0.1221
0.0096	0.1091	-0.5191	-0.5227	1.4855	-0.0229	-1.4359	0.1079	-1.2360	2.0073	1.0525	-2.0404	-0.8403	-1.1906	-0.3871	0.3727	-0.8136	0.8819	-0.6883	-0.3830	1.6330	0.2940	0.0949	0.0287	-2.8174	-1.1148	-0.0450	-2.5379	1.8174	1.3599	-1.5704	-0.3046	0.7498	-1.4540	-1.4814	-1.7562	-0.8779	-0.1705	-1.1212	0.1460	-0.9956	1.0806	0.7744	-1.2369	-0.3877	0.6973	-1.8002	0.1181	0.6094	0.0236
-2.0521	-0.7977	-0.6230	0.9170	0.0861	-0.5537	-0.2862	0.1661	-2.2043	-0.3653	-0.4950	0.8809	0.4030	-0.3759	-1.0677	-2.3750	0.9235	1.3789	-0.4114	0.5798	1.3075	-0.6103	1.2249	0.2715	-0.6606	-0.0377	0.3461	-1.4241	0.2218	0.6561	-0.7983	0.1819	0.8996	-0.2214	0.4028	-1.0601	-0.9295	0.1827	0.7170	-0.1563	-0.3239	1.3299	-0.2445	-1.7499	1.2701	1.8534	0.2589	-0.8169	-0.0651	-0.9229
-0.1523	-0.3451	0.3077	1.5342	0.3033	0.0565	-0.0520	-0.0698	-0.2293	-1.5261	1.2177	2.0932	-0.2432	-0.3312	0.7797	-1.7910	-0.0279	1.9083	-1.0323	1.1827	0.0097	-1.0136	-0.0777	-0.3740	2.0585	0.3629	-1.6402	0.2303	-1.0257	1.5580	0.7553	0.5977	-1.8236	0.8893	0.2871	0.5488	0.3183	-0.8643	-0.4629	2.2757	1.0591	0.2475	0.9806	1.4118	-0.8758	-0.3178	-1.8448	-0.6169	-1.2373	-0.2270
-1.3284	-0.5515	-0.2623	-0.1038	-0.8070	0.6949	-0.0127	0.8610	1.1510	-0.3617	2.3219	0.0254	0.0699	-0.4512	-1.3331	1.4152	-0.2258	-0.7291	-0.5011	-0.1518	0.2759	-2.0144	0.5214	-1.5542	0.7784	0.6441	0.1417	1.1562	-0.8279	-0.1474	-0.9295	-0.0310	-1.4221	-1.1243	0.6989	-0.6982	0.1849	-0.6533	-0.6530	0.6510	0.6677	-0.6068	-0.6778	0.7229	-0.9086	0.5315	-0.2773	-0.8417	-0.1974	0.5025
-0.1984	-0.6447	-0.2722	0.2263	-0.7135	0.1575	-1.6864	-0.0906	-1.2647	-0.9361	1.0331	0.7729	-0.2482	1.0492	0.4876	-0.3693	-1.1034	0.4926	-0.5927	0.0326	-1.7718	1.3306	0.4679	-0.6163	-2.2401	0.3705	0.8184	0.3409	-2.0679	-0.4232	1.3269	-1.1614	1.4075	0.4299	0.1115	-0.1797	-2.1988	0.7132	-0.8167	-2.1031	-1.0375	1.6015	1.3299	-0.5013	-0.1956	1.5352	-0.0480	0.1535	1.0387	-0.6660
-0.8198	-1.7223	1.0839	-0.6311	0.5985	-1.5595	-1.5026	0.4922	0.3545	-0.7936	-2.0628	-1.2808	0.0229	1.3746	-0.0660	-0.9974	0.3315	-0.8656	0.3304	-0.6018	-0.5654	-0.5245	-1.0790	0.5562	-0.8024	0.4447	-0.8498	0.5143	-0.1290	0.6850	-0.3954	0.0349	1.6342	-1.2234	0.7268	0.3514	0.0176	0.4558	0.8703	-1.1016	-0.0025	0.2110	0.2392	-0.7428	-0.2213	1.1060	0.2046	0.8657	0.8210	-0.6620
1.1383	-0.2024	-0.8369	0.0290	1.3335	-0.1418	0.2528	-1.7179	0.7798	0.3219	-1.6229	1.4563	1.4441	-3.0008	1.7363	-0.0423	-0.3089	-1.2080	0.3370	-0.3369	-0.0714	-1.7022	-0.5237	0.5846	0.2294	-0.6090	-0.8522	0.8714	1.5008	0.3497	-2.6283	0.0631	-0.0190	1.3217	-0.4019	1.7890	0.6505	-1.8538	-0.7388	0.4645	-0.2518	2.3248	1.5696	-0.7363	0.4885	1.7740	0.2492	0.0581	-0.1752	0.3436
-0.0889	0.5273	-1.9032	-0.7358	-0.7274	0.5357	-0.0871	-0.4857	0.3191	-0.8103	1.4358	-1.0069	0.1422	0.3192	0.1950	-0.2513	0.5310	0.3444	-1.0843	-0.2935	-0.9547	0.4487	-0.2443	-0.3360	-0.9070	1.6271	0.8897	-0.5780	0.1929	-0.9031	-0.9284	-0.7593	-0.7428	-0.0922	-1.2771	-1.2165	0.2212	0.8149	1.4775	-0.0028	0.8607	0.6597	-1.6943	-0.8739	2.0297	0.3297	0.0295	2.1179	0.5951	0.8510
-1.2520	0.6841	0.2053	0.5860	-1.3337	-1.1457	0.4637	-0.5099	-0.1682	-0.9555	-0.1167	-0.0136	-0.9031	-0.1635	0.2490	-1.6433	-0.9379	-0.4110	-0.6601	1.7365	1.5687	-0.5052	-0.2625	-0.2467	-1.8668	0.8295	-0.0179	-0.4035	-1.5611	-0.1671	-0.1430	-1.1516	0.8239	0.1737	-0.5048	1.5733	0.5874	0.3137	0.4535	-0.4284	-1.4293	-0.1845	-0.5867	0.3036	0.4039	-1.9339	1.5496	-0.4446	0.5014	-0.1413
-1.2119	0.0609	0.9999	-0.3287	-0.0385	-0.7991	-0.4220	-1.5229	-1.4396	-0.8300	-0.5054	-0.7655	0.2295	-0.3145	-0.1708	1.7924	-0.2306	-1.3420	1.2998	0.9228	0.2449	0.9168	0.2262	0.3895	1.0596	-1.4146	0.9484	1.8003	0.4918	0.2975	-0.0641	0.4305	-2.2124	-1.3994	1.4081	-0.1179	-0.9272	1.1543	0.3652	-1.0455	2.0453	-1.2282	0.1517	-0.9514	0.7385	0.1091	0.4680	-0.8214	-1.4979	0.3499
-1.5293	-0.6344	-1.5057	-1.3968	0.8478	0.8697	0.5454	-0.1289	0.3496	-0.5069	-0.6810	-2.4421	-1.9399	0.8648	-0.2278	-1.7097	1.0081	-0.0381	0.0300	-1.2649	0.9562	0.0402	0.3493	-1.2857	0.3058	-0.4027	0.3880	0.0437	0.1664	0.6624	-0.3359	0.5763	0.1192	0.3158	-0.2051	-0.1229	-0.6439	-0.3639	0.7400	-0.9489	0.0572	-0.4169	0.5167	-1.2243	0.0706	0.2008	0.6400	0.5599	1.4295	-0.0595
0.1795	-0.6122	0.6192	-1.3387	0.8458	1.2975	-0.0257	2.0430	-0.6394	-1.5295	1.2605	-0.8009	0.3740	0.4771	1.2889	-0.1090	-0.9658	0.1121	1.2044	0.9426	0.0384	-0.0364	0.1000	0.6662	-1.2242	-1.1326	-0.2603	-0.4020	-0.2770	-0.8406	-0.6851	1.3577	0.4378	0.8357	1.1796	0.5354	-1.8211	2.1740	-0.1057	-0.7134	1.2075	0.0335	-1.4645	-1.0283	0.5574	0.6517	-0.1313	-2.5265	-0.7301	-0.8657
-0.9296	-1.6388	1.0175	0.7838	0.4520	-0.7923	0.1549	1.4013	-2.2069	1.1054	-0.8216	1.6321	-0.2305	0.3137	-1.4994	-0.1251	-0.1739	0.4461	-0.6575	0.4768	-1.3412	1.4272	-0.1641	-0.5242	-0.5444	-1.5313	-0.1505	-0.5950	-0.8431	1.8270	2.0251	2.0712	0.3010	0.9116	-0.5243	-0.3993	2.5377	-1.0687	-1.2303	-0.3591	-0.2889	0.2283	-1.2059	0.3086	0.3097	-1.1453	-2.4565	-0.7441	-0.2577	0.7647
-2.8792	-1.0230	-0.9477	-0.2269	-1.2575	1.3438	-0.5987	-1.1479	-1.2455	0.2165	-0.5430	-0.4063	-0.7679	-0.9702	0.0770	-1.5911	-1.0189	-0.7317	-0.9779	-0.3353	-0.4635	-1.1135	-0.6244	1.0735	-0.2588	-1.5424	0.1904	-0.3534	1.5387	0.8402	-0.6014	-0.6919	1.2283	-0.6200	0.4001	0.2330	-0.4135	0.3173	0.6785	1.1714	-1.9393	-0.0547	1.5829	-0.4156	0.3409	-0.2450	-0.6201	-0.6575	-1.3340	0.2295
0.1920	-0.5302	0.2313	2.5467	0.6417	-0.2630	-2.1911	-2.0521	-0.0801	-0.9823	1.2759	0.3452	0.0147	0.7556	-0.7939	-0.5961	1.0499	0.1302	-0.4503	0.5778	0.5257	-0.9967	1.0812	-1.4187	-0.2838	-0.7469	0.0720	-1.8783	-0.9628	0.9947	-2.3248	0.3622	-0.6439	-0.1829	1.8106	-0.1335	0.5742	2.0613	-1.4457	-0.4903	-2.8600	-0.1267	-0.4881	0.2584	1.3689	-0.5173	-1.8585	-0.4631	-1.7592	0.7296
-1.1238	0.5691	2.3221	-0.3706	-0.5183	-0.9105	1.6218	-1.7238	-0.8813	0.4817	-2.5007	-0.5843	2.1702	1.4687	0.6274	0.4031	-0.0237	-1.7258	0.0892	0.3497	0.2059	0.3466	2.5418	-0.1571	-1.0860	0.9592	-0.6202	0.4522	-0.3120	0.1624	2.1255	-0.9450	0.8327	-0.0722	2.3864	0.2238	-0.4636	0.9977	0.2631	-1.9295	-0.6705	0.0583	-0.6848	0.3226	-0.1755	0.0737	0.8346	0.0723	0.2107	-1.4900
1.1762	1.6116	-1.6287	-1.2472	1.8012	-0.1575	-0.1403	0.1457	-0.4406	-3.4038	-0.9985	0.3527	-0.0167	1.3311	-0.3322	1.1842	0.0360	0.5691	0.2964	1.1449	0.7491	-0.6535	1.1132	0.3796	-1.4935	-2.5722	0.1729	0.3762	-0.6102	0.4342	-3.1604	-2.0589	0.3354	-0.4793	1.9511	-0.7326	1.0908	0.5339	1.5098	1.1868	-2.5746	-0.3306	0.4038	1.1801	-0.6108	-0.5830	0.7994	2.1372	-0.6015	1.7726
-0.0139	-0.0010	-0.3497	0.6959	-0.4430	-0.5099	0.6373	-1.0025	-0.3679	-0.0064	0.0710	-1.9198	-0.2898	0.7576	0.8149	0.3127	-1.2075	2.6920	-0.4735	1.0861	0.8291	-1.2776	1.2583	-0.1453	0.2046	0.0611	-0.4794	0.8524	-0.2121	-0.5028	-1.5497	0.2294	-0.1180	0.8505	0.8655	0.3895	0.4170	-1.8872	2.1510	0.6312	1.3512	0.3241	-0.7037	1.5301	1.2342	0.5585	-1.0200	-0.9103	0.1630	0.0219
2.0937	-1.7110	0.2743	-0.5257	-0.2714	0.8258	-1.6742	-0.7812	-0.6286	-2.3253	0.7661	1.0480	0.0263	0.1043	0.0839	-1.6880	-0.3112	0.4508	2.5619	-1.7074	0.0384	-0.1985	0.3472	-2.7460	0.4149	1.2298	-0.2498	-0.2535	0.1923	1.9494	-0.7407	-0.5167	1.2806	1.4202	0.9624	-1.2223	0.3047	-0.5965	-1.5128	1.1800	-2.2418	0.6980	0.5880	0.9090	-1.1522	-0.3361	0.0951	-0.2621	0.8856	0.7004
0.4140	1.0625	-0.8915	1.6441	-1.1078	0.6086	-0.0642	1.3710	-0.2251	0.4833	1.1358	0.5207	-0.4824	-0.0493	-0.3984	0.3712	1.2349	0.4421	-0.2025	-1.8476	-0.2484	0.0355	-1.7873	-0.7766	-1.0678	1.0236	0.3892	0.5813	-0.1501	-0.2878	-1.0480	-0.1117	-0.2856	-0.5835	0.1655	-0.7380	-1.3319	0.2711	0.4825	1.0899	-0.1032	0.3641	0.0691	1.0904	-1.2241	1.3098	-0.8256	0.0247	0.4973	-1.0656
1.7423	0.1807	-0.5889	-0.4859	0.3373	1.0138	1.0313	-0.9237	-0.5744	-0.6345	-0.5394	1.0055	-0.6732	0.8661	0.2491	1.0669	-0.2789	-0.5030	0.4933	1.5883	-1.2296	-2.0396	0.2559	0.5883	-1.2203	0.8830	0.8014	-0.0368	0.9795	1.2129	2.4912	-0.6423	0.3779	-1.2303	0.3660	1.7667	0.4831	-0.6171	0.9962	-0.0216	-0.2289	0.5338	0.8763	-0.9520	2.1615	-0.3237	0.9334	-0.0231	2.2460	0.4928
-1.0091	0.2292	-1.6901	0.6549	-1.3112	-0.7483	-0.6035	-0.0687	1.6873	-1.3374	-0.5025	-0.0987	-2.2077	-0.3857	1.2903	0.5880	-2.1822	1.2441	0.2603	-1.8412	0.1184	-1.4196	0.3773	-1.1849	0.1596	-2.2386	-0.9577	0.6597	0.1069	-2.2258	0.7119	-0.6135	0.0316	-0.7571	-0.3820	0.6145	-1.1751	1.1623	-1.3360	0.4980	-2.2802	-2.3983	-0.4739	-0.1354	1.4049	0.2683	1.0998	1.2781	1.4070	-2.2695
-0.8751	-0.3177	-0.7594	0.3233	0.3163	-1.3608	1.1478	-0.2759	-1.2250	-0.0634	0.9402	0.5615	-0.1639	-0.6871	-1.3153	1.2436	-1.5173	0.9581	0.4587	-0.7284	0.8404	0.8387	0.2524	-1.0157	1.4645	-0.3554	-0.7240	-1.0242	0.3096	0.2384	-0.4260	-1.0201	-0.9090	-1.2958	1.5250	-1.1642	1.9508	-0.1510	-0.7194	2.0691	-0.0198	0.0614	-1.5630	0.0289	-0.1732	2.2463	-1.3151	1.0041	1.4318	0.7246
-0.5733	-2.1427	1.2430	0.0258	0.4156	-0.7976	0.1315	-0.9925	1.4887	-0.0178	-0.4723	2.3071	0.3845	-0.9753	-2.4173	-0.4479	1.3195	-1.2397	-0.8743	0.2340	1.0012	1.1300	0.2995	1.1401	0.0561	1.4370	0.6152	-0.4564	-0.2158	-0.1691	-0.5270	1.4100	0.3636	-0.4233	2.2471	-1.9048	0.0461	1.6018	0.5542	2.3879	-0.8551	-0.6864	-0.9966	1.0390	0.0365	0.1800	-2.5785	0.0037	-0.1635	1.4624
-0.4680	0.8558	-0.8434	0.3698	-0.0905	0.6325	-1.6322	0.0713	-1.5682	-0.0909	-0.9013	-0.4553	0.6821	-0.7006	-1.4162	-1.3255	-0.9628	0.1486	-0.5143	0.7999	-0.6914	0.4386	0.3905	-1.6418	-0.0366	0.2620	-0.9797	-0.0997	0.9721	-0.0175	-0.6992	-1.5937	0.6922	-0.9101	1.9265	0.1100	1.4675	0.5782	0.3100	1.3181	-0.0326	-0.3002	-0.4237	-0.3180	0.6037	0.2642	-0.6507	0.0482	0.5960	-1.2095
-0.5149	-1.3992	-0.2764	-1.0781	0.4987	0.5567	0.4076	-1.0122	-1.1520	-0.3505	-1.2334	1.1903	0.5296	-0.3227	-1.0875	1.8518	0.9654	0.2644	-0.8044	1.3769	0.4926	-0.6524	0.1711	-0.8650	-0.7929	0.4792	0.4674	0.7497	0.9894	-0.8602	-0.4089	-0.3168	-0.1566	2.3800	0.1129	1.2071	-0.6725	-0.9601	0.3534	0.0613	1.0069	0.1900	-0.3859	-0.4416	-0.1536	2.1541	1.3673	0.4848	-2.6938	0.3512
-0.6214	-0.6822	2.6510	-0.9970	-1.2104	-0.2759	0.2228	0.5133	-1.9104	-1.3546	-1.2652	0.7899	0.2916	1.0977	-0.2848	-0.7552	0.2960	0.4287	-1.7756	0.4980	-1.9761	0.4119	1.4265	-1.7130	0.1580	1.6965	-1.1850	-0.2474	-1.2868	-1.3341	-0.2184	-0.6607	1.4192	1.2007	-1.1397	0.2380	-0.7877	1.5775	-0.5387	0.1418	0.8745	-0.3135	-0.7172	-0.9920	0.2360	0.8732	0.8766	0.4111	0.3942	-2.1703
-0.6568	-0.3808	0.8769	0.7105	0.8931	1.2938	-0.1228	-0.7318	-0.8845	-1.6997	0.2008	-0.3429	0.5570	1.0506	-0.0422	0.0158	-0.2221	0.8117	-0.0473	-0.2530	1.2286	0.3635	0.8010	1.1913	-0.1455	0.1950	-1.5037	0.1782	0.6250	-0.0010	-0.2736	-0.5248	-0.4683	-1.4897	-0.4022	-0.3104	-0.1427	-2.4077	0.1530	-1.7468	0.1301	0.3007	0.5158	-0.3725	-0.2465	0.6746	1.1495	0.2375	-0.1900	-0.2851
-0.9051	1.7307	-0.1302	0.6153	-0.1431	0.3831	-0.9521	-0.0118	-1.0900	-1.0135	-0.3307	-0.0334	0.9379	1.2134	2.0442	-0.3329	-0.3170	2.4807	0.3245	-0.7687	-1.7386	-0.5774	-0.8184	-1.0127	-0.2161	-0.5400	-1.2222	-0.9674	-0.4463	-0.1646	1.3858	0.9066	0.2323	1.0241	-0.0118	-0.7409	0.8745	-1.1618	0.6650	0.3935	-1.3901	-1.4002	-1.1878	0.0326	0.3734	1.6657	-2.3636	-1.0682	1.7315	-0.2703
0.5563	1.0843	0.6054	-0.4722	-0.9064	-0.1356	-0.3897	0.1927	-2.0318	1.7978	0.6535	-0.6529	-1.0100	1.2686	-1.3878	-0.7747	-0.7344	0.0425	1.4888	0.6121	-0.0776	1.6833	0.8997	-1.4238	-0.0565	-1.8855	0.0233	-0.3785	-1.1433	0.9321	-1.6253	0.3091	-1.4865	-1.6080	0.3327	-0.5264	-0.8011	0.0468	1.0658	-1.0840	1.1959	-0.2216	0.2825	0.5633	0.3016	0.6422	0.2406	0.8763	-0.3487	3.1140
0.5317	0.5513	-1.4414	-1.0659	-0.4593	0.2129	0.9031	-0.9144	0.5088	0.0753	-0.8472	1.1511	-1.3556	0.3879	-2.1424	-0.4849	0.1828	0.5269	0.2526	0.6984	0.5009	-1.7217	1.9302	0.3256	1.1061	1.3207	1.2117	2.4018	1.6486	1.3163	-0.9033	0.4360	-0.1041	-0.1600	-1.4208	1.5348	-0.2481	1.5686	-0.7511	-0.4281	-0.1883	-0.2704	-0.3699	-0.5700	-0.8079	-0.6126	-0.1966	-0.4196	1.0435	-1.8963
-1.1768	-0.0018	1.0182	-0.6430	1.6971	-1.3927	-2.1310	-0.3126	0.4095	-1.0208	-0.3560	0.0260	-1.5160	0.4985	-1.0023	1.0179	-0.2559	0.5772	-0.7110	0.6001	2.7486	-0.2394	0.3126	0.6840	3.1102	1.6419	0.0053	1.0351	0.0411	0.7852	0.4466	0.5592	-0.5512	-0.2757	-1.1719	1.4028	0.9717	1.3139	0.1314	0.2197	1.5304	-0.8274	3.2041	0.9489	-2.1739	1.7377	1.0197	-1.3525	0.2882	-1.0904
-0.0546	-1.7972	-2.1524	0.4003	0.3690	-0.2720	-0.4240	-0.1301	-0.7514	0.1834	1.3537	0.7526	0.5620	-0.6783	-1.1422	-0.5246	0.6035	2.3151	0.6874	0.9788	0.7832	-0.0040	0.2437	1.7329	0.1254	1.2818	0.5662	0.2489	0.1619	1.4382	-0.7147	1.0905	0.3875	-0.5684	-0.0751	-0.4300	1.0688	0.7620	-0.2496	0.6861	-0.2560	-0.3095	1.4077	0.3849	-0.3417	0.8475	-0.0992	-1.5793	-1.3880	0.9403
-0.4416	-2.1015	-0.4266	-0.7173	-0.2153	0.1595	-1.5608	-0.3157	0.2102	0.7160	0.9701	1.3471	-1.5161	1.1828	0.5840	0.0023	1.9547	-0.3113	-2.0909	-0.5676	-1.0252	-0.5640	-0.0448	-0.1099	1.1798	-0.6199	-0.7330	-0.7217	0.5043	-0.2729	0.2484	-1.0496	0.8165	-0.9401	0.0316	0.7023	-0.3342	-0.5494	-0.1137	1.3686	-0.0701	0.5320	-0.6604	-0.3532	0.1606	-0.3956	-0.4201	-0.9211	0.9218	-0.2202
2.1859	1.4839	0.2471	-0.0110	-0.0615	1.5705	1.4420	-0.9325	-1.6580	-0.2280	1.3488	1.3263	-0.3577	-0.5225	-0.2731	0.5552	0.9164	0.2987	-0.8643	-0.1739	-0.1154	-1.2397	0.1011	1.2797	1.1907	-1.2395	-1.0705	-0.5050	-0.8035	-2.1702	1.1041	0.3641	0.3679	0.2445	1.7302	-0.1297	-1.2246	-1.5238	-0.3648	1.8016	0.0441	1.7182	0.3332	0.9104	-0.4612	0.2203	0.9808	-0.4072	0.2382	-0.1292
-0.7663	-0.2973	0.1216	1.4519	0.7918	0.0484	0.2056	-0.3553	2.7205	0.7303	-0.5781	-0.5434	0.6744	0.3429	-1.0419	1.8698	1.4674	0.0407	0.5641	0.0048	0.0963	-0.1763	1.5402	-1.6349	1.1023	-0.3114	-0.5715	1.4706	-0.1628	0.0652	0.1289	-0.0078	-0.2980	-1.6099	-1.0784	0.8203	1.1317	-0.8269	0.8513	1.0976	0.6688	0.0085	1.9369	0.3623	-2.2080	-0.8869	-0.6131	-0.6715	0.7749	-0.5121
2.2601	-2.0927	0.1384	0.1354	-2.1695	1.3401	-1.0125	-0.4427	-0.1345	1.4526	1.7329	-0.0166	0.3097	-1.2940	-1.6461	-0.1519	1.1989	2.7685	0.4111	-0.3355	1.8195	2.0911	-1.2873	0.2280	-0.4645	-0.5339	-1.2572	0.3902	-0.2040	-1.2652	-0.0784	0.2224	0.4524	-1.1661	1.9508	0.6430	-0.7123	-1.4407	-0.8256	1.0185	-1.1765	-0.2858	0.8831	1.1799	0.9138	0.0100	-0.4681	-1.4657	-1.1243	-0.6369
0.8901	0.3657	0.0598	-0.6796	-0.0983	0.3799	-0.3470	0.8624	-0.7589	0.0524	-0.4678	1.4212	-0.1668	0.2287	0.5517	1.1594	2.2477	-0.3243	0.8878	-2.0219	-1.1968	0.9413	1.3033	-0.1587	0.0712	-0.6626	0.8828	-0.1827	0.1773	0.9366	-0.1286	0.5213	0.4270	1.1665	0.2663	-0.6470	-0.3033	0.9090	0.3088	1.4169	0.3135	0.5974	0.1484	-1.7354	0.0347	-1.0088	0.2510	-2.3714	0.7105	1.3264
-0.7544	-0.2189	2.7116	0.4321	-0.2851	-0.1230	0.6580	0.6221	-0.1154	2.0513	0.1465	1.5772	-2.4038	-1.6532	-0.4956	0.6408	1.0688	0.0479	-0.1045	0.5693	0.6567	0.1895	-1.9358	1.1312	-1.2975	-0.4618	-0.6390	-0.4936	0.0168	1.5623	-0.0570	-0.0044	-0.1360	-0.4440	-1.0298	-0.1171	1.1729	-0.9135	1.3815	-1.4240	-0.9831	-0.7089	-0.0973	1.9451	-0.7695	-1.3488	-1.6618	-0.7854	-1.5910	0.9717
-0.1063	0.9296	0.4569	0.5714	0.0820	-0.1858	0.1448	-1.0119	0.4367	0.4725	0.9083	0.3576	-0.6310	1.5382	0.0971	1.7662	1.2181	0.8461	0.0247	-0.3159	-0.4287	-0.4273	0.2658	0.3504	-0.6554	0.6918	1.3776	-0.4348	-1.1158	1.0236	1.3291	1.8810	-1.1569	-0.5990	1.4805	-0.0933	0.3491	-0.0322	-0.7925	0.3225	0.2013	-1.3934	1.0361	0.0698	0.2698	-1.5133	1.6779	0.5027	1.7082	0.7148
0.2138	-1.2384	1.6860	1.7143	0.6756	0.4826	0.1790	0.8311	1.1830	0.2485	0.0793	-2.3674	-0.3778	1.4404	0.8362	0.5912	-1.0083	-0.8567	-0.8306	-1.5359	-0.3940	-0.4744	0.4636	-1.5508	-1.7268	-0.2666	1.0400	-0.6010	-1.2117	0.6246	0.2175	-0.3286	0.5840	0.6190	-0.4330	0.2602	0.0484	-0.3173	2.3372	0.5241	-0.4412	0.1555	-1.0474	-1.1197	-0.7878	0.6382	2.0788	0.8078	0.6576	-0.2906
-0.5864	-0.0812	1.2051	0.5582	0.7248	1.0656	0.7895	0.7205	0.9635	-0.2531	1.0522	-0.8552	1.6043	-0.0370	-1.7101	-0.0927	-1.0933	0.1536	1.2883	-0.7707	1.2208	1.5880	0.2790	-1.6615	-0.7754	-0.2731	-0.5985	-1.3261	-1.3353	1.2957	-0.2497	-1.7786	-0.4077	0.6661	-0.5110	-1.6533	0.1172	0.5505	-1.9239	-0.8154	-0.9912	1.5196	-1.8657	1.3654	0.4802	-1.5775	0.2290	0.7011	0.0511	-0.8429
-0.2072	-1.4223	0.6369	0.4968	-0.8851	2.6356	0.9774	-0.4881	1.0540	-0.0860	-1.6465	0.6953	-1.7241	-0.9542	-2.5179	-1.5038	-0.8331	-1.3262	-0.2280	-1.8586	-1.4188	0.5526	0.4728	1.0099	1.1849	0.6755	0.9145	0.2409	-1.4736	0.0391	0.5427	0.4694	1.5977	0.1911	-1.3439	1.1467	0.0909	-0.4603	-0.1664	-0.6815	-0.9754	0.2414	0.2961	-1.8867	-0.0193	-1.3788	-0.8250	0.4632	0.5125	-1.2348
1.1632	-1.6831	-0.4050	1.5029	-1.0368	-0.7081	1.0446	2.1928	-0.3923	0.1221	-2.3800	0.6042	-0.1187	-0.5785	-1.0484	2.2629	1.3007	1.4482	-0.3994	0.7572	0.1595	1.1807	-0.8292	1.0739	-1.2315	0.6328	0.4443	-2.0043	0.4515	0.8704	-0.5059	-0.4052	0.1194	-0.3804	-0.6639	1.1515	0.8255	-1.7135	1.2471	-0.3551	0.1452	-0.6996	1.8115	-0.9089	-1.3083	1.1901	-0.3111	-1.5076	-0.5287	0.8743
1.2321	-0.0666	1.1173	0.2150	0.9926	-0.0622	2.1038	0.2389	1.2197	-0.7361	0.2780	-0.0371	-1.0289	-0.8517	0.9878	0.0607	-0.9573	1.1240	0.4445	2.6411	0.5270	0.2289	1.0183	-0.1946	-1.8447	0.2419	0.1884	1.1498	-0.3496	-0.3185	0.1798	0.5369	-0.3099	0.0048	0.6178	-0.0116	0.4362	-0.3194	0.2255	-1.5113	-0.3483	-0.7921	-0.7530	2.3877	-0.4175	-0.5756	-0.1707	0.0695	-0.4360	0.9250
1.5220	0.9683	0.2184	-1.9741	-0.4221	1.8863	0.3692	-2.1843	-0.2749	-0.9013	0.2581	-0.3367	-0.2220	-1.3689	1.1227	0.2983	-0.3230	0.7615	0.7348	0.0102	2.3304	1.2662	1.2774	-0.5705	-0.4695	-0.2588	-0.2645	0.3988	0.1722	-0.9547	-0.2819	0.2320	-0.9181	0.2643	-0.4892	-0.4551	1.2816	1.3141	0.3745	-0.3155	0.6308	0.3418	-1.5476	-1.7999	-0.8042	0.6655	1.3289	0.3372	1.5221	-0.3028
0.7528	-0.6068	-0.0029	0.0305	-0.1719	-1.1304	-0.1041	-1.1131	-0.6620	-0.5547	-0.9126	-2.6397	1.2543	-1.4727	-0.4949	0.4391	0.5052	-1.1674	1.6395	1.6847	-0.8871	-1.1146	-0.9913	-0.2815	-0.9026	-0.7256	1.2756	-2.6791	-0.1678	0.9941	0.0202	-0.8680	1.0635	-1.0907	2.0297	0.0752	-0.7412	0.4609	0.3139	-0.6971	0.1871	0.6856	0.1725	1.4410	-1.3803	1.0868	1.3865	1.2405	0.2076	0.5995
-0.1051	0.8070	-1.0556	0.5407	-1.6794	1.6224	0.0613	-0.1132	-0.3280	-1.0707	-0.5428	-0.4914	-0.3192	0.2055	-0.1804	-0.2522	-0.7126	0.4079	0.0131	-0.4081	0.2448	0.6818	-1.1284	0.5737	-0.2327	-1.0967	-0.8815	-0.3577	-0.2715	0.1891	-0.1040	-1.0781	-2.4641	-1.8429	-0.7447	1.6355	-0.0738	0.3859	-0.0309	-0.8111	-1.5558	-0.2822	-0.8406	1.3230	-2.0621	0.0860	0.6497	-0.5241	-0.4587	-0.4365
-1.0516	0.2825	-0.3737	0.8838	1.7840	0.1247	-0.7302	0.4475	2.5880	1.4863	-0.2421	0.2174	0.6904	-1.0136	-0.2908	2.4356	-1.2322	-1.0753	1.3498	0.1043	-0.8605	-0.4106	-1.1745	-0.7672	-0.7103	0.2430	0.8113	-1.2800	0.2202	-2.7685	0.4333	-0.7121	0.0922	2.4033	-0.3913	0.8952	-1.8033	0.3188	-3.7942	-0.9301	0.7726	0.0173	1.6847	-0.4682	-0.1392	-0.3664	0.2555	0.6875	1.9977	0.2986
0.6477	2.4788	-0.9203	2.4022	0.1834	0.1048	-1.2866	0.2931	-0.4611	0.1074	-0.9350	0.7711	0.7447	0.6343	0.4928	0.5665	0.7592	-0.5658	-0.2793	1.3181	0.3258	-0.1681	-0.7971	0.0527	0.1830	0.4927	-1.3752	-0.7712	-0.8287	-1.3380	-0.6041	-0.4526	0.1979	1.2898	1.7043	-1.5930	0.3017	0.2659	0.4677	-0.1060	0.2051	0.1343	-0.2213	-2.9738	-0.3463	-0.6939	-1.2302	-0.0353	-2.1655	1.7508
-2.3055	-2.3060	-1.0737	-1.5890	-1.0551	-2.3006	-0.6343	0.4192	1.2918	0.7590	-0.1469	-0.1660	1.9201	-0.0726	-1.1658	-0.9620	0.6518	1.1691	0.7427	-0.4296	0.3168	0.0079	-1.0705	0.4224	0.0704	0.1082	-1.2692	-0.8883	-0.9935	-0.7854	1.0297	0.0014	-1.6126	1.0553	-0.4804	0.7675	-0.1494	-1.2666	-0.5447	-0.4847	-1.1439	-0.7334	-0.1781	-0.4311	-0.2083	0.1679	-1.1018	0.5518	0.7981	-1.3431
1.1075	0.5457	-1.1415	0.6396	1.9809	0.8469	0.8326	-0.3770	-1.4476	-0.6716	0.0770	0.5349	-0.3807	-0.2734	1.3523	-1.8976	0.4626	-0.1328	-0.3767	0.6332	-0.9495	-0.6002	-0.9064	-1.4734	-0.5818	-1.0176	1.1291	0.8055	0.1562	-0.1859	-0.0333	-0.7949	2.2394	-0.9042	-1.0373	-1.3086	-0.1362	-0.3296	-0.4885	0.1793	1.0429	0.9203	0.9969	1.6695	1.3784	1.2011	1.0496	1.1460	-1.9764	0.5144
0.4515	1.5225	-1.0375	-0.3053	0.3913	-1.2075	-0.9734	1.0534	1.0994	-0.2997	-0.9368	2.0317	0.9360	0.2943	1.0609	0.2373	-1.3891	0.6687	0.4338	0.3737	0.4815	0.5628	1.4199	1.1276	-0.3739	0.3320	-0.9525	-0.2505	0.3188	1.6920	-1.1384	-2.4778	0.1252	-1.0606	-0.6830	1.1291	1.2028	-0.5541	-0.0220	-0.8463	0.2548	2.0974	-2.1191	-1.6267	1.0032	0.3908	-0.7465	-0.0875	-0.7343	-1.5460
0.1147	0.1939	-0.3969	0.7623	0.8420	-2.0995	-1.7285	0.2475	-1.6685	-1.4653	0.6309	0.3927	0.7546	-0.4276	-0.8878	1.3997	-0.6405	-1.1361	0.3772	-1.9444	-1.1120	0.0429	-1.8975	0.5973	0.2958	-0.4854	0.5758	0.7036	-0.0560	-1.3481	1.2945	-0.2267	-0.3557	-1.0306	-1.3935	1.5540	0.9649	-0.8661	0.3014	-0.7003	0.6599	0.1138	-0.0550	-1.0848	-0.9287	-0.0644	-0.0438	-0.6192	-0.8763	-1.7122
2.5178	-0.3220	0.4345	1.3311	-0.4189	0.9087	-0.3099	-1.0377	2.1666	1.9555	-0.2841	-0.1936	-0.1846	-0.0852	1.5880	-0.1293	0.4219	1.5551	0.0851	1.2691	2.0207	0.8934	-0.6655	-0.1752	-1.5970	-0.4835	0.8624	0.1085	1.0547	-0.9494	-0.7739	-2.1597	1.1860	-1.4148	-2.9784	0.3219	-0.3630	-0.5329	0.4079	1.3859	-0.2296	-2.5128	-0.4918	1.0270	-1.7040	-0.1906	-0.9586	-0.9061	0.1889	0.2056
0.2148	-0.8383	0.6662	-0.2746	0.0644	-0.5502	0.6177	0.0668	0.6571	-1.2110	1.1756	-0.8775	-1.3713	0.6225	-0.9132	-0.7880	-1.2010	0.4355	-0.1360	0.2769	1.6060	-0.9774	0.4969	0.2472	-0.1335	-1.0493	-0.5499	1.2131	1.0384	-0.7615	0.5427	0.0589	1.3382	1.5519	-0.0509	-0.6380	0.3773	0.0414	1.2273	0.1849	0.3075	-0.1735	0.0386	-1.2883	-0.5110	0.2759	1.7554	-0.2524	-0.3785	0.7573
-0.5296	-0.2043	-0.1385	-0.3001	0.2184	1.3155	0.0379	-0.0773	-0.1959	-1.9058	0.4780	0.0344	1.7374	-1.8871	0.1202	-0.5361	-0.3707	1.6613	-2.1671	-0.2104	-1.9461	-0.9151	-1.7953	1.0806	0.6015	-0.8483	0.8079	-0.5215	-0.9735	-0.1349	1.1302	-0.6633	-0.7236	-0.4625	1.3099	3.5402	0.0679	-1.9066	-0.8886	-1.3872	2.4299	1.5149	1.5850	-0.4757	-1.8521	-0.8230	1.4413	0.2290	0.7990	1.2282
-0.0362	-0.6359	0.1138	0.9455	0.2358	-0.8938	-0.7466	-0.2052	0.7942	0.0623	0.0225	1.5747	1.1481	0.2394	-0.6611	-0.3598	0.2605	1.1142	0.4323	1.3611	0.4665	-0.2113	-0.7300	0.0980	0.6910	-1.0410	-1.0213	0.3401	0.1130	-0.8274	-1.7711	-0.5600	-0.5935	-0.6938	1.3904	0.7615	-0.4491	0.1468	-0.8565	1.2384	0.8427	-1.0677	-1.6440	-1.0597	0.4666	0.3883	0.1931	-1.0340	-1.1394	1.5161
0.2484	-1.7095	3.0080	-0.5160	1.1996	-0.1645	-0.2825	-0.5491	-1.7335	1.2606	0.2945	-0.8440	-0.0939	0.0648	1.5590	-1.2782	-0.1658	0.9002	1.5076	0.0249	-0.3537	-0.4711	1.2273	-0.7337	-1.4442	-0.4390	0.0601	-0.7365	0.9227	0.3779	1.8263	0.1115	-0.5171	-0.8683	1.0431	-2.0060	-0.2540	-0.5268	-0.4205	-0.0321	0.4169	-0.1070	0.8008	0.0694	1.7765	1.1837	-0.3479	0.1134	0.1509	-0.4816
1.1592	0.5580	-0.3078	-1.9550	0.7519	1.3444	0.7596	-2.2253	0.8652	1.2049	1.4605	-0.1601	1.9980	-1.3029	0.4990	-2.6386	0.7627	1.5486	0.5847	-1.2134	0.2673	1.0200	-1.0901	0.0213	0.7536	1.2224	-1.2229	0.7867	-0.5058	0.0908	-1.1729	-0.3048	2.2761	0.0658	-0.3312	-2.2066	-1.6851	0.2854	-0.8642	0.9303	-0.4013	1.0800	-1.0130	0.1885	0.9702	-0.2813	0.8867	0.7290	0.9778	-0.1287
-2.3785	1.5800	0.7154	-0.3797	0.3625	0.4754	-0.6569	0.1595	0.4231	2.2922	0.6485	-0.8062	-1.6179	-0.5699	-0.6794	-0.1926	-1.0973	-0.5469	-0.3618	-0.8362	-0.8490	1.3320	0.0794	-0.3096	-0.5608	-1.7689	-0.4700	-1.1858	-0.0924	0.4684	0.4465	-1.0662	2.0653	1.1142	0.7156	0.2134	1.3753	-0.1820	-1.7773	-1.1988	-0.0695	1.0375	2.4735	0.6485	0.0046	0.6378	0.3982	-0.0002	1.6215	2.0561
-0.1388	-0.8714	0.7054	-0.4669	-0.9329	-0.4051	1.0306	1.8403	-0.0004	1.9779	1.7957	-1.1830	-0.5588	-1.9687	0.9748	0.3451	-0.1072	0.1169	1.9787	-0.6028	-0.2005	1.5850	-0.1720	-0.0040	-0.1803	-0.4979	-1.3506	0.4954	-1.2908	0.5645	-0.2441	0.3184	-1.0720	-0.5029	0.3690	0.1198	0.9070	0.2748	-0.3371	0.1941	-0.7371	-2.2825	0.1390	2.6765	0.9964	0.5532	0.4030	-0.6195	-1.3953	0.4247
-1.2152	0.0672	0.8379	0.3156	0.5160	-0.8558	0.4991	0.3689	0.9124	-0.3873	0.3623	0.5367	-0.6561	0.0298	1.7643	-0.8216	-0.7430	0.6250	-0.1720	0.9613	-1.8523	-0.8913	-1.7028	-1.3190	1.8466	-0.1524	0.8342	-1.8531	1.7020	0.6261	-0.8914	0.4083	0.3218	-2.0664	-0.4926	-1.5654	-0.2592	0.2763	-0.9695	-0.3404	0.9442	-1.6358	-0.4101	-1.3662	2.1735	-0.6639	1.0877	0.8444	-0.0907	-0.0769
-0.5557	0.3489	-0.2215	-0.0876	0.2786	-1.0096	0.8773	1.2355	-0.2902	-0.2256	-0.8126	-1.5352	-0.1740	-1.7464	-0.4403	-0.9513	2.2693	1.4858	2.4600	-0.7792	0.4994	0.1825	-0.8670	0.2426	-0.4622	0.0661	2.1153	-1.1087	0.2943	-1.6639	-1.2932	0.3975	0.5931	-1.7354	-1.0880	-0.5105	0.3879	-1.0409	-1.2881	1.5814	-0.6097	1.1765	-1.7355	-1.0735	1.7335	-0.8590	-0.9721	0.7911	0.9364	-1.0678
-0.2529	-1.5077	0.2779	0.4529	1.4452	-0.4636	1.8796	1.4512	0.4328	1.5156	0.0310	0.7106	-0.3057	-1.6095	1.1990	0.5536	0.7981	1.8685	1.1754	-1.6142	0.0334	0.8541	-1.6013	1.0383	-0.1032	-1.4291	0.4155	-0.1189	-0.9632	0.5491	-0.7882	1.1187	0.4553	-0.3562	0.0698	-1.0514	0.7736	1.5033	-0.0885	0.6519	1.4339	-0.8552	-0.9892	-1.1486	-0.0554	-0.9858	-1.2763	-0.8741	-0.1225	-1.0203
1.2868	2.6099	0.2388	0.5704	0.9381	0.7039	-1.2707	-0.2183	-1.7994	0.7620	-0.2543	-2.2099	1.1377	-1.5514	1.0799	0.2917	0.0988	-0.3611	-0.0699	-1.0882	0.8032	-2.5452	0.4942	0.3584	-0.4811	-1.4461	-1.0124	-0.1610	0.3373	-0.0833	-0.2947	0.3476	-0.5607	1.0028	-0.7948	0.4286	-0.4178	-0.1829	0.0404	-1.0091	1.2377	-0.4852	1.1631	0.7174	1.5771	0.2876	-1.0705	-0.0792	-0.3916	1.6826
-0.4245	-0.4347	1.5309	-0.1926	0.0334	0.3101	0.2020	-1.1164	-0.3854	1.0558	0.7890	-0.3687	1.0459	1.8546	0.3800	-0.2200	0.5174	-0.2111	1.4099	-0.6302	1.6613	0.5144	0.0633	-0.0312	0.1329	0.1606	-0.1726	0.0564	0.3927	2.1641	-0.7819	-0.9941	0.9246	-0.0798	-0.5797	-0.0763	0.1472	-0.0848	-1.2346	2.1964	-1.1044	0.0974	0.4308	0.4798	1.1493	0.6520	-0.8252	0.0490	0.5761	1.7617
-0.0698	0.6375	2.0543	0.4940	2.1883	1.2187	0.8616	-0.8232	1.4726	-1.1309	-0.3244	-0.1888	0.5186	-0.2729	1.5474	-1.6141	0.5387	1.3549	-0.7754	-0.0961	-0.0306	0.3029	1.0435	-0.5067	-0.4386	-0.3540	0.6684	0.6134	-0.3677	0.0426	-0.1844	-0.9041	0.8963	-0.5485	1.7656	1.2207	1.2109	-0.6832	-0.6091	-0.0031	-1.6166	-0.5757	0.4024	1.2144	-0.6162	0.7862	-0.2097	-0.3271	1.1616	-0.9094
-0.8863	0.2179	-0.1505	2.5196	-1.1212	0.0776	1.1215	1.0167	-2.5288	0.6956	0.9941	0.2528	-0.1064	1.4457	0.0965	1.0052	-0.2314	0.1051	1.0955	0.6562	-0.2408	-0.8160	0.3758	0.0021	0.2040	0.1901	-0.4494	-0.4511	-0.9625	0.0045	1.0600	-0.1691	1.0834	-1.4382	-0.8125	-0.8179	-0.2229	0.6838	-0.1372	-0.2519	-0.5167	0.4871	-0.0132	-0.8600	1.3112	-0.4437	0.2041	-0.6726	-0.9564	-0.1503
-1.2387	0.8838	0.1964	0.1816	0.9481	-0.7692	-1.0067	-0.0386	-0.6343	-0.8456	-0.9078	-0.3357	0.8590	0.3927	0.9696	0.3829	0.6083	-1.0952	-0.4394	-0.8750	1.0289	-0.6868	-0.4290	1.4344	-0.5166	0.2320	1.1772	-1.1457	-1.6654	0.9181	2.0001	1.3535	0.5388	-1.8411	-0.3558	-0.6216	0.0276	0.1096	1.3424	0.3269	-0.1303	-0.1368	0.3625	0.5066	-1.0849	-1.2070	0.3381	-2.8771	1.6393	-1.8185
1.6994	-0.5643	1.1603	-0.1967	0.2744	2.0733	-0.4917	-0.2265	-0.1229	0.6450	-0.6666	-1.1585	0.3791	2.1489	1.1338	-0.0199	-1.1107	-0.3438	0.4302	-0.4904	-1.1116	-0.8328	-0.5130	1.0046	-1.0884	0.6310	0.0070	0.8206	0.4299	-1.1782	1.8740	0.2234	-2.0739	-1.6602	0.9675	0.2953	-0.5930	0.2884	-0.4976	1.4143	0.3646	-2.3834	0.2428	-0.1470	0.2967	1.1131	1.2181	1.1716	1.2490	-1.0292
-0.0948	1.3633	-1.5975	-0.4681	-1.1090	1.7034	-0.2148	-0.9826	0.3344	-0.8065	-0.6088	0.5947	-0.1056	-0.4735	0.2524	-0.3114	-0.3546	0.4231	0.3847	0.3636	1.2221	0.7417	2.1369	0.1439	0.3985	-1.2201	0.1862	0.6404	-0.5850	-1.5736	0.9498	1.9663	0.0298	1.1874	-0.9664	0.0316	-0.1313	1.6165	0.5649	1.0742	-0.3781	-0.1190	0.6389	-0.7775	-1.4034	-0.2535	-0.1747	0.4783	-0.3252	0.3168
1.5275	-1.1247	0.7192	-0.6777	-0.8172	0.7346	-0.7184	-0.3875	-0.6031	1.0743	-1.2092	0.6902	1.1914	-0.8575	-0.3272	-0.1265	0.9857	1.5202	1.0240	-0.2511	-0.2641	-0.5390	0.7899	-0.0167	0.5176	-0.1659	0.0327	0.4500	1.6451	-0.1455	-0.5636	-1.4507	-0.0873	0.3136	0.5029	-2.2145	-0.4429	0.2423	0.7718	-1.3070	0.8986	-0.4736	-0.4767	-1.1099	-0.3858	2.0661	0.2147	-0.1283	0.4620	-0.0796
0.8134	1.2239	-0.7622	0.9657	-1.8432	0.4660	0.5929	0.6983	0.6060	1.2166	-1.2315	0.7876	-2.0679	-0.2831	-1.6772	0.6564	1.1851	-0.3839	0.1730	-0.3002	0.3170	-2.9291	-1.1182	0.6365	-0.9101	-0.6578	-1.6119	-0.0957	-0.7329	0.1645	-1.3244	-0.4907	1.6528	-0.7308	-1.3500	0.1307	-1.1163	0.5269	0.9311	-0.2050	0.3469	2.1506	0.3131	0.6533	1.0027	1.4441	0.4823	1.9145	-0.7117	-0.1017
0.7356	-0.3423	-2.8621	0.6539	1.8173	0.6306	-0.1706	-0.2529	-1.0880	-1.3999	-2.4401	-0.1208	-0.0631	0.7052	0.7478	0.5884	-0.4851	-0.5943	1.4551	-0.8296	-0.2705	-0.1932	1.0980	-0.5880	-1.1845	0.0247	0.2461	-1.6591	-0.6615	-1.3309	-0.0465	0.7025	-1.4511	0.6153	-0.7127	1.1631	0.7258	-1.2176	0.8397	-0.6928	1.4905	-0.1524	-0.0320	1.0684	-1.5583	1.6450	1.7260	0.2694	1.2190	-0.4569
-0.7099	0.2501	-0.6202	-1.2035	-0.1869	0.1058	-0.0361	-0.7040	-1.4533	1.1700	0.2327	-1.4629	-0.3687	1.3196	-1.1665	-0.9124	0.4172	0.9145	0.6121	0.9109	0.9973	0.0964	-0.7191	-0.5488	-0.2798	1.7267	-3.1365	1.6179	1.2889	2.2293	-2.1091	1.9811	-0.8745	1.3314	0.3496	-1.9385	-1.3892	0.9764	1.5256	0.2572	0.2353	0.8550	-1.4088	0.1254	0.7023	1.2247	-1.2820	-0.1032	-0.9496	0.8348
-0.3197	1.5463	-0.8562	0.3003	-1.8838	0.1113	-0.0311	1.8709	0.0358	0.0914	0.3060	0.2637	0.5353	-0.9053	0.4256	0.9908	1.6132	-0.1275	-1.1559	0.2873	-0.3281	0.9243	-0.1147	0.0626	1.1238	-1.4787	1.5095	1.2040	0.9367	0.0549	1.1850	3.0040	-0.1905	1.1539	0.6536	1.5359	0.3437	0.4189	-0.5943	0.7265	-0.6554	0.5980	-1.3397	0.9177	-0.0125	-0.2636	0.9596	-1.3778	-0.2856	1.8652
0.6198	-0.8608	0.1666	0.6542	-1.4005	-2.0431	1.2793	1.2306	2.3209	-0.4811	-0.3333	-0.6455	-0.3732	-1.1409	-1.8333	2.3804	-1.0259	-2.2968	0.9945	-1.6403	-0.1580	1.7229	0.3577	1.4076	-0.5826	0.4098	0.2278	1.4356	-0.3152	0.0588	1.1723	-0.5791	-1.5058	-0.7111	-0.4793	0.6728	3.1250	0.8850	-0.0004	0.5977	0.2099	-0.5437	-0.4247	-0.4518	1.0338	-2.4079	-0.4828	-0.0003	0.3238	-1.6005
0.8136	-0.5732	0.9693	-0.9050	0.5600	-1.2378	-0.7248	-0.3100	-0.0975	-0.7532	0.2879	0.5908	1.3675	1.1332	0.5409	0.5297	-0.6998	-0.8748	-0.2623	-1.0357	0.0943	0.7872	0.1896	-0.1560	-0.9279	1.0013	-0.0145	0.3759	0.6097	-0.5476	-0.5935	-0.7406	-0.3052	-0.1918	2.3225	-0.8332	0.8336	-1.1612	-0.2585	0.4044	-0.1360	-0.5055	0.0279	-0.0515	1.8855	0.2860	-0.4803	0.7802	-1.5415	0.6470
1.1493	-0.7007	-0.1869	-0.1847	0.8476	-0.6540	-1.7858	-0.0980	-1.2950	-1.8038	1.3012	-0.1732	-0.9703	-1.3702	0.0389	-0.1967	0.9505	0.7054	0.5295	-0.0036	0.9625	1.7480	0.6459	1.0736	-0.1146	0.4568	0.4908	-0.4058	-0.4374	2.4516	-0.3940	-0.6505	-0.6324	0.8441	2.1201	0.2061	-0.3300	-0.2546	0.4058	-0.9987	0.7618	1.5946	-0.4389	0.5288	-0.8497	-1.9605	1.0504	-0.2785	0.4306	-0.2405
-0.2057	1.2911	0.3170	0.8829	0.0310	-1.0348	2.2907	-0.6623	-0.1018	0.3806	-0.1071	0.6327	-0.2560	-0.3429	-0.1381	0.5334	-0.5736	1.2105	-1.0742	-0.4704	0.0399	-0.5118	0.3441	-0.5472	-1.4625	0.1126	2.2973	0.8583	0.9403	0.9578	-0.4708	-0.3079	-1.2834	0.3648	-0.4482	-0.4289	0.7651	0.1662	0.2280	-0.8024	-1.1451	-0.6537	0.2227	-1.1798	1.4377	0.0925	0.8521	0.9002	-0.9396	-1.0315
-0.0297	-0.1877	-2.5595	-0.1241	-0.0421	-0.2104	0.5030	0.5905	-0.3509	-0.1423	2.1013	1.5740	0.3710	1.7177	-1.2879	-0.9524	-0.9448	-0.8790	1.7651	0.5265	1.5169	0.2560	0.4072	0.9191	0.3480	-0.0843	-1.0161	0.6343	0.8702	-0.5015	2.2416	0.0402	0.6570	1.1071	0.2790	-0.8114	1.1960	1.7823	0.0425	-1.2881	-0.3922	0.1324	-0.2063	-1.6997	-0.2385	0.6955	1.4241	-0.0512	-1.6835	-0.5558
0.2150	-0.1162	-0.9821	1.0151	-1.5724	0.4655	1.0559	0.2176	0.8918	-1.0243	-0.2032	0.4106	-0.7774	-1.9946	1.1039	1.8291	1.3796	0.4034	-0.8039	1.5136	0.6085	1.5591	-0.1787	-0.2714	0.6880	-1.3582	-0.4135	-0.7800	-1.2915	0.2913	0.6611	0.9813	0.3232	-0.1858	0.4304	1.7336	-0.9649	-1.8164	0.8664	-0.6041	-0.0517	-0.3151	0.9728	0.0577	-0.3417	0.8808	-1.2677	0.8174	0.0988	-1.2764
-0.7347	-0.9210	0.3962	0.1109	0.0273	1.3421	2.2679	1.3441	-0.0702	-0.5253	-1.1457	-0.6201	-1.0736	-0.0819	1.4414	1.1450	2.0848	1.1262	-2.0070	1.5045	-1.2850	-0.1061	-1.5343	-0.9527	-0.0604	-0.6986	1.8425	1.0088	1.4764	-1.4512	-0.6890	0.4255	-1.9916	-0.3095	0.2541	0.2429	0.8485	1.7838	-0.6789	0.1114	-0.6050	2.0604	1.1858	-1.1898	0.2737	0.3682	-0.0688	-1.0667	-0.6573	-0.0583
-1.2486	-1.5136	-0.6395	0.8428	-1.2394	0.5633	1.3416	-0.1737	0.4673	-0.0050	1.0439	-0.0522	0.0561	-0.9644	-0.2575	0.3578	-0.7566	0.3916	-0.0948	-0.2371	0.4694	-1.3039	0.9272	0.4594	-0.2948	0.2166	1.6976	1.2793	-0.6977	0.4569	1.4536	-1.9377	1.1005	0.1149	0.3568	-1.3855	-1.3423	0.3925	1.8953	0.2697	-0.3771	-0.2317	-0.1709	-0.1858	0.6973	-0.8290	-0.8260	-0.2259	1.8455	-0.3700
-0.3895	0.3342	-1.0048	1.0775	-0.9829	1.1761	0.8498	-1.3392	0.1661	-0.5915	0.8367	1.6200	1.3767	0.0420	-0.1826	-0.5698	-0.9153	0.9885	2.0768	-0.4855	-1.2714	-1.3445	-0.1327	0.2409	0.0190	-0.5778	-0.6668	1.0387	0.0885	0.1400	1.2974	0.3594	-0.0006	-0.0395	-0.6384	0.8869	0.7017	-0.7782	0.9626	-0.6608	0.0316	0.9902	-1.3456	-1.4084	-0.6429	-1.9400	1.4271	-0.3288	1.3168	1.0787
-0.4062	1.7237	0.7003	-1.2899	0.0670	-0.6535	-1.2853	1.4079	0.4935	1.2971	-1.2789	-0.6098	0.0288	-0.4072	0.5515	-0.2692	-0.5077	0.6453	0.7086	-1.4298	-0.1138	1.0550	-0.8774	1.2055	2.4251	-0.0274	0.3900	-2.1933	-2.1372	0.1245	-1.5391	-0.8469	0.9759	-0.8491	-0.1405	0.5545	-0.7337	0.4581	2.1069	1.3674	0.5966	-0.7769	0.9241	0.3082	0.7610	-0.1540	1.2704	-0.8569	0.6129	0.9461
0.7170	-0.1206	-1.1210	1.2572	0.5589	0.9217	-0.4421	1.7000	0.8861	-0.5315	-0.1766	-0.0141	1.4284	0.0403	0.7960	0.0081	-0.0597	-1.4583	0.4666	0.1773	1.3146	0.6396	1.0032	0.3546	-0.7913	-2.5210	-0.6190	-0.1778	0.9709	-0.2882	0.3371	1.5004	0.5441	-1.5819	-0.9545	1.7122	0.4404	-1.4647	-0.0596	-0.1406	-1.6682	-1.1475	0.3601	-1.3787	0.4647	0.0169	-1.4538	-0.4812	0.1030	-0.8249
-1.1204	0.6974	-1.1826	-1.0552	-0.5320	0.4509	-1.6896	1.2302	-0.7949	-0.4490	1.2454	1.8819	-0.1587	0.3740	-0.3949	-0.0932	-0.4369	0.0671	0.2527	-0.1361	1.9377	-1.1071	-1.8888	-0.1269	-0.0834	1.3290	-1.9170	-1.0405	0.2136	0.8949	0.9643	1.3296	0.3596	-0.1357	2.3601	-0.5713	-0.3889	0.2593	-0.0478	1.4244	1.6763	-1.0133	1.2596	-0.7822	1.4109	-0.1174	-0.7789	-1.6194	1.4002	2.6688
-0.8688	-0.4580	-1.3328	-0.5362	0.6304	-0.2606	-0.0343	-1.2305	-0.8376	-0.3954	0.1293	0.0090	-0.0365	0.7149	0.2150	0.7601	2.1828	-0.4036	-0.2674	0.9032	0.9307	0.6234	0.2006	0.8060	1.4787	-1.6956	-0.2721	1.1630	-1.9026	-1.6130	0.3615	0.9238	-1.0766	0.9283	1.3492	0.5967	-0.1656	-0.3437	0.4452	0.8001	-0.2999	-0.9574	0.7891	0.4587	0.1969	-1.1119	-0.4103	1.0909	1.6903	0.4597
0.6549	-0.6988	-1.0144	0.2938	-1.0979	-0.0562	-0.3442	-1.1924	-1.0917	2.1841	1.0210	-0.3543	0.2987	0.3010	0.7579	1.7627	0.4628	1.8312	0.2802	1.0218	-0.0949	-0.8719	-0.2789	-1.1317	-2.2138	-0.0853	0.9799	0.4424	0.7727	-0.2572	0.0923	-0.2792	-0.8203	1.1856	0.4394	-0.2619	0.1816	-1.2458	0.7113	-0.3962	1.4624	0.9257	-1.2917	-1.3460	1.2144	2.3887	0.4832	-1.4515	-0.7675	-1.4993
-0.9188	-1.4313	-0.4384	-0.2170	-1.0476	0.2341	0.1856	-0.9398	0.2637	-0.3318	0.6074	0.6437	0.2641	1.6766	0.0481	-1.0593	0.0115	-1.0124	-0.3640	-1.1270	1.3946	1.1932	-0.4638	1.4391	0.0432	1.0185	-0.0738	-0.2224	0.7034	-0.5611	-0.6336	0.1424	-0.4495	1.1799	1.1106	0.7056	-0.5654	-0.7850	-0.3418	-0.4858	-0.2778	1.0306	-1.2064	-0.8068	-1.9458	-0.1047	0.7441	-0.7135	-1.6080	0.9882


