
X1	X2	X3	X4	X5	X6	X7	X8	X9	X10	X11	X12	X13	X14	X15	X16	X17	X18	X19	X20	X21	X22	X23	X24	X25	X26	X27	X28	X29	X30	X31	X32	X33	X34	X35	X36	X37	X38	X39	X40	X41	X42	X43	X44	X45	X46	X47	X48	X49	X50
0.4162	-0.9621	-0.4891	0.4676	-1.4512	-1.1510	-0.4127	0.4337	-0.9048	-0.2703	-0.6006	0.5509	0.5498	0.0231	-0.3272	-2.4582	-0.3838	0.3359	-1.0234	0.7245	-0.6453	-1.0164	-1.4450	-0.0942	-1.3856	-0.7259	1.1419	1.4687	0.0380	0.7318	-0.2629	-0.3170	2.2310	1.1639	-0.4464	0.8813	1.6098	0.0980	0.9049	-0.3837	0.3014	-1.3226	-1.5132	0.2709	-1.4743	0.0827	-0.9638	0.0931	-0.2190	1.4684
-1.8293	2.0430	-1.0088	0.5449	-1.3260	-0.0390	0.3582	-1.0150	0.6256	0.1700	0.7374	0.5399	0.8431	1.2939	0.0203	-0.3162	-0.6296	0.8842	-0.4331	1.2968	-0.4363	-0.8583	-0.2107	2.3074	1.6190	0.7717	1.1626	0.8735	2.2112	-0.0331	0.7134	1.3317	1.5678	-1.0909	-0.2471	0.3624	-0.0144	-0.6431	-1.3625	0.2850	2.0378	-1.7739	-0.6642	0.2245	-0.1937	0.3649	-1.7258	-0.4494	-0.1931	1.5719
-0.2464	-0.2370	-0.1389	0.6451	0.1763	-0.7203	0.8952	-0.6030	0.1612	-0.0131	0.9005	-1.3344	-0.4960	1.7041	1.1754	1.6967	-0.8224	-0.8950	-1.3242	-0.6844	-0.8994	-0.1956	-0.9958	-1.2662	0.9453	0.2049	-0.4440	-0.4919	-1.5703	-0.0482	-0.2997	0.7468	0.0455	0.6600	-0.3575	-2.2215	0.7998	1.4573	-2.1395	0.9743	-0.0292	0.0443	-0.5224	-0.8601	-2.1172	0.6809	1.0018	1.7803	-0.9158	1.5609
0.2635	-1.2722	-0.4015	-0.9537	-1.5000	0.4517	-0.0605	0.6431	-1.0270	0.8750	-0.7033	0.1585	-0.5742	-1.3242	0.0883	-0.0562	-2.6692	0.0465	-0.5566	1.2275	-1.1806	-1.4800	-1.9180	1.8165	-0.9081	-0.3515	-0.1786	-0.9512	-1.6385	-0.0854	0.3353	1.4250	-0.1208	0.1317	-1.0148	-0.6087	-0.3149	-1.9400	0.1514	0.0809	-2.0141	1.2013	0.0237	1.1795	0.9204	0.4454	2.9309	0.9648	-0.0316	-0.9368
0.9976	-0.3044	-1.2315	1.7241	1.1539	1.6290	1.4167	-1.2473	1.6268	1.7375	-0.4686	-0.4699	0.0350	-1.0422	1.5257	0.9818	0.1608	0.2252	0.4029	-0.7343	-0.5862	-0.4563	1.7329	1.2610	-0.0003	1.1998	0.5111	-0.8588	0.7599	0.8567	-0.1901	0.2925	0.2236	0.3805	-0.7809	-0.9547	-0.1106	0.5419	-0.1930	-0.8508	-0.5893	1.6154	0.0893	0.9429	0.4935	-0.0950	-0.9067	-0.8941	0.5197	-0.6711
0.3411	-1.2650	-0.7785	0.6618	-2.6211	-0.1772	0.8562	-0.0105	-0.2065	-0.3175	-0.3031	-0.7731	-1.4910	1.4828	0.3408	-1.3390	-0.2997	-0.1913	0.1772	-0.0031	-0.0001	1.4659	2.1011	0.8540	-1.5811	1.6872	-0.8824	1.1018	0.2302	1.9191	-0.0672	-0.4080	0.2633	-1.5591	-0.3670	-1.0958	1.1201	-1.3902	-0.0434	0.6124	-0.2634	0.1238	-1.0545	-0.3347	0.4111	-0.1260	0.9449	-1.1320	-1.1116	0.9046
-1.1447	0.3028	0.1142	-0.8718	0.2425	-0.4066	-1.0513	0.2504	0.7076	0.6046	-0.2788	1.4414	-0.3416	-0.1659	-0.0651	0.4595	0.4483	-0.7106	0.0847	0.8522	0.9713	-1.1971	0.4544	2.1305	-1.3790	1.3269	-1.5743	2.0265	0.0404	1.6293	-1.1414	-0.5555	0.5881	0.0223	-0.8079	0.1237	0.0414	-0.3325	-0.6602	0.5120	0.0959	0.8012	0.8901	1.7538	-1.0217	0.2341	0.8837	0.2108	0.4411	0.9621
0.4223	-0.3987	0.9947	0.0739	-0.4390	0.6558	0.0032	2.0337	0.6936	-0.8269	-1.6522	1.5092	0.2696	-2.0661	1.5581	-0.1492	0.4022	1.3892	-0.1614	-0.9895	1.3258	-0.5866	-1.5506	2.1161	1.8035	0.3324	-1.2492	0.9745	1.6525	0.5061	-1.5618	-1.5834	-0.7167	-1.0446	0.8287	1.3955	0.9353	-1.0364	-0.4742	0.9227	-0.8642	0.2810	-2.4891	-0.5619	0.9161	-0.4039	-0.2030	-0.6124	-0.3736	0.9939
0.4835	0.8795	0.7801	-0.2175	0.3966	0.5551	-0.9464	0.2159	-0.5565	-1.4395	-0.9222	1.2936	0.6409	-0.1850	1.0360	-1.4281	-0.2706	-2.0883	-0.5624	0.3183	-1.4614	0.3276	-0.4242	2.1728	0.3087	0.0512	-0.6338	0.4127	1.4289	0.0483	1.0511	1.8897	1.2459	-0.1568	1.6035	0.5959	1.3777	0.4057	0.2232	-0.5730	-0.3240	-2.3682	1.1831	0.0657	-0.5287	-1.8081	0.5405	-0.3013	-1.3252	-0.7075
0.9854	1.9525	0.0062	0.1941	0.3522	0.2673	-0.0513	0.0930	-1.2830	-2.4646	0.3841	-0.0380	-0.6561	-0.0597	0.1400	0.1815	0.1488	0.4770	-1.1268	-1.0596	-0.2240	-0.7403	0.3921	-0.3045	-0.2390	0.1064	-1.4475	0.9885	0.0068	-1.2451	-1.1663	0.2494	0.4179	-0.9918	-0.3626	1.6908	-1.4745	1.7313	-1.1107	-0.5688	0.0363	-1.5903	-0.4257	-0.0206	-0.4542	0.0855	-0.1462	1.1312	0.2028	-0.8969
0.0345	0.6535	-1.5154	0.4277	-0.0440	0.6834	-0.7463	-0.7059	0.5269	0.6429	1.2258	-0.6310	-1.2314	-1.0948	0.2479	-0.3941	-0.1930	-0.0181	-0.5704	-2.8545	-0.5874	-0.8600	-1.6467	0.6323	1.6135	-0.9335	1.2781	0.7515	0.8250	0.9191	-0.3461	1.6646	0.2701	0.3247	-1.5453	0.7422	-0.5850	-1.1353	2.2178	0.9042	-0.3314	1.2936	1.3723	-0.4321	0.5566	-1.8278	0.1416	-0.9192	1.0830	-1.2189
1.2437	0.4513	-1.9412	0.3183	0.4958	-0.0380	-0.2523	-0.3170	0.5977	1.8341	-1.1247	1.7784	-1.0191	-0.8637	-0.9015	0.3625	-1.9613	0.4193	2.2548	-0.9239	-0.5874	-0.4201	1.2189	0.9746	1.9288	0.6484	0.3759	0.4054	0.1052	0.6419	-2.3093	1.4984	-1.0079	-1.0778	0.9963	-0.6185	-0.0483	-0.5043	1.0970	0.2288	0.2237	2.1157	1.3538	-0.0807	0.3478	0.2763	-0.5615	1.2644	1.0193	-0.2743
-0.6559	0.9852	-1.3020	-1.7313	-0.0036	0.3529	-0.5632	0.1234	0.2248	-0.1004	-1.1574	0.5985	-0.9144	0.6220	1.3975	0.6646	-0.5480	-0.1109	0.3982	-1.1639	-1.4232	-1.7220	-1.6910	-0.5087	1.6736	-0.7014	-0.2285	-2.4735	0.9937	0.2348	0.2004	1.2875	0.3808	-1.3513	1.3163	-2.2197	0.9688	1.1324	0.1369	-1.4667	-2.2518	-1.1324	-1.1111	0.1820	-0.4322	-0.3531	-0.8394	0.9141	-0.6672	-0.4340
2.3076	-0.2537	0.8682	-0.3987	0.3037	-1.8094	0.7415	-0.1918	1.4468	-0.2105	-0.6802	0.4850	0.3893	1.5067	-0.6338	-1.5040	0.5072	-0.1215	0.5223	-1.2989	-1.6333	1.1148	1.0775	0.5143	-0.2177	0.2971	0.4085	-0.3151	1.3482	-0.6928	0.9437	-0.4316	-0.6375	-1.0233	-0.4482	-1.1340	-1.7530	0.4332	0.8306	-0.3192	0.3164	2.1453	1.2430	1.1951	-2.1361	-0.5081	0.0807	0.5135	-0.1358	1.4193
-0.0355	-0.7670	0.1646	0.7115	0.0789	-1.3210	-0.3354	0.4498	1.6058	0.5200	-0.7190	-0.8127	0.6396	-0.2153	0.7538	-2.1402	0.0276	0.5548	-0.2335	0.2988	1.2482	1.5257	-1.4901	0.2233	0.9806	-1.1075	-1.4872	-0.5797	1.0885	-0.0811	0.5985	-0.5469	-0.8813	0.9754	0.9893	0.9077	-1.0728	2.1567	0.1967	1.0514	0.9374	1.7809	-1.6814	0.2536	-0.3530	-2.4592	0.2183	0.2413	0.4565	1.5421
1.2660	0.1271	-0.5125	-1.0884	1.2305	0.2951	1.3580	0.5499	-0.1105	1.9931	1.2150	-0.4619	0.5813	-0.1002	2.6413	1.4368	1.3023	-0.1050	0.3137	0.9368	0.5444	-0.3160	-0.5085	0.4483	-0.4254	0.8750	1.0213	2.1260	-0.4458	-0.3711	-1.3678	0.2154	0.2522	1.4748	0.4472	-0.2894	-0.4030	0.9432	0.7424	0.1757	0.0199	-0.4781	-0.6602	0.2546	1.6303	0.6029	1.2156	0.6753	0.8118	-0.5362
0.2296	0.7809	2.7575	-0.3303	-0.1173	-1.9572	0.5976	-1.1400	0.8307	1.6540	0.4590	-1.9058	0.7314	-0.1414	-0.1919	-1.3747	-0.0408	-0.2232	-1.2769	-1.4150	-0.8437	0.8171	-2.2184	-0.1582	-0.0809	1.7932	0.2062	-0.5781	1.6545	0.4813	-0.9857	-0.1797	1.7700	0.6735	-0.5655	0.9809	-1.6416	-1.4684	0.4067	-0.0616	-1.7842	0.6235	0.1067	1.1809	-0.5847	0.6756	-0.3243	-1.0544	0.0731	2.0989
0.1597	-0.4259	0.0802	0.2062	1.0201	-0.1908	0.2260	1.6622	1.0659	-0.0436	-0.1228	1.4927	-1.0639	-0.5521	0.4651	-1.0644	0.5819	-1.4711	0.3342	0.6474	0.1059	1.4450	-0.6759	0.2148	-0.2743	-0.9067	-0.3363	0.0225	-1.0503	0.3233	0.2274	-1.0580	-0.3590	1.1726	1.4233	-0.2114	-0.7833	0.0076	1.2265	2.5164	1.4313	-0.4843	0.3628	-0.4556	2.4721	0.1527	-0.6585	0.7824	0.7731	-1.3143
0.0753	0.5690	0.4792	1.9703	-1.3608	-0.6823	1.8490	1.1815	0.6279	0.1298	-0.0319	1.7795	-0.4358	-2.7476	-0.2593	-0.7842	-0.7903	1.0018	0.3438	0.5142	0.7234	0.2842	-1.5782	0.0643	-0.8404	0.1814	-1.4609	0.6665	1.0772	0.8967	0.3139	0.7533	1.8505	0.4737	-0.4223	-1.7724	1.3247	1.7667	0.2105	-0.0352	-0.6425	-0.4892	0.3983	-0.0622	0.7882	1.3861	0.5992	1.2590	-0.1614	-1.4546
1.0767	0.3216	-0.4392	-0.6639	-0.4295	-0.7563	0.9697	0.8372	-0.6102	-0.2332	-0.8451	-1.2100	1.7666	-0.4278	-2.3857	1.8900	-0.6775	0.8665	0.1463	-0.9392	0.2431	0.2291	-2.3463	0.5797	-0.6937	-0.0732	1.1063	0.0897	1.8951	-0.9683	-1.3387	1.7122	0.0578	0.8466	-0.6038	-0.4134	-2.1900	-0.3519	-0.0410	-0.2094	-0.3318	-0.9276	-0.6658	2.3006	-0.1078	-1.1671	0.3304	-0.0636	-0.9033	-0.7615
1.7027	1.2518	-0.2559	1.1559	1.1486	-1.3580	1.3349	0.5684	0.2720	0.0068	1.1714	0.7844	-1.1122	-2.1265	-0.5319	-0.2565	0.4452	0.6891	2.3624	-0.8206	0.2197	1.0419	0.6808	-1.3978	-1.1895	-0.5540	0.2140	0.5720	-0.1215	-1.0274	0.8667	-1.4214	-0.8004	0.4694	1.8554	0.4934	-0.0192	-0.6898	1.1360	0.5112	0.3895	0.6795	1.0006	1.9309	0.7712	1.4597	-0.1787	-0.7763	-0.3514	0.0946
-0.2503	0.7828	0.7328	1.9634	0.0835	-1.1196	0.6418	-1.3198	-0.7101	-1.5732	-0.4966	-1.9755	-0.5103	1.1585	0.0517	-1.3877	0.9784	-0.5845	-0.3147	0.2154	0.5476	-1.1406	0.9523	-2.4449	-0.4294	-0.2667	0.6143	-0.1568	-0.7491	0.4834	-0.3209	0.7129	-0.4969	-0.4831	0.5481	-0.2349	-0.9307	-1.6568	0.4081	0.3489	-0.6935	0.3694	-0.2534	-0.2525	0.7206	-0.7761	0.8404	-0.7222	0.6017	-0.8576
-2.0010	-0.4120	1.7270	0.1323	-0.1589	0.8749	-0.4256	3.1625	2.1798	-0.0807	-1.1418	-0.6214	-0.1353	-1.3507	-0.2490	-0.5262	-0.6078	0.9315	2.4030	-0.8809	1.1289	-0.0060	-0.5610	0.1186	-0.6912	-0.3742	0.6022	-0.4260	0.3074	0.0979	-0.8004	0.4600	0.2930	0.3039	1.1832	0.6191	-0.8654	0.1783	-1.0854	-1.4524	-2.0722	0.9128	-0.6957	-0.2966	-0.5524	-1.8995	-0.0052	-0.1048	-0.2932	1.4506
0.3131	0.7616	0.5996	0.1887	1.0059	0.0597	-0.8110	-0.3807	-0.4259	0.6961	0.5256	-0.7674	-0.9995	0.9481	1.5547	0.0196	-0.9547	-0.7388	0.5680	0.9423	0.2627	0.3517	0.6573	0.1531	0.3292	-0.3515	-0.2230	-0.1479	0.1722	1.2207	-0.6134	-0.3792	-0.2743	-0.0297	-3.1901	-1.0922	0.8386	-0.4770	-1.1242	-0.6731	-0.8528	0.3880	-0.5943	0.5981	-0.2432	1.2904	-0.1518	-1.2632	3.1217	0.4808
-0.4333	0.1361	-0.9737	1.1194	-1.3964	-0.1344	-0.3900	-0.2611	-0.8980	0.3087	-0.3662	-0.2158	0.0573	-0.0785	-1.5041	0.0762	0.3295	1.8773	-0.4062	-2.2809	1.7648	1.2313	0.5203	0.3941	-0.7536	-0.8558	0.7323	1.5880	1.9959	0.2975	1.3095	1.7982	0.3494	0.9073	-0.0674	0.1443	-0.3780	-0.0645	-1.6074	0.1708	-0.8248	0.4613	-0.4929	-0.9506	-0.7672	-1.0911	0.1469	-1.8197	-1.4097	-0.1381
1.3343	-1.2597	1.8838	-0.3216	-0.6564	0.6537	1.1752	0.2449	1.2265	0.2341	-0.5129	-1.5752	-0.7183	0.1006	-0.4345	0.9750	-1.2012	-1.7871	-0.6677	-0.3035	0.3449	-1.1396	0.2623	-0.2168	1.8032	-0.6630	0.3655	-0.6787	0.8919	0.2792	0.0181	-0.3033	-2.0787	0.5096	-1.0671	-0.4412	0.6020	-1.2551	0.8303	1.1944	-0.5358	-0.7964	1.7619	-1.1912	1.7424	1.0673	0.1553	0.1241	1.3495	0.2099
-0.5505	-0.8128	1.1781	0.4749	1.1969	1.0514	-1.0858	-0.5411	-0.3659	0.2588	1.0196	0.6856	-0.9019	0.0586	-1.3299	-2.1029	-0.2755	-1.2180	-0.1801	-0.4015	0.1513	0.4006	0.7740	-0.8623	1.1772	0.4359	1.0071	0.6745	0.1634	0.6621	-0.9280	0.0476	-0.5363	0.6764	-0.2501	-0.0972	-0.0008	-1.2672	-1.5645	-0.8734	1.1110	-0.3470	0.9584	-0.3559	1.1606	-0.1910	-0.9874	-0.7444	-0.2238	0.3346
-1.9340	-0.8268	-0.4459	-0.9851	0.1994	0.4927	-2.0350	-0.8352	0.2721	-1.2067	1.0532	1.8180	-0.6752	-0.3288	0.0795	0.4915	-0.4086	1.9659	1.7206	0.7185	1.6664	-0.5820	1.1182	-0.1004	-0.3447	-0.6613	0.6997	0.9364	-2.5225	-0.3182	-1.0500	1.0001	-1.2550	-0.9029	-0.0509	-0.2736	-0.3117	-0.1952	-2.6239	0.1108	-1.1657	0.4020	-0.4793	0.9925	-0.1886	-0.7130	0.1430	-1.3522	-0.2426	1.0916
0.0631	1.3188	-1.4612	0.8041	-0.1293	2.0782	0.3193	-0.1034	1.5443	-1.4446	-1.3121	0.4345	-0.1452	0.0054	-0.2647	0.2749	1.4211	-0.7149	-0.9863	-0.5033	1.0290	-2.4610	-0.2493	0.6098	1.3108	0.6364	-0.3142	0.6873	0.8362	0.3011	-1.2401	-0.8034	0.8463	0.6988	-0.3787	0.5701	0.7742	0.2982	-0.8076	0.3073	-0.7317	-0.3856	-0.2393	0.9716	1.1095	0.9635	0.3153	-0.0182	0.5208	0.0260
1.1619	-2.2241	-0.9228	0.0180	0.6750	-0.6552	0.1562	-0.6692	-0.7115	-0.9665	1.7859	1.4893	0.5672	0.0508	0.6139	-1.1776	1.2217	0.7645	-1.6743	-0.0807	-1.6187	-1.3291	1.6292	1.8019	1.7422	-0.2762	0.2857	0.2422	-0.8434	0.1259	0.0277	-0.0233	-0.5379	1.0500	0.4166	-2.0802	-0.3286	0.6325	-0.2380	0.9774	-0.6736	2.2326	-1.5035	-0.1587	0.1178	-0.6425	-0.9376	0.1884	-0.6597	1.2628
-0.9670	0.6685	-0.6824	-0.8555	0.2479	-0.8794	0.0512	1.4181	1.2097	-0.2394	-1.8791	0.6954	0.3383	0.4010	0.8496	-0.9481	0.2590	0.2063	0.3331	-0.3590	0.1800	-0.0133	0.2624	2.5053	0.8373	0.4921	-1.3608	0.1323	-0.7450	0.3167	-0.1357	0.5615	-0.6666	-0.8547	-0.3373	1.5710	0.1870	0.2868	0.3413	1.0713	1.3160	0.5750	0.5740	-1.2132	-0.9542	0.6838	0.6186	1.5304	-1.2076	1.3463
-0.1383	-0.1163	-1.1229	0.4052	1.0374	0.6721	1.1252	-0.4550	-0.3353	-1.0871	-0.0459	-1.8858	0.8645	-0.0250	-0.0028	1.2146	-1.0365	1.4887	-0.3029	-1.1300	-0.7800	0.7050	-1.0643	1.1091	1.2392	-0.7297	-1.2752	0.4221	0.1266	-0.5823	-0.7364	0.0327	0.9379	0.9412	-0.0793	0.8611	1.1440	-0.1963	0.6807	-0.6369	-0.9981	0.0636	-0.3853	-2.1784	0.7217	0.9276	-1.0618	0.2847	-0.3554	0.1981
-0.2067	-0.2600	0.4474	0.9375	0.3851	1.5616	-1.0049	-0.5407	0.7247	-0.0174	-0.0275	0.2186	-0.0204	1.1179	-1.5612	-1.0489	-1.0108	-0.6002	-0.9356	0.5386	-1.2658	0.6754	0.7215	0.8767	0.4998	-0.8060	-0.6094	-0.0380	0.3262	-0.7387	0.5111	-0.0960	-1.0976	-0.1116	0.1583	-0.1185	0.1773	-0.3195	-0.8576	0.1388	-0.1460	0.7075	0.5135	-2.0986	0.5170	-0.6653	0.3260	0.4965	-0.2560	-0.2394
0.2302	-1.1413	0.3204	-0.1611	2.2339	-0.5706	1.3338	0.0767	0.6870	-1.2071	-1.0481	-0.0956	-2.2387	-0.7642	1.0517	-0.3926	-0.5778	0.8590	-0.0116	-0.3110	-0.1738	0.4513	0.4980	-2.3971	-0.5609	-0.3439	0.9300	0.9115	0.0086	-0.9313	-0.8334	1.1145	-0.4350	-0.1828	0.8300	-0.7467	1.5361	0.3344	-1.0031	-0.6878	0.0333	-0.3254	-0.1503	-1.1533	0.0175	-0.2668	-1.0660	1.0739	0.9102	2.3419
1.3102	0.4250	0.5588	-0.1393	1.8042	0.5959	0.4709	1.0256	-1.6140	0.5951	0.6303	1.7289	-0.7607	0.0165	0.2758	-0.0669	-0.5812	-2.5484	1.4760	0.4162	-1.5638	2.3055	0.4854	-1.0235	-1.4076	0.3989	-0.3367	0.4470	0.1131	-0.0934	0.2663	2.2648	-1.2231	0.1996	-0.3556	-0.3195	0.0598	-1.2000	-0.5405	-0.7699	1.9524	1.3661	1.3502	1.9895	-0.4374	-1.6785	-0.6789	0.5886	0.3253	0.2667
-0.5113	-3.3770	-0.4736	-1.9699	0.0908	-2.5902	-1.4722	0.9272	0.8864	-2.0464	-0.1298	-1.7181	0.1188	0.2725	-0.7082	-0.2423	-1.1695	-0.9117	0.3818	0.8648	-1.0953	-1.2495	-2.3186	-0.7454	1.8938	-0.6699	-0.7865	0.3537	0.4433	0.5338	-0.1205	0.6155	0.0973	-0.7146	-0.2633	-0.3077	0.2663	1.1647	1.5039	-1.2906	1.5619	0.5058	-0.8018	-0.3778	0.5029	-0.3399	-1.5545	-0.4297	0.2149	1.8091
0.5499	-0.8230	0.3758	0.8728	0.3560	-0.7188	-0.1131	-3.3599	-0.9610	-0.5216	2.3630	0.1035	0.7804	1.5903	-0.0762	-1.7130	1.5291	0.5023	1.2661	1.4680	-0.7846	-0.3408	1.1922	-0.4216	0.5830	0.1778	1.3630	0.3828	-1.3332	0.0799	-1.1174	1.1754	-1.4737	-1.6701	-1.2376	-1.2106	-0.3384	0.2774	1.8916	1.8215	-0.4993	-0.8052	-2.3417	-0.4324	0.1218	-1.0759	0.6011	0.8436	-0.6617	0.9054
-0.3482	-0.0953	-0.0867	-1.7089	0.5510	0.6644	-0.7397	-3.0755	-0.6765	1.8058	-1.1752	0.2164	-0.0380	1.9213	-2.4561	-1.1361	-0.2772	-0.2039	-0.4247	1.3729	-0.3307	-0.6073	0.1673	0.0547	0.0736	1.5302	-1.3009	0.2144	-0.2115	-1.4466	-1.3428	-1.2369	0.3782	0.7137	0.4725	-0.9799	0.5910	-0.3806	-2.1944	-0.8940	1.0829	0.6276	0.7694	1.9929	-1.0837	-1.3879	1.5020	1.5685	-0.0031	1.4175
0.7963	0.2430	0.1131	-0.4404	0.3115	1.8910	0.7277	-0.5269	0.3057	0.0018	-2.0283	-0.0243	0.7804	0.6559	0.3093	0.3965	0.1818	-0.5828	0.0752	-0.6001	0.2171	-0.9554	0.4879	2.2320	0.4749	-0.2117	0.1442	0.6507	1.4948	1.6660	0.4205	0.8249	-2.1855	-1.1369	-0.5187	0.4933	0.6137	0.2128	0.4233	-0.7229	-0.9946	-0.4401	0.6611	2.4955	1.7834	-0.0224	-1.6235	0.4046	1.6398	0.6252
1.3206	-0.8292	-0.8165	0.6493	0.5275	-1.0797	-0.1715	-0.0627	-2.1809	1.0027	-0.0720	-1.2277	-0.1795	-1.3296	0.3339	0.3263	-0.3908	-1.0427	0.1470	-0.2803	-1.3802	-0.0040	-0.7939	1.2643	-1.8395	0.0983	1.2223	-1.5169	-0.5073	0.5705	-0.0106	1.3369	-0.0863	0.3594	-0.0143	0.9421	0.6232	0.4968	0.0209	-0.4233	-1.0337	-1.6599	1.7194	-0.0291	-0.0210	-0.9540	-0.9240	0.6674	0.6457	0.7071
0.5287	-1.3381	-0.9354	-0.0188	0.2697	0.2136	1.0755	-0.8011	0.2175	0.5003	-0.2289	-0.4021	0.6751	-0.3683	0.2991	2.2789	-0.2206	0.6996	-0.0765	0.0420	-2.3270	0.2014	-0.2507	1.8252	0.3276	1.5098	-0.5642	0.9421	0.9383	-0.1916	0.1321	0.0090	-0.3380	1.4757	1.1754	-0.0935	-0.7596	-0.3528	-0.8740	0.5652	0.4000	-0.1936	0.0035	-0.9232	-1.3811	-1.5124	-1.9261	1.6750	-0.3698	0.4469
0.7369	0.5081	2.2751	-0.5982	1.5037	0.3015	0.0320	0.1756	-1.6097	-1.9076	-0.5867	-0.4399	1.2423	1.5478	-0.1771	-0.9926	-0.5929	-0.9249	0.1358	-0.3453	0.0949	0.6748	1.7733	0.6850	-0.1696	1.3314	-1.4821	-0.8272	-0.4061	-0.9677	0.8973	-1.0643	-1.9187	-0.4519	-1.8487	-0.0846	0.4452	0.2737	-1.6090	0.4750	0.1473	0.2382	0.4876	-1.0669	-0.8219	0.5081	-1.0424	-0.6506	1.3311	0.2589
1.4815	0.1541	0.4634	0.6932	0.3349	-0.1627	-0.7759	1.2064	-0.5851	-0.3193	-0.0213	0.3747	-0.6204	-1.1896	-0.4459	0.7311	-0.5883	0.8101	-0.5556	0.5947	0.8045	-0.6758	0.3158	1.9252	-0.9851	-0.2487	-0.8604	0.9688	1.0717	0.9710	-1.6977	-0.1320	-0.7616	-1.5891	-2.6692	0.0662	-0.0250	-0.8244	0.5402	2.1140	-0.3750	1.1100	0.8677	1.2158	-2.1388	1.0975	-0.4413	-1.1841	-1.2949	0.2686
-0.7278	-0.6948	-1.8023	-0.5725	1.3037	1.5566	-0.1851	-0.2169	-2.3134	0.7697	2.3498	1.6103	0.9369	-0.5776	-0.4372	1.4503	-1.9800	0.6726	0.0860	-0.5503	0.2808	-1.1183	-0.5282	-0.3339	-0.2094	0.3773	-0.9870	-0.1376	0.0165	-1.7511	0.4196	1.1317	-0.2583	-0.0059	0.7546	-0.5577	-0.3735	-1.0323	1.3486	-1.4225	-0.9826	0.2956	1.1837	0.9256	-0.5462	-0.2853	-1.1181	0.0852	-0.4822	1.0509
1.2031	0.9232	0.3211	-0.1286	0.8212	-1.1367	0.7169	-0.5381	0.1499	1.7581	1.0240	0.1488	0.7136	-0.3465	-0.9089	0.9897	0.9595	1.2810	-1.2356	0.1014	-0.8463	-0.2624	-0.8735	-0.6986	0.5509	1.0243	-0.3508	-0.1687	0.1916	-0.2657	-0.1763	-0.7531	-0.3552	1.4224	-1.0659	1.7845	0.4260	1.6442	-1.0170	-1.0360	-1.2981	-0.9384	0.7627	0.1182	1.2305	0.6588	0.2261	0.3730	-0.0759	-0.5594
-0.2076	-1.0219	-0.5973	0.9010	-0.1363	0.1000	-2.5417	-0.2815	0.4040	-0.8101	0.3530	1.9444	-0.0874	-0.0169	-0.1037	1.2080	-2.1594	1.3477	0.2200	-0.4603	-0.2182	0.0918	-2.2327	-0.0340	0.6355	-0.3733	-0.9727	-0.8940	-0.1182	1.6248	-0.8559	0.3599	0.9534	0.0781	1.3413	0.1046	0.2587	0.7565	-1.7325	-0.1611	-0.7387	0.3132	-0.6421	-0.2309	-0.9827	0.5443	0.6559	-0.5723	0.3790	-0.2163
1.2357	-0.9546	-0.9288	-0.1669	-0.2054	0.6870	-0.1363	1.2234	0.5961	-0.7034	0.2637	-0.7599	1.2294	-1.2695	0.7552	-0.1919	0.6277	-1.0566	-0.8471	-0.8913	-0.3794	0.5274	0.2368	0.3897	-0.7375	-0.2448	0.4450	-0.1469	0.5463	0.0027	0.2767	0.0752	0.0537	-1.0643	0.4474	0.6765	0.9058	0.9717	-0.5686	0.4939	-1.4921	-1.4560	1.3715	-1.4461	-0.0923	-0.5320	0.3567	0.4761	-0.4462	-0.0068
-1.0373	-1.4113	-0.3126	-0.2593	-0.6735	-0.3041	-0.3533	1.3520	1.5938	-0.4622	-1.4529	0.6173	-1.1972	0.3817	0.8474	0.4475	-0.5708	-0.9359	-1.1576	-1.0595	0.0287	0.1329	0.5043	1.5080	-1.4011	0.0995	1.1895	0.1796	0.2981	-0.5348	-1.5248	-0.5849	-1.1392	-0.7101	2.2787	0.7467	-0.6076	-2.2235	-0.1015	-0.1366	0.2429	-0.7303	-0.6229	-0.1924	0.8786	-0.6049	-1.4156	-0.6874	-0.2555	-0.7312
1.6916	0.0494	0.8201	-0.7843	0.3833	-0.0920	-0.0811	0.0707	-0.7629	-0.3625	0.0898	0.9756	-1.0095	-0.8360	-1.3509	0.5277	-0.8100	0.7645	-0.2587	-0.4702	-0.6697	-0.3519	0.7443	0.8781	-0.7167	-1.4255	-0.6663	0.3708	0.1660	0.6513	0.8252	1.3405	-0.0710	-0.1120	0.2981	-0.1034	1.0649	-0.6096	-1.6732	-0.3910	-0.5742	2.3411	-1.4207	-0.1450	0.1069	-0.2232	-0.4418	-0.8459	-0.0413	0.5233
-0.3950	-0.4518	-1.0669	1.6597	-0.1544	-0.2017	-0.5056	-0.9403	-1.3081	0.3362	-0.5490	-0.6071	-0.0634	-0.2465	0.1757	0.5433	0.6336	-0.0145	2.5981	0.3147	-0.2996	-1.3577	-0.3117	-0.4191	-0.5371	1.6374	0.2213	0.2656	1.7539	1.0262	0.0161	0.1595	0.7921	-0.7818	-0.6932	-0.2832	-0.6096	-1.1956	0.4610	-1.5075	-0.1983	2.3916	-0.0608	0.3668	-1.7453	0.6731	0.6929	0.4025	0.3350	-0.1167
2.2835	-0.5710	-1.3305	0.3893	-0.1633	-0.9801	-0.8746	-0.7958	-0.0475	0.7610	-0.8738	-0.2404	1.1008	-0.6572	-0.5747	1.5279	-0.5110	0.9081	0.0390	-0.6259	-0.5678	0.6234	0.4819	-1.3310	0.1640	1.3080	-1.4401	-0.4555	0.2982	0.3372	0.1023	-0.4481	-1.3863	-0.6053	1.0040	-0.0854	-0.1439	-1.1177	-1.5981	-0.1573	0.0594	0.2207	0.6023	-0.2805	0.5271	-0.3629	2.2447	-0.1019	1.8184	-0.0553
-1.2190	1.2675	-1.4159	-0.6112	0.9641	0.1255	0.1589	1.1737	-0.6376	-0.3136	-0.3675	-0.4296	-0.6968	0.8715	-0.2676	-0.1268	0.7113	0.3482	2.3942	-0.6715	0.6697	0.2890	1.1480	1.7493	0.1939	0.1959	0.3254	-0.5152	-0.3706	0.6338	-0.6523	-0.0345	1.2566	0.8634	-0.6435	0.5107	0.4515	-0.2134	-0.7833	-0.9544	-1.2207	-0.7358	-0.4516	-1.6252	1.1331	-0.4430	0.0409	-0.3444	0.3650	0.5773
-2.4621	-0.2580	-0.7477	0.6567	-2.7533	0.6014	-0.6911	0.8988	-0.6220	-1.2989	0.7965	-1.3067	-0.8730	-1.2437	-0.4248	-0.2494	0.0785	0.1795	0.6324	0.6328	-0.9968	0.2591	-1.0662	0.9316	-0.2229	0.3538	0.0672	-0.3340	0.5000	-0.6588	0.8744	0.7940	-0.0553	1.1642	-0.0473	-1.7821	-1.9029	0.5667	0.0355	-0.8989	0.8715	0.5002	-0.5329	-0.3767	-0.3608	1.2364	0.2080	-0.9847	0.5125	-0.6527
-0.7693	-0.8513	-0.7734	0.5565	-1.2521	-1.2258	-2.0919	0.1424	0.0932	-0.7355	-0.3854	1.3929	0.8343	-0.7537	0.3798	0.8280	-0.3653	0.0508	-0.3365	-0.1012	1.2382	-1.4572	1.6663	2.2561	1.2925	-1.7077	0.3200	-1.8603	1.5169	1.3859	-1.9389	0.9755	-1.5282	1.6951	-0.4812	-1.5616	1.2317	0.8023	-1.3925	0.1484	-1.1267	-0.9029	-0.4384	-1.1988	0.8915	0.5719	2.3604	-1.8884	1.7235	0.8175
1.7646	1.2992	0.6053	-0.2571	-1.4877	0.5386	-0.2211	1.0514	1.5678	0.5506	-1.7609	0.5058	0.1362	-0.2570	-1.9677	0.7330	0.8015	0.5125	0.4200	-0.0317	0.0657	0.4605	0.8877	0.3350	-0.8689	-0.5544	0.2952	-0.0421	0.7934	0.1279	-1.4599	0.9801	1.4689	-1.6982	-0.6556	0.2759	-0.0618	0.7735	-1.2246	-2.0084	-0.4440	-1.0847	1.4158	0.2772	-0.4135	-0.5312	-0.9697	-0.3683	-0.4897	0.3447
-0.6729	-1.5807	1.3567	0.1643	0.6497	-0.9878	0.2210	-0.3920	0.4920	0.7833	-0.0091	0.1523	-0.0838	-0.0443	0.8220	-0.2018	-0.1162	-0.4271	2.5013	2.0095	0.8554	0.6207	1.3941	-1.2836	0.8816	2.2607	0.1279	1.1553	-0.9239	-0.2185	-0.8044	-0.9365	-0.4636	-0.3179	2.0805	0.5239	0.6560	0.5797	-1.2422	2.6333	1.5502	-1.6943	0.4321	-0.0089	-0.8890	-0.3079	0.0773	1.1377	-1.0490	0.3827
-0.4054	-0.2145	1.3025	-0.2973	0.6747	0.1852	0.9046	0.2022	-0.6418	0.1225	-0.1168	1.8154	0.5788	1.0720	-1.0347	-0.1063	1.4105	-1.4359	0.8045	-0.6986	2.1919	1.7296	-0.1195	-1.4389	-0.3906	-1.7378	0.2605	-0.0526	1.2046	-1.6343	-1.3673	0.2538	1.6297	0.2052	0.3705	0.6511	-0.0217	0.0615	0.4218	0.6763	0.5265	0.0962	-1.3698	-1.2563	-1.8214	-1.2839	-0.8853	1.9001	-0.4611	0.3892
-0.2306	0.8350	-1.4645	-2.3835	0.1791	-0.6268	0.6893	0.1336	0.9513	0.3458	0.5865	0.4392	-0.3027	0.6721	-2.3179	0.6691	-1.0499	1.3231	0.3873	1.2339	0.2620	1.2489	-0.1421	-1.0996	-0.1348	0.4889	-0.9677	1.0323	-0.8559	-0.8808	-0.9843	-0.8048	0.0337	0.7553	1.2953	0.3512	2.6438	-0.1090	-1.0895	-0.0645	1.1591	1.3035	0.0660	-0.2078	2.1400	0.5999	-1.3375	0.6777	-2.2008	0.8721
-0.2198	0.0463	0.6158	1.0556	0.3903	1.1097	-0.6671	-1.3322	1.4868	0.2304	1.4621	0.1814	0.1303	-0.2300	1.0731	-1.2797	1.5915	-0.1964	-0.2680	-1.8147	-0.2704	0.8057	-0.2380	0.9245	0.2818	0.0044	-0.3291	0.6107	0.0328	-0.3947	-1.2089	-1.0652	0.8707	0.3957	-0.0038	-1.0064	0.1342	1.6392	1.5957	-0.4509	0.3869	-0.3426	0.8132	0.2172	-1.0428	0.9860	-0.7716	-0.4104	-0.7829	-0.6592
1.6061	-0.2550	0.3332	1.3273	1.3763	0.0127	0.4164	0.4378	-0.7674	1.8985	1.6340	2.2881	-1.1038	-1.1662	-0.0219	0.1257	0.6592	-0.8157	-1.1389	-0.9852	-2.2501	0.9695	0.4015	-1.0814	0.0763	0.3340	0.4470	0.3036	-0.4775	0.3949	1.6879	1.7003	-2.4608	-0.0882	0.8578	0.7191	-0.9934	0.1079	-0.5971	-0.0652	1.5134	0.3821	1.9039	-0.5242	0.6249	0.3203	-1.4339	-0.7574	0.8930	-1.1165
0.3918	-0.7597	0.1679	-0.2901	0.5648	0.3284	-0.9863	-0.1130	0.6040	1.3043	-0.6584	-0.9280	-2.1199	1.3280	-0.1692	0.3315	0.1542	1.1783	-0.5717	-0.5378	0.7006	0.6137	-1.8899	-1.4880	-1.4312	0.5168	-0.0251	-0.1931	-1.4325	1.0845	-0.7411	-0.6946	-1.6639	-0.7278	0.3431	-0.1992	0.4345	0.2053	0.7800	-0.3954	1.0139	0.2094	0.3838	1.8842	0.7554	1.4768	1.4957	0.4663	-2.1775	0.5315
-0.3411	0.1693	0.7143	-0.8828	0.2852	-1.0661	-0.1752	-0.5231	0.5099	-0.6343	-0.2236	-0.3486	1.5368	0.6169	-0.6068	-1.2781	1.4908	1.6324	-2.3573	-0.1840	1.0828	-0.0836	0.7664	0.8409	-0.8811	-0.1270	-0.5298	0.0447	0.6847	0.3997	0.8491	0.8115	-0.2476	-0.3091	-1.0384	0.3342	1.4774	-0.2202	-0.0002	-0.7296	-1.3276	-0.0097	1.0326	-1.0383	-1.9824	1.5743	0.4594	2.2755	1.2731	-0.7779
0.3743	0.1792	-0.2261	-1.1686	-0.7326	0.7550	-0.3025	0.8309	0.1027	-1.2485	1.6621	-0.9816	-0.5957	1.2089	0.9672	-0.5431	0.6325	-0.7751	0.2303	0.2477	-1.5703	0.5810	0.6750	-0.8885	1.8278	0.2170	-2.0995	0.3899	-0.1598	-2.1056	-0.3301	-1.5821	0.1261	-1.1440	-0.8878	0.0281	-0.8560	-0.6552	-0.3372	0.7664	-1.3149	1.6362	-1.9665	0.7140	0.7328	0.4387	-1.3750	-0.0171	1.6133	-0.6244
1.7125	0.6213	1.0346	-1.1439	0.2740	-1.9540	0.8167	-0.5429	0.6704	-0.6652	1.5288	0.0283	-1.1466	-0.3204	0.3173	-0.6918	-0.8670	0.5781	0.1937	-0.0540	-0.9608	-1.6632	-1.1609	1.0193	0.7759	0.2744	-0.9399	1.3356	1.6387	0.7397	0.1371	-1.2738	-0.4221	0.0343	-0.5738	-1.4242	0.5761	-0.2869	0.8776	-1.6815	-1.5916	-0.3563	-0.4915	0.7552	0.3225	-0.7730	0.5326	-0.0228	-0.2885	-0.7988
-0.9102	-0.9736	-0.1422	0.4560	1.5156	-1.6936	-0.0284	-1.5485	-0.3410	0.8786	0.9137	0.1113	1.1718	1.6533	0.0596	0.1637	0.7278	-0.3858	2.2652	-0.4876	-1.7620	1.8476	-0.2404	-1.0889	-1.3534	2.8153	-0.1122	0.2639	0.0272	-0.3584	1.8106	-0.1920	0.5107	-0.9781	2.5894	-0.5058	0.6565	1.1922	-0.2721	0.2886	-0.6230	0.3803	0.3865	0.5144	0.6240	0.3698	0.1205	0.4361	0.6045	0.0387
-1.1932	-1.1124	1.6648	0.0415	2.4161	1.0273	-0.2055	-0.8552	0.8019	-0.8593	0.1518	-0.9358	0.2044	-0.1327	-1.5074	-0.0707	0.4369	0.3676	0.2351	-0.1816	-0.6060	0.7531	-0.3379	-0.6627	-0.3612	0.0365	0.5119	-0.6211	-0.3990	-1.1283	1.7801	-0.8226	-0.3180	0.8603	-1.2800	1.5086	-1.7172	0.8574	-0.6605	0.5242	-0.8097	0.5528	-1.5922	-1.3856	-0.5486	0.3910	-0.9728	-1.1329	1.3105	0.4516
-0.4494	-0.0505	-2.3298	2.8243	0.5778	0.0282	-0.2114	-1.2161	-1.0456	0.3179	0.7807	-0.2848	-0.7983	1.6992	1.2323	-2.2724	-0.2152	-3.3418	0.9386	0.7996	0.5065	1.1936	1.7995	0.1468	1.3523	0.7182	-0.4472	0.0226	0.3709	-0.1048	-0.0815	-0.2321	0.5345	-0.7696	0.2899	-1.8059	-1.1722	0.4390	-0.0094	1.0167	-0.6249	1.6895	-0.1764	0.5888	-1.2091	0.8551	-2.5024	0.7945	-1.3433	0.3652
-1.2222	-0.7591	-0.5922	0.7890	1.4242	1.1339	0.2186	-0.3116	1.6900	-0.4688	0.4943	0.4046	0.9416	0.4831	-2.6770	-0.3990	-1.1624	-0.7719	0.3133	-0.2270	0.1534	-0.0421	-0.8520	1.2676	0.3575	-0.8936	1.2975	0.4814	-0.3056	0.0477	1.9800	1.5726	-0.4654	0.7179	-2.7923	-0.6153	0.9080	-1.8175	-0.4446	-0.2743	-1.7482	0.0282	-0.4577	-1.0256	-1.6043	-0.1161	-1.4856	-1.9581	1.6289	-0.0824
-0.0333	-0.1734	0.6468	-0.1807	-0.1473	-0.5996	0.3888	-0.7638	-0.2941	-0.8574	-1.5583	0.6091	0.8340	-1.6250	-0.9110	0.0542	1.6882	1.8412	-0.8916	-1.5838	-1.4591	0.0598	0.3623	-0.8288	-0.0089	-0.5023	1.2990	1.8135	1.7193	0.2607	-1.1594	0.8823	-0.4395	-1.7011	0.0747	0.8135	-0.4379	0.3158	1.8605	0.8926	0.4599	-0.1255	-0.9198	0.1450	0.2801	0.2613	0.6010	0.1972	-0.0905	0.8771
0.9205	-0.0074	1.3126	1.1920	0.3265	-0.1880	-0.3443	-0.3016	0.2379	-1.6906	-1.3000	-0.1773	0.9362	-0.5313	1.2508	1.7654	0.3912	1.0206	0.3280	-1.0068	-0.5684	1.2861	0.1090	-0.3495	0.6437	-1.3168	0.7539	1.1552	-1.6505	0.2688	-0.6378	-0.6731	0.6232	0.1390	0.0432	-1.2826	-1.4197	-0.2210	-0.2746	1.1750	-1.5517	-0.1082	-0.3469	-1.1603	-1.0472	0.3333	0.1223	0.1512	-1.6823	0.2706
-0.0577	-0.4759	0.5539	0.8822	-0.1377	-1.7408	1.0568	-0.6897	-0.1016	0.1431	-1.5174	0.3523	-0.3290	0.4371	-2.2092	-0.8487	0.2598	0.2477	0.4578	-0.5826	1.4681	1.2180	-1.0236	0.9144	0.4528	-0.0966	-1.5455	-0.5447	1.6510	-0.9892	-0.8055	2.1882	1.5604	-0.9064	-0.6860	0.8020	-1.3143	0.4028	0.2189	0.9012	1.4753	-0.8550	-0.5853	0.9804	-0.9259	1.6561	-0.2497	0.4069	2.1246	0.7569
-0.2743	1.0481	-0.6748	0.6796	-0.9132	-1.1111	-0.1579	0.8634	0.2503	-0.0774	1.3989	1.2477	-0.2534	0.1137	0.7652	1.5558	-0.2203	-0.4075	0.0655	1.2728	0.3425	0.4501	0.7859	-1.0568	-0.2353	-0.6728	-1.0873	0.3791	-0.0811	0.6289	0.0552	-1.2030	-1.8223	-0.0257	0.9065	-0.1652	-2.1674	1.1913	0.4704	-0.6928	-1.3269	0.9322	0.0572	-0.5280	-0.5127	-0.5815	-0.2710	-0.0127	-0.8710	0.2288
0.6138	-0.9388	-0.7391	-0.0436	2.4751	0.0609	-0.3479	0.0905	2.3564	-0.2093	-1.0616	0.7427	-1.3558	0.1541	-0.8355	-0.0368	-0.3974	1.1391	0.1014	-0.4677	-0.5773	-0.1010	0.3211	-2.0776	0.4280	0.9900	-2.1515	1.2928	-1.6897	-0.6183	-0.5545	0.6177	2.8549	-0.6386	0.0546	0.0191	-0.0690	-0.7697	0.7090	-1.4459	0.4275	0.1654	0.6360	-0.4768	0.8834	-0.3623	0.3091	-1.6273	-1.0147	-0.7722
1.6299	-0.1584	1.3180	0.0743	-0.1988	0.1621	0.1983	-0.7664	0.9296	0.1238	0.3350	-0.0944	0.7381	-0.0695	1.1406	-0.3380	0.0193	0.0069	0.3490	-0.7207	0.3103	0.6534	0.1559	-1.6091	0.3793	-0.4750	1.3892	-1.6740	0.5832	-0.9042	0.8190	-0.4602	-0.2930	0.0381	-1.0571	-0.7869	0.1258	0.4585	0.4648	1.6199	-0.3261	0.3560	0.4263	-0.3482	-1.4724	-0.3810	1.8607	1.6917	-1.0400	0.1784
0.0651	1.4151	-1.4594	-0.4040	0.9648	0.7043	0.6170	1.1068	1.6626	0.6085	0.2512	-0.3179	-1.3095	-1.3002	-1.5192	0.3511	0.3502	-0.5440	0.1478	-2.4984	-0.4214	-0.4523	0.7852	0.3209	-0.2081	0.8586	0.0972	0.6322	1.6321	0.9586	0.4281	-0.6708	1.6398	-0.5133	-0.0730	-0.2553	0.0758	0.1353	0.8234	1.7637	0.4906	0.8377	0.9038	-0.8178	0.7008	-0.8966	-0.5051	0.0613	-1.0262	0.0168
0.3032	0.2687	-0.4930	1.1459	-0.2525	-0.1778	0.5617	-0.2338	0.0462	-0.5426	-0.3686	-0.2122	0.5145	-0.7664	0.0411	1.0677	0.1297	0.3579	0.3175	0.0262	0.6941	0.1043	-0.6578	0.5387	-0.2402	1.7295	-1.0573	-0.3182	0.3530	-0.0678	0.4299	0.7372	-0.9051	1.5750	1.1713	-0.9897	0.5833	-0.0142	0.1621	0.1951	0.0773	-2.0416	-1.8544	2.2197	-0.0331	0.6653	-0.9573	1.6552	-0.5123	0.5746
0.7682	-0.1725	-0.0471	0.2910	-1.4484	1.0090	-1.0768	0.5418	0.8121	-0.5690	0.2395	-0.7398	-0.1960	-0.5297	3.0050	1.1902	-0.6954	0.1016	0.0078	-0.2214	0.3533	-0.6375	-0.1310	1.2695	-0.3474	-0.2732	1.8606	-0.0718	1.6717	-0.6979	1.4826	0.8194	1.0919	1.7048	1.2677	1.0608	0.7716	-0.1064	0.4001	1.0576	0.2496	0.6727	-0.0379	-1.6517	0.1666	0.1327	-0.6395	1.3601	-0.5335	0.7899
-1.3643	-2.0583	-2.2545	-1.5618	1.5072	-0.6039	-0.4507	0.5086	-1.9839	-0.1616	0.9074	-0.1930	0.5741	0.7846	0.8089	-1.1690	0.6448	0.2065	0.6691	-0.4465	0.3577	1.9726	-0.2884	0.3051	-0.5569	-0.1063	-1.1917	-0.9243	-1.5325	0.0198	-0.6356	0.6898	1.4609	0.4632	-0.7617	-1.6782	0.2407	-0.1659	1.2612	-0.8140	0.8227	-1.2762	-0.8421	0.1151	1.0155	0.3471	-0.2774	1.5175	-0.6533	0.3493
-1.5407	0.1233	0.0535	1.6254	1.1575	0.3406	-1.2494	-1.2609	0.2865	-0.6425	-0.3255	-0.6309	-0.0556	1.0275	0.6810	-0.0328	-0.2768	1.1767	1.5447	-0.6437	-0.4748	-1.2903	-0.7819	-1.2182	0.3265	0.6930	1.0903	0.6085	-1.1558	1.2201	-0.1076	-0.5531	0.1985	-0.9179	-0.1942	-1.8794	0.0182	0.0207	1.5829	1.3462	1.2050	-1.4646	0.2707	-0.3963	0.6625	-1.8485	-0.9874	2.2976	-1.6211	0.7641
-0.4880	-1.4697	-0.2075	0.1883	0.5545	1.1429	0.0357	-0.8501	-0.6820	0.5077	-0.5217	-1.2822	0.4251	-0.7315	-0.8089	0.4167	-0.5471	-0.5214	-0.2070	-0.8929	-1.3943	-0.4222	-0.3527	-1.8474	-1.0823	0.2724	1.7664	-2.8216	0.6011	0.7056	0.5656	-1.5093	-2.4376	-2.6715	0.2313	-0.2516	1.7681	0.7047	-0.3906	1.3468	0.8346	0.2969	-0.9990	-0.3936	0.0086	-1.9782	0.3562	-1.8495	0.8882	0.8042
0.6484	2.0816	-1.7004	-0.3064	-0.9701	-0.4651	1.0306	-0.5650	-0.2332	1.4413	-0.3652	-0.1068	-1.3892	-1.4787	-1.0061	-1.1250	0.3061	-1.8242	-0.2114	-0.7514	-0.6614	0.9754	-0.8463	-0.4902	-0.6618	1.9615	-0.1255	0.7103	-0.9049	0.9002	0.2956	0.2403	-0.2540	-0.0859	-0.6458	-0.5158	0.2947	-0.0680	-0.1946	-1.1836	2.2709	-0.6576	0.1974	-1.6112	1.3818	0.1519	-0.5214	-0.9713	-2.1817	-0.9548
0.7217	1.0659	-0.3937	0.6109	-1.2069	-0.2947	0.7803	-1.2298	1.9585	-0.1896	0.3281	-0.1769	-0.0985	0.8868	0.5084	1.1900	1.5433	-0.5767	1.3147	0.3383	-0.4161	0.6391	-0.9693	0.3480	0.4798	0.3469	-0.6246	-1.4296	0.6387	0.1498	1.5667	0.2237	0.5161	-1.2655	1.3081	0.5705	1.6678	0.3527	0.7497	0.7108	0.1761	-0.0142	0.0638	0.2795	0.7520	2.3075	0.3580	0.3332	0.3317	1.0287
-2.4287	0.8561	-1.8517	-0.8666	-0.5830	-0.6649	-2.1427	-0.6578	-0.4525	0.3260	-0.5985	0.7718	0.2167	-0.6686	-0.4583	0.7610	0.3139	0.8745	-0.2099	-1.6525	0.8632	1.1283	0.3040	0.9529	0.2943	-0.2718	-1.4743	0.0739	-1.4020	0.5001	-1.0151	0.7109	-0.0724	-1.6372	-2.2017	1.8651	-0.6077	2.0458	0.1496	0.4740	-0.9799	1.0880	0.6324	-0.0267	0.3950	-0.2784	0.4943	-0.4254	0.9482	-0.2573
1.2239	-0.1753	0.7697	1.4905	-0.9446	0.9975	0.1032	-0.4354	0.8027	-0.1365	0.1661	-0.0048	-0.5982	1.2227	-0.9096	1.3569	0.0831	-0.1610	1.7628	-0.5041	-1.6604	1.8505	0.7360	0.4328	0.3332	-0.8190	1.2678	0.2688	-1.4212	0.3178	-0.0955	0.0023	0.3270	1.6866	-0.1314	0.7714	-1.9632	-0.2840	0.1534	0.9016	1.4234	0.6142	-0.1394	1.3696	1.4197	-0.2145	-2.1973	-1.8770	-0.8000	-0.8092
-0.9325	0.2784	-0.8276	-0.5636	0.7702	-0.9742	3.1633	-1.0517	0.4243	-0.7370	-0.2443	-0.9750	-1.1856	-0.3432	0.1411	0.8233	-0.9707	-0.5440	-1.7911	-0.2017	3.1312	-0.4496	1.0557	2.4841	-0.1265	0.8013	-0.5168	0.2491	-0.9217	-0.7234	-0.2959	-0.3045	-0.2578	0.3313	0.0445	-0.9695	-1.1227	0.2205	-0.3597	0.5342	0.3846	1.5499	1.0883	-1.0298	-0.9888	0.6016	-0.4290	-0.0156	-0.4831	-0.5137
-2.1700	1.3637	0.4080	-0.3710	0.4061	-0.5427	-1.0976	-0.8534	1.6835	-0.5399	-0.8690	1.4989	0.8037	1.0175	0.5520	0.1317	0.2314	-1.5100	1.0253	0.9843	-0.2442	-0.2161	-0.4049	-1.4409	-0.0312	1.0216	0.0753	0.8765	0.2352	2.3951	0.3986	-2.2319	0.0991	-0.3589	0.4332	0.2643	1.8490	-0.2528	-0.6003	-1.6084	-1.1219	-1.5456	-3.0088	-1.9028	-0.8234	0.2716	2.0401	0.6619	0.0276	2.1173
1.0712	-0.3510	1.3762	0.5746	-0.0514	-0.0238	0.1531	0.1368	-1.4973	1.6933	0.1018	-0.1653	-2.7715	-0.8482	0.0148	1.4846	1.9865	0.0123	-0.0849	-0.0675	-0.8058	-1.2513	-0.1909	-0.8008	0.4948	0.5875	-0.9514	0.8477	0.7480	-0.5378	0.0189	-0.0405	-1.2780	0.6666	1.2793	0.1292	-0.3565	0.7966	-1.1097	0.8651	2.8821	2.1178	1.3611	0.0625	0.3551	1.0247	-1.2900	-0.7163	0.3545	-0.7500
-0.3613	-0.9426	-1.7063	-0.0462	1.2399	-0.0656	1.0691	-0.0619	-0.1654	2.4286	2.1740	0.5490	-0.0395	1.7492	0.1385	-0.0923	-0.2866	-0.0366	-1.5323	-0.4628	-0.7160	-0.9167	0.9327	-0.6436	-0.5025	-1.1442	-0.3808	-0.7169	-0.4868	0.4286	0.6447	-1.0835	0.1004	-0.2611	-0.3990	0.8388	0.6156	-0.1129	-1.0000	0.9842	0.0706	-0.3145	0.3474	1.5409	0.3958	1.7765	1.2855	-0.4119	1.4993	-1.2670
-0.8065	-1.3873	-0.9540	-1.1686	0.6666	-0.4421	1.2632	-1.9052	-0.2400	-1.0907	-0.3885	-0.1065	0.2254	0.7998	-0.2684	1.8405	0.9477	-1.1539	0.3993	-1.5779	0.0565	0.5018	0.8257	1.0250	-0.9851	-0.0825	-0.0146	0.7801	-1.8499	-1.8507	-1.1082	1.0340	0.4228	-1.0176	0.6352	-0.7891	-0.4546	0.3829	0.3592	0.9332	-0.5561	0.6182	-0.0352	0.2570	-1.6569	0.5081	-0.1133	0.3856	-0.7466	0.4907
-0.2019	-0.4895	-0.1315	0.5284	-1.7773	-0.5032	-0.3586	0.1733	-0.5137	0.8936	-0.5401	-1.0197	2.0727	-3.1242	0.2230	-0.3773	-0.9295	-0.4210	-0.1043	0.3895	-1.3206	2.1832	-0.0264	0.3073	-1.3225	-1.2463	1.2846	-0.7484	-1.4185	1.7893	-2.4772	0.3193	0.9985	-0.3681	-1.5674	2.1385	0.0328	0.9951	0.2925	-0.0592	1.2019	-1.2326	-0.4003	-1.4378	-0.1672	0.4207	-0.1719	-1.2305	0.5026	-1.4948
1.3667	-0.7911	0.3822	-0.4491	0.8047	1.8137	0.4921	-1.0946	0.4630	-0.7719	-2.6297	2.2220	-0.3328	-1.1309	-0.3043	-0.5640	-0.4751	-0.7198	0.0585	1.3288	1.0887	-0.4359	0.1051	-0.3651	-1.7240	-1.2068	1.3738	0.6856	0.2084	0.8737	0.1097	-0.5822	-0.7899	0.4633	-0.7970	0.2033	-0.7606	-0.5388	1.9708	0.4058	-0.2989	1.9322	0.1921	-1.0212	0.8615	-0.6187	-1.1010	-0.7515	-0.1252	0.0750
0.3777	0.5535	-1.4510	-0.1882	-0.1402	0.3067	-1.2739	1.1219	0.7607	-1.4107	-0.2607	-1.1294	0.7298	0.6455	-0.6099	-0.5330	0.1842	-0.5400	-2.3854	-0.4893	0.3310	-1.1553	0.0157	0.4304	0.5523	-0.8076	0.4340	-0.2513	-0.3569	1.1518	-0.2897	0.1711	0.5303	0.5892	0.5998	-1.2712	0.9386	1.1411	0.1177	-1.0947	0.5589	-0.4883	-0.4947	0.7695	-0.4458	-1.9403	1.3100	-1.0786	-0.6575	-0.4373
0.6699	-0.9971	-0.3698	-1.1812	0.2725	-0.3783	-0.5264	0.8001	-1.2161	-1.3812	-0.0288	0.8986	0.5186	-0.2013	-1.1718	0.2858	-0.7599	-1.8112	0.7916	1.2159	-1.3470	-0.6022	-0.4953	-0.4660	1.3588	1.8811	1.5138	-1.8597	0.2966	0.9628	-0.7072	-0.8909	1.8761	0.3863	-0.0797	0.7609	0.6476	-0.5140	-0.7593	0.5620	-0.5805	0.5751	-0.3886	-0.2892	0.4279	-0.4712	-0.7384	-0.9883	-0.5766	0.3237
-0.4733	0.0835	0.9065	0.4069	0.6937	-1.5192	0.8873	0.7445	-0.5373	-1.2145	-0.9374	-0.9418	0.3118	0.7921	-0.3039	2.1822	-0.1226	0.3671	0.3170	-0.4729	1.5235	0.4172	-0.1997	-0.3359	1.1060	-1.5097	-0.0970	-1.9724	0.2791	1.0557	-0.8201	0.3307	-0.0412	0.6331	-0.9460	-0.3943	1.0443	-0.1834	-1.3666	-1.3870	1.3224	-0.8044	0.6320	-0.3413	0.6927	-0.5160	-1.0371	0.9554	-0.9126	0.2881
-0.0501	0.4398	0.4825	0.1576	0.0935	-0.3285	1.6987	1.0406	0.0057	-2.2032	-0.5881	0.2728	-0.1718	0.7525	0.8009	0.2671	2.4367	-1.1238	-0.2134	0.9825	1.1086	-0.5910	-0.2027	-0.5454	-0.3970	0.3202	1.5107	0.1969	-0.1285	-1.1336	0.3937	0.7029	1.2939	1.4110	-0.6234	-0.1862	-0.7220	-0.9676	-0.7540	-0.5592	1.1555	-0.1311	-1.5124	1.0080	0.1496	0.6850	1.3905	1.2696	0.5414	0.4386
-0.4006	-1.3868	-1.0265	2.0816	-1.9957	1.1424	1.0551	-0.0710	-0.1201	-0.9231	0.9783	-1.2159	-0.7001	0.2988	-0.6474	0.1381	0.7371	-0.8415	2.7151	-0.1068	1.2521	0.7849	1.1751	1.8140	0.6743	1.3320	-0.7407	-0.1886	1.9671	0.6860	0.4649	0.1405	-1.9871	0.8411	0.3274	0.3210	-1.7124	1.4892	-1.2359	0.8883	-0.2648	-0.9396	0.5806	-0.2925	1.2750	1.0139	0.6648	0.5233	-0.8235	-0.3441
0.2911	-0.8709	0.3432	0.9955	0.0976	2.5322	0.2537	-1.7757	-1.6883	0.1148	0.5837	0.0310	-1.2481	-0.1380	-0.2686	1.5616	-0.5138	-0.0500	0.1860	-1.0280	0.1958	-0.2303	1.1787	0.9603	-1.7924	2.1145	-0.6051	0.2842	-0.3271	-1.1889	-0.8232	-1.3660	0.0199	0.5860	0.5822	1.2647	0.0111	0.4994	-1.2894	-0.3291	2.0995	-0.8987	-0.7055	0.2824	-1.4717	-0.6917	-0.5755	-1.7457	0.1177	0.5553
1.3264	-0.1906	0.6985	-2.3066	1.3037	-0.9414	0.5561	-0.7578	0.3169	-0.6201	0.0099	0.5773	-0.4198	-0.1197	0.7031	0.6162	1.3111	0.0899	0.0204	2.6102	1.5279	1.3090	0.6206	-0.7518	-0.2968	0.2460	0.8986	-0.0648	-0.3261	0.2481	1.5929	-0.0229	-0.1169	-0.3594	-1.0103	0.8284	-0.6032	0.7571	0.2045	0.4051	0.1167	0.1291	-0.1290	-0.4216	-1.2252	-0.4390	-1.4607	-1.1152	1.5512	1.0162
-1.3014	-1.7410	-0.5683	0.0307	-1.0139	0.2915	1.6536	0.1778	0.3460	0.6189	-1.9076	0.4854	-1.0112	-1.2169	0.5183	-0.4156	-0.9853	-1.0733	1.4010	0.3997	0.3233	-1.5411	-0.5785	0.7562	-0.4266	-0.7211	-1.0811	-1.0912	0.6758	0.4583	-0.9008	0.0227	-0.8464	0.2351	-0.5909	0.1885	-0.5421	0.2743	-2.6147	1.2307	0.3284	1.9266	0.0599	0.6239	-1.0928	-2.1109	-1.7856	-1.4249	0.2690	0.5592
-0.5767	-0.4144	0.5924	-1.2000	-0.6582	0.2244	0.1259	-0.7506	-0.5943	0.7490	-0.2923	0.0114	-1.8610	-1.4291	-0.1162	-0.0671	-0.5536	-1.6967	-0.5429	-1.4014	-0.5293	-1.0225	0.9131	-1.1963	-1.0043	-0.8451	-1.1542	-1.0188	-2.2920	-0.8292	0.7863	-0.7571	0.3792	-1.5927	-1.1618	-0.0704	0.0022	-0.3736	-0.9899	-1.1331	1.5962	0.5762	-0.0674	-0.5870	-2.8112	1.6599	0.3942	1.0782	-1.0639	0.5933
1.2462	-0.0526	0.9607	-0.6918	-0.4697	-1.7014	0.5606	0.3838	-0.1137	1.0254	0.5309	0.9863	0.5867	-0.9587	0.0200	2.2934	-0.0743	-0.0699	-1.6194	-2.0023	-0.0905	-1.1891	-0.1101	0.7800	-0.4277	0.6257	0.3899	-0.7070	-0.6821	-0.8142	-0.3656	-1.3256	-0.8560	-1.4790	1.1555	-0.7888	1.0786	0.3672	0.4305	0.3420	1.8942	0.6488	-0.4669	-0.5556	-0.2921	-2.4257	-0.0902	1.9074	1.1330	-0.6187
0.6623	1.4365	1.0592	0.4446	-1.8981	-0.2537	0.6393	-0.5642	-0.5787	-1.6424	0.1809	-0.4447	-1.5683	-0.9903	1.1729	-0.7559	0.2439	1.5538	-0.8514	-0.4852	1.6895	-0.2951	1.4490	0.1302	-0.7532	0.1385	-0.4362	1.3027	-0.0531	0.6057	1.9924	-1.2710	-0.7356	-0.6021	-2.5873	-0.4695	0.8919	0.1506	-0.0778	-1.7910	0.6663	2.3575	-0.9608	0.0791	1.7007	0.1557	1.5841	-0.7195	-0.8369	-0.0623
-0.3412	-0.5882	1.1591	1.0489	-0.3583	0.8905	0.0024	1.4660	-0.7381	0.5965	0.1697	-0.4079	-0.2420	0.3525	2.6768	0.9969	2.2539	-0.0541	-1.7882	-0.7572	1.0819	0.8934	-0.3104	0.8786	0.6639	-0.2573	1.4162	-0.0511	0.0449	-0.4350	-0.3835	0.2470	-1.3745	0.3761	-0.0345	-0.9617	1.0179	1.0805	-1.2303	-1.0749	-0.6420	0.0025	-1.2206	-0.5109	1.4998	-0.6039	-1.6272	0.9323	-0.6631	-0.5563
-0.5363	0.1622	0.7280	0.3853	0.5689	-2.0752	0.8341	0.2778	0.1570	-0.2780	0.9137	0.4450	-0.8484	-0.5511	-0.7938	-0.4162	0.5978	-1.1989	-2.1624	0.5579	0.0161	-0.8128	0.2728	-1.1054	0.7996	-1.6817	0.1073	-2.2436	1.4945	-0.1920	-0.7202	-0.2440	1.1984	1.0084	-0.5850	0.5308	1.4523	-0.7531	-1.0657	-0.6698	0.7643	0.1784	-2.4132	-0.5000	-1.0792	0.5975	-0.1839	0.5417	0.4702	0.6066
0.6612	1.4887	-0.2301	-0.4737	-1.3247	-0.6697	-0.8048	-1.2462	-0.6468	1.0097	1.2234	0.3539	-0.8021	0.4965	0.3295	-1.3687	0.2322	-1.2317	0.1296	-0.4082	-1.2387	-0.2497	-0.9769	0.7650	1.3521	-0.2221	1.2205	-0.0519	-0.7722	-1.6084	0.1011	1.7327	0.3179	-0.9529	1.2180	-1.8134	-0.0467	0.3681	-0.3175	0.6334	-0.1596	0.1287	0.8473	0.9860	0.7417	1.1541	-2.1633	-0.6498	1.7213	-1.1385
1.4252	-1.7224	-1.8071	0.1529	0.2584	-1.4314	1.7399	0.2635	0.3026	-1.2726	-0.1475	2.0981	-0.1759	-1.7663	0.5008	-0.5980	-0.5182	0.5203	-0.0304	-1.0328	0.0605	-0.5702	0.5777	0.7454	0.8130	-0.3208	0.5111	-0.5863	-0.4129	1.6329	-0.7762	-1.4529	0.1386	0.2416	-1.4146	-0.6192	1.3296	0.5549	-0.8504	-0.5565	1.2595	0.3107	1.2281	-0.8776	0.3254	0.1558	-0.2945	-2.0600	0.7926	0.5228
-0.6594	0.2803	-0.9712	-1.3094	-0.3257	-0.6246	-1.3747	1.5513	-0.5603	-0.6542	0.7100	-0.3542	0.8072	-0.6596	0.4698	0.9325	0.5053	1.9087	-0.0357	1.1831	-0.2007	0.6045	-0.2144	1.3207	-0.2335	1.3488	0.3564	0.2790	0.2166	0.9834	-0.4825	-1.6190	-1.0470	0.1231	-1.3023	-0.3798	-1.7276	1.1079	-0.2235	0.8615	-0.0131	-0.4025	-0.7762	-0.7212	-1.4950	0.0602	0.4894	0.8753	-1.8287	-0.2550
0.6980	0.0476	-1.0228	0.5637	-0.4565	2.1183	-1.2753	-1.5329	0.1108	0.8828	0.6455	-1.0347	1.8304	-1.3156	-1.0319	1.4993	-0.9634	-0.6465	1.9620	0.3588	-0.4456	-1.1614	0.9002	-0.0201	0.9333	0.6859	1.0975	0.4317	-1.5573	0.2987	-0.0363	-0.9078	-0.5401	1.2460	0.4040	-0.4837	0.2901	0.5333	-1.0950	0.8044	1.1993	0.2081	-0.0515	0.1632	-0.4594	0.4949	-0.4807	0.3736	-0.6698	0.1394
0.3524	0.5590	0.2183	0.3876	0.1765	0.5894	0.1485	-0.3851	1.4954	-0.4584	-0.1742	0.1152	-0.9292	1.0702	1.0727	-0.6155	0.9793	-0.2521	-0.0081	0.2129	0.3764	-0.1528	1.7080	0.8817	1.7413	1.2053	-0.3480	-0.9694	-0.3381	-0.8161	-0.8028	1.7595	-1.7159	-0.3561	-0.1045	-2.1274	0.4485	0.0594	-1.2769	0.7700	-0.5199	-0.5278	-0.1384	-0.2449	1.3172	1.0287	0.7437	-0.8937	0.4372	-0.2918
-0.1887	0.9372	-0.0894	0.1292	1.0631	1.5315	1.1042	-0.3611	-1.8314	-0.6773	-0.9429	-1.7013	-0.7642	-1.5590	-0.2327	1.0923	-0.1950	-0.5153	0.8960	0.5795	0.0391	0.8101	-1.0250	0.0133	-0.1651	0.5423	0.7784	-1.4385	-0.0971	0.8782	-0.9155	0.5365	-2.2812	0.9563	-1.8965	-1.0498	0.8721	0.0136	-0.1379	-0.4310	-0.2292	0.1233	0.1087	1.0464	0.4872	-0.8937	1.2047	-0.3956	-0.6796	0.5605
1.5976	-0.9649	-0.9287	-1.1268	0.6871	-0.8080	-0.7256	-0.7221	-0.3752	0.4081	-1.4169	0.1067	0.4051	-1.1123	-0.0582	-0.5598	2.3093	0.9967	-0.2418	2.5273	0.1764	-0.6428	1.1326	-0.5839	0.6689	0.8183	-0.8476	0.0125	0.1640	0.5259	0.4484	-0.8482	-0.4185	0.0315	0.4783	-0.1709	-1.6134	0.0068	0.1079	-0.4729	-0.1872	-0.7883	-0.2809	0.6462	0.4320	-0.7183	0.2826	-0.3278	0.7671	0.7741
1.4071	0.0662	-0.7208	-1.0239	-0.2096	-0.6444	0.9201	-0.6043	1.0883	-0.7133	-2.2723	0.0322	0.5979	0.7135	-0.0692	-0.2209	-0.5776	0.1103	0.5168	-0.1762	-0.7167	0.3739	0.8755	0.1377	0.2131	-1.0725	-1.0873	-0.1215	-0.6587	-0.9548	1.1684	-0.7717	-0.1783	0.3996	0.5939	-1.0925	-0.1873	1.1905	-1.1443	0.3913	-0.0870	0.5704	2.4131	0.0140	0.6797	-0.8276	-0.2941	-0.2907	-0.2116	0.6445
-0.3879	-0.1301	-1.0750	-0.5239	-0.1105	0.1631	-0.8970	-0.8137	0.6624	1.0251	0.0506	-0.2469	-0.2247	-1.1667	0.3600	1.2497	-0.4726	-0.6903	-1.5082	0.7200	-0.8192	0.2286	-0.3608	0.5449	0.8478	0.9701	-0.8580	1.2536	0.0472	0.8132	0.4922	1.0396	-0.5295	0.9850	0.6287	0.7349	0.1559	-1.9449	0.5910	0.5692	-0.6003	0.6493	0.6493	-1.4065	1.2878	0.0872	0.8020	0.4212	-1.0231	-1.5040
-0.5668	1.2985	1.6860	-0.3196	-1.8604	-0.1886	-1.2558	1.2753	-0.8503	-0.7243	0.0696	0.0968	-0.3514	1.2085	0.0467	0.1494	-1.6550	0.4782	2.1728	0.3869	-0.9779	-0.0685	-1.0980	-0.2933	-0.6540	2.3076	0.1984	0.5729	-0.3167	-0.4209	-0.1837	2.3325	0.2684	0.0530	-0.4018	-0.2910	-2.0262	0.9411	1.1204	0.7547	-1.1567	-1.1087	0.8814	-0.4531	-0.6330	-0.1695	-1.6599	0.6418	-0.6876	-0.4235
-0.7823	-1.5695	-1.0085	-2.2374	-0.5860	-0.8046	-0.0115	0.5422	-1.5358	1.3616	0.3139	1.5054	-0.3554	0.2484	-0.7768	-0.0604	0.4010	1.4715	-0.0736	-1.4780	-1.3538	0.4679	0.9031	-0.7289	-1.7895	-2.8696	-0.5609	-0.1753	-1.2331	-0.6172	0.4831	1.2773	-0.3453	-1.2384	-0.1845	-0.6396	1.3317	0.5087	0.3001	-0.4081	-0.6733	-0.0970	0.1231	1.5320	0.6906	-2.7808	0.0025	1.8612	0.7899	-1.0977
-1.5841	-1.3041	1.2117	-0.0820	-0.1066	0.2783	-0.0732	-1.5797	1.0388	0.4914	0.0035	0.7804	-2.3379	2.1744	-0.8303	1.5597	-0.5536	0.6694	-0.4916	1.3589	-0.5634	0.8242	-0.3617	1.4009	0.3944	-1.7442	0.8053	-1.7075	-1.0646	-0.0891	-1.0008	0.4585	-2.0044	-0.2226	0.7322	0.2553	2.0800	1.5412	-0.1577	0.1502	-0.4853	0.6809	1.0019	-0.3060	0.3996	-0.0980	2.5100	0.0251	0.1608	-0.7420
1.4966	1.5161	0.0061	-0.5534	1.1861	-0.0914	-0.8599	-0.5062	-0.5979	-0.6398	0.8638	0.8604	-1.2363	-1.3776	-0.8005	-1.4304	-0.1541	-1.2923	0.2372	-0.8536	0.7622	0.3654	0.7088	0.1545	0.3035	-0.3335	0.1334	0.1284	0.4914	1.3909	1.1736	-0.2816	0.2211	-0.3947	-0.4562	-1.8621	-0.9594	0.8784	-0.2339	1.0005	-1.7502	-1.5336	0.5548	-0.6581	-0.5486	-0.4015	-0.5545	0.6836	1.5076	0.3284
-0.1113	1.1182	-0.7322	0.8285	-0.8027	0.2864	0.5558	0.1091	-0.0270	-0.1128	-1.0827	1.2776	1.2883	0.4765	-1.2880	0.5418	-1.7440	-0.5712	-1.1784	-0.4870	1.3300	0.7950	-0.6051	0.3731	-0.5271	-2.4905	0.3351	0.5168	-0.9452	-0.2598	-0.2986	0.1375	-0.0363	0.1078	1.3242	1.7594	0.2018	-0.7722	1.0887	2.0196	0.9736	-0.2862	0.4059	-1.3558	0.7517	-0.2155	0.7196	-0.5124	0.4271	0.3068
1.8411	0.6572	-0.6790	-0.5136	-1.5506	-0.7919	0.1508	0.2620	0.2096	-0.9960	-0.5016	0.1729	0.8166	1.3905	-0.5384	-0.3172	0.3936	1.3749	0.0128	-0.5221	-1.3321	1.3231	1.3656	0.6659	-1.6732	-0.4571	0.1538	1.2161	-0.2700	0.3352	1.4675	1.7132	1.6792	0.7411	0.5640	-0.4068	0.2299	-0.5823	0.4361	-0.5588	1.5834	-0.8234	-1.8214	0.8900	1.2586	0.9467	-0.0108	2.3561	-1.0706	0.6825
-0.2640	-0.5237	-1.2334	-1.2018	0.0049	-0.0287	1.9128	-0.0556	-3.7137	0.2145	-0.9503	0.0201	-0.1329	-1.8648	0.9319	0.1380	0.2895	-1.1507	-1.0017	0.5846	-1.4012	-0.3453	0.9175	0.5311	-1.7352	-2.6528	1.0597	0.8005	-0.1327	0.9197	0.8697	-1.0553	0.4393	-1.3131	0.4242	0.7460	-0.6537	-0.3169	-1.5526	1.3347	0.9765	-0.9859	0.7190	-1.7291	-0.5727	0.0665	0.9918	0.3083	0.7792	-1.2541
-0.0424	-0.0234	0.0405	-1.3296	-1.2422	-0.1304	-0.0148	1.0360	-1.2422	2.2416	0.1229	0.6912	0.6081	-0.3857	-1.4438	-0.5428	0.9549	0.4620	-0.3647	-0.0561	-0.5695	-1.3087	-0.1799	0.6645	1.0378	0.4475	0.5786	1.5533	0.8491	0.0736	1.0363	-0.2889	0.9084	-0.8264	0.4019	0.8085	0.2996	-0.0609	1.2163	0.8004	0.3033	-1.0205	-0.8280	2.4299	0.0302	-0.8980	0.0152	-0.0864	1.0988	-0.4718
-0.1643	-0.5023	-0.7596	-0.0813	-0.1905	0.1978	-1.6933	1.0097	0.3217	-1.6541	0.0382	-0.7686	-0.6526	0.1134	-0.0527	-0.4993	-0.1092	-0.2053	0.3514	0.2967	-0.0831	0.3392	-1.0870	-2.1837	1.3756	-0.0870	-1.1275	-0.0823	-0.8006	-0.9967	1.2409	1.4547	0.3159	-0.2071	0.1129	-2.2378	0.1398	-0.5217	0.6882	0.5208	0.5322	-0.3939	-1.3981	-1.8404	-0.4920	0.7450	0.5235	1.4977	0.3358	0.0198
-1.5627	1.2435	-0.9034	-0.9856	-1.3621	0.1981	0.2341	-2.1620	-1.1791	-1.7670	-1.3782	0.0596	-1.9620	-0.3657	1.6948	-0.1420	-1.7640	0.3490	1.1844	-2.6685	1.7819	-1.2501	0.3339	-0.5679	0.4372	1.5677	0.4927	1.0344	-0.3079	0.0399	1.4601	0.9707	0.8706	0.0845	-0.0967	0.8954	0.3522	0.4970	-2.0922	-0.0472	0.3705	-1.4325	-0.0140	0.0981	0.1013	1.1807	1.3867	-1.8707	-0.9824	-0.2756
-0.6460	-0.2751	-0.0176	1.4755	-0.6817	-0.2609	-0.1043	-0.4804	-0.3799	0.5692	-0.3256	-1.3178	-1.4789	0.3464	-0.4089	-0.2350	0.1237	-0.7165	-0.5018	-2.6780	-0.3753	0.8129	-0.1127	-0.8977	-0.9746	-0.9595	-1.4432	0.9653	1.3916	-1.5295	0.8424	1.2463	-1.8657	1.3506	0.1308	-0.3881	-1.4585	2.1797	0.6707	-1.1526	-0.0445	0.3661	-0.3891	0.6795	-0.6654	1.2041	1.0249	-0.4890	0.4034	0.8059
0.0602	0.8832	-1.1159	1.1061	-0.0171	-0.6970	-0.1443	-0.1859	-0.4757	-1.2753	-0.4265	-0.5010	-0.3904	0.6002	0.7633	-1.8085	0.7351	0.6145	0.9905	0.1116	1.4305	-0.1206	2.7984	1.4771	0.4559	-0.5534	0.3893	0.4134	-1.3003	-0.1245	0.4481	-1.5341	-0.6957	-1.3957	-0.3834	-0.9853	1.1616	-0.7394	-0.6975	0.8278	0.0726	0.8267	0.3724	-1.0866	-0.1484	1.3618	-1.6376	0.4071	-0.3058	-0.6437
0.0924	0.7317	-0.7070	0.0131	-0.5458	-1.8636	0.9748	0.5667	0.6523	0.1692	0.9827	1.4137	0.1889	-1.0555	0.0169	-0.1889	0.3547	-1.3398	1.6287	-1.1494	-1.6110	0.5831	-0.6122	-0.4274	0.7721	0.9003	-0.9226	-1.1011	0.0020	1.3422	-0.4154	-0.2849	-0.9687	1.2991	1.0507	-1.3150	-0.5298	-0.7809	0.8741	-0.3305	2.1647	-0.2221	0.9053	0.2009	-0.5900	0.3549	1.8632	-0.4923	0.3274	0.6112
0.1855	-1.6170	-0.3146	-0.9506	-0.4951	-1.9306	0.2550	-0.9285	-0.0128	0.6657	1.6965	0.6528	0.5842	-0.3863	-0.0075	1.9975	0.1797	-1.5000	0.0486	1.4274	-0.4906	-2.1915	-0.3514	-0.4860	-0.5331	0.8880	-0.4813	0.6719	-0.9870	-0.2984	1.6432	-0.2955	0.2675	0.1068	-0.3533	0.6770	-0.1076	0.2248	1.0369	1.4868	-0.8532	0.3327	-0.2984	1.4329	0.9828	0.9855	-0.0333	0.1699	-0.5812	1.5780
0.3671	-1.1081	-0.0757	0.7565	-1.8008	1.1586	-1.1461	1.3611	-0.1701	-0.6893	-0.5496	-0.3533	-0.0736	0.0010	-1.7272	-0.2216	1.0313	0.8347	1.6174	-0.0513	1.0528	-0.5953	2.4955	0.5357	-0.4086	-0.5330	-0.1526	0.8529	-1.1451	-1.8398	0.2181	0.0754	-0.9885	0.0657	-1.8338	1.9622	0.0554	-0.7982	0.8520	-0.8408	0.2031	0.5304	-1.8873	-0.9178	0.7140	0.5583	0.3248	-0.0360	0.1012	0.3898
-0.3290	-0.3860	0.7692	1.9873	-0.0944	2.0026	-0.2606	-1.0418	-0.8264	0.0542	0.6734	-1.6545	-1.7945	0.0095	0.7935	-0.9003	1.5879	1.0957	0.3136	-0.7043	-1.5199	-0.4119	-0.4369	0.8727	-0.2980	0.6726	0.5433	-1.0094	0.9275	-0.2152	0.3889	0.7930	0.0158	0.1156	0.5263	-0.0791	2.1126	0.8000	-0.5832	0.9617	0.2505	-0.4706	-0.2610	1.3529	-0.1135	-1.3298	1.7340	-0.3233	-0.8306	2.2918
-1.9382	-1.7093	1.2603	0.0162	-1.6384	-0.1329	-0.8873	1.5641	1.5846	-0.2963	0.7499	-0.0709	0.0961	1.1672	-0.7638	-1.6161	-0.1052	1.4760	0.9178	-1.9112	0.2947	0.3026	-0.3788	0.0643	-0.3225	-1.3971	-0.8984	-1.1251	0.2799	-1.7570	0.7342	0.1962	-0.6271	0.8607	0.6244	1.3639	-1.3305	1.0810	0.1725	-0.7949	-1.0703	-0.1323	-0.7664	0.5786	0.1698	1.5658	1.3683	1.4757	-1.5663	-0.3547
-2.0947	-0.5120	-0.6198	0.2857	1.7589	0.8399	0.1751	-0.6781	0.1719	-1.0612	-0.0232	-0.4593	-0.3495	-0.1514	0.1092	0.5105	-0.9632	0.9869	0.9568	-1.9188	-1.5120	-1.1758	1.6331	-0.4196	-0.5450	0.9021	1.7166	1.6188	1.1680	-0.3179	-0.5884	2.7128	-0.1251	0.5345	1.0687	-0.4010	-1.8768	0.2364	1.1778	0.1450	0.9568	-0.3208	-1.9818	0.7043	3.2297	2.3208	1.7595	-0.4124	-0.0135	-0.4255
-0.0478	0.3226	-0.5699	0.1990	-1.3107	-0.7424	-2.0495	-0.8516	1.0849	-2.4095	-1.0805	0.8066	0.3626	-0.8837	1.2238	-0.6861	0.7614	0.2019	0.5910	1.2223	-0.4086	0.0825	0.2244	-0.5911	-1.1979	-0.9311	1.1723	-1.3253	-1.2510	-0.1442	2.5272	0.6928	0.7077	-1.0297	-0.8619	-0.6888	-0.8175	-0.2795	0.4028	-0.4610	-0.9288	-0.8449	0.0243	0.3294	-1.6410	1.2663	1.0010	-0.2383	0.8565	-0.8904
-0.1434	-0.6228	0.1505	-0.4558	-1.1959	0.1207	-0.1403	0.5977	-0.7882	-0.1757	0.4897	-0.2228	-0.2500	0.0232	-0.6680	-0.1570	1.1589	0.6551	-2.6516	0.0298	1.0365	-0.6716	-0.8704	-1.0723	0.3212	0.2097	-0.7494	-0.3834	-0.4528	0.0926	-0.5588	-0.5270	0.8981	-1.8587	-0.2994	0.7264	-1.4944	-0.4589	-0.8484	0.3961	-0.0281	-0.2233	-1.3841	0.3081	0.4272	0.3655	1.5722	0.3507	0.9669	2.4664
0.3694	0.1306	-0.2771	0.6529	-0.9657	-1.5533	1.3987	-0.0695	-0.4006	-0.6526	1.2069	-1.1224	-0.1320	-0.8170	-0.9833	1.0990	1.2970	-0.5267	0.3503	-1.0028	1.8771	-0.0373	-0.2613	-0.7811	0.0421	1.5752	-0.8139	0.8605	-0.7446	0.4402	-0.3243	-1.4534	0.2875	-0.4495	-1.7182	0.1678	-0.0901	0.2685	-0.2171	-0.2433	-0.2274	-1.0626	1.5553	-0.2448	-0.3731	0.6724	-0.2456	-0.0638	-0.4788	0.5015
-1.4702	3.3367	0.1999	-1.5011	1.4893	0.8331	1.1463	1.7314	-2.7196	1.6364	1.0464	0.3965	-0.5164	1.1235	1.1864	0.6896	0.2206	0.2458	0.6145	-0.7848	-0.2148	2.0204	-0.7677	-1.1286	0.8365	0.1198	-1.3040	0.1057	1.0356	1.4802	-1.5360	-0.3361	-0.4714	-0.5262	-2.3820	1.0082	-1.5961	-1.3926	1.1506	-0.5685	-2.6062	-0.8706	-1.0596	0.4981	0.6889	2.3074	-0.7414	0.1553	-0.7739	-1.1125
-0.3066	-0.8433	0.7704	-1.7905	2.2647	-0.8114	-0.0191	1.7236	0.1890	1.2430	-0.1526	2.0099	0.0710	-0.7952	-0.4676	-1.5926	1.3613	1.0076	-1.7622	0.5587	0.9992	-1.9373	1.1156	-0.1708	-0.2950	-0.7002	1.5248	-0.7270	-0.5253	0.3130	-1.5200	0.7789	1.5739	-2.1129	-0.2321	-1.4782	-1.3362	-1.0523	1.5193	-0.3676	0.8173	-1.4862	-0.9633	0.3957	0.3774	0.5261	0.4167	-0.5108	-0.3601	-0.3632
-0.3437	-1.6628	1.1610	-1.0670	0.3347	-1.8812	1.6017	0.1514	-0.3481	-0.2594	-0.1207	-0.6957	-0.9506	1.9247	1.5945	0.1460	-1.1518	-0.2827	1.1442	0.1436	1.5079	0.7769	-0.2341	0.5508	0.1289	-0.5559	-0.0952	-1.3661	-1.0474	0.0197	0.0662	0.0509	-1.0576	-0.8292	1.4273	-0.9710	0.0483	0.2209	-0.8608	0.2238	-0.3912	0.9089	-0.6769	0.9195	-0.9155	-0.8924	-0.1338	-1.5390	-0.4070	-1.7778
-0.2814	-0.6073	0.0254	0.6259	-0.2358	1.1317	0.9362	-0.1530	-1.9985	0.6443	-0.8917	1.1612	0.4588	0.8372	0.0329	0.7266	0.0211	0.0172	-0.6554	0.8472	-1.4329	-0.5790	-1.6097	0.4323	1.1720	0.5825	0.2325	1.2730	0.2332	-1.1270	0.6597	0.4324	-1.2609	0.7941	-0.0629	2.0183	-1.0075	-0.3824	0.1474	-0.0941	0.0560	-0.7096	-0.4340	-2.3900	2.2140	1.3365	-0.0958	-0.7506	-0.7382	-0.6620
-1.0011	0.3016	-0.7441	0.0753	-0.7340	-0.8924	0.8608	-0.0761	-0.4474	-0.8584	-0.9326	1.0190	-0.4828	1.4699	-1.0554	0.0331	1.2660	1.5261	0.2523	-0.7018	0.5671	2.3781	0.2864	-0.0575	0.9490	0.2487	0.5271	2.8312	-0.4524	-1.9615	-0.6688	1.5400	-0.8441	1.4079	0.2671	2.1772	-2.6425	-2.4714	0.8023	-0.6005	0.2575	0.5019	-1.3146	-1.6718	-0.0522	0.7794	0.7766	-0.2196	-0.1997	0.5037
-0.3524	0.2122	-0.4988	0.4619	-0.8518	-0.2486	-0.1829	0.3882	-0.9223	-0.0389	0.9886	-0.0326	-0.1933	-0.5388	-1.6116	-1.9411	1.6546	0.9589	1.4073	0.2403	-0.0062	0.5118	-0.2514	0.6697	1.7407	0.2942	0.0878	2.6130	-1.3497	-0.9105	-0.1733	-0.2612	0.4143	1.0663	-0.0911	-0.9845	2.4164	-1.9395	-0.2657	1.7553	-0.8487	-0.6502	2.8700	2.1391	-1.1334	1.5712	0.6202	1.9518	0.9649	-0.2360
-0.4346	0.8793	0.3280	0.5964	-0.2669	-0.9502	0.0319	0.4562	-0.8913	0.9079	-1.1371	0.5033	1.9889	1.8349	0.6659	1.1333	-0.1960	1.9392	-1.5561	-0.7600	1.0035	0.0139	-0.0406	0.2731	3.5879	-0.6834	1.2733	-1.1818	-0.2480	1.1184	0.8957	-0.6104	2.0622	0.9170	-1.2043	2.1521	0.3330	0.1246	-0.4411	-0.8195	-0.3041	-1.9131	-0.7089	0.4261	0.0920	1.0947	-0.0771	-0.9337	0.3383	1.0107
-0.3674	-1.1228	-0.6803	0.9814	0.2089	0.3327	0.5034	1.7601	-0.8774	0.8274	-1.5326	2.0223	0.6925	-0.2164	0.3461	0.1508	0.1616	0.5961	0.9698	-1.0983	-0.4013	-3.3780	0.7323	0.1426	-1.4743	-0.3563	0.2077	-0.6778	0.5431	0.9426	-3.2846	0.8115	-0.3310	-0.9663	-1.3668	-1.1176	-0.1341	1.1344	1.1961	0.3588	0.4521	-0.0577	0.7080	0.2123	0.6767	-1.5502	-1.7767	0.2554	0.3087	0.4964
1.2111	-0.3501	0.4683	-0.0299	1.1663	-1.0019	-0.3019	0.9604	-0.3131	1.5917	0.4134	-0.3349	-0.7967	-0.3340	-0.6886	-0.4382	-0.7253	-0.2696	1.1104	-1.8560	-0.1938	-1.3008	-1.7389	1.0374	1.5133	0.2440	1.2541	-1.7219	0.0285	-1.8602	1.1587	-0.7505	1.1136	-0.3817	0.4010	0.5989	1.6930	1.1326	0.1796	1.3542	-0.2446	0.7660	-1.5676	0.0408	-0.1727	0.3814	0.0005	0.2312	-1.3008	-0.6926
1.1093	-0.1960	0.5201	-0.1448	-0.6565	0.6868	0.4352	-1.6558	0.1244	0.3362	-1.9598	-0.8066	-2.0553	-0.1676	-0.9673	0.4243	0.6368	0.2847	1.0553	0.9187	0.1345	0.9002	0.3437	0.3423	-0.6134	-1.9769	0.4453	-1.8637	-0.1873	-0.0246	3.0121	-1.5835	0.6713	-0.4346	0.9730	-0.2643	0.7343	-1.5150	0.5592	-0.4258	-0.5989	-1.0701	0.5827	-0.1399	1.1930	0.4818	0.0628	0.1139	0.9752	-1.1177
1.5166	-0.1080	0.3917	1.5927	-0.4353	0.5246	1.1258	0.6651	0.2226	-0.5600	-1.1991	0.1136	-1.1508	0.0685	-2.0549	0.9592	-0.0951	-1.5468	-1.3650	1.2979	1.4512	-1.6735	-0.3946	0.1685	0.0479	-0.5405	-0.6819	0.7907	-1.3285	-0.2815	0.5718	-1.1488	-1.0200	-0.4854	1.3105	-0.6167	-1.5926	-1.1953	0.5690	-1.0739	-0.3500	0.2232	1.5714	-0.2352	-0.3115	0.4691	-1.6650	-0.2958	1.0948	1.5178
-0.3360	-1.4808	2.1101	-0.5380	0.9454	1.7282	1.1825	-1.0941	0.3856	-0.8726	-0.0932	-1.0439	1.4148	-0.2372	-0.9702	-0.3279	-2.0209	-0.5239	0.5924	0.6583	0.1015	-0.6302	-0.5001	-0.0402	0.6734	-1.1835	0.4330	-2.2990	-1.0074	-0.2879	-0.7840	-1.5315	2.0653	1.3436	0.5401	-0.3181	1.3571	0.8858	-0.7006	0.1771	1.2527	0.2829	-1.6931	-0.5490	1.8484	0.3179	-1.0910	0.3859	-0.0711	1.8372
-0.2294	0.6601	-0.0104	-0.3573	0.6192	1.4639	-0.5397	-0.2489	0.0505	-0.5222	0.3504	-0.6302	0.2861	-1.5224	-1.4120	0.3010	-0.6432	-1.2043	-0.0941	-1.0226	1.6044	0.3304	-0.4318	-0.7548	0.0865	-0.5336	-0.9972	1.8651	0.0252	0.2643	-1.6942	0.8382	-0.0199	0.5378	-0.9031	-0.2558	-0.1036	-1.4907	1.4507	0.4774	-0.0535	-1.6989	-0.9770	0.4205	1.6127	-0.3906	1.4501	0.7906	2.1093	-1.5254
0.5834	-2.3578	0.0784	0.9381	1.1679	0.0918	-0.5216	0.3107	-0.2992	0.4311	0.0343	-0.0768	1.6799	-1.8315	-0.3059	1.5002	-0.2789	0.1783	-2.2211	-0.4505	-0.2427	0.4151	-1.2297	-0.0491	1.9943	-1.1277	-0.2658	-0.9125	0.9207	0.7667	-1.9573	3.3374	1.6415	0.6155	0.6310	-0.7871	1.5720	0.4785	0.1765	-0.9070	-0.0814	-0.4078	0.2938	-0.0295	0.6530	-0.6512	0.1698	-0.6400	-0.2399	0.5065
0.0402	0.3980	0.4127	0.6762	-0.2912	0.3952	-1.7958	1.5256	1.1327	1.1414	0.8201	-0.0390	-1.8272	-0.5499	1.1408	1.2075	1.1702	0.3797	-0.2264	-0.5799	0.5080	-0.8539	1.4934	1.1014	0.0705	1.7018	0.0235	-0.0441	-1.3009	-1.7004	-0.2115	-0.6182	-0.3003	-0.4140	0.6935	0.3715	-0.6140	0.6793	1.9309	-0.9748	1.0088	-0.7116	-1.5458	0.8440	0.7902	0.0456	0.5700	0.0800	0.4436	-0.5833
-1.7628	1.6452	1.1611	-0.5209	-0.1849	-0.3629	1.6920	-0.0422	0.5465	0.6754	-1.6454	-0.5008	-0.3534	-0.8948	0.1222	0.3416	-1.6957	-0.8851	-1.3239	-0.4060	0.4455	0.0857	0.3090	0.5227	1.1227	-0.9847	2.0743	1.1721	-0.2125	0.5399	1.2717	-0.3316	-1.0710	-0.6522	0.8966	1.6741	0.5582	1.7803	0.3561	-2.0326	-0.6738	-1.8053	0.2666	1.3731	-1.8424	-0.1308	-1.2775	2.5593	0.2722	-1.5500
0.1287	0.5501	0.0152	-0.3152	-0.5344	1.9675	-0.5319	0.8053	1.1144	1.3088	-0.3251	-0.0618	1.0024	-0.4588	0.4279	1.3184	1.0342	0.6163	-1.6366	1.6235	-1.2139	-0.5703	-0.2474	-1.8602	-0.7443	0.0290	-0.1906	0.2762	-0.0815	-2.8869	-0.1073	-0.5470	0.4317	1.2248	0.4819	1.1660	-0.1452	-2.8812	-0.1952	0.7515	-1.4092	-0.7663	-0.7438	-1.2500	1.0074	-0.6937	-0.5057	0.4593	0.2152	-0.3959
0.0479	0.4562	0.4104	0.7744	0.3397	-0.0369	-1.8783	-1.4084	-1.2027	0.2416	0.1565	-0.9272	0.4403	-0.5774	-1.5871	-1.7290	2.4190	-0.1391	-0.3332	1.8887	0.1044	-2.6009	0.6263	0.9923	-0.8286	0.9862	0.8963	0.0104	-0.4512	-0.0370	0.0505	-0.9765	-0.0582	1.3493	0.2531	-0.5939	0.6192	0.6193	0.3486	-1.7684	-1.5477	-0.5073	0.8586	0.3219	0.1081	2.1938	1.3866	0.0358	1.0098	0.5979
2.3298	-1.7156	0.3305	-0.0095	-0.1224	0.2321	-1.0793	0.4298	0.0469	0.0382	0.2087	-0.7697	0.4020	0.2679	0.2945	1.1121	0.8404	1.4741	1.2074	0.3679	-1.0905	-0.7981	1.3217	0.2925	0.8400	0.9040	-1.7211	-1.3041	0.4650	-0.5691	0.2500	0.2831	-0.2665	0.9382	-1.9777	-0.7668	-0.3445	0.2184	1.8787	-0.6951	0.2466	0.1505	0.0602	-0.6060	-0.6760	0.0530	-0.3603	1.9389	1.2610	-0.6995
-1.4175	-0.3338	0.5699	-0.9630	-0.8217	0.8049	1.6623	0.3082	-0.5254	1.2969	1.0002	-0.6939	-0.5109	0.5306	-1.7845	-1.0602	2.0328	0.9085	-1.2857	-0.2043	-0.7239	-0.2764	0.5369	0.3456	1.1660	0.6598	0.3422	1.3846	-0.7771	-1.5758	0.9055	-0.0122	-0.4305	0.8159	-1.2729	0.2526	-0.4222	0.8052	1.4583	-1.2698	0.3951	-1.0136	-0.2179	-0.7658	-0.6220	-0.5870	-0.0553	-0.0602	0.4274	0.2589
-0.3029	1.1170	-0.2786	1.3823	-0.7628	-1.4416	-0.5648	-0.1291	-0.0343	0.8846	0.6606	-1.1141	1.5176	0.8094	0.8009	-2.4510	1.5266	-0.2984	-0.0542	1.1150	0.4153	-0.9543	-1.6159	-1.0208	1.2540	-0.4139	-1.5538	-0.0017	1.7669	0.7093	1.6470	0.9451	0.0303	-0.4554	-1.3518	-0.4558	-0.0143	0.3457	-1.7999	-1.2759	-0.0283	0.9635	0.2495	-1.0589	-0.3380	0.5316	-1.6773	-0.0827	-1.0125	1.2029
1.0053	-0.8223	-1.9318	-1.0657	1.3499	-0.8920	1.0997	-1.5390	-1.2553	0.6156	2.0387	-0.0579	-0.3546	-0.4543	0.5078	-1.6562	-0.0621	0.3061	-0.9355	1.3021	-0.1471	-0.3608	1.3566	-0.8104	-0.5097	0.0979	0.3475	-0.1657	-0.6212	0.9170	1.5477	-0.9965	-0.9450	-1.2295	-0.0454	-0.9754	0.7295	1.4271	0.2620	-0.2719	0.6316	-0.3424	0.4841	-0.3931	-0.4558	0.3171	-0.4625	-0.8131	-0.7355	0.0528
0.7766	-0.9980	0.7238	-0.7849	1.2744	-0.8820	2.5568	0.6515	0.5910	0.0667	1.4705	-1.4684	-0.2004	-0.6883	1.5470	-0.3094	-2.2581	0.5728	0.5387	-0.2627	0.3237	0.5404	0.8146	-0.8932	-0.0132	1.8816	0.0453	-0.4568	-0.0840	-0.6760	0.7222	0.5374	-1.0870	0.3003	-1.7241	1.1291	-0.6705	1.3069	-0.5818	-0.2934	-1.1447	-0.3045	1.7451	0.7695	-2.0125	1.8431	0.9674	0.5898	0.6634	1.7986
0.0010	1.4334	-1.7108	-0.1032	0.6673	0.5278	0.1740	-1.6018	-0.9865	1.6920	1.4543	-0.1704	1.3784	-0.6096	-1.2618	-1.8232	0.1963	-1.1738	-0.4783	0.8834	0.6833	-1.2198	-0.6810	0.5908	-0.7389	0.0673	-0.2439	0.7102	-1.1858	1.2627	-1.0819	0.4149	-1.9637	1.0297	-0.5138	0.9267	2.0195	-0.3428	0.9696	-0.2076	1.1104	-0.5817	0.1250	-1.4221	0.9313	-1.1359	1.8256	0.4743	-0.9923	-1.3835
-0.3370	-0.3933	-2.4145	0.9631	-0.4653	-0.6045	-0.7730	-1.3779	0.3008	0.4587	-0.2864	0.1839	0.5582	0.8076	-1.3938	0.4947	-0.5310	-0.6343	-0.2366	0.5855	0.2652	1.7936	1.2435	-1.0113	1.0120	-0.0427	0.3350	-1.8268	-0.4153	-0.4064	-0.2589	0.6173	0.2391	2.2108	-0.2449	1.3324	1.1603	-0.3309	1.4138	-0.3973	1.1187	-0.9580	-0.4003	-1.6819	-1.0861	0.6798	0.2940	-0.0147	-1.6153	-0.8100
-0.7744	0.7548	-1.0787	-0.2349	0.9485	-0.9132	0.5666	0.2151	1.6962	-0.1961	-0.9958	0.3038	-0.4605	1.3570	1.4370	0.9794	-1.4527	-1.3691	-0.8081	-1.8052	-0.3617	0.2083	-0.7597	0.0241	0.5693	0.3878	-0.9596	0.1317	0.2028	-0.6977	-1.3316	0.3290	0.2611	0.5692	-0.7925	1.3924	-1.5436	0.5079	0.1891	-3.0564	1.9357	0.1191	-1.0749	-1.6850	1.4424	-0.2993	-1.0343	-0.6813	-1.0034	0.4264
0.7268	-1.4129	0.2662	-0.1213	0.8223	0.1653	-0.6056	0.1016	0.5494	1.0783	-0.3833	-1.5298	-0.0668	-0.4783	-0.0550	-0.6740	0.0177	-0.8568	-0.3696	-0.7831	0.3467	2.1138	-1.2389	0.3138	-0.8198	0.6768	-0.1472	1.1761	0.6283	1.8768	-0.6355	-1.2431	0.2603	-0.9556	1.5407	-1.0803	-1.2502	0.8141	0.4283	-1.5221	0.5417	-0.3177	-0.5230	-1.1898	0.7532	-1.0610	-0.1306	-0.6517	0.9781	-0.3101
-0.0731	0.6451	0.1974	0.8620	-2.4246	-0.7342	-0.6304	0.6547	-0.3503	-1.2954	-0.3352	-0.1501	0.1714	-1.2642	-0.3695	0.0903	-0.3555	0.4235	0.7260	-1.2984	0.6964	0.5385	0.7962	0.5186	-0.9944	-0.7956	-0.1484	-0.6394	-1.5179	0.8410	1.0445	1.6399	-0.6798	0.7285	-1.7078	-0.2403	-0.2697	3.4464	-0.6992	0.1049	-1.0813	-1.1770	-0.0402	-0.7458	1.4409	1.0457	-1.5604	-1.3499	-0.5526	-0.3834
0.2326	1.3716	0.3592	0.7860	-0.4132	2.2590	-0.6880	1.1359	-0.4791	3.2839	-1.9235	-0.3579	-0.3760	-1.3317	-0.0512	-1.6837	0.4401	1.5361	-1.4879	0.6797	0.7963	-0.6441	-0.3900	0.0272	-1.7119	0.1507	3.2349	-0.2593	-1.1597	1.7072	-0.4302	-0.2759	1.1850	-1.6123	0.6234	0.3129	0.3157	-0.0804	-0.0415	-0.5570	0.2953	0.4329	0.0591	-0.4703	-0.0106	1.1687	-0.6782	-0.3716	2.6651	1.2111
-1.5726	0.2380	-0.6933	0.5628	0.1465	0.4427	-0.1973	1.6801	-1.4109	-0.3117	-0.6187	2.4056	1.1881	-1.0876	-1.4233	-1.4770	-1.3676	-0.6807	1.0693	-0.4805	-1.0352	-0.1131	-0.9750	-1.2707	-1.1297	-1.1272	2.5874	-0.6622	-0.0119	1.2267	-0.3033	0.0511	0.7880	-0.3548	-1.1293	0.2096	-0.0796	0.7040	-0.5837	0.9426	1.6136	-0.2447	1.7232	-0.6647	1.1483	2.3080	0.7909	0.3451	-1.1790	-0.6286
1.0758	0.3425	-1.1760	0.2087	-0.1202	-2.1817	-2.6128	-0.0898	1.0586	1.1768	-2.1769	2.0282	0.9325	0.3611	-0.3508	-0.6996	1.4046	-0.2677	0.5212	-0.8689	-0.9815	1.8961	0.3459	-0.9575	-0.8771	-0.3319	-0.1567	0.6675	1.0437	0.4164	-1.2414	-0.7600	-1.3461	1.5921	0.8214	-0.0688	0.6842	1.9986	-1.0626	-0.0119	1.1934	-0.1192	-1.3632	-1.0099	-0.9147	-0.0553	0.6769	-1.3502	1.4227	-2.3522
0.7748	-1.1063	0.5615	0.0650	-0.5515	-1.1546	-0.1442	2.4067	-0.0015	-0.8440	-0.3829	-0.7342	0.9565	0.8361	-1.1485	0.0670	-0.2426	0.6420	-0.0446	0.6677	-1.0907	0.2277	-1.6076	-0.4359	-1.0272	-0.3874	0.4497	0.0468	1.8491	1.5149	-0.2093	-1.1902	-0.5624	2.3494	-0.5357	-0.1075	0.9359	0.4346	-0.2938	-0.8021	-0.0806	0.2851	0.1691	-1.2033	0.4139	0.5097	-0.0189	-0.5241	-1.1530	-0.2873
1.3272	0.4757	-1.1414	0.5417	-1.3095	2.0681	-0.8143	0.5587	1.1832	0.1108	-0.6686	0.8939	1.8541	-1.4809	-1.5428	0.7662	1.1485	0.9206	-0.1138	-1.5102	0.9850	0.4791	0.3192	0.3848	-0.3001	0.0333	0.2479	-0.3903	1.5885	0.3751	-2.1557	-0.7302	-0.5464	0.2605	0.4259	0.9972	-1.3267	-0.1891	-0.5448	-0.7174	-1.8786	0.4844	0.8881	0.8527	-0.8458	0.4847	-0.0344	0.2431	1.3433	0.6061
0.7962	1.5234	-0.4899	1.0270	1.6903	-0.9902	0.8080	-0.3733	-0.5356	0.8768	-0.9660	1.1398	0.3450	0.5127	0.1521	0.5598	0.0644	0.5019	-0.5332	0.6962	-0.0562	-0.7607	-0.3073	-0.4319	-0.7638	0.1482	0.2297	0.3604	0.7919	-0.9368	-0.9698	1.0789	0.9364	-0.1414	-0.0871	-1.4884	-0.1720	-1.0828	-0.2427	-1.5619	0.3849	-0.0962	0.6084	-1.8118	-0.8095	-1.2575	0.2373	1.0570	-2.4458	-0.5894
-0.0117	0.1583	1.5228	1.0627	-0.1888	-0.4511	1.5145	-0.0432	0.3195	-0.9979	-0.6261	-0.9752	1.4475	-0.6781	0.0825	-1.3550	-1.9849	-0.8853	-1.0072	0.0552	-0.5630	0.0205	-0.6514	0.6562	-0.2305	-0.9955	-0.7922	0.1728	-0.5773	0.3587	1.2977	0.1316	-1.7292	-1.0207	-0.1248	-0.6492	0.3020	-0.7344	0.0491	0.4706	-0.5221	0.7502	-1.3546	-0.1049	-0.6345	-0.2028	0.8675	1.6878	0.7429	-0.3540
-0.4874	1.6343	0.2688	0.3350	1.2456	0.1860	-0.5621	-0.7180	0.1183	-2.0671	1.3044	0.0952	0.7999	-1.3789	-0.1462	-2.2501	-1.4290	0.2619	-1.6439	0.4182	-1.3559	0.3380	-0.8433	0.3309	-0.3247	-1.4201	1.4714	-1.5015	1.0475	-0.7036	0.1107	0.5637	0.5013	-0.7368	2.0193	0.5561	0.7127	-1.7386	1.4181	0.8833	0.8735	0.3457	-1.2345	0.1282	-0.5785	0.5397	0.8032	-0.9166	-0.1879	-0.3085
0.3762	1.4267	-0.6027	-1.7322	0.7129	1.1213	-0.4678	-0.1178	-0.4346	0.4887	1.4646	0.5912	-0.1568	-0.1685	0.0661	0.9058	-1.2733	0.2614	0.8369	-0.1805	-0.1781	-1.3482	0.2211	-0.6106	-0.8377	-0.0161	-0.8192	-0.4581	1.5431	-1.4793	-1.9408	0.8004	-0.0085	-1.3438	-0.0995	0.0529	1.3857	2.0246	0.3979	-0.8464	1.4591	0.2002	0.9294	1.2365	-1.5752	1.3156	-0.2704	-0.2041	0.4228	0.1847
-0.2518	1.6068	-1.1164	-1.4839	0.3335	0.1165	0.4512	0.7165	-0.2869	0.7858	1.3487	-0.5937	-1.1084	1.2193	-1.4633	1.4805	-0.9357	0.3550	-1.2020	-0.3905	-0.2947	-0.3501	-2.0290	-0.1718	0.9008	0.3032	-1.8895	0.0325	0.8936	-0.7750	-0.6276	-1.7833	-0.9422	0.2157	0.1428	-0.6692	-1.8188	0.6549	0.4445	1.4246	0.7849	1.1822	-0.1934	0.2301	0.7795	0.9545	0.0530	1.0801	-0.4292	0.1171
1.3572	-0.2807	-0.0823	-0.4426	0.0412	0.1778	-1.2469	2.2177	0.5789	-1.5532	-0.0847	-0.2697	-0.0536	0.8114	0.3690	-1.1842	0.5575	0.8644	-0.4312	0.9175	-0.2327	0.7572	-0.7555	0.9869	-0.4018	-0.4487	-0.8092	-0.0847	0.7615	-0.0828	0.4064	0.6041	-0.4099	-0.0845	0.3830	-1.0711	0.0314	0.6082	0.6340	1.5470	-1.2844	-0.4832	-0.4321	-0.4294	-0.3482	-0.8734	-0.3739	-0.4293	-0.5852	0.9902
-0.1195	0.5087	-0.7229	2.7374	-1.0588	-1.5354	-0.6366	0.2962	0.2391	-0.7629	-0.5822	1.3874	0.3157	1.0226	0.9839	-1.0728	0.4514	0.3348	1.6176	-0.9276	0.6376	-0.0213	1.7874	1.2164	-0.5352	1.3884	1.0427	-0.6920	-0.0941	-0.4963	1.4766	2.7195	-0.4322	0.6048	-1.2836	1.5600	1.3201	1.3112	0.1900	-1.2315	-0.0174	-0.3711	-1.0914	1.1550	-0.5995	-1.6442	-0.9848	0.2448	-0.0938	-1.0304
-0.1264	-0.5869	1.2034	-1.2202	0.9773	-0.3706	-0.1058	0.9486	-0.0008	-2.7424	-0.4707	-1.3900	-1.4964	1.5444	-0.9339	-0.5140	1.1991	1.2731	0.8345	0.4939	0.7997	0.4991	-0.2865	0.0465	1.1360	-0.9115	-1.0583	-1.5099	-0.4164	-1.9197	1.2781	-0.3686	0.7312	0.4379	-0.0077	-1.1301	0.2352	0.0477	1.3450	-2.5035	-0.7301	-0.7802	-0.5278	0.2563	-1.7352	-0.7397	-0.9444	-0.2173	0.1535	1.4133
-0.2800	0.3604	0.0612	-0.4527	-0.4363	-0.8373	1.2762	-0.9358	-0.3014	0.5616	-1.1143	1.6368	-1.9686	-0.4445	0.6196	-0.4082	1.3578	-1.4832	0.2040	0.7813	-0.3019	0.4864	2.0152	-0.7071	-0.6849	0.8483	0.9451	0.3728	0.4276	0.6138	-2.2836	-1.1696	0.9901	0.7861	-0.6248	-0.8378	-0.6194	1.1012	-0.0192	-2.4012	1.1097	0.8757	-0.4190	0.7600	0.5624	-0.4346	-1.3697	1.0626	-0.0003	-0.6682
-0.5635	-0.1319	-0.5142	1.5036	0.2187	0.9208	0.5122	-0.9988	0.8018	-0.6837	-0.3297	-1.6182	0.5348	0.9727	1.1110	0.4612	0.3673	-0.8788	0.9149	1.3953	1.1050	-1.6660	-0.8393	0.8783	1.4931	-0.4880	-0.7107	-1.4728	-0.1332	0.0310	-1.6900	1.4776	2.2551	-1.7343	-0.1533	1.9154	0.0753	-0.7046	1.0977	0.3050	0.4604	-1.5212	0.1036	0.7520	0.7470	-1.0227	0.2931	0.9720	0.7179	1.5380
-0.1766	0.0012	0.8525	-1.2073	-0.1967	2.1360	-0.1751	0.4729	0.3521	0.2170	-0.6019	-0.9342	-1.7650	0.2159	0.1867	-0.7542	2.0184	1.0642	-1.0261	1.4936	0.5853	-0.0235	-1.5750	0.1423	-1.5980	0.5668	0.8629	-1.7076	-0.2849	0.2070	0.7170	0.4135	-0.5493	-1.8193	1.0713	0.0716	0.1170	-0.0260	-0.2663	1.1632	-0.1224	2.2413	0.8621	0.9210	0.5465	0.1071	0.1261	0.8510	1.7089	0.6154
-0.9394	0.2722	-0.1884	-0.3817	-0.4764	-1.3590	-0.8233	-1.5735	-0.3885	-0.5787	0.9708	-0.7998	-1.1647	0.5025	-0.1387	1.7077	0.1545	1.9697	0.3846	-0.8277	-0.2099	-1.3909	-1.2057	-0.4227	1.1306	-0.6949	0.5599	-1.0545	-0.5084	0.3536	-1.4917	0.7285	0.3425	-1.2262	2.1041	1.1202	-0.5011	-0.1600	-0.7155	0.9226	1.0610	-0.0695	-0.0446	0.6580	0.2246	-0.2592	-2.0344	-0.0246	-0.0579	-0.2402
-0.7553	0.0321	0.4371	0.3400	0.3553	-0.0132	-0.7321	-0.0842	-1.0998	-0.4951	-0.4505	-0.4041	0.9138	-1.0381	-0.6868	2.4985	0.0618	0.5997	-0.8040	-0.0032	-0.0747	-0.4810	1.5733	-1.2892	-0.8082	-0.5358	0.2786	-0.5825	-1.1343	0.1448	2.3054	-0.7658	-0.1702	0.7537	-1.1155	1.0639	0.7268	0.5613	0.2562	0.6527	-1.3529	0.2862	-1.3583	-2.2374	-1.2102	-1.4134	0.6291	0.9497	2.5302	-0.4917
-1.3517	0.3282	-1.2073	-0.1080	0.0498	0.0357	-1.1647	-0.2998	-0.1983	-0.1302	-0.0057	-0.5985	0.4232	0.5583	-0.7317	0.4434	0.3696	-1.6982	0.9061	1.3439	2.4292	0.4549	-1.1693	-1.8749	1.7126	0.6327	1.5256	-0.4460	1.0819	1.5684	0.5043	-0.3229	-1.1922	-0.0088	0.9965	0.7585	1.2882	-0.9208	0.8502	0.5159	1.1573	-0.4606	0.3038	0.3582	-0.6512	1.2511	1.3283	-0.0098	-0.7037	-0.3611
-0.3184	-0.3698	0.1968	-0.3330	0.5637	0.4069	-1.1385	-0.5597	-0.6633	0.2546	-0.4806	-0.2634	1.3246	0.6878	1.5530	-0.7428	0.9174	-0.4980	0.4026	0.0103	-0.1647	-1.1947	0.7084	-0.9049	-2.1279	0.7321	0.3072	0.9512	-1.9994	0.5674	-0.8311	-0.0130	0.7571	-0.0101	-1.2829	-0.2119	2.0824	-1.2010	-1.1993	1.0224	-3.3051	0.6382	1.1421	-1.1472	0.3266	-1.4678	0.3193	0.5870	1.1301	-1.6478
0.0967	-0.2931	-0.6691	-0.5964	-1.2416	0.0641	-0.4439	-0.6491	-0.2390	0.8295	0.3079	1.2766	-0.3341	-0.6514	-1.2406	-0.5428	2.4032	1.1334	0.0808	-0.7838	0.3844	0.8640	-0.9000	-0.0030	0.8185	0.7389	-0.0866	0.7165	0.4768	0.6042	0.0623	-1.2103	-0.1344	0.2368	-0.1381	-1.2995	0.4807	0.3328	0.1860	-0.0190	0.0768	1.9572	0.4565	-0.8867	-0.8150	1.3655	-0.2340	0.2893	-0.2439	0.5108
-0.6361	1.0343	-0.9954	-0.4156	1.9364	-2.0364	0.0045	-0.6611	0.4165	-0.2161	0.7131	2.8887	2.1313	-0.1882	-0.8904	-0.0223	0.7603	-0.4866	-1.1851	-0.1890	0.8453	1.3253	-0.6287	1.8408	-0.7581	-0.2054	-0.7343	-0.7436	0.7699	-1.9699	-0.7902	-0.8608	1.1079	2.2297	2.0952	1.1698	0.2641	-0.3264	-0.2954	0.8121	-1.4453	2.1817	0.4937	-1.0981	-1.2378	1.3873	-0.0197	-2.1005	-0.2791	0.8397
-0.5040	-2.5670	1.9125	-1.2782	0.0171	0.5083	-0.9396	-0.4535	-0.7261	-0.4019	-0.7405	1.0159	1.0960	1.9505	-0.0683	0.4283	0.8800	0.3366	1.3861	2.5887	1.1704	-0.7326	-0.3837	0.2446	-0.9949	-0.1472	-1.4182	0.3289	-0.7024	-0.1669	-0.0210	-0.1035	-0.8594	0.9658	-0.1042	1.0225	0.0817	0.3330	1.3670	-0.3576	-0.7138	0.8629	1.5138	1.5016	0.5087	-0.4080	0.0139	-0.5331	-0.8077	0.0455
-0.9493	-0.2379	-0.9020	-2.4846	0.1434	-0.4432	-0.4407	2.3121	-0.8765	0.2478	-0.1647	-0.2249	0.1526	0.2348	0.4004	-1.2930	0.2424	2.1618	0.8958	-2.5788	-0.1107	-0.5235	-2.3837	1.4292	0.3896	-0.7675	1.1190	-0.7513	1.0533	-0.2465	-0.4914	0.1387	-0.8670	-0.3528	-0.1120	-1.0981	-0.9683	-1.1067	0.4121	-0.2620	0.6803	-2.5204	0.2549	-1.4600	0.1714	1.7754	0.9170	-0.2326	-0.2996	-0.1465
-0.4300	1.4067	-0.6639	0.2195	-1.2559	-0.5540	-0.8924	0.4818	0.5679	0.1875	2.3464	0.5968	-2.2078	0.0977	-0.1356	0.5582	-0.2050	-1.0075	1.0534	0.4244	-0.6573	0.2884	0.0047	-1.8352	-0.3914	0.1234	0.4230	-1.0416	-2.2463	-1.5510	-0.5643	0.4695	1.8040	0.3636	0.7489	1.7288	-1.1328	-0.3383	-0.1335	0.9404	-0.9757	-0.4051	0.2645	0.9298	0.3072	-0.6827	0.1202	-0.8886	-1.4241	-0.4718
0.4626	1.8583	0.7023	-1.0826	-0.7450	1.1790	-1.2899	-0.7514	-1.5481	-0.9679	-0.0393	-0.5683	-1.0654	0.1919	-0.0185	0.8397	0.3000	0.1821	0.3258	0.5720	0.4967	-1.9923	0.8570	-0.4761	-0.6221	0.5151	0.8882	-0.5059	0.6410	0.1197	0.6642	1.2410	-1.0798	1.3008	-0.7476	-0.5819	-0.4112	-0.3167	-0.8947	1.0172	0.2764	1.3107	-0.2379	-0.8274	-1.2168	0.6950	0.1807	0.1747	-1.3239	-1.2374
-2.3858	0.0202	0.4386	-1.9631	-0.5417	-0.5897	-1.7002	0.8245	-0.6602	0.5803	0.5637	-0.7321	-2.6870	1.6414	-1.4523	0.2270	0.7337	-1.4991	-0.8388	-0.3053	0.9678	0.0151	0.8135	0.0666	1.6767	2.2173	-0.6864	-0.3943	1.2133	-0.4325	0.7205	0.4007	1.1313	2.5115	-1.6385	0.1964	-0.2404	-1.0048	0.1156	1.6145	1.5473	-1.2605	0.4259	0.3192	-0.4825	0.7795	0.4653	-1.4515	-0.0663	-0.0372
-0.7139	-1.3832	-0.1473	0.7875	0.7893	1.8886	-0.6202	1.3042	-0.8178	0.8103	0.2771	-1.7668	-0.1764	0.6941	0.5614	-0.3769	-0.1242	-0.9563	0.9890	-2.0383	-0.3828	-0.2622	-1.2248	-0.8456	-0.0492	0.5598	0.0153	-2.5972	-0.8619	0.6029	-0.0197	0.5850	0.8611	0.6101	0.2826	-0.2319	-0.9289	-0.3775	-0.8450	-1.2081	-2.2717	1.1460	1.2255	-1.8031	-0.0624	1.1241	0.0841	-1.2416	-0.3317	0.5259
0.6581	-0.8210	0.1265	-0.8632	0.1420	-0.9429	0.6762	1.1142	1.1281	0.3189	-0.9622	0.2016	-0.2738	-0.0225	-0.0420	-0.9004	-1.9110	-1.0533	1.3616	-0.3624	0.3118	-1.6031	1.7811	-1.9773	0.5222	-0.8820	0.0335	-0.5388	1.7560	0.8962	0.1481	1.3041	-0.1630	-1.1504	0.1982	-1.9395	-0.8310	1.0593	-1.1661	1.4176	-0.7774	-0.1356	-2.6891	0.8904	0.7846	-1.4410	0.8661	0.4827	-0.5372	-0.1027
0.9346	0.0169	0.3930	1.9146	0.0765	-0.9593	-0.0395	-0.8351	-0.9424	-1.2573	1.5889	-3.1169	-1.3071	-0.6747	1.1075	-0.1853	-0.5943	-0.3266	0.6032	-0.9346	0.8590	0.8320	0.4322	1.4865	0.4314	-0.3198	-1.4444	-0.3999	-1.0169	0.1681	-1.7246	-1.2409	0.9477	-0.4372	0.7597	0.3788	1.2454	0.1698	-1.2328	1.1711	0.2526	-0.4677	0.0628	-0.5813	1.1139	0.0964	-0.5727	-0.6489	0.4245	-1.2452
1.7535	0.3068	-0.8540	-0.7735	-0.1684	0.7414	-0.9198	1.7097	0.7273	-0.1859	-0.6749	-0.6661	0.6763	-0.0765	0.0496	0.4090	-0.9677	-0.3937	-0.3071	0.4261	-1.8314	0.9861	-0.7495	-0.2429	-0.3927	-0.9554	-0.2157	-0.0285	0.9508	-1.3908	-0.0219	-1.5602	0.2582	0.2609	1.6677	1.4468	0.7214	0.2084	0.5162	0.0936	-0.4430	-1.7418	1.1141	-1.5765	0.2886	-0.4587	0.8514	0.8662	0.0508	0.0492
0.1486	-0.4718	0.1531	0.1789	0.1524	-0.4548	-0.3096	1.1014	-1.5829	-0.4514	0.9889	0.5348	-0.0909	1.1041	0.6519	-0.6460	-0.2275	-0.1496	1.6414	0.0057	-0.6756	0.3992	0.8137	-0.3736	-0.9473	-0.0924	1.5579	1.3924	0.2760	0.7487	0.2282	0.8114	1.0863	-1.1418	-1.1857	0.1707	1.9726	0.1830	0.7730	1.8941	1.6259	0.4086	1.0883	0.7376	-1.6593	-0.0467	1.3953	-1.0446	-0.6857	0.0876
0.8616	0.0939	-0.3411	-0.6248	0.5580	2.1442	-0.0816	-0.4614	0.1067	-1.1923	1.4901	-2.0431	0.0448	-0.4140	2.2178	-1.3139	0.0456	-1.1216	-1.0771	-1.1420	-0.8622	-0.3679	-1.4069	-0.9007	1.2419	0.3564	0.3624	0.3294	0.6092	-0.3196	0.7002	1.1786	-0.5740	-0.0961	0.9654	0.2127	-0.2110	-2.2272	0.4561	-0.7520	0.5798	1.5258	-0.3049	0.4391	0.2110	0.9786	0.2291	0.0935	0.1083	-0.9580
0.0256	-1.6723	-0.2576	0.7101	-0.3229	-0.1458	0.7222	-1.1115	-0.1471	1.8867	-0.2800	-1.5497	-0.1616	-0.9820	-0.8313	0.1402	-0.5182	-0.4498	-1.6860	1.8457	1.3363	1.0113	0.6876	0.3930	-0.0671	0.1226	-0.4929	-0.3571	1.4547	0.9337	-0.4489	-0.0157	0.6328	0.0030	-1.1453	-1.0175	-1.9500	1.0248	-0.4469	-1.3681	1.3215	-0.2434	-0.0709	0.6530	-0.6644	0.4998	-0.6611	-0.3883	0.0717	-0.0979
1.0195	1.0793	0.6112	-1.2905	0.0102	-0.6430	-0.3273	-0.0592	0.9583	0.6216	-0.6900	0.1500	-0.7510	-1.8392	1.3614	-0.1458	-0.5433	-0.1815	1.9857	-1.5113	0.9978	-0.2661	0.3391	-2.1965	0.3318	-0.5236	0.1495	0.1983	1.3577	1.7759	0.6234	0.1352	0.8857	0.2420	0.9903	0.1362	0.6464	-0.3468	1.5785	0.1594	0.4975	0.3079	0.7298	-2.1004	0.2612	0.8548	-0.0888	2.0526	1.1021	-1.6635
0.3573	-0.6139	0.1645	-0.1489	-0.2257	-0.6534	1.0121	0.7381	0.0394	-0.3133	0.5687	0.3103	-2.8758	0.7460	-0.6061	-0.9593	0.9842	-0.8034	2.1838	0.1437	-0.0885	-0.2644	0.4928	-1.1043	-1.5104	-0.8004	-1.1919	-1.6184	0.7931	0.3876	0.4711	0.9480	-1.5457	0.3046	-1.1166	-0.1022	-0.5404	-0.7631	-1.8285	-1.0144	0.5610	-0.1367	1.3040	-0.6847	-0.3055	1.0708	0.0818	0.4488	0.1319	0.4691
-0.0889	1.2828	0.1834	1.2545	0.5824	-1.2356	0.3972	0.8511	0.7322	0.9149	-0.5676	-1.3940	-0.5793	0.8947	-0.0147	-0.3515	-0.8607	1.1464	-1.0958	-0.7457	1.3604	-0.3984	0.9067	0.5576	0.6311	1.9816	0.7037	-0.3610	0.3480	1.2773	-0.8365	-0.1923	0.1230	-0.1607	2.2596	0.5080	1.3076	0.7532	2.5538	0.3512	2.1772	-1.0195	0.3465	1.5644	-0.0090	1.5358	1.5018	0.4255	0.1692	-0.2239
-0.8966	-0.1084	0.9232	-1.3483	-0.8862	-1.7127	1.2096	0.5191	-0.3238	0.7641	1.8040	0.1364	0.2673	-0.2110	0.8836	-1.4011	-0.6514	-0.4980	0.9001	-1.5763	-1.1318	0.9276	-0.6217	0.8125	-1.6540	1.7518	-0.7919	0.2207	-0.6780	-0.4175	0.6265	-0.3257	0.6923	0.1572	1.1573	1.1072	0.8123	1.3608	0.6577	0.1763	-1.1373	0.2540	-0.2006	0.5941	0.4516	0.7251	0.7158	0.3122	-1.5326	0.7669
-0.1161	-0.0074	-1.0906	0.2857	-0.0754	-0.7672	-0.9638	-1.0051	-0.7793	0.4958	-0.4785	-0.9231	-0.5087	0.3651	-1.5179	-0.2086	0.0540	-1.2048	-0.3177	0.1251	0.3361	-0.2919	-0.8459	0.8506	0.4710	-0.2686	-0.0790	-1.2632	-1.4438	-0.5630	0.1324	-1.3305	-0.0638	0.2629	0.9623	-1.3188	-0.3225	-1.8418	0.8739	2.2840	0.2827	-0.9073	-0.9380	0.3929	0.1409	-0.4185	-0.5004	0.3830	1.8694	0.8763
-0.9380	0.5952	-0.2207	-1.6383	1.4731	-0.3504	0.3116	-0.4968	1.0012	-2.4074	0.2135	1.0446	-0.4296	-1.4489	-0.6755	-0.1859	-0.0588	0.0347	0.0096	0.4302	-0.9606	-0.4661	-2.0982	-0.6666	1.5288	-1.2022	0.1649	-0.7076	-0.7802	0.4872	0.1339	-0.6011	0.6854	0.2866	0.7236	0.1747	0.7227	0.5901	-1.5795	0.0948	0.1412	-1.3814	-1.2582	-0.5196	-0.9875	0.1627	0.2920	2.8061	-0.6632	-0.0093
-0.1818	-1.0912	-0.0401	1.5941	-0.6907	0.9497	-0.5062	-1.4526	1.6938	-2.1835	-0.4500	-0.4074	-0.0240	-0.7318	0.1974	-0.1967	-0.9060	-1.4037	-0.5796	-0.5730	0.5869	0.3291	0.7069	-0.7386	-1.5026	0.2818	0.1313	-0.9794	0.5355	1.0129	-1.2089	2.3915	1.2107	0.3533	0.0771	-0.9017	0.2975	-0.3305	0.2564	-0.6527	0.6692	0.8826	0.5420	0.4831	-1.9054	0.4469	-1.1510	1.4306	0.2044	0.2322
0.5536	0.7867	0.0301	-0.3871	-0.6976	-1.8784	0.4807	0.1519	0.1256	1.1824	0.2128	-1.6654	-0.0519	-0.5065	0.6009	-0.1689	-0.5060	0.8050	-0.4272	-0.1383	1.2309	0.3365	-0.2062	-0.7027	-2.6803	-0.4770	-0.4098	0.7133	0.5333	1.2301	1.1084	-0.1755	1.3012	1.5434	-1.3512	-0.7774	-0.3268	-2.1217	-0.4305	0.1491	-0.8143	0.2700	0.2365	-0.0655	-1.0377	-0.4168	-0.1506	0.6518	-2.0762	-1.5223
-0.9264	-0.3840	-0.5058	2.3358	1.8145	-0.3565	-0.9901	0.3003	0.6022	0.2054	0.5212	0.2775	-1.2226	-0.2307	-0.4639	-0.1135	0.2026	1.7154	0.1641	-0.6668	-0.7976	-0.3971	0.7382	1.1906	-0.3948	0.2283	0.9614	0.3149	-1.1660	-2.8039	-0.9412	1.8177	0.6487	0.1517	1.8871	-1.2869	-1.1941	0.0316	1.2135	-0.6994	1.9306	1.5284	-1.0098	-0.3338	0.1043	0.7157	-0.4683	0.6679	-0.3100	-1.2297
-0.0726	-0.1724	0.0298	-0.3290	0.7552	-1.1868	-0.2639	0.1036	1.7246	0.3048	-1.1320	1.7282	0.0319	-1.1998	-0.0251	0.1748	1.0631	1.0366	0.7093	0.3531	-1.1872	-0.6559	0.2630	-1.1021	0.0171	-0.3912	0.4578	-1.2237	0.7708	-0.0999	0.0161	0.3153	0.0591	1.0108	0.3508	-0.5648	-1.9952	-0.2070	0.7079	2.4672	1.0570	-0.5728	0.1430	-2.9203	0.2407	0.5485	0.2365	-1.6322	1.4531	-0.6609
-0.6565	-0.6311	1.5329	-0.9185	0.7948	0.3384	-0.6468	-2.2133	-0.0971	0.5453	0.4642	1.3809	-0.4854	0.0847	-1.7428	0.3510	-0.7931	-1.5032	0.2588	0.1552	0.9306	0.6254	0.9098	-1.0396	0.9272	-2.0182	0.3926	-0.9418	0.3533	-0.1042	0.4558	-1.1970	-0.4036	-1.9202	1.3903	-0.7436	0.5096	0.7482	0.1933	1.2713	0.8652	-0.5553	-0.1414	1.2901	2.2699	-2.1811	0.1753	-0.9959	-2.0587	-0.4497
-0.1678	1.4692	-0.4866	0.5023	-0.2432	0.6147	0.9705	-0.6503	1.3899	-0.0204	1.8500	-0.6938	0.2705	-1.0729	0.4912	-1.2391	1.1294	-0.0412	-0.7644	-1.6334	-0.5508	2.0247	1.2607	0.4568	-0.5029	0.9643	1.9609	1.0710	0.9440	1.1489	1.1713	-1.8830	-0.0523	0.6316	0.1129	-0.0118	0.5409	-0.7503	1.1313	-1.0949	-0.4621	-0.0216	1.0017	0.5718	-0.0308	0.4391	1.4255	-0.8512	1.3438	0.4772
1.1306	-0.8736	-0.3343	0.5577	0.5808	-0.6297	0.3385	1.1571	-0.7777	0.6178	-1.1868	-1.1453	-0.7493	-0.8768	0.1824	0.6514	-2.1459	-1.6108	-0.4204	-0.5267	-0.4722	-0.9604	-0.0520	1.2103	-0.2825	-0.6413	-0.6688	-0.9656	1.4418	1.0543	-1.9062	-1.5645	-0.9482	-1.3313	-0.8938	-0.7932	0.8825	0.8225	0.2666	0.7945	-1.7485	-0.1394	1.1431	-1.0255	1.0051	-0.6389	0.3716	1.6499	1.1334	-1.0878
0.0212	0.4913	0.2495	0.4148	-0.1598	0.6591	0.6036	0.6267	-2.1828	0.6411	0.3308	-0.0137	0.2471	0.0478	0.2218	0.3117	-2.2607	-0.9207	-0.4522	1.6316	-0.6358	0.3962	2.8376	1.5470	-0.5597	0.4678	1.5996	1.9633	1.6555	0.9972	-1.6149	0.1037	-0.0131	0.7339	0.8994	0.3593	0.2458	0.5470	0.9181	-0.7726	0.9326	-0.8399	1.2835	1.1315	-0.4706	3.1959	-0.1556	0.8000	1.9407	-1.4044
-0.0681	0.7550	0.7237	-0.8576	-0.7658	0.2192	-1.3872	-0.7150	-1.7515	1.2964	1.2951	1.8303	0.9257	1.1161	0.0349	0.9567	0.0118	-1.2549	-1.0118	0.5816	0.5044	-0.5425	-1.4539	-0.1227	1.2554	0.2926	-0.3057	0.3423	-1.2484	-1.8561	0.8585	0.4661	-1.3415	0.4591	0.6114	0.6316	-1.2451	-0.4125	-0.4413	-0.9643	0.3135	-0.0092	-1.1427	-0.4690	1.6354	0.2162	-0.5040	0.0515	0.2918	-0.0184
-0.7752	0.0749	-0.5726	-0.6899	-1.1692	-0.6425	-1.2616	-0.4576	-2.2272	-0.1567	0.6309	1.5179	-0.5773	1.1268	1.2960	-0.0567	0.5814	1.1107	1.5430	0.2428	-0.2963	1.2399	0.2356	1.2129	-0.8442	-0.0472	1.3471	1.6230	-1.0699	-2.0670	1.0924	-0.2470	-1.2310	-0.9627	0.0381	-0.1541	-1.1498	0.2576	-0.8238	-1.4809	-0.3533	0.4281	0.0631	-1.7440	-0.2223	1.2697	0.5947	2.8736	0.3053	-1.9537
-0.3543	-0.1398	-0.9453	0.4889	0.5589	1.8507	-0.5331	1.3346	1.3132	-0.3019	0.3114	1.4407	-0.6454	0.4514	0.0636	-0.4835	-0.4342	0.0942	0.1809	-0.0311	-0.3556	-0.1465	1.6124	1.8107	0.7684	0.8363	0.4260	1.2464	-0.6806	1.1085	-0.4549	1.4439	-1.3722	-1.3624	-0.6879	1.2292	0.8770	-1.6089	-0.2521	0.2440	2.5247	0.2889	0.7160	0.1843	-1.8793	0.4767	-0.2846	0.9950	1.4585	-1.4674
-0.1564	1.5173	0.4373	1.7466	0.6965	-1.5324	-0.3957	1.4754	-1.6393	-1.0973	0.1537	0.4950	-1.8536	-0.7729	0.1310	0.9413	0.1685	0.1856	-1.3136	1.1777	2.6658	0.3575	-0.6069	1.1295	0.7701	0.7722	0.5688	0.6206	0.1046	-0.8348	-0.1370	1.7209	-0.0509	1.0406	0.8257	-1.2733	1.9503	-0.1666	-0.6119	0.8843	-0.2272	0.1192	-0.8570	1.5715	-0.2084	1.0673	-1.9312	0.1865	1.1601	2.2764
-0.5031	1.2964	0.3731	0.7930	-0.4150	0.1148	1.2569	0.7077	-1.1775	-1.1759	0.7330	-0.6036	0.5622	-0.6779	-1.1222	-0.6686	-0.7237	-0.1822	0.9838	0.9396	1.0153	2.2492	1.8415	1.0437	-0.1317	1.2592	-3.4509	1.3419	0.2010	0.9206	0.2922	1.6959	0.7767	0.1172	0.1869	0.6618	-0.8340	-0.2055	0.7785	-0.2675	-1.9299	2.6779	-1.6583	-0.4130	1.1008	0.6315	-0.0019	0.8763	0.9536	-0.4289
1.5466	1.2893	-1.1435	0.0841	-0.6520	0.2141	-1.4939	-1.6738	-2.2022	0.1332	-0.0993	-0.0662	0.8558	0.9798	1.0759	1.5672	-0.2170	2.2156	-0.9956	0.7522	-0.1275	-1.2112	0.9960	0.1969	0.6348	-0.8660	-0.2216	0.1363	0.7028	-2.5696	0.8267	-0.2069	0.1195	-0.2554	-0.0463	1.2493	-0.4785	-1.2047	0.1570	2.4885	2.0173	-0.5796	-1.5212	1.3468	1.1537	0.1142	0.5178	-1.0426	0.1119	0.0378
-0.2536	1.7305	0.2522	1.4273	-0.1619	0.0760	0.4484	2.0810	-2.7913	-0.0717	-0.3097	0.4253	0.3306	0.0913	0.8558	-1.4355	-1.1764	-0.5036	0.5882	-1.5924	0.4576	-0.1929	-0.5221	-1.0203	0.9318	0.2514	-0.1184	0.0548	0.2460	0.0059	-0.4664	0.8371	0.7957	-1.2255	1.6310	1.9830	0.5292	-1.6887	1.4554	-0.1643	1.8937	0.1199	-0.7535	0.6587	-1.1127	-0.3871	0.7062	-0.7877	0.1649	0.5056
-0.5913	-0.0322	-0.5245	-0.1581	-0.9202	1.9493	-1.2789	-0.8946	-2.6644	-2.2916	0.3601	-0.4181	-0.5295	-0.0933	-0.1980	0.2605	-0.2831	1.1800	0.6197	0.4385	0.5845	0.2242	-0.6141	0.7818	-0.9068	0.5105	-1.3288	0.8198	0.1964	0.6233	-1.3598	0.8829	0.5026	-2.0323	0.7124	0.4176	-0.4163	-0.6686	-0.5963	0.0837	-0.1292	-1.1356	-0.9224	-1.9130	-1.5461	-0.0725	0.0938	-1.8371	-1.5313	-0.6828
-0.6162	-0.4582	0.0948	2.1597	-1.2586	-0.7189	-1.4087	-0.4745	-0.7320	-1.7360	0.6521	-0.6820	-0.6015	0.7274	-0.8285	-0.5499	-0.0541	0.8460	-0.2909	-0.0996	-1.9659	-2.2343	0.7358	0.6130	-0.3817	-0.1836	0.7421	1.3679	1.2936	-0.3854	2.1049	0.6846	0.3314	-0.1900	0.1039	1.5618	0.3158	0.5446	-0.6947	-0.8612	-0.2419	-1.2158	1.0268	-0.0665	-1.0226	0.1747	-1.3721	0.2545	0.7879	-1.3697
-0.4836	0.5438	-0.9102	0.4978	-0.0007	-0.7616	0.3915	-0.8038	1.3174	0.7190	-0.3422	-1.3207	-0.0564	0.4881	-0.6881	-0.6108	-1.6277	1.8182	-0.1194	-1.8996	-0.9091	0.1161	0.0518	0.3299	1.6992	-0.0720	1.7128	0.2717	0.5107	-0.3378	1.5813	-1.5633	-1.3900	0.0896	-0.3323	0.8802	0.5034	1.0265	-1.2936	0.3309	-1.0200	-0.0150	0.6324	0.0059	-1.7237	-1.5287	0.0191	0.0255	0.9145	-0.4757
1.0692	1.0823	-1.9366	0.4354	1.0138	0.1817	1.4489	0.3401	-0.2043	1.5456	-1.1770	0.4373	-0.4280	-0.7267	3.3635	0.3422	2.3828	0.7510	0.7053	-1.2876	-0.4322	-0.8886	-0.5331	-0.5174	0.5328	-0.9197	-1.0769	1.4370	0.8085	0.8217	2.3104	-1.2845	1.6883	-1.3781	-1.8982	0.3816	0.2657	0.6912	2.3369	1.3082	-0.8268	0.1013	1.0676	1.6679	-0.3016	-2.2071	-0.5855	-0.8550	-2.4125	-0.9741
0.0952	-0.2584	0.5807	1.1352	-1.8148	-0.6994	-0.3014	-0.0414	-0.1166	-0.2093	-0.1193	-1.0372	-0.3475	1.1080	0.3769	1.5070	-0.6715	2.1549	-0.8046	-0.0807	0.6654	1.1890	0.8733	-1.3153	0.4059	1.7784	-0.8563	0.2120	0.1221	-1.5541	-1.0561	-1.2427	0.7672	0.1095	-0.8516	-0.8135	0.2167	0.9582	1.1148	0.5406	-1.6391	-0.1901	2.7326	-1.3378	-1.4224	-0.4814	1.2894	1.3988	-0.8307	1.2364
-1.4932	0.4457	0.4961	0.0159	-0.0140	-0.6816	2.2770	0.5979	-0.1744	0.2435	-0.3394	0.2257	1.1809	0.9321	2.0292	-1.2721	-1.3567	-0.3208	-1.0106	-0.9599	-0.7393	0.1679	0.1037	0.0267	0.1798	0.0782	0.7612	0.0553	0.0282	-0.8251	0.0586	-0.3585	0.8319	-1.9466	1.9808	-1.1702	-0.7471	-0.7746	-1.8767	-0.6219	0.6052	-0.4683	0.3022	0.0555	-0.8729	0.0838	0.9124	-0.1624	0.2063	1.9274


