
X1	X2	X3	X4	X5	X6	X7	X8	X9	X10	X11	X12	X13	X14	X15	X16	X17	X18	X19	X20	X21	X22	X23	X24	X25	X26	X27	X28	X29	X30	X31	X32	X33	X34	X35	X36	X37	X38	X39	X40	X41	X42	X43	X44	X45	X46	X47	X48	X49	X50
0.9496	-0.3445	0.8063	0.8042	1.1277	-1.2013	-0.3582	-1.4862	0.9682	-1.1051	1.2158	-0.5206	0.5349	1.1338	-1.0604	1.5798	1.0653	-0.4110	2.1853	-0.4985	0.0793	0.3116	-1.3359	-0.3217	-1.2749	1.4525	-0.0017	0.7578	-1.4483	2.4967	-0.4871	-0.0575	-0.9634	0.7724	-0.7375	-1.8688	-0.4712	0.6699	0.1359	0.8399	0.6745	-1.2078	1.5611	0.4110	-0.0799	-1.3901	0.5582	0.2692	0.2690	-0.6365
0.2307	0.9151	-0.6221	0.0463	0.7626	-0.9599	0.5048	-1.4778	-1.1037	-0.6869	-0.5340	-0.2762	-0.4340	0.3510	1.2193	-0.5248	1.2583	0.0540	0.2877	0.1050	1.0156	-1.6334	-0.9523	-0.3383	-1.0103	0.9995	0.9146	-0.6934	-0.0327	0.1986	-0.2114	0.0049	-0.9346	-0.0095	0.9528	-0.9394	0.9867	-0.7929	0.7240	0.1034	0.7208	0.8840	-0.7687	-0.5180	0.8730	1.0674	0.3557	-0.7109	1.1940	-0.4414
-0.4987	-1.1569	-0.0582	-1.2682	0.5122	0.1428	0.9056	-0.1576	0.1285	-2.0516	1.6259	-1.3342	0.9557	1.9341	2.0705	-0.7474	-0.9460	0.2213	-1.0494	1.7033	-2.2783	-1.1481	-1.0624	1.1436	-0.6326	-0.1155	-2.5141	-1.0436	-1.1749	-1.1022	-0.4827	-1.4086	0.2775	0.3474	-0.0351	-0.4317	0.9580	1.8878	-0.6298	-0.0786	0.3825	-0.9693	0.3564	1.8526	0.2433	-1.9342	-0.8428	-1.5694	0.5007	0.7545
1.2920	0.0719	-0.4219	1.3003	-0.6993	-0.3222	-0.3692	0.8214	-0.4010	-1.6696	-0.7403	0.7940	-2.2502	-0.2868	0.3611	-1.7067	-0.8045	-1.1525	0.2153	-0.1558	0.8782	2.3706	-0.3687	0.3902	-0.5723	0.5399	0.6739	-0.0658	0.3660	1.5437	-1.0771	0.3092	-1.3668	-1.4464	0.0904	-0.5215	0.8416	-1.0564	1.2286	1.3073	0.3211	1.2948	-1.8871	-1.2487	1.3424	1.4876	0.7933	0.2016	-0.6396	-0.4023
0.4014	-1.2728	0.8861	-1.4951	-0.5685	-0.3914	0.3535	0.3430	0.3852	-0.7145	0.2519	2.4960	-1.7937	-0.3409	1.9783	0.1752	-0.4714	0.0688	0.0661	1.0571	-0.6107	-0.6501	-0.9928	0.2681	-0.7790	0.9788	-0.3252	-2.7616	-0.2530	0.3220	-0.5688	0.2512	-1.6506	1.7997	-0.4183	-0.2442	-0.4009	0.7956	-0.1603	1.7019	1.2624	-0.3628	0.3945	0.6114	-0.1371	-0.4606	0.3721	-0.3902	-0.6845	-0.8001
-1.3053	-1.1469	0.4207	-0.0138	0.6615	-0.3802	-0.2809	-0.7612	-1.9370	1.4573	-1.5534	0.9388	0.7985	0.4498	1.4930	0.7418	-0.6459	0.6205	1.7328	-0.4739	1.2826	1.7954	0.4911	-1.9319	0.9383	0.7187	1.5993	-1.5062	1.3511	-0.1541	1.5218	-0.5593	-0.3564	-0.6681	0.0641	0.5339	-0.3171	-0.8691	0.3108	-0.4588	-1.0438	0.7215	-0.9495	-1.0855	-0.7866	0.9492	0.2903	0.9073	-1.0636	1.1735
1.6116	-0.3148	-0.1818	-0.8155	1.8401	0.3793	1.1144	-0.4614	-0.2680	0.9603	-0.9266	-0.8515	-0.6195	-0.1703	0.2281	-0.7037	0.6055	-0.8842	0.4352	-0.5411	1.5363	0.2011	0.7299	-1.4469	0.8576	-1.2659	1.6951	-0.2239	1.1887	0.9626	1.2299	1.5712	1.0085	-0.6536	1.8251	-0.2332	0.5836	-1.5052	0.8564	-1.6563	-1.0946	0.9586	-1.4024	-1.6171	0.0600	1.4066	0.5535	0.2394	-0.7254	0.6807
1.5895	2.0326	-0.1100	0.2941	0.2880	0.6735	0.5677	-0.8828	0.0061	-0.1679	0.3227	0.1184	-1.2792	-0.4536	-0.9828	-1.9606	-0.8443	0.0901	-0.1017	0.2753	-0.2846	1.0945	-0.1343	0.6880	-0.2255	0.6573	-0.8637	0.3967	-0.4603	1.9244	-0.2946	0.3978	-2.4364	-1.3026	-0.7326	0.4494	0.5798	0.0806	0.3200	1.0903	0.0114	0.4076	-0.7388	0.5198	0.2917	0.1907	-0.1369	-0.8668	-1.1861	-0.2907
-1.5247	0.5710	-0.7362	-2.1762	1.9609	-0.5430	2.1603	-0.0053	-0.5533	-1.4485	0.4745	0.8508	-0.6675	0.9977	0.0646	-0.3790	2.3265	-0.5856	-0.1933	2.4246	-0.1430	0.1017	0.1135	-0.1366	-0.3019	0.0066	-0.4307	-0.5347	-0.2161	-2.2128	-0.6115	-2.6874	0.7892	-0.0479	-0.3491	0.3438	-2.2615	-0.4390	0.3032	-0.3439	0.4640	2.8417	-2.8795	-1.4336	1.8639	0.4280	1.1353	0.2672	-0.7915	-0.1029
0.5285	0.6200	-0.0287	0.5304	-0.1007	-0.2640	-0.1482	-0.8729	0.1749	-0.4631	0.2918	-1.8111	1.1962	-0.4620	-1.5570	-0.0344	-0.1048	0.3215	-0.6574	0.2566	-1.1004	-0.1771	-0.9221	0.4431	-0.8077	-0.3943	-0.2783	0.5655	-0.8670	-0.4898	-1.4519	0.5041	0.3747	-1.6386	-1.9413	-1.0905	1.1343	1.2231	-0.2899	-0.7364	0.2660	-0.0737	0.3024	0.0535	0.7456	-1.3349	-1.1069	0.4480	0.1238	-1.0816
-1.6575	-0.1337	-0.4232	0.7455	-0.5589	1.1832	-0.6093	0.2411	-1.0973	0.7234	-0.5483	-0.6019	-0.2971	-1.4578	-1.1563	0.5150	1.3155	-0.6758	0.1190	-0.5451	0.8798	-0.8625	1.6828	0.1456	1.3093	-1.2246	1.4539	0.7213	1.0977	-2.1345	0.0426	-1.0559	1.7949	-1.3658	-0.0767	1.1299	0.0876	-0.5200	-0.7335	-1.7124	-0.9372	-0.4796	0.9861	-0.3939	-0.4819	0.1304	-0.5885	1.0665	0.1199	-0.0692
1.1933	-0.5943	-0.4031	0.8944	1.9262	-0.5627	-1.4280	-1.3206	-4.0202	0.1540	-2.5046	-1.0849	-0.2274	-2.5985	1.5919	0.1840	0.5206	-1.8524	0.9169	-2.4615	1.4186	-0.4018	-0.2055	-3.2154	-0.1507	-2.5716	1.2641	-0.8053	1.8568	1.2584	-0.7705	1.3114	0.9395	0.0356	-0.7155	-1.7189	0.5002	-1.0484	1.9870	-1.3930	-0.1750	-0.4615	0.5171	0.4228	1.0990	0.3041	1.7784	-2.2110	-0.5888	-1.5670
-0.0492	-0.2256	-0.0935	-0.8996	0.4620	-0.4860	1.0211	0.2636	1.0043	-1.0520	1.3603	1.7188	0.5981	1.2008	0.3088	0.8705	-1.0637	1.1813	-1.0205	1.9993	-0.9062	-0.1500	-0.8661	1.7242	-0.8683	2.0602	-0.9075	-0.2242	-1.0130	-0.4890	-0.5987	-0.3316	0.0226	0.0391	-0.6013	-0.2336	-0.3207	0.9246	-0.6098	1.0480	-0.0890	0.5975	-0.2158	0.2650	-0.4383	-1.4104	0.0985	0.3956	-0.6633	0.4070
1.5579	0.2783	1.3169	0.2455	-0.3178	0.0790	-0.9417	1.7985	0.8834	0.8873	0.8020	0.0544	-2.1315	0.4539	0.2001	-2.4617	1.3815	-1.0657	1.2021	0.6940	-0.7011	-1.2529	0.6000	0.4894	0.4910	0.3913	-0.1632	0.2469	-0.8573	2.0058	0.7249	1.4430	-2.1786	0.9244	-1.0677	0.8712	1.3379	-0.0738	-0.1219	2.9689	-0.4128	0.0474	-0.4746	-0.4630	0.0150	1.7554	-0.8439	-0.6794	0.1810	0.8471
2.9879	0.0737	-0.5826	0.6959	-1.7680	2.6891	-1.0247	-0.3544	1.3504	-1.0130	-0.0428	-1.7580	0.3092	0.9200	1.0757	0.6116	-0.7213	0.0963	0.2264	-0.5127	-0.4238	1.3382	-0.5664	1.1686	-0.9167	1.7995	-0.5350	-1.0321	0.0714	2.7545	-1.1776	1.7262	-1.9179	0.5491	-0.9719	-0.5121	2.4748	-0.1091	1.6910	0.6112	1.0122	-0.2879	-0.2086	0.3506	1.4733	-0.3785	0.5309	-0.8335	1.3296	-0.0855
1.4384	-0.1306	-1.6749	-1.2463	-0.3247	0.4331	0.3501	-0.1927	0.1022	1.0337	-0.3656	-1.5693	0.1936	0.8419	0.2340	0.7084	0.1907	0.4031	-1.7595	0.3427	0.8319	0.4811	1.5977	-0.5179	0.9755	-0.6792	0.3910	-0.8088	0.7408	0.2483	0.5134	1.7886	0.0599	-0.5764	-0.9031	1.1109	2.0264	-0.3366	-0.2779	-1.2876	-1.0925	0.6148	-0.5965	-0.8003	0.1570	0.7559	-1.0227	0.7223	-0.8005	1.5109
0.1167	-0.5262	0.4686	0.0859	-0.3552	-0.1572	-0.1787	0.1395	0.1319	0.0649	0.3344	-0.7018	-0.2762	-1.1386	-0.6859	-0.3946	-0.0669	0.2211	-0.8563	0.0416	-0.3193	-0.2997	0.0873	0.0351	0.2083	0.5065	-0.8435	-0.2575	0.3042	-0.6248	-0.8711	-0.6239	0.1464	-0.7789	1.3496	-0.2250	0.1786	0.0232	-0.1995	-0.3827	-0.3569	-0.0496	-0.0422	0.2393	0.7642	0.0275	-0.3437	-0.0304	0.5200	-0.4506
-0.9024	0.8555	0.1468	0.4307	0.4392	0.0358	-0.4941	0.0465	1.7163	-0.3682	1.0791	0.3862	0.1367	-0.0032	-2.6378	0.8827	-0.5072	0.8523	0.5631	1.1119	-0.4901	1.0563	-0.1041	2.1867	-0.0102	1.9533	-0.2003	1.6210	-0.6013	-0.6839	-0.3407	-0.5552	-0.6910	-0.8405	-1.7878	1.0469	-0.6137	0.5917	-0.7779	0.5617	-0.4613	0.1685	-0.1036	-0.4838	-0.1979	-0.2642	-0.0143	0.7710	1.0173	-0.0487
-1.3224	1.0437	1.0459	-0.8876	0.8758	0.2572	0.5056	0.2941	-0.2046	0.3687	0.4391	0.6567	-0.2286	0.0654	0.3484	1.3605	-0.9086	-0.4866	-0.6446	1.3965	0.4019	-0.8732	-0.5175	0.3918	-1.2347	-0.8981	0.5498	-0.3046	1.1161	-1.4754	-0.8855	-1.2277	1.6710	-0.3554	0.0678	-1.5716	-0.8402	0.1602	-0.4983	-0.7129	0.7887	0.6731	0.1668	-1.0586	0.1974	-0.4453	0.0127	1.6886	-1.2209	-1.4014
1.7247	1.1521	-2.4066	-0.5421	0.0730	1.6386	1.2098	0.5214	-1.4679	-0.4304	-0.7316	-0.4346	1.4037	-0.8043	-1.0226	1.2895	1.5606	-0.7559	0.7692	-0.3823	1.8689	0.4854	0.8559	-0.6900	0.7818	-0.8774	1.3905	1.3515	0.5212	2.3292	-0.3476	0.5411	0.7551	0.4652	-0.0743	-1.0054	1.4097	-1.3033	0.5121	-1.9785	-1.4699	0.9855	-0.4116	-1.4295	0.3264	1.3949	-0.0081	0.9574	-0.8098	0.0555
-0.5006	0.0404	-0.5260	-2.4030	-0.9867	1.3674	1.7211	1.2595	-1.1587	-0.2173	0.6060	0.7346	-1.1482	0.7292	0.5675	0.4914	0.1418	-1.6314	-0.2680	0.5708	-0.7284	0.3151	0.7278	0.4919	0.8844	-1.9205	-0.6404	-0.1712	-0.3010	-0.5568	1.5445	-0.2711	1.1194	1.1281	-0.1078	0.1738	1.1887	0.6830	-0.7667	-0.3518	-0.7615	-0.4893	0.5330	0.4529	-1.4812	-0.6210	-0.9280	0.6231	0.9983	1.1559
-0.0278	-0.9063	-0.6399	1.0741	-0.4204	-0.7662	-1.4374	0.8329	0.1943	0.7828	-0.7970	1.2984	0.1818	-0.3128	1.7387	0.3943	0.4275	-0.0171	0.9555	-1.0098	0.2641	-0.4429	1.7934	-0.4390	1.6852	0.4538	0.2209	-1.7212	1.6653	0.4729	0.6995	-0.0415	-0.7987	-0.0508	0.0541	1.7007	-0.4618	0.2343	-0.8085	-0.1715	-1.7140	-0.9447	0.6039	0.5521	-1.4300	-0.5493	-0.4975	0.5315	1.7410	0.1660
-0.6017	-0.4136	0.5735	0.4382	0.7777	0.6504	-1.0731	-0.8191	0.4272	0.0710	1.4062	0.4391	0.7802	0.5212	-0.2592	0.2194	0.2487	-0.2357	0.0390	-0.4308	-1.4987	0.3629	0.2408	1.2367	0.2999	0.6059	-1.4753	-0.6836	-1.3477	-0.4296	1.1241	0.0227	-0.1123	0.0292	1.1911	-0.1075	-0.5348	1.3315	-1.3118	0.0675	-0.1219	-0.9709	0.8266	1.1276	-1.3127	-1.1446	-1.0069	-0.1531	-0.0633	0.3778
0.3460	0.8693	-0.8976	0.5833	-0.8877	-0.8183	-0.7237	-0.0404	-0.6691	-0.1550	-1.3510	-0.0846	0.2170	-0.4961	-0.7495	-0.4062	-0.4323	-0.2009	-0.3301	-1.7656	1.2299	0.1744	0.0083	-0.3929	0.2321	-1.8672	1.0514	0.4921	-0.0427	0.1941	-0.1662	-0.4871	0.7416	0.1479	-1.2745	-0.3757	-0.0638	-1.5567	1.6609	-0.8481	0.2135	0.4313	-0.2514	-0.4961	0.4950	1.2479	1.6551	-0.5533	1.1063	0.2206
-1.1953	0.4528	0.0716	0.8259	0.4079	-1.3214	-1.0962	-0.6034	0.2807	-0.1475	0.3769	-0.6800	1.5656	1.1058	-0.1054	-0.3031	-1.1298	-0.2942	-0.1336	-0.6677	-0.8329	0.0967	-0.1119	0.3605	0.0786	-1.3688	-0.7538	0.5814	-0.1651	-0.1533	1.2126	-2.0105	0.9216	-0.2243	-0.0593	-0.3767	-1.8942	0.5412	-0.9954	-1.2030	-0.3152	-1.0350	0.7010	1.2558	-1.2437	-1.0475	-0.0128	-0.2654	-1.7271	1.0773
0.5725	1.8035	-1.1517	-0.5277	1.4988	-0.3553	-0.4206	0.3048	-1.0602	-1.1643	-0.8108	0.0985	0.7604	-1.1343	-0.6390	-0.2791	0.2389	-1.2415	-1.0489	-1.0246	0.3836	-1.4199	0.1611	-0.7101	-0.0187	-1.0603	-0.1103	1.2555	0.6882	0.3252	-0.6747	-0.2973	0.4517	-0.8214	0.1824	-0.3142	-0.4673	-1.0016	1.0894	-1.7360	-0.5256	-0.0116	0.4069	0.4340	0.0585	0.4328	0.9690	-2.2051	1.2934	-0.7481
0.4204	0.8517	-1.5713	-1.8837	0.3954	-0.0891	1.3848	-1.8541	1.1199	-1.2425	0.2690	-0.3253	1.2381	-0.1469	0.0282	0.9208	1.0053	0.9195	-0.3215	0.3347	0.1671	-0.8062	-0.8902	0.9053	-0.7388	0.3124	-0.0212	0.2293	-1.0310	-0.2092	-0.6113	0.1684	0.2881	-1.2660	0.9467	-0.6839	0.7111	0.8190	0.0891	-1.3830	1.2967	-0.5777	1.1937	0.3394	-0.4932	-0.6757	-0.6810	-0.2508	0.7322	-0.9941
-0.2513	-0.1503	-1.0332	-2.1781	-2.5595	-0.3373	1.8354	0.3135	0.0209	0.9647	0.5935	-0.0863	0.7268	-0.4543	-0.0113	1.6841	-2.0750	0.4127	-0.8816	1.4164	-0.8711	-0.5696	0.9791	-0.3005	0.9437	0.6528	-1.0087	-0.1512	0.0897	-0.7118	0.2178	0.8042	1.3080	-0.1221	0.3147	0.6450	0.4593	0.5170	-0.6669	-0.9583	0.5619	0.3280	0.3297	0.0968	-0.2060	-0.9914	-0.7854	1.1871	-0.9754	0.5142
-0.4851	0.5677	-2.9915	-0.6406	0.8582	0.1107	0.1182	0.3055	1.5217	-0.0683	0.5452	-0.2126	-0.6558	0.4183	-0.6715	-0.6848	-1.2403	-0.8944	-0.3622	0.6970	-0.0673	-0.8657	2.1014	2.0478	2.1889	1.9233	-0.3858	1.2188	-0.7119	-0.5622	1.3454	-0.0985	-1.3417	1.0686	-0.3955	2.7977	-0.3587	-0.5039	-0.6882	-0.2327	-2.9287	0.9952	-0.7766	-0.4977	-0.2875	0.4177	-0.2578	0.1786	-1.9923	2.1426
0.7323	-0.2006	-0.8128	2.5431	0.5861	0.1167	-1.6198	-1.0788	0.1337	-1.3750	0.2904	2.0528	0.3536	-1.2663	0.3575	-0.9876	-1.8964	-0.5941	0.3714	-1.9341	-0.5367	0.4437	-1.3005	-0.9455	-1.1130	1.1213	-0.2966	-0.2035	-0.6871	0.9806	-1.8687	-1.1809	-1.9822	-0.3568	1.3316	-0.5527	-1.8918	-0.1882	1.4143	1.1876	0.6970	-1.4764	0.8236	1.0519	0.5587	0.2591	1.9535	-2.4909	-0.1019	-1.1888
-0.1578	-0.7133	-1.4449	0.3040	0.8887	-1.2592	-0.7293	-0.4549	-0.2023	1.5957	-0.2147	0.4716	0.8509	0.1804	0.4587	-0.4881	1.4506	0.2982	-1.1673	-0.6274	1.1813	0.4157	1.5885	-1.5169	0.8979	-0.6686	1.4737	-1.4915	-0.4771	-0.8330	1.5007	-0.1456	0.6835	-0.8232	0.3736	1.1653	-1.6273	-1.5609	-0.5837	-0.1837	-1.1430	1.2427	-1.7084	-1.7729	-0.0035	2.2757	-0.3741	1.4738	-0.7307	0.7465
1.7001	0.0873	0.1982	-0.1934	1.0730	0.2478	0.6540	-1.0684	0.7379	1.7071	0.4002	0.7127	0.8758	-0.4826	-0.7193	-0.9299	-1.0662	1.4945	-0.8010	-0.4624	0.3939	0.2513	1.3294	0.8517	1.1920	-0.1321	-0.1356	1.1220	-0.0453	1.0163	1.8835	2.2939	-0.4861	-0.5122	-0.1123	0.6931	1.1190	-1.3444	-0.3336	0.6352	-0.9299	0.6986	-0.9459	-0.5051	-1.1755	1.5653	-0.2972	-0.2013	1.4606	0.5067
0.1016	1.4393	-0.6673	1.4468	0.4410	-0.3877	-2.1941	1.6499	-0.1526	0.0187	-0.3372	-0.3537	0.3204	-0.4623	-2.0623	0.5613	-0.1972	0.8986	-0.5961	-1.6147	0.5408	-1.3081	0.0605	0.7849	0.0750	0.6576	0.2611	2.1776	0.0946	0.1125	-0.4265	0.2596	-0.5937	-0.5993	-1.4431	0.2530	0.4066	-0.7265	0.8591	-0.0190	0.7089	-0.6020	0.5953	0.1976	-0.2726	0.4326	0.5691	-1.2441	0.6004	-0.5213
-0.5877	-0.5049	0.1558	0.8955	-0.2353	0.3646	-0.5560	-1.9452	-0.5232	1.1518	0.3389	-2.2422	1.4112	0.2590	-0.3321	1.4202	-1.3251	-0.2884	0.3937	-0.4978	-0.1989	0.4417	-0.1950	0.5236	-0.6470	-0.8864	-1.0079	-0.1565	-0.1791	0.1213	0.0979	-0.0422	0.9376	-2.6374	0.6358	-1.7334	0.7550	-0.0577	-0.0509	-1.1209	0.0995	-0.3693	0.6288	0.4694	-0.2372	-0.4611	-0.5976	0.0114	-0.9796	-0.5084
-0.5118	0.0618	0.2561	1.6456	-0.3659	-0.6870	-1.4342	0.6548	-0.0414	-0.8584	0.3406	-0.6624	0.6446	-0.2586	-0.2953	0.2207	-0.4409	-1.0593	0.8575	0.3471	0.1974	-1.3692	-0.9950	-1.3573	-0.6204	-0.6513	-0.0049	0.5693	-1.0901	-0.2598	-1.0088	-0.1563	1.3140	-0.0967	0.5204	-0.8827	0.3669	0.2749	0.2362	-1.5172	1.5519	-0.2153	0.5593	0.3051	0.7734	-0.3440	0.5452	-0.2849	0.4387	-0.8443
0.2774	0.6300	-0.2263	-0.3001	1.1298	-1.2263	1.7169	0.0707	1.1450	-0.4067	0.7242	2.0782	-1.0404	-0.5129	-1.0833	-0.1911	-1.8498	1.6503	-0.7021	1.5114	-0.6176	0.4110	-0.7197	0.8010	0.0264	0.3457	-0.1255	1.7089	-0.0479	-0.1815	-0.0462	0.6708	-0.8446	1.2350	-0.2756	0.8513	-0.4480	1.2292	-0.1856	0.7216	-0.2874	-0.1508	0.4284	0.2251	-0.5597	-1.1853	-0.2204	0.0212	0.4672	-0.7491
-0.3087	0.1707	0.8762	0.5012	1.0134	-1.2725	-0.7858	0.2858	0.0698	-0.6804	-0.4345	1.3589	-0.5660	0.7808	0.1771	-0.0446	0.5809	-0.2312	1.8414	0.0150	0.2258	-1.0120	-1.5555	0.0942	-1.9066	-0.5255	0.5546	0.0075	0.2026	0.5035	-0.9263	-0.0894	0.3834	0.3237	1.8656	-2.0057	-0.0271	0.0653	1.0233	0.3597	1.8167	-0.0906	0.2654	0.2092	0.0531	-0.0516	1.2159	-1.5004	2.1878	-1.4478
0.4091	2.6800	0.8622	0.1897	-1.1320	2.5598	-0.5255	0.2081	-1.4129	0.4235	-1.8804	1.1303	0.6597	0.5555	-0.8370	1.0619	0.3538	0.1527	-0.8153	-0.3509	1.8640	1.5550	0.3371	-1.8482	0.1084	-0.1499	1.9602	1.0896	0.5835	-0.7252	0.7152	-0.7478	1.4411	-0.0334	0.5657	0.0098	-1.5722	-1.1942	0.8641	-1.8359	-0.3600	1.3488	-0.5628	-2.0362	-1.0719	1.4097	0.7974	2.1093	-1.1125	0.6686
0.2307	0.9378	0.1109	0.7749	1.1630	-1.5003	-1.1833	0.5964	-0.3237	1.4293	-0.2088	-2.1529	0.3409	-0.3213	-1.0684	0.6291	0.0957	-1.3899	-0.8510	-0.5464	-0.6233	-1.2999	1.3246	-0.0557	0.4908	0.2541	-0.5910	1.4948	0.4195	-0.5890	0.7175	0.6341	0.1345	-0.9082	-1.3762	1.1453	1.3479	0.8300	-1.4204	-0.4538	-1.1922	-0.9208	1.2529	1.1942	-0.9664	-0.7837	-2.1663	-0.6143	0.6732	-0.5051
-1.5201	-1.4070	1.2886	-0.5291	-1.2245	-0.8189	-0.0446	1.5231	-1.2067	1.3334	-0.5820	0.4493	-0.7273	-0.6511	-0.0278	0.0059	0.4279	-1.5804	0.7053	-0.1835	-0.0776	-0.5104	1.3236	-0.9455	0.9978	0.2331	0.0935	-0.3392	0.3825	-0.9703	0.7576	-0.5297	-0.2389	0.0570	0.7528	1.1506	-1.1859	0.1854	-1.4681	1.1150	-1.2461	-0.7191	0.2785	0.6938	-0.6201	0.2215	-1.0076	0.5845	-1.2978	0.4310
-0.1030	-1.8333	-0.2185	-0.9079	0.2029	-0.5758	0.8418	1.3256	-0.8989	-0.2476	-1.4467	0.0488	-1.6630	-1.7239	1.2565	-0.8217	1.4585	-0.1122	1.0291	-1.5967	0.8745	0.5456	0.1895	-0.4667	0.2010	-0.3093	0.5138	-0.6262	0.7822	0.0221	-0.3745	0.1757	-0.6924	1.6157	0.3905	0.9691	0.3257	-1.3103	1.2407	0.0300	1.1115	0.2121	-0.8481	-0.0854	1.5586	1.2900	1.3382	-1.0412	0.7945	-1.1491
-0.6660	0.6756	0.3408	1.2846	1.5009	0.6338	-1.1632	-1.8218	-0.6957	0.0224	-0.8617	-1.7111	-0.8758	-0.4312	-1.5663	-0.8924	1.6636	-1.4450	-0.6437	-1.6628	0.4538	-1.1367	-1.1456	-0.2758	-0.3696	-1.1367	0.2451	1.9876	1.5195	-0.0483	-0.4079	-0.8830	-0.0934	1.5404	0.9602	0.5030	0.7460	-0.4165	0.8322	0.2730	-0.2624	-0.8043	0.9007	0.8518	0.0772	0.6779	0.6429	-2.3037	-0.8939	-0.8997
-1.8451	0.7719	0.1299	-0.8512	-1.2823	1.4838	0.2581	-1.0604	-0.7961	-1.2350	-2.4568	-0.6723	1.1327	-1.9962	0.1223	0.4539	0.9035	1.2267	1.2628	-0.1958	2.1631	0.0582	-1.2825	-0.9125	-1.1531	-0.4708	1.6816	-0.5062	2.6043	-0.6680	-1.9421	-1.6994	0.7198	-0.3141	-0.3821	-0.5915	-0.4302	-1.5614	1.7525	-1.6840	2.2978	2.0986	-1.5401	-1.7626	2.5060	0.9706	1.3229	1.2385	0.3073	-1.5458
-0.0284	-0.0274	0.0957	0.7399	-1.1640	-1.5028	-0.6300	0.8035	0.6280	0.6176	1.8631	0.7123	-0.4240	1.3029	1.1623	1.2814	0.6099	2.3488	-0.7062	0.5969	-1.6102	0.4821	-0.1273	1.1873	0.0269	-0.1959	-1.5803	-0.5498	-1.0255	-0.9132	0.7828	1.0331	1.4083	-0.0129	-0.0382	-0.3142	0.5024	2.1390	-1.0832	-0.5743	0.5380	-2.1025	2.0059	1.7340	-1.7391	-1.9751	-1.3039	-0.0513	0.7618	0.7260
-0.0598	-0.4985	-1.3894	0.3203	-0.1260	-1.3949	-0.1433	1.1371	0.7168	-1.1157	0.5224	1.9833	-1.1528	0.8927	1.4131	-1.2166	1.6164	1.9829	-0.8017	-0.0157	0.0633	0.5549	0.5912	1.4998	0.8816	-0.4335	0.1163	-0.4434	-0.7785	-1.0530	0.3963	0.0160	-0.2127	0.8238	0.7491	1.2157	-0.0667	-0.4874	-0.0136	0.1474	-1.4126	0.4115	-0.8676	-0.5986	0.1892	0.4629	-0.0568	0.3680	1.1373	1.6280
0.4256	-0.0179	0.2002	-0.1411	0.6781	-1.3462	-0.1563	-0.7431	-0.6690	-1.5508	-0.1624	0.4884	-0.0031	-0.3727	-0.2330	-0.5402	-0.3866	0.6281	-0.5540	0.1218	0.8561	-0.0634	-1.2439	0.4207	-0.8308	0.3610	0.5936	0.4291	-0.0118	0.0863	-0.6616	-0.6537	-0.2114	-0.3396	1.4130	-0.1194	-0.5448	-1.5101	1.7609	0.1386	1.6805	2.0095	-1.7987	-1.7197	1.3695	0.9670	1.7237	0.0351	-1.1258	-0.2923
1.5274	-0.0685	-0.2231	-1.0285	-1.0469	0.2572	1.4476	1.0120	2.0123	0.3345	2.7143	0.9437	-0.5163	2.5462	-0.3217	-0.1992	-0.2989	1.7527	-2.0643	2.2588	-1.8112	-0.7367	0.7704	1.8716	0.6271	1.3440	-1.6402	-0.2702	-2.8982	0.1041	1.1249	1.8852	-0.3858	1.1940	-1.8904	-0.0215	1.1376	1.4944	-1.4240	1.3543	-0.5378	0.4321	-0.6568	-0.4976	-1.1553	-1.4184	-1.6646	1.6021	0.5345	1.9638
-0.3341	-0.7562	3.0257	-0.8606	-0.0570	-0.3363	1.4509	-0.5795	-0.0820	-1.8751	0.1453	0.8425	1.2325	0.9323	0.9778	1.4762	-0.1321	0.6009	-0.2748	0.7474	-0.2100	0.4261	-2.7162	-0.2132	-2.3705	-1.0432	-0.2365	-0.2028	-0.8219	-0.1741	-0.9722	-1.4726	1.8466	0.0256	-0.8323	-2.3192	-1.7953	0.4206	1.0830	-0.1801	2.4437	-0.3365	0.8966	0.1794	-0.4392	-0.7798	1.5274	-0.6031	-0.1153	-1.4018
0.5364	-2.0503	0.2773	-0.4407	0.5893	1.3397	0.8989	0.1582	-0.2075	0.0936	-0.5819	-0.1611	0.1171	-0.9932	2.2374	1.0456	-0.5716	0.4724	0.0014	-0.9804	-0.4120	-0.1515	-0.5109	0.1733	-0.4158	1.2318	-0.9503	-1.3463	1.1254	0.6188	-1.1643	-0.3816	-0.2703	-2.0952	1.5044	-0.8255	0.9447	0.6938	-0.3566	-0.2463	-0.3591	-0.9031	1.1887	1.7904	-0.0051	-0.5879	-0.8052	-1.5510	-0.0335	-1.0249
-0.2093	0.2818	-1.0830	-0.7036	-0.8598	-0.6903	0.3036	-0.7731	-0.1695	1.7307	-0.3832	0.5169	0.6562	-1.2783	-0.7322	-0.5278	1.2063	-0.4150	0.9223	-0.8247	1.4101	1.0906	1.4139	-0.5867	1.5124	-1.1681	1.0181	0.3832	0.7403	0.4897	1.2119	0.5921	0.4669	-1.1521	1.5072	0.6607	-0.0175	-1.2881	-0.1418	-0.3786	-1.3950	0.7070	-0.8422	-0.7839	-0.3163	1.1246	-0.6286	1.2669	2.4115	0.4928
-0.6669	-0.3140	-0.5461	-1.5148	-0.5348	0.3745	0.7168	1.7673	1.3878	-0.4482	-0.1276	0.6800	-2.2025	0.4168	0.0134	-1.1795	1.2581	-0.7000	1.7618	-0.0946	0.0342	-0.5741	0.8021	-0.7405	1.3845	-0.0909	0.1687	-0.1607	0.4651	0.9289	0.5607	-0.9652	-1.1531	0.7388	-0.4254	1.3402	-2.0260	0.2053	-0.2142	1.7966	-1.7096	-0.1334	-0.3074	0.1169	-0.1653	-0.2968	0.3011	0.2429	-0.1680	1.5021
-1.4992	-0.0249	-1.2904	-0.9617	0.6517	-0.7056	0.5369	-1.7194	-0.2716	-1.7522	1.5930	0.1531	1.4233	1.1724	-0.5360	1.5667	1.2543	-0.3579	1.3210	1.3348	-1.6520	0.2104	-1.5190	-0.2211	-1.1941	-0.3386	-1.3802	0.2005	-0.7831	-0.9216	-0.0817	-1.6305	1.5834	1.8195	0.5011	-1.2762	-1.3058	1.4331	-0.8891	-1.4086	0.9844	-0.7630	0.8457	0.9541	-0.1280	-2.0276	-0.1449	-0.0207	-1.5949	-0.1524
0.6687	0.3942	-0.5625	0.4799	-0.0775	0.7932	-0.0515	1.6912	2.5977	0.8283	2.5931	-1.8971	-1.0668	1.6409	-0.5735	-1.2436	0.8230	2.6369	-1.2540	0.7900	-2.4853	1.5467	1.2809	2.5553	0.6411	1.2072	-2.0823	0.3948	-2.2130	-0.1540	0.7140	0.6245	-1.3352	-0.5958	-0.3152	1.3962	0.0239	1.4392	-1.4684	1.3994	-1.3703	-0.5105	-0.0629	1.2782	-0.3292	-0.5352	-1.6105	-0.4242	-1.7270	1.6038
0.6153	-1.2000	-1.2628	0.6128	-1.8142	2.1264	-1.4081	0.7334	-0.2184	1.0121	0.9094	0.9866	-1.1074	-0.7763	-0.2956	-0.6397	1.2033	-0.5865	-0.1275	-0.6478	-0.6036	-0.9776	1.5409	-0.3718	1.2188	0.5458	-0.2605	-0.4448	-0.1209	0.7430	0.4966	0.1909	-1.1600	-0.7870	-0.1165	0.9893	0.1201	0.3276	-1.5685	0.8241	-1.3750	-1.0685	0.4933	0.4904	-0.7848	-0.7956	-0.9849	1.6332	0.7926	0.1566
-1.8380	-0.1643	0.9044	0.8891	-0.3006	0.9819	-1.9426	-0.0654	1.8244	-0.4536	1.1407	-1.1979	0.1704	0.9879	0.1244	-1.2592	0.1701	1.0892	-1.4218	-0.6615	-2.0316	1.4501	-1.3202	2.0418	-1.5759	1.1719	-1.8232	-0.8401	-0.9888	-1.7787	-0.7569	-1.4320	-0.0360	-2.3907	0.4075	-0.3002	-1.0172	1.4454	-0.8497	0.7490	0.6678	-1.6355	1.2714	1.6420	-0.7898	-0.6206	-0.3633	-1.0704	2.1001	-0.6017
-1.3457	-0.7218	1.6809	-0.5944	0.2299	1.1649	1.2672	0.3991	0.7526	-1.2505	0.0517	0.1086	0.1358	0.3270	0.6745	-0.6361	0.1964	0.4409	0.0121	0.6012	0.8362	0.0034	-2.2621	0.2757	-2.1533	-0.6671	0.7044	-0.1276	0.8429	-1.3041	-2.0684	-1.1951	1.0444	0.8359	-0.2642	-1.5642	-0.2974	-0.8714	1.4919	0.1580	1.2200	1.2619	-1.0509	-1.3679	2.2012	0.6073	1.7473	0.0354	0.2465	-1.3168
0.9211	0.9934	0.3734	0.5565	-1.2878	1.0643	-0.6924	1.1335	0.1301	0.7491	0.7255	-1.2006	-1.2557	1.6108	-0.1145	-1.1657	0.1006	0.3834	-1.3490	0.2481	-0.6512	0.0741	-0.0413	0.8202	0.3026	-1.5411	-1.0447	0.1252	-0.6169	-0.1939	0.5712	1.7083	-0.0471	0.6454	0.2869	0.4100	1.9899	-0.1130	-0.0413	1.2019	-0.1752	-0.1296	-0.1172	0.9290	-0.3293	-0.0970	-1.0525	-0.6295	-0.0825	0.7628
-0.6741	-0.7061	-0.9106	2.8172	-0.2248	-0.5883	-3.2443	0.4164	-1.9397	-1.3108	-0.7497	-1.3275	0.9427	-0.6164	-0.1675	-1.0287	0.5827	-1.6756	1.2706	-1.8861	0.3427	0.1920	-0.5484	-2.2856	-0.4413	-0.6075	0.7748	0.0847	0.6277	0.4422	-0.8011	-0.9042	-0.0212	0.2033	-1.5592	-0.6928	0.4581	-0.6004	0.7076	-0.8313	0.0380	-1.2690	0.9475	0.5779	0.3756	0.8702	0.8806	-1.2630	0.5690	-0.3468
0.0171	1.3839	-0.4487	0.2739	0.7395	-0.8591	1.1575	2.6167	-0.6950	-0.6281	-0.1035	-0.2779	-2.0678	0.7994	-1.1437	-0.4012	-1.1119	-1.1637	-0.8688	0.2620	-0.5201	0.6480	0.6313	-0.5842	0.5230	0.3426	-0.4657	1.3114	0.2702	-0.0390	-0.0609	0.3241	-1.1706	-0.6836	0.7395	0.6338	-0.9516	0.3407	-0.5225	1.1346	0.0048	-0.4925	0.3763	1.0872	-0.4236	-0.0647	-0.2823	-1.1326	-0.6449	0.6628
0.5593	0.1258	1.3451	1.2505	-0.6178	-0.3135	-0.9164	1.4846	-0.7805	1.0552	-0.8417	1.6234	-0.4113	-0.2989	-0.8255	0.2307	-0.8928	-0.8519	-0.6097	-0.8986	0.8237	-1.4309	0.0169	-0.1035	-0.1873	-1.4470	0.9629	1.2330	-0.2911	0.3084	-0.6006	1.4904	0.4649	0.6482	-1.0684	-0.0738	0.5573	-0.8487	0.9254	0.1157	0.2716	-0.1457	0.4364	-0.3662	-0.1123	0.2117	0.9563	-0.0648	-0.2158	-0.5976
2.0747	-1.1869	1.9174	0.3913	-0.3068	2.0124	-0.3330	-0.3677	0.1118	-0.9770	-0.1943	-0.5517	-0.5880	0.1645	-0.0862	0.1707	0.3648	0.5975	-0.3371	0.6556	0.4067	-0.4933	-1.5384	0.0198	-1.5382	1.3824	0.5586	0.2873	0.3271	0.9090	-1.3138	0.2284	-1.4307	0.3951	0.9636	0.0209	-0.1600	-0.4141	1.1883	1.4938	1.9654	1.2658	-0.9361	-1.2793	1.9002	0.7572	1.1525	0.2762	-0.6177	-0.8547
-0.6955	-0.3714	0.2772	-1.1359	-1.0802	1.2669	1.4263	-0.6790	0.3924	1.6298	1.1580	-0.8854	1.2150	0.4588	0.6297	1.0623	-0.4540	0.4805	-0.5930	1.6414	-1.2103	1.0007	1.0759	-0.6058	0.9457	-0.6484	-0.8103	0.0878	-1.1970	-1.0151	1.4166	0.8685	1.6927	-0.0877	0.8235	-0.1075	1.2871	1.7034	-1.9394	-0.3280	-0.3255	-0.3116	0.1935	0.1263	-1.1752	-1.7911	-2.1828	1.9878	-0.1913	0.4040
-0.4056	-1.8443	-0.3469	-0.8636	-0.9948	0.4492	0.4532	-0.1440	1.1378	0.6730	0.9205	-0.2765	-0.2569	0.9291	2.9693	0.0007	-0.4913	0.6751	-0.1876	0.8048	-1.0506	-1.1591	1.2340	0.3453	1.1296	1.7763	-1.1064	-2.8091	-0.6239	-0.8594	1.7141	-0.1603	-0.0897	1.2375	-0.4200	1.3714	-1.0047	0.8739	-1.2211	-0.0878	0.1219	-0.6136	0.3561	1.0155	-0.8799	0.2390	-1.3782	-0.4897	0.0957	1.5355
-1.4572	-0.8399	0.4166	0.0813	0.5848	0.3033	0.1055	0.0954	-0.3998	0.7841	-0.3440	0.1463	1.0678	-0.2105	0.5717	1.3976	-1.4719	0.4016	3.4952	-1.2701	0.5611	0.7321	0.7523	-0.9306	0.6482	-0.0089	0.2843	-1.2169	0.1963	0.8278	0.5552	-0.5429	-0.1120	-0.9084	-2.1636	0.2579	-0.9911	-0.5667	-0.2364	0.2630	-1.0299	-0.5177	0.5353	0.0968	-0.7169	-0.1260	-0.0003	0.4215	-0.7449	0.7198
-0.9173	0.0309	-1.1589	0.3543	1.7850	0.3358	-1.0614	-0.7434	-0.1218	1.2952	-1.0377	-1.0665	0.9253	-1.1536	0.0209	1.0181	0.9761	-1.5030	0.0652	-0.4611	0.2904	-1.3068	0.9329	0.2855	1.0499	0.3009	-0.1836	0.1578	1.3847	-0.4251	1.1054	0.2879	1.1068	0.3820	-0.1902	0.4945	0.7169	0.2369	-0.2337	-1.6232	-0.5196	-0.8930	1.2604	0.8527	-1.1003	-0.6798	-0.7740	-0.9550	-0.2816	0.5219
-0.2606	0.1947	-0.9212	0.9498	0.0379	0.6867	-0.2852	2.2519	1.1921	-0.4512	1.0682	0.7854	-1.3863	1.3368	-1.3623	-0.7527	0.2235	-0.6312	0.0806	0.1588	-1.3297	0.3464	0.9098	-0.0574	1.2482	1.9428	-1.3156	0.7476	-1.1803	0.1286	1.1526	-0.3034	-2.4745	1.2036	0.6156	1.6603	-0.5946	1.1148	-1.4662	2.1036	-0.2610	-1.1299	1.0047	1.6113	-1.5918	-0.8467	-0.9755	-0.3651	-0.5941	2.0112
0.9297	1.0983	0.8888	-1.1101	0.4406	-0.3329	0.7667	-0.3292	1.4853	0.8098	0.2845	1.8441	-0.2579	-0.7306	-0.4516	-2.0935	1.4337	1.8142	-0.3437	0.5286	0.0794	-0.6667	-0.0577	0.0518	0.1780	-0.0670	0.0622	0.2862	0.1831	1.2710	0.1598	1.0096	-1.1322	-0.4648	1.3418	0.4762	0.1869	-0.9466	0.1891	0.9468	0.4241	0.8656	-1.5292	-0.8267	0.4154	1.7676	0.4124	-0.2852	-0.1910	-0.3822
1.0889	-0.4318	-0.1947	0.9511	-0.4426	0.1578	-0.2475	-0.2261	0.0833	0.8497	-0.4694	1.0273	-0.2857	-0.5181	-1.5547	-1.0400	2.1207	-0.8181	0.3308	-0.6126	0.1035	0.3465	-0.0568	-0.3514	0.0733	-0.2508	0.0792	0.4475	-0.0098	0.5281	0.3053	1.4115	-0.4318	1.2147	0.1342	0.4258	0.2716	-0.7765	0.4946	0.4486	0.2822	0.4687	-0.8420	0.3443	0.5410	1.0116	0.0105	-1.0730	0.1517	-0.4344
-1.4507	1.2251	-0.3322	0.3080	-0.8586	0.0711	-0.3470	-0.1499	-0.6628	-1.1688	0.1685	-1.3213	0.6387	-0.8734	-1.5746	-0.0504	-1.2385	-1.7853	0.2722	-0.6652	-0.1061	-0.0361	-0.3601	-1.2917	-0.0543	-0.5396	-0.2793	1.7013	-0.0656	-1.0525	-1.1282	-1.4845	1.1308	0.0826	0.5263	-0.1596	-0.6404	0.8006	-0.0215	-0.7876	0.6138	-1.2089	1.2730	1.2778	0.1234	-0.5001	0.5129	-0.6706	-0.0207	-0.2458
0.1407	0.8936	0.5357	-1.0289	-1.1124	-0.8183	0.4455	-0.2212	0.8392	1.6469	-0.0947	-0.2625	-1.5488	0.4843	-0.3735	-0.9868	1.1993	-0.3362	-1.4905	0.2118	0.2242	-1.9774	0.4903	1.2565	0.6408	-0.0716	0.1123	0.2654	-0.7408	-1.4485	1.5078	1.1261	-0.8389	0.8046	0.8702	1.5398	1.2936	-0.6735	0.2867	1.3811	-0.9501	1.1210	-0.9584	-0.3878	-0.1915	0.6886	-0.4269	-0.0409	-0.7314	0.7455
1.0289	-0.6971	1.4275	0.4568	0.1712	-0.6419	-0.3154	-0.1627	-0.0611	-0.9792	0.2164	0.6401	1.1212	-0.2574	0.1179	1.5256	-0.3103	-0.8494	-0.2880	0.0268	-0.3595	1.7495	-1.3550	-0.9426	-1.4714	0.3484	0.2011	-1.1094	0.2464	0.8387	-1.2503	0.3457	0.7978	1.0358	1.8619	-1.6693	0.5485	0.5195	0.0542	-0.4973	0.5418	-0.3525	0.5093	-0.2191	1.0253	-0.7414	-0.2278	0.4631	-0.2046	-0.8908
0.8047	-0.7102	0.2850	0.1740	0.7233	0.0638	-0.3343	-0.1926	0.5952	-1.6659	1.2308	0.6556	1.1144	1.4415	0.3597	1.6713	-1.1567	0.7819	1.5470	1.5879	-0.2134	-0.3593	-1.2059	-0.3547	-1.6260	1.2735	0.0727	0.6816	-1.2373	1.5633	-1.0461	0.4016	-0.1927	0.4207	-1.2575	-2.2893	-1.9270	-0.2694	0.7865	0.6859	0.7132	1.3668	-1.0439	-1.3360	0.5427	-0.6627	1.6341	0.5931	0.1101	-0.7664
0.2231	-0.6161	-1.0583	-0.8481	0.3661	0.4472	1.2263	0.7444	-1.7812	1.0346	-1.0937	0.0426	-0.7129	-0.5814	1.5492	0.1179	-0.0546	-0.0236	0.3919	-0.2651	1.0733	0.2030	1.5939	-2.0627	0.9409	-1.5733	1.5404	-1.0575	0.4792	0.2527	0.6512	0.1005	0.7052	0.7104	1.0527	0.5558	0.0463	-0.3492	-1.0706	-1.2977	-1.4889	0.2507	-0.3592	-1.2192	-0.0279	0.2058	-0.9101	2.2517	1.8482	0.5605
1.3817	0.7721	0.4392	-0.3645	0.5929	-1.2967	0.0788	0.6084	0.3555	0.7592	-1.1562	0.8436	-1.6164	-0.9714	-0.7191	-1.9647	-0.4196	2.2374	1.7066	-0.2468	1.1130	0.3765	0.4370	-0.9270	0.7540	1.0159	1.0658	0.7552	1.6224	1.9833	0.5645	0.9871	-3.1218	0.3741	0.2906	1.4075	-0.0268	-1.8293	1.4146	1.6236	-0.0406	1.4981	-1.8743	-1.1474	0.5799	1.0540	1.1541	-0.0135	-0.5567	0.2865
1.1043	-1.1320	0.7079	0.3918	-0.2771	-0.7032	0.5040	-0.4697	-1.2899	-0.1580	-2.1770	1.1712	2.0193	-1.3837	0.4685	0.8194	-0.5656	-0.2469	1.3634	-0.7979	1.6808	-0.4082	-0.7900	-0.9214	-1.0833	-0.2435	2.0293	-0.3174	2.3487	1.4566	-1.3556	1.2317	-0.3331	0.3519	0.4480	-1.6113	0.9819	-1.6712	2.4658	-0.3169	0.0891	1.0601	-0.2847	-1.7967	1.4234	1.0075	2.1821	0.0556	1.2391	-1.1475
1.2195	-1.2195	0.6805	-0.4771	-1.6447	-0.8445	1.2948	1.0430	0.3170	0.7918	1.7363	0.4687	-0.6299	2.0399	1.3592	-2.7941	-0.4748	-0.1906	-0.8700	2.2014	-1.8625	-0.1082	0.9845	1.0733	1.5578	-1.7039	-1.6590	-1.2161	-1.7647	0.6057	1.9324	0.9974	-0.5953	-0.5793	0.2163	0.9681	-0.0921	0.3346	-0.9553	1.7019	-1.7926	0.6907	-1.5146	0.0129	-0.9007	-0.0473	-1.1455	0.5485	0.1487	2.0974
-1.0840	1.7444	0.1034	-0.8114	-0.2427	0.4750	0.9062	0.0482	0.5794	-0.3315	0.6864	0.4541	-0.2929	0.6370	1.0292	0.8667	0.6973	-0.1608	0.7402	0.0265	-0.9541	3.0865	0.5288	-0.5937	0.5282	-0.3030	-0.7842	-1.0302	-0.1435	-0.1924	0.4781	-1.5299	0.2894	-1.3366	0.1942	0.5241	-1.7413	1.3848	-1.7368	0.3246	0.2564	-1.2209	1.3035	0.7236	-2.0662	-1.2021	-0.8253	1.2048	-0.5702	0.5326
0.3918	0.2353	-0.3175	0.9332	2.2930	2.1411	-1.0032	-1.3616	-0.1439	-0.7347	-0.5062	-0.9728	0.4974	-1.1198	0.1125	-0.0529	-0.1831	0.5250	-0.0135	-0.9675	1.0236	0.9836	-0.6836	0.0060	-0.5492	0.4946	1.1280	-0.3513	-0.0291	0.2674	-1.1950	-0.1738	-0.5773	0.5892	-2.3790	-0.6816	0.1146	-0.8317	0.7048	-0.1751	0.7609	0.2524	-0.3164	-0.6866	1.6358	1.2719	0.8100	-0.9586	-1.1729	-1.0437
0.5307	-0.1615	0.2041	1.4271	0.7123	-0.2444	-1.5805	0.0992	0.2102	1.0143	0.7948	-0.2580	-0.4402	0.4323	0.2125	-0.1038	-1.2825	-0.8528	-0.7929	-1.4485	-1.5560	0.0619	1.1404	0.1477	0.5294	-2.0810	-1.6038	-1.8281	-0.6375	0.1101	0.7761	0.5095	0.4056	0.2448	-1.4008	0.1240	1.1227	2.6333	-2.1048	-0.0995	0.4678	-3.2447	3.2194	2.6766	-2.4256	-1.7188	-2.4622	-1.0924	-0.9858	0.6645
-1.5946	-0.2272	0.3545	0.2316	0.7098	0.4385	-0.2440	-0.7116	0.0045	0.2285	-0.1160	0.8979	1.5097	0.4368	0.8812	-0.6918	-0.0525	0.0749	-0.6537	0.1150	0.1143	-0.3232	0.4202	0.4023	0.6841	0.9259	0.4970	-0.9792	-0.0841	-1.8345	1.0705	-2.4057	0.2475	0.2583	-0.9341	1.0087	-2.0431	0.1619	-0.4316	-0.1736	-0.5455	0.1729	-0.2145	-0.9367	-0.6961	0.1314	0.2454	1.0387	-1.5488	1.2720
0.0754	0.5304	0.1804	-1.2824	-2.4924	1.6311	0.6971	0.6533	-0.9718	-1.6240	-1.4727	0.4061	-1.1930	-1.2780	-0.0323	0.1254	0.1198	-0.8914	-0.6343	-0.5115	1.4525	-0.1809	-0.1224	0.0666	0.0675	0.2116	1.5054	-0.9893	1.5854	-0.2584	-0.6360	-0.8103	-0.1730	-1.6853	-0.7925	-0.5660	-1.1672	-1.5797	0.9064	0.3156	0.7890	1.2576	-0.6900	-1.2581	0.7169	2.0643	1.3202	0.7185	0.8826	-0.6743
-0.8646	-0.2061	2.5958	0.2809	-1.3285	-1.3503	-0.0081	1.1119	-0.8864	0.8583	-1.0319	-0.2822	1.8397	-1.6919	0.0687	-0.8537	0.6301	-0.6533	-1.5366	-0.7516	0.9437	-0.3479	-0.6679	-0.5187	-0.0581	-0.7528	0.9543	-0.2071	1.4394	-1.3602	-0.5210	0.5210	0.3004	-0.7734	0.8467	0.6419	-0.2663	-1.2400	1.1189	-0.0619	0.3262	1.1155	-1.2997	-0.7411	1.5263	1.2084	1.3783	-0.0208	0.9709	-0.7006
-0.4247	-1.0801	1.6839	0.4019	-0.5660	-1.3130	-0.1678	-0.5362	0.5093	0.3268	-0.5293	-0.7871	0.2669	0.3247	-0.1486	0.3066	0.1861	1.0853	-1.7959	-0.9824	0.7651	-0.7681	-2.0144	0.3212	-1.6720	0.8846	0.3896	-0.0320	1.3340	-1.5980	-1.2603	0.2610	1.0272	0.6754	0.5923	-0.8372	1.3264	-1.0287	1.9497	-0.2351	1.3027	0.2026	-0.2100	-0.3592	1.4938	1.6152	1.4410	-1.6605	-2.0430	-0.8815
-1.2879	-0.5702	0.4215	0.8633	0.8382	0.9991	-0.5911	-1.0154	-1.2270	-0.1871	-0.3780	-1.5249	0.2487	0.0049	-0.4357	1.6333	-0.7917	0.0284	0.3871	-0.2281	0.2272	-0.4007	-0.3597	-1.1715	-0.1760	0.1505	0.5663	-0.0720	0.0537	-0.8078	0.4469	-0.4110	0.5695	0.7911	-1.2969	-0.6276	0.6245	0.4050	0.2162	-0.2468	1.1866	-0.8200	1.3351	0.1242	-0.2623	-0.5780	-0.2038	0.0771	-0.4691	0.4957
-0.7781	-2.3335	-0.3439	0.8664	1.1859	-1.0720	-0.0018	0.9040	-1.0306	0.2896	-0.7687	-0.8670	0.3479	-0.8255	0.7314	-0.1757	0.6332	-0.0535	0.2536	-0.4527	-0.2101	-1.6945	0.9724	-1.1467	1.3214	-1.8036	-0.3494	-0.9628	0.7259	-0.2410	-0.0840	-0.1181	0.3914	-0.1920	-1.4083	1.0830	0.2899	0.1889	-0.6734	-0.0410	-1.2901	-0.8616	0.7095	1.0406	0.3202	0.2398	-0.2691	-1.3491	-0.1936	0.5015
-0.8842	-1.4817	-0.4761	1.5322	-1.1910	0.8527	-1.0348	-0.3774	0.0665	-1.1027	-0.9847	-0.5025	1.1806	-1.3355	0.5270	0.0367	-0.7104	-0.5752	0.1671	-0.8730	0.7725	1.7282	-0.5179	1.0083	-0.8386	-0.1483	0.6017	-0.3660	0.7536	-0.7321	-1.2920	-1.6444	0.8575	0.0846	-1.0232	-0.7899	-0.6304	-0.1921	0.6652	-1.4195	0.5902	-0.5358	0.3151	0.1846	1.1705	-0.0835	0.7275	0.2933	-0.6756	-1.7040
-0.3213	0.4206	0.2298	-0.7687	-1.6340	-0.4142	1.3224	-0.2339	0.5848	1.1585	-0.0521	-1.2345	0.5489	1.5579	-0.8033	0.2364	0.5135	0.4695	-1.7975	1.9378	0.2342	-0.2308	0.4576	0.7521	0.8507	0.5261	0.7273	0.6973	0.3334	-0.7798	1.9734	-0.0040	0.8204	-1.0252	1.3196	0.0286	1.3669	0.5492	-0.7223	-0.9468	-0.4300	0.8902	-0.4007	-1.5119	-1.7362	-0.3430	-1.1809	2.4955	-0.8130	1.7948
-0.4413	2.0523	0.0454	-0.7981	0.4338	-1.1454	0.7337	1.5445	-0.6994	0.3341	-0.3126	-0.2669	-1.4345	0.0747	-1.3216	-0.7346	-0.5239	1.2635	0.3068	0.7133	0.4866	0.1887	1.1003	-0.7395	1.3545	-0.3784	0.5409	1.2698	-0.4122	-0.4386	0.8786	0.9151	0.4423	0.4605	1.5892	0.8885	-0.1671	-1.1354	0.1487	0.1426	-0.4925	1.9117	-2.0269	-1.7089	0.5433	0.8301	0.4275	1.1316	-0.8246	0.4866
-0.6639	1.5038	-1.5877	-0.5158	0.9204	-1.6307	0.5617	-0.8682	2.5946	1.7437	1.1925	0.3007	0.0327	1.2972	-0.5219	-0.1471	-0.1594	0.4689	0.4391	1.1819	-1.9459	-0.2694	1.0880	1.2964	1.1857	0.9347	-2.1002	-1.0032	-1.9945	-0.1743	1.0833	0.6635	-0.2521	0.1017	-1.6899	1.0967	-0.4047	1.5950	-1.7833	-0.3700	-0.2182	-0.3138	0.7184	1.3256	-1.6742	-0.5548	-1.4085	-0.9303	-0.0093	1.8101
-0.2923	-1.2427	1.2270	-0.7537	-0.2379	1.3314	0.8972	0.8063	1.4358	2.2263	-0.0143	0.3315	-0.6633	-0.1990	1.1656	0.5307	-0.8224	-0.4584	1.3351	0.7724	0.8657	0.2546	0.9702	0.6870	1.7309	-0.6197	0.2604	-0.6238	1.0544	0.5754	1.6852	1.3128	0.6561	-0.0555	1.6522	1.0924	0.8206	-1.0825	-0.3811	0.3849	-1.7700	1.3311	-1.1460	-0.4307	-0.4490	0.5034	-0.5953	1.1578	-1.5066	1.3843
0.6371	1.2294	-0.5887	1.6039	1.0792	-0.4135	-1.6515	-1.0507	0.8440	-0.5334	-1.3594	0.2927	-0.1735	-2.2733	-1.1892	0.3000	-0.5802	2.7084	0.3056	-0.9155	0.8468	-0.7234	-0.7132	0.4672	-0.6600	0.9855	0.8943	2.0495	0.1799	0.4064	-1.7937	0.4496	-0.0681	0.1069	-0.8291	-0.4640	0.8558	0.0019	0.4748	-0.3127	0.9921	-0.7773	0.7170	0.0347	1.2693	-0.4991	-0.2002	-0.1584	2.5340	-2.0959
2.3713	-0.5001	1.6678	-1.2046	-2.3527	1.0486	1.3176	1.0770	-0.0149	-1.0365	0.1094	0.1284	-0.7437	-0.0436	-0.7210	0.3353	-0.5281	-0.4146	0.6950	0.6613	0.1329	-0.1201	-0.3891	-0.5621	-0.4322	-0.2063	0.1285	0.8069	0.5880	2.2409	-0.7780	0.6541	-0.5185	1.6343	1.3309	-0.6852	0.4625	0.0709	0.2299	0.6521	-0.3180	0.4286	0.0467	0.0675	0.4966	0.3418	-0.0259	0.0289	0.6766	-0.3295
-0.6247	-0.8712	-0.0440	-0.4539	-0.6634	0.3426	0.5537	-2.3289	0.5216	0.8617	0.0609	1.3725	0.0993	-0.7140	0.2481	0.0502	-1.5494	-1.1533	0.8751	1.3147	-0.4574	1.4158	-0.3855	0.8770	-0.4273	-0.2066	-0.3491	-0.2366	-0.5630	-0.1928	0.4772	0.6739	0.3198	0.6258	-0.4244	-0.3206	0.2609	0.4029	-0.4172	0.2393	0.4338	-0.1994	-0.2316	0.5373	-0.3760	-0.2324	-0.2909	0.3881	1.0699	-0.8705
-0.4416	-0.5066	-0.0518	-0.9490	0.9676	-1.6195	0.6633	-1.7847	-0.6243	0.5065	1.0627	-0.3812	1.3015	0.4480	0.4269	0.6679	2.0088	1.0318	0.1141	0.4195	-1.1737	-0.9483	-0.9206	-0.2127	-1.8774	0.1009	-1.1045	0.1272	-1.0043	-0.3295	-0.4925	-0.2417	0.0551	-0.3378	1.5731	-1.3035	-0.1617	1.8114	-0.5202	0.0957	0.3101	-1.3589	1.3569	1.1627	-0.4069	-2.3766	-0.4727	-0.4266	0.3457	-0.9387
0.2173	-0.8267	-2.0059	1.7259	0.5935	0.2694	-0.6811	-1.0491	-0.5689	-0.2474	-0.2348	-0.8448	0.9311	-0.7735	0.7160	0.2258	1.0554	0.0244	-1.4490	-1.1016	0.0153	-1.4093	0.1608	0.4047	-0.1235	0.5709	0.3251	-1.4859	0.4527	-0.6473	-0.3543	0.5101	0.6263	1.1416	0.1319	0.0830	0.0729	0.0699	0.0500	-1.3003	-0.5518	-0.4095	0.4755	-0.0902	0.6029	-0.1191	0.0533	-0.2293	-0.5047	-0.3459
-1.2098	-1.8372	0.9317	-0.7933	-0.9613	-0.3352	0.0316	-0.3341	-0.3971	-1.0279	0.5504	-0.3874	1.4311	0.9854	1.1649	2.2939	0.8784	-0.6466	0.8105	-0.2737	0.2328	-1.9111	-1.1918	-0.7738	-1.5486	0.7787	0.2946	-0.2181	-1.3034	0.2521	-0.6718	-2.3665	0.2168	1.6496	0.1248	-1.2493	-2.0550	0.5698	0.1243	0.3744	0.2966	-0.9091	1.2118	0.1695	0.3825	-1.3444	0.9980	0.5153	0.2756	-0.9944
-0.0321	1.0340	1.6625	0.7408	0.2380	-0.8703	-0.0009	1.1209	0.0910	0.2370	-1.8304	-0.0994	-0.3483	-0.6110	-1.7416	-0.4678	-1.3129	0.1577	-0.1202	-0.6614	1.3877	1.3017	-0.2159	-0.0721	-0.8386	-0.1648	1.3604	1.9338	1.1463	-0.1393	-0.6685	-0.0038	-0.2902	-3.8721	0.4277	-0.2291	-0.1727	-1.0880	1.1751	0.3194	1.1730	0.6449	-0.6817	-1.1285	0.0902	0.6379	0.8243	0.6211	0.9800	-1.0739
-0.8362	0.6151	1.0734	-0.6523	-0.3148	-1.0364	0.9807	-0.0645	-0.4805	0.3154	-0.3691	-0.6613	-1.0294	0.2454	0.2987	0.0176	-1.1689	0.8623	1.4465	-0.2695	-0.0225	2.7477	-0.2596	-0.5673	-0.3739	-1.4223	0.9237	0.8816	1.0165	0.3284	0.0555	0.1154	0.4393	0.7526	-1.0674	-0.6995	0.6708	0.4337	-0.6716	0.9073	0.0593	-0.8278	0.2938	0.2395	0.1279	-0.4091	-0.8727	0.8080	1.6386	-0.1120
-0.4107	2.5790	-0.3761	0.3356	0.0800	1.9384	-0.6411	0.5147	0.3253	0.2003	1.4221	0.6548	-1.0248	1.9144	-1.3116	-1.5843	-2.3090	-1.7691	0.9572	0.5059	-1.7744	1.2912	0.5863	0.7263	0.9822	-0.4059	-2.4415	1.8714	-1.8502	0.2454	1.2186	-0.4964	-0.7779	0.1705	-0.1721	0.8505	-0.6525	1.8004	-1.8210	1.3274	-0.4556	-1.2913	0.6889	1.9214	-1.8194	-1.1338	-1.3139	-0.1175	-0.3369	1.4640
0.1539	0.4271	-0.3700	-0.7058	0.0925	0.0914	0.5657	-1.7739	-0.2395	-0.5672	-0.2032	-0.7663	0.5142	-0.4934	0.7106	1.4801	-0.5397	-0.3591	-1.4092	1.1804	-0.0086	-0.8336	-0.8872	0.4624	-1.5133	0.8741	-0.2591	-0.0029	-0.7277	-0.9825	-1.2773	0.1947	0.8965	1.3116	-0.6737	-0.7719	-0.4718	0.2008	0.8157	-0.9935	1.9313	1.3897	-1.0221	-0.4216	2.1011	-0.2560	0.8716	-0.1057	0.9673	-1.5232


