
X1	X2	X3	X4	X5	X6	X7	X8	X9	X10	X11	X12	X13	X14	X15	X16	X17	X18	X19	X20	X21	X22	X23	X24	X25	X26	X27	X28	X29	X30	X31	X32	X33	X34	X35	X36	X37	X38	X39	X40	X41	X42	X43	X44	X45	X46	X47	X48	X49	X50
1.2321	-0.0666	1.1173	0.2150	0.9926	-0.0622	2.1038	0.2389	1.2197	-0.7361	0.2780	-0.0371	-1.0289	-0.8517	0.9878	0.0607	-0.9573	1.1240	0.4445	2.6411	0.5270	0.2289	1.0183	-0.1946	-1.8447	0.2419	0.1884	1.1498	-0.3496	-0.3185	0.1798	0.5369	-0.3099	0.0048	0.6178	-0.0116	0.4362	-0.3194	0.2255	-1.5113	-0.3483	-0.7921	-0.7530	2.3877	-0.4175	-0.5756	-0.1707	0.0695	-0.4360	0.9250
-0.6943	-0.5666	0.1443	1.8300	-1.0267	-0.1353	2.4683	-2.4626	0.3625	1.1377	-0.0074	0.5708	-0.1118	-0.8972	0.6249	-0.8734	-0.4734	0.1922	0.6208	1.1408	-1.0473	0.8633	0.8757	-0.1373	-1.9276	-0.2570	0.7775	-0.9132	-0.1586	-0.2764	-0.2049	0.6970	0.3378	-0.0271	0.1060	0.6858	0.6270	0.5193	-0.6001	0.6523	0.4515	0.8888	-1.7635	-0.1702	-0.0161	0.2141	0.7086	-1.0272	0.1311	0.8728
1.0282	0.3796	-0.8947	0.5148	0.0831	-0.9993	-0.2117	-0.5103	0.4181	-0.2585	2.7446	1.4249	-0.0767	0.0443	-0.4352	0.6981	-0.5380	-1.8473	0.8737	0.9612	-0.3900	0.4100	-0.3823	-0.4644	1.3143	-0.0436	-0.0057	1.0331	0.3949	0.1087	-1.5306	-3.2316	-0.3798	0.1603	-1.5414	0.4220	-1.1209	-0.8744	-0.8634	-1.2220	-0.1769	-0.9452	-0.8452	1.4462	-0.2872	-0.7676	0.3648	1.0879	1.2956	2.3953
-0.2639	-0.6535	-1.1485	-0.8391	0.8417	-0.4128	-0.3108	-0.1121	-1.6476	0.1025	-0.2916	-0.5385	-0.7160	0.5318	-0.5741	1.0236	-1.5896	1.9389	-2.0608	-0.8439	1.1334	0.9873	1.9850	1.9253	1.8460	0.3213	0.9007	-2.1126	-0.4711	0.7076	0.5830	-0.7553	-0.3182	-1.3364	0.0262	0.3870	0.3467	1.6161	1.7227	0.6278	-0.0891	1.6196	1.0696	-0.1621	-0.3919	-0.4690	-0.6993	0.1316	0.3775	-0.0086
0.0955	0.5256	0.4097	0.7583	-0.0776	0.8569	1.0252	0.0097	2.1006	-0.9927	-0.4626	-0.0798	-0.0198	1.9372	-0.9130	0.9167	0.2754	-0.4054	-0.8155	0.7406	-0.8188	0.7236	-0.1118	-0.6739	1.6750	0.0714	-0.3554	-0.4833	-0.4472	1.4666	-1.1010	0.4973	1.3773	0.4114	-0.8464	-0.9594	1.7426	0.1601	-0.0046	-0.4675	-1.2395	0.4597	-0.1481	-0.4873	0.1271	1.0357	-0.7462	-0.0585	-0.1824	-0.0419
0.2061	-0.7408	-0.7061	1.2517	0.5204	0.4676	0.2149	-0.2500	1.3673	-0.2467	-0.3406	-0.3424	0.7548	0.4922	0.9936	0.9874	0.4286	1.0532	0.7280	-0.2015	-0.6392	0.6845	-0.0027	0.0366	0.6980	-0.6327	-0.1371	0.9123	-0.1668	0.4031	0.0224	-0.3619	1.1863	1.0687	0.5538	0.6727	-0.0453	-0.5930	-2.2970	0.0251	-1.0581	1.7748	0.4663	-0.3024	-0.8155	0.0291	-1.1331	-0.7229	1.6024	0.2944
-0.3524	1.0144	-0.4332	0.3295	0.9573	-0.4595	-1.2269	-0.8378	1.3572	1.4290	-0.1123	-0.6792	-0.1882	1.8178	-0.5596	1.4065	2.4264	-0.5440	-0.8135	0.4358	-0.7394	0.9848	0.9198	0.3347	-0.7345	1.4201	0.6335	1.1799	0.9061	-0.2849	0.4054	0.6326	-1.1851	0.4725	0.3627	0.1219	-0.2680	1.3794	-1.4694	0.0138	-1.4107	0.0097	-1.4792	-0.8350	1.9022	2.0203	-1.9557	-1.1532	1.5212	1.9105
1.5088	0.8697	0.2667	0.2619	-1.4692	-0.3523	0.3169	-0.5706	-0.1735	0.7129	-0.3805	-0.9214	-1.0569	-1.6931	-0.3119	1.5147	1.3690	0.4503	-0.7293	0.7753	0.3941	1.4657	0.1385	-1.1884	-0.7580	0.8349	0.0576	0.6019	-1.6974	-0.4756	0.5549	0.0252	1.2612	-0.5463	0.0054	0.3339	0.6034	-1.3686	0.3308	0.0612	0.2422	0.6907	-1.6045	0.8732	-2.6598	0.4665	-0.8335	0.4254	0.6284	0.9674
-0.1943	1.5996	1.3484	-0.5508	-0.1336	0.1057	0.9356	0.7709	0.5612	-0.5344	0.4918	-1.3230	-0.4529	-0.9964	0.0599	-0.9394	2.0215	0.1728	0.2589	-0.4202	-0.0329	1.2954	-0.4111	0.9339	0.6846	0.4976	0.7344	-0.3651	0.1603	0.5645	-0.8941	-0.5557	0.3098	1.5303	0.2721	0.1943	1.6604	-0.2339	0.7606	-0.8250	0.1716	-1.5929	-2.1735	1.3470	1.7008	-0.6452	-0.2010	0.9951	0.3580	-0.3197
-0.6771	-1.3647	-2.2051	-0.4257	-0.9693	1.8789	-1.2158	0.1149	1.2683	0.7958	-1.7556	-0.2094	-1.5874	-1.2155	0.9719	-1.2799	0.2090	0.9453	0.8044	0.6389	0.8612	0.9772	1.1320	-0.5793	-1.1475	1.2495	-0.4081	-0.2647	0.2239	0.4855	-0.7174	0.2622	-1.0937	0.3763	0.2300	2.6985	-1.0615	-0.5787	-0.7421	-0.3530	-1.1879	-0.1328	0.1620	0.1089	-1.1905	1.1903	-2.7291	-0.2065	-0.2008	-0.8250
0.0239	-0.1526	0.1024	0.0408	-0.3177	-1.4707	-0.8070	-0.5463	0.9014	0.5281	0.7075	1.6409	-1.3975	0.5263	0.6796	-0.3145	0.2242	0.4067	-0.8856	0.5948	-1.0705	-0.5275	-0.6383	1.2103	0.1188	-0.2153	1.3089	0.0975	-0.4060	-0.2493	-1.7899	1.0954	0.5146	-1.9814	-1.5176	-0.4349	-0.1741	-0.6907	-1.1536	-0.1213	2.5303	0.1472	0.7026	-0.0609	-0.4905	-1.0866	0.6744	-0.9211	-1.0589	1.1758
2.0937	-1.7110	0.2743	-0.5257	-0.2714	0.8258	-1.6742	-0.7812	-0.6286	-2.3253	0.7661	1.0480	0.0263	0.1043	0.0839	-1.6880	-0.3112	0.4508	2.5619	-1.7074	0.0384	-0.1985	0.3472	-2.7460	0.4149	1.2298	-0.2498	-0.2535	0.1923	1.9494	-0.7407	-0.5167	1.2806	1.4202	0.9624	-1.2223	0.3047	-0.5965	-1.5128	1.1800	-2.2418	0.6980	0.5880	0.9090	-1.1522	-0.3361	0.0951	-0.2621	0.8856	0.7004
-0.9036	1.0285	-0.2850	1.4456	1.9488	2.1190	-2.2244	1.5908	-0.5410	-0.9545	-0.0325	-1.5072	-1.4961	-0.6301	1.1310	0.6110	1.1930	-0.4510	-0.4588	0.7284	-0.0971	0.0756	-1.0611	0.0356	0.0238	1.0899	-0.8220	0.1824	-1.2973	-0.3199	1.0796	0.9678	1.1835	-0.6636	1.2024	0.0095	1.7520	1.3483	0.5309	1.5196	0.5660	-0.3284	-0.2888	1.8760	-0.8775	-0.3668	0.2653	0.1907	-1.6133	0.5799
0.2232	0.1246	1.1832	-0.5538	1.2952	1.6446	2.9405	0.5328	0.1966	-0.5877	-0.0239	0.2090	0.9026	-0.6114	-0.8089	2.0675	-0.2256	0.2366	-0.6151	-0.5921	0.5010	-0.4078	-0.9491	-0.4027	0.2243	0.8545	1.2927	-0.5311	-0.6563	-1.1704	-0.3754	2.1837	0.9564	-1.2371	0.3196	-0.7969	0.1162	-1.2463	-0.7188	0.1890	-0.5871	2.6438	0.2486	-2.3327	0.6929	-0.9396	-0.3665	1.5890	-0.5471	0.1508
-2.0521	-0.7977	-0.6230	0.9170	0.0861	-0.5537	-0.2862	0.1661	-2.2043	-0.3653	-0.4950	0.8809	0.4030	-0.3759	-1.0677	-2.3750	0.9235	1.3789	-0.4114	0.5798	1.3075	-0.6103	1.2249	0.2715	-0.6606	-0.0377	0.3461	-1.4241	0.2218	0.6561	-0.7983	0.1819	0.8996	-0.2214	0.4028	-1.0601	-0.9295	0.1827	0.7170	-0.1563	-0.3239	1.3299	-0.2445	-1.7499	1.2701	1.8534	0.2589	-0.8169	-0.0651	-0.9229
-1.1204	0.6974	-1.1826	-1.0552	-0.5320	0.4509	-1.6896	1.2302	-0.7949	-0.4490	1.2454	1.8819	-0.1587	0.3740	-0.3949	-0.0932	-0.4369	0.0671	0.2527	-0.1361	1.9377	-1.1071	-1.8888	-0.1269	-0.0834	1.3290	-1.9170	-1.0405	0.2136	0.8949	0.9643	1.3296	0.3596	-0.1357	2.3601	-0.5713	-0.3889	0.2593	-0.0478	1.4244	1.6763	-1.0133	1.2596	-0.7822	1.4109	-0.1174	-0.7789	-1.6194	1.4002	2.6688
0.2946	0.5861	-0.8879	-1.0703	-1.1332	-1.4034	-0.0648	-0.7144	2.3216	-0.3699	-0.7128	0.3653	1.2473	0.5593	0.3233	-0.2080	-0.1440	-1.5731	0.8163	-1.7802	-0.9487	0.2361	0.5353	1.2573	-0.5450	0.5981	-0.2896	0.2732	0.6494	0.2868	-0.8485	2.0261	1.4189	-0.3740	0.0088	1.5114	-0.6385	-0.8992	0.5094	-0.7227	-2.2836	-0.6630	1.3391	0.4314	0.1479	-0.7078	-1.2239	-1.7198	-0.9848	1.1163
-2.0610	1.0679	0.6234	-0.4505	0.1259	-0.1416	-0.3002	0.4415	-0.8410	-1.4181	-0.4620	0.7771	1.9502	-1.0871	0.1207	1.1570	0.5531	-1.0235	-0.1321	-0.2960	0.0042	-0.8217	1.2982	2.2669	-0.0009	-1.4878	-0.5872	-1.3501	1.1588	1.1098	0.0733	-1.0745	0.2732	-0.0728	-0.4125	0.4783	-0.6109	0.3343	-1.7085	2.2341	0.6628	0.7464	0.0544	1.8181	-0.4176	0.2724	1.8671	1.1910	1.2574	-0.3429
0.8134	1.2239	-0.7622	0.9657	-1.8432	0.4660	0.5929	0.6983	0.6060	1.2166	-1.2315	0.7876	-2.0679	-0.2831	-1.6772	0.6564	1.1851	-0.3839	0.1730	-0.3002	0.3170	-2.9291	-1.1182	0.6365	-0.9101	-0.6578	-1.6119	-0.0957	-0.7329	0.1645	-1.3244	-0.4907	1.6528	-0.7308	-1.3500	0.1307	-1.1163	0.5269	0.9311	-0.2050	0.3469	2.1506	0.3131	0.6533	1.0027	1.4441	0.4823	1.9145	-0.7117	-0.1017
-2.0421	-0.0022	1.0506	1.1377	-1.0366	-0.8453	1.0246	0.5433	1.4725	0.4001	0.6672	-1.5081	1.1546	0.3952	-0.1459	-0.4051	0.3385	-0.2061	-0.2895	-0.7976	0.3942	0.1171	-1.5672	0.7306	-0.0436	-1.0141	0.7261	-0.5031	-0.0138	-0.3422	-1.9647	0.2186	0.6945	-0.6685	-0.3577	0.5811	-0.1216	-0.4065	0.2670	0.1923	-0.3405	0.1459	1.1615	-0.9303	-0.1248	0.2844	0.6105	-0.2410	-1.7968	1.5326
0.9222	-0.3410	0.7449	-1.6224	-0.8979	0.6634	-1.4870	0.8787	0.0910	0.1747	1.3467	1.5392	0.3187	-0.8958	-0.3261	-0.3308	-0.2944	-0.5115	-2.4308	0.4206	-1.5879	0.0529	1.3717	0.0449	0.0642	0.5247	-1.5375	0.0538	0.0349	0.2840	0.2804	-0.3817	-1.0372	1.7790	-0.5836	-0.2856	0.1232	1.0781	-1.5359	0.7569	1.4418	0.5147	-0.6285	0.4358	1.1391	2.1234	0.0837	-0.1143	0.2003	0.8509
-1.5293	-0.6344	-1.5057	-1.3968	0.8478	0.8697	0.5454	-0.1289	0.3496	-0.5069	-0.6810	-2.4421	-1.9399	0.8648	-0.2278	-1.7097	1.0081	-0.0381	0.0300	-1.2649	0.9562	0.0402	0.3493	-1.2857	0.3058	-0.4027	0.3880	0.0437	0.1664	0.6624	-0.3359	0.5763	0.1192	0.3158	-0.2051	-0.1229	-0.6439	-0.3639	0.7400	-0.9489	0.0572	-0.4169	0.5167	-1.2243	0.0706	0.2008	0.6400	0.5599	1.4295	-0.0595
-0.6118	0.6376	0.7350	1.2894	1.4371	-0.3039	0.5579	-1.5061	-1.0534	0.7979	0.0639	-2.3178	-1.1195	0.1208	-0.5051	-0.1217	-1.1905	1.8631	-0.3391	0.0178	-0.7614	-0.3424	0.7193	1.1029	0.9096	-0.7047	0.2743	0.4619	-0.4299	0.0516	0.8189	-0.3410	0.4166	1.1020	-0.8384	-0.6339	-0.4044	1.0812	-0.9022	1.5329	-2.3743	-2.4811	-1.8141	-0.8003	-0.5412	0.6002	1.2176	-1.1831	-0.3055	0.6298
-0.0496	1.5870	-0.8617	1.9946	-0.1467	-0.7796	-0.7817	-0.2518	-2.2067	0.4340	1.4880	-0.9404	1.5446	-0.1853	-0.0674	1.1991	0.5528	-0.8461	0.8566	-1.0814	0.6989	0.1471	-0.2205	-0.6962	0.7164	-0.2193	-0.1336	0.5721	-2.7015	-0.5554	-0.4484	-0.2208	0.5527	0.6129	1.0600	0.4214	0.4852	0.0048	-0.2330	-0.4786	0.8419	1.5465	-0.9004	0.3624	-0.0952	-0.5424	0.2918	0.8488	-0.3321	1.3909
1.4936	1.3282	0.7291	0.2134	-1.3926	-0.4618	0.3417	-0.4132	-1.3481	-0.6158	0.5262	-0.3473	-1.1487	-0.6453	-0.9600	-1.8066	1.2845	1.2577	1.4225	-2.2840	0.8218	2.2636	-0.0608	-1.8626	0.3426	-0.7021	0.7480	0.4774	0.9564	-1.0918	0.7073	-0.4039	-1.0108	-0.2248	0.8455	0.4652	0.8521	0.1292	0.4610	0.1943	0.0958	-1.2736	1.3519	0.1162	-0.2362	0.7288	0.9130	-0.6992	-0.5483	-0.6984
-1.3794	1.2327	1.5208	0.7925	0.6245	-1.7878	-0.0304	0.2251	0.2189	1.7465	-1.3549	0.3381	-0.8688	0.4137	0.5794	0.7292	2.2903	1.7387	0.3581	0.3505	-1.2590	0.5239	-0.4430	1.0006	1.0204	2.3519	-0.2710	-0.7750	0.1510	0.2250	-0.0783	1.1465	-0.5821	-0.0673	1.4618	0.3679	0.2171	-1.0833	0.4612	-0.9611	-0.3575	0.5242	-1.6242	0.4198	0.5224	0.1048	-0.3725	0.4647	-0.4252	0.8815
-0.4488	-0.1101	0.0280	0.2873	2.6136	-1.6335	1.8814	0.9812	-0.9941	0.7398	-1.3906	1.2185	0.7818	-0.2454	-1.0460	0.6098	-0.5470	0.8695	-0.5972	0.5763	-0.3352	0.7651	-0.4732	-1.0159	0.5307	0.1603	1.1519	-0.6800	0.1207	-0.1177	-0.5946	0.7008	-0.1985	1.6612	-0.8320	-0.4970	-1.1285	2.9232	-0.0484	0.2106	0.3595	-2.4483	-0.1357	-2.1816	-1.4741	2.9500	-0.3702	-1.4108	-0.2863	1.4428
0.2134	-0.3985	1.2114	0.0135	1.6400	-0.0828	-0.7888	-0.2808	-0.7801	0.5051	1.7171	-0.8292	0.2992	-0.0851	0.4647	-0.6313	0.7613	-0.4108	-0.4627	1.6590	-1.2520	0.5151	0.9538	-0.6189	-0.7600	1.0260	-1.3588	-1.0113	-0.2744	-0.1795	-0.7380	-0.8412	-0.2705	-0.1172	0.4512	1.0130	-0.1140	0.1354	-0.7267	-1.0716	0.9089	0.1518	-0.2188	0.1070	-3.0318	0.4880	-1.3043	2.5508	1.0855	0.0457
0.5116	0.3770	0.3459	0.9861	-1.4362	0.3614	1.0913	0.3473	-1.7085	-1.6030	-0.1794	-1.5862	0.4736	-0.8819	0.5895	-2.1106	-0.2951	-0.2493	-2.1323	1.3790	1.1816	0.5607	1.1889	0.2882	-1.4132	1.2182	0.4521	0.2712	-2.5684	0.5689	0.3954	-0.1227	0.6476	2.0472	0.3875	1.1147	0.8435	0.8389	2.3473	-0.2268	0.7100	-0.8593	1.1749	-1.8775	0.8581	-0.7445	1.2950	0.4157	0.0156	-1.2001
-2.8792	-1.0230	-0.9477	-0.2269	-1.2575	1.3438	-0.5987	-1.1479	-1.2455	0.2165	-0.5430	-0.4063	-0.7679	-0.9702	0.0770	-1.5911	-1.0189	-0.7317	-0.9779	-0.3353	-0.4635	-1.1135	-0.6244	1.0735	-0.2588	-1.5424	0.1904	-0.3534	1.5387	0.8402	-0.6014	-0.6919	1.2283	-0.6200	0.4001	0.2330	-0.4135	0.3173	0.6785	1.1714	-1.9393	-0.0547	1.5829	-0.4156	0.3409	-0.2450	-0.6201	-0.6575	-1.3340	0.2295
0.6998	-0.8732	-0.6855	-0.0547	-1.6864	-0.4913	2.7144	1.3995	-0.2055	-0.4417	-0.1520	0.1204	1.2268	-1.8134	-1.0144	-1.9881	-0.1807	0.0035	0.7398	-0.5735	0.2429	-0.7663	-1.6253	1.1125	0.8834	-0.1558	-0.1748	-0.9153	-0.9250	-1.0514	-0.3184	-1.8243	-1.3281	0.1028	0.2975	0.5755	-0.7679	-0.8130	0.9597	-0.0918	-0.0097	-1.7503	-0.8078	-0.0946	0.4371	-2.1493	0.6238	0.0428	0.0849	2.0880
-0.5196	2.6626	-0.4411	0.6773	-1.6911	0.4401	0.1253	-0.1176	1.4042	1.0993	-0.0733	0.1815	0.0129	-2.9579	2.2063	-0.6194	-1.2068	0.2690	0.9323	1.7160	-0.9917	0.2760	-1.0803	-0.2252	1.2186	-0.4449	0.8215	1.7331	-0.3841	0.3451	-0.4842	2.1882	0.0563	-1.0683	1.1475	2.6514	-0.0398	0.1809	-0.1881	0.4467	1.9981	1.4952	0.7757	0.1279	0.0841	-0.3817	-2.2920	-1.1986	0.1995	-0.2818
0.8133	0.8729	-0.9108	-1.5251	0.9148	-0.5985	-1.3923	0.9853	-0.3903	0.1559	1.0305	-2.0162	-1.2033	-0.4930	-1.1840	-0.8132	-0.0080	0.2798	-0.9500	-0.6362	-0.7052	0.4270	2.0580	0.1300	0.2054	0.9290	-0.2930	2.2251	0.2607	-0.7862	-0.5718	1.5112	-1.0677	-0.5572	1.5777	0.5448	0.0750	-0.9848	-3.1286	-2.2256	0.6485	-0.4760	-0.6036	0.8208	0.4473	1.1425	0.3427	-0.0238	0.0160	-0.9319
1.5230	0.1831	-1.5284	1.3253	0.8368	0.5095	-0.4761	-0.3212	-1.5443	-1.0641	1.8174	-0.4561	-0.5036	-0.0668	-1.1262	0.5203	-0.8265	0.0941	-0.5010	0.6025	0.5782	-1.3923	0.8395	-1.9233	0.0812	0.0565	0.5098	1.9052	0.3590	-0.1358	1.3427	1.1117	0.3934	-1.2252	0.6264	-0.9432	-0.7033	-1.8512	0.6623	0.7654	2.1347	-1.2190	-1.6786	0.3781	-2.0641	0.2106	1.2928	-0.2395	-1.2357	0.6909
-0.4245	-0.4347	1.5309	-0.1926	0.0334	0.3101	0.2020	-1.1164	-0.3854	1.0558	0.7890	-0.3687	1.0459	1.8546	0.3800	-0.2200	0.5174	-0.2111	1.4099	-0.6302	1.6613	0.5144	0.0633	-0.0312	0.1329	0.1606	-0.1726	0.0564	0.3927	2.1641	-0.7819	-0.9941	0.9246	-0.0798	-0.5797	-0.0763	0.1472	-0.0848	-1.2346	2.1964	-1.1044	0.0974	0.4308	0.4798	1.1493	0.6520	-0.8252	0.0490	0.5761	1.7617
2.1640	1.3708	0.1991	-0.2619	-0.8341	1.8408	-0.9484	2.0038	-0.3072	-0.4873	1.8931	-0.1039	0.5114	0.5293	-0.8348	-0.3209	-0.3062	-0.6687	0.4974	-1.5870	-1.5161	-1.0967	1.4746	-0.7887	0.1808	0.9070	-0.0472	-0.0278	-0.2986	-0.9244	1.7829	0.4722	1.0502	-0.2114	0.3809	0.4303	1.9220	1.7170	0.8797	0.7630	-0.8127	0.2839	-0.0214	1.2202	1.0924	0.1375	-0.9369	0.3828	-0.3973	-0.4118
-1.5640	2.0264	-0.6040	0.1186	-0.0522	1.0334	-1.0157	-0.5060	-0.3418	1.8440	-0.7742	0.1619	-0.4483	1.9232	0.7128	-0.7722	-1.1087	0.7040	-0.1225	-1.4162	0.4363	0.2891	1.0022	-1.9798	-0.5272	-0.6251	1.5587	0.4723	1.0768	-0.4646	0.7355	-0.7326	-1.3835	0.9150	0.0797	-1.1201	-0.1224	2.2606	1.5948	-0.4319	-0.9769	0.4169	-0.0839	-1.3950	-1.8695	0.3833	0.0791	-0.3562	-2.1021	-0.8103
1.0685	-1.1061	-0.0796	-1.5201	0.1039	-0.2587	-0.8864	-0.5709	-0.4995	-1.6033	0.8631	0.1817	-1.0591	0.6751	-1.1212	-1.3310	-0.5065	-0.6330	0.2816	-0.2383	-0.7078	-0.0167	1.4413	-1.2375	-0.5982	1.0404	-1.3469	-0.4222	-1.2762	-0.5614	-1.3878	-0.9761	-0.4923	-1.5701	-1.3609	-1.0717	1.0068	1.5635	-0.6654	0.9973	-0.2827	-0.7918	1.0077	-0.7126	-0.1417	-1.2937	-1.3063	-0.9198	-0.4580	1.3262
0.7375	-1.4378	0.8213	-1.1881	-2.2853	0.6145	-1.1558	-0.1328	-0.1193	0.6148	-0.7509	0.4177	0.2209	-0.8438	-0.3426	-0.6660	1.0494	0.7918	0.0998	-0.7971	0.0555	-0.5541	0.2754	0.5717	-0.3937	2.2693	0.1418	0.4390	-0.3642	-0.0961	0.4171	-0.3131	-0.3056	0.8530	-0.2903	-1.1418	0.9474	-2.0698	-1.2074	-0.8130	-1.5804	1.5769	-1.4374	0.2215	0.2337	1.1001	-0.1154	1.3017	-0.2435	-0.9821
-1.1860	-1.0075	1.0282	1.3657	-0.2737	0.6418	0.8251	0.6291	-1.0221	-0.9494	0.7233	1.2247	-0.6177	0.6939	-0.5511	-1.7847	0.5098	0.9439	-2.1838	-1.2147	0.5427	-0.2976	1.2688	-1.0945	0.3540	-0.0941	-0.0153	-0.9902	0.4094	-1.4710	-0.4493	0.2765	-1.4978	-1.1770	-1.2847	0.7622	-1.0805	-0.3145	0.8131	-1.1708	1.2121	-0.7168	0.5250	0.7268	-0.6815	-0.0759	-0.1436	0.1860	0.1061	-0.2671
-0.7099	0.2501	-0.6202	-1.2035	-0.1869	0.1058	-0.0361	-0.7040	-1.4533	1.1700	0.2327	-1.4629	-0.3687	1.3196	-1.1665	-0.9124	0.4172	0.9145	0.6121	0.9109	0.9973	0.0964	-0.7191	-0.5488	-0.2798	1.7267	-3.1365	1.6179	1.2889	2.2293	-2.1091	1.9811	-0.8745	1.3314	0.3496	-1.9385	-1.3892	0.9764	1.5256	0.2572	0.2353	0.8550	-1.4088	0.1254	0.7023	1.2247	-1.2820	-0.1032	-0.9496	0.8348
1.7423	0.1807	-0.5889	-0.4859	0.3373	1.0138	1.0313	-0.9237	-0.5744	-0.6345	-0.5394	1.0055	-0.6732	0.8661	0.2491	1.0669	-0.2789	-0.5030	0.4933	1.5883	-1.2296	-2.0396	0.2559	0.5883	-1.2203	0.8830	0.8014	-0.0368	0.9795	1.2129	2.4912	-0.6423	0.3779	-1.2303	0.3660	1.7667	0.4831	-0.6171	0.9962	-0.0216	-0.2289	0.5338	0.8763	-0.9520	2.1615	-0.3237	0.9334	-0.0231	2.2460	0.4928
-1.2423	-0.4643	0.7359	0.7771	0.1356	0.2779	0.4541	0.7611	1.1252	0.5291	0.6381	-0.6518	1.8014	1.9330	0.0070	-0.8253	-0.3281	-0.2740	-0.5797	-1.3196	-0.0350	0.7651	0.9074	-1.5253	1.6046	1.8575	1.0421	-0.6604	0.2777	-0.4273	-1.0491	1.2370	0.8706	-0.4581	0.1211	0.8189	0.1669	0.3953	-0.5561	-0.6292	1.0402	0.7333	0.0185	1.1352	0.7342	0.9690	0.2440	2.0045	0.5590	0.2789
-0.5714	0.3156	-0.1871	0.1266	0.1629	-1.5264	-0.9651	1.8219	-1.7808	-0.7678	0.6017	0.5892	-0.8776	0.9623	-0.0937	-0.0301	0.3914	0.8347	-1.8609	0.2501	-1.9115	0.0603	0.1946	1.3758	-0.3337	0.1599	0.1431	0.4071	-0.8923	-0.2202	0.9278	-0.9635	-1.8140	0.9415	0.4721	0.8871	0.0992	0.3690	-0.5737	-0.4570	0.9267	-0.5057	0.6275	-0.1111	-1.1795	-0.2519	-0.6080	-0.5650	-1.0807	0.0794
-1.3284	-0.5515	-0.2623	-0.1038	-0.8070	0.6949	-0.0127	0.8610	1.1510	-0.3617	2.3219	0.0254	0.0699	-0.4512	-1.3331	1.4152	-0.2258	-0.7291	-0.5011	-0.1518	0.2759	-2.0144	0.5214	-1.5542	0.7784	0.6441	0.1417	1.1562	-0.8279	-0.1474	-0.9295	-0.0310	-1.4221	-1.1243	0.6989	-0.6982	0.1849	-0.6533	-0.6530	0.6510	0.6677	-0.6068	-0.6778	0.7229	-0.9086	0.5315	-0.2773	-0.8417	-0.1974	0.5025
0.4963	-0.9740	0.6319	0.7596	-1.3604	-0.7475	1.3935	-0.1978	-0.2162	0.0127	-0.9558	1.2131	0.1767	-0.2142	-0.1599	0.6787	1.3970	1.3681	0.6442	-0.4213	0.5077	-0.6961	0.3901	-0.8406	-0.2328	-0.5754	-0.0020	0.4512	-2.0641	0.9347	-0.0180	0.2300	1.1594	0.8313	-0.2927	0.3283	0.8854	-0.1936	0.1349	1.3120	1.1574	2.0662	0.3175	-1.9319	0.7388	0.4534	-1.0578	1.1905	1.2557	0.3474
0.9728	-0.6171	-0.1267	-0.7292	0.8806	-0.4392	-2.6673	-0.1393	0.7056	-0.2877	0.5649	0.5218	-1.3231	0.7260	1.8486	0.1008	0.5003	0.6124	1.6001	-0.8108	0.6763	-0.5021	0.8297	1.3114	-0.4369	0.4019	-1.8055	0.3973	-0.1721	-0.4086	-0.2510	0.1602	-0.8619	-0.6860	-0.4903	1.1211	0.0026	-0.9076	-1.4745	-0.5533	-1.1047	0.5788	-1.2533	-1.2968	-0.9898	1.3201	-1.1542	1.1275	-2.1922	-1.1202
1.9405	0.5626	-0.3648	-0.2078	0.1754	-0.1888	-0.0126	-0.2008	1.4051	-0.3596	-0.0363	-0.4612	1.0557	0.0778	0.0094	-0.8486	0.4639	-0.2053	1.3185	-0.3843	-0.7165	1.1453	1.6021	-1.1083	0.4593	-0.6692	1.0722	-0.4619	-0.9187	-0.1441	-1.6699	0.2119	0.0094	-2.5466	-0.8166	1.2775	-1.4990	-0.1101	-1.7205	-0.4770	-0.5283	1.7099	0.4401	1.2832	0.8368	-0.2352	0.5281	-0.8234	-0.3977	-1.7290
-1.6961	0.7777	-0.6438	-0.2086	-0.0851	-0.3110	-0.8511	-0.6164	-0.4702	-0.2523	0.3383	-0.7486	0.3682	1.0699	-0.1592	-0.6108	-0.0266	-0.3254	-0.0103	-0.1716	-0.7364	0.1425	-1.3538	0.4951	-0.7840	-0.2095	1.1464	-1.7856	-0.8758	-1.2693	-1.1072	-0.1040	0.7333	1.0100	-0.5149	-0.6083	-0.1350	0.2416	1.9728	-1.4909	-0.1878	-0.0659	-0.3224	-0.8075	0.2021	-0.2558	-0.1236	-1.3254	0.0225	-0.1059
3.6241	0.3551	-0.6419	-0.9430	-1.3128	2.3600	1.0207	-1.8040	-0.4706	-0.3251	-0.3240	-2.0304	-0.1065	-0.0289	-0.8091	-0.7153	1.7950	-0.7532	2.3240	0.9283	-0.6577	1.0661	-0.5245	-0.2553	-0.8753	1.2711	-0.1213	-0.0378	-0.9403	1.6087	-0.8840	0.6797	0.5449	-1.5699	-0.6906	-0.4346	-0.4903	0.2733	-0.4215	-0.2315	-0.1365	1.1414	0.1359	0.8137	-0.2960	0.8833	-0.0453	0.5549	0.1766	-2.3061
-0.0134	1.2270	0.7535	0.7983	-1.1464	-1.4820	-1.5363	0.8572	0.5040	0.9829	0.6649	0.0465	0.9992	-1.2017	-0.8719	-0.0561	0.6689	0.0863	0.3867	-0.5761	-1.6082	-0.2342	0.0662	-0.4928	0.7478	0.7426	0.4605	0.3262	-0.4134	0.0008	-0.0113	-0.3019	-1.0133	0.0743	-0.1944	1.5883	1.8804	-0.1929	-0.8897	1.2807	-0.1593	-0.0272	1.2760	0.2328	1.0345	-1.4128	0.1632	0.5189	-0.0978	-0.7251
-1.6924	0.4560	-0.3959	-0.1195	-0.9807	2.3836	-0.0141	0.5360	-1.3542	-0.3356	0.8747	1.4572	0.8675	0.5582	-0.5427	-0.3296	1.0726	0.4658	-1.0983	0.3296	2.4012	-0.5431	1.9684	-0.0411	0.2888	-0.5542	1.2387	-1.1696	-0.8648	-0.3419	-0.6021	-1.3345	1.0210	0.3038	1.5130	-0.0227	-0.4394	0.6778	1.2460	-0.7513	-1.5732	-0.2086	-3.1452	-0.0346	1.2544	0.9684	-1.0082	1.2065	-0.6034	-0.2172
0.6908	-1.5282	1.1271	-1.1253	-0.8167	-0.0164	-1.1315	0.4800	-0.7245	0.1711	-1.2891	-1.7700	-0.2922	-1.2211	0.3674	-0.0996	1.0666	-0.2396	-1.8170	-1.2487	-0.3966	-0.4034	0.6035	1.6050	-1.6264	-0.0380	0.0310	-0.2181	-0.3217	-0.0706	-0.5153	0.2755	-1.5238	-1.4582	0.4067	-0.9393	-2.6351	-0.2620	-0.2903	0.2392	1.5645	0.2696	1.0320	0.3975	-0.9949	0.3120	-1.7480	0.5570	-0.5129	-0.0510
0.9095	-0.1396	1.5888	0.4007	-1.4301	-0.0974	0.3390	-0.1524	-0.1949	0.3852	-0.9537	0.4767	-1.9233	0.3866	-0.5372	-1.2540	0.3085	-2.3832	-0.0842	0.5695	0.7536	-0.6280	-0.4822	-0.8530	-1.5468	0.1725	1.6940	0.3190	-1.0985	-0.7202	-1.4745	1.0713	-0.1938	1.5916	0.7689	-0.1950	0.8679	0.3584	0.9982	-0.7107	-0.4125	0.5314	-0.8336	-0.3417	-0.6341	-0.8827	-1.1382	0.4875	1.0764	0.6038
-0.9392	0.4761	0.1890	-1.4717	-2.1309	0.2375	-1.6712	0.6573	-0.9794	-1.5010	-1.5891	-0.7110	0.1952	-1.0702	-0.2661	1.6661	0.0391	-1.3790	0.3752	0.5087	-0.0334	-0.6868	0.9114	0.0362	0.2194	-1.5167	0.7428	-0.7793	1.0640	1.1588	0.0465	-0.2803	2.0182	-0.1401	-0.5345	-1.2885	-1.0189	1.0004	0.8844	1.0694	-0.2864	0.9588	-0.3951	-1.0127	0.3289	1.4373	-0.0873	-0.1770	-0.0436	-0.3063
1.1075	0.5457	-1.1415	0.6396	1.9809	0.8469	0.8326	-0.3770	-1.4476	-0.6716	0.0770	0.5349	-0.3807	-0.2734	1.3523	-1.8976	0.4626	-0.1328	-0.3767	0.6332	-0.9495	-0.6002	-0.9064	-1.4734	-0.5818	-1.0176	1.1291	0.8055	0.1562	-0.1859	-0.0333	-0.7949	2.2394	-0.9042	-1.0373	-1.3086	-0.1362	-0.3296	-0.4885	0.1793	1.0429	0.9203	0.9969	1.6695	1.3784	1.2011	1.0496	1.1460	-1.9764	0.5144
-1.4313	-0.8921	0.1019	-0.7646	-0.3279	0.5596	-0.9366	1.6356	0.4598	0.7994	0.1722	0.2577	-0.8504	0.6172	1.3988	0.2610	-0.4188	-0.2370	-0.1646	-0.4860	-0.5194	0.1089	0.5900	-0.5122	0.9759	-1.2860	-0.6660	-0.6005	1.2648	0.6895	0.4467	-0.4820	0.1232	0.1869	0.6755	0.9378	-0.8804	-0.7456	-0.5150	1.2853	-0.1472	0.1198	-1.8535	-0.5802	0.3400	0.6941	0.0552	1.5238	-0.9333	-0.9289
-0.1063	0.9296	0.4569	0.5714	0.0820	-0.1858	0.1448	-1.0119	0.4367	0.4725	0.9083	0.3576	-0.6310	1.5382	0.0971	1.7662	1.2181	0.8461	0.0247	-0.3159	-0.4287	-0.4273	0.2658	0.3504	-0.6554	0.6918	1.3776	-0.4348	-1.1158	1.0236	1.3291	1.8810	-1.1569	-0.5990	1.4805	-0.0933	0.3491	-0.0322	-0.7925	0.3225	0.2013	-1.3934	1.0361	0.0698	0.2698	-1.5133	1.6779	0.5027	1.7082	0.7148
-1.8159	-0.7027	1.5639	-0.5055	-1.9384	0.3087	-0.3425	0.6550	0.1018	1.4538	1.9382	0.2905	0.4073	-0.3355	-0.9318	0.2543	1.8098	1.7002	0.2653	0.8540	-0.2837	0.3264	1.2426	-1.2679	1.3469	-0.3390	0.3489	-1.0622	-0.0017	-0.2480	-0.8331	-0.9664	1.1848	1.5781	1.1191	-1.0695	0.4847	0.0091	0.0698	0.1568	0.1401	-0.4134	-0.7283	-1.0982	0.7385	-0.8931	0.2329	0.6122	-0.2430	-0.9069
-0.0321	-1.0093	1.3607	-0.1030	0.7879	0.3272	-0.9708	-0.1745	-1.0714	-0.8631	1.0904	0.9007	-0.3298	0.8014	0.3605	-0.1530	-1.0364	1.1839	0.4501	0.0092	0.6413	-1.6411	0.5711	0.9490	2.0870	-0.6807	-0.1361	-0.7440	0.3879	-0.3819	1.1391	-2.1488	-1.7675	-1.5100	-0.8019	-0.6078	-0.5076	-0.6490	1.0844	-0.4667	-1.1904	0.0064	-1.1246	0.8416	0.7215	1.1999	-1.6183	1.7812	-0.2561	-0.3985
0.0624	-0.2898	-0.5251	0.7275	1.1859	-1.0159	-1.9076	1.6369	-0.5782	-0.2640	1.0424	-0.0389	-0.1921	0.8614	1.1049	1.1671	1.3655	-0.6018	1.1518	-0.1079	0.9345	-0.3116	1.4535	-0.5576	-0.1288	0.2923	-0.7062	0.8111	-0.4863	0.1912	2.3194	-1.0293	-0.7381	-0.7321	-0.7244	1.4638	-1.9985	0.5168	0.6086	-0.9331	-0.1371	1.3551	-0.5156	-0.5946	1.1373	-0.9482	1.7080	-2.3257	0.2313	1.2712
-2.4087	0.1274	-0.2284	-0.5129	-1.8938	-1.0871	-0.1484	-1.0268	0.7084	-0.1805	-1.0677	-1.2036	0.6292	0.1340	1.1069	0.3838	0.5788	-0.0321	-1.0489	-0.3433	-1.6187	-0.4070	-0.2928	0.3936	-0.3450	-1.3404	0.0983	0.4371	0.2618	1.0652	-1.4182	-0.4224	0.4014	0.0888	1.8328	0.1186	0.7360	0.7985	1.0921	0.4948	0.3140	-2.0512	1.4948	0.3553	0.5968	-0.5971	-0.2161	0.3330	-0.2720	-0.0837
0.8472	-0.0676	1.6397	-0.9123	-0.6230	0.8375	0.4002	0.0153	1.0524	0.5248	0.3559	0.0418	-2.2430	-0.2245	0.3924	-1.0868	2.1238	0.4591	0.8048	-0.9117	2.0772	-1.0643	-0.5152	-0.0459	1.3400	-2.5016	-1.9466	-1.6116	0.5580	-0.8161	-1.3431	-0.6786	-1.2458	0.9042	-0.6588	0.4611	0.0285	0.7531	0.0336	0.4151	0.5291	1.2623	-0.2358	-0.1673	0.0841	0.0058	-0.5439	1.3638	-0.3062	1.2510
-0.4185	-0.0449	-1.4144	-0.1624	-2.5248	-1.1226	-0.1277	1.0017	-0.7739	-1.4954	-0.3660	-0.3098	-1.3859	-0.3189	-1.8716	0.1331	0.8787	-1.7804	-0.5462	-2.0750	1.0645	-1.2521	0.6882	-0.6947	-0.3182	-0.7761	-0.4273	-0.3729	-0.1651	0.4024	0.4779	0.2178	-0.2831	0.1219	-1.5382	0.4167	-0.0920	-1.5198	1.4742	-2.2515	1.6845	0.5591	-0.1460	1.5079	0.1703	1.7469	-0.6144	-0.4403	-0.2661	-1.4764
0.6205	-0.0606	-1.3001	0.5440	2.0908	0.5215	-0.1599	-1.3807	-0.2752	1.4938	0.5103	-1.7220	1.2479	0.7022	-0.3265	-0.7495	-0.7499	1.2441	1.1757	1.1135	-0.1379	0.7424	-1.7821	-0.2428	-0.3678	0.7918	-0.0231	-2.4924	-0.0725	-0.5464	-0.5363	1.5497	1.4196	0.7155	-0.4116	0.2300	-0.5934	0.6930	-0.8359	1.7743	0.1712	-0.1691	0.8497	-1.6166	-0.4348	0.3942	0.9211	0.5356	0.4087	0.8239
0.3151	-0.7067	-0.1393	0.4140	0.2449	0.0952	-1.7128	-0.4593	1.5116	1.3477	0.8629	-0.6013	0.8606	-0.7351	0.1217	-0.2504	0.3726	0.6299	0.4587	0.3648	0.9484	-0.7864	1.1241	-0.5570	1.8831	-0.6565	0.8299	1.1943	-0.3945	0.3785	-0.3507	-0.7959	0.5270	-0.9687	-0.7093	1.5205	-0.6988	-0.0127	-0.0229	-0.4497	-1.8448	1.0610	0.0888	0.0634	0.6448	-0.0004	0.5850	-0.6486	1.4333	-1.4981
0.6211	1.1738	-0.1276	0.7603	1.4962	0.1782	0.3271	1.4897	-0.2577	0.2571	1.3047	-2.2087	-1.3268	0.3323	1.1193	1.0676	-0.4203	-0.0652	-0.0319	0.9682	0.5624	-1.2898	1.4781	0.7708	0.5615	-2.0993	-1.8306	-1.3148	-1.5120	1.2454	-0.9374	1.8902	-0.5873	1.3545	-1.3726	0.2726	-0.7422	-1.4759	0.8943	0.4904	-0.3624	0.3120	-0.1057	0.6874	1.0655	0.1144	-0.6761	0.2327	-0.4069	0.0504
0.6641	0.3295	-0.9751	0.0276	-0.0630	1.5022	0.9243	-0.3015	0.2821	-0.4788	-0.7225	-0.3753	-1.0145	0.3946	0.1007	0.2318	0.1798	1.0363	-0.0397	0.8422	-2.2486	0.3313	1.6194	-0.0536	0.7857	-0.2310	-0.5451	1.6661	0.2773	0.3941	-0.0716	-0.7258	2.2060	0.6091	-1.3546	1.2016	0.6102	-0.2103	-0.9347	-0.1837	-0.0446	-1.1760	0.2330	-1.1654	-2.0938	0.4388	-1.0215	-0.7791	-0.4138	-0.1852
-1.6513	-0.1636	0.6437	-0.6128	0.2458	-1.0628	-1.2143	0.5072	0.8894	-1.0724	-0.0183	1.8506	-0.6732	1.1674	0.3845	-1.2507	-0.9344	-0.2896	2.0478	1.3967	0.8175	0.3192	-0.9733	0.3032	1.2376	1.6656	-0.9695	-0.6083	0.9929	0.9514	0.6124	-0.7872	-0.3031	-0.2903	-2.4234	1.3035	-0.5006	-0.2177	-0.6578	-0.8106	-0.2024	-1.2669	-0.7846	-0.1211	-0.3742	-1.2754	0.1653	1.1205	-0.7309	-0.0061
-0.5733	-2.1427	1.2430	0.0258	0.4156	-0.7976	0.1315	-0.9925	1.4887	-0.0178	-0.4723	2.3071	0.3845	-0.9753	-2.4173	-0.4479	1.3195	-1.2397	-0.8743	0.2340	1.0012	1.1300	0.2995	1.1401	0.0561	1.4370	0.6152	-0.4564	-0.2158	-0.1691	-0.5270	1.4100	0.3636	-0.4233	2.2471	-1.9048	0.0461	1.6018	0.5542	2.3879	-0.8551	-0.6864	-0.9966	1.0390	0.0365	0.1800	-2.5785	0.0037	-0.1635	1.4624
-0.0546	-1.7972	-2.1524	0.4003	0.3690	-0.2720	-0.4240	-0.1301	-0.7514	0.1834	1.3537	0.7526	0.5620	-0.6783	-1.1422	-0.5246	0.6035	2.3151	0.6874	0.9788	0.7832	-0.0040	0.2437	1.7329	0.1254	1.2818	0.5662	0.2489	0.1619	1.4382	-0.7147	1.0905	0.3875	-0.5684	-0.0751	-0.4300	1.0688	0.7620	-0.2496	0.6861	-0.2560	-0.3095	1.4077	0.3849	-0.3417	0.8475	-0.0992	-1.5793	-1.3880	0.9403
0.3903	0.7566	-0.0853	-0.5682	0.2122	-0.3912	0.5455	-1.3014	1.3608	0.2842	0.0498	0.4813	-1.2554	0.9357	-0.1035	-1.1514	0.0094	-0.5245	0.5668	0.4395	0.2092	0.3400	-1.2867	1.3717	1.5500	-0.0201	-0.7132	1.8115	1.5481	-1.7698	0.5128	-0.8132	0.0411	-0.6769	-0.9089	-1.0434	1.5573	-0.4313	1.5645	1.1937	-0.8233	0.5263	0.6616	0.7866	0.3150	0.3747	0.3951	-0.2698	1.2402	0.1849
1.3432	-0.2105	1.0138	-0.0970	0.6191	-0.6110	-0.2985	-1.2279	-0.9068	-0.2038	-1.8442	-0.5564	1.2343	1.6187	0.0060	1.3297	0.2945	-0.6746	0.4150	-0.6434	0.1772	-0.5385	0.9608	-1.7102	-0.8171	0.0038	0.4049	-0.6078	-0.3509	-1.6661	0.8112	-0.3797	0.0844	-1.3874	-1.1492	-0.1147	0.0556	-0.0617	-1.7249	2.4571	1.1411	0.0314	-1.2666	0.2404	-1.1258	-0.8324	0.3177	0.7012	-1.0789	-0.8841
1.6699	1.0634	-0.7970	-1.3114	-0.2617	-0.0644	-1.5170	0.3880	0.3541	1.5607	0.1050	-0.6315	0.1889	-1.0516	2.2745	-0.4429	1.8764	0.8184	0.0780	-0.4647	1.2910	-0.2949	-1.8226	-0.8029	-0.3282	-0.7349	0.8781	0.4278	-0.8400	0.0564	0.2991	1.0645	-0.0605	-0.8480	-0.8319	-0.0602	-1.2864	0.6563	-0.4638	-0.9995	1.3884	-2.6032	-0.1564	-0.1520	-0.9651	1.6487	-1.7514	0.4471	1.1246	1.3014
2.2601	-2.0927	0.1384	0.1354	-2.1695	1.3401	-1.0125	-0.4427	-0.1345	1.4526	1.7329	-0.0166	0.3097	-1.2940	-1.6461	-0.1519	1.1989	2.7685	0.4111	-0.3355	1.8195	2.0911	-1.2873	0.2280	-0.4645	-0.5339	-1.2572	0.3902	-0.2040	-1.2652	-0.0784	0.2224	0.4524	-1.1661	1.9508	0.6430	-0.7123	-1.4407	-0.8256	1.0185	-1.1765	-0.2858	0.8831	1.1799	0.9138	0.0100	-0.4681	-1.4657	-1.1243	-0.6369
0.8395	0.3403	-1.2593	2.0665	1.1503	-1.5131	-0.4467	1.3269	-0.1910	0.5808	0.0543	0.5740	-0.1912	1.4949	-0.4507	0.4132	-0.1246	0.1137	-1.4589	0.6796	-1.2408	-0.0630	-0.1743	0.3610	0.4347	0.0379	1.7076	-0.0323	0.9341	-0.3434	-0.2366	-1.1605	0.3303	0.7086	0.3108	0.5309	-0.1937	-2.2161	0.4360	-0.6970	-0.3007	0.4417	0.2513	1.5810	-0.4567	-0.7488	0.0539	0.2188	-0.7967	-0.5778
-0.0265	-1.3939	-1.6503	-0.3516	0.7204	2.2494	0.6735	-0.2843	-0.5496	0.8608	0.3091	0.7113	0.2515	1.9464	0.0503	0.4301	-0.8862	-1.8044	0.8549	-0.6627	-1.2386	0.6216	-0.8793	-0.7843	0.9614	-0.4056	-0.6913	-0.2859	-0.8262	-1.4276	0.9794	0.2784	0.8141	-0.0086	-0.1544	-0.5310	0.2483	-1.3367	-1.0005	0.0664	0.9672	-0.9095	-0.9987	0.1076	1.3456	-0.4093	-0.1867	1.6661	0.6266	0.5845
0.1920	-0.5302	0.2313	2.5467	0.6417	-0.2630	-2.1911	-2.0521	-0.0801	-0.9823	1.2759	0.3452	0.0147	0.7556	-0.7939	-0.5961	1.0499	0.1302	-0.4503	0.5778	0.5257	-0.9967	1.0812	-1.4187	-0.2838	-0.7469	0.0720	-1.8783	-0.9628	0.9947	-2.3248	0.3622	-0.6439	-0.1829	1.8106	-0.1335	0.5742	2.0613	-1.4457	-0.4903	-2.8600	-0.1267	-0.4881	0.2584	1.3689	-0.5173	-1.8585	-0.4631	-1.7592	0.7296
-1.0808	-0.2678	0.4564	0.4740	-0.6590	1.5521	-0.3928	2.0673	-0.3885	1.3928	-1.4945	0.8489	-1.2248	1.8877	0.1643	-0.7080	0.0344	1.3600	0.6169	-0.0107	-0.8577	-0.2720	-0.7062	1.5921	-1.0186	-0.5007	0.4856	-1.2520	-1.0721	-0.5299	1.0849	0.8096	-1.9691	1.2677	0.0627	0.5701	-0.1424	0.0276	0.8203	0.4727	0.1269	-0.6260	-0.8064	-1.3929	0.3082	-0.4756	0.5239	-1.3632	-0.3091	0.1611
0.8914	-0.0114	-0.3424	-0.0631	2.1281	0.7781	-0.4157	1.5091	0.3310	-0.5537	2.9932	-0.3057	-0.5468	-0.6920	1.1973	0.6242	-0.7537	0.8581	1.0207	-1.5186	0.1129	0.7576	0.1451	-1.1793	1.0641	-0.3431	0.2416	2.3452	0.9949	1.0334	1.0829	-1.3423	0.7010	-1.4150	0.7861	-0.8587	0.0079	0.1175	-0.3711	1.0457	1.3881	-0.5642	-0.2282	0.2571	-0.7020	0.6200	0.0877	0.7359	0.4083	-0.1789
0.1921	1.4998	-0.9108	-0.1535	-0.2753	-0.4485	1.4151	-2.0330	0.0719	-0.1716	0.4389	-0.4990	0.0532	-0.0171	-1.7677	0.2558	-1.2959	0.2931	-0.7469	1.8882	-0.5202	0.1792	-0.1751	1.6954	0.4816	-0.2733	-0.6128	0.6866	-0.1894	-0.3972	0.1415	-0.6900	-0.1431	1.4065	-0.2140	0.7600	-0.2205	0.6542	0.1636	1.7141	0.4501	-0.3983	-0.0965	0.3034	-0.8193	0.0187	-1.0369	2.6424	1.6061	0.3344
-1.5197	0.0128	1.1253	-0.0931	-0.2133	-0.6529	0.6087	0.2596	-0.6702	-0.3433	0.1352	-2.3070	1.6806	0.3097	0.7339	-0.1993	0.0343	-0.6973	1.1155	1.7270	-1.1826	1.5795	-0.5079	-0.8012	-2.1505	0.4065	2.4013	0.2685	-0.5251	0.0386	-1.0823	0.6434	-0.6147	-0.8755	-0.0195	1.9672	-0.4963	2.0666	-0.0812	0.0506	-0.4603	-1.8189	-2.3225	1.4460	-0.4718	-1.2698	-1.7339	-0.3883	-0.1208	-1.1890
-1.7168	0.1642	-0.3141	-0.7488	-0.1800	-0.9806	0.8217	-1.1118	-2.3330	1.0889	-0.4375	-1.0412	1.7142	-1.2043	0.5454	0.4134	-1.0339	-0.5833	0.0694	-0.6910	0.0832	0.3654	0.4170	-0.3107	0.2804	-0.6892	-2.9135	-0.6509	-0.8577	-1.5795	0.1456	1.0047	-0.8434	-0.8075	-0.6174	0.0476	-0.5876	0.6503	2.3617	-0.2290	1.3894	1.5294	2.3197	0.1448	-0.4284	-2.1959	1.0280	-0.1034	0.4454	-0.3049
-1.1461	0.0100	0.2595	-1.9424	-0.5865	-0.7499	1.2247	0.8278	-0.3158	-0.3667	0.2387	1.6328	-0.7235	0.9715	0.4370	1.5308	-0.6991	-1.1981	0.7868	-0.9790	0.1302	0.2761	-0.8240	-0.4465	1.7695	0.3528	-0.4548	0.0776	0.7598	-0.8130	-0.9747	0.0828	-1.0201	-0.2739	-0.3370	-0.1171	0.3357	0.3512	0.2701	-1.6049	-0.3101	-0.1616	-2.2063	-1.2722	2.1105	-0.7036	-2.4998	-0.3137	-0.1861	1.6563
-1.2540	2.3534	-1.1915	-0.6620	-0.0612	-0.0838	0.1400	1.7746	-0.6612	-1.6073	1.2275	2.6037	1.7667	0.2300	-0.7044	1.1704	0.2330	0.7512	-0.5797	-1.6174	0.3377	0.3324	-0.0838	0.1764	-0.1446	1.2805	0.8582	-0.0577	-0.5305	0.6690	1.1721	1.1206	0.2318	-0.3512	0.3530	2.9828	2.1185	0.4486	0.1352	-0.5839	0.8319	-1.9196	-0.6272	-0.5845	-2.7609	-0.8036	0.4407	-0.5667	-0.0110	-0.3730
-0.0942	1.0827	-1.0400	-0.6041	-0.3305	-0.4117	-0.0480	-0.8648	-0.9881	-0.2929	-0.1809	2.1056	0.2672	0.1740	0.4047	0.8638	-0.8075	0.0457	-0.0472	1.3030	-0.0233	-1.5184	-1.4413	1.1389	-0.8078	-0.7225	2.5668	0.7842	0.9576	0.6010	-0.3236	0.9731	-0.6052	0.8753	0.2198	-0.9011	0.1978	0.4869	0.1924	1.8139	0.7802	-1.0685	0.7676	-0.1071	-0.3475	-0.3005	-0.6003	0.2818	-1.0974	1.5215
0.1471	-0.7171	-0.2206	-0.9223	-0.4792	-0.1371	-2.0611	-2.1517	-0.5755	0.8353	-1.6666	0.8142	-0.0802	0.3556	0.6876	0.5857	-1.1655	2.7167	0.3988	0.8320	1.0123	0.9960	0.7682	-1.7108	0.5525	1.6138	-0.7237	-0.3443	-1.0158	1.0307	-0.0648	-0.2452	0.4985	0.5851	-0.7058	-0.5471	0.6089	2.2617	1.6792	-0.1916	0.7684	0.7945	-0.2639	0.4118	0.2120	0.9121	0.1855	-0.7413	-1.0887	-1.0139
1.0028	-0.0664	0.2895	1.0830	1.8787	-0.3409	-0.1975	-0.8595	0.9888	-0.4037	1.1026	-1.2734	-0.8353	1.2337	0.5777	1.3746	-1.4078	1.5661	2.1138	0.5810	0.1035	-0.9423	-2.1016	1.6116	1.2842	0.1937	-0.7998	-0.1467	-0.3891	0.2663	-2.5881	1.1998	0.3959	0.5370	1.0511	1.7123	-1.0700	-0.2236	0.3505	0.5792	1.8857	0.4107	0.6393	-1.0489	0.1663	2.8600	-0.6110	-0.5917	-0.9127	1.3809
-0.0587	-0.7250	0.0434	-0.5926	-0.3950	0.4012	0.7056	0.2481	0.9046	2.2336	0.2211	0.0352	1.0123	-0.7302	0.2247	-0.2426	0.8435	1.0293	0.2097	-1.2302	-0.7800	0.0094	0.5876	-0.7213	-1.5069	0.1195	0.9189	-0.0691	1.2923	-0.3218	0.2416	-0.8054	-0.0130	0.6205	0.3749	-0.4536	0.9158	-0.1662	-0.5365	-0.2427	0.5298	0.8492	1.4223	0.0150	-0.9091	1.7540	0.4562	0.5196	0.3993	0.1136
0.2523	0.8120	-0.0961	2.1246	-0.9752	-1.1911	-0.7624	-0.9435	-1.1041	-0.9817	-1.9731	-0.1498	-0.0951	-0.0563	-1.1896	-2.3339	1.8653	-1.2347	-0.2580	0.7787	0.7668	1.5762	-0.5165	1.3651	0.5419	-0.3157	0.9585	1.3486	1.1430	-0.8137	0.4814	2.1951	-0.5644	2.1160	-1.2807	-0.3451	1.2287	0.9807	-0.1620	0.0149	-0.5635	-0.5565	-0.3962	1.4100	1.0166	0.5164	0.1588	1.4784	-0.7699	-0.5681
-0.6773	0.0701	-1.2504	-0.1483	-2.2557	-1.3344	-0.6135	-1.5622	-0.7041	-0.9604	0.6552	1.1318	-1.1514	0.6639	0.0588	-1.1663	0.4109	-1.0870	2.3131	0.9675	0.7436	-0.1332	-1.4219	-0.5529	1.2459	-1.0451	-0.6842	2.4723	-0.5741	0.0015	-0.4109	0.9174	-1.1092	-0.0912	0.0557	-0.5168	1.4656	-1.8458	1.4777	3.3803	-1.5962	-0.7640	0.6082	-2.0397	1.4698	1.3406	1.2200	0.9205	0.3311	-1.7877
-0.0730	-0.1724	-0.8080	0.3033	-0.0497	-1.4626	0.7701	-0.0066	-0.1862	-0.2500	0.2516	-1.8595	0.6766	-1.3750	0.2410	-1.0428	0.3939	1.4063	-0.2249	-1.8459	-1.3988	-0.5551	0.8181	0.3190	-1.0668	0.3636	-0.8316	0.6790	-1.3853	-1.1002	-0.7405	-0.2291	0.0011	-1.4100	1.5047	-0.1000	0.2295	0.5343	1.3156	-0.6779	0.9070	0.8802	-0.6042	-0.8700	-1.7516	-0.8050	0.6850	-1.0888	1.7713	0.6435
-0.1181	-0.1767	-0.4349	1.5461	-1.0763	-1.4646	0.2701	-0.1339	0.0836	0.2945	-1.1135	-1.5295	0.8654	0.1281	2.0339	0.3062	-0.6483	-0.1619	-0.1538	-1.5426	0.3052	1.1536	-0.2836	1.0502	1.0863	0.7612	0.0911	-1.2044	0.8225	-0.3735	0.1167	-0.5515	-0.1610	0.6414	0.7295	-0.0198	0.7040	0.0881	0.6197	0.5503	-1.5054	-0.0378	0.6183	0.6269	0.6849	-0.8323	-2.4155	0.0626	-2.0569	-0.9807
0.8578	-0.5095	-1.1866	1.3319	0.9150	-1.3113	-0.1646	-0.7762	-0.8008	-1.0840	0.5480	0.9899	-1.4922	1.1712	0.8969	-2.0624	-0.3752	-0.2696	-0.3166	-2.0195	-0.9933	-0.2293	-0.6278	-0.9144	-1.3325	0.8343	-0.4963	-0.1900	-0.3836	-0.8028	0.9402	-0.3211	-2.5233	-1.8894	1.4190	1.3555	0.7116	0.9691	-0.0341	0.8404	0.3893	0.0083	0.3453	2.5959	1.5698	-2.1903	-0.7648	0.9365	0.2419	-0.5539
1.2364	0.4897	0.6823	-1.5571	-0.3111	1.0577	0.7901	0.5293	-0.5691	-1.1374	1.0788	1.1572	0.6144	-0.5399	0.4701	1.1783	0.6796	0.9377	-0.5776	-1.2647	-0.2733	-0.4282	0.5938	0.0079	1.5923	-1.1665	-0.8869	0.4368	-0.4716	-0.5048	0.5374	1.0978	-1.0038	-0.5014	0.9839	0.9419	-1.2996	-0.5373	0.2689	-1.0690	0.8392	0.3630	0.2823	-0.3970	-1.6029	-1.2787	-0.4355	-1.3807	0.9967	-0.8506
1.0114	-0.9906	-0.3717	-1.3610	-1.2456	0.2758	1.3576	-2.3245	0.1179	-0.9203	0.9071	-0.2237	-0.1697	0.0675	2.0124	0.2868	-1.1137	-0.9695	-0.3368	-0.5462	-0.4581	0.1513	-1.3213	-2.4166	1.6370	0.3610	-1.5228	1.0971	-1.5735	-1.6153	0.5646	-0.3425	1.0664	-0.6011	-0.1974	0.9048	-0.4746	0.3616	0.1326	-0.9123	0.1712	-0.7093	-2.0878	0.8954	-1.2835	1.7743	-1.1888	-1.3815	-0.6909	1.3348
-1.3956	1.1165	-1.0050	1.6613	-1.4563	-0.2157	-2.2357	0.1685	0.0223	-1.4220	-0.8074	-1.1025	-1.6681	-0.5449	1.5131	0.4254	-1.3465	-2.2263	0.5419	-0.0695	1.6820	0.0004	-0.9369	-2.2894	0.4349	-0.1555	0.6833	1.8192	0.5316	0.4348	0.0364	-0.8154	2.8014	-0.3158	-0.2992	-0.0814	1.1359	-0.5301	-0.3325	-0.0763	-0.8864	0.0797	1.6946	-0.6342	0.1549	-1.1508	0.5738	2.1835	0.2620	-0.3759
-0.3459	-0.8693	-1.3626	-0.9689	0.2907	1.5349	-0.3487	0.1966	0.8914	0.2349	0.8567	-0.1649	-1.0038	-0.4307	0.4823	-1.1071	-0.4013	0.1438	-1.5461	1.9558	0.6347	0.9313	0.8236	-0.0733	0.5217	0.4351	0.2539	-1.1905	0.7171	-0.2423	-0.1660	-2.0845	-0.5035	-0.6966	-0.3680	-0.2625	0.3424	-0.1016	-0.4200	0.6123	0.6958	0.6254	0.8345	-0.9671	1.1024	0.7649	-0.0815	1.4067	-2.1090	0.0774
0.2148	-0.8383	0.6662	-0.2746	0.0644	-0.5502	0.6177	0.0668	0.6571	-1.2110	1.1756	-0.8775	-1.3713	0.6225	-0.9132	-0.7880	-1.2010	0.4355	-0.1360	0.2769	1.6060	-0.9774	0.4969	0.2472	-0.1335	-1.0493	-0.5499	1.2131	1.0384	-0.7615	0.5427	0.0589	1.3382	1.5519	-0.0509	-0.6380	0.3773	0.0414	1.2273	0.1849	0.3075	-0.1735	0.0386	-1.2883	-0.5110	0.2759	1.7554	-0.2524	-0.3785	0.7573
-1.6769	0.8320	-1.0008	1.2606	0.7948	1.3676	1.3864	-0.0605	-1.4140	-0.5410	-0.1123	1.0726	-1.1427	0.7077	-0.7902	-0.2946	1.6955	-0.3941	-0.5733	0.0242	-0.4620	1.2953	0.7391	0.5441	-0.4676	1.6246	0.4945	-0.3529	-0.9043	0.6121	0.4508	-0.1211	0.1818	-0.5125	1.1626	-0.8809	0.4901	0.1685	-0.3655	1.5506	0.2913	-1.1707	-1.3636	0.2438	-0.1524	1.0875	-2.0267	-1.3831	-0.6221	-1.5145
-0.8784	0.8849	0.9360	-1.0499	-1.1516	2.5866	-0.4729	0.3324	0.7897	0.3926	2.0311	0.0145	-1.3819	-3.0450	-1.1693	0.3067	-1.2225	0.8494	-0.3628	0.2033	-0.0057	1.5654	-0.3774	-0.7229	-1.0452	1.5930	-0.0854	0.1956	1.7653	0.0144	1.5179	-0.2754	0.1464	0.1241	-0.1760	-0.0459	-2.3505	-2.0397	0.3793	-0.0091	1.7826	-0.0808	-0.5675	1.5803	-0.1931	-0.7207	-1.6192	-0.0980	1.0666	-0.7320
-0.3727	1.7980	-0.6839	-1.5514	-1.5432	0.0727	-0.2187	2.4759	0.7312	0.2394	0.0971	0.5744	0.9505	2.0524	-0.0553	-0.7156	0.9851	-0.2493	-0.6192	-0.4480	0.8301	2.0857	1.3635	1.7003	-1.3618	0.4204	0.1766	-0.0329	-0.0863	-2.3274	0.4990	0.6102	0.7546	1.2857	-0.4360	0.3902	-2.3694	0.5298	-1.4332	-1.0373	-0.5358	-1.0686	-0.9425	-0.6954	-1.4827	-0.2455	0.3369	1.9669	-0.7733	-0.0984
0.4198	1.0944	-1.6251	0.3617	0.0599	0.2982	-0.4198	-1.7406	-0.3153	-0.2685	-0.4109	0.8239	0.1098	0.9374	0.9460	0.7506	1.7203	-1.1353	1.1104	0.3136	-0.3770	-0.5605	0.0043	0.8667	-0.6254	1.7297	-1.3937	1.6514	-1.4339	0.8567	0.6587	-0.5672	1.8395	1.0568	-0.6943	0.0813	-0.6187	1.6396	-0.2819	0.5661	-0.2577	-0.1880	-0.1891	0.3832	-1.1385	-0.8894	-1.1212	2.0062	-0.6338	1.1380
-0.4124	-1.3408	-0.1148	1.7704	-0.1070	-0.5856	-0.7208	-1.2415	-0.2350	-0.1025	0.8630	-2.8368	0.7691	0.9927	-0.9611	-1.2174	-1.4843	0.0595	0.2574	1.2472	-0.3297	0.2934	0.0824	0.8318	2.1411	0.2606	0.1058	-0.1396	-2.0170	0.3027	0.0897	-0.2476	-0.3001	0.5323	-1.1283	0.4209	-2.5457	-0.2621	-0.1666	-0.9744	0.3871	0.2982	-0.5621	0.6528	-0.2788	-0.4791	-0.3650	-0.4053	0.2695	-1.4407
-1.0166	0.4637	0.8777	0.7307	0.2902	-1.2671	-2.5172	1.0997	-0.2051	2.1878	-0.4707	-0.3875	-2.2786	-1.0522	-1.0601	-0.8744	-0.2507	1.0544	-0.4472	1.0498	-1.4690	1.1843	0.1466	-0.1499	0.9422	0.1662	0.1191	-0.4895	-0.6260	1.3666	-0.1193	-0.8002	0.4482	1.4063	-0.3055	-1.1724	1.3809	-0.0436	-0.1360	-0.0589	-0.5846	1.8219	0.5010	-0.4138	0.9242	0.9874	-0.5933	0.2976	1.0158	1.1843
-0.4416	-2.1015	-0.4266	-0.7173	-0.2153	0.1595	-1.5608	-0.3157	0.2102	0.7160	0.9701	1.3471	-1.5161	1.1828	0.5840	0.0023	1.9547	-0.3113	-2.0909	-0.5676	-1.0252	-0.5640	-0.0448	-0.1099	1.1798	-0.6199	-0.7330	-0.7217	0.5043	-0.2729	0.2484	-1.0496	0.8165	-0.9401	0.0316	0.7023	-0.3342	-0.5494	-0.1137	1.3686	-0.0701	0.5320	-0.6604	-0.3532	0.1606	-0.3956	-0.4201	-0.9211	0.9218	-0.2202
1.0408	0.7725	1.2805	-0.1460	1.2535	-1.8534	-0.8965	0.9568	0.2627	-0.7664	0.9521	0.3008	-0.2391	-1.5484	-0.4137	-0.1991	0.1275	-0.7408	0.6304	-1.7383	0.6612	0.4651	1.7399	-0.8300	0.4255	0.1814	0.5990	-0.2798	1.1478	-0.3582	0.5498	0.6859	-0.5254	-0.3614	0.3054	0.1973	-1.1876	1.2290	1.3320	-0.3747	0.5356	-0.2759	0.2117	0.0855	-0.3753	-0.3978	0.2271	-1.1669	-0.8827	0.2482
-0.8013	-1.3587	2.0978	0.3517	0.2949	-1.6891	-0.7073	-0.8454	0.2990	-0.4054	-1.3502	-1.0755	1.4980	-0.5084	-1.4833	0.0100	0.4611	-1.0707	-0.3787	-0.0759	-0.0682	1.2476	-0.3550	-2.2552	-1.6810	0.0334	2.5576	-1.4396	-2.1987	0.3514	0.3795	-0.2854	0.7530	-0.3384	1.2788	1.2473	0.4404	-0.5857	-0.0462	-0.6654	0.2576	-0.3892	1.1028	0.4519	-0.9526	-1.2204	0.8054	1.2764	-0.9036	-0.1860
-0.2346	1.4549	0.2392	-1.3288	-0.1213	-1.5981	1.1408	0.4531	0.0259	-0.2761	-1.1350	0.5987	0.3187	1.0369	-1.0243	0.3970	1.1174	0.5985	-0.0442	-0.9245	-1.0486	0.0363	-0.9940	-0.6184	1.3189	-2.2783	2.5709	0.6948	0.4828	0.0567	-1.9454	0.6036	-0.4668	0.9443	-0.6936	0.0983	1.8703	-1.5005	1.1483	0.4870	-1.0720	-1.1336	0.4397	0.0555	-0.5172	0.6796	0.6883	0.7019	0.0974	-1.0891
-0.4945	0.1780	-0.7638	0.4786	0.1314	1.5915	0.2107	-0.0283	0.4812	1.4206	1.2260	-0.3686	-0.0983	1.1819	0.6620	-0.8386	-0.2938	-2.3646	-0.6742	-1.2768	-0.4176	0.3592	-0.1112	-1.5689	-0.6962	0.1439	-0.4912	0.0506	2.2179	-1.2646	-0.4648	0.2679	-0.1697	-0.2670	-0.7332	0.6232	0.4785	-1.8263	-0.0454	0.4306	-0.2445	0.0922	1.2184	-0.3052	1.8253	-1.3859	2.2075	-1.1062	-1.6679	0.2309
-1.4655	-2.2801	0.7735	-0.2017	-0.7666	-0.3160	-0.2342	0.7361	0.4325	0.9953	-2.2011	1.2511	-1.1667	-0.2453	1.6995	0.0552	1.0597	0.5138	-0.8138	0.9903	0.9966	-1.7746	0.4393	1.5153	-1.7561	-0.2088	-1.9751	-0.4827	0.9168	0.3137	-0.2658	1.1506	0.4793	1.6249	-0.9428	0.0990	1.3159	1.0609	-0.3582	0.4081	0.9687	-1.0031	0.0644	-1.8193	0.8665	0.1382	-0.7460	-1.0714	-1.4458	0.8403
-0.0369	1.2976	1.6067	0.8914	0.2162	0.8755	-0.4109	2.6680	-0.9928	0.3939	-0.7217	-1.8835	0.6417	-0.9664	1.1587	0.1584	1.3475	-0.8399	-0.3755	-0.1177	-1.6685	0.0540	0.2879	-0.4479	-0.4861	-0.1991	-0.1760	1.1328	-1.9939	0.6892	1.1167	-0.7967	-0.7366	-0.4797	-0.9985	0.8366	-1.2371	1.3388	-0.2338	1.9071	-0.1056	-0.9525	-0.8620	1.5726	0.1067	1.5354	0.9985	0.4381	-0.2033	-1.8311
-1.2488	-0.0537	-0.5599	-0.7968	-0.1288	0.5415	-0.8080	0.2530	2.3116	0.7720	-1.0831	0.8524	0.6605	-0.8770	-0.2892	0.6986	-0.2177	0.4652	0.7512	0.5750	-0.2138	0.3804	0.6401	0.1744	0.3880	-0.3300	-1.4448	-0.5724	-0.0409	0.5108	0.9217	-0.3083	-1.4438	0.0866	-0.7038	-0.2493	0.3399	0.2303	-0.5848	1.4125	0.9994	0.9885	-0.6494	-1.0293	1.3822	0.3483	0.2461	-0.1826	1.3064	-1.0807
0.5023	1.3184	-0.6848	1.2733	-1.8777	-0.7682	0.6975	-0.7939	0.0697	-2.2226	-0.3981	1.6273	-0.5842	0.4156	0.0512	-0.1203	1.2146	-0.3540	0.7521	1.0379	0.3951	0.0785	-1.0660	-0.8064	-0.2579	1.5685	-0.4516	0.4053	0.1474	1.9188	-0.6672	-0.3195	0.2371	1.0505	0.6961	0.0022	0.6377	-0.9537	0.1465	0.7161	1.1948	-1.9360	-0.9055	1.4241	-0.2753	0.0212	0.0649	0.4457	0.0189	0.7552
-2.7252	1.6382	-1.5440	1.5000	-1.2843	1.3733	-2.6325	-1.6749	0.2784	0.2030	-1.0021	-1.4439	0.7607	-0.4848	-0.0384	0.9443	-0.3555	1.4055	0.0625	-0.1506	-1.3370	-1.2857	-0.7113	-0.8977	-0.5875	0.5363	-0.5108	0.7296	-0.6885	-0.1817	-0.6069	-1.1624	-1.9445	-0.1029	1.5082	0.3851	-0.4944	-1.0273	-0.5678	-1.3860	-1.5837	-0.7407	-0.0958	1.1704	-2.2405	1.1783	-0.6488	-0.1117	0.9093	0.4960
0.1421	-1.4739	-1.1286	0.2950	-0.9295	-0.5477	2.1073	1.0804	1.1070	0.8738	1.9236	-0.9201	-0.9609	0.1199	-1.5505	-0.9170	-0.9216	-1.2702	0.3654	-0.4927	-0.4314	-1.8235	0.1590	-0.5378	1.4563	0.0844	1.1355	-0.0330	-1.4904	-1.0903	0.7093	-1.5913	-0.9726	1.1096	-0.7784	1.5565	1.8826	-0.1834	0.1580	-0.4429	-1.5667	1.6659	-0.5486	2.5362	0.9266	0.8029	-1.3621	-0.0283	-0.4156	1.7157
0.1870	-0.5972	0.0479	0.8859	1.6864	0.8792	-0.0188	-0.2510	-0.4109	0.0264	-0.1219	-2.3977	0.7005	-0.5378	0.0097	0.7030	0.2797	-1.2129	0.5937	-0.0846	-0.1623	1.1604	0.3693	-1.0426	-1.1387	-0.8552	-0.4765	0.6541	-0.2937	0.9616	-0.5380	-0.4277	-0.0283	-0.4260	0.1018	-1.1999	1.3177	0.5081	0.1842	-0.2214	0.4144	-0.5347	0.3453	0.2187	0.8255	-0.3681	-0.1843	-1.2346	-0.8482	-0.8583
0.6342	-1.5996	0.5131	1.9953	-0.4483	0.1277	0.2983	0.2298	-0.3330	-0.4085	0.3474	-0.5595	1.0358	1.2284	0.2605	-0.3305	0.0828	0.2847	-0.5486	-0.3522	0.6726	-1.9340	-2.4617	-0.1471	0.7579	-2.1318	-0.4364	0.6821	-0.4159	-0.6243	-0.6725	0.3115	-0.5350	2.9228	-0.3682	-0.7895	-0.8506	-2.2035	-0.2443	-1.2301	0.1249	-0.2692	0.8075	2.8093	1.0673	-1.4670	-0.0465	0.9770	0.3299	0.4073
-1.7770	-0.4187	0.7288	-1.3201	-0.1428	-1.3800	0.0710	-1.3443	-0.7066	0.9986	-0.3188	-0.4198	-2.5555	-1.7544	0.6160	0.2140	0.5294	1.1226	0.5761	-0.9815	-1.2593	0.7637	-2.2827	1.4052	-1.2393	0.8659	0.5137	-0.5622	-0.7682	-0.5073	-0.2434	-0.4490	1.6578	-0.2947	0.3707	0.0200	1.3088	-1.1543	-0.3550	-0.9560	-0.3052	0.2620	-0.1441	-0.9381	0.5538	-2.2941	1.2471	-1.6811	-1.4698	0.3883
-0.6622	-0.0135	-0.2302	0.0589	0.2112	1.5293	-0.5430	0.9748	-1.1734	0.5656	1.6063	-1.3677	0.7244	0.3173	0.6678	-1.3200	0.3848	0.7910	0.0173	0.9496	-0.6266	-1.5622	-1.9554	-0.0373	-1.1336	-0.8261	-0.0230	0.8095	1.4635	-1.5829	0.0334	1.0659	0.5289	-0.4284	1.2702	0.0783	-0.1713	0.2284	-0.5871	1.6218	-0.9864	-0.5186	-0.2191	-1.3041	-0.2466	0.9660	-1.0446	0.3311	0.9053	0.0748
0.4140	1.0625	-0.8915	1.6441	-1.1078	0.6086	-0.0642	1.3710	-0.2251	0.4833	1.1358	0.5207	-0.4824	-0.0493	-0.3984	0.3712	1.2349	0.4421	-0.2025	-1.8476	-0.2484	0.0355	-1.7873	-0.7766	-1.0678	1.0236	0.3892	0.5813	-0.1501	-0.2878	-1.0480	-0.1117	-0.2856	-0.5835	0.1655	-0.7380	-1.3319	0.2711	0.4825	1.0899	-0.1032	0.3641	0.0691	1.0904	-1.2241	1.3098	-0.8256	0.0247	0.4973	-1.0656
-0.7985	0.3377	0.8099	0.1033	0.4336	-0.6423	-2.0168	-0.1985	1.3409	-0.6140	-1.9865	-1.2774	-0.7074	0.8888	-0.1408	-1.2000	0.2841	1.2074	-1.2315	0.6769	0.6845	1.7061	0.2232	-0.1048	-0.0444	0.3444	0.0229	-0.0992	1.3617	0.2554	0.1425	-0.3181	-0.2230	1.9421	-0.7713	2.1679	-0.6656	-0.3705	-0.3578	-0.4234	-3.2274	0.1491	1.0472	1.5071	1.1248	0.5709	0.9551	-0.3381	-2.2110	-0.0404
-0.6216	-1.0368	-0.8480	-0.7709	-0.6065	-2.1580	-1.2637	0.2481	1.2266	-0.2377	-1.0411	-1.1480	-0.7711	-0.0416	-0.8256	1.3532	-0.0158	-0.2345	0.9847	1.4725	-0.3354	0.1416	-0.0004	0.6319	-1.0968	-0.2461	1.9622	0.7924	-0.0129	0.8059	-0.3711	0.7440	-1.8069	-1.2231	-1.6364	-0.4390	0.2606	-0.4204	1.1655	0.3791	-0.5304	0.5557	-1.6308	-0.0224	-1.3260	0.0363	0.6702	-0.0959	-0.7879	-0.6987
1.1974	-1.0381	-0.5874	0.6240	-0.5631	-0.0344	0.8722	-1.1997	-0.2800	0.8663	-0.0070	-0.3207	1.1844	0.2292	0.7173	-0.0189	1.4234	0.1178	-1.5564	-1.8174	0.7388	1.3839	-2.2643	-0.2591	-2.3166	-1.2634	-0.0711	1.1269	-1.1049	0.2969	-0.0713	0.1112	-0.8122	-0.3074	0.0094	1.0353	0.1334	0.2187	-0.0486	1.0974	0.0695	-0.5541	-1.1177	-0.4532	-1.5012	-1.2349	-0.3214	-0.9743	-0.3911	0.1344
0.1626	-1.1654	-0.5707	0.4409	-0.2015	-2.6703	-0.0747	-1.6992	-1.9838	0.2969	0.1592	-1.6323	1.8505	1.2911	-0.2923	-1.5885	0.4017	1.1095	1.8531	-0.6663	0.1627	1.2250	1.9163	-1.4250	0.8638	-2.6456	0.2386	0.6793	0.8540	0.3952	-0.4244	-0.3290	0.9463	-0.9322	-0.3581	-0.7268	-1.7458	-0.1297	0.5278	0.2370	0.1734	1.2267	-1.4256	0.1161	0.5189	-1.1576	-1.4453	-0.1657	-0.1124	0.1696
0.0096	0.1091	-0.5191	-0.5227	1.4855	-0.0229	-1.4359	0.1079	-1.2360	2.0073	1.0525	-2.0404	-0.8403	-1.1906	-0.3871	0.3727	-0.8136	0.8819	-0.6883	-0.3830	1.6330	0.2940	0.0949	0.0287	-2.8174	-1.1148	-0.0450	-2.5379	1.8174	1.3599	-1.5704	-0.3046	0.7498	-1.4540	-1.4814	-1.7562	-0.8779	-0.1705	-1.1212	0.1460	-0.9956	1.0806	0.7744	-1.2369	-0.3877	0.6973	-1.8002	0.1181	0.6094	0.0236
1.1215	1.6116	0.0221	0.0417	-0.3248	-2.2159	1.0836	-0.0675	0.0597	0.8358	0.2149	-0.1822	0.5190	0.2633	1.5791	-0.6106	-0.1971	-1.1113	0.2249	0.5360	-0.4223	-1.1864	0.0234	0.5266	1.5657	-0.1504	0.5356	-0.1657	0.1132	2.2175	-0.8977	-0.3318	0.1455	1.4666	-0.7471	1.0873	0.2692	1.6534	1.0655	2.2055	-1.7862	-0.7417	-0.6895	-0.3472	-1.4400	1.1822	0.1592	-0.7107	-0.4630	-0.8585
1.1762	1.6116	-1.6287	-1.2472	1.8012	-0.1575	-0.1403	0.1457	-0.4406	-3.4038	-0.9985	0.3527	-0.0167	1.3311	-0.3322	1.1842	0.0360	0.5691	0.2964	1.1449	0.7491	-0.6535	1.1132	0.3796	-1.4935	-2.5722	0.1729	0.3762	-0.6102	0.4342	-3.1604	-2.0589	0.3354	-0.4793	1.9511	-0.7326	1.0908	0.5339	1.5098	1.1868	-2.5746	-0.3306	0.4038	1.1801	-0.6108	-0.5830	0.7994	2.1372	-0.6015	1.7726
-2.3785	1.5800	0.7154	-0.3797	0.3625	0.4754	-0.6569	0.1595	0.4231	2.2922	0.6485	-0.8062	-1.6179	-0.5699	-0.6794	-0.1926	-1.0973	-0.5469	-0.3618	-0.8362	-0.8490	1.3320	0.0794	-0.3096	-0.5608	-1.7689	-0.4700	-1.1858	-0.0924	0.4684	0.4465	-1.0662	2.0653	1.1142	0.7156	0.2134	1.3753	-0.1820	-1.7773	-1.1988	-0.0695	1.0375	2.4735	0.6485	0.0046	0.6378	0.3982	-0.0002	1.6215	2.0561
0.5211	-2.9987	1.2311	-0.2419	-0.7682	-0.6793	0.0722	0.6117	-0.3202	-0.6067	0.3787	0.2049	1.6458	2.0994	0.0459	0.3492	-0.4594	-2.6297	2.0565	0.7279	0.9155	1.2560	0.8085	-0.7838	0.6048	1.3931	0.4670	-2.0279	2.3806	-0.6022	1.1713	0.5299	-0.0530	0.9758	-1.9417	-2.2502	1.5752	-0.9433	-0.0239	0.3569	-0.6977	0.9093	0.9945	1.7589	-1.7501	-0.2363	1.5376	0.6036	0.4825	-1.8130
0.5267	-0.4746	-1.9841	1.4802	0.1636	-1.2915	1.0287	0.5743	0.4170	-0.2630	-0.4154	-0.9134	2.4172	-0.6878	0.3723	-0.2303	2.2780	-0.8487	-0.8593	-0.3111	-0.6686	1.5125	1.2942	1.2246	0.6324	-1.2023	-0.2215	-2.2706	0.7113	-0.3705	0.1561	0.0591	-0.5005	1.4974	1.0354	-1.6922	-0.2698	-0.7416	-0.1445	1.7828	0.2898	0.1719	-0.5554	-0.3853	0.6657	0.2065	-1.6751	-0.1988	1.0618	-1.4314
-0.2777	-0.3268	0.8866	-2.1547	-0.9572	0.8763	0.3572	-0.3173	0.0202	1.3695	1.3539	-0.1246	-0.3066	-0.1563	-0.4314	1.9618	-0.5902	-1.6568	0.5319	0.6958	0.4823	-1.8365	0.1827	-0.1136	-0.4617	0.6773	1.7287	0.6929	2.0662	0.6101	-1.7580	0.3555	-1.6946	-1.7582	0.0333	-0.0886	0.0985	1.9065	1.9430	-1.6981	0.2819	-0.5612	-0.5157	-0.7302	-0.3391	-1.3872	1.7767	-1.1375	-0.9846	-1.0593
-0.1633	1.3755	1.2642	0.2119	1.1636	0.2899	-0.1350	1.4851	-0.6868	-0.6847	0.1457	1.0448	0.5817	-1.0814	-0.5312	1.6383	-2.2344	-0.1437	0.6130	1.0849	1.0306	0.6953	0.6986	0.5537	-0.5580	-0.6426	-0.6757	-1.0440	-0.7939	-0.7894	0.8845	-1.2443	0.0438	0.5671	0.1206	-0.2780	0.6845	-0.7814	-0.1983	-0.6714	0.0232	-0.6756	-0.4231	-0.3306	-0.2837	-0.4830	-0.3124	0.4489	-0.3108	1.0867
-0.8863	0.2179	-0.1505	2.5196	-1.1212	0.0776	1.1215	1.0167	-2.5288	0.6956	0.9941	0.2528	-0.1064	1.4457	0.0965	1.0052	-0.2314	0.1051	1.0955	0.6562	-0.2408	-0.8160	0.3758	0.0021	0.2040	0.1901	-0.4494	-0.4511	-0.9625	0.0045	1.0600	-0.1691	1.0834	-1.4382	-0.8125	-0.8179	-0.2229	0.6838	-0.1372	-0.2519	-0.5167	0.4871	-0.0132	-0.8600	1.3112	-0.4437	0.2041	-0.6726	-0.9564	-0.1503
0.8136	-0.5732	0.9693	-0.9050	0.5600	-1.2378	-0.7248	-0.3100	-0.0975	-0.7532	0.2879	0.5908	1.3675	1.1332	0.5409	0.5297	-0.6998	-0.8748	-0.2623	-1.0357	0.0943	0.7872	0.1896	-0.1560	-0.9279	1.0013	-0.0145	0.3759	0.6097	-0.5476	-0.5935	-0.7406	-0.3052	-0.1918	2.3225	-0.8332	0.8336	-1.1612	-0.2585	0.4044	-0.1360	-0.5055	0.0279	-0.0515	1.8855	0.2860	-0.4803	0.7802	-1.5415	0.6470
0.2041	-0.6675	-0.2112	-1.3991	-0.1113	0.5405	0.6070	1.0042	0.3137	0.9362	0.9657	0.5573	-0.0907	1.3196	-0.6123	0.4957	0.4045	0.3104	0.2801	0.0791	-2.1034	-1.3328	0.1507	-0.4595	0.9344	0.2920	0.1083	-0.3657	1.1075	-0.7591	1.0638	-0.3819	-0.3473	-0.3525	1.6451	-0.1588	0.5588	0.9887	1.2595	-1.3272	1.2471	-0.6520	-0.2689	1.5482	0.2278	-0.9473	-0.1644	-1.9119	1.3573	0.5821
0.2095	-0.5349	-1.7296	1.4535	0.2402	1.2650	-0.7602	0.5875	-0.0267	0.3905	-0.7701	0.0394	0.2628	1.1018	1.3386	-1.5481	0.2564	0.0993	0.8585	-2.0562	0.4832	1.8542	1.2911	0.3312	1.1959	1.3374	0.8354	1.6286	0.0196	-0.5664	0.0429	-1.2773	-0.3686	0.4016	0.0747	-1.0293	-0.4110	0.1332	0.1283	0.0477	-0.6635	-1.9407	-0.2613	-0.2613	1.0278	0.6548	-0.1913	0.4285	0.8771	-0.8422
-0.4062	1.7237	0.7003	-1.2899	0.0670	-0.6535	-1.2853	1.4079	0.4935	1.2971	-1.2789	-0.6098	0.0288	-0.4072	0.5515	-0.2692	-0.5077	0.6453	0.7086	-1.4298	-0.1138	1.0550	-0.8774	1.2055	2.4251	-0.0274	0.3900	-2.1933	-2.1372	0.1245	-1.5391	-0.8469	0.9759	-0.8491	-0.1405	0.5545	-0.7337	0.4581	2.1069	1.3674	0.5966	-0.7769	0.9241	0.3082	0.7610	-0.1540	1.2704	-0.8569	0.6129	0.9461
-0.6886	-1.3460	-0.9225	0.3132	-1.5244	-1.2885	-0.9835	2.9533	-0.5705	-0.6725	-1.6845	0.9911	-1.6386	-0.6032	0.0596	1.3253	-0.7643	-0.1683	-0.8874	-0.9454	-0.0833	-0.1460	0.1754	0.3364	0.6765	-0.1739	-1.5549	-0.7347	1.7104	-2.0035	-0.2774	0.3656	1.5207	1.1504	0.8595	0.0897	0.6970	0.7672	-0.3995	0.2713	-1.8170	-0.3693	0.4004	-1.3800	1.2458	0.2624	-1.1439	-0.1732	-0.8139	-0.6279
0.6517	-0.6990	0.6407	-0.2979	0.2017	0.9804	-0.4939	0.2121	-0.4924	-1.0522	-0.6571	0.7977	-2.3798	-2.0642	-1.1493	1.3945	-0.1908	-0.5544	0.2267	0.2246	1.6940	1.1869	2.2492	0.9181	0.0539	-0.0894	0.4703	-0.8786	-2.1348	0.4571	-1.9286	-2.1267	-2.7141	1.2334	0.0916	-1.2651	-1.5354	-0.7694	0.4825	-0.5051	0.4158	-1.4111	-0.6623	0.9477	0.0342	1.2311	0.1520	1.3413	0.7661	-0.7904
0.0291	-0.1049	0.6409	1.3642	1.8461	2.3207	0.8111	-1.2649	-0.3315	-1.0579	-0.7554	-0.3435	-0.0142	0.6846	0.1320	0.2329	0.1952	-1.1294	0.0062	-0.7712	-1.2311	-0.8470	-1.3842	-0.1283	0.2976	-0.7528	-1.8122	1.0034	-0.3295	0.0840	-0.4847	-0.7963	0.7841	2.0515	-2.6203	-0.1372	0.4697	0.5934	-2.1673	1.3645	-0.4910	1.0255	-1.0110	-0.4175	-0.8116	0.1901	0.3537	-0.6636	0.6105	0.2353
-0.0933	0.5385	-1.1030	-1.1364	0.7208	-1.1127	-1.1723	0.3614	0.5436	-1.8523	-0.1617	0.5325	-0.4055	0.7221	-0.4571	0.0648	-0.1219	1.5601	-1.4822	0.7194	-0.5644	1.2180	0.7526	0.3192	-1.1202	0.5171	0.9800	-0.4730	0.4041	1.7576	-1.2920	0.1029	0.3108	-0.4036	0.3658	-1.4057	-1.2611	0.3535	1.6896	0.8700	1.9265	0.8447	-1.3215	-0.8005	1.0638	-1.0491	-1.0692	-0.7671	0.5947	0.0465
-0.0362	-0.6359	0.1138	0.9455	0.2358	-0.8938	-0.7466	-0.2052	0.7942	0.0623	0.0225	1.5747	1.1481	0.2394	-0.6611	-0.3598	0.2605	1.1142	0.4323	1.3611	0.4665	-0.2113	-0.7300	0.0980	0.6910	-1.0410	-1.0213	0.3401	0.1130	-0.8274	-1.7711	-0.5600	-0.5935	-0.6938	1.3904	0.7615	-0.4491	0.1468	-0.8565	1.2384	0.8427	-1.0677	-1.6440	-1.0597	0.4666	0.3883	0.1931	-1.0340	-1.1394	1.5161
0.2757	-0.6086	-0.9979	-1.4612	-0.1785	0.1970	-0.4949	0.6574	-0.7688	1.3019	-0.8750	1.0497	0.3284	1.5164	-1.2965	-1.1277	-1.6269	-0.8157	-0.2102	0.2267	0.4370	0.6278	1.3999	-0.2523	0.4145	-0.1022	-1.2754	0.5284	0.1303	0.1648	-1.0294	0.3571	-0.8138	-0.8191	0.1433	1.1158	-0.9007	-1.4239	0.5805	-1.4114	-0.3188	-0.6796	-1.8700	-0.1157	-1.2296	-1.2368	1.4321	-1.2477	1.4599	-0.4633
0.8901	0.3657	0.0598	-0.6796	-0.0983	0.3799	-0.3470	0.8624	-0.7589	0.0524	-0.4678	1.4212	-0.1668	0.2287	0.5517	1.1594	2.2477	-0.3243	0.8878	-2.0219	-1.1968	0.9413	1.3033	-0.1587	0.0712	-0.6626	0.8828	-0.1827	0.1773	0.9366	-0.1286	0.5213	0.4270	1.1665	0.2663	-0.6470	-0.3033	0.9090	0.3088	1.4169	0.3135	0.5974	0.1484	-1.7354	0.0347	-1.0088	0.2510	-2.3714	0.7105	1.3264
0.0723	0.3692	0.5954	-1.3580	-1.2060	-1.5387	-0.7086	-1.1684	-0.7369	-1.2147	-0.0024	0.6170	1.2023	-0.3544	-1.2367	-1.4453	-1.7080	0.3105	-0.4423	0.0467	0.0414	-0.1512	-0.0489	-0.6012	1.6099	0.0450	1.0619	-0.1142	0.6416	0.6198	-1.6830	0.3180	1.2703	-0.5462	0.6241	0.1655	-0.0369	-1.4346	-0.4874	-0.6649	-1.5060	-0.2990	-0.0785	-1.2520	-0.1831	0.7470	0.7703	0.3382	-1.1124	-0.6493
-0.1310	0.6462	-0.5488	-0.5805	-1.3203	0.8316	-0.5091	-1.5408	0.5774	-2.3131	1.0879	1.4768	-0.8823	-0.3187	-1.1015	0.3050	0.5642	0.2799	-1.4499	1.3634	-0.5513	0.2977	0.4585	-1.1068	1.8926	-0.0753	-1.9191	0.2299	-0.6057	0.8889	4.1793	-0.4872	-0.0504	-0.9627	1.1144	-0.6903	-0.3906	-1.4078	0.7196	-1.7501	-0.9545	0.3754	0.8435	-0.0301	-1.4574	1.0973	-0.8150	-0.0015	-0.4704	-0.5989
0.7170	-0.1206	-1.1210	1.2572	0.5589	0.9217	-0.4421	1.7000	0.8861	-0.5315	-0.1766	-0.0141	1.4284	0.0403	0.7960	0.0081	-0.0597	-1.4583	0.4666	0.1773	1.3146	0.6396	1.0032	0.3546	-0.7913	-2.5210	-0.6190	-0.1778	0.9709	-0.2882	0.3371	1.5004	0.5441	-1.5819	-0.9545	1.7122	0.4404	-1.4647	-0.0596	-0.1406	-1.6682	-1.1475	0.3601	-1.3787	0.4647	0.0169	-1.4538	-0.4812	0.1030	-0.8249
-0.5501	1.6898	0.3108	0.7958	0.1806	0.1941	0.4715	0.1160	1.4407	-0.2370	-1.2510	0.8325	1.6982	-0.6476	-0.9667	-0.4992	0.5228	0.9458	-0.6365	0.7455	-0.6829	0.5729	0.2055	0.2666	0.2732	1.3907	0.2637	0.3658	2.1166	-0.6345	-0.2181	0.6395	0.8461	-0.5891	-0.7476	-0.4816	-0.1093	-1.5484	-0.0718	-0.9475	1.4887	-1.1306	1.4460	0.0226	-0.5439	-1.0754	0.5639	-1.4311	-1.1005	-1.1830
-0.4277	0.7708	0.7722	-0.5479	0.1902	-0.5513	-0.2527	0.0214	0.4997	0.7161	0.1724	1.7064	0.8348	-0.6763	-0.6737	0.9235	0.3367	0.6071	-1.2889	0.0501	-0.6696	0.7948	-0.0948	0.6199	-1.1356	-0.6053	-1.0799	-0.2779	1.4534	-1.0730	1.3721	-2.1946	-0.7786	-1.6064	0.5415	-0.8565	-1.5890	0.4918	1.0045	0.0894	0.7408	0.9970	-0.2445	-0.4459	-0.0757	0.1832	-0.7267	0.4502	-0.2294	2.0889
0.3779	-0.0881	0.8885	0.7052	-0.5656	-1.1037	2.0702	0.3575	-0.3067	-0.2556	-1.0337	-0.7644	1.2783	0.4472	-0.3457	0.6878	0.5643	-0.4132	-2.0811	1.2660	-0.0343	1.4326	1.5364	0.1796	1.4335	0.2160	0.4245	1.2158	-0.1020	1.1523	0.2346	0.7128	-1.4072	-0.0107	-1.1660	-0.6731	0.7794	-1.9114	0.5593	0.6654	-0.6277	0.6825	-0.5578	1.4911	-1.1115	-0.3063	0.2331	-1.0713	-1.8383	-1.2346
-0.9051	1.7307	-0.1302	0.6153	-0.1431	0.3831	-0.9521	-0.0118	-1.0900	-1.0135	-0.3307	-0.0334	0.9379	1.2134	2.0442	-0.3329	-0.3170	2.4807	0.3245	-0.7687	-1.7386	-0.5774	-0.8184	-1.0127	-0.2161	-0.5400	-1.2222	-0.9674	-0.4463	-0.1646	1.3858	0.9066	0.2323	1.0241	-0.0118	-0.7409	0.8745	-1.1618	0.6650	0.3935	-1.3901	-1.4002	-1.1878	0.0326	0.3734	1.6657	-2.3636	-1.0682	1.7315	-0.2703
0.9106	-0.0125	0.0357	0.3558	0.8197	0.5799	-1.1745	-0.2600	-0.8286	-0.4190	-1.2597	-0.7123	-0.1482	-0.9887	-1.8405	-0.2418	1.1092	0.1591	0.4527	0.8576	-0.7695	0.8938	0.1317	0.4592	-0.2405	-0.1898	0.0082	-0.3138	0.2931	0.9474	-2.6191	0.7754	0.2881	-0.2347	1.7188	-0.3590	0.9851	-0.9680	0.8758	-2.3073	-0.0184	-0.7244	0.1741	0.4879	-1.5692	-0.6975	0.9670	1.3007	2.3335	-0.5089
1.0679	0.1881	0.4520	-0.0960	-1.0481	0.2299	0.0213	1.7564	0.8089	0.5209	-0.4045	0.8093	0.6364	0.8354	-0.7192	0.8052	0.0926	1.1180	-0.7311	0.4090	0.4162	-1.2343	0.3240	-0.7189	1.5643	1.0697	1.0461	1.1457	-0.3218	-1.8442	-0.2260	1.8553	-0.4396	-1.1201	1.0090	0.2285	-1.7645	-0.8558	2.3401	0.2293	0.6490	-1.1848	-0.1694	1.0806	-2.1144	-0.1648	2.2501	0.8967	-1.5999	-0.5061
-0.0297	-0.1877	-2.5595	-0.1241	-0.0421	-0.2104	0.5030	0.5905	-0.3509	-0.1423	2.1013	1.5740	0.3710	1.7177	-1.2879	-0.9524	-0.9448	-0.8790	1.7651	0.5265	1.5169	0.2560	0.4072	0.9191	0.3480	-0.0843	-1.0161	0.6343	0.8702	-0.5015	2.2416	0.0402	0.6570	1.1071	0.2790	-0.8114	1.1960	1.7823	0.0425	-1.2881	-0.3922	0.1324	-0.2063	-1.6997	-0.2385	0.6955	1.4241	-0.0512	-1.6835	-0.5558
0.1494	-1.7050	-1.0511	-0.4291	-1.3136	-0.4441	-0.2970	-0.9650	-0.5691	0.1801	-0.1653	0.3156	1.7134	-0.4612	-2.2864	-1.3441	-1.6273	0.2085	-0.0849	-0.0598	1.0698	1.4042	0.1033	-1.6227	-0.4526	1.7100	-0.1928	-0.1771	-0.8254	0.2068	-1.2126	-0.2635	0.5505	1.6339	-0.3944	-0.5616	0.1519	-0.3954	1.6382	-0.0481	-0.0551	-0.2801	1.2697	-0.1913	-0.0986	-0.9686	-0.0132	1.4281	-1.2692	-0.6581
0.5893	1.5525	0.4783	-0.3869	1.1310	-0.0933	-0.1047	-0.9227	-0.0397	0.4142	-0.4079	0.1447	0.8072	-2.3742	-0.8361	0.8023	0.4243	-1.2268	-0.9235	-0.1343	-0.4775	1.2002	1.4681	-0.5888	-1.0323	2.0884	-0.9897	0.4602	0.7776	1.7098	1.0076	0.0626	-1.3509	1.8525	1.6040	0.6626	0.0726	-1.0522	-0.5771	-0.5137	0.2584	1.6854	0.8789	-0.8984	0.9746	-0.5365	0.6980	1.0904	-0.8423	0.0326
-0.5149	-1.3992	-0.2764	-1.0781	0.4987	0.5567	0.4076	-1.0122	-1.1520	-0.3505	-1.2334	1.1903	0.5296	-0.3227	-1.0875	1.8518	0.9654	0.2644	-0.8044	1.3769	0.4926	-0.6524	0.1711	-0.8650	-0.7929	0.4792	0.4674	0.7497	0.9894	-0.8602	-0.4089	-0.3168	-0.1566	2.3800	0.1129	1.2071	-0.6725	-0.9601	0.3534	0.0613	1.0069	0.1900	-0.3859	-0.4416	-0.1536	2.1541	1.3673	0.4848	-2.6938	0.3512
0.3226	0.6630	0.1183	-0.1970	0.6590	-0.0159	0.2746	0.3884	0.1628	1.8908	0.0843	0.7302	-0.5992	0.9354	-0.3127	-0.0242	-0.7966	-1.8675	0.3132	0.8292	-1.1673	1.4328	-0.0308	1.6229	-0.9793	1.0320	0.7214	0.9690	-1.4396	-1.0969	-0.8589	-1.7797	-0.7822	0.4335	1.1052	-0.6801	-0.5447	-1.1476	0.9120	-1.0154	-0.2539	1.1783	0.3579	-0.0351	-0.4860	-1.5420	1.0513	0.1773	1.3964	0.6288
0.4146	-0.9194	-0.6189	0.6984	0.3505	1.2304	0.2310	0.2408	0.0451	1.8096	-0.1186	-0.2187	0.2752	-1.0152	0.2567	-0.4406	-0.2707	-0.4880	1.3676	1.8010	1.5642	-0.5952	0.7040	-1.1188	0.2256	0.1089	-0.0854	-0.1490	2.3444	-0.3245	-0.4704	-1.3184	-1.1620	-0.5456	1.0455	-0.1884	0.8056	0.4952	0.3814	0.4363	0.4128	0.6753	-0.5296	1.7273	-0.4810	-0.0513	1.0119	-0.0769	0.9092	0.1764
0.7614	1.6765	0.9431	1.9905	0.7611	-1.0027	0.7193	0.2860	1.5395	0.9196	-1.0006	-0.8083	2.0225	0.3815	1.4027	0.4469	-1.8892	-0.1672	-2.2010	-0.1200	-0.3136	1.8646	-1.8627	0.9142	0.1408	-0.9512	1.0447	0.0148	1.3121	1.9708	-0.8262	-0.0643	-0.6063	0.2830	-0.0231	-0.5778	-1.2618	-1.6302	0.0189	-1.3839	-1.2663	0.1844	-0.8190	1.6250	-0.3427	0.6223	-0.1964	-0.9255	0.5476	0.2944
2.0141	1.2850	0.6321	0.9625	-1.7147	-0.1325	0.3540	0.0686	0.2191	-0.1432	-0.8829	1.0532	0.0774	-2.1797	0.2112	-0.7419	-1.0789	0.6730	-0.3246	-1.3205	0.3224	-0.0702	0.5830	1.5166	-0.8850	2.1922	0.7630	-0.6668	1.0867	-0.1978	1.1221	1.3894	-0.4316	-0.1266	-0.8085	-1.1477	0.2429	0.3793	0.8854	0.2940	-0.0118	0.0054	1.0492	-0.0053	-0.0215	-0.8067	0.1487	0.7775	0.0903	0.1733
1.2035	-0.8394	-1.5124	-0.8165	-0.8124	0.0413	-0.2752	0.4235	0.4968	0.5915	0.2535	0.9562	-1.6098	-0.5637	-0.6125	1.6281	-1.3007	0.6275	-1.0248	-0.6982	1.8773	-0.0844	-1.1553	1.5422	1.0065	-1.5078	-1.3477	0.2294	1.3146	-0.9896	0.1849	0.8287	0.1946	1.1115	0.9450	-2.4960	0.5969	0.4586	0.2904	0.9068	-0.0404	-0.0198	-2.0038	0.0527	0.4706	-0.1095	-0.5907	0.7721	-1.2588	1.2207
0.2138	-1.2384	1.6860	1.7143	0.6756	0.4826	0.1790	0.8311	1.1830	0.2485	0.0793	-2.3674	-0.3778	1.4404	0.8362	0.5912	-1.0083	-0.8567	-0.8306	-1.5359	-0.3940	-0.4744	0.4636	-1.5508	-1.7268	-0.2666	1.0400	-0.6010	-1.2117	0.6246	0.2175	-0.3286	0.5840	0.6190	-0.4330	0.2602	0.0484	-0.3173	2.3372	0.5241	-0.4412	0.1555	-1.0474	-1.1197	-0.7878	0.6382	2.0788	0.8078	0.6576	-0.2906
-0.4788	0.4104	0.9226	1.0168	0.7108	0.8195	-0.7326	-0.1848	1.0404	0.6273	-0.6068	-1.3917	-0.8606	-0.8627	1.5903	-2.0932	1.7762	-0.5358	-0.1801	0.8683	0.2964	-0.4976	-0.0484	0.6660	0.0695	-1.3428	-0.2098	-0.4061	-0.8708	-0.6228	0.6991	-2.1009	-1.0725	0.5718	0.4268	1.5245	0.4282	1.3595	-0.1906	0.3132	-1.8786	-0.5755	1.0676	0.0007	-0.7017	-1.7370	-0.1656	-1.1871	0.1714	-1.1392
0.3153	-0.4102	-0.7340	0.0335	-0.9612	0.4770	-0.2233	-0.6408	-1.6274	1.1464	1.1563	-1.0266	-0.9953	0.0839	0.6221	-0.1143	0.2106	0.1988	1.6215	-1.0289	-0.0003	-1.5999	0.3743	-0.4439	-0.4991	0.5825	-1.8565	-0.0336	-0.0069	0.5664	-2.7816	0.4233	0.1643	-0.8535	-1.4172	-1.2481	-0.2611	-0.2605	-0.5645	0.3694	0.2407	1.2122	-0.2880	-0.2756	-1.2043	1.0884	0.9545	1.4489	-0.0919	-1.2471
-0.1984	-0.6447	-0.2722	0.2263	-0.7135	0.1575	-1.6864	-0.0906	-1.2647	-0.9361	1.0331	0.7729	-0.2482	1.0492	0.4876	-0.3693	-1.1034	0.4926	-0.5927	0.0326	-1.7718	1.3306	0.4679	-0.6163	-2.2401	0.3705	0.8184	0.3409	-2.0679	-0.4232	1.3269	-1.1614	1.4075	0.4299	0.1115	-0.1797	-2.1988	0.7132	-0.8167	-2.1031	-1.0375	1.6015	1.3299	-0.5013	-0.1956	1.5352	-0.0480	0.1535	1.0387	-0.6660
-0.4076	1.3356	-0.2798	2.9570	-0.4346	0.3305	-0.7315	-0.6877	0.5251	-0.7988	-0.1563	0.3095	-0.8902	-1.2518	1.0788	-0.0198	-0.2690	-0.1363	0.1772	0.4078	1.5302	-0.2252	1.3194	-0.2479	-0.0370	-0.1002	-0.4310	0.9448	1.6211	0.1909	0.2965	1.1345	2.2201	-1.4785	1.3057	-2.1753	0.2385	-0.1969	-0.4601	-0.8786	-0.4351	-0.9470	-0.5182	0.6075	-0.0107	-1.2008	0.3960	1.5774	1.3736	0.7644
-0.3971	-0.1480	1.6884	0.5484	-0.5917	0.1125	1.1200	1.1330	0.5026	-2.2179	-1.0218	2.3448	2.0023	1.0223	1.8819	-1.6892	0.4028	1.6215	0.8734	0.1395	-0.2661	-1.0490	-0.7547	1.3435	0.8471	0.8634	0.7216	0.8810	-0.3008	-1.0902	-0.3352	-0.6032	0.9942	-0.5255	1.2520	-2.0762	0.0801	1.2353	-3.3811	1.3557	-0.7264	0.5937	0.9231	0.7903	-0.3112	0.6537	0.7963	0.2861	0.0848	-1.4311
-1.3631	-1.0128	0.0784	0.2383	0.9619	-1.1008	0.7817	0.5041	-0.1483	1.3460	0.4878	1.0996	0.4022	0.5919	0.0588	0.5436	-1.9081	-0.1598	0.5358	1.1272	-1.0718	-0.5244	-1.2346	-0.3567	0.4468	-0.1730	0.4864	0.1501	-1.2156	-1.1975	-0.0727	1.2013	0.1013	0.6882	-0.1983	-1.1297	-0.7559	-0.2745	0.9928	-0.1743	0.1734	0.8848	1.2589	-0.2071	0.0742	-1.1761	0.3784	0.8131	1.4051	0.4109
-0.8307	-1.5084	0.4420	0.8637	-1.6438	-1.8638	0.5696	0.0765	0.8829	-0.4246	-0.9204	-0.5747	-1.5028	1.7312	-0.8748	1.4585	1.1140	-0.0101	0.9707	1.0488	-1.9437	0.6394	0.4203	-1.1849	0.6594	0.6505	-0.0868	0.9013	1.9463	-0.2133	0.1825	0.2767	0.2271	0.7424	0.6685	0.7897	0.8073	0.1956	-0.4365	1.0512	1.1147	-0.9352	-1.3604	0.1618	-0.6126	0.6379	0.5791	-1.2918	-0.7660	-0.7985
1.0107	-0.2609	0.1296	-0.1563	1.4270	0.7979	-0.2401	0.8905	1.3520	0.6671	-1.2109	1.2636	2.8360	1.5288	0.4808	1.2157	-0.7065	-0.2343	-1.6423	0.6807	-0.3684	-1.9187	-1.0787	-0.6437	0.4840	1.5176	-0.2878	0.6439	-0.4737	-1.3705	0.1076	0.7134	-0.9615	0.1633	1.1316	0.7818	1.3222	-0.8943	-0.7406	0.6318	-0.2489	-0.8052	1.5673	0.7118	-0.3518	0.4422	1.0804	0.6422	0.0229	0.1025
-0.2796	-1.2358	-0.1645	0.6663	0.1130	-0.8738	0.9629	1.1214	1.9066	0.8993	0.2762	0.4816	-0.2468	0.3244	0.7154	0.6044	-0.5775	-0.4483	-0.0160	1.0021	-0.9887	-2.1475	-0.1481	0.4549	0.0018	-0.5498	0.3896	-0.7997	0.4600	0.3272	0.3583	1.4193	-0.6254	-0.5254	-0.6079	0.1230	-1.2806	-0.1104	1.6158	1.4407	-0.9717	1.5400	0.9118	-0.2492	-0.5431	0.7640	2.5681	-1.1835	0.5236	0.4867
0.2030	-1.1288	-0.1717	1.5837	0.7528	-1.1969	0.8167	0.8307	0.5333	-1.4488	0.2369	0.0522	0.5952	-0.8453	-0.4257	0.2881	0.3552	-0.2786	0.2939	2.0430	-1.1688	-0.2536	-0.4360	1.5267	-0.0057	-0.1657	-2.4996	-1.6791	1.5151	-0.9237	-0.6721	-0.5317	0.7496	1.6826	-0.9554	-1.7292	-1.1231	-2.1801	-0.1143	-0.9316	0.2700	-0.8465	-2.0465	1.0043	1.2862	0.1112	-2.0841	-0.8817	0.5755	2.4415
0.6198	-0.8608	0.1666	0.6542	-1.4005	-2.0431	1.2793	1.2306	2.3209	-0.4811	-0.3333	-0.6455	-0.3732	-1.1409	-1.8333	2.3804	-1.0259	-2.2968	0.9945	-1.6403	-0.1580	1.7229	0.3577	1.4076	-0.5826	0.4098	0.2278	1.4356	-0.3152	0.0588	1.1723	-0.5791	-1.5058	-0.7111	-0.4793	0.6728	3.1250	0.8850	-0.0004	0.5977	0.2099	-0.5437	-0.4247	-0.4518	1.0338	-2.4079	-0.4828	-0.0003	0.3238	-1.6005
-0.5190	1.7087	1.3873	-1.2702	0.2816	0.5180	1.6644	1.7220	1.9311	-0.0287	0.2944	-0.5726	1.1840	-1.9152	0.5495	-1.3797	2.6977	-0.7702	0.8860	-1.3141	0.5877	-1.0308	-0.3858	-0.0243	1.7697	0.8148	1.0642	-1.2493	-0.4989	-0.4450	-0.3746	-0.4798	1.1355	-2.0453	-0.5655	-1.1079	-1.2664	0.9452	-0.6490	1.0847	1.3057	0.1405	0.0113	-1.0595	1.0775	0.3027	0.0220	0.3227	-1.0195	-0.5497
0.5563	1.0843	0.6054	-0.4722	-0.9064	-0.1356	-0.3897	0.1927	-2.0318	1.7978	0.6535	-0.6529	-1.0100	1.2686	-1.3878	-0.7747	-0.7344	0.0425	1.4888	0.6121	-0.0776	1.6833	0.8997	-1.4238	-0.0565	-1.8855	0.0233	-0.3785	-1.1433	0.9321	-1.6253	0.3091	-1.4865	-1.6080	0.3327	-0.5264	-0.8011	0.0468	1.0658	-1.0840	1.1959	-0.2216	0.2825	0.5633	0.3016	0.6422	0.2406	0.8763	-0.3487	3.1140
-0.6807	0.6287	-0.7128	-0.3301	0.1187	0.5223	-0.0424	0.0807	-0.0764	-1.1810	1.1395	2.4561	-1.5177	-0.0129	-1.0567	0.0522	1.0165	-0.7991	0.0717	-0.5954	0.5074	0.0930	-0.6161	-0.2136	-1.0818	0.1979	0.4212	-1.4101	-1.8024	-0.7657	0.3585	0.4680	0.2489	-0.0277	0.1498	-0.0707	-0.0299	1.8258	1.7413	-2.3047	-0.0333	-0.0771	0.4097	-1.2975	1.0375	0.7981	1.9268	0.9576	0.4744	-0.1138
-0.1388	-0.8714	0.7054	-0.4669	-0.9329	-0.4051	1.0306	1.8403	-0.0004	1.9779	1.7957	-1.1830	-0.5588	-1.9687	0.9748	0.3451	-0.1072	0.1169	1.9787	-0.6028	-0.2005	1.5850	-0.1720	-0.0040	-0.1803	-0.4979	-1.3506	0.4954	-1.2908	0.5645	-0.2441	0.3184	-1.0720	-0.5029	0.3690	0.1198	0.9070	0.2748	-0.3371	0.1941	-0.7371	-2.2825	0.1390	2.6765	0.9964	0.5532	0.4030	-0.6195	-1.3953	0.4247
1.2868	2.6099	0.2388	0.5704	0.9381	0.7039	-1.2707	-0.2183	-1.7994	0.7620	-0.2543	-2.2099	1.1377	-1.5514	1.0799	0.2917	0.0988	-0.3611	-0.0699	-1.0882	0.8032	-2.5452	0.4942	0.3584	-0.4811	-1.4461	-1.0124	-0.1610	0.3373	-0.0833	-0.2947	0.3476	-0.5607	1.0028	-0.7948	0.4286	-0.4178	-0.1829	0.0404	-1.0091	1.2377	-0.4852	1.1631	0.7174	1.5771	0.2876	-1.0705	-0.0792	-0.3916	1.6826
-0.1051	0.8070	-1.0556	0.5407	-1.6794	1.6224	0.0613	-0.1132	-0.3280	-1.0707	-0.5428	-0.4914	-0.3192	0.2055	-0.1804	-0.2522	-0.7126	0.4079	0.0131	-0.4081	0.2448	0.6818	-1.1284	0.5737	-0.2327	-1.0967	-0.8815	-0.3577	-0.2715	0.1891	-0.1040	-1.0781	-2.4641	-1.8429	-0.7447	1.6355	-0.0738	0.3859	-0.0309	-0.8111	-1.5558	-0.2822	-0.8406	1.3230	-2.0621	0.0860	0.6497	-0.5241	-0.4587	-0.4365
1.2582	-1.6517	0.3835	-0.7237	1.0120	1.0968	0.5762	-0.1378	1.5434	0.1667	1.0273	0.0767	-0.6058	-0.0084	-0.1707	-0.6025	-0.7573	0.0394	-0.6675	1.0745	0.4773	-1.0900	0.9287	-1.8801	1.5983	0.5396	1.7022	0.0661	-1.6689	-0.6551	0.9301	-1.2946	-1.4839	0.4585	0.9240	-1.7332	0.8257	-0.5582	-0.0352	-0.5552	-1.8477	0.5376	0.1608	0.6833	0.8981	0.9549	-1.9484	1.5852	-0.0341	-0.0260
1.7546	0.4677	-0.2576	-0.7208	1.9023	-1.9213	1.0376	-1.1760	2.4946	0.1734	1.5889	1.1410	1.7235	-0.0822	0.5280	-1.0931	-0.4927	-1.1875	-0.6393	0.1461	-0.8818	-1.0751	0.0533	0.7966	0.7164	-0.7592	0.1880	1.0060	0.1889	1.3537	-0.3392	-1.7576	1.9581	0.2389	-0.8835	-0.4455	-0.4130	0.5412	-1.0267	0.3663	-0.2169	1.1108	0.3216	0.3384	-1.0951	0.6441	0.7851	1.1668	0.5977	1.1819
-1.7189	0.2221	1.6248	0.1777	0.6593	-0.7423	-0.8346	3.0696	-0.2595	-1.1042	-0.1137	-0.6500	-0.4399	1.2079	1.5586	-0.3084	-0.2839	1.9619	1.0625	-0.8871	-0.5012	0.4877	-1.5795	1.6268	-0.5337	0.2796	-1.6540	-0.2109	-1.3913	-0.9753	0.7113	0.7885	0.8401	0.0079	-0.0182	-0.4584	-0.5291	0.4346	1.1012	-1.6447	-1.4641	0.3061	-1.2194	1.3655	-2.1468	0.4454	1.1755	0.3309	-0.2000	0.6540
-1.0442	0.0256	-0.2390	0.9062	0.3781	-1.0988	0.0894	0.8505	-0.0454	0.7728	0.3346	1.6406	-0.3111	0.9014	0.1825	0.4551	-0.5380	-1.3639	2.2311	-1.0322	0.0897	-0.2009	0.7620	-0.1555	-0.9589	-0.6621	-1.4475	-0.0447	0.5518	-0.1824	1.5968	0.4415	0.3079	-0.0202	-0.9247	-0.6181	-0.6602	0.0014	0.9834	0.1207	-0.4172	-1.8079	0.5984	-0.4053	-0.6063	-0.7136	-0.9553	-0.8825	0.6960	-2.2196
-0.7347	-0.9210	0.3962	0.1109	0.0273	1.3421	2.2679	1.3441	-0.0702	-0.5253	-1.1457	-0.6201	-1.0736	-0.0819	1.4414	1.1450	2.0848	1.1262	-2.0070	1.5045	-1.2850	-0.1061	-1.5343	-0.9527	-0.0604	-0.6986	1.8425	1.0088	1.4764	-1.4512	-0.6890	0.4255	-1.9916	-0.3095	0.2541	0.2429	0.8485	1.7838	-0.6789	0.1114	-0.6050	2.0604	1.1858	-1.1898	0.2737	0.3682	-0.0688	-1.0667	-0.6573	-0.0583
0.1795	-0.6122	0.6192	-1.3387	0.8458	1.2975	-0.0257	2.0430	-0.6394	-1.5295	1.2605	-0.8009	0.3740	0.4771	1.2889	-0.1090	-0.9658	0.1121	1.2044	0.9426	0.0384	-0.0364	0.1000	0.6662	-1.2242	-1.1326	-0.2603	-0.4020	-0.2770	-0.8406	-0.6851	1.3577	0.4378	0.8357	1.1796	0.5354	-1.8211	2.1740	-0.1057	-0.7134	1.2075	0.0335	-1.4645	-1.0283	0.5574	0.6517	-0.1313	-2.5265	-0.7301	-0.8657
-1.0091	0.2292	-1.6901	0.6549	-1.3112	-0.7483	-0.6035	-0.0687	1.6873	-1.3374	-0.5025	-0.0987	-2.2077	-0.3857	1.2903	0.5880	-2.1822	1.2441	0.2603	-1.8412	0.1184	-1.4196	0.3773	-1.1849	0.1596	-2.2386	-0.9577	0.6597	0.1069	-2.2258	0.7119	-0.6135	0.0316	-0.7571	-0.3820	0.6145	-1.1751	1.1623	-1.3360	0.4980	-2.2802	-2.3983	-0.4739	-0.1354	1.4049	0.2683	1.0998	1.2781	1.4070	-2.2695
0.8349	0.1516	-0.1864	-0.6836	1.1490	-1.4883	-1.0787	-0.6722	-0.1912	-0.5615	0.4258	-1.6038	-0.1781	1.8948	0.3920	0.7539	-0.2897	-3.2466	-1.2213	0.5183	-0.5862	1.0666	0.0533	0.1527	-0.0444	0.2854	1.1361	-1.2559	0.8958	-2.3583	-0.0409	-1.4575	0.6269	1.1704	0.5002	1.0031	2.4071	-1.0776	1.4308	0.0350	-0.7733	-2.0878	1.4348	0.0243	-0.1216	0.8848	-0.3235	-1.4427	-1.9318	-0.0285
-1.7313	0.3051	1.4931	-0.7543	0.9884	1.9870	0.3838	-0.1933	0.5576	0.1762	-1.1204	0.6228	1.5061	1.1586	-0.3644	-0.6110	0.0099	-0.0409	2.2822	1.0541	0.9676	-0.1657	-0.1617	0.8156	1.0370	0.6315	-0.7076	0.0036	-0.3310	-0.4389	0.2754	0.5771	0.5213	0.9428	0.3065	1.5871	-0.8928	-0.1079	-1.7996	-0.2802	1.4669	-0.5045	-1.5002	1.0456	0.0471	-1.5059	-1.3841	0.9486	0.3324	0.9100
-0.3543	0.6733	-0.1587	-0.5996	0.2063	-0.3836	-0.8142	-1.9644	-0.4426	1.0687	-2.5108	1.0547	1.7948	-0.5126	-0.3278	1.0480	-0.4272	0.9823	0.8383	0.9129	1.2880	-0.7448	-0.9415	0.0219	0.5675	0.6812	-0.1116	1.0486	-1.4437	0.4899	-1.4327	-0.1665	0.0826	-0.4012	-0.2328	0.8682	-0.5885	0.9420	0.6779	0.0453	-1.1542	0.4634	0.4435	0.5878	-0.0338	-0.4145	0.6958	1.8892	0.9066	-0.9904
-1.4721	-0.7181	0.1567	1.0530	-0.7672	-0.4489	-0.6504	1.4185	-0.1281	-0.6282	-0.2239	0.2476	-0.3038	-0.2803	-0.2345	-0.3050	-0.6607	-0.6378	1.0398	-0.3302	-1.1231	1.2754	-3.2999	-0.6498	1.0686	-0.3623	1.1771	0.4645	1.2031	0.4549	-2.0389	-1.2385	0.7944	0.3527	-0.0336	-0.4612	0.1772	-0.3219	0.8670	0.0641	0.0502	-1.9743	0.6267	1.0949	1.6931	0.6624	-0.5189	2.2839	0.5466	-0.6104
2.5178	-0.3220	0.4345	1.3311	-0.4189	0.9087	-0.3099	-1.0377	2.1666	1.9555	-0.2841	-0.1936	-0.1846	-0.0852	1.5880	-0.1293	0.4219	1.5551	0.0851	1.2691	2.0207	0.8934	-0.6655	-0.1752	-1.5970	-0.4835	0.8624	0.1085	1.0547	-0.9494	-0.7739	-2.1597	1.1860	-1.4148	-2.9784	0.3219	-0.3630	-0.5329	0.4079	1.3859	-0.2296	-2.5128	-0.4918	1.0270	-1.7040	-0.1906	-0.9586	-0.9061	0.1889	0.2056
0.2484	-1.7095	3.0080	-0.5160	1.1996	-0.1645	-0.2825	-0.5491	-1.7335	1.2606	0.2945	-0.8440	-0.0939	0.0648	1.5590	-1.2782	-0.1658	0.9002	1.5076	0.0249	-0.3537	-0.4711	1.2273	-0.7337	-1.4442	-0.4390	0.0601	-0.7365	0.9227	0.3779	1.8263	0.1115	-0.5171	-0.8683	1.0431	-2.0060	-0.2540	-0.5268	-0.4205	-0.0321	0.4169	-0.1070	0.8008	0.0694	1.7765	1.1837	-0.3479	0.1134	0.1509	-0.4816
-0.2607	-0.1286	-1.3885	-0.8283	-0.8316	1.2407	0.7545	0.1163	0.8789	-0.3531	0.7661	0.3760	-1.8057	-0.2542	-1.4008	0.3428	-1.1326	-0.3919	-0.0368	-1.7469	1.4887	-0.6129	-0.0900	-0.1561	0.0430	-0.1053	2.1347	-0.2578	1.3345	-1.0895	-0.2312	0.7415	-0.7642	1.0664	-0.2035	-0.3947	0.4764	0.1076	1.3658	-1.3304	-0.6484	-0.5930	0.3557	-0.1080	0.2256	1.6925	0.0564	-0.6436	-0.5452	1.4696
0.3084	-0.3128	-0.2667	-1.8050	-0.7133	2.0921	-0.6305	-0.6404	-0.0787	-0.5412	1.7243	-0.0120	-0.0660	0.6565	1.3896	0.9554	0.3642	1.5048	-2.1225	0.0938	-0.9971	-0.9404	-0.3586	0.6086	-1.2823	-1.3297	0.7980	0.0918	0.0875	-0.7847	-0.5751	-0.0653	0.7393	1.0679	0.1713	-0.0610	0.4862	-1.6133	0.1022	-1.0291	-0.4258	1.5347	0.8384	0.6263	-0.0393	0.0326	-1.3856	-1.0228	0.1333	1.4640
0.3539	-0.2013	-1.4298	-0.7416	1.3834	-1.0949	1.8555	-0.0941	-0.6802	-1.2184	-1.0563	-1.1577	0.8216	-0.6562	0.0184	0.7331	-1.6874	-0.0401	0.2698	-0.8510	-0.1859	0.0967	0.3376	-2.2189	1.1343	0.1565	0.0844	-1.4774	0.5058	-0.3936	1.5139	-0.7141	1.0634	0.8214	-1.5326	0.0505	-0.8612	0.0308	0.3717	-2.0241	0.5553	-1.1512	0.8920	1.3497	-0.7268	0.6282	-2.4747	1.7324	2.0260	-1.0726
-0.5983	-0.9493	-0.2810	-1.2477	-0.5096	-0.0924	0.0323	0.6440	-0.1760	-0.5895	-0.2769	0.4259	-0.2205	-1.5653	0.5191	1.3723	1.5022	0.7988	-0.8275	-2.6002	-0.9986	1.2929	-1.8529	-0.7581	0.6005	-0.8210	1.2537	0.1350	1.0627	0.5888	0.7609	1.2404	0.7823	1.2540	0.1604	-0.8306	-0.1925	1.4765	-0.3042	-0.0579	1.1272	-0.2146	-0.3280	1.1001	-1.4461	1.3491	0.2113	0.2009	1.5726	-1.7569
2.0568	2.7499	0.4117	1.5701	0.4936	1.3325	-1.5169	0.1446	-1.4226	-1.9595	0.5071	1.1737	0.8897	-0.2528	-0.9277	0.8907	-1.2741	-0.9188	2.2766	-0.6351	0.8983	0.2113	-1.1421	-0.3384	-0.8849	1.3635	0.6619	0.5478	-0.2607	1.2946	-2.5600	0.2294	-0.9755	-0.1600	-1.2235	0.6513	-1.8177	-1.6473	-0.3040	-1.5924	0.8774	0.5310	1.1011	-0.7231	-0.5671	-0.6486	0.1680	0.0317	0.4080	0.5575
-0.1227	2.3876	-1.3515	-0.5543	-1.0288	-0.3730	1.3372	1.1198	0.0111	0.0787	2.4749	-0.4881	0.1066	1.9792	-2.2550	0.3383	-1.9268	0.3811	-0.4449	0.7557	-1.0919	-1.1320	-2.0796	-0.7034	0.3044	-1.7302	0.3890	-0.6104	0.7320	-0.2633	-0.1200	1.0596	0.3637	1.1986	1.2927	0.8660	0.8198	-0.1480	-0.1977	-1.6399	0.9072	-0.8840	-0.5634	-0.2824	-0.2222	0.6518	0.1715	-0.6188	-1.7800	2.0268
1.1242	-1.3374	-0.4229	-0.2643	-0.5251	0.0081	0.0297	-0.3918	-1.1137	0.4701	-1.0695	-0.4783	0.2372	0.9977	-0.8292	2.0562	-0.2350	-1.4237	-1.0051	0.1293	-0.3781	0.0681	0.5466	0.5653	0.6922	-1.3613	-0.5073	-0.0020	0.2880	0.1601	0.5010	0.5060	-1.5010	-0.4388	-0.0450	-1.1289	0.5361	0.3640	-0.2226	-0.0860	-0.3442	0.6141	-0.4685	1.6814	0.2718	0.0959	-2.2149	-0.2031	-0.0965	0.5453
0.6477	2.4788	-0.9203	2.4022	0.1834	0.1048	-1.2866	0.2931	-0.4611	0.1074	-0.9350	0.7711	0.7447	0.6343	0.4928	0.5665	0.7592	-0.5658	-0.2793	1.3181	0.3258	-0.1681	-0.7971	0.0527	0.1830	0.4927	-1.3752	-0.7712	-0.8287	-1.3380	-0.6041	-0.4526	0.1979	1.2898	1.7043	-1.5930	0.3017	0.2659	0.4677	-0.1060	0.2051	0.1343	-0.2213	-2.9738	-0.3463	-0.6939	-1.2302	-0.0353	-2.1655	1.7508
-0.2660	0.7560	0.1432	-1.0914	0.3611	1.0203	0.6384	-0.6980	0.0146	1.4644	1.1257	-0.4397	-0.8047	0.2487	-0.1555	1.1387	0.3601	-1.0220	1.4539	0.4736	-1.0569	-2.3314	0.4595	-0.9725	0.4046	-0.4085	1.5148	-0.8155	0.6686	0.2676	0.2366	-0.5442	-0.9720	-0.1335	2.2622	-0.4899	1.5361	1.0337	-1.1173	0.6826	-0.7350	-1.2279	1.4149	0.3055	0.3553	-1.1602	1.7190	0.2483	-1.0707	-0.6316
-0.5007	0.0666	-0.8503	-2.3374	0.9209	-2.1987	-1.4270	-0.4635	-0.8903	0.1379	-0.5337	-0.3945	0.5158	-1.7156	-0.3605	0.5735	0.3022	1.3971	0.5412	0.7163	1.0992	-0.3478	0.1155	0.6726	-0.2684	-0.5362	-1.9094	1.0353	-1.9673	1.4164	0.0431	0.3401	-0.2371	-0.8449	1.1073	0.2469	1.0493	-0.4682	-0.6426	-0.4938	-0.2353	0.3328	-0.8316	-0.9489	2.0777	0.1800	0.1047	0.1588	-1.1215	0.2239
0.4670	0.5401	0.4525	-0.7965	-0.4242	-1.0844	0.1748	0.5793	-0.9807	1.8138	-0.1121	-0.1696	-0.8413	1.1231	-0.0114	-0.6528	1.6499	0.1126	-0.4803	-0.2368	2.4786	0.1497	0.7063	1.5604	-0.6377	-0.3305	-1.6161	-0.3314	1.5762	0.5923	0.6615	-0.7143	-0.0584	-0.6313	-0.6949	0.2688	0.8088	0.3482	-0.2745	-1.4576	-0.5084	-0.5115	-1.6945	-1.1295	-0.1051	1.9143	-1.7323	2.0726	-0.6060	1.3679
-0.1576	-1.0587	1.3799	0.6293	-0.0764	-0.3737	0.0462	-0.4038	-0.1629	1.1084	-1.5067	-2.8181	-1.4806	0.8290	-0.5266	1.6015	-1.5427	-1.7894	0.3098	-0.7740	1.3601	-1.0600	-1.0007	-0.5382	-0.9993	2.1219	0.4033	-0.0545	0.6401	0.0124	0.6237	-0.7472	0.6996	-1.4321	-0.5905	-0.6943	-1.1750	1.1085	0.2166	0.4101	-0.2117	2.0486	-0.0979	-1.0939	0.3554	0.4885	-1.1891	0.4440	-0.8615	1.5566
-0.0529	-0.4242	0.7937	-0.6559	1.3637	0.1079	0.4057	0.1976	0.4056	-0.8401	-0.6141	-1.7825	1.1304	-0.8986	0.8635	-0.0274	0.2685	-0.7931	0.0565	-2.0483	-0.1489	1.5503	-0.5089	2.0910	0.2662	0.5074	1.7084	-1.1262	-2.0163	0.3710	-0.4063	2.2630	-1.2749	0.3244	-0.4143	-1.8623	-1.7561	-0.3708	-0.3154	1.4449	-0.0610	0.3090	1.3590	0.0678	1.3690	-0.5375	-0.6942	0.5594	-0.2141	0.0563
0.1472	-0.0324	-1.8585	-1.8199	0.8408	0.4081	1.3626	-1.2257	2.3427	0.3102	-1.7921	0.6581	1.0373	0.5148	-2.7265	-0.8485	-0.0854	1.2757	-1.5423	0.1360	-0.5593	0.1216	1.2307	-0.9201	-0.0397	1.0361	-1.0567	-0.1994	0.0620	-1.6953	1.2592	1.0940	-0.6668	0.3669	0.9377	-0.1690	-0.1497	-0.3799	1.2546	-1.1423	1.0914	0.6188	-1.2418	1.0326	-1.3767	1.1909	0.8773	1.1927	0.8033	-0.5717
1.0182	1.0500	-0.6999	-1.3347	-0.8025	0.1959	-0.8567	0.6775	0.1308	-0.6440	-0.8472	-0.9827	1.3280	0.7902	0.1210	-0.0387	-1.6379	-0.5513	0.3705	-0.3025	0.0318	0.9604	-2.9120	1.0890	-0.9616	-0.3228	-1.1986	2.0087	0.8354	-0.1251	0.3199	0.4210	-0.2612	0.8395	-0.1538	0.4649	-1.3815	1.7623	-0.0666	-1.1678	-0.1825	-0.3431	0.9372	-0.6030	1.1020	-0.6288	1.3570	-0.4308	-0.4260	0.5797
-0.5428	-1.0379	1.0369	-0.1839	0.0116	1.1075	-1.1468	-0.0281	0.5043	0.5379	0.1542	1.3071	-0.6031	0.1761	-1.3994	-1.6596	-0.2511	-0.7542	-1.3981	0.1994	1.2504	0.1171	1.3278	0.3535	1.1066	0.6008	-0.9043	0.5114	1.0755	-1.1487	-0.8138	-0.3301	1.1226	-0.0257	1.4836	-0.3161	0.9692	-0.2226	-1.3277	-2.2838	-0.8557	-0.4715	-1.9821	-0.9591	0.2190	0.9707	-0.2165	-0.6205	0.7553	1.0785
0.4515	1.5225	-1.0375	-0.3053	0.3913	-1.2075	-0.9734	1.0534	1.0994	-0.2997	-0.9368	2.0317	0.9360	0.2943	1.0609	0.2373	-1.3891	0.6687	0.4338	0.3737	0.4815	0.5628	1.4199	1.1276	-0.3739	0.3320	-0.9525	-0.2505	0.3188	1.6920	-1.1384	-2.4778	0.1252	-1.0606	-0.6830	1.1291	1.2028	-0.5541	-0.0220	-0.8463	0.2548	2.0974	-2.1191	-1.6267	1.0032	0.3908	-0.7465	-0.0875	-0.7343	-1.5460
-0.5209	0.7749	-0.6244	-1.3802	-0.4028	-0.0254	0.7903	0.5936	-0.6774	0.3539	-2.4476	-0.7179	-0.3072	-0.4490	1.1772	-1.8707	0.8132	0.7642	-1.3322	1.5598	-0.2628	-1.1333	0.0493	0.6187	-1.0235	-1.1984	1.4043	0.7464	-0.5192	0.3203	-0.0705	1.1199	1.6616	0.0105	0.0820	0.1452	1.3364	-0.8180	-0.6246	-0.1976	-0.1800	0.2763	-0.0970	0.1191	-0.1694	1.2175	2.0360	-1.1039	-1.2285	-0.5035
0.1695	-1.7736	0.6599	0.0712	0.3439	1.6866	1.8015	-0.5310	0.9516	0.1495	-2.2538	-2.0774	0.6714	-1.6978	0.2655	-1.4773	-0.3036	1.4685	-0.2655	0.0961	0.3021	-0.5457	-0.3706	-0.8538	0.5845	-0.6143	-0.9015	-0.2366	-2.3524	0.7162	-0.9803	1.8495	0.1007	0.2163	-0.4007	-0.7964	-0.4348	0.1000	-0.0398	0.5166	-0.1852	0.3199	-1.1278	-1.9481	0.4718	-0.1265	-0.1436	-0.8067	1.0587	-0.2613
0.7356	-0.3423	-2.8621	0.6539	1.8173	0.6306	-0.1706	-0.2529	-1.0880	-1.3999	-2.4401	-0.1208	-0.0631	0.7052	0.7478	0.5884	-0.4851	-0.5943	1.4551	-0.8296	-0.2705	-0.1932	1.0980	-0.5880	-1.1845	0.0247	0.2461	-1.6591	-0.6615	-1.3309	-0.0465	0.7025	-1.4511	0.6153	-0.7127	1.1631	0.7258	-1.2176	0.8397	-0.6928	1.4905	-0.1524	-0.0320	1.0684	-1.5583	1.6450	1.7260	0.2694	1.2190	-0.4569
-2.0086	0.3781	0.9751	0.9121	0.3412	-1.1438	0.3586	0.8110	0.9995	-1.2295	-0.6626	0.2214	0.3002	-0.9933	0.4501	-0.1212	-0.9873	0.0283	-0.4902	-0.5665	-0.7022	0.2713	-1.4315	1.6247	-1.2848	1.9411	0.1519	0.6658	2.4054	2.4745	-1.7657	-1.2308	0.6698	0.2186	-0.3376	0.1483	0.4960	-0.6916	0.5532	-0.5214	-0.2265	-0.7726	-1.2106	-1.3303	0.8908	1.0397	1.2296	-0.2227	-0.5143	-0.4516
-0.0889	0.5273	-1.9032	-0.7358	-0.7274	0.5357	-0.0871	-0.4857	0.3191	-0.8103	1.4358	-1.0069	0.1422	0.3192	0.1950	-0.2513	0.5310	0.3444	-1.0843	-0.2935	-0.9547	0.4487	-0.2443	-0.3360	-0.9070	1.6271	0.8897	-0.5780	0.1929	-0.9031	-0.9284	-0.7593	-0.7428	-0.0922	-1.2771	-1.2165	0.2212	0.8149	1.4775	-0.0028	0.8607	0.6597	-1.6943	-0.8739	2.0297	0.3297	0.0295	2.1179	0.5951	0.8510
-0.2897	0.5986	0.2743	-0.0927	0.4414	1.1616	-0.4702	-2.5925	-0.1711	0.3472	0.0742	1.3186	0.8897	0.4936	-1.1171	0.8571	0.7389	-0.1490	-0.5336	-1.1268	-0.6355	0.1117	2.4793	-0.5869	0.8782	2.5811	-1.1721	-1.5705	-0.5034	-1.1050	-0.0052	0.4183	1.9042	-0.1099	-1.4802	0.8458	-0.4291	-0.4029	-0.5724	1.6130	1.9366	-0.7128	-1.9020	-0.9818	1.6119	-1.2906	-0.1562	-0.9561	0.1008	-0.6560
-1.7568	-1.2411	0.3963	-0.7150	-1.3162	1.0600	-0.3337	-1.4435	-0.4966	2.3833	1.2336	-0.2573	0.6648	0.2099	-1.3645	0.5458	-0.9922	1.4294	0.7884	2.0220	0.3781	-1.9666	-1.1179	2.1193	1.0884	0.0688	-1.5687	-1.4580	-0.7052	0.0166	-0.9785	-2.4070	0.8260	-1.2207	0.1606	0.7547	1.6979	-1.4843	-0.1084	0.8276	-0.1129	-1.0801	-1.3700	0.6121	1.7292	0.4584	0.0740	1.1571	0.5641	-0.1577
0.6010	-1.3942	0.1690	-1.1723	-0.1077	-0.9150	-0.2748	-2.1284	-0.7686	0.2253	0.9708	-0.1885	-0.3102	-0.5936	0.8411	-0.6668	-1.4912	0.7975	-1.2781	-2.0167	-0.3536	-1.2147	-1.2278	0.2852	-2.4706	0.6247	1.3738	-0.1608	-0.4665	-0.0154	-1.2172	-1.6356	-0.5908	-0.9109	0.6006	-0.0259	-1.7732	-2.2481	0.1977	0.8924	-0.0836	-0.1746	-1.0096	-0.8892	0.1561	-0.4136	1.0464	-1.4389	-1.1719	-0.9589
0.4286	-1.0630	0.0715	-0.2269	0.9621	-1.6824	0.1502	0.5091	-0.8723	0.0759	-0.5381	0.2093	0.7690	0.1673	0.8601	0.0785	-0.4025	0.8920	0.2103	-0.5825	-1.9772	0.7093	-0.8501	0.7274	0.1011	-0.2225	-0.1553	1.6007	-1.7754	-1.2828	-0.5051	-0.0829	0.3146	0.4322	0.1992	-0.1820	-2.2283	1.6142	1.3434	-1.5948	1.0221	-0.0064	0.2307	0.7155	0.9108	-1.5290	0.2757	-1.4758	-1.0645	-1.7117
-0.0129	-1.1824	0.2963	1.4546	-0.4147	-0.7464	-0.2434	-0.0125	0.4034	-2.2244	0.2686	0.7132	-0.1519	-0.1159	-0.4238	-0.7377	-1.3323	-0.2989	-0.4958	0.2915	-1.3264	1.0301	-0.0212	0.7188	0.6729	0.7946	0.5177	-0.5598	-0.2024	-0.8419	0.8865	-0.4381	0.8292	0.2279	0.6586	0.3683	0.6744	1.1501	-0.9031	0.6184	1.1356	0.5588	-0.3889	0.8783	-0.0199	1.0367	-1.3790	0.0741	0.7501	-0.3957
-0.9812	-0.0151	-0.5099	-0.4943	-0.3553	-2.5716	1.1235	-1.3150	0.0667	-0.0569	-0.7384	-0.2161	-0.3386	0.4825	-0.2508	0.0253	0.4228	0.6066	-0.1473	0.5549	0.3091	0.4288	-0.1644	0.6683	0.8091	-0.8238	-0.0878	-0.0636	-0.6191	0.2302	0.4457	0.1485	-0.6176	-0.2322	0.1487	-0.0126	-0.2047	-0.3251	-0.0702	0.2955	-0.8778	-0.1903	0.1793	1.2165	-1.4118	0.4813	0.0592	-0.5424	2.1845	0.2985
-1.5572	-1.9893	-0.2203	-1.1731	0.4094	-0.1110	-0.1054	-0.5339	-0.9876	-1.2433	0.9424	-0.3891	-0.1414	-0.5260	-0.3169	1.8005	0.5540	-0.5195	0.6323	0.3172	-0.6828	-0.4315	-1.4290	-0.2156	-0.2228	-0.7088	-2.7783	1.3219	-0.9278	-1.3044	-0.2840	0.5802	-1.2601	-0.8050	-0.1878	0.1568	2.5696	0.2338	-1.3877	-1.2040	0.2904	-1.5946	0.6768	0.4998	-0.9032	0.5020	-0.0289	-0.4783	1.1313	-0.9030


