
X1	X2	X3	X4	X5	X6	X7	X8	X9	X10	X11	X12	X13	X14	X15	X16	X17	X18	X19	X20	X21	X22	X23	X24	X25	X26	X27	X28	X29	X30	X31	X32	X33	X34	X35	X36	X37	X38	X39	X40	X41	X42	X43	X44	X45	X46	X47	X48	X49	X50
-0.4501	0.1707	0.4342	0.1834	1.0126	1.8623	-0.4494	0.2526	0.7562	-0.0906	1.2615	0.4602	-1.8874	-1.2045	0.8721	-2.0556	-1.9229	-0.8131	-0.0931	0.4623	0.9001	-0.5282	1.7325	-1.2041	-2.1923	1.0981	-0.4645	-0.6405	-1.6859	0.3225	0.4353	-0.0043	1.3344	-0.6112	-1.3954	-0.6347	1.5691	-1.6330	-0.1564	2.6745	-1.1303	-0.5632	0.0318	0.1237	0.5282	-1.0691	0.2261	2.0578	-0.5117	1.2435
-0.5183	-1.7034	-0.8109	-0.8447	1.0734	1.3802	-1.2281	0.0422	1.3116	-1.1293	1.6148	1.6872	0.2363	-1.0933	-0.0733	-2.7811	2.0131	-0.9886	-0.0204	0.1079	0.6595	-0.4637	-0.8873	-0.8518	0.1989	0.3108	0.4138	0.5103	-0.5290	-1.0117	0.2658	0.3099	1.4366	0.0978	2.3674	1.6371	-0.6492	1.3985	0.8041	0.9033	-0.1380	0.2838	-0.6552	-1.6930	0.0503	0.3809	0.9894	0.3617	3.2702	1.2039
1.7086	-0.2987	-0.7425	0.7692	-0.9614	-0.0548	0.8505	-1.8050	0.4782	-0.0088	-1.0046	-0.6835	-1.3507	0.1662	1.6198	-0.9140	1.2020	-1.6300	-1.2860	0.5213	0.1677	-0.0742	0.3301	-0.1478	1.0196	0.4816	1.1735	1.7623	-0.0409	0.5087	-0.7989	0.0666	0.3633	-1.1869	0.4026	-0.2809	1.7146	0.7114	-0.0530	2.2167	0.7986	0.6482	0.6441	-1.0938	-2.1469	0.5279	2.5157	-1.0094	0.4173	0.4322
-0.2293	0.0608	-0.7093	0.7934	-0.2568	2.8620	-0.3427	0.1201	-0.6577	-0.9848	-0.2059	-0.9494	0.3398	-0.2444	-0.6900	-1.2830	0.5572	-0.4861	-1.8180	-1.1639	-1.5729	0.1242	-1.0203	-2.2350	-1.0687	0.1218	0.9207	-0.7862	-1.1508	-1.9784	0.0179	-1.0677	-0.2499	-0.6074	-0.1976	0.3496	-1.1692	0.0133	0.3854	-1.5024	-0.2961	-1.4757	0.2850	0.0126	0.6685	-0.0581	-1.7284	0.0692	1.2004	0.1135
1.0706	-1.4847	0.1349	-0.5033	-1.1064	0.2899	-0.5897	0.2252	1.1265	0.3642	-0.1824	-0.3097	1.0887	-0.3142	2.4772	0.4284	-1.7474	-2.1764	0.9409	-0.2246	-0.6385	0.9479	-0.6687	-1.1492	1.6790	0.5535	0.0828	2.8799	-1.7826	-0.7179	-1.6820	-1.2214	-1.9851	1.7783	0.7549	-0.1901	0.7621	-0.1020	1.6957	0.3731	2.9659	0.6956	-1.7025	0.3465	0.8626	-0.0925	0.6689	0.8798	1.0794	-0.4403
2.1731	-0.1972	0.7173	-0.1642	0.2239	0.3267	-0.1136	-0.4268	-1.1832	-0.2576	0.2965	-0.0697	-0.3435	0.9048	1.5008	0.0229	0.2310	0.6746	-0.5971	-0.5486	-1.3268	1.5610	-0.6379	1.1685	-0.6040	-2.1625	0.8349	0.7369	-0.3179	0.7525	1.5857	0.4398	0.4215	0.7930	1.2316	-0.9915	-1.1053	-0.5167	-0.4397	0.9681	-0.9874	-0.8376	1.2341	-1.6588	0.5653	0.6574	0.3783	2.0923	0.8246	-0.7195
-0.5944	-0.0495	2.8575	0.2985	-0.3288	1.1505	0.6642	-1.6610	0.0788	0.2143	-0.4512	1.8190	-0.1926	0.0425	-0.9902	0.5351	-0.8169	-0.8065	-0.5833	0.5219	0.4674	0.7358	-0.9809	0.9030	2.1898	1.2477	0.2762	-0.6869	0.2751	0.6564	-1.1836	-0.2166	1.6476	0.6616	0.5755	-0.7084	-1.6068	1.6415	-1.8155	-0.3942	1.5835	0.7647	0.4557	-0.9522	0.6572	-1.0239	-0.5156	-0.3147	2.4467	1.4394
-2.1199	0.4982	1.3120	1.3793	-0.9358	-1.2087	-1.2826	1.0692	0.0057	0.0222	0.4601	-0.9182	0.4054	-0.1600	-1.3066	-0.0726	-0.3405	-1.6431	1.6534	-1.0087	-0.7417	0.5445	-0.7854	-0.1085	1.5728	-0.4284	-1.4221	-0.5656	-0.3545	0.0332	-0.2688	1.3752	0.6163	2.0051	-0.1042	-1.6087	1.0124	-0.6670	-0.5293	0.7149	1.6626	0.1573	2.1007	-0.2208	1.1209	-0.0394	2.4544	1.1418	0.0728	0.0839
-0.1447	-0.5034	0.7323	1.2859	0.2902	-1.0546	0.4287	1.7697	1.4818	0.1281	1.1358	-0.7593	0.1897	0.5013	-2.2276	0.9149	-0.9170	-0.1139	0.5920	-0.0982	0.4407	0.8277	-1.3303	0.8754	-1.5615	0.4501	0.5067	2.4244	-0.4984	-0.0134	1.1900	-0.4712	1.1952	-0.2799	0.1550	0.3547	0.0069	1.6933	1.7043	0.6618	-1.2294	1.8719	0.1943	0.9153	-0.4647	-0.2130	-1.1871	-1.2485	1.3142	-0.5349
0.0033	0.4540	0.8247	-1.7672	-0.3735	-0.1332	-0.2684	1.6171	-0.8759	-2.1349	-0.2471	0.4110	0.6361	0.1004	-1.2118	0.0828	-1.7728	0.5021	-0.8618	-0.6575	-1.3537	1.6276	0.3517	-0.5256	2.2672	-0.7082	0.1625	-1.6578	0.7164	0.6780	0.1772	0.4105	-1.2191	1.9940	-0.2897	0.0203	-0.2735	-1.4673	0.9841	-0.6274	0.6745	-0.8661	0.2883	-0.9906	0.6007	-0.2808	-1.1475	-1.4760	-0.4115	2.1688
0.1143	0.7013	0.0620	-0.0157	0.5947	0.8912	1.8203	-0.2546	0.9818	0.6041	0.0085	-0.0175	-0.0208	0.4042	-1.1173	0.1106	0.2445	0.8008	-0.3139	0.2089	-1.6792	-1.5292	0.7364	-1.1799	-1.2346	0.6809	0.4797	0.8531	0.1183	-0.9229	-0.0366	1.3609	0.5394	-0.2183	0.5672	0.8959	-0.0375	-0.4293	1.1243	-0.1447	-0.6030	0.6040	0.3610	-0.0301	-0.9119	0.9001	1.1713	-0.5607	0.0166	0.1377
1.2381	0.0136	-0.6032	-0.2185	-2.0114	-1.7879	-2.6172	-0.4745	-2.0745	-0.0674	-0.3827	0.1772	0.9867	0.5980	0.9797	-0.0766	-0.3340	-2.2671	-0.1496	0.2725	1.0645	1.6437	0.0895	-0.0360	1.7003	-1.7727	-0.9008	0.3728	1.2224	0.0859	1.1642	-0.0125	-0.9860	0.2803	0.7144	0.1826	0.3757	-0.7886	-0.7396	-1.3221	0.2355	1.3438	0.2052	-0.0793	-1.0067	2.0379	-0.8629	-0.1987	1.0089	-0.0305
-1.0425	-0.0447	0.2880	0.8085	-1.4079	-0.3688	0.4606	-0.1976	1.2029	-3.0304	0.0544	-0.2197	0.5232	0.5397	0.8412	0.0395	0.0298	-0.6657	0.4294	0.3395	1.2319	-0.6892	0.2941	-0.9610	0.3047	-0.2981	0.2482	-0.7820	0.1070	-2.0691	-1.2180	-0.2869	1.5865	0.8415	-1.3950	0.8206	-0.5924	-0.4686	1.4451	-0.3701	1.0129	0.8395	1.2844	-0.6116	-0.3741	1.0141	-0.1280	-1.3481	0.9678	-1.7550
0.4653	1.3103	-1.4194	0.0623	-1.2582	0.3928	-0.1162	0.5744	0.4292	-0.9231	0.6006	-1.6390	-0.4487	0.2876	-1.6448	-0.6252	-0.6783	-0.3642	0.1715	-0.4618	1.5959	-0.1430	-0.0713	0.3247	-0.6889	0.8355	-0.7412	0.0903	-0.8066	1.3976	-1.2312	0.5949	0.9160	-0.0199	0.1420	-0.2007	1.3467	0.6713	-1.3737	1.9516	0.1880	-1.0318	-0.4556	0.3767	1.5279	-1.0434	-0.0753	0.5058	0.3224	0.5071
0.1285	1.1067	-1.8968	-1.5193	0.5445	-1.5446	-1.2290	-0.3485	0.0610	1.6254	0.8619	-1.0203	-0.2208	-0.0985	1.7877	-0.7548	-1.1630	1.4719	-0.4802	1.3740	0.4314	-1.2184	-0.0273	1.3838	-0.3041	-1.8206	0.1777	0.7808	0.8401	-0.2150	-0.6778	-1.8105	-1.0419	-0.7506	1.6924	0.9230	0.1674	0.4602	-1.1552	0.0472	0.6025	-0.2306	-1.0429	0.7276	-0.8714	-1.2344	0.6279	1.3222	-0.3614	-0.5143
-1.7056	1.7316	-1.4613	0.6913	2.7377	0.5148	-0.9263	0.4631	1.4517	1.5413	-0.0207	0.5677	0.1921	-0.4075	-0.5363	-0.7684	0.7632	-1.3763	-0.6472	-0.8850	-1.3479	-0.5216	-0.5434	-0.5081	-0.2389	-1.2960	-0.4633	-0.3883	1.0082	-0.1013	0.5788	-1.5950	-0.6019	1.8312	-1.5222	0.7230	-1.3758	0.7112	-0.9733	0.6805	-0.6313	0.4338	2.4736	-0.8263	0.6205	1.0793	-0.8763	-0.3295	-0.9769	0.4899
0.0679	-0.6812	-1.4177	-1.2073	0.5588	-1.8621	-0.2118	0.6006	1.3024	2.0848	1.2799	0.4259	-0.0218	-0.6178	0.4854	0.0617	2.0469	-1.2731	0.3483	0.0392	-1.1107	1.9528	-1.1204	0.7881	0.0340	-1.1958	1.2745	0.1687	-0.5472	-0.7511	0.9173	-0.0711	0.7009	1.8076	0.3383	-2.0477	1.1192	0.2623	0.0002	-1.0207	0.5715	-0.5982	-0.7708	1.3187	-0.3425	-1.2708	1.0048	1.8628	1.0362	1.5776
-0.4343	-0.1347	0.2524	-0.8635	-0.0263	-1.0858	-1.3771	0.0537	-1.1365	2.0990	0.0387	0.9046	-0.7847	0.4535	-0.9152	-0.9764	1.8276	-0.4677	0.8185	1.1031	1.2552	0.6080	0.3715	1.5696	1.3729	-0.0232	-1.2968	0.4309	0.8424	-2.0819	0.3878	-0.0358	-1.4512	-0.2366	1.6291	0.5474	0.7834	0.0269	-0.3513	1.5262	0.4275	-0.5406	0.0032	-0.4895	-0.5239	-1.0436	0.0130	-0.2812	0.6068	-2.5429
-0.5296	1.5781	1.8984	0.2994	0.9372	-0.1207	0.5466	-1.2503	0.0670	-0.5839	1.5364	0.4821	1.0612	1.4518	0.4128	0.5374	-0.8608	-0.4360	0.5658	-0.6627	-0.3352	2.0168	0.8896	0.8393	-0.0925	-0.8498	-2.2678	-0.6769	-0.4149	0.5053	1.2203	-0.2306	0.6955	-0.1480	-0.7660	-0.3957	0.9605	-0.7743	-1.6562	-1.6190	-0.3692	0.5972	2.0289	-0.7319	0.8816	0.4754	1.6147	-0.3894	1.3603	-1.7255
1.0401	-0.6465	0.1221	-0.4353	1.1964	1.1615	0.1897	1.0207	0.0069	1.2704	-0.8962	0.7417	1.1517	0.3189	-1.8782	1.7888	0.4999	0.4024	-0.7326	0.0686	0.5234	-1.5207	1.1085	0.7370	0.7687	0.9009	-1.1682	-2.3037	-1.0274	-0.1806	0.9395	-0.1157	0.4500	-0.3142	-0.2215	-0.1436	1.9554	-0.8413	0.4484	-0.9174	0.1968	-0.1354	-0.1266	0.7428	-0.0393	-0.1659	1.0570	-0.0313	0.7960	0.5353
0.5716	-0.9119	-1.9317	0.8187	-1.0020	0.9761	0.9811	0.1818	1.1060	-0.0555	-1.4532	2.0108	1.4909	0.1638	-0.7355	0.8124	0.2586	-0.1917	-0.4060	-1.3061	0.1609	0.0591	-0.3508	1.5981	-0.3571	0.8557	-1.5897	-0.6450	1.2031	0.2160	-0.0109	-0.5848	0.6081	-1.6448	1.3892	-2.0651	0.7526	1.8488	-1.4330	-1.2736	0.5025	-0.6489	0.1515	1.5321	-0.0911	-0.3568	0.1198	0.1701	-0.6160	0.7346
-0.2886	0.3400	-1.6060	-0.5490	-1.2725	0.2234	-0.7382	-0.5299	0.3336	0.7075	-0.0069	0.9746	-1.3991	2.0254	0.3451	0.2315	-0.2486	-1.0594	-0.6694	0.8533	0.7226	0.1454	-0.1323	-0.5304	-1.4915	-0.4226	0.4068	-1.8869	1.1253	-0.9187	0.1194	1.2627	0.0214	1.8021	-0.0292	-1.2401	0.5209	-0.8080	-0.4917	0.6043	0.8092	1.1227	-0.6535	-0.7749	-0.3537	0.6855	1.2741	-1.3011	-0.2124	0.8691
-0.6287	0.9487	-0.9735	-0.0443	0.2884	0.8079	0.2000	-0.2289	-1.5703	-0.3673	0.0207	2.3921	0.9790	-0.0351	0.4404	-0.7461	-0.1306	1.4699	0.8181	0.9851	1.0649	-1.8712	0.2727	-0.7774	1.2429	1.4835	-0.1676	-0.6936	-1.0684	0.0669	-0.7661	-0.5668	0.4934	1.0510	1.6270	-1.5985	-0.6745	-0.9315	0.7990	-0.8029	0.4970	0.0857	-0.6474	0.5265	1.2450	-0.4420	1.4258	-0.2807	0.8567	0.6237
1.0969	1.3420	0.0778	0.1659	0.4660	1.2639	0.9311	-1.2556	1.5606	0.5122	-1.4790	-0.3517	2.1923	-1.0753	1.5883	0.0666	0.5987	1.1342	0.5662	0.6361	-0.0800	-0.0352	-0.1939	1.5486	-2.2278	-0.4281	-0.3090	-0.3565	0.2377	0.4087	0.9664	-1.3235	-0.4994	-1.0256	0.8727	-1.1572	0.4910	-1.2566	1.4153	0.0517	0.8137	-0.6969	-1.0886	1.6990	-0.8812	-0.3240	1.0868	1.3221	0.4042	-0.2088
0.3906	1.4718	0.3672	-1.6229	1.6084	0.8317	-0.7996	-0.5939	0.3087	0.8377	0.6493	-0.3989	-0.7855	0.6239	-0.0208	-1.2296	-0.0346	-0.6226	-1.6938	-0.7074	1.3238	-1.8126	2.1490	-0.6512	-0.9493	0.9819	0.2315	-0.1848	0.8374	-0.7441	0.0818	1.0959	1.5643	0.2312	-1.0668	-0.5923	0.4231	-0.0287	-0.1447	-0.5934	-0.2934	0.7797	-0.9508	-0.7906	0.0489	-1.0960	-1.3907	2.3528	-2.1884	-0.4770
0.0810	1.1761	-0.6096	-1.2203	-0.5632	-0.1810	0.2524	0.3959	0.0228	-0.5423	0.6125	0.6451	1.0771	0.8801	0.1103	0.0040	0.3414	-0.5304	-1.0378	0.9825	0.1268	1.7890	1.0947	1.0545	-0.8064	-1.1022	1.0126	-1.2571	-0.3012	-0.7178	0.6383	1.5512	-0.4459	-0.0487	-1.1330	0.4311	0.0107	0.3666	-0.1646	-1.1806	0.6108	-0.0539	-1.8355	0.3733	-0.3942	-1.5486	1.3315	0.0624	1.4248	-0.1927
-1.0513	-0.7707	-1.4691	-1.0706	0.0691	-0.4688	-1.9009	0.2256	0.1481	-2.0425	-1.3113	-0.9890	0.1947	-0.7479	0.4178	-0.2131	-0.6043	-1.9935	0.3584	0.9554	-1.5765	-0.0176	1.9834	-1.2556	-0.4744	-0.4642	0.0172	-2.0055	-1.2954	1.5675	-1.0878	0.1531	0.5398	-0.3003	-2.3610	0.4775	0.0694	0.2985	0.7517	0.2812	-0.9074	0.2945	-1.6442	-2.9825	-0.6719	1.3641	-0.5616	-0.0470	1.1383	0.1316
-0.0106	-0.4879	-0.8979	-0.6231	1.5780	-1.9908	0.8635	0.4821	-1.1934	1.1238	0.5626	-0.7688	-0.3551	0.7922	-0.6863	-0.4909	-1.5630	-2.0353	-0.1123	0.0909	0.3327	0.1194	0.4466	0.4326	0.7093	0.0140	0.3651	0.2579	0.8191	0.8721	0.2480	0.1470	0.2293	-0.2124	-0.6298	1.0670	-0.8984	0.1204	1.4481	-0.7398	-0.6832	-0.1096	-0.7007	0.9991	1.5473	-0.2816	-1.1232	0.9216	-0.1455	0.9549
1.7404	0.5529	0.7886	-0.3316	-0.0978	0.4729	-2.0620	0.5153	0.3980	-1.6285	-0.5562	0.9727	1.6275	-1.1204	-0.9159	-0.8194	-0.5040	1.2573	1.0069	-0.5174	1.6287	0.9090	-0.5292	-0.9224	0.0436	0.7943	-0.8088	0.6292	1.8185	0.4694	0.3220	-1.4506	-0.6257	1.2268	1.4863	0.8718	-1.4351	1.1529	0.9163	0.3936	0.7059	-0.0871	-1.5780	-0.3514	-0.0291	-0.9317	-1.3531	0.6834	-1.5158	0.8494
-0.2191	-0.0038	-0.2830	-1.0801	-1.2897	1.6394	-0.5573	-1.7330	-2.4991	-0.9910	-0.0206	1.4322	1.5896	-1.7547	-0.3149	-0.7819	0.3543	1.1957	-0.1100	0.2287	-0.5106	2.2178	0.1740	-0.0677	0.5902	-0.3372	-0.9178	0.9086	-1.3612	0.3363	0.1387	-1.6708	1.1626	-1.3429	0.2377	-0.2086	0.1835	1.2375	-0.0587	-0.4463	1.2992	0.4418	-1.6909	0.2494	-1.2557	0.1152	0.0477	-0.3427	0.4343	-1.4180
2.4111	0.1861	2.3364	0.0994	-0.9646	-0.9882	0.3208	0.3293	-0.2456	0.0012	0.2482	-0.2684	1.1581	1.0278	0.5852	-0.2867	-0.4863	-0.5199	0.5459	1.4123	0.1436	2.7557	-1.0612	-0.8798	0.0086	0.0837	-0.5688	1.5069	1.3417	-1.2970	0.2687	1.5098	0.6563	-0.4753	-0.7332	0.6408	-0.4130	-2.2944	-0.9079	-0.7373	1.8616	-0.0639	0.7619	1.2696	1.0096	0.6680	0.0634	0.1074	-0.5711	0.7469
0.9421	-0.7810	0.1492	1.0843	1.0457	1.2481	0.2902	-1.0016	0.9669	1.0094	-1.5769	1.9759	0.4043	1.5378	-0.1462	-0.0423	-1.8183	0.6821	1.0491	-1.0258	-0.1271	-1.3705	2.3112	-0.7242	0.4801	-0.0792	0.8108	-0.0716	0.0239	0.4414	2.5523	0.0086	0.2697	-0.9799	-0.6027	-0.5545	0.4453	0.0332	-1.6080	0.6411	0.6567	0.6261	-0.0486	-1.6825	0.0941	-0.8574	1.1375	1.8563	1.2343	0.8737
0.0007	0.2958	2.4415	-0.1334	-1.2355	-0.8509	3.5308	0.7451	-0.8363	0.5692	-1.7142	-1.1554	0.2892	-1.4407	-0.3478	-0.2555	-0.3255	-0.8710	-0.0976	-1.1535	0.1416	1.7928	-1.5186	0.6676	0.3603	0.3196	0.6404	-1.6365	-1.8190	-2.2276	0.6353	0.1813	-0.2745	-0.1364	1.4811	0.3987	0.5702	1.6846	-0.9493	1.6045	-2.4453	-0.1307	0.9985	0.2276	1.8716	1.5471	-0.1738	-0.6819	0.3599	1.6079
0.4544	-0.1843	-0.8312	0.2055	-0.3587	-0.0428	-1.0740	-1.6507	0.2334	-1.0907	1.4979	0.5164	1.1127	-1.5011	-0.2567	-0.3080	-1.8278	-0.3493	-1.1562	1.0280	0.3019	-2.0150	0.3588	0.3486	1.6426	-0.8833	-1.6951	-1.1916	-0.0496	0.4790	-0.0222	-0.4618	-1.6767	0.1780	-0.5509	-0.1472	0.6894	-0.8647	-0.4235	-1.7077	-0.3908	-0.0632	-0.0870	-0.0753	0.5201	-0.7235	0.1834	0.9190	-1.3594	0.1185
1.0636	-1.0832	-0.7986	-0.8856	0.7549	-0.3578	-0.3257	1.4681	-0.0983	0.7490	0.0061	-0.7022	0.6358	-0.2053	-1.5537	1.0231	0.6771	0.0194	1.7992	-0.1076	-0.2713	0.6824	-1.0372	1.2395	0.7517	1.3369	-0.8468	-0.1527	-0.6502	0.2631	0.9082	0.4419	-1.0198	1.6661	1.2576	-1.1907	-0.9113	-0.6648	2.6120	-0.0819	-0.1756	0.4047	-0.8868	0.5487	0.8727	0.2729	-0.9841	2.1869	-1.1455	0.6689
-0.4032	-0.1837	0.5562	0.2362	1.1303	2.2184	-0.2389	-0.2147	-0.2909	-1.0877	0.9277	1.2963	-1.0617	-0.3307	-1.4955	-0.5788	0.5279	-0.6556	0.8701	-0.8071	-0.2484	-0.2057	-0.3562	0.5135	0.3939	1.1322	-0.7983	1.1513	0.6281	1.9241	0.8912	-0.0263	-0.1642	-1.0397	1.0299	0.3039	-0.2741	0.2775	0.0942	2.0549	-0.6606	0.1200	1.8395	0.0612	0.7840	1.1672	-1.0945	-0.7575	0.5961	-1.1434
0.8451	-0.1585	-0.4704	-1.1987	-0.5442	-0.7239	-1.9106	0.3761	-1.5795	0.0785	-1.1519	0.3516	0.0761	-1.4140	1.3924	-0.8761	1.1559	-0.2103	-0.6429	-0.1046	0.0642	-2.5664	-0.0634	0.3487	-1.1338	-0.1922	0.2379	-0.0220	0.8598	0.8648	0.1229	-0.7865	0.8609	-0.3006	0.2640	1.1946	1.0202	-1.1513	0.4528	-0.4604	-0.9771	-0.2650	0.5276	-0.8373	1.2995	0.8262	-1.0907	-0.6364	-0.7269	0.5321
-0.5632	-0.0205	-0.2588	1.2090	0.0970	1.1190	-0.0085	-2.2280	0.3323	-0.2365	-1.1990	-1.3398	-0.7214	1.6315	-1.4269	-0.6172	-0.2296	-0.0432	0.1214	0.0963	-0.0849	-0.5864	1.9825	-1.0223	-0.1372	1.1512	-0.5216	-0.8973	-0.1341	-1.1925	0.5332	0.9974	0.0997	1.0863	-0.5604	-0.5767	-0.2723	-1.2553	0.4900	-2.4938	1.3651	-0.4704	-0.7220	1.2470	0.5282	-1.4781	-1.9063	0.1148	-0.3794	-1.4095
0.6770	-1.5609	-0.7533	-1.1456	-0.7796	2.2785	2.0792	-1.2628	-0.8942	-1.2999	-2.8012	0.4249	0.0095	-1.3850	0.7682	-1.0258	-1.2413	0.6302	-0.8631	-1.5555	0.0800	-0.3577	1.1874	0.2592	-0.2992	-0.5257	-0.7724	0.4038	1.0161	0.1787	-0.9643	-0.1888	-0.7794	0.3922	-0.1014	-1.4164	1.5267	-0.3835	1.0934	0.2753	0.0312	0.3831	-0.8639	0.3749	0.8630	-0.3616	-0.4341	-1.2928	1.4531	-0.3627
-0.1789	-1.4140	-0.6811	0.6434	-1.8554	-1.0472	2.1366	-1.2920	-0.1180	-1.1872	-0.5568	0.0055	0.3774	0.9673	-0.6719	-0.7103	0.3784	-0.2585	1.9331	-0.8239	-0.1431	-1.4778	-0.1768	-1.2993	-0.8764	-1.5024	-2.2735	1.4479	-1.1097	-0.6676	0.0328	0.6048	0.6462	1.3088	0.3927	-0.0272	0.1249	-0.7430	-1.0331	-0.2325	-1.6157	1.8932	-1.5782	-0.5700	0.4637	-1.3951	-0.6458	0.1644	-0.7084	-0.6659
-0.4242	-0.4735	0.4854	0.0771	0.4559	1.5859	-0.6399	0.2446	-1.0291	-0.7620	1.4441	3.0523	1.2859	0.9018	1.3979	-1.0656	0.4896	0.5837	-0.4092	0.4977	-0.3961	-0.5944	-1.3016	0.9036	0.2860	-0.0553	-0.5390	-0.6077	-0.7180	2.1169	-0.6605	-0.5896	0.0597	1.0560	0.1731	1.2920	0.8170	0.3811	-1.2563	-1.8543	0.0672	0.3716	-0.7326	-2.3430	-0.0714	-0.3317	-0.3853	-1.3045	2.2805	-0.6518
-0.2015	-0.6739	-0.8178	-0.3081	0.9295	-2.2221	0.8317	1.0889	0.2690	1.0036	0.2139	-0.6666	-0.5769	-0.5240	-0.4170	-0.0213	0.2675	-0.8009	-0.4239	0.8077	0.8596	-0.0096	1.8698	-0.2436	0.8877	0.7334	0.1966	-1.6813	-0.7003	1.1331	1.2717	0.6479	0.0688	0.5547	-1.4808	1.9707	-1.5716	-0.7205	1.6197	-1.1223	1.2820	-1.1584	-0.0263	0.4831	1.0982	1.5322	0.0739	-0.6464	-0.7977	0.1538
1.3064	-0.5564	1.2358	-1.0362	1.1742	-1.3080	-0.2327	-0.4730	-1.0568	-0.0764	-0.5679	0.9904	0.9531	-0.5678	-2.2296	0.4442	-0.0558	-0.0615	0.7663	-0.7237	1.2018	-0.8956	0.4732	-1.2389	-0.7967	0.9736	-0.3641	-0.5793	0.5167	-0.8878	-1.6082	-0.6672	0.1660	-1.3995	0.1905	0.0709	0.3337	-0.3371	-0.4140	-1.0623	0.2227	-1.2471	-0.9388	0.6373	0.4140	0.3907	1.0402	-0.4808	0.2517	-0.2946
1.8182	-2.0580	-0.3749	-1.7386	-1.0419	0.9052	-0.8572	-0.3170	-2.4842	-0.4900	1.8641	-0.7785	0.7847	1.6815	-0.0788	-1.6707	1.7332	0.5835	-0.8649	-0.3982	0.9898	0.4742	-0.3857	1.5510	-0.6587	0.6843	-0.4773	1.7775	-0.1690	-0.9102	1.6737	-1.4266	0.5786	-0.7969	0.3622	0.1039	-0.4805	-1.5327	-1.6225	1.2728	-0.0362	-1.8740	0.1116	-1.0740	-0.8412	0.2768	0.6758	-0.9251	-0.9170	0.4834
1.1364	0.4946	2.4603	-1.4865	-0.9287	-1.3593	-0.1754	0.0635	-0.4088	0.8034	1.6330	0.4267	0.4734	0.3747	0.2932	0.6743	0.5018	0.3157	0.6503	0.2165	-0.2949	-0.4714	0.4875	0.6300	-0.3860	0.0866	-0.4014	-0.8712	0.9512	0.1335	-0.5247	-0.9904	-1.0972	1.6065	1.1430	0.7150	-0.2975	-1.0578	1.0364	2.3456	-0.1845	-0.0483	-0.8318	-0.5992	0.2048	0.2473	1.1245	0.3357	1.1353	-0.1909
-0.4510	-0.4527	-0.9697	0.5996	-0.5739	0.4031	0.1275	1.0119	0.3991	-0.3040	1.6293	-0.3638	0.7092	-2.0464	0.5304	0.4516	0.2227	1.2825	0.4870	-0.2624	-0.3293	0.7645	0.0326	-0.4857	0.0244	1.4593	0.6949	0.5410	0.4177	-0.4128	1.4529	0.2903	-0.7686	-1.6445	-0.3171	1.0595	-0.2166	0.2823	0.4715	-0.1727	0.4305	0.2139	0.3313	0.6149	-2.1114	-2.2356	-2.2351	-0.6930	-0.2018	1.2338
-2.1445	0.2975	1.1478	0.3231	-0.1776	-0.7632	-1.2210	1.3948	0.4650	0.5241	1.4037	0.7720	0.3294	0.9931	-1.0140	-0.9769	0.2103	1.3283	0.4063	-0.7123	-0.3419	-0.5441	-1.2920	1.3869	-0.0210	1.2687	1.4073	-0.1424	-0.3936	-0.2370	0.3334	0.4754	-2.0153	-0.6793	-0.3225	1.5157	-0.5505	-0.4608	-0.0682	-0.5353	0.5382	-0.9776	-0.3800	-1.0716	-1.4148	-1.1841	-0.3055	0.6199	1.1510	2.0439
1.5471	-0.6339	-0.2144	0.7537	-0.2024	-0.8611	0.2504	0.9497	1.1883	-3.7151	1.1374	1.8395	-1.0746	1.0198	-1.1455	0.5625	-0.4162	-0.2543	-0.0506	-0.9374	-2.1548	-0.7456	-0.8730	1.2073	1.3554	-1.7195	0.3360	-0.7118	-0.4728	1.0506	1.1095	1.7881	0.7256	-0.4414	-0.3852	-0.4128	-1.3199	1.0249	-2.2148	-1.1592	-1.2769	-0.7953	-0.6622	0.8857	-0.4031	0.6849	-0.8496	-0.2338	0.4004	0.0661
1.3231	-0.1911	0.9649	-0.6493	1.3589	1.2035	0.0280	-1.8212	1.4528	1.1195	-1.1334	-0.8006	1.5396	-0.3379	0.9450	0.8398	1.9960	-0.8966	0.8902	-0.9938	-0.7556	2.3585	0.4744	-0.7071	-1.4161	1.3697	-0.8187	0.0686	-0.5206	-0.1931	0.8759	0.5715	0.1787	-0.7362	0.7590	-1.3008	0.6760	0.0872	0.6841	0.2462	1.0249	-0.2434	0.9991	-0.6365	0.9206	-0.9177	-0.8630	0.0471	-0.3487	0.7201
0.5472	0.7383	0.5754	-0.0952	-0.5998	-0.3720	1.2714	0.5581	0.0864	2.0035	0.7164	0.0007	-0.4879	-0.5167	0.2808	-0.4060	-0.5611	2.0881	0.6769	0.1158	-1.4673	-0.7287	0.6140	-0.7718	1.8069	0.9377	-0.6148	-0.3556	-0.0414	-0.4902	0.1832	-1.0298	0.1319	0.1848	0.2385	1.2095	0.9556	1.8446	1.2420	-0.3185	0.3555	-1.2712	1.1827	0.5894	-0.0915	1.1427	-0.4801	1.1091	-0.0986	-0.6591
0.1022	0.4259	0.7885	-0.1370	0.1094	0.7894	0.4340	-1.0254	1.0997	0.4988	-1.6040	0.9693	0.0694	-0.1156	-0.6413	1.1831	0.1863	1.7357	1.0946	0.1375	-0.6254	-0.4952	1.4044	0.9176	0.5681	0.2393	-0.4127	0.5122	-1.9905	-1.2212	0.8457	1.4553	0.4794	-1.0624	0.4301	-0.8123	-0.8443	-0.8382	0.2350	0.6336	0.2611	-0.7133	0.0513	0.2741	0.1454	1.3426	-1.0077	-0.5665	-1.2168	0.2900
0.0847	-0.3369	2.0535	0.5935	0.3603	2.4045	-0.3433	0.2154	-0.0948	-0.9502	0.2333	0.5459	0.1065	0.5245	1.9991	-0.5161	0.7928	0.8455	-1.1861	0.0367	1.2963	0.0308	-0.6233	-0.4284	0.2630	-0.0066	1.6965	1.1535	0.2747	-0.5061	1.4157	0.0627	-0.1457	-0.3612	-0.3587	0.6146	-2.0257	1.1081	-0.0058	-0.0945	-0.6443	0.6738	1.1447	1.4871	0.7775	2.2692	-1.1785	0.4604	2.9664	-1.1696
-0.7045	-0.7092	2.0189	0.7534	0.0428	1.0499	1.1088	-0.9895	0.0133	0.1914	0.5841	2.0920	1.1185	1.3584	0.3525	0.2609	-1.5452	-0.6329	-1.5854	2.0626	1.1843	0.9833	-0.7310	0.4894	0.8896	-0.8845	0.7389	1.5965	-0.2004	0.4865	-0.6906	0.3728	-0.3552	1.0354	-0.4297	-0.6542	-0.6497	1.5818	-1.4839	1.2319	1.7527	-1.4270	-0.1696	2.4224	-0.4463	-0.7107	-1.1016	-1.7109	-1.1665	0.3620
-0.6692	0.5428	-0.6833	1.2097	0.9239	-1.2557	0.0816	1.1473	0.3044	2.9701	0.8417	0.7953	0.1691	-0.9032	-0.5827	1.5780	-0.0054	-1.4765	0.2067	-0.4904	-0.5494	-0.6806	1.1198	-0.8515	0.3349	1.7224	-1.4576	-0.4495	-0.6371	0.7923	0.6863	-0.1352	0.2399	0.5129	0.1715	0.9618	-0.4814	-0.9219	0.2763	0.7512	-0.3229	0.1511	-0.2544	0.2437	0.6329	2.1962	-0.6761	-0.5090	2.0935	0.1693
-0.2513	0.3818	-1.5811	0.8037	1.2965	-0.0662	1.1532	-0.8233	0.6766	-0.2803	-0.5755	0.7352	-0.4651	1.8392	-0.9055	0.9008	0.3897	1.1142	2.9566	0.4423	-0.2047	1.4342	-0.6191	0.7202	0.2873	0.6399	0.3005	-0.8789	-1.6250	-0.5113	-1.9994	-2.1428	-0.0381	-0.4717	0.9303	0.9810	-1.7914	0.0613	0.4136	0.2660	0.5542	1.5073	-0.6582	-0.4046	-1.1858	-0.4918	0.6833	0.2262	-2.4683	1.6807
-0.4119	-0.0491	0.8720	1.6994	0.5104	0.2329	0.7486	-0.0817	-0.4756	0.7316	0.0330	-1.5144	-1.4848	-0.2465	0.8307	-0.6261	0.9279	-0.5882	1.5402	0.3080	0.2570	0.1856	-0.6904	0.8123	0.7205	0.6208	1.1229	0.5767	-0.1639	0.6569	0.5070	-0.1845	1.2097	-0.1430	0.1644	-2.2630	0.4907	0.5120	-0.2861	0.2465	1.5062	-0.6724	-0.9959	0.1685	0.1282	-0.3296	1.0441	0.6621	0.2556	0.4446
0.4803	0.5708	-0.7313	1.4230	1.3870	-0.9397	0.2264	-1.3858	-1.6888	0.6322	1.2903	0.5118	-0.1323	-0.2836	-0.1351	1.2047	-0.9552	-0.3864	-0.0131	0.8016	1.8805	0.7389	-0.2028	-2.0031	-1.8681	-0.2734	0.0737	-0.8424	-1.1828	1.0151	-0.2526	-2.3908	0.5214	0.6096	0.1078	-0.8402	-0.1742	-0.3823	-1.2052	-1.7747	-1.1009	0.7102	-0.2099	-0.1146	-0.9263	-0.7106	0.0353	-0.4987	1.2820	1.2321
-0.3373	-0.6898	0.2699	1.1789	-0.5625	0.8518	-1.8731	0.6192	0.6440	0.0950	-1.4754	-0.1693	0.1045	-0.3425	1.9967	-0.3908	-0.7087	-0.3588	0.2919	1.5309	-0.8724	-1.5229	-0.0220	0.6640	0.5625	0.7372	-0.1041	-0.0901	-0.0110	-0.2524	-1.3031	1.1189	0.3175	-0.3369	0.2591	-0.3421	-0.5730	-1.5045	1.4371	-0.0704	1.3775	0.0664	-1.9637	1.2992	1.4925	-0.8034	0.8956	-0.6162	-0.6232	-0.8564
-1.5648	1.9620	0.7434	-0.6817	0.9447	-0.5693	0.8599	-0.8438	0.9010	-1.1630	1.0916	-0.2673	1.2168	-3.0290	0.2285	1.0543	0.8525	-1.6899	-1.4477	-0.2221	-1.3060	-0.1868	0.5409	0.1195	-0.5340	-2.1198	0.2172	0.8088	-2.0960	-0.8077	0.0932	-1.0446	-1.5210	-1.2118	0.8676	0.1482	-0.6214	0.0273	-1.2006	1.6787	0.3761	-0.1063	-2.0057	1.6348	-0.2933	-0.3287	-0.3341	-0.5411	1.1096	0.6469
0.8835	0.8352	0.7590	0.0192	-0.4837	-0.4112	1.0323	0.1778	-0.2973	0.5149	-1.1941	2.6214	-0.6381	0.1842	1.4399	-0.9372	0.6908	-0.8499	0.8834	-0.4292	1.5458	-0.3034	-0.3100	0.6963	0.4896	0.4623	-1.1157	-0.4200	-0.5988	0.2067	-0.4355	-1.1847	0.0689	-1.4870	1.0630	-1.8160	0.2489	0.7282	0.3399	0.7236	-1.1284	0.3720	0.4586	2.5773	-1.0913	-0.6648	-0.3548	-3.4336	0.5178	-0.5336
-0.6770	-1.5091	-0.0008	0.5337	-1.4633	0.4135	1.3577	0.6808	-0.6298	-0.1238	0.8897	-1.3659	-0.6030	-1.1204	1.0992	-1.2319	-1.0145	0.3803	0.9598	0.7615	-1.6964	-0.5356	-0.4969	1.2491	0.2823	-0.4265	-1.1689	0.4319	0.4058	1.3190	-2.4341	0.5776	1.9752	1.5246	-1.4535	0.0944	-0.9715	0.9381	-0.7282	-0.7719	-0.9653	0.5198	0.9272	1.6068	-0.4484	-0.3717	-0.3584	0.4216	-1.0421	-0.6011
-1.3664	-0.5991	-0.0808	0.5077	0.0517	1.1931	-0.9122	-0.0852	0.1176	-0.5354	-3.4114	-1.2786	1.2775	0.4524	0.1933	-0.8079	1.3849	1.1375	0.7547	1.3565	-0.9098	-0.1143	-0.6362	1.2423	0.3537	-0.4647	2.3987	-1.2386	0.9139	0.5282	-0.3003	1.4440	-0.6178	0.6011	-0.7806	0.7567	0.9840	-2.1190	-0.1745	-1.2966	-0.1788	-1.1807	-0.0469	-0.4701	0.5135	0.1944	1.2150	0.9936	-1.0101	1.3552
-0.7845	-1.5683	-1.4891	-0.2293	-0.5178	-1.2846	0.1812	1.1497	1.1626	-1.2457	0.1864	0.5197	-1.0380	1.4495	0.1574	1.1517	1.1430	0.3280	-0.7059	1.1988	0.6516	0.6314	0.6299	-0.7331	0.6867	1.0611	-0.6210	1.0411	-0.7015	-0.4729	-1.8191	-0.5525	-0.9506	-1.4453	-0.2145	0.2409	-2.1660	1.6948	-1.6808	-0.7053	1.1332	-1.4571	1.5274	0.6423	-1.1367	-1.2535	1.6433	-0.1640	0.6793	1.4448
0.4616	-1.1373	1.0622	0.0486	0.4307	-1.1241	-0.6325	-2.5066	-0.2246	-0.7798	1.2440	0.4562	0.1212	0.2834	1.6580	0.7173	-0.4834	0.6825	-0.6640	0.7640	-1.0087	0.6254	-0.4222	1.1589	0.0972	0.4515	-0.0732	0.2638	-1.6684	-1.0901	-0.1737	-1.3226	0.2208	0.4151	0.6962	0.8341	-0.1387	2.2778	0.2505	1.2417	-1.0507	-0.2871	1.0049	-0.1072	-0.8315	0.4146	-1.1461	-0.8386	-0.9128	-1.2318
-0.9074	0.6223	-1.5241	0.2502	1.1958	0.4397	-0.4697	0.2712	-0.2068	-1.4984	0.4953	-0.1108	-0.0800	0.8721	0.1792	0.1569	1.4159	1.6399	1.2491	0.4735	-2.0795	0.6337	0.0923	0.5214	-0.0414	-0.1502	0.2256	-0.3837	0.2372	-0.4712	-0.2588	0.0045	1.1070	-0.3883	-2.4272	1.1082	1.0359	0.4875	0.7144	0.2750	0.8596	-0.6477	-0.8606	0.5597	-0.0596	-0.7091	0.1299	0.4716	0.6963	0.3618
0.6234	1.2091	1.5066	0.8365	-1.4667	0.1323	-0.4954	0.7015	-0.1673	-1.2103	-0.5511	-0.2104	-0.1848	1.0029	0.6426	0.9641	-1.4162	-0.9229	0.5282	1.4959	-1.6652	-1.1603	-0.7677	0.0879	1.8307	0.0084	-0.3415	1.2828	1.9593	-0.9871	0.1339	-1.1534	0.9091	-1.6412	-0.5285	0.1440	0.3955	-0.8819	-0.2092	0.0365	-0.1548	-1.9984	0.4489	-0.6821	-0.3493	0.5916	1.9084	0.1726	0.2670	1.3438
0.4526	-1.7105	0.5008	-0.9703	-0.7673	-0.3308	-0.5781	0.8097	0.6403	-0.6394	-0.0356	0.3933	0.7523	-0.8793	0.1936	-0.9562	-0.5542	-1.2909	0.3432	-0.7367	1.4939	0.4094	-0.4111	-0.4822	0.4428	1.3468	1.0745	0.1906	-2.2749	0.1269	0.4997	0.0096	-0.8198	0.5266	0.9927	0.2228	-0.7784	-0.8886	-0.8910	1.6187	-0.2285	0.2837	0.1628	2.0207	-0.6087	-0.0981	0.1381	-0.6626	-1.2328	0.7675
1.4629	-0.4119	0.6712	-1.4585	1.9629	-0.7434	-0.3625	-0.7183	-0.2766	1.9999	-0.1269	-2.2293	-0.2806	0.6946	0.4761	-0.5099	-1.9207	-0.4291	-0.3621	-0.3864	-0.2114	2.2138	0.8061	-1.1784	0.0424	0.1452	1.2621	-0.5752	-0.0359	-1.3798	1.6276	0.9644	-0.2223	-0.1337	-0.4987	0.0471	0.2452	0.5653	-0.1485	-1.5682	-1.0247	-1.3663	-0.5282	0.5544	1.9784	-1.0321	0.4403	0.9889	-0.6300	0.1193
-1.0032	1.5556	0.6899	-1.1312	1.4212	0.0706	-0.7720	-0.1062	0.5854	0.7885	-0.1790	-0.2884	-0.1772	-0.2890	0.4588	-0.4270	-1.0027	-0.8235	-0.2207	0.8265	-1.1503	-0.0539	-0.2993	1.9408	-0.0879	-0.8417	-2.1576	-0.4972	-0.9075	1.1338	-1.0684	-0.5495	0.5928	0.7970	-1.2022	-0.2981	-0.3769	-0.7047	0.1812	-0.5904	0.4136	0.4040	-2.1330	0.4081	-0.5183	-0.5927	-0.9519	1.6148	0.0784	0.5053
-2.0263	-0.3382	-0.6721	1.3357	0.8765	-0.4113	-0.7065	-0.5212	-1.1859	1.1288	0.5783	0.7693	-0.8019	-0.5172	-0.9437	-0.4159	0.7592	0.7922	-0.7207	1.6188	0.3323	-0.7617	-0.2862	0.6416	1.1461	-0.3385	1.3617	-0.5157	0.3267	-0.3660	-0.1650	0.3523	-1.0608	-0.1715	1.0745	-0.8376	-0.2836	-0.0667	1.3661	-1.3956	0.3593	1.0304	0.4714	-1.3179	0.0757	-0.2028	0.8433	0.4317	-0.1427	-0.2730
1.4373	0.3079	-0.6361	-1.0321	-0.5573	0.5686	-0.5205	1.2162	-0.5538	-0.4966	-0.2090	0.8443	1.4193	0.1937	-0.2810	-0.1614	2.8402	0.1731	1.5977	-0.9788	0.0949	1.2642	-0.2280	-2.2820	1.2928	0.1119	0.3529	-0.2183	-1.2119	-0.2279	0.2815	0.6981	0.0633	-0.5738	1.6341	0.8071	0.5889	-0.5669	0.3060	2.4487	-0.0566	1.0017	0.2804	0.3566	0.3505	-1.4319	0.7144	-0.8285	0.6220	-1.1086
-0.5896	-0.2830	0.0897	-0.2534	0.0092	0.1856	-0.2700	-0.5501	-0.2213	-1.1146	0.0527	-1.4502	0.4175	0.9334	-0.3518	-1.3881	0.2857	1.6522	0.1178	1.0345	0.5640	0.2481	0.9232	-1.0297	1.3471	1.2017	0.5322	-0.1559	-1.2852	0.0676	-0.2162	-0.3070	0.3015	2.9853	-0.6697	0.4021	-0.3256	-1.0769	1.4028	-0.2415	-0.0233	1.5958	1.2738	-0.5766	-0.2096	0.9669	-1.5214	-0.2821	-0.7259	-0.5814
1.0584	0.1125	-0.7678	2.1529	-0.9355	-0.7838	0.3700	0.3624	-0.8834	-0.3520	-0.7397	-0.6673	0.7437	-0.3291	-1.3494	-0.4738	-0.2017	0.9640	-0.8112	-0.7451	-0.5515	-0.6648	-0.3189	-1.0893	0.8187	1.3511	-0.5388	0.2550	0.0608	-0.9093	0.5962	-0.4366	-0.0738	-3.0171	0.3831	-1.8921	0.3881	-0.5115	0.5746	-1.9123	-1.5795	1.2942	-0.5307	1.3750	0.4404	0.9112	-0.8247	-1.3474	2.0876	0.1793
0.3960	1.4140	0.6623	1.7708	-1.0209	-0.8140	-0.1154	-0.0235	0.3534	-0.3535	-0.2073	0.7331	0.4327	0.9855	0.5628	1.8053	-1.3615	0.4154	1.1763	-0.4211	0.1606	-1.1075	-0.3698	-0.5721	0.2185	1.8202	0.8702	0.7613	0.2022	-1.0593	-0.3363	-2.1474	0.6930	0.1118	1.0790	-0.6362	-1.7191	1.0262	0.1072	-1.0473	-0.4633	1.6550	-0.9910	-0.6118	-0.5559	-1.5770	0.3334	0.9417	0.8224	0.0123
0.1846	-0.4849	-0.1988	0.8617	1.3512	-0.0032	-1.8447	1.1475	-0.4961	1.0134	-0.0781	-2.4799	0.7937	-0.9582	0.4207	0.5914	0.5360	1.2303	2.2249	-1.9545	1.0965	0.7631	0.0020	-0.1908	-1.1735	-0.4281	0.5573	-1.0922	0.0878	-0.6133	1.0970	-0.6067	-0.2577	0.6528	0.9139	0.1123	1.1862	0.0543	0.4573	-0.2066	-1.7520	-0.8904	-0.2912	-0.6774	1.2014	-0.1384	0.9292	-0.8085	-0.1581	-0.9213
-0.6665	-0.2496	-1.3240	-0.5604	-2.2901	1.3885	1.0530	1.2126	0.0240	0.2358	1.0728	-1.1344	1.9566	0.5769	-1.6124	1.0123	-0.7567	-0.2144	0.9828	-0.1894	0.4744	1.1716	-0.0742	-0.2098	1.4832	1.6577	-0.9051	0.1199	-0.7872	-0.3027	0.3316	1.1828	1.3733	0.1456	0.0238	0.0140	-0.2261	0.2829	-1.4959	1.1036	0.6257	-0.2249	-1.4028	1.0972	-1.7957	0.5441	-2.6613	-1.0773	-0.3942	-0.5537
0.5506	-1.2236	2.3820	0.3317	-1.0682	-1.3648	0.8279	-0.2062	-0.5916	-0.7590	-0.6722	0.9608	0.5285	-0.5412	-0.1907	-0.5098	-0.1876	-0.5512	1.2282	-0.0162	-0.6576	1.5311	0.0980	-1.3593	-1.6769	0.5336	-1.7533	-1.2310	-0.6791	-1.6331	-0.5773	-0.3314	-0.2147	1.1276	0.0525	0.3076	-1.5862	-0.4976	-0.3360	-1.0672	0.0959	1.5148	-1.2610	-0.1934	1.7042	0.0496	0.3540	-0.0689	0.4998	1.8553
-0.3755	1.7617	0.0798	-0.2381	-1.7409	-0.3292	-0.0551	-0.1932	1.6132	0.2002	-0.3152	-1.5302	0.3742	0.7375	-0.3394	-0.4608	0.9186	0.8560	0.8243	0.1175	1.0900	-0.7000	-0.1501	-0.9943	0.9393	-2.1437	1.2091	0.5022	0.2672	-1.4227	-0.5402	0.7745	-0.8752	0.6496	-0.0426	-0.4801	-0.2848	2.7476	-2.3322	-0.1456	1.1663	1.6539	0.4734	-1.3196	1.8779	1.6429	0.5028	0.9067	0.2888	0.8553
-0.5984	0.0473	-0.3886	-0.5168	1.0409	-0.5463	-1.2936	-0.8225	0.4024	-1.0703	0.4696	0.8831	-1.5399	-0.2012	1.1850	-0.8894	2.0298	-1.0987	-0.1850	0.7020	-1.2549	-0.1247	0.5481	-0.5909	0.8726	0.8302	1.0934	-0.1376	0.9906	0.6913	-0.3988	0.0483	-1.4207	-0.5619	1.4042	0.5962	0.9969	-1.1062	-1.7412	0.5714	-0.1960	-1.4642	0.0836	0.9429	-0.7533	0.6259	0.3904	-0.3030	1.0091	0.4625
0.5753	-1.3578	-1.8857	-0.9289	-1.4932	-1.3419	-0.8105	-1.7325	-0.4758	-1.1301	0.0001	-0.7501	-0.6065	0.2193	0.6261	0.9034	1.1825	-1.1197	1.3620	-0.7767	-0.4924	-0.3138	0.1666	-0.3402	-0.8928	0.6535	0.0046	-1.2527	-0.6368	-1.3605	1.2532	0.1181	0.8806	0.2231	0.8985	-1.0317	-0.0643	-1.6602	-0.5399	0.2347	0.5162	1.4225	-1.6129	-0.8193	-0.4770	0.0940	0.6844	-0.1902	0.2285	0.7679
1.2172	-0.1624	-0.4611	0.2727	0.4197	0.4762	-1.8229	-1.2803	0.5599	-0.1364	-0.8709	-1.7231	1.6182	-0.7183	-0.2823	1.7255	-0.5811	1.9772	-0.5021	-0.8630	1.6750	1.4363	-0.4885	0.1702	1.0736	0.5423	1.3441	-0.4130	-0.8535	0.2973	2.8365	-1.9154	0.6758	-0.0872	-1.2538	-0.4678	1.2085	-0.2450	2.3968	0.6281	-0.5648	-0.1670	0.6798	-1.1262	-2.7293	-0.7250	-0.2713	-0.5410	0.5658	1.7491
-1.3113	-1.2095	-0.3675	0.7376	0.2322	-0.0294	-0.1746	0.9412	0.0518	-1.0275	0.4970	1.5763	1.2175	-0.0236	0.3144	0.1043	0.4628	1.6000	-1.7656	1.1174	-0.1768	-0.9732	1.0504	-0.0660	1.3360	0.3523	-0.5841	0.8308	-0.2105	1.2724	-1.8417	2.3863	-0.1538	1.4738	1.3901	0.1992	0.1349	-0.2657	-0.6253	-0.4629	-1.7255	-0.2006	0.6956	1.5918	-1.1832	-1.5532	-0.0048	1.0985	-0.4029	-2.0309
0.6247	-0.4147	-2.0542	1.8500	0.2220	-0.1877	-0.1702	0.1970	-2.3281	-0.7457	-0.1088	0.1104	-0.8900	-1.7449	0.6973	1.6997	1.1404	-0.5739	-0.6809	0.0410	-0.0910	1.1007	0.2046	0.0539	-0.0942	1.2301	2.5175	-0.0624	-0.9035	-0.7293	1.1388	-0.5765	-0.7391	-1.1999	-3.3762	0.6409	0.2140	-0.7533	1.0424	0.4635	-0.8524	1.7132	0.4400	-0.1474	0.3843	1.1534	-1.2627	-0.4458	-1.3175	0.9451
1.4284	-0.9171	-1.1541	1.4274	0.6781	-0.3373	0.1409	0.0588	0.3638	-0.6225	0.7142	0.3642	-0.5853	0.5675	-0.7659	-0.6625	2.1524	0.1909	0.1334	0.2531	0.1880	-0.5215	-0.6562	-0.2861	0.3262	0.3372	-0.3389	-1.7248	0.6389	-0.3214	-0.3223	0.2779	0.6230	-0.2924	0.4015	1.6794	-0.3955	-1.2885	-0.1041	1.0793	0.4263	-0.5438	0.7841	0.1036	0.3824	-1.7585	-0.3851	1.4147	-1.9597	0.5418
1.4862	0.7504	0.6970	-0.3584	-0.7009	-0.3513	-0.7756	0.2281	-0.8794	1.0460	0.2464	0.4442	0.9884	-0.0525	-1.5527	-0.7721	1.5789	-0.0225	0.7313	-1.0981	0.4968	-0.1333	1.0551	-0.5014	0.9707	-1.3682	0.4625	1.6324	0.5126	-1.2924	-0.0212	0.9175	-1.0280	-1.5856	-0.7347	-0.3290	0.2666	0.1860	-0.8516	-0.2076	-1.2062	-1.2957	-0.0949	2.1519	-0.0385	2.2919	1.9811	0.0200	-0.5772	-0.5310
-1.2983	1.9294	2.6674	-1.1003	0.6964	-0.3493	0.9088	0.3202	-0.9022	-1.2332	-0.9858	-0.1593	0.3881	2.2786	1.0344	0.8021	-0.5060	0.0220	0.0059	1.5857	-2.0082	0.2870	0.4494	-0.6111	-0.1680	0.5567	0.4510	0.7856	0.0511	0.6836	1.3865	1.1317	-0.2723	-0.7722	0.4756	0.6609	-0.2471	1.0358	1.1839	-0.9666	0.2200	2.3110	1.6694	0.2939	0.8587	1.3607	-1.0012	-1.5010	0.4524	-0.7936
0.7431	0.2250	-0.8692	-2.4757	-0.9734	-1.1447	-0.0151	1.6613	-0.7163	-0.2131	1.3988	0.1034	-0.7178	0.7681	0.3299	-1.2786	0.4209	-1.5997	-0.0370	-1.4792	-1.6871	-0.6978	-0.0746	1.2278	-0.4205	0.7794	-1.0008	0.0327	1.1069	-1.4699	-1.5880	0.5715	0.6695	-0.2818	0.8742	-0.9774	-0.0471	0.4534	0.5570	-0.5614	0.3784	-0.7715	-0.0134	0.0660	0.0697	-0.5964	0.7099	-0.7152	-0.3009	1.8212
-0.4926	0.1556	1.3646	0.3216	0.4831	1.2231	-1.0394	-0.4501	1.1385	-0.0084	1.0129	-0.9896	-1.0104	0.1054	-0.6387	-0.0816	-2.1306	-0.2346	-2.2512	-0.1595	0.1431	0.1155	0.9690	3.0829	-0.1282	-0.8944	1.0916	-1.6074	-0.3954	-0.1256	0.6087	-0.6257	0.8505	0.2313	0.9700	0.2653	1.0170	-1.6682	0.7108	-0.1162	-0.7126	-0.8193	-0.7881	1.2941	2.2509	-0.1274	-0.9320	-0.7727	-0.6300	-0.9686
-2.1298	-0.3701	-0.4253	-0.8863	0.6005	0.4216	1.7389	0.9755	-1.6230	-0.2996	-0.2866	0.0470	-1.6531	-1.8399	-0.2495	1.1210	-0.9976	-0.1917	-0.9426	-0.7089	0.4950	-0.9304	0.9421	0.1463	1.4660	-0.8543	0.6694	0.6715	1.3689	-0.8838	0.9281	-0.1592	0.8817	0.1152	1.0229	1.7526	1.1108	1.4930	-0.3648	-0.4343	-0.5300	-0.1430	0.2574	0.0132	-0.8151	0.3419	0.7336	-0.2034	0.2369	0.3299
-1.0161	-0.2505	1.3129	-0.3348	-0.3843	-0.0213	0.6575	0.4261	0.3388	-0.0237	-0.2041	0.7174	0.6476	0.0845	0.3727	1.6527	-0.9461	0.5110	-0.6815	-2.2569	0.2156	0.9398	1.8117	-1.0994	-0.4428	0.4977	-0.3135	-1.4123	-1.0022	0.1893	0.5955	0.0797	1.8085	0.1773	1.5604	-1.5064	-1.9190	-0.4826	-0.0856	-1.5375	-0.2193	-0.2982	1.7887	-1.3552	1.1958	-1.2710	-0.6744	-1.1202	1.5558	0.2629
0.3356	-0.4783	0.6913	0.5665	-0.1735	-1.5986	0.0599	-0.1272	-0.3132	-0.5770	0.6507	1.4688	-0.7603	-0.1001	-1.1087	0.9221	-0.0862	0.6296	-0.2647	-0.5425	-1.0755	-0.3641	1.1466	2.0414	0.2535	0.0175	-0.9453	-0.8613	0.3961	-0.2412	-1.8156	-0.4626	0.0078	-1.4497	-1.2601	0.8159	-0.3923	0.2255	-1.4712	0.4993	2.3693	-0.6810	-0.3501	-1.2070	-1.1145	-0.0515	-0.0658	0.6420	0.3435	0.6345
0.8715	0.5073	-0.8258	-1.5178	-0.5196	-0.1349	0.7145	-0.5984	-1.3950	-0.3809	0.0506	-1.3572	-2.6398	0.0048	-0.7194	0.2115	-0.8466	-0.3019	1.8363	0.6814	-1.2466	1.3794	0.2917	-0.0024	0.0621	0.5421	0.8320	2.5149	-1.8359	0.8914	0.3494	-1.7400	0.4254	0.4150	0.0735	0.7017	1.8330	-0.4132	0.0419	-0.2249	-0.5501	1.1378	0.5795	-0.5317	1.4290	-1.1106	0.0427	0.4753	0.6556	0.1872
-0.5330	0.8942	1.3050	1.3675	0.2964	0.3115	-2.1803	0.3993	1.0209	-1.2414	-1.4426	-1.0535	-0.6226	1.1507	-0.5369	-0.9469	0.9526	-0.6237	-0.5526	0.7778	1.4110	0.7056	-2.8440	0.6673	-1.8100	-0.4616	-1.4659	-0.0263	0.7879	1.8378	-0.3906	0.1800	-0.6012	-1.0340	-0.2555	-1.3501	0.1170	-1.2784	1.1108	-0.2933	-1.4975	0.2545	1.8562	-0.7661	0.0720	-1.3455	0.9040	0.8499	0.9824	-0.4353
-1.7755	0.7461	0.6341	-0.9324	-1.0615	0.4979	1.0439	-1.6058	-0.3586	-0.2721	0.1371	0.5330	-0.4894	-0.1434	-0.1143	-1.8042	1.6830	1.6618	-0.8805	-0.4968	-0.8524	0.5033	0.1026	0.2060	1.2143	-1.0072	0.2106	0.1157	-0.3188	-1.0971	1.7754	0.9879	-0.1583	-0.9962	0.7346	-0.3904	-1.0896	-0.5183	-0.0849	0.6060	0.0804	-1.2463	1.0079	0.4782	-0.5883	1.1892	0.1096	1.0553	0.2704	1.0347
0.1479	1.2620	-1.3050	-1.1908	-0.0922	2.1721	-0.5807	0.2885	-1.3232	0.3226	-0.7921	-0.8577	1.4312	-1.2057	0.9615	-1.4727	0.3218	0.0846	0.0906	-0.8136	-0.0622	-0.7149	-0.8681	-0.3281	-0.7695	1.5663	-0.7044	1.2203	1.6298	-0.5907	-0.2074	-0.0183	-0.2881	-0.0524	2.0087	-0.5109	0.7268	1.2890	-0.4113	-0.0866	0.3182	1.3861	0.5301	-0.0844	-0.2686	-0.9948	-0.8297	1.1400	1.6006	-0.6244
0.4840	0.1545	0.3586	-1.3191	0.3313	-0.3887	-1.0712	1.0668	0.6112	0.8351	0.5811	1.0715	0.6723	1.4918	-0.2298	-0.7125	1.7631	-1.3542	-0.0497	-0.5375	-1.2164	-0.3111	0.9486	-0.9699	-0.0072	-0.6022	-0.5443	-0.1812	2.0238	0.6294	1.7069	1.3233	-0.0060	-1.9700	2.0773	0.7488	-1.1472	-1.4524	1.4138	-1.1446	0.1530	-0.3690	-0.8798	-0.6878	0.3912	1.0353	-0.1012	1.8897	-0.8146	-1.6535
0.0569	-1.2674	-1.8376	0.8157	0.7321	1.6250	-1.4385	-0.3558	-0.5278	-0.5345	-0.4864	0.5406	-0.8229	1.8018	1.5439	-1.3857	-0.1812	-0.7152	-1.1451	-1.2054	0.5661	0.8212	0.0753	-0.7276	0.2795	1.2204	0.5666	-1.7816	-0.0541	0.2152	-0.1271	1.0521	1.4806	0.4732	0.8459	0.6490	0.8399	-1.3125	0.9545	0.2229	-0.6647	0.7966	-0.0040	0.1326	-1.4352	-1.3599	0.1843	1.1223	0.5675	1.4936
0.1416	0.3738	0.9067	-0.0015	-0.9750	0.9445	1.5995	-0.5268	-0.0782	0.9509	0.1527	0.4459	1.3515	-1.1831	1.1991	-1.5431	-1.1529	0.8661	0.7577	1.0824	-0.0753	-0.3003	-2.0202	-0.2152	-1.7611	2.6635	0.9549	-0.2657	0.4328	1.7177	0.6385	2.3435	0.8268	-0.8296	-0.3874	-1.2923	1.2775	1.9696	-0.5756	-0.9884	0.5098	1.2434	0.4751	-0.2046	-0.0286	-0.8657	-0.8397	1.2465	-1.7140	-0.1425
0.4683	2.1827	-0.9344	0.4356	-0.1841	-0.9313	1.5505	1.1406	2.2943	-0.8432	3.1402	-0.3170	-0.3142	-2.1056	0.3022	-3.9911	-0.8598	0.6969	0.1901	1.4985	0.1129	1.1176	0.2203	-1.9074	1.0516	1.0218	1.0250	-1.5116	-0.8635	0.3268	0.3979	1.3083	3.0129	0.3209	0.8469	1.4177	-0.2350	-0.0286	-0.2515	-1.1736	-0.0564	1.0767	-0.9071	1.1478	0.1432	1.0860	-0.1825	0.7809	-0.4243	-0.0018
0.7442	-0.5943	0.2827	-0.9256	-0.0711	1.1328	0.0896	-0.0961	1.4133	0.3507	-0.2097	-1.2847	-0.4924	-0.0163	-1.8538	0.4006	0.7106	-0.1429	0.1427	0.8227	0.1515	-0.9622	-0.1055	0.1306	0.6238	-0.7674	-0.6324	1.5812	-0.4920	-0.4086	0.9815	-1.7919	0.7998	-0.8202	-0.3732	-0.2250	0.8015	-2.3743	-0.2637	-1.2794	0.2006	-1.2158	-1.0016	0.9589	-0.6544	-0.9612	-1.0799	-0.2137	2.5127	-0.1666
0.4138	-0.4836	1.2886	0.2716	1.1254	1.7906	0.8276	-1.0222	0.5677	0.3991	1.6512	0.2081	0.2243	-0.0500	-1.5370	-1.1201	-1.0107	-0.1117	-0.1938	0.3100	-0.0201	2.4131	-0.2701	0.0415	0.6290	0.6925	0.1852	-1.1519	1.1818	-0.5492	-0.8867	0.5919	1.1098	0.2932	1.6296	0.6682	0.8296	0.4928	-0.3942	0.6444	-0.5208	-0.0331	2.4986	-0.1579	-0.4219	-0.7977	-0.0660	0.8842	0.6130	1.5034
2.5032	0.5955	0.7388	-1.1126	0.4408	-0.0081	-0.1884	-0.4487	0.0553	1.3281	-0.3496	0.7904	-1.0242	-0.9696	-1.5616	-1.3372	-0.8755	-1.0945	1.8133	-1.0330	0.5030	-0.9715	1.8854	-1.7117	-0.7952	0.8120	0.8663	-0.1862	0.1785	1.1701	-1.3007	0.3788	0.0372	0.0507	1.0886	-0.6371	-1.9479	-1.1430	0.1632	0.6731	0.7523	-2.1989	-0.2603	1.3122	1.5177	0.1987	1.0644	-0.9587	0.4355	-0.5853
-1.2337	-0.5029	1.3467	-0.7976	1.4905	1.3165	0.2044	2.1101	-0.5034	0.4403	-0.8889	0.4740	0.7037	-0.5150	-1.2495	0.1332	0.1279	0.9220	1.5809	1.5023	1.7855	0.6150	-0.6863	0.2099	-1.1805	-2.2560	-1.0491	0.6008	0.7624	1.3539	-0.3055	1.3996	-0.4945	0.8029	-0.2851	0.2495	-0.2136	1.0060	1.9841	0.3472	-1.3443	-0.8613	1.9110	-1.2754	0.2615	-0.5249	0.1175	-0.6524	0.0620	-0.6825
0.8371	-0.0919	-0.5803	1.8270	0.3051	1.1722	0.3943	0.1978	-0.6718	-0.0831	1.0136	0.2203	0.8614	-0.3681	0.4914	0.1198	0.6934	0.3230	-0.4937	-0.2421	0.2750	2.4855	1.6349	0.2277	1.4882	-0.1727	0.1617	1.6572	-1.0149	0.3141	-0.6677	-0.7321	1.7463	-0.5381	-0.3984	-0.8246	-0.2191	0.0988	0.2211	-0.5920	-0.7185	-1.4653	-0.3620	-0.7986	-1.1619	0.2035	-0.8135	0.9174	-0.3126	-0.4752
0.0346	0.8659	-1.0541	1.0507	-0.3871	0.1958	-0.9779	0.7844	-0.4487	0.8337	-0.3577	0.4277	0.0021	0.2385	-0.8653	0.2223	2.0530	-0.3439	-0.5808	0.3727	-0.8100	1.4570	-0.6789	-0.2939	1.9464	-0.6733	-0.0810	-1.3356	-0.2649	2.4891	-0.3163	-0.2888	0.7580	-0.0316	-1.1128	-0.1204	1.0994	1.4965	1.5126	0.3751	-0.1378	-1.0746	-0.4526	-1.8526	1.4875	0.5349	-1.0551	0.3700	-1.1424	-2.1700
0.6372	-0.8576	0.5598	0.0234	-0.3537	1.0791	-0.4216	0.3504	1.9079	0.0984	-0.7424	0.9956	0.5766	0.9687	-0.4534	-0.2229	0.8136	-0.2919	0.0876	-0.1232	-1.2895	-0.3511	1.0396	-0.6516	0.5674	-1.3943	-0.8821	-0.5852	-1.1403	-1.1785	-0.4362	-0.1806	1.5705	-1.7046	0.4892	1.0836	0.8824	-0.4637	-0.4488	-1.7528	0.1232	-1.2987	-2.8218	0.2449	0.0963	-0.5247	1.0901	0.9731	-0.4732	0.7858
0.3107	-0.8119	0.3547	0.5743	-0.0730	-0.0359	-0.4381	-0.3817	-0.9355	-0.8873	-0.0450	-0.4622	0.1294	1.7929	0.0850	-0.1348	0.9374	0.9013	-0.5513	-0.0140	-0.6850	1.4034	-0.5731	-0.6919	-0.2074	0.4583	1.0809	-0.4453	0.0207	-0.3990	-0.3243	2.3540	0.8926	0.0977	0.1343	-1.4106	-0.5584	-1.8608	0.7442	-0.2387	-1.1040	3.1468	0.0135	-0.1313	-3.6740	-0.1512	-1.9067	0.6248	-1.1420	0.1540
-0.9548	1.0419	-0.5005	0.2567	0.8173	-0.9214	0.1044	-0.0742	-0.7375	-1.2201	-0.2056	-1.1634	-0.6225	-0.7862	0.0838	-1.3193	1.5771	0.8432	0.8368	-0.5422	0.0730	-0.5248	-1.6814	0.2245	0.7475	-1.9504	1.2254	-0.4335	-0.7383	0.5400	1.8762	-0.3856	-2.1688	2.6819	-0.1712	-1.1537	-1.6901	-0.9884	-0.2999	0.1037	-1.8017	-1.5467	0.5618	-1.6314	-0.2772	0.1295	2.2254	-0.5805	-0.6462	-2.0556
1.8306	-1.2179	-0.4823	-1.2769	0.5806	-2.3936	0.2693	0.0474	0.1942	-0.5320	0.0527	-2.1340	-0.1844	-0.1020	-1.7820	-0.7722	-0.7171	0.6790	-1.3409	-0.2578	-1.5900	0.5964	0.2212	-1.3615	1.0248	0.9093	0.0949	0.8450	-0.7185	-0.5950	0.0612	1.0141	-0.7536	-0.0739	0.1054	0.0317	0.0222	-0.4970	0.2706	-1.2785	0.1536	-0.0195	1.8113	-1.7920	1.3997	0.8823	-0.1136	-0.4317	-1.4907	0.1088
1.0286	-1.0647	0.7846	0.2276	-2.2683	0.2535	-0.8442	-1.1259	-2.2546	-0.6511	-1.5507	-0.8318	1.3077	-0.5727	0.2580	-0.0060	-0.8841	-0.1502	-0.1350	-0.1678	1.6289	0.6503	-0.5292	-0.8310	0.0823	0.6702	0.1684	0.4475	-0.8754	-0.5629	-0.0586	-0.0718	1.3664	-1.0115	0.3927	0.6597	1.2462	-0.3163	1.2632	-0.0962	1.5476	0.3866	0.6366	0.6674	-1.3720	0.2581	-0.9109	-1.1063	-0.0188	-0.6304
-0.4376	2.0883	0.4931	0.6789	-1.2624	-2.2100	1.5706	-1.5827	0.1705	0.2245	0.1407	0.2830	-0.5341	0.4435	-0.7593	-0.0116	-0.8716	-0.2708	-0.2178	1.2793	-0.3695	0.7321	0.6386	0.3910	-1.4602	-0.5276	1.1175	0.5459	0.7155	1.7205	0.4853	-0.4831	-1.1488	-0.4927	-0.2385	0.7360	-1.0234	0.4390	-0.7489	0.9391	0.6143	0.0104	0.6042	0.7550	2.4065	-0.1064	0.7158	0.3445	0.6363	-0.7135
0.8223	0.8039	-0.4324	0.9531	-0.2906	0.3917	0.4607	0.9850	1.4020	1.4083	-0.5820	-0.3059	0.2033	0.5766	-1.2082	-1.0995	-0.3337	-0.8757	-1.0758	-1.8987	-0.1838	-0.9608	-2.2186	0.5458	0.1691	1.2868	-0.0195	0.5835	0.8011	-1.0028	0.6318	0.4153	0.1532	1.2181	0.9826	0.6386	-1.5255	0.4056	-1.7597	0.2595	0.2520	-1.2948	-0.3557	-0.8099	-0.1220	-0.1860	-0.6143	0.0440	-0.7739	1.0439
-1.4027	-0.2927	0.3175	-1.1072	-0.3113	-0.8607	0.0956	-0.3814	0.4093	-0.6021	0.8120	-0.6982	-0.6775	0.6084	-0.4269	-0.9111	-1.7859	-0.5123	-1.0620	0.0744	0.8303	-0.8391	1.5340	-1.8938	-2.0395	0.1118	1.7637	1.5863	-1.4237	-1.0482	-0.4126	0.5194	0.4355	0.7949	0.4564	-0.7985	-1.3241	-1.0850	0.7042	1.1139	-0.7915	-0.9918	-0.3906	0.4432	1.0388	0.9034	0.9016	1.8060	0.3033	-0.7684
-0.3099	-2.0614	1.0888	0.3172	-0.4709	-0.0841	0.8633	-0.4110	0.7238	0.8848	-1.0068	1.8104	-1.2556	1.4295	1.4436	-0.2268	0.1442	2.2796	-0.6353	-0.1042	-1.2876	0.1401	-1.3658	0.5736	2.0578	-1.0369	-0.2309	1.0650	2.8040	-0.1296	0.6912	0.3035	0.3295	-0.7206	0.8838	0.1174	-0.1272	-0.6572	-1.9871	1.9641	-0.0072	-0.4579	0.1422	-0.6934	-0.0498	-0.0802	-0.7652	-2.2884	1.8661	1.2109
1.1614	-1.3977	-0.2111	-1.5670	0.2862	-0.1916	-0.2960	-1.3482	0.1097	-1.5994	-1.1724	-0.5494	-0.5322	-2.0003	-0.3505	-0.2729	1.0980	-0.6231	-1.1823	0.5540	0.9921	-1.8434	-0.6218	-0.5478	0.6860	0.2048	-2.0299	-2.2204	0.5947	0.2949	-1.4249	0.0890	1.4209	0.3140	-0.7408	-1.0729	-0.9707	-0.6303	0.1984	-0.4002	0.5862	-0.3478	-0.9230	-0.2509	-0.0831	-1.7489	-1.0299	-0.3384	-1.3946	1.4195
1.1537	-1.0595	-0.0006	-0.0451	1.1104	0.2940	-1.2178	0.1232	0.3186	0.8174	-1.0190	-0.3732	-1.5481	-0.2437	0.8513	2.1986	-0.0367	0.8572	-0.0462	0.1177	1.1467	0.6582	0.1649	0.4413	-2.2307	-0.6308	-1.0298	0.2497	0.2158	0.6458	-0.7114	-1.2756	-1.6428	0.5606	-0.6592	-1.4908	-0.5519	-0.3978	0.3159	-0.9136	0.7491	-0.9017	-0.1889	-2.2156	-0.7902	0.3858	-1.2836	1.1982	-1.1925	1.3153
0.4367	-1.1913	0.8664	0.6388	0.2614	-0.7537	-0.0728	-1.9411	1.1720	-0.9584	-0.9864	-0.5421	1.6548	0.8779	-0.4640	0.0704	0.1969	0.2688	-0.4247	-2.4076	0.5428	-0.0162	-1.7521	0.3298	-1.3349	-0.0313	1.4075	0.4144	-0.5657	-0.9562	0.3187	-1.8310	-0.0076	-1.3492	0.4148	0.7669	-1.2146	0.7655	0.1493	-1.5523	0.9211	-0.2793	0.5677	0.8186	-2.8994	-1.6787	-0.4285	-1.1401	-0.3183	-0.3388
0.1592	2.6254	-0.0570	1.7001	-0.5538	-0.1164	-0.2427	-0.1835	-1.7384	-0.0760	-1.1549	1.2686	0.5127	0.6198	-0.6372	2.0851	1.6164	0.5075	0.9663	0.0109	-0.9060	-0.3241	1.3937	-1.2747	0.1870	0.3587	0.0332	-0.6414	0.5832	0.3676	0.2652	1.2626	0.3144	-1.0660	0.5360	-0.2709	0.4423	0.9652	-0.1331	-1.2333	0.2630	0.6592	0.2960	0.2598	-0.3542	-1.6784	-0.2855	-1.3798	1.1650	-0.5982
0.7439	0.4226	-0.0496	1.1125	1.4242	-0.4298	-1.0479	-1.1126	0.9486	-0.6026	0.1018	-0.6769	0.2307	-1.1699	0.9763	0.0109	1.1697	-0.4511	-0.1304	2.4001	-0.9665	-1.1687	0.5842	0.8810	-0.4660	-1.1513	-0.7815	-1.7212	0.5512	-0.4094	-1.5342	1.3886	0.6514	-2.3614	-0.7702	-0.0268	-0.1584	-0.7258	0.0140	-0.1588	0.7238	-0.4668	-0.0743	0.2016	-0.8067	0.2548	1.1844	-0.0187	-0.3226	0.4124
0.1043	1.0584	-1.3311	-0.0773	-0.2429	-1.3566	-0.4921	0.0911	2.3740	0.3063	1.0451	-0.0687	-0.1691	1.5203	-0.5350	-1.2710	0.5394	0.2826	-0.5218	1.2915	0.6145	0.7850	0.3744	-0.0297	0.6552	-1.3472	0.0424	-0.5848	-1.3922	1.0222	-0.8023	-1.9251	-0.4203	-1.3919	-0.5662	-1.7552	1.4308	0.1329	-0.2112	0.1941	-1.7793	-1.6110	-0.7759	0.1564	-1.4082	0.5816	0.9693	-0.8714	-1.1387	-0.8862
-0.7051	-1.5724	1.2525	-1.6199	-0.6239	-1.4281	-1.4780	-0.1650	-0.7781	-0.7339	1.3721	-0.9343	-1.4422	-0.2769	0.0000	0.8988	0.5187	-2.1079	-0.8567	1.1292	0.1460	-1.6279	-0.2689	-0.9081	-0.1007	0.6817	-0.8092	-1.4898	-1.0796	0.7453	-1.0970	-1.4231	-0.6024	1.0396	0.2116	0.4553	0.6555	0.8800	-2.1600	-0.2632	-0.5250	-0.4394	-0.4737	-0.3439	0.3086	-0.7583	0.6823	-0.0741	0.0788	-1.7167
-0.8619	-0.4255	-1.6457	1.4316	-0.8396	1.1442	-0.2010	1.5585	-1.4775	0.9374	-1.3498	-1.2068	-0.9809	0.4585	-0.0648	-0.0395	0.5511	0.4982	1.5119	1.9727	1.5512	-0.3639	-0.2545	0.9506	1.0940	0.0134	0.7143	-1.3643	0.8864	-0.9159	-0.8064	-0.3396	-0.1428	0.2388	1.7662	-2.5808	1.0637	0.4190	1.0445	0.5918	0.5406	-0.1521	0.2670	0.9653	-1.1452	2.6394	1.7907	-0.3684	1.3033	0.0733
0.7488	-1.0881	0.0732	-0.4434	0.8342	-0.3469	1.1665	1.0140	-0.2783	0.3445	-0.0573	0.2149	-1.1473	-1.6820	-1.4919	0.4054	-1.4058	1.3225	-0.1813	2.1027	-0.1627	-0.4861	0.1443	-1.0338	0.6472	-0.0979	-0.3892	-1.6693	0.7366	0.8791	0.1192	2.1122	-0.9268	0.4569	-2.0853	0.3666	1.3876	0.6693	-0.2098	-0.5582	1.3418	0.6847	-0.5328	-0.3256	-0.5039	-0.4024	-1.6875	0.3264	-0.0238	0.4595
-0.5173	0.8786	-1.1244	-0.8529	1.5583	-0.1932	-0.6600	0.0718	-0.3896	1.1096	-0.6146	0.7396	0.9017	1.1792	0.1070	-0.9699	-0.2054	-0.8504	-1.2148	0.8842	-1.3155	1.7436	-0.8076	-0.3558	-0.5691	-0.3238	0.1566	-0.6182	-0.5481	0.4086	-0.7836	0.5915	1.0069	-2.0346	-0.2667	1.2309	0.2172	-0.3409	1.0178	-0.7984	0.4189	0.7557	-0.6873	0.2893	-1.5073	1.4645	-1.6480	0.3292	-0.9601	0.8210
1.9286	1.4113	-1.2048	-1.1350	0.3288	-0.6264	1.5416	-0.4194	-1.8108	-0.5699	0.4209	1.8032	1.0041	0.1119	0.6470	-0.0119	1.0533	1.2809	0.1392	-0.6595	0.1900	-0.4507	0.7035	-2.6175	1.0425	-1.4611	-1.2370	1.2374	-0.2046	1.0748	0.2585	-0.9646	0.4323	-0.0445	-1.1512	-0.6032	-0.1767	-1.0041	-1.2259	-0.8102	-1.5118	2.6424	-0.3028	0.0988	-0.0690	1.1955	-1.4069	2.1214	-0.0153	1.0341
1.3927	-1.4688	0.4347	0.9560	1.5517	-0.2222	-0.2293	-2.0838	0.5076	-0.3598	-0.3217	-0.3322	-2.0089	1.8905	1.7753	0.7799	0.7038	2.1751	-0.4125	-0.4899	1.9799	0.3245	-0.2287	1.2543	-0.2865	0.8477	-0.5334	-1.5005	0.2878	0.3199	-0.4038	0.2044	0.6834	-1.5236	0.4327	-1.5929	1.6473	-0.0153	-0.8171	0.7301	-0.3003	-0.0611	-0.0241	0.4586	1.6036	-0.4213	-0.7167	-1.1199	0.0265	0.0757
-0.0284	-0.9170	-0.4035	-0.3605	-2.1312	-0.8692	-1.1511	1.0076	-0.3725	-0.3876	-0.5932	0.3274	-0.3854	0.4435	-1.6331	0.3364	0.5098	-1.6687	-1.0356	-1.4601	0.6249	-0.6791	-0.5945	0.4540	-1.1529	-1.1972	-0.6741	-0.9866	0.4345	-0.5596	0.8760	-0.9944	1.8735	-0.6293	0.2372	0.4151	-0.1391	0.0262	-1.0733	0.2582	1.4346	-1.0589	-0.2265	-0.1506	-0.0414	1.2669	-1.6360	0.9418	-1.9267	-0.6138
0.0116	1.1023	-1.2466	-0.4382	1.0515	-0.6197	-0.6846	-0.4073	0.8234	1.5386	-0.3201	-0.4364	1.8533	1.0024	-1.1014	2.6878	0.9936	-1.7041	1.9715	1.5034	1.2540	0.5588	-1.4255	-2.3429	0.7086	0.3626	-0.3300	0.6286	-0.1169	1.1692	0.0665	-0.8982	0.2876	-0.1814	-0.4206	-1.0435	0.6217	1.5127	-0.9797	0.6040	0.4715	1.3241	1.4419	0.0172	-1.1356	-0.4053	1.2645	-0.3043	-0.3879	-0.9177
0.7557	0.1952	0.0403	0.1568	-0.0938	0.2105	-0.2335	-0.5426	0.1877	0.9239	0.8513	1.5789	-1.9148	0.4525	-0.0658	1.4879	0.5526	1.1396	0.7339	0.7052	0.9514	0.7110	1.4867	-1.9049	0.9435	-0.2759	0.0669	-0.3298	-1.0786	0.1695	0.1478	0.3308	0.0617	1.3754	-1.0925	0.3472	-0.4554	1.3119	-1.9025	1.1403	0.6240	-0.8032	-0.4426	-1.8473	1.6480	-0.1469	-0.6688	-1.0714	-0.7075	0.1047
0.7551	0.3961	1.4800	0.6404	0.5694	0.8973	0.7932	0.7086	-0.8304	1.3377	-0.8272	-0.2657	-1.5316	0.6994	1.2619	-0.3205	-0.1527	-0.1941	-0.0403	-1.7396	-0.6897	-0.5581	-1.5330	-0.6447	-0.1881	1.1920	-1.0500	0.3656	0.1201	-1.2401	0.2937	-2.7029	-0.1348	-0.9922	0.9750	-0.6707	0.6791	-0.3778	-3.6068	-2.8813	-1.1003	-0.3506	0.9745	-0.3872	-0.5605	0.2009	-0.0288	-1.6648	-1.1169	-0.0252
1.6604	1.2712	0.6879	0.1068	-0.6420	-1.0696	-1.4137	0.6853	-1.0327	1.6802	-0.3411	-0.5483	1.0402	0.8963	0.7580	-0.0781	1.6347	0.2198	-0.6599	-1.6483	1.7939	-0.0312	-0.4940	-1.1729	-0.5123	1.0852	-1.7083	0.1152	-0.0097	1.1721	0.5338	1.1276	0.1066	0.7932	-1.7927	0.3871	1.7899	0.5395	0.4475	1.0105	-0.0897	-0.9053	1.8994	-0.3041	-1.0999	1.6451	-0.6549	-0.7517	-2.0958	0.1362
1.7550	-1.1470	1.1119	0.0491	0.8248	-0.0680	-1.7179	-0.0835	-0.3950	-0.7586	2.4665	0.4322	-0.0176	0.2677	-1.6440	0.3561	-0.3438	0.2942	-1.3625	0.8346	1.2938	0.0809	1.3285	0.5879	0.8410	1.5050	0.2295	0.9740	2.3286	0.0396	-0.9268	-0.0124	1.0155	0.9649	0.4681	-2.0116	2.0828	-0.2628	-0.6288	0.4052	1.2262	-0.7058	1.3768	0.2092	-0.2751	1.1503	-0.0939	-0.9926	-0.0215	0.7356
0.0836	1.4855	-0.5362	-0.1829	-1.3811	-1.4555	0.3380	-0.7884	-1.2950	0.8579	-0.4244	0.9202	0.7402	-0.1539	0.2253	-0.7198	-1.3086	0.7703	-1.7495	0.4515	-0.6864	1.8341	-0.9944	-0.6168	-0.6222	-0.5133	0.2089	0.4118	-0.5347	0.1846	-2.4156	0.1432	0.2908	0.3802	0.2813	0.2822	-1.4429	-1.4001	1.1205	-1.0433	-1.6872	-0.0145	1.6194	-1.0518	0.9788	-0.0337	1.6530	0.3156	0.6710	0.9478
-1.6077	0.4942	1.6515	-1.5090	-1.6944	-0.1964	0.0620	-0.1883	1.0041	-0.6795	-0.2006	-0.7919	-0.8912	1.0567	-0.3837	-0.9088	0.0022	-0.4173	1.5407	-2.3073	0.3116	1.4808	-0.5932	-0.1359	0.6985	0.7621	-0.8401	-0.2130	0.8196	-1.8170	-0.1245	1.5160	0.3900	1.0876	0.8082	0.7076	2.0812	-0.0345	0.2532	-0.9171	-0.0750	-1.2386	0.4279	-1.9076	-0.1248	-0.8070	-1.2671	0.0005	0.0151	-1.3704
-0.3244	-1.7350	0.7094	-1.3207	-0.8759	0.1659	0.1760	-0.5831	0.1082	1.2068	1.3419	-0.8321	0.7413	0.4690	0.6612	0.9221	0.9950	0.2870	0.2082	-1.3572	-1.5586	0.8490	0.1808	-0.0905	-0.1549	1.0525	0.7562	-0.3748	1.5495	-0.8331	0.1425	-0.1088	-0.1421	-1.0526	0.4687	-0.7322	-1.5494	0.2998	2.4757	-1.5020	-0.5685	-0.0005	0.4388	2.6948	1.5011	-0.4971	0.4908	-1.1783	-0.6758	-0.7957
1.6661	-0.2897	-0.7071	-1.1237	-0.7105	0.3433	-3.0513	-0.8997	-0.2568	0.2896	0.5659	-0.5138	0.8486	1.7389	-1.2863	-1.1100	-0.7303	-1.4102	-0.8451	0.1959	-1.7814	0.4585	-0.6499	-0.6966	-1.8313	1.6126	-0.0786	-0.5088	1.8769	0.0337	-0.3336	-0.4299	-0.4785	-1.2916	1.9266	-0.2778	-0.9480	-0.7357	-2.2588	-0.6705	-1.2942	-1.3908	0.8795	-1.6127	1.8739	-1.2174	-1.2178	0.3595	-0.8252	-0.6161
-0.0860	1.6384	0.1098	-0.7367	-2.5710	2.3101	-0.3241	0.8393	2.6664	0.4254	-2.0966	0.2875	-1.1534	0.9566	0.0833	-0.7337	1.0805	-0.4528	-1.7197	-0.9336	-1.5811	2.1292	0.9772	0.7546	-0.0956	-0.4190	-0.1523	1.5027	-0.4954	-1.0271	2.4436	0.0462	-0.5757	1.0378	-1.9628	-0.3281	-0.4224	0.1564	-0.0802	-0.5669	1.1059	-1.1518	-1.2941	0.7991	-0.8255	0.9030	0.7852	1.9550	1.6759	0.2962
-0.5767	1.2045	1.8930	-0.5600	0.4922	1.3889	0.0818	-1.2906	-1.2978	0.1345	-0.8141	0.7704	0.5370	-0.5594	1.0803	-0.6331	-0.4399	0.8354	-0.5548	0.4809	-0.3894	2.4111	-1.3174	0.3959	0.3617	1.1010	0.2695	-0.7808	-0.0655	0.2583	-0.5140	1.8990	-1.0397	0.5320	-0.6880	0.6330	1.2289	-0.1181	-0.7150	-0.0554	-0.8560	0.0385	-0.9445	0.9879	-0.9705	-1.9314	-1.1637	0.1551	0.3358	0.3598
-1.0122	0.4488	0.5051	0.3705	-1.2059	0.6913	-1.2896	0.2087	-0.1582	-1.0438	-0.1486	2.2178	0.6891	0.1367	-2.3102	0.0922	1.0992	1.9394	0.4663	-0.4223	0.6499	1.4076	0.8215	-0.3487	0.0971	-0.7932	0.7315	-1.3770	1.2340	1.4534	-0.4134	-0.7435	0.1750	-1.7992	0.3949	0.2920	0.3134	-0.8885	0.1184	-1.3111	0.1788	-0.6386	0.8201	0.3973	0.4142	-2.0243	-0.4312	2.4120	0.3390	-1.6897
-0.2615	0.2388	-0.6310	-0.7545	-0.5874	2.5101	-1.5082	1.2768	-0.2981	-0.3010	0.3433	-1.8598	-0.4895	-1.2149	0.6547	0.1754	-0.0297	1.9479	-0.5078	-0.1637	-0.5331	0.3037	2.0043	0.3474	-0.3975	1.4942	-0.2090	1.1179	-0.0572	0.3169	0.3256	0.7262	0.3347	-0.9114	-2.1329	-0.4064	1.9125	0.8542	-0.5342	0.3392	-0.1584	1.4485	1.4400	2.6285	-0.2687	0.9445	0.4349	-0.4764	-0.1352	0.1218
0.9129	1.8521	-0.3385	-0.4131	0.1462	3.2688	0.4984	0.0529	-0.1609	-0.3761	2.1702	0.4387	0.4172	1.6136	0.0492	0.7571	0.3850	-1.2541	0.4516	1.1575	0.9296	-2.3498	1.4265	-0.5064	0.4956	-0.3345	1.3776	-0.8647	-0.9123	-0.0119	1.6280	-0.6371	0.0780	0.7319	-0.1266	-0.2554	-1.3611	-0.3061	-0.1854	-0.4423	-0.5313	0.0719	-0.3124	-0.5362	0.5907	-0.1967	0.3995	-0.6390	1.6650	-1.8717
-0.8870	0.7088	0.7350	-0.8984	0.5061	0.5777	-0.0426	0.4519	-0.5710	0.0837	0.3387	-1.0827	-0.8926	1.6262	0.0081	-0.1238	0.5972	-0.6639	-0.7999	-0.8864	-0.7442	-0.0941	-0.0800	-1.6099	2.4043	0.5620	0.0191	0.4212	-0.9137	2.0491	0.4635	-0.9805	-0.9143	-0.1460	-0.1016	0.8866	0.5134	0.7219	-0.5443	0.3325	-0.8474	1.6579	-0.9487	-0.4260	0.2332	0.0666	-0.8937	0.5735	1.1368	0.0098
-1.1920	0.2805	1.1168	-0.1540	0.3109	1.5162	-0.7082	-0.2054	-0.3343	1.0427	-1.6739	-0.3166	0.4377	1.2058	0.5184	-0.6629	0.1152	-0.4567	0.4592	-1.4221	-0.1607	-0.0981	-0.4318	3.2999	0.2307	0.0151	-0.4382	0.9142	-0.3105	0.7607	1.2988	0.3224	0.0353	-1.2604	-0.0920	0.7718	0.2176	-0.4297	0.2073	1.7778	-0.0734	-0.3513	0.0383	1.2166	-1.3760	-1.6119	-1.3594	-0.3946	-2.7910	-1.5405
1.5165	-1.2170	0.1237	-0.3613	1.3666	-0.2138	-1.8133	-0.7244	-0.8571	0.4709	-0.1101	1.1853	-1.0014	1.4778	-0.6743	0.5656	2.1019	-0.2907	-2.1266	-0.7853	0.4242	0.0839	-0.7585	-0.0578	-1.0492	0.2188	0.2724	-0.9589	-1.2761	-0.4167	-0.4861	-0.3104	-0.7808	-0.3159	0.5921	-1.3449	-0.9636	-0.5042	-0.4670	-0.5031	-1.0695	-0.6101	1.0654	0.3916	-0.4378	0.6535	0.1483	0.0268	-0.3475	-1.3070
-2.3933	1.6777	0.3173	-0.2508	-0.0312	-0.1779	-0.2147	-0.4877	-0.4890	0.9579	-1.9464	-0.5224	-1.6598	-0.8553	0.3427	-0.8699	1.8134	-0.0488	0.3642	0.5939	1.0109	0.2079	0.5140	-0.0651	-0.9513	-0.1234	0.4426	-0.6346	-1.1929	0.4161	1.0509	0.2631	0.3212	0.1951	1.2209	-0.7154	1.5123	-0.8385	0.7671	-0.1684	-0.9951	-0.2197	-0.2864	1.4710	1.3335	-0.4052	-0.1826	0.1795	0.6185	0.4630
-1.0470	1.6972	-0.1388	0.1363	0.4001	1.0733	1.5489	1.0881	-0.9550	-0.9174	-0.1678	-0.3029	0.2494	-0.4295	1.0207	0.2045	0.4410	1.4225	-0.3344	-0.0922	0.4425	-1.7085	0.4840	-0.0362	-0.3383	0.4996	0.2524	-2.4486	1.3228	0.2889	0.4528	-0.0543	-0.6263	0.9778	1.0119	-0.3944	-0.3078	-0.1079	-1.6069	0.3793	-0.7350	-1.7668	0.1693	1.7315	-1.1532	1.0093	1.5663	-0.5917	0.8544	0.5837
0.0773	-1.1932	0.8130	0.8203	0.6820	1.1058	0.2417	0.6724	0.9127	-0.2720	1.1775	0.3971	-0.0619	0.9002	-0.2409	0.2464	-1.1095	1.0722	0.0750	-1.0172	0.0282	0.0069	-1.0149	0.1491	-1.2958	-1.4625	-0.4325	-0.4107	-2.3080	-0.8504	0.8680	0.4328	1.9125	0.0646	-0.7707	-1.2361	0.0830	1.8883	1.2658	-0.0806	-0.1808	1.4220	-1.0560	-0.2854	0.3063	-1.1337	0.0546	-1.2414	-1.1502	-0.1712
1.5582	-0.3321	0.2208	0.0989	-0.1155	0.6179	1.3507	0.6851	-0.6796	-0.8647	-1.1645	-1.5572	-0.8745	-0.6958	0.0613	-0.1363	1.3024	-1.6006	-0.3848	1.2411	1.3288	-1.1532	0.6270	0.7530	0.8530	-0.8906	-1.0360	0.5219	0.0623	-0.4646	-0.5862	0.6478	-0.8160	-2.8823	-0.5542	-1.4206	-0.2658	-0.7399	-0.2820	-0.1136	1.8271	-0.0106	0.4124	0.9532	-0.3018	0.9170	0.5515	0.6742	0.8030	-1.1906
1.2022	0.0766	-0.9957	-1.1084	-0.0277	-0.8839	-0.8280	-0.4207	0.4163	-0.0155	-0.1703	-2.2360	0.0842	-0.0181	-1.0855	-1.1583	-1.5752	1.6912	0.4053	0.3611	-0.5881	-0.5267	-0.8618	-0.3152	1.6493	0.1524	0.7122	0.1800	-0.3583	2.2627	0.0668	-1.2633	-1.5426	-1.7685	0.3793	-1.3443	0.2612	-0.1964	-0.9603	-0.1348	0.2999	-1.4543	-0.2933	-0.8080	0.0773	-1.1177	1.0959	1.3738	-0.2945	-0.7215
0.4689	0.7153	0.5614	-0.0488	-2.2061	0.8461	0.1317	-1.1380	0.7951	0.2836	-1.5693	-1.0565	1.0390	1.0397	0.7736	-0.6413	0.3459	-0.1929	-1.0829	-0.8245	-0.5451	-0.1502	-0.3702	0.8937	-0.2720	0.2769	-0.2566	1.8862	-0.4713	-0.7517	-0.2233	-0.9914	0.0530	1.2914	0.8115	0.0387	-0.6330	0.7971	-0.2144	0.7896	0.1703	-2.0971	0.1598	1.1775	0.2190	0.9253	-1.8056	-1.8475	0.1369	0.0452
0.0788	0.9169	-0.3859	-0.1025	-0.7683	0.1403	0.7570	2.0777	0.4219	-0.7297	0.9385	-0.0536	-0.4328	-0.5407	-0.4420	0.5798	0.5591	0.7362	-0.8671	-0.3427	-1.2824	0.8962	-0.9518	1.5997	1.7617	-0.6139	-0.8932	1.2963	-0.7176	0.8786	0.4923	-0.6540	1.5864	-1.2237	-0.0140	2.1954	-0.4970	-0.1363	0.3223	0.0719	-1.6007	0.2210	-0.4302	1.6051	2.6983	-0.2587	-0.0019	-0.7943	-0.9130	0.3227
0.5804	0.7705	-0.9882	0.0071	-1.3787	0.8198	-0.3448	1.8493	1.4535	0.8568	0.0457	-0.2418	-1.5322	0.6260	-0.4431	0.8948	0.3537	0.7650	1.3654	1.4251	-1.8451	0.2557	0.5594	-0.8148	1.8632	0.0438	-1.2953	0.9811	2.7278	-0.5492	-0.0630	0.2643	0.7034	0.2513	0.6675	0.4079	-1.7151	2.2168	-1.2040	0.6018	-1.4144	-0.3596	-0.3606	0.4359	2.6308	-0.6898	-0.8199	-0.4983	-0.2777	0.9144
0.0796	-0.5564	-0.0748	0.5790	0.8705	-0.7908	-0.1994	0.7192	1.1495	-0.4430	2.0038	0.0598	-1.1761	0.7948	0.4262	-1.8568	0.1861	1.0095	0.9377	0.2352	0.8170	0.2970	-0.4625	0.2009	-0.2643	0.1922	1.6409	-0.3281	0.6141	-0.1920	0.0075	1.2353	-1.0188	0.5432	0.9815	-0.8416	-0.3808	1.6833	0.8359	-0.1392	0.7648	0.2576	-1.3853	1.6080	0.4930	0.6897	-0.3081	0.2617	1.5908	-0.3453
1.4318	0.7425	-1.6224	-0.8309	-1.3042	-1.1713	0.4909	-1.2356	-1.0795	-0.0056	-1.9076	-0.4087	-1.1047	0.7531	-1.0801	0.7108	-0.2453	-0.9171	-1.0150	-1.3397	0.2377	0.2907	-0.1507	-0.2021	-1.0045	0.6996	-0.5403	1.0264	2.0004	-1.4689	-0.7695	0.9970	0.8866	0.3076	0.5907	-0.0163	0.2713	1.2049	0.3573	1.3215	2.1308	1.4522	0.7506	0.5459	1.1275	-0.4086	1.4405	-0.4516	-1.1108	-0.1629
0.3430	-0.8700	-0.9331	0.4010	0.6981	0.7155	0.8169	0.3013	-0.7469	2.1879	-2.2504	0.0685	0.3773	-0.8746	0.6292	2.9896	-0.6042	-0.8757	0.5729	1.5451	1.4679	-1.1946	1.8304	0.5385	0.3972	0.5531	-0.1367	-1.1489	1.1173	-0.4221	-1.8862	-0.3888	-0.5319	-0.0678	0.9421	0.5909	0.0375	2.5694	1.4927	-0.4350	-0.6115	0.5484	1.2436	-0.9127	1.0909	1.5257	0.2233	0.2749	-1.0093	1.5804
-1.7358	-0.2073	0.9656	1.3269	-0.8361	-0.9479	-0.5911	-0.2803	-1.6155	-0.3008	0.8598	0.5942	0.6231	-1.8487	-2.3057	1.2814	0.1611	-0.7963	0.3730	1.0030	0.7909	0.6280	-0.9364	0.1900	-0.7080	0.2535	1.6955	-0.4121	1.3938	-0.3384	0.9470	-0.4817	0.6103	-1.1073	-1.3367	0.1390	1.4557	0.2182	0.9689	-0.3547	0.5090	-1.6926	-0.4308	1.1839	0.1983	0.5575	0.8715	1.3103	-0.1795	-0.5144
-1.7461	-0.6822	-1.1208	0.8292	-1.0703	0.9277	-1.6937	-0.9153	0.7195	0.4719	0.3267	0.8294	-2.0906	0.6685	0.1308	-0.4068	1.2417	-0.5717	-0.0016	0.1096	-0.6098	-1.0428	0.8731	0.8329	0.6874	-0.7974	2.0606	-0.6607	0.7567	0.2802	0.1590	-0.8753	-0.7290	-0.5035	-1.0370	-0.5326	0.8797	-1.5161	0.9195	0.2784	1.2027	0.4978	-0.4560	0.2043	-0.0116	-1.8157	0.2700	0.4288	0.3417	-0.9635
-0.8464	0.8103	0.5839	0.0685	0.4331	-1.3084	1.4809	-1.7824	-1.3507	0.4563	0.3961	0.5412	0.4297	0.3342	0.1745	1.1748	-1.1089	0.2084	1.1080	0.6605	-0.0714	-0.0364	-0.7566	1.9826	-0.5489	0.5513	-1.9438	1.1383	-0.5435	-0.7645	0.4967	0.0326	-1.7879	0.5724	0.9270	1.1753	0.2351	0.5373	0.6943	1.3169	-1.2694	-0.0870	-0.0639	0.5522	-1.2651	-0.4801	0.2501	0.2298	0.2920	1.5662
0.0138	-0.6408	1.6755	-0.8944	0.2770	0.2770	1.2108	-0.3553	-1.7807	-0.0132	1.2974	-0.1665	1.4999	-0.5832	-0.8945	-0.1964	1.1010	-0.7255	-0.1855	-0.1696	1.2476	0.2199	-0.4914	-0.3351	1.2175	-1.3159	-0.2048	2.2758	0.6171	-0.4614	-0.8438	1.1366	0.5111	0.7658	0.9809	0.8983	-0.2343	0.9270	1.5184	-0.9565	0.0785	-0.3023	-1.5412	-1.2507	0.6790	0.4686	0.8970	-0.2634	-0.8193	-1.2268
0.0670	-0.6513	0.8029	0.1293	0.3069	-0.1047	1.0972	-0.7895	-0.4841	-1.1261	0.0673	-0.5298	-0.4559	0.3003	0.4714	-0.3066	-0.7856	-0.0850	-1.8950	1.4392	-0.9113	0.2613	-2.3478	0.6652	-2.2951	-0.1764	0.4897	1.4275	1.2487	-0.0285	1.7680	0.8505	-1.4080	0.9803	1.1652	0.6332	1.1497	1.1590	-1.0029	1.3242	0.0233	-1.7996	-0.1128	-0.4882	0.7967	1.0806	0.7888	0.2956	-0.4627	-0.2842
-0.4695	1.3037	-0.0749	0.4654	0.0841	-1.6429	0.5609	1.5500	-0.2308	-0.6128	0.3082	1.3709	-0.5790	0.1269	-0.7101	-0.4283	0.3417	-1.6528	-2.8105	-0.3944	0.5368	1.6477	-0.8601	0.7813	-0.9045	-0.8128	-1.2633	0.5625	-0.7541	-2.0610	0.8539	-0.1866	1.2822	-0.0069	0.1202	-0.8068	0.2411	0.4891	1.2597	0.6603	-0.4897	-0.2546	-0.4105	-0.0681	1.1236	-1.1022	0.0562	0.3216	-1.2085	-1.8632
-0.7759	-0.6605	-1.1524	0.1325	-0.9288	-0.0795	0.0771	-0.5201	-2.7942	-1.7222	-1.5483	0.0285	1.1217	0.2139	-1.4961	0.5843	-0.8464	-0.2034	0.6361	-0.6044	0.4099	1.1368	-0.3132	-0.0920	-0.6232	-1.2660	-0.5119	-0.6066	-0.1484	1.1403	-1.3508	0.2248	0.4247	-1.1597	-1.4764	1.5406	1.0629	0.5242	0.4304	0.3861	-0.1915	-0.3400	-1.1388	-0.2366	0.1733	0.0563	-0.8570	1.1178	1.4370	0.9904
1.1502	-1.8248	1.1547	-1.7459	0.7051	1.5987	-0.1177	0.9965	-0.2025	1.8638	-1.3068	1.3378	1.0023	0.2168	1.1156	-0.1504	0.3790	-0.3388	-0.0900	0.8446	-0.8444	-0.6632	0.5081	-1.0709	0.6568	-0.8559	-0.3905	-0.0819	-0.7802	-0.8552	0.1876	0.2771	-0.5185	-1.7056	-1.0796	-1.1419	-0.5582	0.1607	-0.6105	-0.8507	1.0514	0.5313	-0.5950	0.2106	0.6213	0.1160	0.2636	2.3613	-0.2799	-2.4430
-0.3921	2.1313	1.9794	-0.1578	-0.5662	-0.9800	0.2425	1.7853	0.0751	1.8618	0.3207	-1.3778	-1.1005	0.2625	-0.1480	0.3689	-0.2493	-0.1891	-0.4551	-0.5956	-0.1911	0.6155	0.8847	-0.7073	0.6251	0.2027	0.7907	0.2151	1.6023	-0.3841	-1.6634	1.2593	-1.7311	1.1270	-0.1426	0.1661	-1.4036	-1.4246	0.4145	0.6921	0.2081	0.2571	0.0411	-0.1906	-1.1912	1.0340	-0.8154	-1.2917	0.7861	0.8495
-2.3119	-0.5196	-0.6713	-1.4316	0.0631	0.9594	1.9794	1.1333	-1.0202	1.8845	1.1705	-0.0464	0.3128	-0.4469	-1.2848	0.8809	-1.6386	-1.6718	-0.3351	-0.0678	0.4366	1.0365	0.8456	-1.1682	0.3585	0.5712	-0.7728	0.9606	0.2861	-0.2913	0.0236	1.4660	0.1637	-1.3833	0.8312	0.3503	0.1794	1.0463	0.6218	1.3089	0.3315	1.4601	0.7495	-0.3575	0.1193	-0.7240	0.5660	0.5587	-1.5404	-0.3531
-1.6783	1.5098	0.9660	0.6237	1.0853	0.7685	0.0219	-0.5105	0.5141	0.0874	0.3991	-0.2495	-0.3139	0.3483	-0.8447	0.4458	-0.4595	0.0295	0.6436	-1.1823	-1.4353	0.3583	-0.4224	0.2466	2.4354	-1.6515	-0.1878	-1.8145	1.5110	-0.4249	1.1117	-2.1010	-0.4279	0.6443	2.4597	0.3404	0.4612	-1.0352	-0.6170	0.5498	0.1721	0.7532	-0.6254	1.8206	2.3327	-0.4887	0.8455	0.7666	-0.5885	-0.2641
-0.3520	-1.5536	-1.3917	0.1113	0.6316	0.3117	-0.9188	0.2642	-0.5401	0.4129	1.0665	0.1081	0.0046	-1.7519	1.2903	-0.1981	-0.3538	0.4401	-0.7153	0.4748	-0.9706	-1.6243	0.6962	-0.2980	-1.5201	0.8391	-0.1975	-0.6089	-2.0450	1.8744	0.4181	0.4692	0.9689	0.4367	-0.7872	0.6178	0.4887	-0.6636	-0.2464	0.1547	0.0874	0.5090	2.5754	1.7892	0.9937	-1.6144	0.9174	0.6578	1.9839	-0.9840
0.4955	-1.0296	0.9857	-0.5216	0.3488	-1.5805	0.0213	-1.2923	-0.4564	-0.9107	0.8440	0.7040	-0.6388	0.4018	0.4205	0.8231	-0.2859	0.7726	-1.5987	-0.5314	0.1458	-1.1864	0.3059	0.4586	0.0183	-0.6312	1.8877	0.5003	1.2573	-0.0725	-0.9908	-0.1883	-1.2734	-0.7795	-0.5354	-0.2917	2.3177	-1.4780	0.6148	-0.0428	-2.0409	0.9531	0.5997	0.3210	0.3174	1.0788	-0.1599	-0.2407	2.6292	0.6312
0.3994	1.0189	-1.0562	0.8154	0.2469	0.4920	0.8375	-0.8503	0.0008	0.2039	-0.9975	-0.3771	1.6313	1.8018	0.7863	-1.3395	-1.0466	1.1630	0.8438	-0.1778	-0.6288	0.1264	-0.9795	0.4831	0.3315	-0.3235	-0.4817	-1.4476	-0.7227	-0.7182	1.0212	0.8306	-0.1896	-0.1772	0.0165	-1.3232	-0.4580	0.9183	-0.4423	1.2710	1.5713	0.0084	0.4424	-1.7952	0.6204	-0.1637	0.7801	-0.1438	0.0793	-1.0537
-0.0318	-0.8709	0.2139	0.1913	0.0308	0.2033	0.4331	0.4968	1.9232	0.5483	0.3751	-0.6811	0.1781	1.2763	0.0037	0.7506	0.4436	-0.5462	-0.3348	0.0897	-0.7124	-1.3260	-0.3583	2.0329	1.1436	0.8695	-0.7762	-0.2905	0.7596	-0.6850	-0.0049	-1.3978	-0.4971	-1.0365	1.7342	-0.3354	-1.6944	0.1539	0.8053	-0.8080	-0.6859	-0.4483	0.8872	0.2057	-0.4204	0.6606	-1.9115	-0.1359	-0.7247	-0.5312
0.9379	-0.1915	-2.2391	-0.4269	0.5296	-0.7028	0.5669	0.5568	-0.2081	-2.6442	0.5912	1.3545	0.3217	1.3877	-1.6888	0.2121	-0.4094	-1.0238	-0.2431	0.3323	0.8870	-1.0627	0.2845	0.0144	1.5438	0.2108	1.8017	2.0440	1.4705	-0.8848	2.1416	1.6088	-1.0322	0.2691	0.9011	1.1367	1.2364	1.7305	-0.3378	-0.4844	0.2456	-1.0369	-1.9060	0.7257	-0.8009	0.0599	-0.1317	-1.4360	-1.2364	0.7798
1.1352	1.8449	0.1563	0.6348	0.8526	-0.1720	-0.2432	-1.2288	-1.8905	2.2935	0.7117	0.0651	-0.5757	-0.1356	-1.5865	-0.8991	-1.3763	1.1599	-2.7681	0.8406	-0.2485	-0.5328	0.5738	-0.4940	-0.5608	-0.7258	0.5523	0.1988	0.8228	2.0735	0.0319	0.2586	-0.0829	-1.2703	-0.2641	2.1268	-0.0657	-0.1158	-1.3216	0.7766	0.7372	-0.6175	0.0228	-0.9602	0.0126	-0.5339	-0.2243	-0.3712	-0.1812	0.4302
-0.0280	-0.5751	1.3142	-0.4291	-0.5150	0.2207	-0.0001	2.3527	-0.0121	1.2249	-0.2933	0.0257	0.9822	0.1386	0.3339	-0.3351	-0.3181	0.0412	1.0655	0.9953	0.1285	0.2747	0.0639	0.5531	-0.3404	-1.2009	-1.8540	0.6627	-1.0228	0.5506	0.0465	-1.5128	-0.7618	0.4169	0.8394	-1.0861	2.2034	-1.4497	-0.8616	0.1621	-2.0693	-2.1559	-1.8846	0.5331	1.8496	1.5860	1.4062	1.2692	-0.7982	-2.0194
-0.6591	0.2116	-0.5733	0.9531	-0.8670	-1.0387	2.1152	-0.5710	0.6807	-1.0866	-0.8753	0.9198	1.8081	-0.8170	-1.3476	0.0175	0.0126	0.4232	0.8351	0.2973	0.9068	-0.4042	-1.2635	2.5041	0.6347	0.4946	-3.3439	0.2500	0.2342	-0.7556	-1.6132	0.3194	1.5594	-0.9367	1.2034	-1.2250	-2.1944	1.6917	0.2238	-0.2944	-1.6583	2.0619	0.1241	0.0573	-0.3691	1.4122	1.9224	1.5124	0.0904	-0.5390
-0.1541	0.4396	0.4733	-0.0443	0.7173	1.4308	-0.4666	1.8317	-0.3331	-1.0136	-1.4643	-1.3071	1.4019	0.8685	-0.2176	-2.1624	0.4229	1.2901	0.5018	-0.0516	1.0511	-0.4303	-0.2453	-1.7371	2.3651	-0.5322	0.7233	0.1413	-1.5676	0.8198	0.9109	-0.6120	2.2731	-0.2476	-0.6311	-0.0768	0.0851	0.6274	-0.7106	1.6144	-0.6551	-1.9546	-0.2975	0.0018	0.1174	0.5757	-0.0367	-0.8899	-0.6062	-0.1835
0.4133	0.4894	-1.4062	0.5421	-0.3997	1.0727	-0.1758	0.3994	-1.6900	0.0016	0.4045	-0.9179	-2.0524	-0.4757	2.8061	0.2875	-0.6805	0.5398	-0.0941	0.8473	-1.7839	1.1025	1.3582	1.4248	0.3223	-0.8215	0.3520	-1.2838	-0.3634	-0.4556	0.8962	0.0579	0.1242	0.2625	-0.2292	-0.7582	-0.3330	1.3916	0.2788	0.1712	-0.3013	-0.3340	1.3639	1.5983	1.3653	0.9207	1.6876	-0.6326	-0.7535	0.5654
-1.5451	1.1141	-1.3483	0.6480	-0.6842	-0.6169	0.9036	0.6290	-0.1829	-0.6504	-1.7334	1.4168	1.6483	-0.4845	-1.5115	0.9476	-1.8659	0.8832	0.3802	-0.2146	0.2826	-1.1509	-0.5297	-0.5368	1.1447	0.2906	-0.0676	-1.7359	-1.2860	0.3797	-0.1269	-0.3486	0.5071	-0.0183	-0.2394	-0.7454	-0.8478	-0.0375	0.8974	0.3964	-0.1554	1.6231	-0.3131	0.5565	-1.6446	0.0977	0.3407	1.7474	-1.3084	0.0313
-0.6851	-0.4130	-1.2269	0.1590	-0.8161	-0.6795	0.2078	-0.3347	-0.2365	1.5430	-0.8911	-0.2383	-1.6509	-1.6838	0.6528	3.0327	-0.2584	-0.7462	-0.6912	1.7375	0.3769	0.8092	-0.1804	0.1866	2.2109	1.0364	0.5105	1.5671	1.9288	0.3015	-0.3672	0.9254	1.8933	1.8367	-1.1227	-1.7548	-0.1425	-0.3634	1.4574	1.1093	0.5028	0.3117	0.3996	1.6953	-0.9962	-0.8016	-0.6270	0.0073	-2.1092	-1.8520
0.4962	0.5761	-0.2059	2.4460	1.2843	-0.7955	0.3456	-0.7838	0.5124	0.2300	-1.5613	-1.1185	-0.8798	-0.2575	-0.0506	1.0473	-0.5992	-0.2760	-0.0767	-0.2866	0.4138	0.3790	-0.4966	1.4447	-0.5048	-0.3210	1.3983	-1.5539	-0.0740	0.7294	-1.9421	-0.8958	-1.1226	-0.5399	0.1635	1.5218	-0.6405	-1.6277	0.4302	0.3291	-0.2373	0.4297	0.1469	-0.1012	1.0908	-0.0671	1.7148	0.2866	0.6241	-0.2320
-1.4358	-2.0700	0.2531	0.6722	0.2375	0.1790	-0.4909	0.5146	3.1713	0.4600	0.9020	0.0736	0.0110	-0.1478	-0.2988	1.0678	-1.5253	1.2506	-0.3674	-0.4120	1.2849	1.8326	-0.5978	-0.5513	1.2915	1.3057	0.6050	0.2628	-0.6093	-2.0302	1.1193	-1.7337	-0.0886	0.5292	1.7037	4.2832	0.5754	-2.3774	-0.9235	0.2954	-1.7185	-1.4129	0.8380	1.3094	1.4725	-0.7935	0.2518	-1.3569	-0.1583	-0.9820
-0.9877	0.1581	0.7637	0.3102	1.4058	1.2872	1.3248	-0.1989	0.2247	-1.9559	-0.4136	1.2355	-0.4124	-0.4130	0.6124	-2.3174	0.4119	-0.3470	0.2685	-0.4579	1.4427	-0.1372	-2.5615	-0.4609	-1.1009	-1.1774	0.8633	-0.9232	0.3259	-0.6735	0.3573	0.3787	0.9814	1.5379	0.0101	-1.6746	-1.3203	0.3133	0.7036	0.9392	-0.4814	-0.3332	0.7209	-0.9966	0.0930	0.8194	-1.5041	0.5047	0.0170	-0.8776
-1.7059	0.9627	-0.0412	0.3382	-0.1061	0.5270	-0.2867	-0.2789	0.0961	1.8586	-0.8109	0.8528	-0.0990	0.3382	-1.3348	-1.1795	-1.1760	-0.9346	3.2677	0.6997	1.2215	-0.0283	1.4301	0.2819	-3.2092	-0.2007	0.5344	-0.5885	1.6047	0.0266	-0.3806	0.5134	-0.7621	-1.5123	0.7420	-0.6512	1.4444	0.3244	0.8195	-1.1900	-1.1571	0.5173	-1.7213	0.1717	1.6986	-0.6386	-0.8916	-1.0230	-0.7435	-1.2059
1.0035	0.2714	0.0298	-0.3402	-2.2846	-0.0536	-0.7335	-0.8017	2.8843	-0.7907	-0.9809	1.3783	-0.4264	0.5341	1.1783	0.9505	1.4037	0.1439	0.2067	0.7487	-1.1426	-0.3578	-0.5608	-0.5311	0.8503	-0.4130	-0.7023	0.1045	1.0719	0.0009	-0.5342	1.7291	-1.0990	-0.7295	-0.1743	0.3451	-1.2822	-0.5037	-0.5332	-0.7814	-0.2500	0.6569	-0.9812	-1.3705	0.4985	0.3335	0.3109	-0.1043	0.0043	-0.3264
0.6824	-0.1704	0.8936	1.5267	-0.5743	-0.7676	-0.9035	-0.0626	-0.6277	0.7143	-1.0551	-0.1977	-0.2958	-0.2738	0.1169	-0.1378	-0.0034	-0.3558	0.9265	-1.2480	-0.4881	-1.4596	0.1483	0.2213	0.1103	-0.7029	1.1658	0.8211	0.1355	-0.8115	-0.6895	-0.3077	0.8382	-0.1302	-2.8784	-0.1774	-1.3346	0.7237	0.4040	0.5321	-1.1990	-0.0142	-0.6502	0.5273	0.6466	0.9177	-1.1077	-2.4024	0.8298	-0.3822
0.5133	-0.9836	-1.9767	1.7569	0.7393	-0.5744	0.8351	-0.0629	-0.5919	1.4875	-2.7010	0.1711	-2.1850	-1.3208	-0.8934	-0.4543	0.8261	1.2704	1.1991	-0.0013	0.9607	-0.3542	-1.6013	2.5122	1.1517	-0.1246	-0.4554	0.0632	-2.1437	0.6944	0.5221	0.8767	-0.0410	-0.4003	-0.1530	1.4893	1.7162	-1.2374	-0.2959	0.0366	0.5259	0.8217	-1.3846	-0.6171	-0.5189	0.9030	0.3839	-0.0565	1.1919	-1.2043
0.8012	0.0558	-0.2372	-0.9361	-0.0777	-1.3454	-1.2677	-0.5382	-2.0691	0.4689	1.9336	-0.2785	-0.7653	-1.3645	-0.3550	1.1494	0.1470	-1.0154	-1.2896	0.2991	1.8519	-0.5303	-0.2354	-1.2976	-1.2293	-0.6425	0.8538	0.3241	1.5450	0.5407	-0.2779	-0.4362	-0.5087	-0.0402	-0.5394	1.2725	-0.5282	0.1252	-2.0946	0.8948	-2.0128	0.2007	-0.5173	-1.0352	1.1408	-1.0558	0.4629	0.1328	0.4806	-0.3691
0.6433	-0.6043	-0.3764	-0.4823	-1.5556	-0.3453	1.4508	-1.9298	-0.3611	1.3594	0.3553	0.1904	0.6419	-0.2099	-0.4617	-1.6608	0.1809	1.1469	-1.0044	-0.2943	-0.2754	0.5381	0.5420	-0.5328	0.9684	-0.4486	0.8287	0.8208	-0.5815	-0.1439	-0.3338	-0.4475	-2.1200	-0.9135	-1.4241	-1.0624	0.4720	-0.9219	0.5018	1.2161	1.3977	-0.5647	-1.2774	-0.4362	1.0593	0.2018	-1.0520	1.4424	0.0337	0.3958
-2.7626	0.6135	0.1245	-0.2848	-0.8842	-0.1910	-0.4942	0.8492	-1.1808	0.8460	0.4059	0.1130	-0.3402	-0.1388	0.3707	1.0010	0.7188	0.7182	-0.7519	0.7478	-0.7610	2.0776	1.3136	1.0210	0.6908	-0.5908	1.4454	1.2061	0.5860	2.3112	2.0377	1.2637	-0.8794	0.6129	0.1143	-1.6704	-1.2359	-0.3672	0.1728	-0.0484	0.3275	-0.2500	0.6967	-1.3691	0.8587	0.3916	-1.3251	0.1406	0.8125	-0.0524
0.4161	-1.2861	-0.1956	-0.9261	-0.5169	0.1319	-1.1268	0.6774	0.5453	-0.3161	-1.5662	0.5764	-0.7557	0.4743	-0.2905	0.0318	0.9480	-0.6304	-1.2417	0.5138	1.2206	-0.5973	0.0848	-1.1317	0.5594	0.2376	1.4961	0.1312	-0.7961	0.1184	-1.6401	0.0919	0.2675	-0.0202	0.0927	0.1118	1.1907	-1.2924	0.8606	1.8263	0.1954	-0.1242	1.0256	0.0072	-0.5326	-1.5831	-0.0277	-0.1682	0.3949	1.3460
0.0522	0.4301	-0.9246	0.6132	1.5486	0.5698	0.0168	0.4730	-0.4160	0.0728	2.0378	-0.7420	1.1852	1.2523	-1.4601	-2.1597	-0.9067	-0.7659	-2.3182	1.1060	-0.0268	0.8216	0.7129	0.9597	-0.2539	0.0637	-0.0097	-1.6981	-1.3258	-0.2999	0.4146	1.1313	-0.6596	0.0330	0.3841	1.6592	-1.9491	-1.9642	0.4970	-0.9260	1.2656	0.6520	1.0983	1.7023	0.8520	0.4561	-0.9668	0.0499	-1.0117	-3.1565
1.1234	-1.8442	-0.6448	-2.5866	0.2788	-1.4138	0.1239	0.9511	-0.7388	0.5151	-0.3715	0.0981	1.1689	-0.6611	-0.3405	-0.4271	-1.4277	-0.5921	1.0794	1.7127	0.5315	0.7279	1.1063	-0.3125	0.1970	0.8569	-0.9607	-0.1554	-0.3045	-1.7120	-0.9508	-0.9217	0.2705	-0.4561	0.7240	0.6239	0.0186	-0.4439	-0.3240	1.5822	-0.8166	-0.7271	0.4499	-1.3162	0.3016	-0.6759	-0.8136	-0.6190	-0.2727	-0.8922
-1.3459	1.9503	0.4549	-0.9765	-1.1969	1.8848	0.4866	2.9433	0.3983	-1.1079	-1.0575	-1.3822	0.8030	-0.9060	-1.0570	-1.3462	0.6809	-1.1777	-0.6140	0.6430	-0.5286	-1.7041	1.2862	-0.6575	-0.6589	1.5716	-1.7245	1.1950	-0.7749	1.1520	-0.9390	-0.3355	0.1356	0.7494	-1.1186	1.4246	-0.4053	-0.7202	-0.2755	0.3295	1.5797	0.8414	1.7363	-1.1441	1.8851	-0.4585	-0.2717	-0.0191	-2.4304	1.2118
-1.8116	0.9739	-0.3073	0.1702	-2.0205	-1.5477	0.0100	-0.8945	0.1888	0.7871	0.3508	0.4974	1.1623	-1.2316	0.6649	0.3225	0.7462	1.4253	0.5432	-0.1392	-0.7478	-0.0106	-0.4832	-1.4820	0.4201	0.3670	1.1276	-0.0936	-0.1460	-0.4948	0.8646	-0.2005	-1.2242	0.8082	0.1905	-2.6447	1.0275	-0.0414	0.7775	-1.1127	-0.1301	2.1873	0.4944	-0.8344	-0.3737	-1.2356	2.9974	-2.0158	0.8862	0.9887
-0.1098	-0.8448	0.7938	0.8734	2.6393	0.5672	-1.0538	0.3278	-0.0055	0.0585	-1.3025	-1.0558	-1.2634	-0.1562	0.5994	-0.9197	-0.1492	-0.4841	-0.2492	0.1475	2.2110	0.1145	1.3972	0.5894	-0.6415	-0.1977	-0.1041	-0.8950	0.8842	-0.6948	-0.6256	1.0652	1.3690	3.0442	0.0186	-0.8533	-0.2956	1.2119	0.1617	0.1588	0.5167	1.4665	0.8699	1.2598	-0.8502	0.4380	-0.5280	-1.6596	1.0364	-0.8971
-0.9750	0.5134	0.8622	0.6737	-0.1592	0.4901	-0.0928	1.1812	-0.0216	0.3574	-0.3527	0.4927	1.5243	0.2677	-2.8804	-1.3071	0.3195	-0.7521	-0.0150	-1.0014	-0.5802	0.1461	-0.7355	-1.1708	-1.4901	-0.1510	0.2100	-0.0950	-0.9627	-0.5663	0.4487	0.3312	-0.0350	0.4772	0.5310	-0.0389	-0.7985	1.2569	1.5649	-0.8156	-1.8979	-0.0320	0.3375	-0.8672	1.2391	0.0987	-0.4154	-0.9458	-0.5488	-0.1222
-0.2576	-0.3624	0.9353	-1.0323	0.5104	-1.6374	0.2849	0.9567	1.4507	-0.4106	0.2116	-0.7160	1.4548	-0.3002	-1.7378	-0.3466	0.6194	0.5273	0.1419	-0.0501	1.4182	0.4503	0.1862	0.2943	-0.8560	-1.0621	-0.0629	1.0857	2.2427	-1.0228	1.1022	0.1037	1.2087	-0.0045	0.3974	0.2995	-0.0769	-1.2044	0.4159	0.4208	0.6172	-2.0035	0.0886	-1.1595	1.3033	-0.6539	0.8474	0.1626	1.5646	-0.7970
0.8919	-2.3625	0.4993	0.0327	0.1650	1.2419	-1.1646	0.6273	-0.6078	-0.4529	0.6552	-0.4116	-1.1695	-0.5358	-0.5968	0.8781	-0.0318	1.2231	-2.0649	0.5932	-0.6014	1.7444	-1.2748	1.2050	-0.8541	-0.3827	0.7550	-0.3122	-1.7736	1.5832	-0.8270	-0.2138	1.0551	0.2004	-0.8362	1.5376	-0.0488	1.2862	0.4197	1.3360	-1.4069	-0.5492	0.5128	-0.7804	0.8371	-0.0327	-0.5290	-0.7069	0.6388	0.0584
-1.0102	0.2296	1.7793	1.2686	-0.0327	-0.9961	0.9819	1.7449	-0.4507	-0.9272	-0.0628	-0.6643	-0.5893	-1.8671	-1.2668	-0.7028	-1.1700	-0.6187	-0.1822	0.0363	0.2196	-0.4090	-1.3690	0.3309	1.1304	-0.9472	0.1627	0.0911	0.6843	1.2406	2.3912	1.0828	-0.1122	0.1340	-1.2966	1.2287	-0.9642	-0.4305	0.0652	-1.4385	-0.2761	-2.9237	-2.2204	0.1677	-0.0263	-0.2571	0.1733	0.4468	1.7099	0.9671
-0.4309	0.9182	0.7030	0.4338	-1.1859	-0.1013	-1.5973	-0.5421	0.6558	0.4600	0.1889	1.4654	0.5611	0.2929	-1.5517	0.4783	-3.0915	1.0040	0.7901	-0.7586	1.0163	0.0222	0.7293	0.8776	-0.8706	-0.4451	1.6224	-0.7259	0.7266	-0.7144	-1.2725	0.0322	0.3341	-0.0460	0.5288	-1.1897	0.0753	-0.1199	-0.1047	-1.8784	-0.9138	-1.3629	-0.9383	-0.6492	-1.0114	0.4177	-1.0730	-1.1800	-0.1603	-0.1443
-0.3489	-1.5799	-0.2507	0.8784	-2.5676	0.8660	-1.4811	-0.1091	-0.7695	-0.0848	-2.3642	0.3338	0.5646	-0.6483	0.4788	0.4355	1.1812	-0.2653	-0.0294	0.6726	0.4341	-0.3010	2.1304	-0.9458	-0.9257	-0.9497	-2.4260	-2.4455	-0.7975	1.7173	0.7964	-0.1919	-0.0817	0.6632	0.3238	-0.5676	0.0655	-0.6423	-0.1176	1.3674	-0.4640	1.0914	-0.6624	-0.8114	0.5749	1.2352	1.7416	-0.6680	0.7286	-1.1031
-2.3070	1.0372	-0.3896	-2.5610	0.8383	-0.2084	0.3219	2.3435	1.4730	-0.5519	0.4321	0.3295	0.2595	-1.6022	1.3704	-0.4685	1.3517	-0.6337	-0.1403	-0.4671	-1.6842	1.4709	-0.1284	1.5978	-0.8812	-1.3705	0.8244	0.1423	-0.0373	-0.2438	1.5757	-0.7455	-0.6749	-0.4788	-0.3563	0.8769	-1.3117	0.3946	0.8276	-1.1315	-0.0183	0.7869	-1.1717	-1.1723	-2.0146	0.3527	-0.2044	-0.8510	-0.4414	-0.6311
-0.4719	-0.5195	0.1533	-0.7442	-1.0722	0.1248	0.9086	0.4528	1.6824	1.4628	-2.0407	-1.1414	0.0393	1.1291	-1.7289	0.1446	2.4985	-0.1334	0.1181	-0.1892	-1.2971	0.7288	0.1160	0.0936	0.4349	0.8417	-0.2228	-0.0841	-0.4997	-0.8426	0.3644	0.7221	-0.5613	-0.6781	-0.6521	-1.7663	0.1098	0.8140	1.2320	0.2410	0.2228	0.0768	-0.7085	-0.2726	-1.2504	1.2647	0.0970	0.0333	-0.1661	0.6284
1.1440	-1.3735	-0.8813	-0.4813	-1.9260	-1.0728	-1.0509	0.3831	0.2615	0.4054	1.6076	-0.0655	0.2026	-0.2150	1.0441	-0.1860	0.5324	-1.9328	-0.7539	-0.4458	-1.0941	1.8709	0.1530	0.9802	0.9261	-0.3804	-0.0283	1.9587	0.6782	0.9375	-0.3099	0.0212	0.2730	-1.3003	0.5693	1.0714	1.0212	-0.4406	-0.2496	1.1087	-0.1704	0.1306	1.8824	-0.3759	-0.2658	0.8082	0.1933	0.8547	0.6778	0.0723
-0.3522	-0.2291	-0.2615	0.3449	-1.2467	0.1921	0.5834	-0.4634	-0.9364	1.4423	-0.7259	-2.2270	-0.1374	0.8959	0.1333	0.6898	0.9190	-0.0575	0.1273	2.3780	0.9405	1.3750	-0.2358	-0.6255	-0.1560	-1.1368	-0.8130	-1.3490	1.0225	-0.3510	0.6844	0.3693	-0.7026	-0.5937	2.2879	1.0184	0.1073	-0.1117	1.2656	0.5127	-0.2267	-0.8190	0.1068	-0.5868	-1.8476	-0.6140	-0.2566	-1.1664	0.6909	0.3219
1.2137	1.0204	0.1917	-1.9216	-0.6769	0.4906	-1.7541	0.6640	0.4067	0.4781	-0.8563	0.1502	-1.5568	-1.4480	1.0824	0.3119	-0.0241	0.4979	-0.5855	-0.4999	-0.5177	-0.0581	1.6524	0.1984	1.2310	-1.7768	-0.1651	1.1412	-0.0548	1.7601	-0.8602	0.5013	0.3758	0.3100	-0.2514	0.5715	0.6054	-1.5758	0.4855	0.5063	1.4036	-1.9583	0.4839	0.9464	0.1388	0.2411	0.7276	2.3218	1.5766	0.1154
-1.0428	1.3357	0.2026	0.3455	-0.5369	0.2961	1.2949	1.2409	-0.4755	-1.1111	0.0718	0.3712	-0.1763	1.4382	0.3763	-0.0745	-1.2952	-0.1463	-0.1475	0.1344	0.4552	0.5534	-1.5247	-1.8714	-0.7942	0.1331	-0.8574	0.1483	-0.6933	-0.3651	-1.3024	1.3043	0.4576	-0.7539	-0.2938	-0.5741	-0.2387	-0.3047	2.0407	0.1093	0.1577	1.2503	2.8435	1.8938	-0.6974	-0.5486	0.0525	0.6909	-0.8567	0.5296
0.3170	0.9165	1.8972	2.2292	0.4218	-0.7017	-1.0881	0.5888	-0.7148	-0.4487	0.2102	0.3080	0.5230	0.6089	0.5139	-0.0185	0.7086	-1.0219	-0.7900	2.1096	1.5014	-0.6219	-1.5398	-1.6512	1.1004	-0.4250	0.9341	0.6457	-1.6350	-0.7698	1.0273	0.5042	2.4944	-0.2924	-1.1749	0.0555	0.1202	-0.5129	0.0429	-1.2683	-0.5130	-0.1551	-0.7380	-1.2157	-0.0090	0.1929	0.0883	-0.1583	-0.4754	1.0240
1.1173	1.3176	-1.7049	0.7840	0.3067	-0.9010	-1.3612	1.5151	0.7611	1.0304	0.6304	0.0133	0.1009	0.1475	-1.5817	-0.0984	1.8022	1.3309	-0.7578	-0.4561	1.5950	1.0347	1.6805	-1.4355	0.7042	-0.2687	-1.2163	-1.2563	-0.0199	-0.6704	-0.9819	-0.7410	-0.8210	0.0337	-1.2920	0.2031	-0.5863	-0.5312	0.5586	-0.5960	-0.0242	-1.2649	-0.4035	-0.2014	-0.0300	-1.3246	2.4211	0.3644	-1.1036	2.3068
-0.1916	0.0320	1.8426	0.2869	-1.2221	0.9543	0.1296	-0.0091	-1.8543	0.2382	0.7771	0.3461	-0.0054	0.6483	1.6493	-1.7044	-0.9355	-0.7726	0.2094	0.3372	1.5320	-0.9441	-0.0603	0.8689	0.7682	-0.9050	1.8443	0.2849	-0.2664	-0.8018	0.9601	-0.0545	1.0659	1.4188	-2.0932	0.5705	-0.5074	-0.2242	1.1336	0.4545	0.3898	0.4097	-0.3111	1.5076	0.5479	1.2944	0.2825	-0.3483	1.5357	-0.7430
1.0514	2.1593	1.0052	-0.7755	-2.7386	2.7418	0.0680	-0.6828	0.8279	0.6498	-1.3005	0.9135	-1.5058	0.0731	-0.3820	-0.7145	0.4721	-0.1046	0.0077	-1.1212	-0.6051	0.4783	-1.4781	0.3642	0.1431	0.3120	-0.1184	1.7576	1.5869	-0.6714	1.1015	-0.2288	-0.8954	-0.2651	0.6121	0.3938	-0.5262	-0.0142	-1.2731	-0.3833	-0.0805	0.9220	-0.4785	0.7446	-1.2382	0.5756	0.3005	-0.4698	0.5484	-0.3622
-0.4903	0.2744	0.9220	-3.0094	0.8331	0.8149	-0.7363	-0.6239	-1.1701	1.3212	-1.3541	1.7131	1.4900	-1.0227	0.5420	1.2059	0.3334	-1.0800	1.9605	0.6499	0.4648	1.3081	0.5129	1.3714	-0.0352	0.0175	1.0682	0.7342	-1.7818	-0.9626	-1.2217	-0.7360	0.9391	0.5900	-0.5852	-0.4185	0.8559	0.9774	-0.5206	0.0860	-1.6623	-0.2354	0.9454	2.8656	-0.8593	1.4551	1.2185	1.8330	-0.6364	-0.4354
-1.6752	0.3081	0.4474	1.0055	-0.6203	0.6905	1.1037	-0.1211	-0.7490	0.2624	-1.0508	0.1664	-1.3900	0.8808	0.1621	0.2456	0.1901	0.4973	0.5348	-0.3637	1.2887	-1.7608	1.3818	0.7013	-1.0439	0.5996	0.0579	3.5419	0.3293	0.9127	0.1995	0.0072	-0.9430	-1.3277	1.2061	0.5152	-0.7173	-0.0396	-1.1037	0.2612	0.7318	1.2149	-0.6873	-0.2143	-0.2117	0.7864	-0.5440	-1.1568	2.0364	0.5469
0.0194	0.5428	0.6133	-0.1532	-1.2987	0.5292	-0.0944	-0.4263	0.2903	-0.5730	1.6178	0.3392	1.1062	1.1531	0.0661	0.4705	-1.2912	1.1134	-0.7576	-0.4450	1.9436	0.6622	-0.2264	0.7875	-1.1752	-1.8718	0.1728	0.4128	0.0336	0.6063	0.0535	-1.5309	0.2361	-0.1099	0.3320	0.3781	-2.2507	-0.6966	0.8652	-0.9781	0.5856	-0.2849	0.7900	-0.4437	-0.2833	-1.2798	0.0521	0.7557	-0.6658	0.0690
-0.5513	0.2464	-0.4887	1.2710	0.8617	0.0194	-0.1294	-0.0370	1.0140	-0.4425	0.4426	-2.0615	-1.1390	0.6391	1.1254	0.2950	-0.8371	1.1813	-1.4246	-1.1101	-0.1651	-0.1490	1.1939	-0.7912	-1.0975	1.0138	-0.1801	0.4198	-0.9746	1.5686	-0.8875	-0.3082	-0.9203	1.7772	1.4475	-1.1221	-0.0243	-0.9356	-0.1172	2.6715	0.5097	0.7814	-3.5292	-0.3878	-1.7259	0.0418	-2.2386	-0.9862	0.0307	1.5498
-0.3304	1.2870	0.3604	-1.5497	-0.1200	1.3298	-0.6714	-0.8634	2.1921	-0.8913	-0.6630	0.4785	-0.1645	-1.9583	1.7091	0.0126	-1.0195	0.7196	1.0264	-1.9711	-1.2659	0.5600	0.0199	-0.3774	0.1817	1.2677	1.1440	0.3199	-0.6327	-0.6327	-1.0189	-1.8665	0.8319	0.2487	0.5919	-0.8905	-0.9477	-1.3673	1.2377	0.8728	-0.3459	-2.4383	-0.1736	0.0249	1.7725	0.5299	-0.7417	-0.8631	-0.3649	1.3048
1.2740	-1.2247	1.7442	1.8005	0.7769	-1.3395	2.2627	1.0663	-0.2830	-1.3491	0.6475	0.0988	1.1854	-0.4562	-1.4142	0.1290	-1.5864	-0.2987	1.1441	0.5707	-0.8328	0.0102	-1.5620	0.8758	0.8203	1.3580	0.5463	0.1359	-0.3931	0.9615	1.0863	-0.1226	1.3445	0.8964	0.0516	-0.7330	1.4990	-0.5543	-0.5019	0.4976	1.7202	-0.0916	0.2252	1.2032	-1.0780	-0.3182	-0.6349	3.1932	-1.0691	-0.8829
0.1917	-0.5312	1.9127	-0.4841	0.8295	0.8367	0.8496	0.8502	-0.4464	-0.9738	0.7498	-0.2595	0.2477	-0.6997	-0.7924	-0.3499	-1.4947	0.1788	0.7845	-2.4456	-1.0457	-0.4908	0.5622	-1.0884	-0.7053	0.3004	-0.3582	0.5135	-1.4277	0.1762	-0.0536	-0.3311	2.2691	-0.7470	0.3406	0.0116	1.0320	0.8462	-0.2755	-0.1671	-0.4831	-0.8799	1.1452	0.0891	0.0876	-1.5812	-0.1818	0.3137	-0.5749	0.2191
0.5789	-0.6393	-0.9723	0.4705	0.6508	-1.7217	0.0617	-0.6703	0.7061	-0.1122	-1.5511	0.0151	-0.2960	-0.1435	-0.7657	-0.3647	1.0581	0.1575	0.3647	-0.9913	0.0268	-1.0121	0.8866	-0.8111	-0.0639	-0.8621	1.6708	-1.6214	0.8071	0.1493	0.9996	0.5169	0.4240	0.3952	0.2926	0.7906	-0.8571	1.3994	-0.5195	0.2068	0.9494	2.7489	-0.4587	-0.4357	0.0010	-0.2318	0.2710	0.0880	0.9484	0.6866
0.7466	-0.0705	-0.1733	-0.7283	-0.1217	1.0492	-2.5030	0.1678	-0.4497	-1.8161	1.5544	1.0886	0.6486	-0.5532	-0.8261	1.1474	0.4068	0.0205	-0.3714	-0.0408	1.2849	0.8980	1.2547	-1.0384	1.3879	1.2948	1.1458	-0.9779	-1.0775	-0.8953	0.3178	-1.8582	0.6782	-1.3640	0.4270	0.4434	0.2503	-1.5472	-0.8111	-0.9520	-0.7146	0.9064	0.6304	-1.7494	-1.4371	0.2738	-0.0830	-0.6129	0.2060	-0.2056
-0.2557	0.0013	1.4669	1.0233	1.2642	-1.1700	0.4108	-0.2844	-0.0621	-0.6958	0.4232	-0.1057	0.6524	1.4101	1.8904	0.0171	-1.5592	-0.7833	1.3401	0.0350	0.3713	1.2453	0.0707	0.6168	0.0038	0.5083	-1.7504	-1.4033	-0.9067	-0.0500	-0.1539	1.1353	0.5674	-0.1971	-0.5677	-0.8659	-0.6594	-1.3015	0.9976	-1.6622	0.1540	-0.0701	0.8474	-1.0159	1.5698	0.6902	-0.8418	-0.4509	1.1440	-0.7609
-2.2242	-0.2832	0.7700	1.2502	0.5845	-0.6098	-0.5168	0.7189	0.4812	1.1145	-1.1507	-0.1546	-1.3141	0.5641	-1.5546	1.0083	1.1433	-0.1980	0.5193	0.8324	-0.0757	-0.7827	-0.5429	-2.1544	0.3920	-0.5001	-1.4896	0.7541	-1.8729	-0.1751	0.4262	-0.1996	-0.8747	0.5125	-0.8302	0.0941	-0.4795	0.4331	-0.7879	-1.5221	2.3021	1.1723	-0.5114	-0.3196	-0.3498	-0.1859	1.0216	2.4362	-0.3566	1.9131
-0.1644	-1.4137	-1.5082	-1.6633	1.4149	0.6424	1.4126	1.6826	-0.3990	-1.4842	0.8928	-1.3631	-0.7532	0.9255	-0.9736	1.1674	0.5765	0.0918	1.8892	1.7340	-0.0055	-1.0418	-1.6094	0.4724	-0.2846	0.6393	-0.3262	-2.1641	-0.8339	1.3231	-0.7002	0.9411	-0.7076	1.3200	-1.5477	1.3881	0.2326	0.6115	2.6335	-1.0800	-0.4002	-0.9880	1.4630	0.6374	1.6287	-0.8142	-1.1752	-0.8960	1.5392	-0.1693
-0.2970	1.3465	-1.3131	2.0927	-1.0016	-1.0686	1.1121	1.4885	-0.6817	-1.6054	-0.6439	1.8580	-1.2905	-1.0888	-0.0892	0.1509	-0.5903	1.1479	1.5110	-0.6403	-0.5370	-0.6911	-1.0980	1.1779	0.2215	-0.5824	0.9546	-2.6732	1.4127	0.3350	-0.3406	-1.5724	-1.2445	0.4446	0.2622	-0.6755	0.5390	-0.6845	0.2370	1.1422	1.1866	0.4274	-1.3234	-1.3994	-0.1956	0.1609	2.5044	2.0074	-0.5006	0.4403


