
X1	X2	X3	X4	X5	X6	X7	X8	X9	X10	X11	X12	X13	X14	X15	X16	X17	X18	X19	X20	X21	X22	X23	X24	X25	X26	X27	X28	X29	X30	X31	X32	X33	X34	X35	X36	X37	X38	X39	X40	X41	X42	X43	X44	X45	X46	X47	X48	X49	X50
0.1239	0.0220	0.8104	0.5586	-1.0661	-0.3694	0.6654	-0.0470	-0.4695	0.2063	0.1678	1.6451	-1.1008	1.3000	0.4115	-0.0208	-0.4227	-0.0700	-1.2431	0.6055	0.6298	0.3837	1.1704	-1.1822	0.6339	2.4146	0.2717	0.0870	2.1771	-0.6068	-1.9194	0.1570	-1.5440	0.4044	1.9289	-2.0502	0.1212	0.8438	-0.1104	-0.5712	-0.1308	0.2409	-1.1303	-1.0161	-0.4608	1.1208	1.2940	-0.9742	0.8982	-1.8869
-0.8603	0.2688	-1.0575	0.7549	0.8581	1.1369	-0.8991	1.3529	1.1629	-0.2032	-0.3162	-0.6057	-0.8195	1.6860	0.1183	0.0974	0.4032	0.1126	-1.4073	-1.3705	0.1228	0.3408	1.2816	-0.2344	1.6726	-0.5829	-0.4066	-0.3233	0.9411	0.6174	0.8609	-1.7523	0.8712	0.9460	-0.7353	2.0707	-0.7984	0.7497	0.1478	-0.5322	0.4532	1.5867	-1.0220	-0.7209	-0.3666	-0.4571	0.2161	-0.6583	1.7598	0.0334
0.3921	-1.1209	-0.0644	-0.2279	-0.3052	0.6689	-0.4285	-0.2286	-0.4378	1.4689	0.3526	1.0563	-0.2469	-0.2536	0.5402	-0.0461	-0.7006	-1.0560	-0.5576	-1.6787	0.1322	1.2809	1.8401	0.0153	-2.3382	1.1094	1.5360	0.2375	-0.1341	-1.2770	-1.5342	0.6350	-0.5145	0.8214	-0.9514	-0.9846	2.1465	-2.0807	1.6259	1.1522	0.0426	2.6240	0.6203	-1.7929	0.6048	0.1478	1.5375	-1.0579	2.6765	-1.5360
0.2195	-0.9789	1.1817	0.0242	0.6776	-0.9975	-0.7211	0.0009	-0.4070	-0.4894	-1.2481	0.4320	-0.2981	-0.4571	-1.1090	1.5701	-1.6599	-1.0922	0.1595	1.8096	0.0153	0.9546	1.2527	0.6374	0.6080	0.8406	-0.4405	0.0594	-0.2189	-1.1943	-1.5605	-0.0997	0.8122	0.3580	0.9436	0.2180	0.4872	0.2791	-0.3672	-1.5977	-1.6194	0.2952	-0.3510	-1.3728	1.5826	-0.5033	0.1592	1.2465	-1.6889	1.3805
1.0323	0.9934	-0.5438	2.4216	-0.7565	0.1713	-0.5431	-1.7060	-0.5512	2.8280	-0.4051	-1.1109	0.1021	1.7873	0.4131	0.1655	-0.4156	2.0218	-0.4578	1.5693	-0.7967	-0.4782	0.8393	0.8981	1.6283	0.6827	-0.1933	0.1005	-2.2544	0.9338	1.3905	-1.7968	1.0161	-1.6291	-0.9809	0.0818	0.3801	-0.9483	-0.7592	-1.5472	-0.2814	2.2298	-1.4978	1.6129	-0.3532	-0.0158	-0.1242	0.8173	0.3689	1.6199
0.4558	0.7644	-0.0080	-0.6442	-0.3035	0.9131	1.2071	0.1572	0.3100	2.0058	0.0062	1.8698	-1.9108	1.2352	1.2382	1.5514	0.4288	0.4183	-1.1305	0.7730	-0.1900	0.6650	-0.7412	0.3381	0.9256	-1.3755	0.7971	-0.4938	1.6079	-0.7767	0.1387	0.4513	0.5870	0.5880	-1.3774	0.1035	-1.1729	0.5543	-0.6121	-0.6588	-0.4167	1.0270	0.3557	0.7530	-0.3054	0.9157	-0.4462	-1.1572	2.4460	0.1795
0.9781	-0.6915	-1.0616	0.9943	-0.6963	0.0203	-0.1208	0.7772	-1.0679	-1.1655	1.1404	0.7119	1.0778	-0.3624	-0.9782	0.6308	-0.7212	-0.2984	-0.0321	-0.3501	-1.1579	-0.5068	0.7884	-0.5274	0.3572	0.6921	0.4706	-0.0983	-0.2672	-0.9177	-1.0185	-0.3169	0.3523	-1.4557	-0.1614	-0.9969	-0.5194	1.8078	-0.9238	0.8567	-0.2697	1.7479	-1.0086	-0.6881	-1.3859	0.6636	0.4089	0.8150	0.7046	-0.7247
1.1189	-0.5196	0.8898	-0.7196	1.0118	-1.5737	0.2575	1.1539	-1.5872	0.8855	1.3514	0.2731	0.1393	-0.2985	1.0318	0.8959	-1.3240	0.0942	-0.8508	-1.5629	1.3253	-0.6439	0.0238	0.1250	0.2995	-2.3117	1.1328	-0.6481	-1.7478	0.9492	-0.1440	0.5604	-0.7623	0.5445	0.0361	-0.2087	-0.0347	-2.0223	0.0515	0.7687	-1.6434	1.4055	1.6669	0.2808	0.4307	-2.1051	-0.4109	-0.0753	0.5747	0.5467
0.4614	-0.0886	-0.5384	1.5865	-0.7409	-1.3424	-0.5931	1.0945	-0.4491	-0.4746	-0.3538	-0.0917	1.8968	-1.4454	-0.4783	-1.4795	-0.3583	-1.8343	0.8697	-0.6462	0.9204	2.3716	0.6588	0.5875	0.8174	-0.4130	-1.2081	0.1537	1.6251	1.6922	0.4650	-0.5457	0.5446	-0.0627	-0.2541	-1.4124	1.6856	0.2676	1.5857	-0.6035	-1.8754	-0.8146	1.2092	-0.8464	0.2107	0.1066	-1.2204	0.9333	-0.1384	-0.3396
-1.2804	-0.6958	-1.4005	0.9357	0.7643	-0.1832	0.2504	0.2418	-2.7611	-0.0774	-1.3526	0.9296	-2.3542	0.3936	1.1586	-0.7087	-0.2267	-0.8640	-1.3720	0.7517	0.2485	0.4592	-0.0373	-1.4260	0.2684	-0.5132	-0.1781	-0.0989	0.4851	2.0114	-0.9302	-0.9765	-0.5859	-2.1672	-1.3062	0.0449	0.7044	-1.4376	1.0532	1.4048	1.7200	0.1525	-1.4500	-0.5536	1.2530	-0.0358	-0.1221	-0.1488	0.5783	-1.4779
0.5382	1.4446	0.2451	-0.4416	-0.5670	-0.0821	-1.8991	-0.6819	0.1739	0.2637	0.7827	-1.7493	-0.8983	0.4738	0.9635	-1.8863	-1.4628	-0.6184	-1.3960	-0.6541	-1.1583	-0.9510	1.0511	1.1852	-0.1076	-1.1495	-1.0981	0.9541	0.8220	-0.7031	-1.1525	-0.6314	-0.3035	0.1294	0.0621	-0.7342	0.9348	-0.5284	-0.5252	0.2697	-0.5001	-0.2264	0.3524	-0.1580	-0.5627	-1.5445	-2.4281	0.3884	-0.3823	0.8612
0.8181	-1.4201	-0.5600	1.1554	-0.6613	-0.3233	0.7549	1.6280	0.7767	-0.9636	1.8086	-0.3506	-0.2583	-0.4000	0.0726	0.8353	-0.7511	-1.3155	-1.0576	0.4840	0.9813	0.1900	-0.4301	-0.2419	-1.4079	-1.2315	0.5750	1.0494	-0.5877	0.2509	1.0315	-0.7858	-1.9133	0.1647	0.0212	0.5968	1.0816	-0.8780	-1.0607	0.3902	-0.1136	-0.5203	-1.1539	0.4748	-0.6766	-0.4877	1.9317	0.3413	2.1190	2.0820
-0.1992	0.9836	-0.8257	1.3005	0.0674	0.2584	-0.9431	-0.2667	-1.5864	0.0405	0.4833	0.0508	-0.6284	1.3763	0.6982	1.4546	-1.2894	0.1519	-1.6413	1.4160	0.2211	-1.9157	-0.2032	-0.8916	0.1369	-1.1003	1.9256	1.2812	0.3649	0.8519	-0.6157	0.3926	-0.8417	0.9052	0.1543	0.0985	-1.0966	-1.6595	0.4244	-0.0612	-0.6444	0.1723	0.3249	0.8301	-0.3173	0.3488	0.0013	0.9118	0.3260	-0.7526
-0.3345	-0.9427	1.5275	1.5461	0.5938	-1.1804	0.2786	0.7543	-0.3187	-0.9589	0.9509	-0.1776	-0.9932	0.1266	-0.3764	0.9597	0.9326	-1.5805	1.5128	0.2921	-1.6562	0.4258	0.2469	0.3616	1.7754	-0.4843	1.2535	1.3027	1.7284	-0.9790	0.1344	-1.6042	0.7651	2.4873	0.4842	0.0222	-0.2778	-0.0481	0.2170	-0.5150	-1.7939	-0.2156	-0.3731	0.1628	0.4149	-0.2095	0.3617	0.7100	-0.0026	0.3477
0.7333	-2.0962	0.6216	0.7470	-1.5126	1.4542	0.3133	0.5828	2.0821	0.0648	0.8822	-1.5067	-0.6177	0.9829	0.6078	-0.9397	-0.7783	0.1419	0.0869	-1.1348	0.4677	0.3005	1.4835	1.5970	-0.6859	0.6702	-0.0242	0.1782	-1.8344	-0.7184	0.9839	-1.1992	-1.8144	-0.3018	-0.7011	-0.5413	0.3686	0.0403	1.1310	-0.0630	0.5674	0.5660	-0.7653	-0.0349	-0.3462	-1.3942	-1.0292	-0.3080	1.1569	-0.5211
0.1606	-0.7483	1.5232	1.0679	0.1646	2.6986	-0.3183	0.4839	-0.0480	-0.1457	-0.2582	0.0411	-0.6844	-0.1136	-0.7008	-0.6438	0.2492	-0.9211	0.7009	0.2757	-0.4380	1.4881	-0.0591	0.0940	-0.9618	-0.6203	-0.2320	-0.6727	0.0355	-0.0074	2.0862	-1.0187	-1.5515	-0.4937	0.0075	1.4268	-1.4871	-1.2394	-0.1701	1.1590	0.2244	-0.3609	-0.8070	-0.3849	3.6702	0.1918	2.1733	1.0009	-1.0664	0.6204
0.7882	0.8583	-0.4237	-1.4510	-0.4457	-1.5709	0.2010	0.5074	0.7939	-0.5463	-0.1790	-0.8583	0.2428	-1.0154	-0.3345	0.8150	1.3622	0.3115	0.4422	1.2012	-0.3919	0.5526	-1.5376	1.1271	-0.4650	0.2706	-0.3870	-0.0266	-0.1330	0.0368	-1.1595	1.7751	0.5101	-0.2824	-1.2095	-0.1671	0.3420	-0.4259	0.2677	0.6552	-0.5884	-1.7367	1.7273	-0.6082	-0.5122	1.0121	-0.7307	-0.9977	-0.8585	-2.3415
-1.1523	0.0231	0.4779	-1.0622	-0.2434	1.2517	0.4844	0.2206	0.1992	-2.1672	-1.4434	0.2619	2.1594	-0.7725	-0.1815	-0.2091	-1.5796	-1.7439	0.2359	1.6498	0.7450	0.6483	-0.7837	-0.0073	-1.5372	-0.5307	-2.8709	1.0776	0.1424	-0.1304	0.8061	-0.8624	0.6541	0.6560	0.1911	0.0354	-0.7151	-0.5357	-0.4299	1.5366	-0.0320	0.1731	-0.3297	0.2097	-0.0174	1.0171	-0.3786	-0.7649	1.8778	0.9189
0.9626	1.7081	-1.8249	1.4816	0.5830	-0.5359	2.3923	-0.8341	-1.6592	-0.6409	1.4494	-0.0217	0.6258	-0.3823	0.0026	1.0341	0.4681	-0.8482	-0.0324	-0.3630	-1.6715	-0.0520	0.5084	-0.4531	-0.7469	0.1320	-0.4410	0.2120	-0.1848	0.1333	0.2606	-1.0318	-0.5080	0.0523	-1.0041	-0.4359	-0.1437	-0.5655	1.4693	1.8204	1.6028	0.7489	0.5839	0.8980	0.3461	-0.6836	1.4775	-1.6605	-0.9822	0.3960
1.7271	0.1508	1.9197	-0.8917	2.0486	-1.2828	-1.3401	1.1075	-0.8981	0.7271	-0.5139	-0.5651	2.4395	-0.7464	-0.1740	-1.1677	1.4750	-0.8957	0.2191	-0.4812	-0.8159	0.1822	2.1547	1.2763	1.3321	1.3298	-0.0565	-0.6868	1.1297	-0.0590	-0.4057	-1.3392	-1.1476	1.2818	-0.1953	-0.2317	-0.2723	1.1837	0.1597	-0.9584	-0.4406	-0.9773	-0.5987	1.6892	-0.7762	0.5329	0.2310	-0.2379	-0.4096	-0.4633
0.3977	-0.5309	-0.3988	2.6601	-0.4088	-0.7269	1.6759	1.7228	0.5033	-2.0350	-1.4553	0.8110	0.5037	-1.1995	-0.0483	0.8464	-0.9319	0.7408	-1.3723	0.4258	-0.5465	-0.4109	0.3301	0.4940	0.4283	2.1477	1.1585	-0.6665	0.3326	0.8967	1.6837	-1.2576	0.8302	-1.3589	1.2550	-0.6780	0.8536	0.9513	0.6539	-0.3065	-0.7789	-0.5373	-0.8881	0.8712	-1.3572	1.7537	0.5318	0.3150	1.4805	0.7192
-1.2887	0.6890	1.4738	-0.6048	0.0056	-0.2602	-0.3189	0.1271	2.0126	-0.7579	-0.9236	0.4204	-1.4488	0.9876	-1.2228	-0.8956	1.9441	0.3122	-0.7438	-1.0620	-0.7186	0.9950	0.7393	-0.7480	0.0130	0.7182	0.6842	1.8916	0.5520	-0.9152	-1.3785	0.9009	-0.9133	0.0352	0.6408	0.2574	0.7854	0.3955	-1.0600	0.2116	-0.9729	-1.6865	0.0971	-0.0987	0.0405	0.5875	1.5335	-0.0218	-1.4565	1.2661
-0.9060	-0.6752	0.9499	-2.7078	-0.1548	0.9488	-1.0206	1.1217	-0.7481	-0.6609	0.6640	-0.0652	-0.1956	-0.7375	0.4252	-1.2173	-0.8196	0.1972	-0.1679	-1.6489	-0.3930	-0.6765	0.3454	-0.5348	-0.1034	0.4714	-0.3097	-0.5986	-0.2386	-1.1457	-0.8840	0.4093	-0.9846	-0.6788	-2.2045	-2.1537	1.1746	-0.3136	-1.2784	2.3980	1.4816	1.0709	-0.0164	-0.0839	0.0481	-0.2444	1.6961	0.2973	-1.0904	-0.0680
0.2207	1.1472	0.5939	-1.1494	-0.7372	0.8023	1.6319	-0.5216	-1.2237	-0.0184	0.1757	-0.3125	1.4097	0.9351	-1.9956	-0.2755	-0.5159	1.7953	-0.4911	-1.2163	-0.7256	-0.2018	-0.0536	0.1213	0.2650	0.6350	0.6011	-2.2941	1.0356	0.1184	1.5661	-0.8027	0.2131	-0.1390	0.7871	0.1659	0.1350	-0.0852	1.7524	-1.4314	0.1706	1.6870	-1.0480	1.2142	0.2745	-0.3736	0.7182	-0.4067	-0.9352	-1.2862
0.3810	-0.6423	0.8910	-2.5476	-0.9315	-0.5615	1.0073	-0.9606	0.4605	0.2639	-0.8041	-0.6452	-0.4617	0.4193	0.9549	0.1751	-1.5692	1.2257	-0.4740	-0.4388	0.9846	-2.3554	0.9242	-0.5405	1.5056	-0.5493	-0.7381	0.7678	2.0517	0.1543	-1.1051	-0.5338	0.2613	1.0458	0.3981	1.3576	1.2056	0.3997	0.1196	-1.4189	-0.4124	-0.4852	-1.0049	-0.0323	-0.9099	1.2052	0.8075	1.3365	1.0274	0.9759
-0.2557	-0.3173	-0.5844	-0.0313	0.4289	0.9898	0.5663	0.3404	2.1522	-0.3307	-0.4392	0.3412	-0.9547	-0.4217	-0.1349	-1.7086	0.5553	1.5259	-0.2812	0.1226	-0.6164	-0.6936	-1.7898	-1.1094	1.0828	-0.1556	0.1885	1.7458	0.6750	1.2346	1.7404	0.3048	-0.8372	1.0266	0.1966	0.3397	-0.5204	1.8966	0.6944	-1.6055	-0.0786	0.3305	1.1421	-1.0734	0.2163	0.2148	-0.6120	0.7678	0.7604	0.2490
0.3606	-1.4066	-0.9234	-1.1379	-0.9565	0.9955	-1.1755	-0.6546	0.1379	1.5524	1.3432	1.1751	-1.5917	2.3191	-1.7546	-0.6604	0.2596	-0.2415	0.2470	-0.4566	0.7772	-0.9775	-1.5022	0.2595	0.9594	0.9497	0.0296	0.4830	0.9383	-1.7122	-1.4235	1.2145	-0.3931	-0.1717	-0.1317	-1.4385	-0.2697	0.4189	-2.2303	-0.2612	1.7562	-1.0004	0.1114	-0.9395	-1.4477	-0.6831	2.0118	0.4515	-0.6005	-1.7951
0.5068	-2.3530	-0.7464	1.1247	0.4451	-1.2136	0.7968	0.1432	-0.5430	-0.2973	0.9960	0.2248	0.9529	0.5297	-0.1466	0.3283	2.1820	1.2696	-0.1323	1.6400	-0.1027	-0.1672	-0.4690	0.4030	0.4537	-0.5497	0.6369	-0.1550	0.3921	-0.0524	0.0444	0.1654	-0.8135	-0.3252	0.2894	0.0944	-0.5585	0.1096	-0.5448	-1.7108	0.1283	-0.6150	-0.2554	1.2049	0.9577	-1.4783	-1.8701	-0.8082	-0.6667	-1.3483
1.6923	-1.9065	0.5695	0.7906	0.0323	2.3352	-0.2858	1.0642	2.5918	1.1748	-0.6398	-1.7274	-1.1772	-0.9679	-0.7904	-0.7599	-0.9677	-0.4040	-0.8092	1.6914	1.2504	-0.2346	-0.5421	-0.4341	-1.2942	-0.9585	0.7696	0.2423	1.0215	1.0309	-0.1142	-1.3420	0.2463	-1.1511	-2.6178	0.2394	1.5890	-0.1864	-0.4525	-0.1353	-1.0359	-0.8715	-0.3707	1.1544	-1.7272	-0.7255	-0.5891	0.0445	0.4005	-1.8529
0.0689	-0.7302	-1.5526	-0.3901	-0.8282	0.5909	-0.1995	0.0358	-1.2305	-0.3713	0.3970	0.2633	-2.1858	0.9803	0.2457	0.5690	0.5405	-1.7971	2.7425	0.8360	0.7598	-1.0003	-0.7721	1.1291	-1.1221	-0.5293	-0.5202	-0.1547	-1.7797	0.1496	0.8195	-1.3519	-0.8157	1.4901	1.0997	0.1819	-0.0898	1.1943	-1.5128	-0.0861	0.3671	-1.2062	-0.2549	-0.4338	-0.1121	0.4144	0.6286	1.5424	1.2940	0.8813
1.9279	0.8317	0.5683	0.3886	-0.4301	0.1761	-1.1023	0.3097	0.3777	-1.2419	0.3499	2.2458	-0.2263	-0.4493	-0.2077	1.6610	0.3661	-0.1763	-0.2692	-1.1209	0.8103	0.5589	-1.4440	0.4792	-1.4587	-0.2738	0.5351	0.5209	1.4203	-1.4104	0.5167	-1.5933	-1.3917	2.6771	-0.9790	0.4310	-0.1954	-0.3476	0.8502	0.9899	0.3244	0.4283	-2.3700	0.6253	0.6101	2.0003	1.2668	-1.5317	0.3515	0.1951
0.5651	1.9041	1.5548	-2.5138	-0.0766	-0.4136	1.4840	-1.0721	2.2056	0.9305	1.0517	0.4792	-0.1723	0.9866	0.1891	1.5322	-0.0128	1.2057	-1.2160	0.5922	0.9429	1.1492	0.3972	0.5064	-0.7912	-1.0765	0.1893	0.1739	-0.3083	0.1687	-1.3541	0.6186	2.5208	0.7420	0.0840	0.6892	-0.3644	-0.1656	0.1045	0.3938	0.9367	0.3472	-0.4876	-1.0528	1.0960	0.5821	-1.2377	-0.3218	-1.3298	1.1119
2.6858	0.0519	0.5665	-0.1549	2.0217	-0.3724	0.2727	-0.9387	-0.0840	-1.0377	1.0819	-2.0329	0.2548	0.1169	-1.9137	-0.0473	1.8657	-1.3630	-0.0786	0.2346	-0.5450	1.1821	-0.4207	-1.2737	-0.4938	0.2210	0.5680	0.9925	0.2680	1.0851	-0.7830	-0.8604	-0.1990	-0.8346	0.0636	-0.0030	-1.8366	1.7620	-0.5840	-0.5191	0.8601	-0.0362	-0.9205	0.1214	-1.3341	1.7810	-0.1583	-0.6705	-1.0108	1.6133
-1.0804	-1.1456	0.3548	-0.7185	-0.1514	0.3332	0.6645	0.7330	1.1826	0.5382	1.1900	0.1719	0.4062	0.7402	0.5093	0.3755	-0.7229	0.1552	0.0800	1.9840	-2.0173	1.3073	-0.1989	-2.1387	2.0302	0.1047	0.7367	0.5410	0.9796	0.6047	2.5369	0.4407	1.0031	0.5527	0.8534	0.5917	-1.9356	1.4821	0.2438	-0.7808	-0.8239	-0.5283	0.8748	-0.5694	-1.7791	1.1319	-0.2602	-0.6686	0.1845	-0.9068
-0.8555	-1.3193	0.2533	0.2015	0.2470	-0.3599	1.1689	-0.7756	0.4648	-0.5753	0.2830	0.4080	0.1956	-0.3882	0.5203	-1.1261	-0.6008	1.2830	-0.3067	-0.0105	-0.8080	-0.8203	0.0905	-0.2924	0.3730	0.0266	-1.1216	-0.3024	-1.1036	-0.5171	-1.0833	-0.1699	-1.7640	1.7861	-0.4889	0.3663	-0.1318	-0.0940	0.0869	-0.0477	-0.2781	1.3820	-0.6136	0.4311	0.6545	0.0100	-0.2399	-1.2783	1.1442	0.9071
-1.1826	1.0136	0.9409	-0.6266	0.1287	1.2371	0.3391	-1.8508	-1.7266	-0.8067	-1.3756	-0.7104	-0.9013	1.1606	0.6673	-1.0546	-0.5007	1.2318	1.9822	-1.5002	-0.4022	-0.1615	-0.1831	2.0022	-0.5182	-1.7984	-1.4026	-0.0874	-0.0813	1.0437	0.4811	0.3447	-1.4127	-0.9931	-1.9306	-0.4175	0.8930	0.2771	-0.4653	-0.3040	-1.7282	0.1494	-1.1744	-1.9233	1.1145	1.0065	0.2863	-0.8108	0.4913	-0.7491
2.4330	1.2330	-0.8843	-1.7185	0.7047	-0.3544	-0.4266	0.6550	-0.2065	0.3383	-0.2784	1.4689	0.5918	-1.2243	-0.0578	0.3730	-0.6139	0.1134	-0.1475	-1.0040	-0.7000	1.7846	-0.8083	-0.8513	-1.5071	-1.9048	-1.1803	1.6392	-0.7688	-0.4535	0.0029	-0.8181	-0.0287	0.5449	-0.1581	0.8414	-1.6082	0.2533	-0.1404	1.6989	-0.8790	-1.1947	1.1635	0.1010	-1.9988	-0.0490	-0.1344	-0.4721	0.6311	-0.2204
-0.8649	-0.4089	0.8762	-0.0359	0.1309	0.1390	0.2995	0.7530	0.8555	0.4923	-1.1198	-0.2779	-0.1749	-0.2876	0.5325	0.8814	0.0005	-0.1058	-1.3872	-1.2248	-0.6459	-0.7838	-0.8095	-0.9661	0.7724	-0.2978	-0.2902	-0.2256	0.9252	2.7622	1.0294	-1.7238	-1.1477	0.1439	-0.0714	-1.6232	-1.6041	-0.1915	0.5169	0.6194	0.0329	0.8743	1.1618	1.3613	-0.1594	0.5241	1.0797	-1.0253	0.8833	-0.3858
-0.1248	-0.8725	-1.7362	-0.7053	-0.2820	-1.3985	0.7149	-0.2102	0.6987	0.5987	0.3269	0.0275	0.7811	0.8476	0.0490	2.6058	0.4065	0.5724	0.3153	-0.0851	-0.5394	-0.3373	1.0951	-0.1943	1.0364	1.5687	-0.9354	-0.0800	0.4706	-0.6618	0.6657	0.2429	0.3881	0.8017	-0.1625	-0.1922	0.8837	0.8037	0.1612	1.7049	1.3429	-0.0045	1.8503	-0.5636	2.1393	-2.3038	-1.4750	-0.1499	-1.4875	0.8416
0.3203	-2.1419	-1.1705	0.0129	0.3270	-0.1642	-1.0222	-0.6131	0.0764	-0.5023	1.4837	0.4567	-1.0707	0.0408	-0.7004	0.4552	-0.8466	-0.6731	-0.3656	1.2551	-0.3989	0.7505	0.1818	1.2426	0.2927	-0.9497	-1.9807	0.4460	-0.3417	1.0491	-0.0339	-1.2545	-0.7197	0.9325	0.4014	2.4201	1.3941	0.9472	1.3357	-0.7636	2.4329	0.4246	0.0577	0.6520	0.2957	-0.4466	-1.0944	-0.9490	0.6869	-0.1803
-0.5997	-0.8038	-0.1204	0.6146	0.3533	0.7410	0.2314	-0.8195	0.5046	0.8116	-1.6538	-1.5043	-0.5545	0.9728	-0.2094	0.1931	-0.5775	-0.6378	1.1304	-1.2127	-0.3972	-0.3382	0.3208	-0.7011	0.2741	-0.5645	-0.8348	0.7417	0.5309	0.8313	-0.0964	1.1183	1.0746	1.6843	-0.4996	-0.2855	-0.2233	0.0642	1.0408	-1.8513	0.7724	-0.0535	0.7372	2.4476	1.1962	-0.7870	0.7617	-1.3608	0.7668	-1.0815
0.2000	-1.1178	0.4558	-0.2399	-2.1477	0.7857	-0.1329	-0.5537	-2.0703	-0.0150	0.6121	0.3320	0.3901	1.0387	-1.8116	-0.4838	-0.0957	-2.1742	0.0695	0.0328	0.2431	1.2397	-0.7186	-0.3561	-0.6608	0.4321	0.6258	-0.1757	-0.7530	0.2843	-0.7344	0.5581	1.8313	0.1403	1.1467	1.0881	0.8769	1.2437	-0.1486	0.5156	0.0982	-0.7000	-0.9486	0.1115	0.6035	-1.8181	-0.4241	-0.0535	-1.5717	-0.7749
0.0059	0.7788	0.2574	0.7318	0.6568	0.3946	-1.1322	-0.3569	0.5057	-0.2356	0.8108	0.0316	-0.9529	-0.3772	0.3775	1.0031	-0.3643	-1.6605	-2.0537	-0.1543	-0.1690	0.1958	-1.2832	1.3318	-0.5279	0.2719	-0.2965	-0.5756	-0.3288	-0.3375	-0.6816	0.9689	1.3281	-2.3271	-0.8171	-2.5721	0.9590	-2.2157	-0.6137	1.2280	-1.2167	-1.2229	0.0328	-0.7697	-0.2948	-0.0063	-1.0729	0.8585	0.5120	0.4688
-0.3450	-0.0994	1.1873	-0.4389	1.7478	-1.0157	-2.6383	-0.6218	-0.9523	0.0995	0.5808	-1.2830	0.6388	0.8261	1.6762	-0.6782	1.7298	-0.1845	-0.4958	1.7631	0.0379	-1.7597	1.2324	-1.0685	1.0821	1.0707	0.2159	2.0731	-0.6669	1.1130	-1.4705	0.3117	-0.1910	0.7989	-1.4724	0.6329	-0.6768	-0.2222	1.4098	-0.4270	-0.9404	0.5003	-0.0287	-1.3065	0.3131	1.5164	-0.7705	1.6717	-0.1278	-1.0297
-0.4066	-1.9045	-0.0318	-0.1050	0.4753	0.2499	-1.1346	0.8482	1.4380	2.4201	-0.9825	-0.7551	1.1749	-0.6242	0.1667	-0.4416	1.3406	-0.9566	-1.2445	-0.4229	0.4322	0.6301	1.2333	1.2597	-1.0283	1.2973	-1.5740	1.4483	1.2097	-0.9411	-2.8314	0.3917	-0.0110	1.0189	-1.5662	0.6769	0.8178	-1.2694	-0.1443	0.2092	0.4743	0.7006	-0.8385	0.0420	0.4710	-0.9000	-0.8824	0.7734	0.5269	-0.5115
1.4208	-1.0145	0.0391	0.5575	-0.7408	-1.2786	-2.1968	-0.2554	-0.8473	-0.1390	1.1236	0.5861	0.7845	0.0826	-0.1129	-0.3593	-0.6501	-0.6282	0.7442	0.2908	0.0366	-0.1039	0.9228	0.9032	-0.5629	-0.1661	0.0756	0.4483	0.5848	-0.4293	0.4568	0.8833	0.3774	-0.6510	0.9657	0.0450	1.1772	-0.4435	-0.1273	0.6298	-0.8232	-0.3971	1.4875	0.1531	-0.7079	1.6799	0.4222	2.0977	-1.6605	-0.2157
0.0862	-2.2135	0.9437	0.2079	-0.2563	-0.7831	-0.9962	0.2675	0.0024	0.5203	2.1599	1.1791	0.3343	-0.0254	0.0653	-0.8029	-0.1109	1.1894	2.5882	-0.7148	-0.7794	0.1912	-1.0816	1.0275	2.0212	0.2051	1.2038	-1.0903	-0.7945	-0.9326	1.0328	0.3018	0.0837	-0.1301	-0.6641	-1.9251	2.1975	-0.4242	0.8015	-1.9530	1.3437	-1.2181	-1.0017	1.9620	0.7726	0.8902	-0.5166	0.8690	0.7573	-0.0571
0.3766	-1.4493	-0.5091	-0.5203	-0.4473	0.7000	0.8883	-0.4709	-1.3155	0.0721	-0.6467	-1.4315	0.3223	-0.4557	1.4958	0.7122	-1.7320	2.7990	0.0215	-0.8530	-0.7513	-0.9381	-0.3124	0.0636	1.6617	0.9082	-0.1139	-0.1304	-1.5148	0.4349	-1.5892	-0.7208	0.8780	-0.3636	-1.3411	1.4489	0.2368	0.0305	-0.6039	-1.1049	-1.0151	0.2152	-0.5491	-1.6417	-0.6091	-0.4589	1.8401	0.6581	-0.3511	0.2641
-1.4011	-0.6186	-0.3972	-0.0028	-0.1598	-0.3276	-0.3672	-0.5026	1.6155	0.5248	-0.4697	1.2195	1.3697	0.6864	2.5756	0.2759	0.2407	1.1169	-0.1977	-0.0911	-0.4177	-1.3851	-1.0118	-1.6363	1.6159	0.8238	-1.3373	-0.1196	-0.3145	-2.2374	0.2350	2.3270	-1.5462	-0.2127	0.8137	-0.1692	-0.1972	0.8736	0.6000	-1.3422	2.0706	-2.1501	-1.0322	0.1484	1.5287	-0.3025	0.6399	-1.4064	1.9661	1.6665
-0.0751	-0.3422	1.0071	-0.5119	0.3232	-1.8126	-0.5813	0.0530	2.0454	0.1104	-0.9029	1.3622	-0.4212	-0.2561	-0.1919	0.6182	-0.4175	-1.3697	-0.8962	1.0282	-0.5493	1.0487	0.0518	-0.6027	-1.2807	2.2292	-0.3030	-0.2760	1.0370	-0.3593	0.7105	-0.9961	0.1532	0.3708	-0.4782	0.9671	-0.7013	-0.0284	-0.0042	0.0253	-0.2870	2.0334	1.3233	-1.2048	-0.5832	-0.4760	-1.1327	0.9586	1.0516	0.6435
-0.1128	1.5408	-0.5888	0.6815	-1.5549	0.3034	2.4785	-0.7204	1.2992	-1.1823	-1.5154	0.9419	1.0019	-0.7795	0.3687	-0.1485	-0.4824	1.4637	-1.0903	-0.7803	-0.6273	-1.0631	1.1865	0.0169	-0.6868	0.0634	-0.9120	1.9429	0.0605	1.0586	0.1717	-0.2013	-0.1989	1.4686	1.2224	-0.2987	-0.8966	0.4111	0.1254	1.3637	1.5330	-1.8131	-0.1439	1.6371	-1.0100	1.0835	-1.1237	0.7911	-0.2498	-0.3661
-1.4480	1.4565	0.9618	-0.0252	0.2034	0.4911	-0.5734	-1.0089	-0.4655	1.1250	-0.0621	1.2307	-0.8810	0.5686	-0.7366	-1.1417	2.1100	-1.3665	1.3290	0.1334	1.5047	0.0863	-0.1646	-1.5951	-0.0146	-1.1435	-0.7650	-0.0354	-2.2341	0.0180	-0.1436	-0.2495	0.7530	1.3917	0.6214	-0.6243	1.6373	0.7274	-0.5862	0.5478	-0.9544	0.4179	-0.6387	-1.7717	0.9139	1.5495	1.6302	0.2371	0.7213	1.1233
-0.6695	0.7554	1.0113	-1.1895	1.3366	-0.4006	-0.6874	-0.0633	0.4811	0.3199	-0.4374	-0.6464	0.4818	-1.2815	-0.7141	0.7607	0.3994	-1.4277	0.2659	-0.4712	0.8545	-1.7831	-0.9055	0.4285	-1.9187	1.1649	1.2256	-0.8432	0.5293	0.4633	0.1775	1.8077	0.7941	-0.2331	-0.3560	-0.1459	0.8218	-1.5927	-0.9413	-0.8442	0.1994	0.1960	-0.5494	-0.8982	-1.3952	0.9941	-0.2574	-0.7767	-1.0409	2.7477
-0.2460	0.2117	1.0984	0.1609	-1.3747	2.0304	0.4064	-0.0079	0.9360	-0.7928	-0.1863	0.8638	-1.4301	-0.5307	-0.2965	-1.7301	-1.2209	-1.3875	0.7949	1.1567	0.6653	-0.4238	-1.0568	1.2006	0.9670	0.0496	0.8171	-1.6680	-0.4253	1.4705	0.9050	-1.1960	-1.8236	-0.7604	-0.9129	-0.5986	1.0537	-0.7513	0.9920	-0.0721	-0.8444	-2.6550	0.3235	-0.5201	1.6090	0.6657	-1.4624	0.0854	-0.4577	-0.0276
0.8520	-1.4445	0.3470	-0.2516	0.5772	-1.0873	0.0434	-0.6103	-0.0288	-0.7822	-0.8547	0.0405	1.4887	-0.3627	-0.4170	0.9026	2.0198	-0.6878	0.6532	-0.9791	-0.4770	0.4549	0.9310	-0.8086	-0.1746	0.5183	0.1200	-0.4789	1.4032	1.8301	0.4232	0.3710	-1.9201	-0.5297	0.0364	-0.0265	-1.2881	2.1900	0.1139	-0.1074	0.4100	-0.1356	1.7174	0.4027	-0.1251	-0.0474	0.5723	0.6771	0.8090	-0.3361
0.2488	-0.0004	0.7345	-0.1550	0.0853	-1.7728	-1.0118	0.5085	0.4727	0.6007	0.3379	-1.5247	-1.0094	-0.7561	-0.7820	0.2413	0.3280	-0.4416	-1.0322	-1.5112	-0.2863	0.0668	0.0821	0.4183	-2.0341	-1.0238	-1.4441	1.0353	-0.9992	1.5309	0.3017	0.8607	0.8721	-0.3045	0.7660	0.8049	-1.5049	-3.3303	-0.8575	-0.0046	-0.0774	0.8074	-0.1952	0.1827	-0.2361	0.2752	0.0508	-1.2742	0.1277	-1.5229
-1.8629	-0.4170	2.2524	1.2356	0.1841	0.5281	-0.1024	1.4365	0.3628	-0.5045	0.3893	0.8140	0.2362	-1.1842	0.2380	0.2941	-1.6905	-0.1387	1.3511	-0.2338	0.7401	0.3698	-1.0163	-0.4422	-0.8964	-0.1457	-0.8014	1.0666	-0.8042	-0.7798	-0.2696	-0.0557	-0.3943	-1.0633	1.7410	-1.2908	-0.3311	0.6642	-0.4006	0.3729	0.1969	1.5729	0.2138	-0.4457	1.4762	-0.6959	0.1758	0.3868	-0.6719	-0.7298
-0.8748	0.3495	0.1048	-0.4353	0.2290	-0.6995	-0.9148	1.2838	-1.2671	-0.5853	0.1529	0.0184	-0.9866	0.0484	-0.2125	0.8447	0.3414	1.4537	-0.7760	0.0461	-0.0599	2.3483	-1.0516	-1.2722	0.8070	1.4893	2.3662	-1.2570	-1.2952	0.8829	-0.9854	0.4693	-0.4190	0.4122	0.7550	-1.2759	0.2212	1.0474	-0.0289	0.2110	0.3040	0.1738	0.1557	1.3002	0.1694	-1.4989	0.9924	0.3976	0.2817	0.6483
-0.1121	-1.0461	0.6256	-0.7301	-0.0082	-0.0845	0.3251	-0.5666	-0.6967	-0.5879	0.7982	1.1242	0.4143	0.9826	0.4111	0.9118	0.6165	-0.3553	-0.4511	-0.0647	0.0756	0.6182	0.0647	0.7100	-0.0587	-0.4343	2.2228	-1.0463	1.1656	-0.4653	1.6720	0.4546	-0.7611	-0.5972	-0.3369	-0.2159	0.1299	-0.1503	1.6490	-0.5413	-0.2963	-0.5377	-2.0410	-0.5783	-0.6622	-0.5825	-0.8550	-0.2626	-0.7800	-0.1911
0.2976	0.6333	-0.3925	-1.5762	2.6919	-1.3456	1.6638	-1.0138	1.1488	-2.1744	-0.8734	-0.0803	0.0244	-0.6170	-0.2260	-0.2833	1.5811	0.0927	-0.4218	1.9178	0.2757	-0.4650	0.0056	1.0511	0.7058	-0.8113	-0.3031	0.3023	-2.1543	1.2394	0.2003	0.7731	0.8153	0.8239	-1.8972	0.7398	1.4862	-0.3037	-0.6027	-0.1595	1.4258	-0.0016	0.2611	-0.5557	-0.6776	-0.0828	0.4097	-1.5390	0.5715	-0.7144
1.3285	-0.3170	-2.8565	-0.3846	1.1298	-0.1787	0.3945	1.7268	1.2567	-0.8920	1.0557	0.2313	1.9987	0.3980	1.4596	-0.2376	2.0800	0.4621	-1.0184	-0.5565	-1.5834	-0.8116	-0.9574	-0.2073	1.5823	-1.0668	0.7116	-0.7451	0.8247	0.1375	-0.1841	0.3344	-0.3556	-0.0088	1.1898	-0.0659	0.2415	-0.5706	0.1204	0.2894	-0.5134	1.2857	-0.5815	0.8245	0.6653	0.4343	1.7081	-1.7106	-0.8779	1.7095
0.0673	-0.8635	1.6370	0.8870	-0.5736	-0.2241	0.8785	-0.0630	0.2850	-0.1984	0.1583	-2.0650	-1.0920	1.5535	0.5357	-0.1767	-0.2776	-0.4458	0.6248	-0.4918	-0.1332	0.4455	-0.1768	-0.8624	-0.3890	-1.2611	-0.0904	0.7941	-1.5922	-1.0331	0.1199	1.5057	-1.7043	0.2188	-0.3795	-1.6219	-0.1335	0.3940	-1.0469	1.3542	-2.0181	0.5443	-0.2027	1.6260	-0.0340	0.8403	-0.5151	-1.8906	0.3239	-0.3577
1.5722	0.6263	-0.0852	0.0218	-0.8974	1.0351	-0.3203	-0.3107	-0.2364	0.3893	0.4587	-0.2571	1.0801	-0.3320	-0.0190	0.1667	-0.6157	-0.7790	1.1416	0.1455	-0.9696	-1.0877	-0.3154	-0.2788	0.0383	-1.5198	1.7472	0.1962	0.1073	-0.9070	0.1011	0.9583	0.2958	1.3071	1.5201	0.2186	-3.1140	0.6332	0.2757	-0.1988	0.4302	1.7790	-0.0966	-1.2185	0.0248	0.4768	0.2019	0.0707	0.0565	1.3133
0.8180	0.0143	-1.3104	0.9498	0.0520	-0.8177	1.4173	0.4044	0.2164	-1.7947	-1.2509	0.3021	-1.4529	-0.4764	-1.1083	-3.0187	-1.3249	-0.5388	-1.1380	-0.3540	-0.3363	-0.6831	-0.8943	-0.6820	-0.7610	0.4917	-0.9336	-0.2609	0.1481	0.5942	0.6340	0.2838	-1.7281	-0.2771	0.2377	-0.3853	1.2016	0.7026	-0.1734	-1.3781	0.3935	-0.9433	1.3617	-0.7879	-1.5156	0.2892	0.6887	-1.3424	-0.3890	1.3491
0.2023	-0.4859	0.4238	1.4931	0.8060	-0.2586	-0.0568	0.5000	0.5050	0.2157	0.0078	-0.2155	0.1611	-0.0882	-0.2515	-1.9421	-1.0892	-0.1128	-0.0840	-0.3600	-0.0600	1.8358	0.3612	-0.2933	0.1174	-0.6884	0.4078	-0.3970	0.1855	-0.8376	-1.1021	1.9398	0.6159	0.6022	-0.5099	-0.3678	-1.2387	-1.6035	0.9324	-1.2608	0.1961	-0.6301	0.9614	0.7533	-0.6360	0.6945	-0.2290	1.9862	-1.2508	0.9163
-0.8410	0.1093	-1.2299	1.3244	0.1628	0.3360	-0.7130	-1.1656	0.1949	1.1589	1.7736	-0.5441	-0.7824	0.5044	1.0871	0.4638	0.6395	0.0488	-2.8378	0.6237	0.9502	-0.3852	0.9400	1.0254	-0.0938	-0.1890	-0.9676	1.6691	1.1446	0.3246	0.8052	-0.6612	-3.3774	-0.8037	0.3270	0.1441	0.4041	0.7161	-0.3468	-1.2423	0.1857	-0.5498	-0.5058	1.6553	0.7098	1.5196	-0.8148	0.2156	0.6232	0.6806
0.5729	-0.3458	-0.5883	0.3283	0.9147	-0.0941	0.9493	1.8796	0.8251	0.3212	-1.1182	1.6344	0.1041	1.4393	-0.1589	0.3513	1.6483	0.5641	1.1289	-0.1482	-1.2404	-0.5488	0.8059	-0.2380	0.4362	-1.4857	0.7359	-1.0940	-1.2786	-1.3717	0.5605	-1.3969	-2.3341	0.3137	0.0661	-0.0349	0.3865	0.1697	0.8679	-2.7622	-0.4086	0.1696	-1.4743	0.1305	1.9184	-1.3701	-0.5589	0.9851	0.6712	0.1890
1.3943	-0.5481	-0.0015	-0.6280	-0.6250	-0.1497	-2.0435	-0.4122	-0.0563	0.1274	1.0069	-1.1697	-0.4778	0.2701	0.5993	1.4330	0.7211	-0.5201	-0.1636	-0.3436	-2.3813	0.7747	-0.3449	-0.4126	1.5966	0.6508	0.7632	1.8249	-0.5458	-1.8451	0.3581	-0.0659	0.7406	0.9111	-0.0848	0.6641	-1.4978	0.9539	1.0869	0.7010	-0.9389	0.5308	-0.9474	0.4881	2.2327	1.1258	-0.1007	-0.9207	-0.8690	-0.0867
0.6796	1.4264	0.4364	0.1980	-0.1857	-0.3985	-1.3729	0.5717	-0.9788	-0.9327	-0.4436	-0.0024	0.0496	-0.5848	-0.5111	-0.8142	-1.5360	0.4415	-0.6389	-0.4137	-2.2239	-1.1349	-0.6032	1.4984	0.0287	1.3158	-0.6823	0.0023	-1.9657	-0.8500	-1.9377	-1.0567	1.0174	0.4476	-0.4764	-1.0377	1.2430	0.1819	-0.3154	-0.5047	-0.8505	-0.9523	-0.7175	0.7842	-0.5902	1.2995	-0.9643	0.0764	-1.0233	0.3836
0.4134	-2.5819	0.1652	-1.0970	-0.0177	0.4022	1.5003	0.8620	0.4773	-0.7829	-0.6837	1.7318	-1.0320	1.2479	-0.5691	-0.6454	-0.8882	-0.7828	0.8608	0.6367	-0.5964	-0.2975	1.2719	-0.7776	1.6331	0.3440	1.2093	-0.2850	-1.0117	-0.3316	1.2650	-0.5762	0.7917	-0.4181	1.3741	0.6956	-1.1123	-0.9967	1.9309	-0.2145	0.8708	-2.4972	-1.7260	-0.1716	0.0062	-0.3715	0.0569	-0.2455	0.6062	-0.5183
0.7368	-0.5114	-0.5724	0.5492	-1.4410	1.4843	0.4893	-1.6167	-0.4947	0.5865	1.2339	-1.0632	-0.8739	0.4128	-1.7401	0.8143	-0.5497	0.8458	-1.0937	-0.5647	-1.2397	-2.4918	-0.1630	0.7021	0.9028	-0.6527	-1.2585	-0.3281	-0.6333	-0.3259	-1.1730	-1.1006	1.8703	0.8643	0.5423	-0.5679	-0.8238	1.3888	-0.6214	0.7195	0.6844	-0.1879	1.9601	0.6147	-0.5351	0.9121	0.8846	-0.1583	-1.3708	1.1388
-0.4658	0.2501	-0.7571	0.4271	-0.4540	-1.4594	-0.1410	-0.9224	-0.5648	-0.7897	0.3328	0.6401	-0.8431	0.0008	0.8241	0.3791	-0.6807	-0.0391	-0.6087	3.4956	-1.6402	-0.0511	0.1049	-2.2716	-0.3618	-2.0521	0.0722	1.2773	-0.9557	2.4589	-0.9175	-1.6837	1.1494	0.6604	1.9216	-0.2349	-0.8004	-0.2147	-1.4707	-0.7899	-0.9525	0.0466	0.2971	0.1191	-0.7967	2.0155	-1.8199	0.0017	-0.7079	-0.5581
-0.3259	1.0428	-1.2967	0.0520	0.4705	-0.9961	-2.4586	-0.2044	-0.6399	-0.0892	-1.1030	3.3438	0.0436	-0.4198	-0.1565	-0.1744	0.1546	0.2924	-2.1595	0.3690	-0.4314	-0.8521	0.9909	1.0172	-0.2647	0.1846	2.0010	-1.2075	-1.0453	0.4240	0.8074	1.9353	1.0166	1.2776	0.3985	-1.3789	0.0527	-0.7568	0.4518	0.3376	-0.7387	-0.4573	-0.0099	-0.2322	-1.3345	1.3319	0.0152	-0.7109	1.5009	0.1993
1.0025	0.4877	1.2569	-1.4416	1.5229	-0.3834	-0.1083	-1.3650	-0.7746	0.1631	-0.2576	-1.0857	0.2956	0.7895	-0.3296	-0.6982	-0.5015	0.0220	1.1096	0.2623	-0.1874	-0.7545	-0.8181	0.3247	-0.0850	0.3758	0.3202	0.2263	-1.4461	0.3489	-0.4865	-0.0686	1.3019	-0.3149	1.3567	-1.5127	0.2275	0.2474	1.0846	1.6360	-0.9010	0.5547	-0.2356	-0.7712	1.6067	-0.5216	-0.3384	-2.1520	0.9077	0.4267
-1.2109	1.2085	1.3061	-0.3919	-0.2036	-0.3661	0.6462	-0.4487	0.3063	-0.3668	0.8588	1.2710	0.4551	-0.7098	0.8563	1.4022	1.1802	-0.4679	1.0367	1.1163	1.9625	0.5313	-0.8289	0.3637	-0.4014	-0.1367	-1.5420	-1.5197	-0.5677	-0.3058	1.1332	1.3833	-0.0719	-1.3715	-1.6487	-1.5733	-0.5020	-0.4089	0.3808	-0.6287	0.3374	0.0289	0.7973	-0.8088	-1.5546	-0.6081	-1.5999	0.8859	0.0597	2.1394
2.3709	-0.5983	1.1415	1.8580	-0.8529	-1.0985	0.7390	0.1116	-0.5115	1.0467	-0.7354	0.9113	-1.0429	0.6989	1.8115	0.2828	-1.5483	0.4070	0.0838	1.4665	-0.8757	-0.0265	-0.5396	-0.9392	0.5405	0.8564	0.8516	0.0962	0.7631	-0.0275	0.4160	-0.9480	-0.4755	-0.0844	1.0956	0.8709	-0.6137	-1.0171	0.8711	1.6708	1.4130	0.0486	1.7779	1.2590	-0.7726	0.3389	0.4551	-1.4952	0.4732	-0.4578
0.5143	1.1612	-1.7877	-0.1220	1.0514	0.9054	1.0706	-0.3186	-1.5061	0.0575	0.0779	1.9236	0.1814	2.0628	1.1374	-2.7638	-1.2921	-0.2225	0.9937	-1.5372	1.8637	-1.5592	2.0788	1.2740	1.4957	0.0694	0.0461	-0.8450	-0.0171	-1.1091	0.1478	0.5642	0.2248	0.0417	0.0772	1.0391	-1.1715	-0.2621	0.5421	-0.8097	-0.6077	-0.8330	-0.1677	0.2530	-0.6221	-0.3802	2.6144	0.2564	-0.3847	0.6082
-2.6498	-0.0070	-1.1831	0.4353	-1.5618	-0.4029	0.4844	-1.5542	1.8088	-0.4515	-2.4202	-0.7568	1.1919	1.0299	-0.3799	1.1132	-1.5523	-1.1112	-1.0207	0.3261	-0.9343	-1.6073	-0.0775	-1.2096	-1.3328	-1.6573	-1.1676	1.2926	0.7527	-0.2350	0.0232	1.0571	-2.0431	0.4719	0.6645	0.7344	-0.1763	-0.2697	0.6888	-0.1175	0.6798	-0.6087	0.5268	-0.1669	0.4157	-2.5957	0.6120	3.5430	-0.6354	-1.1926
-0.0747	2.5691	-1.1268	-0.8965	-0.6082	1.2611	1.5721	1.5578	-0.5743	0.6532	-0.5203	1.3937	0.0757	0.3391	0.6590	-0.8081	0.0675	-0.3582	1.0850	0.9889	0.7688	-0.1749	0.6824	-0.5794	0.0475	1.2384	1.2662	1.0524	0.5276	0.9229	-1.8974	-0.5052	0.7920	-0.0937	1.2818	-1.1058	-1.0274	-1.1072	1.1868	-0.8217	1.9018	-0.8484	-1.1683	0.4852	-1.9258	-1.3629	-0.1271	0.9296	-0.1965	-0.2405
-0.7944	1.3525	1.6573	0.7633	-0.2944	-0.1298	-0.5790	-2.0400	0.0705	0.1558	0.6225	-1.7646	1.4130	0.6450	0.9265	0.4017	1.0933	1.0980	-0.4671	-0.2055	1.3077	2.4894	0.9807	1.5193	-0.5084	0.6779	0.8959	-0.6987	-0.4077	-0.6029	-0.8067	1.0364	-0.7363	1.0926	-0.5375	1.8133	0.4342	-0.1488	-1.3401	-1.3374	-0.2345	-1.7096	-0.6027	0.2852	-0.2857	-0.0493	1.1003	-1.3618	0.8484	0.3705
-0.8324	0.1990	-0.4128	0.8142	0.3426	0.3259	0.1641	0.4348	-0.8791	0.6408	0.2866	-0.5670	-0.1283	-0.3333	0.4123	-0.3280	1.8218	-1.8878	1.3082	-1.8217	-0.5720	-2.5236	1.0881	1.9760	-1.5646	1.5001	1.0294	-0.8650	1.0045	-0.1363	-0.5474	-0.0220	1.1107	0.2780	-0.0847	-0.7402	-1.8680	-2.9891	-0.6078	0.4250	-0.6581	-0.5660	1.4166	-1.4896	0.0053	0.8040	0.5845	1.6447	0.1182	1.3171
0.8519	0.0492	0.6866	-2.2598	0.4105	-2.1021	-0.5953	-1.6898	-0.1523	-0.9869	1.1246	-0.7276	-1.0395	-1.1902	0.2679	0.1520	0.3680	-0.6951	-2.1921	-0.8509	-0.6784	1.1943	2.0846	0.4458	0.2144	0.2333	-0.4213	-1.4461	1.2524	0.5189	-0.1900	0.6191	0.2260	1.0534	-1.5203	-1.1984	-1.7346	1.3893	-0.7291	0.0941	-0.8316	0.1726	-0.0082	1.3825	-0.1905	0.2368	-0.6197	-0.1146	2.1637	-0.1480
0.5953	0.4212	1.1183	0.1810	1.0485	-0.9418	0.8804	1.7588	-1.1566	-0.5567	0.2770	-2.3610	0.2450	0.2447	0.1256	-0.1069	0.1140	1.6570	-1.9336	1.5852	1.0376	-1.3069	0.2547	0.8211	-0.9136	-1.0722	1.6543	-0.3064	0.0262	-0.8144	-0.8322	0.9218	-0.0703	1.0505	1.3196	-0.4371	-0.0376	-2.5636	2.9235	-0.4822	-1.3291	1.1301	-1.0970	1.4213	1.5684	-1.2691	0.1986	0.6006	0.6724	-0.4478
0.7834	0.1472	-0.5265	-0.7982	0.5643	0.1476	1.7543	0.2760	-0.8210	-0.2678	-1.1415	-1.7210	0.3846	-0.1394	-0.1271	-0.0336	1.3045	0.6658	1.2972	0.6442	0.3171	-0.7737	-0.6651	-0.0464	0.7286	-1.6639	-0.9251	-0.0883	-1.7555	-2.1552	-1.2214	-0.4191	0.0675	-1.0404	-0.7519	1.1209	-0.0907	-1.1420	1.5743	-0.7396	-0.3969	0.5554	-1.6924	-0.1810	0.4577	-0.5421	0.2303	0.1658	0.8331	-0.1927
-1.1448	-0.1786	-0.0209	0.0792	0.9373	-0.2602	-1.4876	-0.8302	0.8934	0.0914	0.6215	0.5407	-1.1762	1.3055	0.9233	-0.4367	-0.1423	1.2329	-2.1276	-1.5710	0.0268	-0.0674	-0.3839	-1.1054	-0.9074	1.7228	2.5251	-1.4571	1.2246	-0.0041	-0.1097	-1.5338	0.1961	-0.9534	-0.7752	1.7062	-1.9134	0.4964	0.3918	0.7588	0.4098	-0.5606	-2.8391	-0.3795	0.0412	-0.0953	-1.3732	-1.0833	-1.2327	0.5448
1.0416	-1.5009	-0.3782	1.0728	-1.9372	2.4434	-1.4408	0.4283	1.5401	-1.3251	0.3026	0.3095	-3.3540	1.8251	0.2629	-0.0125	-1.5976	1.9161	-1.0589	-0.6841	0.4557	0.8596	0.1285	0.9153	-1.3403	0.2465	-0.2838	-2.6832	-0.4528	-0.3045	0.0046	-0.4629	-0.1506	-0.3565	-1.3534	0.0401	-0.0403	0.2717	-0.2813	-0.3220	0.0206	-1.4321	0.2483	0.4668	2.4408	0.5861	0.9926	1.1991	-0.5658	-0.8023
-1.1749	0.5618	0.9699	0.0599	1.4675	-0.5820	0.7786	1.3291	-0.6279	0.4576	0.5885	-1.4584	-1.4394	0.0120	1.4321	-0.4668	0.2860	1.5943	0.0155	-0.0192	0.8347	0.8882	1.7940	1.3246	0.9251	-0.8464	1.6702	-1.0550	0.6865	-0.8857	0.3776	-0.4214	-1.0433	0.4346	0.3363	-0.5770	-0.1936	0.0024	-0.2885	-0.4440	0.7011	-0.1976	-1.2977	-0.2015	0.8479	0.4525	0.6091	1.0858	-0.5241	0.9925
0.4426	1.0165	0.9658	1.3699	0.1061	1.1378	-1.5534	-1.2965	1.7201	-0.0792	1.2875	1.9111	0.9765	-0.9708	0.5259	-0.6646	1.7065	0.1858	-2.6773	-0.0790	0.2787	0.1662	2.4133	-1.5151	-0.3287	0.1632	0.4604	-0.6341	1.0011	0.4053	-0.5753	-0.0449	0.3329	1.0773	-0.0714	0.0646	0.4359	-0.5099	0.0106	0.3116	-0.0014	0.4378	0.4744	0.0264	-0.9981	0.3004	-1.9516	-0.3720	0.2662	-0.3840
-1.7429	1.2864	0.7064	0.9304	0.3888	-1.1395	-0.7170	-1.8400	-0.4157	0.1824	0.8737	-0.1629	2.2932	-1.4259	-0.8966	2.5940	1.4405	-0.5869	0.7436	1.8921	-0.0730	0.6245	-0.5099	0.4845	0.7637	0.5564	-0.5215	0.2459	2.4670	0.9514	-1.0948	-0.3094	1.1897	1.3497	0.8437	1.0917	2.0189	-0.3113	0.1917	2.0210	1.0224	1.5450	-0.1154	0.3945	1.2236	-0.1731	0.6072	1.1626	-1.2165	0.6677
-0.3636	1.5975	-0.6489	1.0439	-0.0914	0.8489	-0.7762	1.8906	-1.6612	0.5202	-0.1854	0.8268	1.9901	0.6989	2.4512	0.0806	-0.7551	-0.2750	-0.2315	1.2433	1.3425	-0.0371	-0.0730	0.6289	0.9522	0.0757	1.3100	-0.2635	-0.1630	-0.8889	1.3869	-1.4002	-0.2151	0.7418	-0.1874	-0.3182	0.5629	0.7676	0.4366	-0.3700	-1.7018	-1.8580	-1.9825	-1.4188	-0.1627	-0.6184	0.9764	0.1925	-1.1462	0.4335
-0.4482	0.2625	-1.3207	-0.6657	0.8165	-0.7439	0.4656	1.4517	1.3394	-0.4003	2.6441	0.2024	1.0287	1.2760	-2.0477	0.2467	-0.9712	-1.8262	0.4530	-0.1520	1.0667	0.7783	-0.5920	0.2816	0.7574	0.4118	0.8850	0.0962	-0.9759	-1.5321	-0.1784	1.8500	2.0522	-0.9400	0.9312	1.0341	-0.0283	-0.8220	1.4355	-1.1844	-1.2382	0.5227	1.2217	-1.0317	0.3389	-1.4266	1.1083	0.7504	1.3710	0.4041
-0.0624	0.0881	0.4835	-0.9486	-1.0690	0.8418	-0.3330	2.0488	1.1112	0.0901	-0.7568	0.1988	1.0426	-1.3810	-1.0349	1.1752	0.6232	1.3259	0.4824	-0.1830	1.7317	-1.9478	-1.7936	-1.5470	-0.5606	1.4927	-0.1169	-0.9773	-0.1327	0.6301	-1.1324	0.3294	-2.4513	-0.1231	0.2757	1.4372	1.5898	1.1824	0.2757	-0.2441	0.8880	-0.4201	1.6252	0.5157	-1.1759	0.2756	0.4851	1.1588	0.2534	-0.2853
-1.2066	0.2868	1.2205	1.1715	-0.0226	0.4895	0.0000	0.1604	-0.4945	1.0954	0.7772	0.2117	1.7957	-1.2736	-1.2626	0.5012	1.3334	-0.9844	-0.4215	-1.2902	-0.4407	-0.0108	-0.1657	0.9049	1.1443	-1.8648	1.4461	0.5843	0.5669	1.1870	2.5286	0.2081	-1.5391	-0.2855	0.6004	0.6917	0.8732	-0.2106	0.8784	0.5677	-1.1711	0.2477	-0.2696	-0.9535	-1.3792	-0.5441	-1.9736	2.4742	-0.8397	-0.1923
0.2830	1.2812	-0.2485	-0.4301	1.1064	-0.3541	0.8758	-0.4288	0.0552	0.1045	0.9100	-0.4819	-0.1851	-0.1577	1.9926	0.3445	-1.6366	-0.7303	-0.1970	-0.6468	-0.6963	0.5148	-0.2211	0.3775	-1.3944	0.0761	0.3754	-0.5196	-0.1719	-0.7217	-0.0822	-1.3914	-1.2130	0.1650	-0.1373	0.7084	-0.3604	-2.4563	-0.9044	-0.2682	-0.8338	-1.7452	0.9779	-1.4665	0.0410	-0.8844	0.2397	-0.2353	-2.1636	-1.1204
0.6799	-0.1904	0.3543	-0.5219	-1.5530	0.1871	-0.1124	1.2633	-1.7065	-2.4640	0.5556	2.1303	0.0580	-1.9424	2.4189	-0.3185	-1.2413	-0.7539	0.0563	-0.8369	-0.8766	-1.2303	-1.0602	0.1831	-0.3165	-0.1066	-2.0431	1.4227	-1.4877	1.3504	0.0590	1.0051	-1.0397	0.0450	-0.0607	-1.9636	0.7959	-0.7530	0.5819	-0.4084	-0.0014	0.5053	-2.1624	-0.7693	0.2633	-0.2701	-1.3098	-1.3380	0.3725	-0.1908
0.9398	1.6734	1.0971	-1.0763	-0.6510	0.8544	0.0689	2.6373	0.6482	1.3542	-0.2604	0.3001	0.6506	0.6842	-0.3822	-0.4712	-0.6534	-0.8815	-0.6944	0.1692	0.1155	-2.6329	1.7361	-0.2860	1.9967	-0.5853	1.1951	-2.2022	-0.0247	-1.0532	-0.1832	0.7792	2.0763	-3.5405	0.7987	0.9660	1.1793	-0.7359	-1.9198	0.6406	-0.7250	-0.7537	-0.8729	0.0013	-0.3115	0.8540	-0.2167	0.8417	0.9938	1.7559
-0.4142	2.0648	-0.1593	0.4808	-1.5504	0.4655	-0.4343	-1.2473	-0.5891	1.2633	-1.2506	0.6206	-0.7064	-0.1767	-0.1031	-0.1297	-0.7032	0.1826	0.4879	-0.2386	1.4987	-1.4683	-0.1449	0.8885	-0.0322	0.7312	0.1930	1.9552	-0.0907	-0.9596	0.9834	0.8909	0.9194	0.6149	-0.5453	0.6692	-0.7745	-0.4270	0.2441	1.4881	0.2101	0.3544	-1.3655	0.6882	-0.0710	0.4310	-1.4723	0.6655	-0.3119	-0.0155
0.0125	-0.4818	-0.5049	-1.2812	-0.7380	-0.6629	1.4904	1.4110	1.2428	-2.2000	1.9985	0.3320	-0.1927	-1.7165	-0.0492	-0.1919	0.3322	0.7733	-0.6912	-0.2390	1.4868	-0.6934	1.1225	1.6633	0.2712	-0.9927	0.2994	-1.2185	-0.4956	-0.4210	-0.3479	-1.1852	0.1561	-1.2862	1.1215	1.8545	0.7307	0.9155	-0.1692	0.8765	0.7011	0.7722	-0.2093	1.0658	-0.4364	0.6558	-0.7813	-1.7013	0.1578	0.9540
-0.8201	1.0559	0.8774	0.4583	1.4182	1.2957	1.0602	0.4396	0.3328	-0.0560	-0.0508	0.1630	-0.6566	-0.6198	-0.4942	-0.0475	-0.8605	0.6543	0.2338	-0.7628	0.2592	1.3068	-1.3922	-0.6167	0.0840	-0.5814	-0.5284	-0.6308	-0.5047	0.8813	0.9223	-1.5234	-0.3942	1.9136	1.8345	0.1425	0.2261	-0.3790	-0.3481	-0.2147	-0.3645	-0.9626	-0.6895	0.5253	0.7313	-0.6831	-2.3192	0.4177	-0.2716	2.2992
-0.3303	-0.5107	-0.3928	-0.4696	0.4788	0.9519	0.3489	0.5163	-2.2706	1.8124	2.7412	-0.2912	-0.4658	-0.0317	0.2830	-0.3638	-1.0274	-0.5402	-0.1524	1.1167	-0.0020	0.4240	-0.2068	0.2542	0.6986	1.3080	-0.3076	0.9317	1.3218	0.7031	0.0822	-0.1540	0.3905	-1.1718	-0.7533	-0.2673	-0.0274	0.3507	1.2939	-1.6046	0.2276	-0.2899	-0.7593	-0.6036	0.1254	-1.3640	-0.5080	0.4449	0.8877	-0.4743
0.6060	0.6568	0.9639	1.1814	0.0737	-0.9101	0.3532	-1.1548	0.3145	-0.0617	0.1888	2.6018	-0.1200	0.4240	0.8732	0.0286	1.5702	0.2705	1.5990	0.3106	1.1023	0.0887	2.2037	1.0840	-0.2505	0.8206	0.1874	-0.8003	0.2799	-0.5291	-1.3637	-0.3821	0.5481	-0.1117	1.3764	1.1977	-1.6077	1.1437	-1.7242	1.6156	-0.8464	0.6169	0.3035	0.0719	-1.1670	-2.3263	-1.1966	1.2503	-1.4694	-0.1639
-0.8080	0.5878	0.9332	0.9252	-1.0916	1.1669	-0.0863	-0.0551	-0.4048	-0.2260	-0.1883	-1.4651	2.1901	0.6755	0.7811	1.5948	0.3842	0.6610	0.1605	1.4113	1.6831	0.0609	1.4653	0.7548	-0.8580	-0.4307	0.1656	0.3155	1.2373	1.6411	-0.3202	-0.3979	-0.8615	-1.4494	1.0069	-0.7098	-1.7444	-0.1660	-0.3815	0.1741	-1.9467	1.7024	0.4592	-0.5458	1.9272	0.6671	0.3539	1.0988	0.2338	0.5182
0.4839	0.2384	0.3355	-0.5921	-0.6117	1.7856	-1.4907	-0.0053	0.7580	-1.0632	-1.9394	-0.6953	0.9665	0.6096	0.1457	-0.3597	1.6948	-1.2498	0.0159	-0.7570	-0.7174	0.8753	2.5018	0.6079	0.8147	1.8244	0.1655	0.7798	0.9739	0.3702	-0.5725	-0.3791	-1.0911	-0.7369	2.1346	-0.6204	-0.4754	-0.1542	-0.6391	0.1529	1.8449	-0.1821	-0.2206	-1.5302	-0.2979	-0.0501	1.4113	-0.8646	0.6864	0.0588
-0.6000	0.8658	-1.5100	-1.2982	-1.1671	-0.1711	-0.9916	1.4962	0.8013	0.2847	-0.4915	0.6167	1.5801	-0.9238	-0.5900	0.2058	0.3613	0.0905	-0.9064	-0.7989	-0.8876	3.0099	-0.7876	1.0540	2.9753	0.4641	0.6886	2.0156	-0.6791	-0.2781	1.6812	-1.1876	-0.2801	-0.0265	0.9429	0.3938	-1.6613	1.3459	-1.1629	0.8719	-0.6054	0.1469	-0.3265	0.0539	0.9627	-0.0458	-0.6498	0.7683	1.0275	0.7757
-0.2595	0.8781	1.3576	0.8806	0.9992	0.8576	-0.7323	0.6527	-1.1633	-1.8911	-2.0628	1.1476	-0.4838	0.5745	0.8183	1.2673	0.1445	1.2327	1.4193	-2.0244	2.0156	-0.0798	0.5466	0.9640	-2.0124	1.3782	0.1354	-0.0603	0.4910	0.3807	0.8795	-0.1823	-0.6287	-0.4203	-0.3242	-0.6613	2.2006	0.2203	0.3343	1.1275	-1.6140	-0.8277	-0.2154	-0.2323	0.6840	-1.7588	-0.0504	-1.4051	1.0115	1.2633
1.0802	-0.2094	-0.5422	-0.2076	1.2021	0.1861	-0.7762	-0.7241	1.9813	0.4201	-0.4980	0.7282	0.8136	2.1080	-0.4703	-1.1136	-0.4679	-0.1461	-0.1892	1.4450	-0.5497	-1.9982	2.2788	0.1862	-2.3184	-0.0060	-0.8829	-0.3364	0.6362	0.4666	0.1425	-0.2417	1.6794	0.3179	-0.7672	0.4855	0.5699	-0.9008	-0.3021	-1.5563	-1.0349	-0.5636	-0.3064	-0.7442	0.4804	1.1743	1.7445	1.5148	0.4212	1.0149
0.5524	-0.7922	2.0235	-0.7735	-0.6974	1.3312	-1.3243	-0.3167	-1.3219	1.3055	0.1451	0.2417	1.2625	0.2245	0.6229	-0.8629	0.4443	-0.3446	1.5759	0.7174	-0.3905	0.8769	0.7574	-1.1027	1.4122	0.2047	-1.0380	-1.5022	1.2758	0.1298	0.3083	0.9076	-1.4760	-1.8470	0.0442	0.1049	-0.7157	0.3434	-1.3885	0.8420	-0.1019	-0.8697	-0.2195	-0.6839	0.6909	0.7200	1.2429	-0.0929	-1.8958	0.1182
-0.3258	-0.7772	0.5104	2.7759	1.2858	-0.3360	0.7647	0.9286	-1.5560	0.5192	1.1007	-0.0326	-0.0751	-0.3108	-1.2214	0.7809	0.1473	1.8235	1.6377	-0.7162	-0.1374	0.8417	0.5885	1.0217	0.2264	-0.1729	0.0880	-1.0184	0.9206	0.0621	0.6511	-0.2692	-1.4226	0.9038	-0.2579	0.1415	0.2803	-0.7437	1.9112	-1.0313	0.2418	-0.1607	-0.6382	0.3640	0.5646	-0.4529	-2.3691	0.1892	1.7803	2.2081
0.9592	-0.7678	1.3390	-1.5608	0.3632	-1.1117	0.6325	-0.0641	-0.8558	0.7024	0.1376	0.1488	0.6443	-0.8114	0.6251	-1.1598	-2.0963	-1.0568	2.2775	-1.0734	-1.1783	0.3277	2.5659	-0.1514	-1.2474	0.4166	0.1181	0.3324	0.0504	-0.4241	-0.0049	-0.7739	-2.0369	0.6916	-1.0462	0.0674	-0.3844	-1.8087	-0.1674	1.6714	-1.1906	-0.1711	-0.1984	1.1567	0.0703	1.3708	0.6167	-0.7486	0.7937	-1.7992
0.1799	0.0368	-0.6070	0.3620	0.9109	-0.0793	-0.0716	0.2985	0.4568	0.0903	-0.5326	-0.2809	-1.1191	0.6603	0.5112	0.3772	-0.0123	-0.2320	-0.6905	0.5098	1.9967	2.7056	0.0394	0.1520	2.3266	0.7314	-0.9428	-1.2723	0.3436	-1.4921	0.5106	-1.3372	-0.5814	-1.3065	-0.9976	0.5673	0.8448	0.7806	-0.3592	0.6934	0.1419	0.7636	-0.1739	-0.4888	-1.4351	-1.7138	1.8794	0.7473	1.0170	0.9227
-1.3325	-1.1681	-1.7256	-1.0282	1.0084	0.6168	-1.3329	0.6334	0.6142	-0.7352	0.4283	-0.6284	0.0835	-0.7650	0.2063	-0.8115	-0.8023	-0.1190	-1.4697	-1.1551	-0.3031	-2.2368	0.6737	-0.8298	0.6405	-1.4856	0.1653	-0.8575	2.4985	-0.4583	0.1335	0.2846	-0.4089	0.0491	-1.6585	-0.9307	0.8533	-0.8281	0.4928	0.3056	0.8377	0.4935	-0.8115	0.1571	-0.3933	0.0139	1.6459	1.4174	0.7277	-0.0642
-0.0890	-2.6588	-0.0986	0.6757	0.6793	-1.1228	0.4373	0.7148	1.6203	0.4279	-0.5455	0.5810	0.6589	-0.2954	-3.0744	0.7049	-0.8054	-0.3678	0.2195	0.3240	0.4582	-0.8881	-1.4531	-0.1481	-0.0016	-0.6942	0.9930	-1.9102	-0.5529	-0.6368	-0.6305	-0.4455	-1.5641	-0.9060	1.6242	-0.2326	0.0170	1.1116	1.3289	0.1774	0.5676	0.5540	-1.4026	-1.4786	-0.2425	1.2953	1.2085	-0.3265	0.2823	0.9510
0.6234	1.5750	1.7820	-0.6753	-0.9846	-1.3204	-1.1645	0.0475	1.3292	1.0297	0.7255	0.6865	1.3082	0.9132	-0.2942	-0.6651	-1.0463	-0.2477	-1.5061	-0.6946	-1.6972	-1.0227	-0.7830	1.2919	0.5968	1.0517	0.2683	-0.6332	-1.9252	-1.0375	0.0903	0.5399	0.9514	2.2794	0.8499	1.3984	-0.1894	-0.7852	-0.0101	-0.2428	1.2406	0.2291	-0.7556	-0.1330	-0.9812	-1.7823	-0.8812	0.0156	-0.5522	-0.5801
0.5173	0.3657	-0.6707	-0.4122	-0.5472	0.5608	0.8998	0.9058	0.2895	0.7724	0.0520	-0.4538	0.5571	-1.7102	-0.5009	-1.2650	-0.0084	-1.5658	0.3392	-0.4684	0.7891	0.3711	0.3880	-0.5779	0.6851	0.1451	1.3648	0.5635	0.1527	-2.1943	0.3014	0.6581	0.2101	-2.2721	0.4813	-0.9510	-1.9877	-1.5684	0.6378	-0.1590	0.1692	-0.7454	-0.5967	-1.0949	-0.4660	0.3408	-1.9827	-0.2052	-0.1718	-0.7124
-0.3324	1.0683	0.9734	-1.0399	-0.0947	-1.0117	0.0790	-0.6562	-0.1776	1.3045	0.7870	0.3969	0.4728	1.4089	0.7744	1.3208	0.6865	-1.0532	0.3584	0.9892	1.2750	0.9573	0.6495	-1.1158	0.9398	-0.5968	0.2296	-0.4283	0.1582	-1.8367	0.0552	-1.6744	-0.1627	-0.6829	1.2760	0.7869	-2.7316	-0.4409	-1.6575	-0.3384	-1.7946	-0.3305	0.1517	-2.7629	0.4830	-1.8694	-1.2031	-0.1388	2.6400	-1.1652
-0.7224	-0.0462	-0.4355	-0.6522	-0.4085	0.2705	0.7721	-1.3433	-0.6272	1.6959	0.7829	1.4674	0.4856	-0.1932	1.5506	-2.0460	0.6155	1.4748	-0.7374	0.4238	-0.6022	-0.4863	-0.0158	-0.1388	-0.4715	0.7805	-1.0159	1.7803	0.4405	0.3022	0.0434	0.9216	-0.1306	1.0721	-0.6182	-0.5422	-0.2662	0.4818	-1.1272	-0.3979	-1.2423	-0.2083	2.1752	0.0508	0.1985	0.4625	0.5388	0.5421	-0.9973	-0.3010
-0.5289	1.6576	0.1477	0.1272	-0.5564	-0.5902	-0.9887	-0.9111	1.6999	-1.1864	1.5738	-1.7904	-1.2898	-0.3479	-0.5492	0.8754	-0.6882	0.1270	-0.0175	0.3994	-1.4408	1.1211	-0.8792	0.1683	-0.9829	-1.1305	-0.0889	0.6072	1.0822	-0.0943	0.6665	2.2766	-0.3817	1.2151	-1.7247	0.6933	0.2038	0.3282	0.6090	0.9713	0.0670	-2.1666	-1.7616	0.9075	0.3349	0.6734	0.4046	0.0444	-0.9704	-0.3932
-0.0162	-1.0253	-0.9090	-0.4953	-2.3113	0.7479	0.9103	0.4914	1.3899	-0.1565	0.0165	1.1861	0.0390	-1.1381	2.0940	0.6534	1.9328	-0.5606	0.7399	-0.6426	0.0459	-0.7530	1.4110	0.4345	0.0367	0.2252	0.5687	1.3105	0.6837	-0.7829	-0.9315	-0.5018	-0.4023	1.5139	-0.1611	-0.2517	-0.0262	-0.2015	0.5580	0.5879	0.3481	-0.7616	-1.1198	1.7434	-0.1276	-0.1090	-2.0073	-0.9828	0.0746	1.5749
0.1793	0.8586	0.6894	-0.1467	1.3179	0.6840	-2.2347	1.2791	0.8179	0.0655	1.1896	0.2591	0.1536	3.4376	-0.8421	-0.0887	0.8379	-0.9104	-1.9401	-1.8311	0.6721	0.2928	0.1565	-1.6868	-0.3990	0.9464	-0.9295	-0.3723	-1.6167	0.1230	0.6915	2.7518	-2.9338	0.4767	0.1961	0.8438	0.2920	0.2230	1.2963	1.2313	0.6627	1.2450	-0.1411	-0.6665	0.7600	1.1168	-1.4711	-0.0372	-1.2463	-0.2373
0.8511	0.3424	0.2681	1.7292	0.9970	-0.6465	0.4635	-1.2829	0.1714	-0.6549	-0.5485	0.2945	1.7042	0.0987	0.4091	0.5944	0.2836	-0.2389	0.2632	0.2302	-0.4733	0.7444	0.3740	-1.5425	-1.1671	1.2967	-0.3785	0.1240	0.7007	-0.8437	-0.1063	1.8139	1.2890	-0.8489	-0.8714	0.8779	-0.9548	-0.6567	0.1296	-0.8754	1.0629	-0.7251	-0.2948	-0.2392	-0.2707	1.3125	-0.6471	-0.2563	-0.4907	-1.6808
0.0175	-1.8932	-0.7041	0.6250	-0.0507	-0.0328	0.4285	-0.9762	-0.8226	-0.9251	0.2862	-0.8309	-0.8037	-0.6660	-1.3148	1.1370	0.0945	0.8899	-1.4115	0.9576	-0.8591	-0.8719	-0.5593	1.3284	1.1594	-1.8689	0.5793	-2.0178	0.5058	0.5233	0.7292	0.2307	-0.1000	0.4202	0.7751	0.4884	-0.3028	-0.0919	1.3416	-1.4717	-1.3280	-0.0777	-0.2662	-1.6673	-1.2070	-1.7579	-0.3577	0.8039	-0.9369	-0.2870
0.7779	1.0555	-1.9683	-0.4521	1.0161	-0.8929	0.7090	-0.3676	1.1234	0.0701	1.9228	-1.1003	-0.2680	0.5604	0.9639	-0.6698	0.2390	-0.1655	-0.9721	-0.6111	2.2290	-0.0339	-0.0230	0.6192	1.8395	-2.1602	-1.2459	-0.1484	0.5047	-0.0245	-1.7934	-0.2568	0.9808	1.0519	1.5037	0.4503	-1.7549	0.1661	-1.4234	0.0841	-0.3146	-0.6096	0.5505	0.4061	-0.3919	-0.5796	-0.9535	-0.3462	-0.7933	-1.1194
-0.6161	0.4708	0.4978	2.0798	-0.4530	1.8190	1.0175	-0.5463	2.0603	-0.1339	0.1558	0.5451	0.5923	-2.0561	0.1326	0.2976	-0.5391	1.0479	-0.7427	1.0755	0.0127	-0.5370	1.3235	1.0015	1.8652	-2.3244	-1.0719	0.0376	-1.8765	-0.3961	-1.1092	0.1983	0.8607	-0.4018	-0.6149	-0.1806	0.2276	2.2787	0.4910	-1.1543	0.8157	2.1487	-0.9139	0.8118	0.3776	-0.2267	0.4548	-1.7754	0.7187	-0.6580
1.2895	-1.3143	-0.9337	0.2852	-0.4107	-1.0617	1.0239	0.5072	-1.4228	-1.6042	-0.6358	2.0606	1.3017	0.1762	1.5253	-0.1056	0.0210	0.3250	-0.3112	0.1464	0.2580	-0.7995	0.0088	-2.2867	-1.3385	0.8384	1.5100	-1.9735	-0.1689	-1.4076	-0.1508	0.5961	-1.2011	0.6492	-0.0408	-0.1452	-2.1431	0.5569	-0.9052	-1.2374	-0.6007	-0.1214	-0.7551	-0.0272	-1.1524	0.3534	-1.1838	1.0729	-1.1654	0.5931
-0.6421	0.1062	0.7747	-0.0961	0.2060	1.0691	0.1928	0.4504	0.8074	0.5084	0.2871	-2.1987	-0.5963	0.3140	-1.0210	-0.5242	-0.6016	0.1069	-1.0595	-0.1495	0.8787	0.4057	1.8984	1.6797	-2.2934	-0.4457	-0.2366	-0.1458	-0.8784	-1.4972	0.9204	-0.8734	-0.7261	0.0911	-0.9029	-0.2277	1.4555	-0.3446	-0.7232	0.6627	0.3807	-0.7264	-0.3970	-0.8235	0.0493	-2.1751	1.2040	0.4424	-1.2191	-0.4284
1.5284	-1.8071	-0.9473	-0.6224	0.1630	1.3157	0.2125	-1.1701	-1.4996	-0.4565	0.9423	-1.7706	1.0592	-0.6284	-1.6175	-0.9424	-1.4456	-1.0124	0.8524	-0.4812	-0.8905	-0.8753	0.2897	0.0468	0.8464	-0.5727	-0.8526	0.3541	-0.7060	-0.0437	0.2119	0.3047	-1.1266	-1.6290	-1.3241	1.0689	-0.5352	0.3508	2.0676	1.9079	-0.1549	0.5144	-0.1720	0.0299	1.4518	0.9292	-0.3852	1.5409	0.1911	0.1592
-1.0511	-0.3944	-0.9047	-0.7150	-1.8716	-0.2197	-0.3143	-1.2003	1.4215	1.3661	-0.0914	0.7117	-1.0229	-0.3939	-0.8526	-1.6626	0.5208	1.2704	-1.1304	0.4775	0.9987	1.8379	-0.3233	1.0161	1.1831	-0.1279	0.1972	0.5293	1.0722	0.4334	-2.1925	-0.3219	1.8433	-3.6438	1.5253	-0.7951	-1.5309	2.4111	-0.3213	-0.2201	-0.2741	-0.8354	-0.3617	-0.3135	-1.2619	-0.4544	0.8410	-2.2741	-0.9334	0.0867
3.4730	0.6285	-0.0600	1.0117	-0.8335	-1.6543	-0.7505	0.5101	0.4742	-0.4187	-1.4875	-0.2922	0.4663	-0.2329	-1.9359	-1.7292	-0.8463	1.3979	-1.6452	-0.9995	0.0272	-1.3890	0.3266	-0.6546	1.3279	0.1537	-0.4322	-0.0820	0.8153	1.4914	-0.0470	-1.4296	-0.0871	2.0752	0.1828	-1.5426	-0.3857	0.0905	0.0085	0.3815	-0.5863	0.4476	-0.8985	-0.2346	-0.8576	-0.2818	-0.6855	0.0985	-1.7613	2.1098
0.8578	-0.3768	0.7739	-0.5197	0.2811	0.7657	-0.5023	2.7841	-0.0041	0.2943	-0.2899	-1.6768	-0.5586	0.6387	0.0129	0.6045	0.2779	0.8649	-0.2495	-1.0978	0.6457	-1.0308	0.5873	-0.4791	0.2305	0.9081	-2.1555	0.5525	-0.5287	0.3813	0.1022	0.1581	0.4917	-0.0258	0.0559	-0.3766	-0.0826	0.3470	0.9764	0.7713	-0.2237	-2.1679	0.4608	-0.8061	1.2186	-0.0159	1.0082	-0.6313	-0.3090	-1.2252
1.0390	0.8285	0.2374	0.8882	0.7923	0.7203	-0.2959	-1.7068	-0.3766	-1.4309	1.0310	0.3013	0.6764	-2.3242	-0.5442	0.1408	-0.4479	0.2917	1.7344	-1.5554	2.6975	0.0852	1.6621	-1.3906	-0.9487	-0.6007	1.3632	-0.2214	-0.0957	-0.0463	-0.5340	-1.5389	-2.6118	1.4633	0.4972	0.4838	0.3310	-1.1866	-0.5798	0.7727	-0.1648	0.6739	1.3805	1.0844	-0.5844	-0.8946	2.2101	0.1781	0.1555	-0.1590
1.3912	1.2468	1.3090	-0.9474	-0.9046	1.2804	0.3545	-0.4703	0.7989	1.7478	-0.4329	-0.0075	0.8316	-1.0908	-1.0984	0.3359	-0.7442	1.2954	0.9390	-1.6663	-0.1188	0.5278	-0.0534	-0.7724	-0.5469	0.5784	-1.3940	-0.2503	-0.2063	0.6582	-1.6470	1.2264	-0.5306	-1.4966	0.0817	0.9175	-0.5390	-0.3428	0.7123	-2.1662	0.4742	-1.4978	0.2852	1.6062	-1.2257	-1.1998	-0.2619	0.6430	0.3278	0.3288
-0.6411	0.1119	-2.1871	-0.2290	-1.5372	0.6585	1.8181	0.2258	-1.2360	-0.1322	1.5736	0.7585	1.1527	-0.2832	1.6630	-1.2776	1.2317	-1.9642	0.5925	0.9433	-0.3938	-0.7686	-0.2145	-1.9076	-0.3901	-1.1688	-0.0249	-1.3871	0.5805	0.6007	0.8296	1.1552	1.7407	2.9508	0.3343	-1.6873	-0.1905	-0.3429	0.6889	0.9840	0.7138	1.2924	-0.9979	1.9428	-0.0214	-0.2995	0.8458	0.3297	0.6576	0.1962
-0.2274	0.2910	1.3040	-1.0441	2.4240	-0.5320	1.3804	-1.1714	0.3508	-1.1649	0.9876	-0.5187	0.5227	0.0068	-0.9920	1.5976	-1.0394	0.1593	0.0578	-1.9172	2.4894	0.3145	-1.2659	0.6651	-0.8507	-0.5662	0.5535	-0.1500	1.0195	1.2737	-0.2821	-0.8516	0.0482	-2.3080	1.5376	-1.5522	-0.0671	-1.5710	-0.3978	-2.0588	-0.2300	0.5430	-0.3936	-0.7167	1.0378	-0.7085	0.4167	-0.4917	1.2218	-1.7124
-1.2800	-0.8734	1.0919	-1.0117	0.9787	-0.1051	-0.4177	-0.8403	-0.6609	0.3276	0.5781	0.7940	0.6496	0.0487	-1.2968	0.0744	2.0408	0.2026	0.7743	1.3806	0.3485	-0.7638	1.7344	0.8830	0.4659	1.9726	-3.3476	-0.5442	1.6291	-0.5100	-0.4331	-0.7970	0.3962	0.5381	-1.7249	0.3702	-0.4650	1.1397	0.7784	-0.9067	0.0170	-0.6678	0.4431	-1.1730	-0.4281	-0.8738	0.9124	-0.5743	0.4724	-2.5290
-0.4958	0.3436	0.2380	0.3174	0.5224	-1.1359	-0.3941	0.3706	-0.5509	-1.0413	1.6030	0.2104	2.1771	-0.3457	1.8967	0.0124	-0.0687	0.6157	-1.6450	-1.6217	0.0861	-1.7885	-1.9177	-2.4704	-0.0700	0.3461	-1.0152	-0.5730	0.1238	0.7559	-0.9672	1.0254	0.7533	0.7958	0.1129	0.4568	-0.3980	-0.7932	-0.6818	-2.0846	-0.1169	-0.7635	-2.6671	-0.0936	-0.2669	0.8058	-1.1404	-0.4569	0.4912	1.7667
0.2726	1.5958	1.0039	-0.5030	-1.0024	1.4953	-0.6549	-0.4605	-0.2514	1.5764	0.3358	-1.3968	-2.1350	0.5755	0.5258	0.2404	0.3966	-0.3759	-0.5098	0.2410	-0.1982	0.0272	-1.0003	-0.6919	-0.6671	-0.8438	0.5675	-0.3743	0.4954	-0.6175	1.3163	-0.1225	-0.1037	-0.4208	-0.9022	-0.9921	0.1454	-0.3013	-0.0433	0.3681	0.6480	1.8130	-0.3166	0.0085	-1.7520	0.6009	0.1132	0.1384	1.0390	-0.8594
-0.1410	0.0233	-1.1284	0.6500	-0.9956	-2.8205	1.0003	-1.0947	1.0697	-0.0788	-0.0428	-0.3944	0.3323	0.9161	-0.5177	-0.5595	2.3302	-0.9592	-0.7867	0.2156	0.0059	-0.7626	0.6428	-0.1360	-0.2717	1.9552	-0.9650	1.2959	-0.0737	0.4142	-0.9471	1.1062	1.2655	-0.5834	1.2170	0.3844	1.7702	-2.6519	-0.4172	0.3580	-0.2932	0.9614	-0.7581	0.6718	-0.4258	0.7457	1.3176	-2.0592	-1.2894	-1.7866
-0.8136	0.4214	0.9699	0.7059	-0.2801	-0.4339	-0.2695	-1.3128	0.5298	1.5429	-0.5640	-1.3276	1.6858	0.3527	0.6721	2.1064	0.5137	0.5239	1.8815	-0.2228	1.3966	0.0945	0.1457	-0.6048	2.3842	0.6225	0.5064	-1.1823	-0.9662	0.2346	0.7373	-1.5497	-1.1690	-1.2703	-0.8036	-0.1309	-0.2180	0.3210	-1.2945	-0.3595	-0.9291	-0.3608	0.0531	0.0746	1.0197	1.0840	-0.4912	1.2869	-0.0578	0.2872
-0.4516	-1.5261	-1.3430	-0.1767	1.8312	-1.0233	0.7075	0.7104	0.6443	0.3472	0.1111	-0.7505	-1.2425	0.9789	-1.4774	1.3045	0.2653	-0.8595	-1.2600	-1.7157	0.2344	0.1936	-0.1029	-1.5907	0.3400	-0.9182	-0.1484	1.5559	-2.3221	3.0023	0.6503	1.7013	0.0757	-0.0610	1.6353	-1.1354	2.1595	-0.5743	0.2808	1.6101	-2.0721	-0.4702	0.1433	-0.7421	0.7032	-0.7787	-1.3894	1.2432	-0.3868	2.5400
-1.6718	1.3383	-1.2380	0.7825	0.9322	-0.1402	-0.6951	-0.9048	1.5247	0.6483	-0.6374	0.7171	1.0806	1.3192	-0.6341	-0.2374	-0.8946	-1.2274	-1.3347	0.8059	-0.0645	-1.1631	-0.4954	-0.4064	0.0049	0.0941	2.0977	-0.6044	0.1345	0.6534	1.8731	2.0154	0.0557	-1.6449	-1.3869	1.6696	0.0183	0.3310	0.4646	-0.9352	-1.2570	-2.4988	1.3600	1.1794	1.7914	-1.0117	-0.5161	1.6930	0.3116	-1.6204
-1.2940	-0.5391	1.9571	-0.6246	-0.8855	0.0954	-0.9872	-0.2499	0.2902	1.0092	-0.2757	1.0129	0.8833	-0.9085	-0.3532	0.7205	0.5366	0.0076	-0.0581	-1.2617	0.9145	-0.8616	-2.5443	-1.8570	-0.2677	-1.2488	-1.4620	0.2556	0.4299	0.8959	-0.3557	0.2127	0.3167	-0.5320	1.0626	0.7590	0.3465	0.0876	0.7788	-0.9508	1.9096	0.1145	-1.1130	-0.6676	1.3145	1.9506	0.5160	-0.7079	0.3973	0.4404
1.2916	-0.8636	0.1411	-0.1948	0.8945	-0.2480	0.9345	-0.0736	2.0808	-0.8913	1.0374	-0.0710	0.2605	0.3484	0.7191	-2.4256	1.4555	0.3908	0.5813	-0.6405	-0.4508	2.3852	-0.0840	0.6322	0.8857	0.3167	1.1030	0.4581	-0.8435	0.3080	0.8112	1.7793	2.0346	-1.1484	-0.0588	0.9248	-0.5274	0.9894	-1.2413	-0.6996	0.7965	-2.1664	0.7382	0.2350	-0.3652	-0.6503	0.0378	0.3334	-1.0892	-0.8164
-0.2109	0.5685	0.3470	-0.3888	-0.5390	1.5012	0.7502	0.8534	-1.2304	1.0707	0.3721	-0.0578	-0.4045	-1.9687	1.2956	-0.5698	1.1744	-1.0906	-0.5389	-0.0724	0.6330	-1.7837	0.1705	0.7947	1.7040	-1.6234	1.3384	1.0540	0.2158	1.6864	1.8175	1.4865	0.8584	-1.3714	0.4565	0.6463	-0.3006	-1.5176	0.0605	1.2278	0.7057	-1.4866	0.7039	0.8452	-1.3527	1.4122	-3.7048	0.1181	0.0707	0.2882
-0.4998	0.0546	-0.6013	-1.5587	0.0931	1.7477	-0.5259	1.0133	-0.9642	-1.3631	-1.1499	0.3844	0.5881	0.5447	0.0132	-0.8852	-0.4321	-0.0006	-0.0411	-0.9117	-1.0021	-1.6799	-0.1767	1.5769	0.1902	-0.1068	-0.1319	-1.5682	1.0763	0.0062	-0.0195	0.8462	-0.0269	0.6767	-1.2573	0.0488	1.0467	1.3498	2.3337	-1.4038	-0.7982	0.8186	0.0468	-0.1915	-0.9996	-0.3906	0.0823	-0.2123	-0.0211	0.9738
-0.1028	0.4047	0.9621	0.2041	-0.1053	1.0117	0.9423	0.8717	0.1727	-2.1001	0.1079	1.6437	-0.8581	-0.8188	1.4140	0.0411	0.3003	1.5040	-1.1262	0.6343	0.9287	-0.5583	-0.5294	-0.4447	1.4177	-0.0975	-0.4865	-1.2088	1.0368	-0.2252	-1.1906	0.0138	0.4513	-0.4376	1.1886	-0.8518	-1.4105	0.9438	-1.1555	-1.0867	-0.6799	0.6912	-2.2445	-0.8378	-0.3832	-0.7559	2.0845	1.1867	0.0710	0.5861
1.7357	0.8291	2.1531	1.5910	-0.5805	0.2932	0.3088	1.0739	-0.5691	1.4967	-0.9403	0.9479	1.9493	1.2782	-0.1112	1.0468	-0.3190	-0.2367	-0.5589	0.4038	-1.6514	1.4081	-0.2487	1.1791	1.5735	2.1624	0.3244	0.0256	-0.3764	1.4755	-0.1410	-0.3753	0.9520	0.2980	0.3867	0.2345	-0.5157	0.0225	2.0382	-0.6356	1.9016	0.1887	0.3987	0.3185	-0.3697	-2.2152	0.4547	0.6203	0.7459	-0.8015
0.2761	-0.3137	0.1537	1.0318	1.1464	-0.4814	-1.1521	0.7892	-0.6859	-0.2417	-0.1428	-1.4323	1.0985	0.1088	-0.0727	2.0841	0.4465	-0.3386	0.2296	1.2840	-2.6612	-1.3799	0.1628	-0.8714	-0.3416	-0.1370	-0.0390	0.7316	-0.4417	-1.7419	0.3543	-0.3047	1.4144	0.5063	0.5165	0.3540	-1.2135	1.7698	0.7235	1.0206	0.2019	-0.2644	0.1023	-0.9793	-0.2811	0.9144	-0.5497	0.3730	-0.1423	0.6881
-1.4360	1.3960	-0.0572	-1.2125	-0.3717	-2.0284	-0.2933	0.3549	0.8599	0.1180	-1.1484	1.2116	1.5544	-0.4715	-1.2917	0.4003	-0.1181	0.5007	0.5626	-1.1839	0.3254	-0.6933	0.9040	-0.4340	-1.2100	1.0700	-0.6139	1.1049	-0.6082	-0.7469	-0.6490	-1.2982	1.0597	0.1589	-1.4295	2.5606	0.1423	-1.2383	0.8389	0.9756	-1.1080	-0.2852	0.6314	1.2717	-0.3967	0.0384	0.6633	1.0579	-0.5383	-2.0021
0.0495	0.1517	1.1304	0.3336	-0.5511	-0.2327	-0.6733	-0.3816	1.5101	-1.0955	0.4242	0.8807	1.0164	0.9475	0.0632	-2.4226	-0.6307	-0.9368	0.4036	-1.4928	-1.2153	2.3620	0.3636	-0.9554	-1.3459	-1.2089	-0.6542	1.3100	-0.2895	1.4896	0.0210	0.7945	-0.9376	1.3983	1.2098	0.0802	-0.1476	-1.8423	0.4637	1.6144	0.1129	0.7904	0.4204	-1.4700	-1.7688	0.6414	0.2162	-0.9919	-0.5931	-1.7813
0.3529	0.9807	-0.4447	-0.3333	0.5314	-0.4767	-0.8964	1.1194	-2.6527	0.2215	0.1857	0.1244	-1.5881	0.4007	-1.0768	-0.3728	-1.9430	1.1780	0.0586	-0.5382	0.2703	2.0595	0.9350	0.0309	-1.3155	0.3126	-2.1790	-0.1780	-0.2781	-0.4518	1.3779	1.0301	1.4305	-0.3746	-1.5829	0.2199	-0.2384	0.6857	0.6730	0.8537	-1.8522	1.2414	0.6908	-0.4452	-0.4048	0.3254	0.5544	-0.2920	1.6276	-1.5127
0.3240	-0.6645	-2.3363	0.9249	0.1658	-1.7638	-1.0973	-0.2164	0.5538	-0.0070	-1.1491	-0.9706	-0.9221	0.0159	-0.5099	0.7268	0.9768	-1.0068	-0.0598	-0.9954	1.0192	1.4052	0.7727	0.6579	0.2077	0.0763	0.5601	1.1941	0.4664	-0.2229	0.9573	1.2606	-1.0163	0.4598	-0.0629	2.6772	1.1156	-0.3775	1.1416	0.0684	-0.8785	1.2504	-0.5759	0.1023	0.9321	2.2615	1.8165	-0.4090	0.7850	-1.0478
1.0244	1.6170	0.4770	-0.2908	0.1371	0.2576	-0.3353	-2.2570	-0.8574	1.4899	0.8186	-0.4770	0.2804	0.1756	0.0766	-1.9114	-1.3578	0.2712	-0.2155	0.2655	-1.3972	0.6392	0.3567	0.5756	0.0796	-0.3608	0.0138	-1.3055	-0.8851	-0.6834	-0.5446	1.5000	0.3494	-0.6190	0.6693	-0.1518	1.7227	-0.5843	1.0732	-0.0230	2.0334	-1.7039	0.7513	-1.3754	1.6232	-1.5349	-0.3055	-1.4301	0.4434	-0.6890
-0.9004	0.6648	1.6415	0.3548	0.2759	1.3134	-0.0418	-0.8323	-0.3406	0.0968	-1.6400	-0.3945	0.4682	-0.7421	0.1132	-1.3807	0.7955	1.0184	-0.2867	-0.1441	2.0396	-0.6252	-0.3024	-1.3643	-1.4273	-1.0146	-0.7800	-0.3577	-1.0407	-2.0650	0.9211	0.5863	1.6471	-0.5249	-1.6921	0.2729	0.7962	2.1578	-0.3829	-0.3320	0.3076	-0.0301	1.4998	-0.9822	0.6867	-0.1970	-0.1892	0.2560	1.2102	-0.1805
0.4978	-1.8459	1.7253	0.3134	1.7293	-0.6443	-0.5498	0.3960	0.6847	-1.2457	-0.3965	-1.3738	-0.3127	-1.3280	-0.4830	-0.7555	-0.3807	0.0454	-0.4455	1.4088	1.4640	1.4160	-0.0738	-0.6908	-0.6111	-1.5414	0.9481	0.0405	-0.8423	-0.0990	-0.1711	-0.3091	0.2138	-0.3517	-0.4796	-0.3647	0.5823	0.2297	0.7646	0.1501	1.1676	1.4727	-0.0923	0.9052	0.3846	-0.1643	-1.1524	0.1539	-0.5090	0.2066
0.3391	-0.6725	-2.7211	-0.4456	0.6208	1.2448	-0.1264	-1.3947	0.0070	0.4348	-1.8364	0.8619	0.1287	-0.6646	-0.7628	1.3116	0.8155	-1.4811	0.2269	0.4319	-0.6995	-0.4873	-0.4307	-1.5830	0.0093	-1.9019	-0.6162	1.2270	-0.0192	0.3968	-0.9735	-1.1268	0.6299	0.7031	0.5950	1.3328	-0.2767	-0.8162	0.4098	0.0369	-1.2780	0.5529	0.3598	-1.0310	-1.3077	-0.6049	0.9973	0.2067	-2.7079	-0.7790
-0.2108	-0.4792	0.6335	0.1669	-0.4034	0.9919	-0.4258	0.1922	-0.0137	1.6707	-1.0375	-0.4212	0.0326	-1.0753	1.9501	-0.2129	-1.3430	0.9438	-1.3470	0.6688	0.8124	-0.1096	0.0837	-2.9239	0.3622	-0.7118	0.5720	-0.7634	-1.3607	0.9138	0.7306	0.1616	-0.6633	1.1101	0.6715	-0.1712	1.8104	1.0294	-0.0440	-1.0117	0.3241	1.3250	0.7726	1.5293	0.6762	-1.7738	0.6215	-0.2834	0.1155	1.1118
0.7443	0.4822	0.7365	-0.8926	-1.2936	-3.1678	0.0326	0.9475	1.9249	0.6046	0.1834	2.7113	-1.3597	0.4390	0.2982	-0.3613	1.1228	1.2104	0.5084	0.5704	1.5559	-0.1300	-0.1411	0.3646	0.4456	-1.0101	-0.5548	2.4441	0.4833	-0.4546	-1.0592	-0.6204	1.1561	-0.9889	3.1149	-0.9446	2.0114	0.0496	0.4200	-0.9195	0.6106	-0.7011	0.0270	0.4076	-0.0225	-0.8796	-0.4045	0.3344	1.3164	-1.3695
-0.6261	-1.0016	-1.2252	1.0425	0.4856	-0.5817	-1.5508	-0.5265	-0.1249	1.9515	0.4843	-1.1844	0.8041	-0.6012	-0.9982	0.3318	0.0900	0.2639	-0.0684	1.5427	1.0476	0.1542	-0.0247	1.4414	1.6629	-0.5700	-0.8758	-1.1814	1.7105	-2.5641	0.2333	-0.8422	1.3573	-0.2387	1.3392	0.3050	0.5296	0.2318	-1.0379	1.2212	2.6761	0.4464	0.5052	0.6683	-1.1804	-0.5262	-0.1210	-0.0768	-0.9137	0.6256
-0.8510	0.1727	-1.9928	-0.4682	0.0970	0.3078	0.0612	-0.9484	0.2398	1.7641	-0.8612	0.5194	1.0427	0.4757	-2.0211	2.5198	2.2078	0.8318	-0.0999	-0.1200	1.6670	-0.4319	-0.5685	1.9135	-0.8684	1.2457	0.7847	-1.1536	1.1654	-0.6181	-0.4575	-0.5936	0.7387	1.0413	-0.3041	-0.5819	-1.2122	-0.4898	-2.5126	-0.4722	-0.7133	-0.2161	-1.8165	-0.5734	-0.7895	0.0509	-0.0173	1.1121	-0.7373	1.1062
-0.8558	-0.5252	0.3560	0.6561	-1.2098	-1.3057	-1.5832	-0.2992	-0.6175	1.8506	0.0835	-0.2619	0.1206	-0.3337	-0.7938	-0.1738	1.8790	1.7318	-0.1933	-0.5003	0.0730	-0.4464	-1.7504	2.0461	0.9119	2.5301	0.3379	-1.4598	0.5523	0.2251	2.6873	0.3214	0.6855	0.8019	1.8546	0.6470	0.1300	-0.9230	-0.8308	0.4323	1.6074	0.1127	0.4986	0.9579	-0.8721	1.1851	-0.1018	-2.3259	-0.9337	-0.0128
-1.0058	1.5340	-1.2103	-1.2334	1.8132	0.9217	0.9223	-1.1093	-1.2622	0.7938	0.6939	-0.1135	0.4980	0.9999	0.8315	-0.8975	0.7737	1.3827	-0.6452	1.3789	-0.5218	-0.4572	-0.3256	-0.4612	-0.6984	-0.9687	0.4068	-0.1067	-0.4138	0.3005	-0.0887	-0.5224	-0.4742	-1.4016	-1.9687	-0.8878	1.4417	-0.3008	-1.4172	-0.2404	0.3077	-1.4126	-1.0403	0.0570	0.6768	-0.3791	-0.7230	0.0216	0.5765	0.2774
-1.3145	-1.1405	0.3633	-0.1703	0.0310	0.4627	1.3861	1.7136	0.0165	0.6201	1.0901	-0.3400	-0.0200	-1.5959	0.0252	0.0621	1.3013	-0.6338	0.5685	0.9498	0.6305	0.0063	0.5791	-0.0537	-0.1616	0.5758	1.0847	0.2106	-1.0490	1.3431	-0.5639	-1.1474	-0.3921	0.5110	-0.0319	-0.6701	2.1600	0.9236	-1.4866	-0.7835	1.0545	-1.1588	-0.8624	-1.9210	-1.4095	1.1558	-1.9016	-0.9199	-0.9522	1.5453
1.0266	0.2196	-2.1078	-0.3562	0.4353	0.2224	-1.5422	-0.8417	0.6607	-1.8934	1.8348	-0.4825	0.3981	-0.0394	0.2258	0.1783	-0.2542	1.1418	0.5428	-0.4409	-0.3451	-0.6723	-0.6283	1.2772	0.0357	0.9315	-1.2752	-0.2063	-0.3976	-1.2404	-1.0569	1.1184	-1.3454	-0.1633	1.1841	2.0596	-0.1887	0.2834	-0.0806	-0.2814	-1.3322	-0.8763	-0.9682	-1.4731	0.2026	0.7225	0.1002	-1.2005	-0.4539	-0.6155
0.7765	0.8038	0.9044	-1.3058	2.3875	-3.1421	0.5947	-0.0510	-0.7345	0.5833	0.5550	-0.6854	-0.1397	1.6272	-1.9754	0.3795	-0.6420	-0.7690	0.7443	0.4052	-1.0166	-0.8255	-0.4622	1.3146	-0.2680	1.9185	-0.7900	0.5866	-0.3659	0.9288	1.0316	-0.8240	-0.5340	-0.5362	-0.5224	-0.2968	-0.0475	-0.7360	-0.3332	0.4976	-0.4722	-1.7508	-1.9923	-0.3944	0.9409	0.4482	-0.9441	0.8062	0.1030	-0.0342
-0.1204	-0.0157	0.7082	1.3491	-0.1821	0.7207	1.0437	0.4681	0.5602	0.8109	2.0797	-0.3411	-0.5208	-0.8447	0.4247	-2.0600	0.5289	2.2741	-1.7280	1.2452	-0.7359	0.4756	0.2181	0.9178	0.7677	-0.1673	0.0602	-0.1579	-0.3273	1.1813	-0.0154	-0.5707	-0.2524	0.3148	1.3917	-0.9043	-0.2425	0.3329	0.8177	0.1844	1.5521	1.1388	-0.8656	1.0127	0.2677	0.1094	-2.0470	-3.2168	0.1384	-0.6452
0.6687	-0.2503	2.6598	-0.2305	-1.5843	-0.9848	1.0237	0.6268	-1.1315	0.8461	-0.4302	0.8830	0.5599	0.0750	0.0438	-1.8621	-0.5925	0.5054	1.6944	0.2223	-1.5797	-1.0682	-1.6400	-0.4776	1.0779	1.3148	-0.0491	-1.4222	-0.4951	0.7963	-0.6078	-0.2694	0.5676	-0.4447	-1.8823	0.4947	0.2823	-0.0670	-0.1858	-0.9347	-1.7996	0.4500	1.0067	-1.1468	-0.6379	-0.2969	2.6384	-0.3774	-0.6876	-0.5758
-0.9587	1.4669	0.7474	0.6791	-1.3906	-0.2227	0.5721	-0.5833	2.2036	-0.3671	-0.3012	-2.1173	1.5569	-0.0696	2.2790	0.4494	0.6361	-1.1074	0.4306	1.8663	0.1422	-2.0249	0.2093	0.8229	1.4685	-0.4379	0.7508	-0.8112	-0.5597	2.5617	-0.9979	0.9758	0.7274	0.7843	-0.6256	-1.7658	-1.2685	-1.2674	-1.4285	-1.3676	0.9169	-1.7022	0.2487	-0.4511	-0.1511	0.3958	0.8570	0.3458	-0.0652	0.1138
0.3314	0.2247	-0.7100	-0.0004	1.7984	-0.5063	0.2079	-1.2208	0.5328	-1.7364	0.3938	-1.6812	-1.0844	-1.0776	-0.1145	-0.4413	1.0824	-0.7700	0.6192	-2.7579	1.0839	-0.6180	-0.4093	0.7955	1.5389	1.4552	-0.7403	-0.3827	-0.1259	-1.3093	1.7118	-0.2116	-0.6971	1.0611	0.4073	0.3608	0.4507	-0.6316	0.3210	-0.7681	0.8120	-0.0502	-0.9444	-0.3267	1.1648	-1.8145	0.1405	0.4224	-0.7852	-1.0824
0.1799	-0.4292	0.1451	0.5287	0.1751	0.0630	0.5394	0.2403	0.4948	1.5711	0.1607	1.0969	0.5518	0.6154	1.1947	-0.6848	0.2540	-0.5882	0.8448	1.1283	-0.6068	-0.1188	1.5442	0.0122	1.8423	1.5078	-0.4400	0.2547	0.5663	-2.1063	0.5449	-0.1449	-0.6285	-1.3450	0.8890	-2.0259	0.2748	0.4618	0.7134	0.6508	0.6416	-0.0200	0.7779	-2.0330	-0.2077	0.5572	-1.6081	2.2397	1.1553	-0.3989
0.3652	-1.3133	-0.1995	-0.4625	0.4822	-0.4805	-1.4519	1.3556	0.1933	0.4316	0.1649	-0.0470	0.3385	-0.4875	0.5769	-1.1517	-1.2264	-0.2276	1.7497	0.3322	2.5226	-0.4585	-1.7985	1.6322	1.1044	-0.6403	0.6925	-0.6500	-0.1550	1.8310	-0.2720	1.3101	-1.2362	-1.6054	0.6125	-0.2521	0.6008	-0.8796	-1.3044	1.0534	-0.3886	1.0165	0.4824	-1.2371	0.4695	-0.8346	1.3003	-1.2755	0.2960	-1.5053
-0.3779	1.2651	-0.0611	-1.2441	-2.3476	-0.2853	-0.1521	-0.6019	-0.1367	0.0421	-1.7536	-1.6711	-1.1786	1.4369	-0.7892	-0.7082	0.8318	-1.2395	0.9361	0.3683	-0.6379	0.9056	-0.6838	0.6975	-0.4118	-0.3165	-0.8875	0.9941	-0.2193	-1.2851	1.2127	1.1744	0.0783	0.4999	-1.0418	1.2270	-0.9681	-1.1772	0.3107	0.8062	-0.6542	0.4780	0.2394	-0.4448	-1.7669	0.2064	2.3044	0.0693	0.9250	-0.2051
-0.4266	0.2531	1.0315	1.4761	1.4317	0.6978	0.2538	-0.8437	-0.0718	-1.4627	-0.3813	-0.5228	0.4482	0.3238	-0.4171	-0.4331	0.3777	-1.6034	-2.0286	-0.2881	-0.0594	0.0070	-0.4302	-1.3685	-0.5766	0.0134	0.8363	0.4323	0.9298	1.0646	1.1640	1.2143	0.4208	0.7960	-0.7451	-1.3570	-0.2901	1.2053	1.2410	0.6397	0.5913	-1.0995	0.3871	-1.0595	2.3313	1.0049	0.4855	2.0335	-0.3389	-1.2851
-0.2461	0.9141	0.4045	0.5629	-0.3455	0.4688	-0.3031	-0.9681	-1.3076	0.8220	-1.0797	0.0200	0.2302	-1.2649	0.3198	0.8944	0.0937	0.3222	0.2298	0.1677	0.4577	-0.0544	0.9407	-0.5254	-1.6958	-1.2894	-1.5013	-1.4894	-0.2825	0.4306	1.8358	-1.5457	-0.3427	1.0253	1.7788	1.3926	0.7345	1.4694	-0.4596	1.0747	-1.7839	0.7826	1.5688	-0.4143	-0.9261	0.3306	-0.4289	1.3251	-0.7484	0.2937
0.5524	-1.4069	-1.0016	-2.6244	2.1760	-0.8394	0.3131	-0.8319	0.5591	0.5446	-0.4821	-0.2005	0.3617	0.9612	0.0320	0.1045	-1.9926	0.7131	-0.1992	0.3261	0.5841	1.0836	-1.3291	0.0507	0.4735	0.4385	-0.6860	1.1608	0.2233	-0.3013	1.0159	-1.0416	-0.9873	-0.0947	0.0405	1.3837	0.9948	-1.6571	1.7490	0.3783	0.5429	-0.8692	-0.1935	0.3041	-0.8142	-0.8946	-2.1951	0.1852	-1.9699	-0.2085
-1.2754	-0.5276	-0.0226	0.9847	-1.2383	1.0554	-0.0038	0.2690	0.3996	-0.8172	-0.7352	1.3072	1.4402	0.6867	1.1783	1.4126	1.6331	-0.3317	-0.9155	0.8845	-0.6244	-0.0739	0.1843	0.4140	-0.5239	-0.8458	1.3429	0.0453	0.9304	-0.2896	0.4396	0.1954	-0.7936	0.2231	-0.6589	-1.5164	0.1281	-0.1660	-0.1260	0.0668	-0.3693	-1.2040	0.0108	-1.9334	-0.5053	0.8417	0.3963	0.4088	0.8118	0.1384
0.1280	1.1345	0.6310	1.9463	-0.0980	0.5925	0.8129	-1.4390	-0.8773	0.3900	0.0992	0.5159	-1.1243	-0.3138	0.4056	0.5871	0.0582	1.4133	1.4512	0.6177	-0.8266	-1.8910	-0.1127	0.8204	-1.5635	0.6030	0.9874	0.2352	0.6224	1.6170	0.0893	0.0307	0.8402	0.4224	-1.2465	0.6460	0.9651	-0.3990	-0.8342	-1.0655	0.1140	-0.0701	-0.5053	-1.1027	-0.2547	-0.4917	0.5025	1.6270	0.4416	0.4666
1.0009	1.0200	1.1465	-0.2521	-0.5446	-1.1678	-0.2704	-1.4615	1.8941	-0.1968	-0.0132	0.5910	0.8436	0.4395	-0.2010	-0.9304	0.9561	-0.2754	0.0212	-0.7274	-0.7415	-1.0369	-1.9305	-1.4552	2.3530	-0.8239	-0.0148	0.8457	1.8072	-0.6916	0.7200	-1.0665	-0.5260	-0.5168	-0.1105	0.0564	-0.2043	-0.7677	-0.1297	1.5317	-0.1068	0.1205	0.7154	-0.1789	-1.4465	-0.6744	-1.6154	-1.0738	-0.7346	0.5426
1.1729	-1.0712	-1.2125	1.1672	1.3421	0.3434	-0.5747	1.2119	-0.9883	-0.0500	0.9819	0.1359	-0.3650	-0.5807	0.1841	-1.7198	0.4374	0.9246	-0.0411	-1.3404	-1.4854	2.1824	0.6119	-0.5938	-0.5523	0.5371	1.0411	-1.4690	-0.0620	-1.2741	0.3098	-0.2346	0.6297	0.6958	1.8216	-0.3436	-0.8575	0.0823	1.5579	-2.3798	0.6578	0.7528	0.5699	-0.6960	-1.9803	0.3440	-0.8636	0.5392	0.5379	0.8788
-2.9296	2.8578	-0.7832	-0.9880	-0.4396	-0.3683	0.0898	-0.6142	-0.2029	-0.2923	-0.7409	0.4856	1.3464	-0.8403	0.6411	-0.2774	-0.3630	0.8282	0.4083	-0.9471	0.0927	-0.0712	0.5907	-0.7270	0.4754	-1.7534	-0.9657	0.4899	1.8701	-0.4806	0.8513	-1.6327	-1.9377	0.1427	0.6412	0.0517	1.0582	0.6667	1.0121	-1.2205	0.0424	0.1176	-0.4547	0.2162	-1.1143	0.4638	0.7271	-0.1070	1.2729	0.6845
1.6128	-0.8139	-0.0435	1.2523	-2.5914	1.1642	0.8232	0.6743	-0.5755	0.0826	-0.6906	0.3144	-0.0425	1.0267	-0.6543	-0.2202	-0.4857	1.0596	-0.1308	-1.2539	0.8872	0.3072	-1.1103	-0.2219	1.1111	0.8444	0.5911	-0.6415	0.6542	-0.4329	-0.9728	1.1597	-1.2275	1.7536	0.8472	0.3506	0.3773	1.1332	0.2181	1.7991	1.2952	0.4647	0.1234	0.2110	-0.9771	0.5991	-0.2353	-0.6441	-0.6825	-0.8017
-0.2068	0.4380	0.9518	-0.4945	0.1834	-1.4282	0.9532	-0.9967	-0.8424	-0.6557	0.5917	0.6939	0.3310	-1.2920	1.5073	0.5165	0.6073	0.4187	-0.8995	-0.4181	1.0665	1.4781	0.9492	-0.5304	-0.3074	1.4406	0.2844	-0.0883	0.0699	0.5715	-0.8202	-0.5368	-0.3461	0.6234	0.0784	-0.9758	-1.4235	0.9318	-1.6412	1.1562	0.0122	-0.8323	-0.0765	-2.1436	0.0387	0.4484	-0.4716	-1.1603	1.4728	-1.5610
1.6202	0.4560	0.5413	-0.6855	0.0194	-0.4457	1.3349	-0.7752	0.4451	-0.2004	-0.5298	-1.4793	0.4376	0.7959	1.1347	-1.3231	-0.7223	-0.3734	-0.5155	-1.1923	-0.2534	-1.4092	0.0501	0.4000	-1.3695	-0.4072	1.0993	-0.4869	0.5919	0.8584	0.5174	0.4584	0.1192	-0.2584	-1.0681	-1.0816	0.8284	-0.1071	1.6335	-0.0092	0.3710	-0.2264	-0.0045	0.2392	-1.2830	0.5700	0.1975	0.6187	-0.7281	0.1235
-1.1743	-1.8793	-1.9380	1.4404	0.2447	0.9309	0.0743	-0.8116	-1.1351	0.1312	-0.5439	-0.4944	0.1201	0.3386	-0.6978	-0.0756	0.9740	-0.8839	0.5384	1.2165	0.7267	-1.1397	-0.1460	-1.1972	0.4031	1.3841	-0.3697	0.3281	-0.8162	-0.5238	0.4063	-1.3958	0.6246	0.7219	2.2375	0.9087	-1.8252	2.0834	-1.5153	0.1128	-1.1201	-1.0109	2.0361	-0.5629	0.2167	0.6620	-0.0566	0.7353	0.0186	1.2889
-1.4627	1.0867	0.1413	-0.7278	-0.0179	-1.1092	-0.7590	-0.4644	0.0067	0.7068	0.2590	-1.1339	1.1343	-1.8241	-0.8847	1.8900	-1.6273	-0.2380	-0.7113	0.9752	0.1141	0.2637	-0.2731	-0.2627	0.4207	0.1656	2.0351	1.1712	1.2356	-0.8243	-0.4691	-1.4856	-0.5990	1.1821	0.7699	-3.0177	-0.8448	-0.3553	0.0839	-0.9948	-2.2672	-0.3160	0.7491	-0.2500	0.9473	-0.7823	-1.0331	1.5252	0.0603	2.3063
-0.3113	0.9655	-0.8762	-0.2395	-0.6097	-0.6292	-0.2724	1.0894	-1.7061	-1.3622	0.7223	-0.3021	-1.1040	1.9113	0.3528	0.9393	-0.4697	-1.0420	-0.2373	1.8368	1.8877	-0.7264	1.4236	-1.0350	-0.0712	0.1078	0.2155	-0.1322	0.3870	0.9810	0.5080	-1.9467	0.7155	-0.1660	0.0579	0.6540	1.9987	-0.4568	0.0978	-0.3951	-1.6525	1.2916	0.2342	0.6367	1.3992	-0.0086	-0.9761	-1.6658	-1.4797	0.3557
-0.3915	-0.5739	0.0304	0.5081	-1.3014	-1.0954	-1.5585	-2.1268	0.6838	0.5381	-0.0209	-0.9214	1.9890	0.0473	-1.1194	-0.0596	-2.1600	0.3866	0.0512	0.4001	-0.6009	0.7274	-0.3115	-1.3874	-0.0880	0.2154	0.4889	0.8540	2.1437	-1.2677	-0.1173	-2.5227	-0.2334	-1.0634	0.2818	1.9264	-1.0038	-1.5984	1.2367	0.7671	0.1947	0.6764	1.8535	1.4962	-0.5935	0.3389	1.1091	0.4539	0.5153	-0.7950
-0.7547	-0.7848	0.4558	-0.8486	0.3334	1.3085	1.2605	-0.1075	2.7469	-1.9032	0.1231	0.2683	0.5712	0.4914	0.8742	0.0660	-1.6835	-0.0029	-0.3816	2.0114	2.0054	0.4330	-1.1646	0.2608	-0.0824	0.6537	0.4675	0.7439	-0.9943	-0.0793	1.1686	1.0989	-0.2070	1.5420	-1.5532	-0.2978	1.9290	0.2443	0.6253	1.1628	0.3189	0.7012	-0.0562	0.7698	2.6933	-0.1768	0.4600	-0.9051	1.0927	1.0975
0.0213	-0.4855	0.0503	-0.2611	0.4915	1.9677	-1.6577	-1.5303	0.4244	-0.1590	0.4511	-0.5786	-1.7763	-0.9542	1.5369	1.5078	0.4928	0.4477	-0.1249	0.6654	-1.5224	0.5058	-1.3753	0.4311	0.6839	-0.8438	0.3771	0.4852	-1.2390	-0.3794	-0.4363	-0.7375	-1.5271	1.1600	1.2823	1.1949	-0.5461	-0.3845	1.0679	0.8573	1.2473	1.6089	1.1922	1.3110	-0.0045	-1.3888	0.6009	-0.7950	1.2482	0.0342
0.1240	0.6613	1.7492	0.0045	0.7842	0.4554	-0.7795	-1.1755	-0.7277	-0.0638	-0.2630	-1.5657	0.0473	1.7971	1.0287	-1.6762	-0.0743	0.9166	1.6456	-0.3723	0.8729	1.2651	-1.0457	-0.5493	1.2396	-0.0555	0.4025	-2.1503	-0.1429	1.3611	-0.2417	0.3437	-1.3343	-0.7158	-1.9266	-1.7550	0.0603	-0.8272	3.1529	-1.0683	0.2433	-0.3543	0.4554	-1.3271	-0.6747	-1.9275	-0.5986	-0.2579	-0.0681	-0.3563
0.6900	-1.0380	0.4803	-0.1342	-0.2660	-0.3475	0.5896	-1.5972	1.7685	1.3815	0.2252	-0.7344	0.1505	0.2674	-0.1961	-0.2020	-0.3974	1.0053	-0.1977	0.2540	1.8495	-0.6415	-0.0460	-0.1692	0.0934	2.3445	1.4498	-0.3126	0.3491	-0.5443	-1.1096	-0.4871	1.1657	0.4230	-0.4219	-1.6867	0.8656	0.2200	-1.5877	-0.0414	-1.2847	-1.6130	-1.3506	0.5350	-1.7280	-0.4209	1.1168	0.2422	-0.8794	-0.2555
0.2800	-0.3665	-2.0831	1.0010	0.1228	0.3148	-0.1542	-0.2206	1.1999	0.5207	-0.1211	0.4319	0.3309	0.4405	-1.7183	-0.6255	1.0996	-0.4161	1.7408	0.5706	0.1851	0.5991	-1.3314	1.1083	1.0484	0.0245	-0.0731	-0.0994	0.3886	-0.4215	-0.6694	-0.2861	-0.6888	-0.4836	-0.3051	-0.6391	0.3669	0.3837	-0.1039	-0.1370	-0.3296	-0.3729	0.8794	-0.2955	-0.3900	-0.0167	1.9827	-1.2069	-1.9030	-0.2616
-0.8879	1.7531	-0.3773	-0.9638	0.8066	0.3253	-1.3155	2.2565	-1.1912	-0.0042	-0.0713	0.3016	0.0974	-0.5378	0.8358	-0.0411	0.5638	1.2753	0.3992	0.5733	0.6199	-0.4957	0.2644	0.2040	-0.6262	-1.2549	0.1834	-0.4581	-0.8372	1.0492	0.1224	0.2794	-0.9766	0.0797	-0.9543	-1.6053	0.5651	-0.7391	-1.3147	0.5981	0.6964	0.2276	-0.0469	0.3197	0.6467	-2.2763	-1.4457	0.2622	-0.5722	-0.6798
-0.3074	0.5249	-2.4194	-0.8311	-0.0045	0.6996	-1.5295	2.5506	0.5596	-0.6488	-0.3868	-1.1144	-0.3819	-0.2381	-0.4454	-0.4335	-0.5256	-0.7655	-0.3961	0.9967	0.3631	-0.8348	0.8736	1.1083	0.0448	0.0891	-0.5514	2.3942	0.4824	0.0876	0.2663	-0.2698	2.3164	0.3893	-0.0430	-0.2538	1.1277	1.6630	-0.1886	0.9006	-0.0168	-1.4588	0.4667	-0.6426	-0.5958	0.3816	0.2894	-0.5959	-0.8697	-0.8821
-1.2137	-0.3925	-0.6491	-0.7507	0.1677	-0.8374	0.7759	0.4384	1.2585	-0.2692	-0.7083	0.8380	-0.0082	-0.6324	0.6155	0.7220	0.3192	-0.0933	0.3482	-0.5797	0.7550	2.1041	-1.3518	0.6137	0.3042	-1.0814	-0.1523	0.8799	-0.5586	-1.0916	0.1464	1.5163	-1.4992	-0.2330	-0.6392	-0.0513	0.3586	-0.4256	-0.4153	1.1075	0.3870	-0.6641	0.1009	1.4940	0.6576	-1.2328	-0.5046	0.6990	-1.1691	1.0921
0.8651	0.3525	0.2639	0.3212	-0.5707	-0.7189	0.6598	-0.6317	-0.5061	-0.9894	-1.1231	0.1981	0.3353	0.3000	-1.0499	1.8375	0.9108	-0.6436	0.8591	-1.1596	0.4999	2.0799	-0.3679	1.0824	-1.2345	0.3019	0.9079	0.2291	0.3132	2.1201	0.1514	1.0440	0.0808	0.0232	-0.7689	-1.8229	-0.1242	0.9305	0.9799	2.1299	0.4283	1.2870	-0.0632	0.6879	-0.4523	0.9524	-0.0413	-1.5920	-0.0754	1.6941
0.3277	0.2943	0.0612	2.3647	-0.3415	-0.1250	-0.9319	0.8621	-0.0989	0.2109	-0.9991	-0.1313	-0.8403	-0.3571	0.0418	-0.2730	-0.2827	-0.5186	1.7420	-0.4860	1.0938	-0.9338	0.5546	-2.1561	-0.5299	0.0680	0.8566	2.0520	-0.3095	0.8072	0.0724	-2.0588	-0.5617	2.9400	-1.2405	-0.7487	1.9793	0.9832	1.3052	-0.9276	1.3896	-0.3555	-0.1836	-1.6070	1.5443	0.5553	-0.0862	2.2472	0.6933	0.4782
2.7376	-0.3396	2.3829	-1.4027	1.2721	0.3572	0.3787	-2.4523	0.9912	-0.5380	2.5778	1.4870	-0.5511	-0.2437	-1.4435	-1.4329	-0.3524	-1.8672	0.4320	-0.6480	-1.0770	1.1231	-1.3841	0.5418	-0.1511	-0.2722	0.5198	0.2959	2.1551	-0.2441	-2.1697	-1.4580	-0.2785	-0.3220	-0.1647	-0.0111	1.1938	-0.4077	-0.3302	1.2253	-1.3344	0.6728	1.5099	1.4584	1.3433	-1.8039	0.1328	0.1336	-1.7470	0.3504
1.4149	1.6799	-0.4691	0.2157	0.6544	0.7381	0.4090	0.0355	-0.7898	-0.8810	-1.0693	1.4924	-1.1313	-0.0640	2.3748	-0.7683	-1.2826	1.3757	0.3462	-0.8781	-0.7779	-0.3717	-0.2985	-0.4584	0.3639	0.2474	-0.4851	0.7792	-0.1607	-1.2292	1.4377	0.5217	-0.2789	0.9976	-0.4047	-1.9511	0.2412	1.9246	1.4080	-0.6594	-0.9801	0.1745	0.4935	0.8170	1.5900	-1.5071	0.0470	-0.4294	-0.8199	1.7481
-1.8415	0.1074	-0.3910	-0.8679	-0.9800	-0.9219	0.4725	-0.8547	0.4070	-1.7055	-0.1305	0.5508	0.0234	-1.2538	-0.5133	-0.3927	0.9179	-0.5408	0.3604	-0.3910	0.9077	0.2690	-1.7554	0.7910	-1.2370	0.8193	-0.3843	0.6048	0.1286	0.9400	-0.1413	2.2777	0.4264	1.2368	-1.3752	-0.1271	1.1615	-0.2969	-1.2942	-0.3013	1.7282	1.1649	0.3728	-0.1463	1.1411	0.2030	0.6762	-0.2054	0.2297	1.5775
0.7776	-0.3046	-1.4783	-0.1163	0.9162	-0.2608	-1.0100	0.3388	1.5532	-0.0722	2.5010	0.3164	-0.4364	-0.4208	-0.6798	-0.1916	1.0900	0.0618	-0.5794	-0.1632	-0.5248	-1.9654	-1.5942	0.0573	-0.9072	0.2646	-0.4948	1.8580	-0.4550	-0.3345	-1.1757	-0.3095	0.8918	-0.8867	0.2179	-0.8353	1.3074	-0.8690	-1.4979	0.8882	-0.4827	0.0343	-0.6410	-0.2205	-0.5547	0.0717	-0.5631	-0.9519	0.6111	-1.3580
-0.4377	0.2820	-0.6689	0.2956	-1.3082	-1.2650	-0.5002	-0.1122	-2.1184	1.6588	-1.5926	-0.3404	1.2964	-0.4053	0.3876	-1.4348	-0.8201	-0.3383	0.8273	-0.6495	-2.1219	-0.5832	-0.7928	-0.4572	0.3854	1.6551	-1.7305	0.1327	-1.1150	-0.0312	1.4141	0.2615	-0.7363	2.1608	0.8019	-0.7909	-0.3346	-0.5820	-0.6089	1.2846	-1.9517	1.0419	-0.1340	0.7800	0.8917	-2.0309	-0.7925	-1.6452	-0.1476	-2.3802
0.5586	0.2357	-0.1634	-0.8840	-0.7383	0.0971	-1.0787	-0.3606	-1.3246	0.0982	-0.3324	0.0225	0.5670	0.0502	-0.6082	0.8004	-1.2917	0.9915	0.1468	0.1143	-1.0260	-0.0864	0.9727	-0.6546	0.0575	-0.4296	-0.5852	-0.2750	-0.6154	2.0791	0.4462	-1.6869	0.9124	-0.5539	0.1799	-1.6202	0.0229	0.2479	-0.3940	-0.8587	0.8445	-0.8053	-0.3854	-0.5680	-0.6430	-1.2962	0.1247	0.8493	-2.5722	-0.1232
-0.7435	1.4166	1.8245	0.3747	0.3880	1.1304	-1.1543	-0.0093	0.2011	-1.0084	-1.2937	1.2179	0.1336	-0.6169	1.3802	0.2254	1.5458	2.5156	-0.4896	-0.4951	0.2578	-0.5154	0.9997	-1.2670	0.0606	0.2481	0.3031	-0.5772	0.7188	0.7395	0.8340	2.0402	-0.3112	0.0419	0.9823	-0.5095	0.1312	-0.0754	0.3626	0.0955	0.1460	-1.3198	0.3812	-0.4352	-0.1146	-1.2680	0.9653	-0.3148	-0.1413	-0.4186
1.1263	0.9090	-0.7171	-1.6075	-0.6044	-0.0279	-0.7811	-0.0788	0.2326	-0.7065	-0.4276	0.1970	0.0388	-0.7274	-0.6903	-0.9676	1.5845	-0.0694	-0.5646	0.9286	-2.1328	-0.3436	-0.5408	0.2113	-0.3126	-1.6816	1.4244	-0.6709	-1.6450	-1.2953	-0.9676	3.3995	0.7121	-0.0528	-1.9401	0.4620	-1.4836	0.5514	-1.0474	-0.0358	1.5854	-1.3053	-0.0948	-0.9866	-1.0709	-0.9213	-0.0012	0.2445	-1.3478	-1.8965
0.5122	-0.5905	-2.0849	-1.2889	-1.1076	-1.8469	0.2101	0.5126	-1.4408	2.1416	-2.9512	0.4786	0.9441	-0.2623	-0.6068	0.3256	-0.0135	-0.8596	0.5433	1.2201	0.9318	1.7363	-0.3172	-1.1838	-0.5111	-1.1660	0.5246	1.5555	-0.4771	-1.9475	-1.1038	-0.4488	0.8868	0.0303	-0.1751	0.3234	0.0267	0.9059	-0.1094	0.6362	-1.0249	0.5853	1.4284	0.6713	0.2827	-0.4780	-0.5613	-0.4313	-2.3586	-0.4878
0.4983	-0.2908	1.0326	0.3223	1.0312	1.9070	0.4105	-0.1536	-1.2307	-0.6427	-1.1269	-0.1937	-0.7258	-0.8086	0.0375	0.4869	-1.1195	-0.1311	1.5971	0.1631	-1.1002	-1.1269	-0.8149	0.9097	-1.1440	-1.4258	-0.9543	-1.6535	0.5486	1.5139	0.4543	-0.9736	-0.2335	0.3505	-0.2804	-0.1251	-0.2363	-0.9672	0.4781	-1.0769	-0.3550	0.0839	-0.4099	0.0452	-0.1050	0.2784	-0.7115	-0.7257	-1.7659	-0.1837
0.5521	-1.6565	-1.8386	1.0148	-0.1402	1.5339	-0.1579	0.9856	0.4402	-0.4692	0.8115	-0.1442	0.3364	-0.0834	-0.1111	-0.4725	0.4210	-0.5260	-1.4781	0.0087	-0.8192	0.6777	-0.1903	0.3932	-0.1737	0.6758	-0.4945	0.4163	-0.2875	0.1971	-1.6356	-0.2532	-0.6846	1.0096	2.1071	0.3101	-0.9113	0.1815	0.3394	-1.6084	0.3708	1.0106	-2.1188	-1.5726	0.0429	-1.3543	0.3182	0.7864	2.0183	-0.0387
0.4297	-0.0790	0.0242	-2.9086	-0.3177	-1.1660	-0.6245	-0.4319	-0.3418	1.2579	-0.1162	-0.0698	0.4654	1.4894	0.8844	0.1206	-0.4416	0.6139	-0.5632	-1.0935	-0.3497	-0.2309	1.2776	-0.0257	1.5240	0.9346	0.5784	0.3656	-1.5197	-1.2682	0.8822	1.2109	0.9501	0.1421	0.0198	-0.8303	1.0715	-0.3036	1.7961	0.2573	-0.3826	3.9986	-0.4325	1.2305	-0.3736	-0.8503	0.4596	-1.5818	1.2192	1.1570
-1.5086	0.2324	1.5399	0.1666	0.1699	-1.1949	0.9053	1.2772	0.3813	0.7798	0.6384	-0.9353	-1.9111	-0.7319	0.1799	-0.5248	0.7122	-0.3975	0.1394	0.5556	1.0129	1.3359	0.3583	1.4356	0.8615	0.4380	0.8772	-0.3554	-1.4315	-0.2332	-0.6790	1.0525	1.1560	1.1948	1.0604	0.0009	1.2104	-1.0480	1.2105	-1.0988	1.0349	-0.5687	-0.2620	-1.0826	-0.0898	-0.8674	1.1054	0.6041	-1.1746	-0.5501
-1.0787	-0.5011	0.1653	0.2367	1.6676	-0.6670	0.9522	-0.5732	-0.5309	0.6747	0.3448	-0.6273	-1.2518	0.8199	-0.0925	-2.0076	-0.6730	0.2707	0.0490	1.1595	0.6293	-0.2503	0.9616	1.2827	0.1685	-1.0458	-0.0239	2.0657	-0.9549	0.0279	-0.7327	-0.2256	1.5197	-1.0193	-1.1134	0.4280	-0.0394	-0.8677	0.1850	0.0205	0.2431	1.1120	1.6675	1.6400	1.3543	-0.0490	0.6890	0.0119	-0.3602	-0.2623
-0.6437	-1.0724	-0.3220	0.4133	0.3495	0.6110	0.9632	-0.9782	-1.4441	0.0789	-0.8475	-1.6323	0.7208	0.2825	-0.4444	0.4553	-1.4614	0.0318	-0.4179	-1.2554	-1.5340	0.5101	0.0201	0.4611	-0.3884	-0.7601	-0.8899	0.6262	0.2111	-1.0579	1.1443	1.4603	1.1542	-0.2408	-2.1145	0.3388	0.1036	0.2825	0.5786	-1.4151	0.6323	-0.5601	1.1093	0.0739	1.1107	-0.2148	0.7896	0.6547	-0.2709	0.6026
0.1248	1.5348	0.7244	-0.7346	0.4185	-0.7203	-0.3071	1.0544	-0.0074	-1.2498	-1.1202	-1.2216	-0.1026	-0.5841	-0.3218	-0.4699	0.5694	0.4747	1.6335	-0.3127	-1.5079	0.1794	-1.0903	2.4399	0.9235	0.6118	-0.8253	-1.2570	0.2771	0.7178	0.5554	-1.2444	0.0320	-1.7263	1.6142	1.0553	-0.1852	-0.3877	0.5281	-0.2559	0.3333	-0.3975	-0.4729	0.4054	-0.2191	0.0355	-0.7206	0.5371	1.1916	0.6153
0.4189	-0.6100	1.3813	-1.3643	-0.9456	-0.9578	-0.1602	1.8648	1.0561	0.5121	1.5484	-0.2909	0.6141	0.6931	-0.2034	1.1864	-2.5772	-2.0311	1.0231	-1.2632	1.3497	1.9390	2.0912	0.5377	0.7127	-0.5698	-0.2601	-0.1837	1.3227	-1.5803	-0.0568	0.8008	1.6614	1.6737	-0.6856	-1.1626	-0.2536	-0.4828	0.1981	-0.4916	0.2858	-0.4724	-0.8182	0.9858	-0.6982	-0.2370	0.6789	-1.7781	-0.8657	1.5291
0.2839	-2.3930	-1.3642	0.9120	0.1286	2.4243	-1.0936	-1.4993	-0.7636	0.2048	1.6379	-1.0775	0.6701	0.1810	0.1480	-0.3121	-1.4357	0.6792	0.2321	-0.4083	0.2177	-0.2933	-1.1073	0.6639	0.0557	0.4649	1.3286	-0.0441	-0.6851	0.2712	-0.5617	0.3338	1.3116	-0.0766	0.0351	1.5881	0.9558	-1.2695	-1.2485	0.2304	2.0839	-0.8753	-1.4056	-0.1482	-0.1805	-0.6677	0.1351	-0.6567	-0.6058	-0.5315
-0.6636	1.7578	1.6113	0.5061	0.2610	-0.9077	-0.8433	-0.4543	-1.9612	0.3048	1.3151	-0.1041	-0.4753	-0.9788	0.9168	1.4053	-1.2876	0.4856	-0.4341	0.4983	1.7175	-0.7059	1.2108	-1.1042	-0.9285	0.5159	-0.2743	-1.0860	0.1523	0.5115	-0.3800	-0.6444	0.5720	-0.0568	0.6535	-1.4899	0.6751	0.5653	-0.0875	-1.0784	1.8256	0.0681	-0.0859	0.6901	-1.2078	-1.0239	1.2745	2.0679	-1.5069	-0.1905
0.8715	0.5867	1.8679	1.0752	0.4117	1.2739	0.3903	1.0071	0.5875	0.5889	0.7867	0.0127	0.1333	0.5628	0.9471	-1.4725	-0.6160	-1.4223	-0.2090	0.0090	-0.1848	-0.1431	0.7393	0.0445	0.9000	-0.3752	-0.9527	1.2388	0.2412	0.2754	2.6798	0.3493	-0.3674	0.1386	-0.7844	0.5147	0.5683	-1.3527	-0.0486	0.8482	0.6554	-0.6183	0.6232	0.8537	-0.7523	0.1641	1.2155	0.6783	-2.0611	-0.2462
0.0154	-0.2805	-0.6249	0.6671	-0.3121	0.4669	1.4835	-1.0370	-0.6598	-1.3324	-0.2610	0.9318	2.4936	-1.0608	1.7001	-0.2040	1.4965	2.2435	0.6180	-0.5888	-0.8758	-0.4157	-0.3361	0.4302	1.3539	-0.7878	1.9759	-0.9152	1.6156	-1.4793	0.9988	-0.2830	-0.0915	0.5780	-0.3655	-1.0675	-1.5107	-1.5138	-0.0937	1.1156	0.7961	-0.0097	0.1880	-0.7263	-0.8960	0.3844	0.1856	-0.3172	-0.0870	0.1114
-0.6641	-1.0462	0.5464	-1.9102	1.5625	-0.3459	1.9199	1.6970	-0.2269	0.6700	0.0375	-0.1237	0.3911	-1.3823	0.1692	1.2475	0.1674	0.4406	1.1411	1.1629	-1.4188	0.1537	-1.0738	-0.1858	0.4186	0.6085	-0.3080	1.2456	-0.3221	-1.2949	-0.4716	0.0007	-0.3418	2.4356	-0.6199	-0.4296	-0.0412	0.7766	1.8664	1.1386	1.2838	-0.4403	-0.6174	-0.2921	-0.1866	-0.8820	0.9329	0.6822	0.0373	-0.0943
-1.2082	-1.4760	0.0433	1.6032	-0.9216	0.3245	-0.3955	-0.7791	-0.0571	0.3997	1.3079	-0.6367	-1.1087	1.3110	1.0967	-1.3606	-0.9692	0.1155	2.1583	0.7497	-0.3682	-1.9633	-1.4608	-1.1160	0.3795	0.2718	-0.6896	-0.6753	-1.3729	1.0956	1.5056	-1.0298	-0.3091	2.5752	0.2325	-0.1559	-0.8376	-0.3641	-0.2758	-0.6918	0.3967	0.9429	1.7990	0.0984	-1.3931	0.0139	1.3999	2.5672	-0.5582	-1.3299
-0.9493	0.1416	-0.1848	0.6186	-0.1576	0.3623	1.3601	0.1042	0.0226	0.6119	-0.5004	1.6974	0.2490	1.0081	-0.2796	-1.8310	-1.3251	0.6438	-0.6313	0.1637	0.0322	0.1528	-0.1208	-0.2582	0.4819	-0.8578	1.1996	1.0493	-0.7411	-1.5319	1.2472	0.7505	-0.5932	1.8271	-1.9023	0.5521	0.1827	-0.0017	-0.8018	0.2479	-0.0450	1.2858	-0.7295	0.6144	1.3331	1.2310	-1.3155	0.8177	-0.3924	1.7527
0.6679	0.8420	-1.5699	-0.0144	0.6912	-1.7511	1.0473	-0.0333	0.4990	-1.2359	0.0161	0.0045	-0.1393	-1.3038	-0.7193	1.4546	-0.3357	-0.9017	-1.8534	1.9514	-1.7243	1.2537	1.0267	1.0779	-0.3205	-0.7878	1.8703	-0.2592	0.1186	0.7308	0.9503	-2.6336	-0.4622	-0.9210	-0.8549	-0.4187	0.4379	-0.7982	-1.4572	1.3615	-0.4549	-1.2888	-1.8263	1.9704	0.0801	0.7900	0.1996	-1.6900	-0.0748	-0.0994
-0.5771	1.0220	0.2643	-1.0611	0.4652	0.7128	-1.7562	-0.1446	0.5180	-2.7037	2.3324	-1.4811	-0.7430	0.9843	0.0852	-0.4793	0.0760	-1.3879	-1.4705	-0.2426	-0.4083	0.6126	0.4886	-1.6737	-0.9090	1.2586	0.3386	-0.3487	0.2998	-0.3874	0.5970	-0.3328	-0.2988	1.5821	-0.6173	-1.9375	-0.6284	0.0989	-1.4554	0.1260	0.8973	-1.3328	0.7660	-0.3009	-0.3164	-1.0798	0.4232	0.1439	0.1013	0.3900
-1.4317	0.6567	-0.8305	0.5366	0.7147	-1.4340	-1.4598	0.7839	-0.9168	-1.1592	2.0801	-1.4957	1.1635	-0.5744	-0.1687	-0.3119	0.9368	-1.1425	1.1003	-1.0734	-0.5296	0.4074	-0.0945	0.1154	-0.8500	-0.2250	-2.1951	-1.4875	-0.3276	2.2162	0.3241	0.2155	-0.7497	-1.0677	-0.6104	-0.0193	1.4881	-0.3736	0.5682	0.1176	1.1261	-0.7973	-0.5160	0.0813	1.9808	-1.0805	0.3813	0.1593	0.2850	-1.2852


