
X1	X2	X3	X4	X5	X6	X7	X8	X9	X10	X11	X12	X13	X14	X15	X16	X17	X18	X19	X20	X21	X22	X23	X24	X25	X26	X27	X28	X29	X30	X31	X32	X33	X34	X35	X36	X37	X38	X39	X40	X41	X42	X43	X44	X45	X46	X47	X48	X49	X50
1.0525	-0.1003	0.5841	-0.5739	0.6136	1.0921	-0.5151	-0.0721	-2.3813	0.6166	-1.5818	1.8243	-0.2102	-0.6833	0.9201	-0.9590	-0.9912	0.5679	-0.7704	-0.4835	-0.1158	-0.3325	-0.7663	-0.8397	-0.6518	1.5526	-0.3092	2.0053	0.1513	-0.9638	-1.1021	1.9916	-0.2394	-0.6417	0.4620	-0.4016	-0.1468	1.0490	1.5614	0.6388	-0.7730	1.0432	-1.9803	0.8163	-1.4944	0.5976	-0.4289	-1.0279	-1.1690	-0.7226
-0.1028	0.4047	0.9621	0.2041	-0.1053	1.0117	0.9423	0.8717	0.1727	-2.1001	0.1079	1.6437	-0.8581	-0.8188	1.4140	0.0411	0.3003	1.5040	-1.1262	0.6343	0.9287	-0.5583	-0.5294	-0.4447	1.4177	-0.0975	-0.4865	-1.2088	1.0368	-0.2252	-1.1906	0.0138	0.4513	-0.4376	1.1886	-0.8518	-1.4105	0.9438	-1.1555	-1.0867	-0.6799	0.6912	-2.2445	-0.8378	-0.3832	-0.7559	2.0845	1.1867	0.0710	0.5861
0.0862	-2.2135	0.9437	0.2079	-0.2563	-0.7831	-0.9962	0.2675	0.0024	0.5203	2.1599	1.1791	0.3343	-0.0254	0.0653	-0.8029	-0.1109	1.1894	2.5882	-0.7148	-0.7794	0.1912	-1.0816	1.0275	2.0212	0.2051	1.2038	-1.0903	-0.7945	-0.9326	1.0328	0.3018	0.0837	-0.1301	-0.6641	-1.9251	2.1975	-0.4242	0.8015	-1.9530	1.3437	-1.2181	-1.0017	1.9620	0.7726	0.8902	-0.5166	0.8690	0.7573	-0.0571
0.8491	-1.0073	-0.7051	0.9548	1.6917	0.2517	-0.2886	2.3738	0.2801	-0.4888	1.1255	0.1772	0.5355	1.0532	-0.5964	-2.2189	-0.9871	2.1021	0.3760	0.9026	0.5926	0.2560	-2.3454	1.1387	0.7736	-0.4979	-2.6091	-0.7367	-0.4569	-2.2461	1.9303	-0.0878	2.0056	0.8054	-0.4030	-0.5545	-0.0255	1.7426	-0.4229	0.3452	0.5473	-0.1198	0.8458	-1.7749	1.1607	-0.3357	-0.2873	-0.6301	2.1089	-0.6208
0.5910	-1.5267	-0.1815	-0.2431	0.4803	1.8811	-0.3469	-0.3346	0.1106	-0.0499	-1.0622	0.5764	-0.4361	-0.5528	-0.1930	0.9612	0.4472	-0.8997	0.3943	-0.2040	-1.8761	0.0701	0.8591	-0.2218	-0.9522	0.8967	-1.7316	0.1962	-0.5285	-0.6154	-0.1488	0.4730	-0.8563	-0.0823	-0.1986	-0.5945	-0.9743	-0.8711	0.2229	0.8701	0.5673	-1.0959	-0.0092	1.8213	-0.7045	-0.0067	-0.8887	-0.6962	0.8657	0.8885
-0.4998	0.0546	-0.6013	-1.5587	0.0931	1.7477	-0.5259	1.0133	-0.9642	-1.3631	-1.1499	0.3844	0.5881	0.5447	0.0132	-0.8852	-0.4321	-0.0006	-0.0411	-0.9117	-1.0021	-1.6799	-0.1767	1.5769	0.1902	-0.1068	-0.1319	-1.5682	1.0763	0.0062	-0.0195	0.8462	-0.0269	0.6767	-1.2573	0.0488	1.0467	1.3498	2.3337	-1.4038	-0.7982	0.8186	0.0468	-0.1915	-0.9996	-0.3906	0.0823	-0.2123	-0.0211	0.9738
-0.1932	-2.1646	-0.2713	1.3432	1.3319	-0.7165	0.6964	-0.6915	-2.1805	0.2167	-0.9797	-0.2036	1.9457	0.5085	0.3463	-0.1772	0.1710	-2.1250	-0.6172	0.4777	0.5949	0.1947	-0.1996	0.2783	0.0965	-0.1101	0.9889	-0.0765	-0.5646	0.1423	0.9902	-0.3769	-0.5888	-0.2331	0.6676	0.6930	0.9151	0.7802	-1.7617	-1.7068	0.7803	-0.3873	-0.0521	1.7872	-0.6385	0.0885	-0.8294	-1.3144	0.6044	0.5770
0.5253	0.0938	1.2011	1.2333	-0.3732	-1.8495	0.0797	-0.1338	0.7904	-1.8729	0.5445	0.9249	-1.2174	0.0226	-1.4162	0.3666	-1.5068	2.0383	-0.3527	0.0659	-0.4872	0.5667	2.5279	0.4193	0.2482	-1.5104	-0.9930	-0.4039	0.7458	0.0600	0.3899	-1.2424	0.3328	0.6751	-0.4173	-0.4743	-0.2826	2.6479	-1.3189	0.3526	-0.1328	0.3092	-1.3778	1.3931	0.8153	0.5039	-2.3637	-0.1108	-0.4239	1.2642
1.1736	0.6793	-0.0436	1.3777	-0.5282	-0.6649	0.4271	1.3003	-0.7611	-0.8160	1.2872	-1.5756	1.6620	0.2229	0.9362	0.4824	-0.6003	-0.8124	-1.4551	0.2283	0.3462	-0.0349	0.4532	-0.6298	-0.5608	0.1890	0.0073	0.6201	-0.9413	0.1957	-0.4605	-0.2213	1.4400	-1.1981	0.7237	0.8340	-0.5581	0.2112	0.4721	-0.0758	-0.4029	-1.3114	0.9229	-1.3681	0.6629	0.3089	-0.2219	-1.0880	-0.8400	0.7712
0.1239	0.0220	0.8104	0.5586	-1.0661	-0.3694	0.6654	-0.0470	-0.4695	0.2063	0.1678	1.6451	-1.1008	1.3000	0.4115	-0.0208	-0.4227	-0.0700	-1.2431	0.6055	0.6298	0.3837	1.1704	-1.1822	0.6339	2.4146	0.2717	0.0870	2.1771	-0.6068	-1.9194	0.1570	-1.5440	0.4044	1.9289	-2.0502	0.1212	0.8438	-0.1104	-0.5712	-0.1308	0.2409	-1.1303	-1.0161	-0.4608	1.1208	1.2940	-0.9742	0.8982	-1.8869
0.5586	0.2357	-0.1634	-0.8840	-0.7383	0.0971	-1.0787	-0.3606	-1.3246	0.0982	-0.3324	0.0225	0.5670	0.0502	-0.6082	0.8004	-1.2917	0.9915	0.1468	0.1143	-1.0260	-0.0864	0.9727	-0.6546	0.0575	-0.4296	-0.5852	-0.2750	-0.6154	2.0791	0.4462	-1.6869	0.9124	-0.5539	0.1799	-1.6202	0.0229	0.2479	-0.3940	-0.8587	0.8445	-0.8053	-0.3854	-0.5680	-0.6430	-1.2962	0.1247	0.8493	-2.5722	-0.1232
-1.4360	1.3960	-0.0572	-1.2125	-0.3717	-2.0284	-0.2933	0.3549	0.8599	0.1180	-1.1484	1.2116	1.5544	-0.4715	-1.2917	0.4003	-0.1181	0.5007	0.5626	-1.1839	0.3254	-0.6933	0.9040	-0.4340	-1.2100	1.0700	-0.6139	1.1049	-0.6082	-0.7469	-0.6490	-1.2982	1.0597	0.1589	-1.4295	2.5606	0.1423	-1.2383	0.8389	0.9756	-1.1080	-0.2852	0.6314	1.2717	-0.3967	0.0384	0.6633	1.0579	-0.5383	-2.0021
-0.1380	-0.2248	-1.0023	-0.4340	-0.0984	-1.2544	-0.4165	0.7462	-1.1642	0.6757	0.7572	-0.3028	-1.2409	-1.7064	-0.1939	0.5723	-0.4796	0.7009	-0.0816	0.2438	-0.0140	0.3326	-1.1900	0.3118	-1.0287	0.0472	-1.3460	1.0193	1.0626	-0.3247	0.1773	0.2404	1.1109	1.0521	2.0138	0.8881	0.7371	0.6059	-1.2436	-0.0893	0.8566	0.8254	0.7100	0.3572	-0.0185	0.6252	-0.1478	-1.2781	-0.7519	-0.3170
-0.4808	-2.2567	1.7816	-0.8031	-0.3966	-1.8466	-0.8126	-0.5294	0.1690	-1.4118	0.5564	-0.0518	1.3233	0.2631	-0.2683	0.6776	-0.0007	0.9603	0.0213	0.3288	0.3008	0.7404	0.7120	0.7020	0.5614	-0.4580	-0.0180	0.3241	-0.1250	-0.6205	1.5803	1.0767	-0.9846	-1.0498	1.5364	1.1677	1.1485	-0.4331	1.0405	0.1259	-0.3108	-0.2705	0.0404	0.6529	1.5711	-0.3644	0.7550	-0.0121	-1.4729	0.0831
-0.0207	-0.7164	1.8623	0.3652	0.7246	-0.0128	0.6078	-1.4808	0.7556	1.0400	-0.6104	-0.3710	-1.0936	-1.7688	0.3265	0.7035	1.6560	2.0259	1.7240	-0.8280	-1.1064	-0.2759	-0.7402	-1.0491	-1.1525	0.4622	0.8337	-0.1496	0.2521	0.0316	0.2420	-0.2151	-1.5513	0.5463	-0.3438	-0.0967	-0.4042	0.0701	0.8943	0.0809	-0.2925	1.1349	0.9928	-0.6315	1.1050	-2.3887	1.2669	0.9290	-1.6087	0.2767
-0.4918	-1.3656	0.7050	-0.6654	1.5943	0.3686	-0.9588	0.9965	0.3828	-0.7550	-0.1220	0.2061	-0.2025	-0.6939	-0.5500	-0.7810	0.2032	-2.2091	-0.8139	0.2070	-0.2648	0.6886	0.7397	-0.8305	-0.2829	-1.1806	0.6659	-1.5996	0.2392	-0.8504	-1.8829	0.3068	2.2314	-0.3209	-0.7506	0.1671	0.8066	0.3268	0.2304	-0.2307	1.3710	-0.7469	1.9751	-0.8850	0.3288	0.6187	0.2628	-0.0889	-0.2125	1.2454
-0.2557	-0.3173	-0.5844	-0.0313	0.4289	0.9898	0.5663	0.3404	2.1522	-0.3307	-0.4392	0.3412	-0.9547	-0.4217	-0.1349	-1.7086	0.5553	1.5259	-0.2812	0.1226	-0.6164	-0.6936	-1.7898	-1.1094	1.0828	-0.1556	0.1885	1.7458	0.6750	1.2346	1.7404	0.3048	-0.8372	1.0266	0.1966	0.3397	-0.5204	1.8966	0.6944	-1.6055	-0.0786	0.3305	1.1421	-1.0734	0.2163	0.2148	-0.6120	0.7678	0.7604	0.2490
2.6858	0.0519	0.5665	-0.1549	2.0217	-0.3724	0.2727	-0.9387	-0.0840	-1.0377	1.0819	-2.0329	0.2548	0.1169	-1.9137	-0.0473	1.8657	-1.3630	-0.0786	0.2346	-0.5450	1.1821	-0.4207	-1.2737	-0.4938	0.2210	0.5680	0.9925	0.2680	1.0851	-0.7830	-0.8604	-0.1990	-0.8346	0.0636	-0.0030	-1.8366	1.7620	-0.5840	-0.5191	0.8601	-0.0362	-0.9205	0.1214	-1.3341	1.7810	-0.1583	-0.6705	-1.0108	1.6133
-0.1121	-1.0461	0.6256	-0.7301	-0.0082	-0.0845	0.3251	-0.5666	-0.6967	-0.5879	0.7982	1.1242	0.4143	0.9826	0.4111	0.9118	0.6165	-0.3553	-0.4511	-0.0647	0.0756	0.6182	0.0647	0.7100	-0.0587	-0.4343	2.2228	-1.0463	1.1656	-0.4653	1.6720	0.4546	-0.7611	-0.5972	-0.3369	-0.2159	0.1299	-0.1503	1.6490	-0.5413	-0.2963	-0.5377	-2.0410	-0.5783	-0.6622	-0.5825	-0.8550	-0.2626	-0.7800	-0.1911
-0.3643	-0.1917	-0.5662	-0.0326	-1.6947	2.2960	0.2110	-1.4379	-0.7704	0.7230	0.5376	0.3470	-0.7845	-1.6624	0.4756	-0.0765	-0.9655	-0.3893	-1.1454	-0.0468	2.0404	-0.7993	0.3726	0.1925	-1.4196	0.7923	0.8175	-0.5729	-0.0399	-1.3320	-0.2189	-0.3136	-2.1022	0.5783	1.0881	-1.0759	0.9960	0.0294	-0.3185	0.7734	0.6071	-0.6090	0.6496	1.0437	0.1641	1.0114	-0.1104	0.2426	0.4556	1.3593
0.6898	0.2817	-0.7380	0.2521	1.0954	-1.0272	-0.2855	1.4675	-0.0167	-0.6638	-2.1345	-1.1871	-1.7977	1.8262	-0.8181	0.5428	-0.2608	-0.7223	0.2235	2.6756	0.8137	1.3461	-1.6408	-0.5291	-1.4009	1.0666	-0.3843	-0.9873	0.9734	0.6046	-0.0960	0.2148	0.4337	-1.0735	-2.1756	-0.2608	-1.1310	-0.4713	-1.0458	0.4203	-1.6126	0.4838	1.0593	-2.4202	0.7859	0.5819	0.9131	0.7549	-0.5425	1.5409
-1.0804	-1.1456	0.3548	-0.7185	-0.1514	0.3332	0.6645	0.7330	1.1826	0.5382	1.1900	0.1719	0.4062	0.7402	0.5093	0.3755	-0.7229	0.1552	0.0800	1.9840	-2.0173	1.3073	-0.1989	-2.1387	2.0302	0.1047	0.7367	0.5410	0.9796	0.6047	2.5369	0.4407	1.0031	0.5527	0.8534	0.5917	-1.9356	1.4821	0.2438	-0.7808	-0.8239	-0.5283	0.8748	-0.5694	-1.7791	1.1319	-0.2602	-0.6686	0.1845	-0.9068
0.5595	3.0075	1.7445	-0.5517	0.3825	0.2567	1.1600	1.6976	0.4672	-0.5401	-0.3635	-0.5374	-0.0741	-0.1224	0.4445	-0.6132	-0.4345	0.1702	1.5241	-0.9366	0.2053	0.7358	0.2211	0.3087	0.5887	0.3604	0.1945	-0.8991	-0.2899	-0.9687	0.2206	-0.0509	0.1017	-1.5492	-0.7428	0.3839	-0.0946	1.3157	0.8707	0.3051	0.8958	0.5232	-0.2153	0.1625	-1.3398	-0.1620	1.4662	0.8464	-0.4373	0.6351
1.4149	1.6799	-0.4691	0.2157	0.6544	0.7381	0.4090	0.0355	-0.7898	-0.8810	-1.0693	1.4924	-1.1313	-0.0640	2.3748	-0.7683	-1.2826	1.3757	0.3462	-0.8781	-0.7779	-0.3717	-0.2985	-0.4584	0.3639	0.2474	-0.4851	0.7792	-0.1607	-1.2292	1.4377	0.5217	-0.2789	0.9976	-0.4047	-1.9511	0.2412	1.9246	1.4080	-0.6594	-0.9801	0.1745	0.4935	0.8170	1.5900	-1.5071	0.0470	-0.4294	-0.8199	1.7481
-1.2082	-1.4760	0.0433	1.6032	-0.9216	0.3245	-0.3955	-0.7791	-0.0571	0.3997	1.3079	-0.6367	-1.1087	1.3110	1.0967	-1.3606	-0.9692	0.1155	2.1583	0.7497	-0.3682	-1.9633	-1.4608	-1.1160	0.3795	0.2718	-0.6896	-0.6753	-1.3729	1.0956	1.5056	-1.0298	-0.3091	2.5752	0.2325	-0.1559	-0.8376	-0.3641	-0.2758	-0.6918	0.3967	0.9429	1.7990	0.0984	-1.3931	0.0139	1.3999	2.5672	-0.5582	-1.3299
-0.6737	-0.1075	-0.7212	-0.4911	-0.6417	0.3370	-1.2598	1.3367	1.1145	-0.7233	-0.1157	1.1428	0.5562	-1.0729	-0.2610	-0.2288	-0.6738	-0.2674	1.0500	-0.2575	-0.0449	0.2731	-0.0240	1.2820	0.2735	-0.4647	-1.0647	2.4574	1.6413	-1.1123	-0.3920	-0.2162	1.4029	-0.3245	0.0302	-1.4002	0.0221	-1.4543	-0.5539	0.0177	0.0614	-2.4245	0.0353	1.1298	0.6366	0.9651	0.8644	-0.5954	0.2268	2.7605
0.7776	-0.3046	-1.4783	-0.1163	0.9162	-0.2608	-1.0100	0.3388	1.5532	-0.0722	2.5010	0.3164	-0.4364	-0.4208	-0.6798	-0.1916	1.0900	0.0618	-0.5794	-0.1632	-0.5248	-1.9654	-1.5942	0.0573	-0.9072	0.2646	-0.4948	1.8580	-0.4550	-0.3345	-1.1757	-0.3095	0.8918	-0.8867	0.2179	-0.8353	1.3074	-0.8690	-1.4979	0.8882	-0.4827	0.0343	-0.6410	-0.2205	-0.5547	0.0717	-0.5631	-0.9519	0.6111	-1.3580
-0.6695	0.7554	1.0113	-1.1895	1.3366	-0.4006	-0.6874	-0.0633	0.4811	0.3199	-0.4374	-0.6464	0.4818	-1.2815	-0.7141	0.7607	0.3994	-1.4277	0.2659	-0.4712	0.8545	-1.7831	-0.9055	0.4285	-1.9187	1.1649	1.2256	-0.8432	0.5293	0.4633	0.1775	1.8077	0.7941	-0.2331	-0.3560	-0.1459	0.8218	-1.5927	-0.9413	-0.8442	0.1994	0.1960	-0.5494	-0.8982	-1.3952	0.9941	-0.2574	-0.7767	-1.0409	2.7477
0.6796	1.4264	0.4364	0.1980	-0.1857	-0.3985	-1.3729	0.5717	-0.9788	-0.9327	-0.4436	-0.0024	0.0496	-0.5848	-0.5111	-0.8142	-1.5360	0.4415	-0.6389	-0.4137	-2.2239	-1.1349	-0.6032	1.4984	0.0287	1.3158	-0.6823	0.0023	-1.9657	-0.8500	-1.9377	-1.0567	1.0174	0.4476	-0.4764	-1.0377	1.2430	0.1819	-0.3154	-0.5047	-0.8505	-0.9523	-0.7175	0.7842	-0.5902	1.2995	-0.9643	0.0764	-1.0233	0.3836
1.3159	0.1965	-0.7995	-0.2681	0.3729	-0.3691	1.3969	-1.1539	-0.8652	-0.5463	0.3662	0.4639	-0.4991	-1.4641	1.3383	0.0599	0.7794	0.3694	1.1101	-0.0558	0.3225	-0.0150	-0.5287	1.2386	-0.4142	0.6991	-1.5171	0.1091	0.8731	0.5580	0.0530	1.6257	0.2201	0.5152	0.0939	0.0742	0.3529	0.5222	-1.6360	1.2545	-0.4581	-1.8423	2.1092	-0.6505	0.9367	-0.4625	0.2742	1.1730	0.1305	0.5215
0.9626	1.7081	-1.8249	1.4816	0.5830	-0.5359	2.3923	-0.8341	-1.6592	-0.6409	1.4494	-0.0217	0.6258	-0.3823	0.0026	1.0341	0.4681	-0.8482	-0.0324	-0.3630	-1.6715	-0.0520	0.5084	-0.4531	-0.7469	0.1320	-0.4410	0.2120	-0.1848	0.1333	0.2606	-1.0318	-0.5080	0.0523	-1.0041	-0.4359	-0.1437	-0.5655	1.4693	1.8204	1.6028	0.7489	0.5839	0.8980	0.3461	-0.6836	1.4775	-1.6605	-0.9822	0.3960
-0.6411	0.1119	-2.1871	-0.2290	-1.5372	0.6585	1.8181	0.2258	-1.2360	-0.1322	1.5736	0.7585	1.1527	-0.2832	1.6630	-1.2776	1.2317	-1.9642	0.5925	0.9433	-0.3938	-0.7686	-0.2145	-1.9076	-0.3901	-1.1688	-0.0249	-1.3871	0.5805	0.6007	0.8296	1.1552	1.7407	2.9508	0.3343	-1.6873	-0.1905	-0.3429	0.6889	0.9840	0.7138	1.2924	-0.9979	1.9428	-0.0214	-0.2995	0.8458	0.3297	0.6576	0.1962
-1.1448	-0.1786	-0.0209	0.0792	0.9373	-0.2602	-1.4876	-0.8302	0.8934	0.0914	0.6215	0.5407	-1.1762	1.3055	0.9233	-0.4367	-0.1423	1.2329	-2.1276	-1.5710	0.0268	-0.0674	-0.3839	-1.1054	-0.9074	1.7228	2.5251	-1.4571	1.2246	-0.0041	-0.1097	-1.5338	0.1961	-0.9534	-0.7752	1.7062	-1.9134	0.4964	0.3918	0.7588	0.4098	-0.5606	-2.8391	-0.3795	0.0412	-0.0953	-1.3732	-1.0833	-1.2327	0.5448
0.1166	-0.9641	-0.8893	-0.9854	0.6937	0.7636	-1.7934	0.4664	0.3741	-0.2133	0.3262	-0.3690	0.0067	-1.3608	0.6161	-0.4898	-0.5467	0.7848	1.5868	-1.4373	1.8956	-0.0273	0.9965	-0.3332	0.4377	0.3899	1.7883	0.6550	-0.1896	0.7078	-0.1132	-0.6394	1.2310	-0.4010	-0.0253	-0.5656	0.3019	-0.1730	0.7071	-0.8112	1.0381	-0.9042	0.8083	0.4342	0.3530	-0.0570	0.1522	-0.3415	-0.4327	1.1925
0.8578	-0.3768	0.7739	-0.5197	0.2811	0.7657	-0.5023	2.7841	-0.0041	0.2943	-0.2899	-1.6768	-0.5586	0.6387	0.0129	0.6045	0.2779	0.8649	-0.2495	-1.0978	0.6457	-1.0308	0.5873	-0.4791	0.2305	0.9081	-2.1555	0.5525	-0.5287	0.3813	0.1022	0.1581	0.4917	-0.0258	0.0559	-0.3766	-0.0826	0.3470	0.9764	0.7713	-0.2237	-2.1679	0.4608	-0.8061	1.2186	-0.0159	1.0082	-0.6313	-0.3090	-1.2252
-0.5382	-0.6017	-0.8086	-0.0748	-1.9307	-0.4054	1.5634	-0.1135	-0.2126	0.5383	-1.5981	-0.7417	-1.2516	0.2272	0.1295	0.1402	0.8164	-0.1844	0.8273	0.8024	-0.9719	0.2256	0.1235	0.7638	-0.0362	0.4206	0.4411	-0.5218	-0.6388	0.6195	0.3023	1.3545	0.1820	-0.5126	1.5178	-0.0303	-0.3087	-0.4759	0.5494	0.8395	-0.2930	2.0387	-1.4664	0.6397	1.1950	0.7345	-0.1833	0.8555	1.3249	0.5609
0.5824	-1.7002	0.5259	-0.5396	0.5048	0.5069	0.4915	-0.6649	-1.5999	0.1714	-2.5050	-0.5086	-0.8993	-0.2721	-1.2152	0.7846	1.2095	0.3996	-0.0784	1.3837	0.8508	-0.4891	-0.0776	0.7081	-0.1006	0.6144	-1.0687	-1.0801	-1.2130	-2.1797	-0.4175	-0.4342	2.3788	0.9920	-1.1103	-0.9406	1.3408	-0.6171	0.1636	1.7365	0.6983	0.6009	-0.2154	-1.0438	0.2804	-0.0447	-0.3398	0.3896	1.2975	0.8401
0.2976	0.6333	-0.3925	-1.5762	2.6919	-1.3456	1.6638	-1.0138	1.1488	-2.1744	-0.8734	-0.0803	0.0244	-0.6170	-0.2260	-0.2833	1.5811	0.0927	-0.4218	1.9178	0.2757	-0.4650	0.0056	1.0511	0.7058	-0.8113	-0.3031	0.3023	-2.1543	1.2394	0.2003	0.7731	0.8153	0.8239	-1.8972	0.7398	1.4862	-0.3037	-0.6027	-0.1595	1.4258	-0.0016	0.2611	-0.5557	-0.6776	-0.0828	0.4097	-1.5390	0.5715	-0.7144
0.0870	-0.7567	-0.8443	0.8555	-0.5927	2.8649	-2.0338	-0.7066	-1.8808	0.9260	-0.8588	-1.9844	-1.1295	1.5284	-0.6958	0.0360	0.4002	1.4321	0.7213	1.1330	-0.5069	-0.1067	0.0497	-0.3110	-1.2403	0.9722	0.3510	0.0398	1.1710	1.9536	-0.7243	-0.8228	-0.9494	-0.4424	-0.5742	0.5353	0.6205	-0.2117	0.5858	-0.5006	0.1376	-0.4846	0.8447	-1.1223	2.1547	1.5204	-0.1523	-0.9751	0.3117	-0.9555
-0.0162	-1.0253	-0.9090	-0.4953	-2.3113	0.7479	0.9103	0.4914	1.3899	-0.1565	0.0165	1.1861	0.0390	-1.1381	2.0940	0.6534	1.9328	-0.5606	0.7399	-0.6426	0.0459	-0.7530	1.4110	0.4345	0.0367	0.2252	0.5687	1.3105	0.6837	-0.7829	-0.9315	-0.5018	-0.4023	1.5139	-0.1611	-0.2517	-0.0262	-0.2015	0.5580	0.5879	0.3481	-0.7616	-1.1198	1.7434	-0.1276	-0.1090	-2.0073	-0.9828	0.0746	1.5749
-0.5156	0.4267	-0.7665	-0.4688	0.1586	-1.0833	-2.1785	-1.2624	-0.8939	1.3812	-0.4479	-0.2918	-0.9477	-0.6900	0.7367	-0.6873	-0.2816	-0.5374	1.0698	0.8052	-0.2564	-0.2743	-0.3199	-0.7963	1.0585	0.4862	0.5307	-0.8894	-0.0235	-1.4122	-0.9780	-0.7493	-0.3941	-0.5756	-1.1272	0.9549	0.8309	0.2721	-1.5387	0.1926	0.1475	-1.3213	0.6935	-0.2145	1.5442	0.2407	1.6251	0.2992	-1.2890	0.5513
-0.3350	1.4478	0.0982	0.5103	0.6990	1.5113	-0.4648	1.3061	-0.2700	-0.8546	-0.6596	0.1612	1.5797	0.5554	0.1571	0.1959	-0.1214	0.7399	0.8718	1.6633	0.8737	-0.5950	-0.3899	-0.9286	-0.8826	0.0875	1.2600	-0.3017	-0.5981	0.5744	0.8867	-0.1618	-0.8441	-0.2514	-0.1953	0.4917	1.0839	-0.7145	1.8161	1.6801	-1.7656	-0.4987	-0.1472	-0.9426	1.2517	0.8431	-1.2506	-0.7899	1.0409	-0.8127
-0.1248	-0.8725	-1.7362	-0.7053	-0.2820	-1.3985	0.7149	-0.2102	0.6987	0.5987	0.3269	0.0275	0.7811	0.8476	0.0490	2.6058	0.4065	0.5724	0.3153	-0.0851	-0.5394	-0.3373	1.0951	-0.1943	1.0364	1.5687	-0.9354	-0.0800	0.4706	-0.6618	0.6657	0.2429	0.3881	0.8017	-0.1625	-0.1922	0.8837	0.8037	0.1612	1.7049	1.3429	-0.0045	1.8503	-0.5636	2.1393	-2.3038	-1.4750	-0.1499	-1.4875	0.8416
0.5729	-0.3458	-0.5883	0.3283	0.9147	-0.0941	0.9493	1.8796	0.8251	0.3212	-1.1182	1.6344	0.1041	1.4393	-0.1589	0.3513	1.6483	0.5641	1.1289	-0.1482	-1.2404	-0.5488	0.8059	-0.2380	0.4362	-1.4857	0.7359	-1.0940	-1.2786	-1.3717	0.5605	-1.3969	-2.3341	0.3137	0.0661	-0.0349	0.3865	0.1697	0.8679	-2.7622	-0.4086	0.1696	-1.4743	0.1305	1.9184	-1.3701	-0.5589	0.9851	0.6712	0.1890
0.8715	0.5867	1.8679	1.0752	0.4117	1.2739	0.3903	1.0071	0.5875	0.5889	0.7867	0.0127	0.1333	0.5628	0.9471	-1.4725	-0.6160	-1.4223	-0.2090	0.0090	-0.1848	-0.1431	0.7393	0.0445	0.9000	-0.3752	-0.9527	1.2388	0.2412	0.2754	2.6798	0.3493	-0.3674	0.1386	-0.7844	0.5147	0.5683	-1.3527	-0.0486	0.8482	0.6554	-0.6183	0.6232	0.8537	-0.7523	0.1641	1.2155	0.6783	-2.0611	-0.2462
0.1623	2.1645	-0.9586	-1.9938	0.5887	0.6427	-0.5450	-0.8114	-1.3985	0.5239	-0.2781	0.9918	-0.7472	0.3331	-0.0995	0.1429	0.7978	-0.0450	1.0627	-1.5425	0.9339	-1.0711	0.1682	0.2327	0.7663	0.3732	-0.3373	-0.4599	-1.9232	-0.7460	0.1129	0.1819	-0.6420	0.0208	0.5720	0.9022	0.8184	-0.4220	-1.4394	1.6535	-0.8131	-0.0829	-0.8668	0.5124	-0.5870	-0.0839	1.8383	1.1161	0.2284	-0.1793
0.5382	1.4446	0.2451	-0.4416	-0.5670	-0.0821	-1.8991	-0.6819	0.1739	0.2637	0.7827	-1.7493	-0.8983	0.4738	0.9635	-1.8863	-1.4628	-0.6184	-1.3960	-0.6541	-1.1583	-0.9510	1.0511	1.1852	-0.1076	-1.1495	-1.0981	0.9541	0.8220	-0.7031	-1.1525	-0.6314	-0.3035	0.1294	0.0621	-0.7342	0.9348	-0.5284	-0.5252	0.2697	-0.5001	-0.2264	0.3524	-0.1580	-0.5627	-1.5445	-2.4281	0.3884	-0.3823	0.8612
-0.8649	-0.4089	0.8762	-0.0359	0.1309	0.1390	0.2995	0.7530	0.8555	0.4923	-1.1198	-0.2779	-0.1749	-0.2876	0.5325	0.8814	0.0005	-0.1058	-1.3872	-1.2248	-0.6459	-0.7838	-0.8095	-0.9661	0.7724	-0.2978	-0.2902	-0.2256	0.9252	2.7622	1.0294	-1.7238	-1.1477	0.1439	-0.0714	-1.6232	-1.6041	-0.1915	0.5169	0.6194	0.0329	0.8743	1.1618	1.3613	-0.1594	0.5241	1.0797	-1.0253	0.8833	-0.3858
-1.5086	0.2324	1.5399	0.1666	0.1699	-1.1949	0.9053	1.2772	0.3813	0.7798	0.6384	-0.9353	-1.9111	-0.7319	0.1799	-0.5248	0.7122	-0.3975	0.1394	0.5556	1.0129	1.3359	0.3583	1.4356	0.8615	0.4380	0.8772	-0.3554	-1.4315	-0.2332	-0.6790	1.0525	1.1560	1.1948	1.0604	0.0009	1.2104	-1.0480	1.2105	-1.0988	1.0349	-0.5687	-0.2620	-1.0826	-0.0898	-0.8674	1.1054	0.6041	-1.1746	-0.5501
-0.0488	-0.8102	-0.5165	0.8632	0.1562	0.4128	-0.8002	0.8551	1.5758	0.8576	-1.0871	-0.0668	-1.2658	2.0464	1.0352	-0.0437	-0.9901	0.1187	-0.7572	-1.5103	-1.3186	1.4839	-0.8217	-0.5793	-1.2243	0.9311	1.3534	0.8308	1.1567	-0.3982	-0.6118	0.9220	0.6383	0.5130	0.0700	-0.5748	1.5215	-1.3734	-0.9423	-0.7590	-0.7685	1.8051	1.5196	1.0746	-1.0862	1.0948	0.2536	-0.5809	-0.7130	-0.3279
0.4614	1.1534	0.9131	0.2599	-0.2853	-1.7540	0.3097	-0.4874	-0.9773	0.4919	0.1154	-0.9749	1.0539	1.1877	0.3820	-0.6504	-2.0828	0.0246	-1.0782	1.0203	0.1726	-1.1305	-1.1730	-0.4359	1.1356	-0.0411	-1.2112	-1.1272	0.5658	0.5728	-1.5509	1.3058	-1.4212	0.1351	0.0018	-1.2858	-0.7205	-0.1362	0.3589	-1.5886	-0.1373	1.5644	0.5989	0.7599	0.1922	-0.4482	-1.2317	0.7046	0.0788	-0.2067
0.1240	0.6613	1.7492	0.0045	0.7842	0.4554	-0.7795	-1.1755	-0.7277	-0.0638	-0.2630	-1.5657	0.0473	1.7971	1.0287	-1.6762	-0.0743	0.9166	1.6456	-0.3723	0.8729	1.2651	-1.0457	-0.5493	1.2396	-0.0555	0.4025	-2.1503	-0.1429	1.3611	-0.2417	0.3437	-1.3343	-0.7158	-1.9266	-1.7550	0.0603	-0.8272	3.1529	-1.0683	0.2433	-0.3543	0.4554	-1.3271	-0.6747	-1.9275	-0.5986	-0.2579	-0.0681	-0.3563
-0.3074	0.5249	-2.4194	-0.8311	-0.0045	0.6996	-1.5295	2.5506	0.5596	-0.6488	-0.3868	-1.1144	-0.3819	-0.2381	-0.4454	-0.4335	-0.5256	-0.7655	-0.3961	0.9967	0.3631	-0.8348	0.8736	1.1083	0.0448	0.0891	-0.5514	2.3942	0.4824	0.0876	0.2663	-0.2698	2.3164	0.3893	-0.0430	-0.2538	1.1277	1.6630	-0.1886	0.9006	-0.0168	-1.4588	0.4667	-0.6426	-0.5958	0.3816	0.2894	-0.5959	-0.8697	-0.8821
-0.1788	-0.6561	-0.3286	-1.2272	1.3256	1.5685	0.1841	0.3720	-1.1193	1.3905	0.4581	1.2209	-1.0397	-0.6106	0.4898	2.7655	1.2765	0.4640	-0.4192	-0.3168	2.4470	-0.2824	0.4908	-1.4313	0.0014	0.1305	-1.3254	1.0928	1.8689	1.1678	-1.5720	-0.3277	-1.9880	0.2555	0.7472	-1.9849	-0.8992	0.0395	0.2586	-0.4842	-1.7186	-0.5800	-0.9586	-0.1785	0.6996	0.2449	-0.0594	-1.1639	0.6208	0.3781
-1.4011	-0.6186	-0.3972	-0.0028	-0.1598	-0.3276	-0.3672	-0.5026	1.6155	0.5248	-0.4697	1.2195	1.3697	0.6864	2.5756	0.2759	0.2407	1.1169	-0.1977	-0.0911	-0.4177	-1.3851	-1.0118	-1.6363	1.6159	0.8238	-1.3373	-0.1196	-0.3145	-2.2374	0.2350	2.3270	-1.5462	-0.2127	0.8137	-0.1692	-0.1972	0.8736	0.6000	-1.3422	2.0706	-2.1501	-1.0322	0.1484	1.5287	-0.3025	0.6399	-1.4064	1.9661	1.6665
-0.9880	1.1403	1.1402	-0.4237	-0.2410	0.0181	-0.2872	-1.1196	0.8322	-1.5031	1.5012	-1.6808	0.7481	-2.9121	0.5262	-0.5040	-1.9742	-2.1776	-0.3938	0.1973	-2.1096	1.3010	-2.1251	1.3234	-0.3984	-0.3011	-0.0831	1.5729	0.4369	-0.8676	0.1158	0.0301	-0.3362	-0.3523	-1.5257	0.6909	0.0363	1.1935	-1.3145	1.4022	0.8654	-0.2710	0.3468	0.2860	-0.5801	1.5310	0.5317	0.5100	0.3676	0.8399
0.7739	-0.5235	-0.4290	-0.3883	0.0359	-1.2715	-0.4290	0.0889	-0.0770	-1.0289	-0.6297	-0.1432	1.1102	-1.4347	1.5443	0.0280	-1.5106	-0.6908	0.8258	0.7609	-0.9544	0.1413	0.2244	-0.1766	0.7055	-0.5817	-0.6053	-0.3382	0.8288	1.2374	-0.7236	-0.9891	-0.0498	-0.8325	-0.2726	-3.3392	1.6933	1.0380	2.7561	0.3638	-1.8457	-0.2550	0.1197	-0.1330	-0.9360	0.1508	0.4506	0.7051	-0.6597	0.0187
-2.8813	-1.2923	-0.2791	-2.1001	-1.1092	1.0625	0.8771	-0.2047	-0.1206	0.8686	-1.2462	-0.3026	-0.4836	-1.4741	-0.2693	-0.0597	0.6786	-0.6705	0.7689	-0.0851	-0.8655	1.2545	-1.0194	-0.1157	-1.0504	-0.1624	0.6769	0.9420	-1.7470	0.9112	-0.5387	-1.7532	-0.9216	0.8536	0.6836	1.1768	-2.0902	0.2269	1.2648	-1.4662	1.7181	-0.1727	-0.2677	0.1322	-0.1168	0.7933	-0.8369	-0.0039	1.1890	-0.3565
-0.4819	-0.1180	0.3185	0.1600	-2.2458	-1.4854	0.0247	2.4801	-0.0856	-0.8398	0.0914	-2.0382	0.8101	0.2995	1.7159	0.9597	0.3731	-0.8738	1.1964	1.2614	-1.3655	-1.3903	0.8578	-0.2209	-0.7383	1.6653	1.0958	-0.8697	1.5503	-1.1832	-0.7005	0.7830	-1.4250	-0.7567	-2.5712	2.3566	0.3662	-0.8716	0.5645	-0.2180	0.6795	-0.6621	0.1774	0.0066	0.9618	0.4525	-0.9083	0.9309	-0.8364	0.6172
-0.4168	1.4058	0.8382	-1.5980	-0.5799	0.4111	1.1883	-1.5409	-0.0729	1.9609	0.1827	-0.8162	0.9732	0.5590	-0.1005	0.5100	1.7293	-0.3301	0.7682	-0.0634	-0.8483	-3.0055	0.9477	1.2220	0.0285	-0.4511	0.0664	-0.0546	0.1964	1.4031	-0.1770	-0.5094	-0.5888	-0.3988	-1.0289	-0.3853	-2.2490	0.0811	-0.1778	0.9435	2.3706	-0.9461	0.2480	0.7642	-0.7298	0.6406	1.3534	-0.6871	-0.5477	-1.5794
0.5301	0.4662	-0.2336	-1.6318	-0.7075	-1.2343	0.1370	2.0822	-1.9193	-1.4334	0.5653	0.5454	1.0326	0.3072	-0.8818	-1.4303	-0.1004	-0.0107	-1.6217	0.8818	0.1128	-0.0200	1.0931	-1.3593	0.6022	0.7158	-0.3485	-0.3608	-1.3277	-0.8455	2.0932	-0.3311	-0.0578	-0.9809	-1.5596	0.1746	0.1850	0.1483	1.0456	2.4090	-0.0319	-0.9065	0.2737	-1.8034	0.8848	0.4823	1.1155	0.4349	1.7219	0.6598
-1.4480	1.4565	0.9618	-0.0252	0.2034	0.4911	-0.5734	-1.0089	-0.4655	1.1250	-0.0621	1.2307	-0.8810	0.5686	-0.7366	-1.1417	2.1100	-1.3665	1.3290	0.1334	1.5047	0.0863	-0.1646	-1.5951	-0.0146	-1.1435	-0.7650	-0.0354	-2.2341	0.0180	-0.1436	-0.2495	0.7530	1.3917	0.6214	-0.6243	1.6373	0.7274	-0.5862	0.5478	-0.9544	0.4179	-0.6387	-1.7717	0.9139	1.5495	1.6302	0.2371	0.7213	1.1233
0.3391	-0.6725	-2.7211	-0.4456	0.6208	1.2448	-0.1264	-1.3947	0.0070	0.4348	-1.8364	0.8619	0.1287	-0.6646	-0.7628	1.3116	0.8155	-1.4811	0.2269	0.4319	-0.6995	-0.4873	-0.4307	-1.5830	0.0093	-1.9019	-0.6162	1.2270	-0.0192	0.3968	-0.9735	-1.1268	0.6299	0.7031	0.5950	1.3328	-0.2767	-0.8162	0.4098	0.0369	-1.2780	0.5529	0.3598	-1.0310	-1.3077	-0.6049	0.9973	0.2067	-2.7079	-0.7790
0.7368	-0.5114	-0.5724	0.5492	-1.4410	1.4843	0.4893	-1.6167	-0.4947	0.5865	1.2339	-1.0632	-0.8739	0.4128	-1.7401	0.8143	-0.5497	0.8458	-1.0937	-0.5647	-1.2397	-2.4918	-0.1630	0.7021	0.9028	-0.6527	-1.2585	-0.3281	-0.6333	-0.3259	-1.1730	-1.1006	1.8703	0.8643	0.5423	-0.5679	-0.8238	1.3888	-0.6214	0.7195	0.6844	-0.1879	1.9601	0.6147	-0.5351	0.9121	0.8846	-0.1583	-1.3708	1.1388
1.0148	-0.3560	-0.7796	0.5228	1.5592	-0.1485	0.5535	0.6892	0.2561	-0.5130	1.2985	-0.3348	-0.4851	0.1027	0.6811	1.8006	0.4704	-0.9911	-0.6618	-0.3104	-0.0123	-1.2050	0.1495	0.8871	-1.1747	-2.2388	1.0791	1.1101	-0.1043	-1.3095	-0.4071	-0.9614	-0.1220	-0.6360	0.1362	-0.1123	-0.0442	0.6389	1.1053	0.6332	0.2624	-1.1995	0.7356	0.6147	-0.2805	-2.0149	-0.4573	-0.8903	2.0790	-1.9243
1.7618	0.8968	1.1453	0.6821	0.9460	0.6534	1.8463	-0.1367	-1.1567	0.9051	0.1005	0.7680	0.9804	0.2361	1.1475	1.6647	-0.3003	0.3942	-1.4427	-0.2843	-0.6271	-0.0416	1.7318	-1.0282	1.3312	-0.2389	1.7233	-0.2603	1.5918	-0.1728	-1.1926	1.3685	1.8698	0.9939	-0.0964	0.8487	-0.8578	-1.3233	1.3374	1.1913	0.9072	-0.4455	-0.2402	-0.2883	0.9696	-1.5840	1.5345	0.1396	0.0442	-0.5013
-0.8390	1.7661	-1.0965	0.5316	-0.7229	-0.7246	1.4497	-0.4436	0.2311	0.3232	-1.5185	-0.9904	-0.9780	-1.0459	1.2005	0.7003	1.8577	0.9126	1.2761	1.3144	-0.1369	-1.5605	0.1237	-0.6846	-0.0227	0.1146	-0.8838	-2.7350	-1.6253	-0.7401	-1.1595	-1.1241	-0.2059	-0.6205	-0.7572	1.0970	0.7729	-0.9192	0.1343	-0.5791	-0.7912	-0.0289	0.9378	0.6336	-0.6784	-0.1132	-0.8302	-0.0683	1.8230	1.5766
0.0213	-0.4855	0.0503	-0.2611	0.4915	1.9677	-1.6577	-1.5303	0.4244	-0.1590	0.4511	-0.5786	-1.7763	-0.9542	1.5369	1.5078	0.4928	0.4477	-0.1249	0.6654	-1.5224	0.5058	-1.3753	0.4311	0.6839	-0.8438	0.3771	0.4852	-1.2390	-0.3794	-0.4363	-0.7375	-1.5271	1.1600	1.2823	1.1949	-0.5461	-0.3845	1.0679	0.8573	1.2473	1.6089	1.1922	1.3110	-0.0045	-1.3888	0.6009	-0.7950	1.2482	0.0342
0.1738	0.9198	-1.0171	0.2982	-0.2044	0.6099	0.6759	0.2225	1.1299	-0.2374	-0.5630	1.3954	-0.8907	-0.9424	0.7272	0.1893	0.5718	-0.5750	-0.6823	-1.2761	-0.9074	-0.5481	-1.0484	1.0768	1.1315	0.7446	0.6774	-0.8715	-0.6840	0.3024	-0.4485	-0.4690	-1.2445	1.0196	-0.6545	2.3882	-0.0611	-0.2418	-0.0635	0.1085	-0.6908	0.2032	-0.6902	-1.1915	0.4212	0.8245	-0.0938	1.0262	-0.0306	-2.4407
-0.6421	0.1062	0.7747	-0.0961	0.2060	1.0691	0.1928	0.4504	0.8074	0.5084	0.2871	-2.1987	-0.5963	0.3140	-1.0210	-0.5242	-0.6016	0.1069	-1.0595	-0.1495	0.8787	0.4057	1.8984	1.6797	-2.2934	-0.4457	-0.2366	-0.1458	-0.8784	-1.4972	0.9204	-0.8734	-0.7261	0.0911	-0.9029	-0.2277	1.4555	-0.3446	-0.7232	0.6627	0.3807	-0.7264	-0.3970	-0.8235	0.0493	-2.1751	1.2040	0.4424	-1.2191	-0.4284
-0.9045	0.2409	0.1388	1.0764	0.0783	1.1226	0.5951	-0.3834	0.4965	0.3714	-0.6927	0.6164	-1.1460	0.8550	-0.3656	-0.9929	-0.2295	0.6109	0.2649	0.5942	1.1046	-0.0661	-3.0521	0.3973	0.2454	1.3705	0.2872	0.2457	1.6407	0.8836	0.1688	0.6567	0.6955	0.0743	0.6819	0.7023	0.3200	0.5111	1.0075	-0.0662	-0.1265	0.2024	0.4458	0.9015	-0.5976	0.0697	0.8182	-0.1016	0.3910	0.0374
-1.1523	0.0231	0.4779	-1.0622	-0.2434	1.2517	0.4844	0.2206	0.1992	-2.1672	-1.4434	0.2619	2.1594	-0.7725	-0.1815	-0.2091	-1.5796	-1.7439	0.2359	1.6498	0.7450	0.6483	-0.7837	-0.0073	-1.5372	-0.5307	-2.8709	1.0776	0.1424	-0.1304	0.8061	-0.8624	0.6541	0.6560	0.1911	0.0354	-0.7151	-0.5357	-0.4299	1.5366	-0.0320	0.1731	-0.3297	0.2097	-0.0174	1.0171	-0.3786	-0.7649	1.8778	0.9189
-0.5965	0.6736	0.0321	0.7203	1.8116	-0.2500	-1.7725	0.0801	-1.7109	-0.7821	0.0151	-0.6863	0.1506	-1.4170	-0.7068	0.9008	0.5397	2.3510	-1.3296	-0.3182	0.7250	1.5569	1.2498	0.1847	-0.2626	-0.4953	3.3331	0.3178	1.9850	-0.1904	-0.4167	0.5823	-0.2441	1.1775	-0.5337	-1.9063	0.9048	-0.6648	-0.4061	0.8296	1.0690	0.0992	0.4928	-0.8462	0.0869	-0.8245	0.1459	0.2914	0.9911	0.0266
-0.5054	1.3241	0.0186	-0.7200	-0.3708	-0.3736	-2.1854	-1.1764	-0.4527	0.7863	0.0327	-1.3457	0.2359	-1.0338	0.2873	1.1561	-0.3078	-0.5920	-2.4981	0.0157	-0.1614	-0.8447	1.5986	-0.1253	-1.0936	-0.8537	1.4306	-0.5322	-0.3655	-1.0868	-1.3089	0.4967	-1.0951	-1.2617	3.2261	-0.2823	0.2151	1.9158	0.3433	-0.8092	1.3062	1.0717	-0.9754	-0.6555	-0.5333	1.4436	-0.5540	0.1720	1.5151	-0.0974
0.7197	-0.2827	-1.3394	-0.0948	-0.9249	-0.5871	-0.5221	-1.7025	0.0816	-0.0250	0.4258	0.0350	1.1454	0.3866	-0.1158	-0.6970	0.6122	0.3235	1.3699	-2.8092	1.1971	0.3769	-1.8533	-0.2509	-0.2399	-0.6005	-2.3496	-1.3944	-1.7830	0.5680	1.2212	-0.2365	1.6150	-0.8960	1.7175	-1.0647	0.8179	0.0252	-2.3216	0.6066	-0.4548	-0.5193	0.5999	0.2207	-0.8712	1.0664	2.6248	-0.1788	0.5798	-0.0338
-0.8196	1.2362	0.7252	0.4274	1.1760	0.2927	-0.9291	-0.4532	-0.7787	-0.3623	0.7549	-0.7435	0.3626	0.0529	1.2146	1.7832	-1.0616	0.1956	0.0202	1.1650	1.4151	0.8343	1.4096	-0.3366	-0.5477	-0.1949	1.8613	1.2906	-0.0586	0.6009	1.0579	-0.9151	-1.1775	0.9191	-0.4338	1.1888	-0.9419	-1.6041	-0.1519	0.0042	2.0711	-0.8275	-0.0594	2.6503	0.5152	0.6672	-2.2206	0.1577	-0.5710	-0.6359
0.7037	0.3899	0.9820	0.3690	-1.8287	1.6243	0.8735	0.4047	-0.2350	-0.5801	0.9003	0.2041	-2.0025	-0.1450	-1.7929	-0.7564	2.0236	-2.7136	0.8310	-0.7621	1.3870	1.7146	-0.4324	1.6410	1.2290	-1.0629	-1.4597	-0.8090	-0.8234	0.7565	0.1504	0.5998	-0.4482	-0.3431	0.9265	0.6509	1.1096	-0.5304	-2.8224	-0.4372	-1.0025	-0.5972	-0.3048	-0.9995	-0.7757	1.1718	1.3730	-0.0820	-1.6520	0.0751
-0.3636	1.5975	-0.6489	1.0439	-0.0914	0.8489	-0.7762	1.8906	-1.6612	0.5202	-0.1854	0.8268	1.9901	0.6989	2.4512	0.0806	-0.7551	-0.2750	-0.2315	1.2433	1.3425	-0.0371	-0.0730	0.6289	0.9522	0.0757	1.3100	-0.2635	-0.1630	-0.8889	1.3869	-1.4002	-0.2151	0.7418	-0.1874	-0.3182	0.5629	0.7676	0.4366	-0.3700	-1.7018	-1.8580	-1.9825	-1.4188	-0.1627	-0.6184	0.9764	0.1925	-1.1462	0.4335
0.6532	-0.0318	-1.0775	-0.2236	-0.4082	0.6868	-1.7894	0.2626	0.2752	0.3195	-0.9708	-1.5163	-0.0480	0.7075	-1.1153	1.9419	1.9569	-1.2797	-0.7964	0.9240	1.2783	-1.1744	1.6422	0.0294	0.6226	1.2063	1.1690	-0.8029	-0.1191	0.2042	-0.7649	1.4575	1.6042	-1.3993	1.5408	-0.9494	-1.1231	0.6886	0.0161	1.5969	-1.8880	-0.3390	-0.3855	-0.0472	1.9589	1.3126	-0.0368	0.1230	-1.3850	-0.3561
0.1736	0.8426	1.0610	-0.2680	-1.5488	-0.0353	-0.4895	0.3534	0.8958	-1.4033	2.1533	0.9958	-0.7265	0.2937	-0.1774	-1.3657	-0.7333	1.2600	-1.1064	-0.1304	-1.0775	-0.7292	-1.1358	0.7131	0.6788	1.0287	0.3450	0.9257	1.0332	0.9925	0.4223	0.3270	0.1182	-0.7903	-0.5729	-1.0841	-0.1272	-0.6829	-0.6106	1.5020	-0.4437	0.1083	1.0543	1.4502	1.2684	-0.4929	0.6767	-0.0298	-0.3004	0.3656
0.3766	-1.4493	-0.5091	-0.5203	-0.4473	0.7000	0.8883	-0.4709	-1.3155	0.0721	-0.6467	-1.4315	0.3223	-0.4557	1.4958	0.7122	-1.7320	2.7990	0.0215	-0.8530	-0.7513	-0.9381	-0.3124	0.0636	1.6617	0.9082	-0.1139	-0.1304	-1.5148	0.4349	-1.5892	-0.7208	0.8780	-0.3636	-1.3411	1.4489	0.2368	0.0305	-0.6039	-1.1049	-1.0151	0.2152	-0.5491	-1.6417	-0.6091	-0.4589	1.8401	0.6581	-0.3511	0.2641
1.1270	1.2421	-0.1675	0.4820	-0.2729	1.6965	0.9318	-1.3614	0.6520	0.5075	-0.3029	0.8120	-0.8086	1.0808	-1.1820	-0.3884	0.6132	0.3406	1.4149	0.8989	1.0291	0.2694	0.0043	-0.1254	0.3061	0.7485	-2.4878	-1.1582	1.1615	-0.1763	-0.6664	0.0383	-1.1020	-0.2066	-1.4616	-0.7212	1.0965	-0.1891	-0.4240	-0.5049	0.8664	-1.4814	1.3854	-1.9300	0.2564	0.0668	0.9641	-1.5647	0.0595	1.6037
0.2800	-0.3665	-2.0831	1.0010	0.1228	0.3148	-0.1542	-0.2206	1.1999	0.5207	-0.1211	0.4319	0.3309	0.4405	-1.7183	-0.6255	1.0996	-0.4161	1.7408	0.5706	0.1851	0.5991	-1.3314	1.1083	1.0484	0.0245	-0.0731	-0.0994	0.3886	-0.4215	-0.6694	-0.2861	-0.6888	-0.4836	-0.3051	-0.6391	0.3669	0.3837	-0.1039	-0.1370	-0.3296	-0.3729	0.8794	-0.2955	-0.3900	-0.0167	1.9827	-1.2069	-1.9030	-0.2616
-0.4266	0.2531	1.0315	1.4761	1.4317	0.6978	0.2538	-0.8437	-0.0718	-1.4627	-0.3813	-0.5228	0.4482	0.3238	-0.4171	-0.4331	0.3777	-1.6034	-2.0286	-0.2881	-0.0594	0.0070	-0.4302	-1.3685	-0.5766	0.0134	0.8363	0.4323	0.9298	1.0646	1.1640	1.2143	0.4208	0.7960	-0.7451	-1.3570	-0.2901	1.2053	1.2410	0.6397	0.5913	-1.0995	0.3871	-1.0595	2.3313	1.0049	0.4855	2.0335	-0.3389	-1.2851
-0.6289	0.5472	0.2386	-0.1397	0.9526	-0.7743	0.8017	-0.5785	-1.6900	-0.0871	0.7835	2.2472	1.8916	-1.2988	-0.5952	-0.2413	1.8126	1.2166	-0.0459	-1.5474	-1.8864	-0.0887	-0.5877	2.0297	1.7466	0.7798	-0.5430	1.0071	0.2002	-0.2648	1.1799	1.0420	0.5258	0.7268	0.7602	-0.0685	0.9867	-0.9077	1.7359	0.0177	0.2080	0.5842	0.4155	0.4706	-0.3917	1.3052	0.2126	0.1730	-0.7700	0.2483
1.3367	-0.5473	-1.3477	0.3806	-0.6517	-0.3293	-2.4349	0.3353	0.5848	0.6681	-1.8612	-0.0290	-0.4360	0.3408	-0.0233	0.8503	0.1798	-1.1965	-0.5514	-1.0023	0.7264	-0.9483	1.8373	-0.5695	-1.9519	0.7622	-0.2323	-1.5277	-1.2500	0.2527	0.8810	0.1345	-1.4996	0.6196	0.4827	0.9624	-1.2307	-0.4902	0.5389	2.4811	-0.5739	-0.1785	-0.6030	0.6436	-0.1780	0.4459	-1.9361	-0.3636	0.6701	-0.4242
-0.3345	-0.9427	1.5275	1.5461	0.5938	-1.1804	0.2786	0.7543	-0.3187	-0.9589	0.9509	-0.1776	-0.9932	0.1266	-0.3764	0.9597	0.9326	-1.5805	1.5128	0.2921	-1.6562	0.4258	0.2469	0.3616	1.7754	-0.4843	1.2535	1.3027	1.7284	-0.9790	0.1344	-1.6042	0.7651	2.4873	0.4842	0.0222	-0.2778	-0.0481	0.2170	-0.5150	-1.7939	-0.2156	-0.3731	0.1628	0.4149	-0.2095	0.3617	0.7100	-0.0026	0.3477
0.5122	-0.5905	-2.0849	-1.2889	-1.1076	-1.8469	0.2101	0.5126	-1.4408	2.1416	-2.9512	0.4786	0.9441	-0.2623	-0.6068	0.3256	-0.0135	-0.8596	0.5433	1.2201	0.9318	1.7363	-0.3172	-1.1838	-0.5111	-1.1660	0.5246	1.5555	-0.4771	-1.9475	-1.1038	-0.4488	0.8868	0.0303	-0.1751	0.3234	0.0267	0.9059	-0.1094	0.6362	-1.0249	0.5853	1.4284	0.6713	0.2827	-0.4780	-0.5613	-0.4313	-2.3586	-0.4878
-0.8276	-0.2058	-1.5934	0.9172	-0.3046	-0.7095	0.2512	-1.3418	-0.4277	1.3349	1.2201	1.2202	-0.0880	1.6714	-0.2206	0.6098	0.7151	0.0451	0.1062	0.5922	-1.6489	1.2190	0.4253	-0.2591	-0.0682	0.4641	-0.0077	2.9908	-0.4453	-0.3761	-0.9430	0.1076	0.0033	0.5635	0.4264	-2.0792	-0.6800	1.0323	-0.2098	0.2972	1.8321	1.2880	-0.1708	-0.6094	-0.7217	-0.6666	0.7101	-1.0365	-1.5528	-0.1684
-0.0890	-2.6588	-0.0986	0.6757	0.6793	-1.1228	0.4373	0.7148	1.6203	0.4279	-0.5455	0.5810	0.6589	-0.2954	-3.0744	0.7049	-0.8054	-0.3678	0.2195	0.3240	0.4582	-0.8881	-1.4531	-0.1481	-0.0016	-0.6942	0.9930	-1.9102	-0.5529	-0.6368	-0.6305	-0.4455	-1.5641	-0.9060	1.6242	-0.2326	0.0170	1.1116	1.3289	0.1774	0.5676	0.5540	-1.4026	-1.4786	-0.2425	1.2953	1.2085	-0.3265	0.2823	0.9510
0.7779	1.0555	-1.9683	-0.4521	1.0161	-0.8929	0.7090	-0.3676	1.1234	0.0701	1.9228	-1.1003	-0.2680	0.5604	0.9639	-0.6698	0.2390	-0.1655	-0.9721	-0.6111	2.2290	-0.0339	-0.0230	0.6192	1.8395	-2.1602	-1.2459	-0.1484	0.5047	-0.0245	-1.7934	-0.2568	0.9808	1.0519	1.5037	0.4503	-1.7549	0.1661	-1.4234	0.0841	-0.3146	-0.6096	0.5505	0.4061	-0.3919	-0.5796	-0.9535	-0.3462	-0.7933	-1.1194
0.2142	0.5507	-0.2467	-0.5098	-0.4653	0.1913	-1.0210	-1.5124	0.1354	0.5177	-0.5893	-0.4603	0.4645	-0.0824	-0.1050	0.0176	0.0298	-0.7710	0.4206	3.3089	-0.3146	-0.7919	0.4307	0.2404	0.3217	1.4259	1.0140	0.6935	0.5276	0.5104	0.6333	-0.8349	0.4957	-0.1399	-0.1196	-0.2751	-0.2902	-0.1121	-0.2632	0.5679	-1.4015	0.8141	0.3933	-0.8183	-1.0829	-2.3134	-0.6429	-0.6574	-0.1124	0.9029
-0.3258	-0.7772	0.5104	2.7759	1.2858	-0.3360	0.7647	0.9286	-1.5560	0.5192	1.1007	-0.0326	-0.0751	-0.3108	-1.2214	0.7809	0.1473	1.8235	1.6377	-0.7162	-0.1374	0.8417	0.5885	1.0217	0.2264	-0.1729	0.0880	-1.0184	0.9206	0.0621	0.6511	-0.2692	-1.4226	0.9038	-0.2579	0.1415	0.2803	-0.7437	1.9112	-1.0313	0.2418	-0.1607	-0.6382	0.3640	0.5646	-0.4529	-2.3691	0.1892	1.7803	2.2081
0.3606	-1.4066	-0.9234	-1.1379	-0.9565	0.9955	-1.1755	-0.6546	0.1379	1.5524	1.3432	1.1751	-1.5917	2.3191	-1.7546	-0.6604	0.2596	-0.2415	0.2470	-0.4566	0.7772	-0.9775	-1.5022	0.2595	0.9594	0.9497	0.0296	0.4830	0.9383	-1.7122	-1.4235	1.2145	-0.3931	-0.1717	-0.1317	-1.4385	-0.2697	0.4189	-2.2303	-0.2612	1.7562	-1.0004	0.1114	-0.9395	-1.4477	-0.6831	2.0118	0.4515	-0.6005	-1.7951
-0.3113	0.9655	-0.8762	-0.2395	-0.6097	-0.6292	-0.2724	1.0894	-1.7061	-1.3622	0.7223	-0.3021	-1.1040	1.9113	0.3528	0.9393	-0.4697	-1.0420	-0.2373	1.8368	1.8877	-0.7264	1.4236	-1.0350	-0.0712	0.1078	0.2155	-0.1322	0.3870	0.9810	0.5080	-1.9467	0.7155	-0.1660	0.0579	0.6540	1.9987	-0.4568	0.0978	-0.3951	-1.6525	1.2916	0.2342	0.6367	1.3992	-0.0086	-0.9761	-1.6658	-1.4797	0.3557
0.8358	-0.0725	-0.7478	0.3164	0.7664	0.3214	0.0106	1.2439	-1.1933	-0.0552	-0.5158	0.5535	-0.6928	0.3214	-0.3368	-1.6140	-0.5596	-0.5273	-0.0991	0.0760	0.1288	2.8048	2.3344	-0.8120	0.3130	0.0830	-2.0575	0.3689	-0.0283	-0.9578	-1.7795	0.8196	0.6461	-1.0276	-1.2228	1.3988	-0.9384	0.4798	0.4066	-0.0922	0.0052	0.2795	-0.5652	-1.5161	-0.6587	-0.1527	0.1291	0.8595	-0.4121	-0.3693
-0.3416	0.5751	-0.6383	-0.2833	0.9576	-2.9987	0.2303	0.6252	-0.1135	-0.8779	-0.2048	0.7041	-0.6977	0.2572	-0.4754	0.7195	1.3257	-1.7904	-1.7072	0.2425	0.0637	-0.1254	0.3140	-1.2349	0.2517	-0.0383	0.7313	-0.7028	0.0580	-0.6072	-1.1170	2.3890	-1.1580	0.7940	-0.3077	0.4572	-1.5426	0.6852	-0.8347	1.3451	-0.1603	-1.8766	0.6845	0.8912	-1.4619	0.6201	-0.3380	-1.0541	0.1575	-1.3064
0.0495	0.1517	1.1304	0.3336	-0.5511	-0.2327	-0.6733	-0.3816	1.5101	-1.0955	0.4242	0.8807	1.0164	0.9475	0.0632	-2.4226	-0.6307	-0.9368	0.4036	-1.4928	-1.2153	2.3620	0.3636	-0.9554	-1.3459	-1.2089	-0.6542	1.3100	-0.2895	1.4896	0.0210	0.7945	-0.9376	1.3983	1.2098	0.0802	-0.1476	-1.8423	0.4637	1.6144	0.1129	0.7904	0.4204	-1.4700	-1.7688	0.6414	0.2162	-0.9919	-0.5931	-1.7813
-0.5997	-0.8038	-0.1204	0.6146	0.3533	0.7410	0.2314	-0.8195	0.5046	0.8116	-1.6538	-1.5043	-0.5545	0.9728	-0.2094	0.1931	-0.5775	-0.6378	1.1304	-1.2127	-0.3972	-0.3382	0.3208	-0.7011	0.2741	-0.5645	-0.8348	0.7417	0.5309	0.8313	-0.0964	1.1183	1.0746	1.6843	-0.4996	-0.2855	-0.2233	0.0642	1.0408	-1.8513	0.7724	-0.0535	0.7372	2.4476	1.1962	-0.7870	0.7617	-1.3608	0.7668	-1.0815
-1.4020	0.6419	-0.0148	-0.7142	1.1675	-1.2587	0.7711	-1.0641	-0.2364	1.1773	1.3109	1.5193	-0.7876	-0.1988	-0.2591	1.1294	0.9263	0.1424	1.0584	0.3117	0.3945	0.8461	-0.3165	-0.4647	-0.0222	-0.3926	-1.2249	-1.1308	1.3072	-0.2965	-0.9858	-1.2802	-1.0755	-1.4981	0.3166	0.7847	-0.0151	-0.2947	1.0647	-1.4345	0.5210	-1.1282	1.7966	1.5564	0.8068	0.1897	-0.8102	-0.5302	-0.1984	-0.4423
-1.1646	-0.0088	0.8950	-1.2331	-0.3951	0.2148	0.4579	0.9632	-0.4536	0.1247	1.5122	-0.9142	0.1348	1.8631	-0.3678	-1.4978	-0.1407	-0.0125	-0.2606	0.3182	0.2066	-0.1853	-0.0252	0.4362	0.2111	0.5755	0.8179	0.6651	-0.4451	0.8441	2.7275	-0.1314	0.0552	-0.2879	2.0359	1.0301	2.9058	-0.9132	-1.2033	-0.1873	0.6169	0.3847	-0.0383	-0.7967	-0.1291	0.1956	1.4782	-0.6784	0.6967	-0.6365
0.7765	0.8038	0.9044	-1.3058	2.3875	-3.1421	0.5947	-0.0510	-0.7345	0.5833	0.5550	-0.6854	-0.1397	1.6272	-1.9754	0.3795	-0.6420	-0.7690	0.7443	0.4052	-1.0166	-0.8255	-0.4622	1.3146	-0.2680	1.9185	-0.7900	0.5866	-0.3659	0.9288	1.0316	-0.8240	-0.5340	-0.5362	-0.5224	-0.2968	-0.0475	-0.7360	-0.3332	0.4976	-0.4722	-1.7508	-1.9923	-0.3944	0.9409	0.4482	-0.9441	0.8062	0.1030	-0.0342
-0.6641	-1.0462	0.5464	-1.9102	1.5625	-0.3459	1.9199	1.6970	-0.2269	0.6700	0.0375	-0.1237	0.3911	-1.3823	0.1692	1.2475	0.1674	0.4406	1.1411	1.1629	-1.4188	0.1537	-1.0738	-0.1858	0.4186	0.6085	-0.3080	1.2456	-0.3221	-1.2949	-0.4716	0.0007	-0.3418	2.4356	-0.6199	-0.4296	-0.0412	0.7766	1.8664	1.1386	1.2838	-0.4403	-0.6174	-0.2921	-0.1866	-0.8820	0.9329	0.6822	0.0373	-0.0943
2.0729	0.6473	2.0352	1.4318	-0.1500	0.2634	-1.6247	0.5270	1.1461	0.6981	0.7564	-0.0980	-0.9609	1.0222	0.2802	-0.6231	0.8008	0.1066	-0.6343	0.1066	-2.1320	-0.0433	0.6665	1.2427	-0.3979	-0.8301	-1.3054	-0.3564	-0.8140	1.1981	-1.2362	-0.3794	-0.1270	1.0524	0.3707	1.6293	0.3202	-0.2299	-0.8278	-0.0010	0.3844	-0.9509	1.1615	1.2048	1.2745	-0.5508	-0.2492	-2.1312	-0.9666	0.5333
-0.9060	-0.6752	0.9499	-2.7078	-0.1548	0.9488	-1.0206	1.1217	-0.7481	-0.6609	0.6640	-0.0652	-0.1956	-0.7375	0.4252	-1.2173	-0.8196	0.1972	-0.1679	-1.6489	-0.3930	-0.6765	0.3454	-0.5348	-0.1034	0.4714	-0.3097	-0.5986	-0.2386	-1.1457	-0.8840	0.4093	-0.9846	-0.6788	-2.2045	-2.1537	1.1746	-0.3136	-1.2784	2.3980	1.4816	1.0709	-0.0164	-0.0839	0.0481	-0.2444	1.6961	0.2973	-1.0904	-0.0680
-1.2804	-0.6958	-1.4005	0.9357	0.7643	-0.1832	0.2504	0.2418	-2.7611	-0.0774	-1.3526	0.9296	-2.3542	0.3936	1.1586	-0.7087	-0.2267	-0.8640	-1.3720	0.7517	0.2485	0.4592	-0.0373	-1.4260	0.2684	-0.5132	-0.1781	-0.0989	0.4851	2.0114	-0.9302	-0.9765	-0.5859	-2.1672	-1.3062	0.0449	0.7044	-1.4376	1.0532	1.4048	1.7200	0.1525	-1.4500	-0.5536	1.2530	-0.0358	-0.1221	-0.1488	0.5783	-1.4779
0.2830	1.2812	-0.2485	-0.4301	1.1064	-0.3541	0.8758	-0.4288	0.0552	0.1045	0.9100	-0.4819	-0.1851	-0.1577	1.9926	0.3445	-1.6366	-0.7303	-0.1970	-0.6468	-0.6963	0.5148	-0.2211	0.3775	-1.3944	0.0761	0.3754	-0.5196	-0.1719	-0.7217	-0.0822	-1.3914	-1.2130	0.1650	-0.1373	0.7084	-0.3604	-2.4563	-0.9044	-0.2682	-0.8338	-1.7452	0.9779	-1.4665	0.0410	-0.8844	0.2397	-0.2353	-2.1636	-1.1204
0.8181	-1.4201	-0.5600	1.1554	-0.6613	-0.3233	0.7549	1.6280	0.7767	-0.9636	1.8086	-0.3506	-0.2583	-0.4000	0.0726	0.8353	-0.7511	-1.3155	-1.0576	0.4840	0.9813	0.1900	-0.4301	-0.2419	-1.4079	-1.2315	0.5750	1.0494	-0.5877	0.2509	1.0315	-0.7858	-1.9133	0.1647	0.0212	0.5968	1.0816	-0.8780	-1.0607	0.3902	-0.1136	-0.5203	-1.1539	0.4748	-0.6766	-0.4877	1.9317	0.3413	2.1190	2.0820
0.0673	-0.8635	1.6370	0.8870	-0.5736	-0.2241	0.8785	-0.0630	0.2850	-0.1984	0.1583	-2.0650	-1.0920	1.5535	0.5357	-0.1767	-0.2776	-0.4458	0.6248	-0.4918	-0.1332	0.4455	-0.1768	-0.8624	-0.3890	-1.2611	-0.0904	0.7941	-1.5922	-1.0331	0.1199	1.5057	-1.7043	0.2188	-0.3795	-1.6219	-0.1335	0.3940	-1.0469	1.3542	-2.0181	0.5443	-0.2027	1.6260	-0.0340	0.8403	-0.5151	-1.8906	0.3239	-0.3577
0.2284	-1.6108	0.9359	0.2422	-0.1857	-0.6401	1.3322	-1.4205	-0.3952	0.0597	2.0968	-1.4050	-1.1274	-1.0414	-0.8872	1.1206	0.7337	2.5341	-0.0440	-0.9377	0.3817	-1.1530	-0.7079	-1.7169	-0.6605	0.8448	-1.0967	-1.2496	-0.8208	-0.3661	0.0360	0.5049	-0.5051	-0.9678	0.7873	-1.7569	-0.2917	1.6456	-0.1708	0.7356	-1.1435	0.4757	0.2680	2.0275	-1.3374	1.2480	-0.2005	1.3347	0.6155	1.8066
-0.4516	-1.5261	-1.3430	-0.1767	1.8312	-1.0233	0.7075	0.7104	0.6443	0.3472	0.1111	-0.7505	-1.2425	0.9789	-1.4774	1.3045	0.2653	-0.8595	-1.2600	-1.7157	0.2344	0.1936	-0.1029	-1.5907	0.3400	-0.9182	-0.1484	1.5559	-2.3221	3.0023	0.6503	1.7013	0.0757	-0.0610	1.6353	-1.1354	2.1595	-0.5743	0.2808	1.6101	-2.0721	-0.4702	0.1433	-0.7421	0.7032	-0.7787	-1.3894	1.2432	-0.3868	2.5400
-0.2482	-1.5732	-0.7189	0.5893	0.4722	-0.8351	1.1054	0.0355	1.8620	-2.6235	1.0597	-0.5983	0.0815	1.0996	0.8929	1.5637	-0.8081	1.0063	0.2774	1.5955	-0.8039	-0.6937	0.4641	-1.4181	-1.7354	0.4146	0.4458	0.5706	-0.8335	-0.7840	-0.9991	0.6229	1.0934	-1.6424	-0.1947	1.5216	0.2673	0.1731	-0.9127	-1.4318	-0.9287	-0.0239	1.2768	-0.6096	-0.2466	-1.9870	0.7739	-0.9954	0.4628	0.3617
1.6923	-1.9065	0.5695	0.7906	0.0323	2.3352	-0.2858	1.0642	2.5918	1.1748	-0.6398	-1.7274	-1.1772	-0.9679	-0.7904	-0.7599	-0.9677	-0.4040	-0.8092	1.6914	1.2504	-0.2346	-0.5421	-0.4341	-1.2942	-0.9585	0.7696	0.2423	1.0215	1.0309	-0.1142	-1.3420	0.2463	-1.1511	-2.6178	0.2394	1.5890	-0.1864	-0.4525	-0.1353	-1.0359	-0.8715	-0.3707	1.1544	-1.7272	-0.7255	-0.5891	0.0445	0.4005	-1.8529
1.4028	-0.5648	-0.8064	1.5420	-3.5257	1.3989	-0.1490	-0.3935	0.2798	-0.4136	-0.7754	1.4869	0.9817	0.4762	-1.4414	-0.0933	0.3804	0.5637	0.6836	0.4068	0.0306	0.4001	0.5779	1.2859	-0.9427	-0.3116	-0.8992	1.3065	-1.4000	-0.7386	-0.1671	1.7373	-0.1635	0.3398	0.0855	1.4270	-0.5041	1.2314	0.6348	0.6331	0.0757	1.5340	0.8688	-0.3379	-1.5559	-0.0693	0.3100	0.0876	-0.6893	-0.1190
0.2496	1.5939	1.9043	-0.6490	0.4489	-0.7987	0.4461	-0.0682	-0.0371	0.0102	0.2356	-0.9836	0.4431	-0.3262	-1.5141	0.8049	0.5536	0.6180	0.8060	1.1848	-0.4363	-1.2611	1.1746	-0.1246	0.4143	1.2111	1.3221	0.9280	1.1181	-0.6128	-1.2631	0.9327	0.3174	-0.1347	0.9010	2.0917	1.9844	0.0612	-0.1466	-0.2382	0.1696	0.5088	-0.5460	-0.6610	-0.9132	-0.6189	-0.1299	0.4859	0.1564	-0.1388
1.0860	0.1014	-1.4018	-0.7449	-0.1378	-1.8933	0.1990	0.9218	0.3478	0.8044	0.0629	1.1649	0.1841	-0.3571	1.3197	1.7149	0.2879	1.7296	-1.1561	0.8907	3.0918	1.0547	-1.6062	-0.8303	2.7874	1.2300	0.6442	1.1367	0.1047	1.5877	-0.9470	0.6634	-1.3666	-1.7013	-0.2492	0.5094	1.1281	-0.0698	0.1217	1.1624	-0.9508	0.2605	-1.0668	-0.3714	1.1543	-0.1561	-1.0406	-0.9000	-1.4408	-0.2748
0.3203	-2.1419	-1.1705	0.0129	0.3270	-0.1642	-1.0222	-0.6131	0.0764	-0.5023	1.4837	0.4567	-1.0707	0.0408	-0.7004	0.4552	-0.8466	-0.6731	-0.3656	1.2551	-0.3989	0.7505	0.1818	1.2426	0.2927	-0.9497	-1.9807	0.4460	-0.3417	1.0491	-0.0339	-1.2545	-0.7197	0.9325	0.4014	2.4201	1.3941	0.9472	1.3357	-0.7636	2.4329	0.4246	0.0577	0.6520	0.2957	-0.4466	-1.0944	-0.9490	0.6869	-0.1803
1.4001	-2.2937	0.6327	-1.5319	0.7461	-0.3732	0.2343	0.9907	0.1624	-0.4449	-0.2598	-0.3405	-0.0244	0.1038	-0.0058	-0.4151	0.6154	0.0211	1.9314	-0.4001	-0.8026	-0.1296	-0.0724	0.3104	0.6759	-0.8451	-0.1174	2.4610	0.3474	0.4612	-1.6748	-0.9703	0.6259	0.2687	-0.2304	-0.7680	0.6419	-1.5720	0.0244	-0.1789	1.0775	-1.2451	1.0545	2.1864	2.3931	-0.9032	-1.8396	-0.2570	0.5751	0.2931
-0.6851	-1.4603	-1.3881	0.4663	-1.3778	0.5866	-0.3877	-0.7081	0.6451	0.0892	-1.5826	0.2392	-0.8002	-0.7387	0.4968	0.3339	1.4395	-0.8637	1.2130	-0.9838	-0.6086	0.4516	1.2041	0.6640	-0.9169	0.4587	-0.4861	-0.4451	0.4704	1.7411	1.9402	-1.0074	0.8964	-0.7460	1.3206	-0.2392	-0.1776	0.2839	-1.3934	0.1185	3.7430	2.0758	1.2304	-1.1328	-1.1502	-0.4862	1.6710	-0.8784	0.4263	-0.8036
1.4208	-1.0145	0.0391	0.5575	-0.7408	-1.2786	-2.1968	-0.2554	-0.8473	-0.1390	1.1236	0.5861	0.7845	0.0826	-0.1129	-0.3593	-0.6501	-0.6282	0.7442	0.2908	0.0366	-0.1039	0.9228	0.9032	-0.5629	-0.1661	0.0756	0.4483	0.5848	-0.4293	0.4568	0.8833	0.3774	-0.6510	0.9657	0.0450	1.1772	-0.4435	-0.1273	0.6298	-0.8232	-0.3971	1.4875	0.1531	-0.7079	1.6799	0.4222	2.0977	-1.6605	-0.2157
2.7376	-0.3396	2.3829	-1.4027	1.2721	0.3572	0.3787	-2.4523	0.9912	-0.5380	2.5778	1.4870	-0.5511	-0.2437	-1.4435	-1.4329	-0.3524	-1.8672	0.4320	-0.6480	-1.0770	1.1231	-1.3841	0.5418	-0.1511	-0.2722	0.5198	0.2959	2.1551	-0.2441	-2.1697	-1.4580	-0.2785	-0.3220	-0.1647	-0.0111	1.1938	-0.4077	-0.3302	1.2253	-1.3344	0.6728	1.5099	1.4584	1.3433	-1.8039	0.1328	0.1336	-1.7470	0.3504
0.7370	0.2047	0.0053	-0.4578	2.0746	-1.2353	0.3839	-0.2439	0.3847	-0.1918	-0.4916	-0.4444	-0.6281	-0.1836	-0.3476	0.5666	-0.1925	-0.1468	0.8791	0.6579	0.5065	0.4866	-0.5486	0.5499	-0.5833	-0.5981	0.6258	-0.3552	0.5649	1.1190	-0.0995	1.1141	2.1405	-0.2977	-1.6669	-0.1332	-1.0238	-0.3216	0.9217	0.0085	0.0392	0.8318	-1.5586	0.1812	-0.7117	-0.2229	-1.1894	0.7844	-0.9691	-1.9481
0.2023	-0.4859	0.4238	1.4931	0.8060	-0.2586	-0.0568	0.5000	0.5050	0.2157	0.0078	-0.2155	0.1611	-0.0882	-0.2515	-1.9421	-1.0892	-0.1128	-0.0840	-0.3600	-0.0600	1.8358	0.3612	-0.2933	0.1174	-0.6884	0.4078	-0.3970	0.1855	-0.8376	-1.1021	1.9398	0.6159	0.6022	-0.5099	-0.3678	-1.2387	-1.6035	0.9324	-1.2608	0.1961	-0.6301	0.9614	0.7533	-0.6360	0.6945	-0.2290	1.9862	-1.2508	0.9163
1.0390	0.8285	0.2374	0.8882	0.7923	0.7203	-0.2959	-1.7068	-0.3766	-1.4309	1.0310	0.3013	0.6764	-2.3242	-0.5442	0.1408	-0.4479	0.2917	1.7344	-1.5554	2.6975	0.0852	1.6621	-1.3906	-0.9487	-0.6007	1.3632	-0.2214	-0.0957	-0.0463	-0.5340	-1.5389	-2.6118	1.4633	0.4972	0.4838	0.3310	-1.1866	-0.5798	0.7727	-0.1648	0.6739	1.3805	1.0844	-0.5844	-0.8946	2.2101	0.1781	0.1555	-0.1590
-0.0747	2.5691	-1.1268	-0.8965	-0.6082	1.2611	1.5721	1.5578	-0.5743	0.6532	-0.5203	1.3937	0.0757	0.3391	0.6590	-0.8081	0.0675	-0.3582	1.0850	0.9889	0.7688	-0.1749	0.6824	-0.5794	0.0475	1.2384	1.2662	1.0524	0.5276	0.9229	-1.8974	-0.5052	0.7920	-0.0937	1.2818	-1.1058	-1.0274	-1.1072	1.1868	-0.8217	1.9018	-0.8484	-1.1683	0.4852	-1.9258	-1.3629	-0.1271	0.9296	-0.1965	-0.2405
-0.2403	0.4680	0.0171	-0.6540	1.7462	1.3971	-0.2729	-0.2512	-1.3721	0.1666	-0.1839	0.1815	-0.8949	1.5956	-2.1532	-0.1625	-0.5916	-1.0514	-0.3577	0.5173	-1.6970	1.4857	-0.0385	-1.1337	-0.3946	1.4099	1.8341	0.1316	0.1283	1.3153	1.6908	-0.0626	-0.6434	-1.7229	-1.4749	0.7425	2.5438	-0.2716	-0.5745	0.4558	-0.3298	1.4589	1.2597	0.9930	-0.6370	-1.4684	-0.0464	1.9074	1.1797	2.5909
-0.3303	-0.5107	-0.3928	-0.4696	0.4788	0.9519	0.3489	0.5163	-2.2706	1.8124	2.7412	-0.2912	-0.4658	-0.0317	0.2830	-0.3638	-1.0274	-0.5402	-0.1524	1.1167	-0.0020	0.4240	-0.2068	0.2542	0.6986	1.3080	-0.3076	0.9317	1.3218	0.7031	0.0822	-0.1540	0.3905	-1.1718	-0.7533	-0.2673	-0.0274	0.3507	1.2939	-1.6046	0.2276	-0.2899	-0.7593	-0.6036	0.1254	-1.3640	-0.5080	0.4449	0.8877	-0.4743
0.7347	-2.2272	-1.1808	0.2508	0.0476	1.8429	0.5540	-1.5935	2.3234	0.0935	0.1385	0.7659	-0.3925	0.6192	1.2173	1.5537	0.9405	0.0827	0.7728	0.0022	0.4244	-0.0401	-1.1590	-0.0399	1.3131	0.0486	0.3473	-0.8852	1.1991	-0.0971	-1.1012	-0.3640	-0.3181	-0.6406	1.8703	0.4164	-1.1846	0.0976	-0.9233	1.4605	-0.0461	0.2584	-0.3319	0.7102	-0.2858	0.6169	-0.4025	1.9389	0.0826	0.3792
-0.7921	-0.5230	0.6933	0.4486	1.2028	-0.6814	-0.1245	-0.2378	1.2752	-1.8813	-1.4627	1.2738	-1.7110	0.5658	0.9542	0.5546	-0.0026	-0.2420	-1.8397	-0.5085	0.1740	-0.3264	-0.6639	1.2392	0.2866	0.9993	0.1590	0.8282	0.5188	-0.9139	-0.7703	-1.0234	-0.0249	0.5094	1.1562	-0.5893	2.1603	-0.6601	0.6857	2.6745	0.0093	-0.0705	1.0299	-1.2792	-0.0393	2.1568	1.3998	0.3696	0.2123	-0.1488
-0.2266	-0.2661	-0.5254	-2.4549	-2.4154	-0.8453	0.5320	-0.8629	0.8827	-1.4043	1.3045	-0.3968	-0.5977	0.8240	-2.3762	-0.5117	-0.8640	-0.5450	-1.3637	1.6872	0.4615	1.0283	-0.2598	-1.8179	0.6886	0.2127	0.7381	0.9074	1.1015	-0.7197	0.1191	-0.7326	-0.4511	2.0092	0.7389	-0.9871	1.2396	-1.1042	1.4303	-0.3513	0.9718	-0.3274	0.1551	0.6479	2.2137	0.1908	-0.8207	0.8854	-0.1463	-0.1615
-0.5056	0.7744	0.5979	0.9479	-0.0905	0.8116	0.4566	0.8302	0.3992	0.2015	-0.3579	0.2922	1.6000	0.8325	0.0155	2.0537	1.0852	-1.4384	-0.7890	-1.5136	-1.0658	-1.3914	0.8819	-1.4036	0.7676	0.1694	-0.3574	1.2421	0.6559	0.3043	-1.1848	-0.6418	-0.6368	-1.2643	-0.0902	1.8734	1.7441	1.3647	-0.0006	0.1882	1.1509	0.0985	-1.1837	1.0511	0.7830	-0.7705	0.3151	0.2272	-2.2369	0.1664
-1.4317	0.6567	-0.8305	0.5366	0.7147	-1.4340	-1.4598	0.7839	-0.9168	-1.1592	2.0801	-1.4957	1.1635	-0.5744	-0.1687	-0.3119	0.9368	-1.1425	1.1003	-1.0734	-0.5296	0.4074	-0.0945	0.1154	-0.8500	-0.2250	-2.1951	-1.4875	-0.3276	2.2162	0.3241	0.2155	-0.7497	-1.0677	-0.6104	-0.0193	1.4881	-0.3736	0.5682	0.1176	1.1261	-0.7973	-0.5160	0.0813	1.9808	-1.0805	0.3813	0.1593	0.2850	-1.2852
-1.8394	0.7516	-1.8670	0.6959	-1.2469	-0.0199	1.6564	1.5190	0.2797	0.1246	0.2606	-0.8881	-1.4311	1.0122	-0.8081	0.8575	0.5102	-1.1316	-0.9045	-0.8951	0.2780	1.2164	0.0726	-2.6129	-1.8642	0.3009	-0.3909	0.1495	-0.1009	1.2816	-0.0731	-0.0603	1.4436	-0.3154	-1.1217	-1.2146	0.0460	-1.3266	-1.3179	0.1556	-2.1125	-0.5626	-0.0115	0.9127	-1.4708	0.3655	-0.6300	1.7539	0.2860	-0.2170
-0.8894	0.0327	-0.0160	0.9357	1.4101	-1.0713	-0.9642	0.7694	-0.8789	-0.3988	0.3298	0.8235	1.4251	-0.6646	1.6625	0.1204	-1.1434	-0.5559	-0.0732	-1.3456	-0.5160	0.2587	0.0957	0.6960	0.0352	0.3653	1.2501	0.2681	0.4836	0.8359	0.2722	-0.7303	0.8735	-2.1823	-1.7450	-0.3060	1.0392	0.9743	-0.5980	-0.1020	-0.4419	-0.1373	-0.0373	2.3927	0.2010	0.2002	-0.8347	1.7181	0.4907	-1.1787
0.7882	0.8583	-0.4237	-1.4510	-0.4457	-1.5709	0.2010	0.5074	0.7939	-0.5463	-0.1790	-0.8583	0.2428	-1.0154	-0.3345	0.8150	1.3622	0.3115	0.4422	1.2012	-0.3919	0.5526	-1.5376	1.1271	-0.4650	0.2706	-0.3870	-0.0266	-0.1330	0.0368	-1.1595	1.7751	0.5101	-0.2824	-1.2095	-0.1671	0.3420	-0.4259	0.2677	0.6552	-0.5884	-1.7367	1.7273	-0.6082	-0.5122	1.0121	-0.7307	-0.9977	-0.8585	-2.3415
-0.3024	0.5336	1.3181	0.0583	-0.3980	0.4345	0.2047	0.5255	-1.0929	0.4319	-1.6221	1.1464	-0.5901	0.5333	-1.2276	-0.3486	-0.4824	2.3927	-0.4885	-0.8925	-0.0261	0.2290	0.3288	0.4953	0.7330	-0.7851	-0.8904	1.0153	0.0811	-2.1168	0.5845	1.4113	0.9406	1.6179	-0.2398	0.5890	0.1996	2.2790	1.1147	-0.4848	0.5228	0.2235	-0.2247	0.5751	1.8172	-1.5354	-0.0964	-1.2164	-0.4668	-0.0378
-0.1204	-0.0157	0.7082	1.3491	-0.1821	0.7207	1.0437	0.4681	0.5602	0.8109	2.0797	-0.3411	-0.5208	-0.8447	0.4247	-2.0600	0.5289	2.2741	-1.7280	1.2452	-0.7359	0.4756	0.2181	0.9178	0.7677	-0.1673	0.0602	-0.1579	-0.3273	1.1813	-0.0154	-0.5707	-0.2524	0.3148	1.3917	-0.9043	-0.2425	0.3329	0.8177	0.1844	1.5521	1.1388	-0.8656	1.0127	0.2677	0.1094	-2.0470	-3.2168	0.1384	-0.6452
-0.4529	-0.3231	-0.0375	-1.0485	0.5815	-0.4746	1.4366	-0.2332	-1.8157	-0.6717	0.5636	-1.0417	0.4850	0.8096	0.2379	-0.1337	1.6273	0.0821	-1.1886	-1.8814	-0.0988	-0.0198	-0.8379	0.1899	-0.1047	0.4098	0.3329	0.0396	0.3915	1.7832	-0.2001	-0.9478	0.2688	-1.4865	-0.0629	1.1926	0.1430	1.8193	0.9696	-0.0215	0.1981	-0.0842	0.6487	-1.7233	-1.0802	1.3997	0.7877	1.1861	0.6497	0.9406
-0.5966	-0.5471	0.0972	0.9481	0.1697	0.1051	-0.9489	1.3882	-1.1088	-2.6400	0.0164	-0.3570	-2.3654	-0.2823	1.2122	1.2203	-0.8607	-0.3096	-0.8810	-0.3656	0.9977	0.4048	-0.0441	0.3661	-0.9384	-1.3724	-0.4047	-0.1015	-0.6971	0.8729	-1.0818	-0.4809	-0.5597	-1.7469	0.5807	-1.6472	-1.3972	-1.7711	0.5538	1.5155	0.2088	0.2013	-1.4784	1.3068	-0.4181	0.9756	1.0063	1.1414	-0.1340	-0.2905
0.8421	0.0605	-0.8716	-0.9448	0.0340	-0.1121	-0.4411	-0.8347	0.0811	0.6260	2.1447	-1.0883	2.0533	0.4418	0.4326	0.0941	-1.0073	-0.5220	-1.8534	1.1445	1.8915	0.7332	1.3710	1.0844	-0.5158	0.2080	-0.4435	0.5643	1.0432	1.3895	1.3873	0.3086	-1.0291	-1.2864	1.9787	-0.1083	-0.2480	0.7088	0.5682	-0.9860	0.1769	-0.2069	-0.2981	0.1881	0.2992	2.1485	-0.8141	-0.4664	-0.9046	1.4269
1.7271	0.1508	1.9197	-0.8917	2.0486	-1.2828	-1.3401	1.1075	-0.8981	0.7271	-0.5139	-0.5651	2.4395	-0.7464	-0.1740	-1.1677	1.4750	-0.8957	0.2191	-0.4812	-0.8159	0.1822	2.1547	1.2763	1.3321	1.3298	-0.0565	-0.6868	1.1297	-0.0590	-0.4057	-1.3392	-1.1476	1.2818	-0.1953	-0.2317	-0.2723	1.1837	0.1597	-0.9584	-0.4406	-0.9773	-0.5987	1.6892	-0.7762	0.5329	0.2310	-0.2379	-0.4096	-0.4633
-0.4821	-0.5698	-0.0825	-0.7844	-1.3126	0.6290	-1.6377	-0.8986	0.7489	0.6383	-0.2225	-1.2522	0.7226	1.7743	-0.1830	0.0020	-0.4011	0.4375	0.1704	-0.8265	-0.1283	-0.3021	1.0656	-1.0094	-0.9327	-1.9657	0.4217	1.6169	-0.9616	-2.3053	-1.1115	-1.5232	0.9888	0.4355	1.8430	-0.4446	-2.2646	-0.1154	0.4367	-1.6157	0.1825	-1.4770	-1.7512	0.6010	-2.1014	0.5179	0.3320	0.3038	-0.3778	0.6738
-1.0344	-0.1913	-1.1525	0.6505	-0.9327	-1.0462	1.3775	1.8007	0.3514	-0.9738	0.1257	-0.7089	-1.3528	-0.7563	-0.5640	2.5669	1.2740	0.1825	0.2328	0.4743	-0.9708	-0.1005	0.0267	-0.5250	-0.5838	-1.8111	1.4806	1.0921	-0.5596	0.3563	0.4189	-0.1217	-0.0025	-1.0796	0.2344	-0.4177	-0.4773	0.1628	-1.1795	-2.3806	-0.4613	1.5906	-0.0366	1.2179	1.7694	-0.2623	0.7532	-0.4008	0.6836	0.6785
0.6060	0.6568	0.9639	1.1814	0.0737	-0.9101	0.3532	-1.1548	0.3145	-0.0617	0.1888	2.6018	-0.1200	0.4240	0.8732	0.0286	1.5702	0.2705	1.5990	0.3106	1.1023	0.0887	2.2037	1.0840	-0.2505	0.8206	0.1874	-0.8003	0.2799	-0.5291	-1.3637	-0.3821	0.5481	-0.1117	1.3764	1.1977	-1.6077	1.1437	-1.7242	1.6156	-0.8464	0.6169	0.3035	0.0719	-1.1670	-2.3263	-1.1966	1.2503	-1.4694	-0.1639
1.9702	-0.7358	-1.2866	1.2148	-3.1709	-0.5526	-0.7048	1.6178	1.1158	-1.0221	-1.6249	-0.2149	1.5989	0.9488	-0.3801	0.3889	-0.3900	1.3918	0.7099	-0.1302	0.7750	-0.1840	-0.1454	1.1838	-1.5091	-1.5808	-0.8625	0.6583	-0.9084	1.4528	-1.1460	1.4434	2.0363	-0.0256	0.1271	0.7276	-0.5802	-1.5187	-0.1765	-1.4836	2.4402	-1.3836	-1.3633	1.6495	-0.7244	0.7455	0.6061	0.0125	0.1267	0.6247
0.0134	-1.0550	-0.3110	-2.0696	0.4748	0.3129	0.8536	-0.2414	0.2838	-0.2530	-1.0431	-0.1369	-0.2497	0.0109	-0.1433	-1.0504	-0.1433	1.6706	1.4796	-0.3273	-0.2070	-0.8365	-0.8058	0.1913	1.5227	0.1343	-0.0287	0.4387	-0.0933	-0.7512	-1.1326	-0.4479	0.3745	1.2979	-0.1024	-0.5771	0.6764	0.0010	-1.2179	-0.7916	0.1037	-1.4420	1.2571	0.7665	-1.2262	-1.0670	0.7723	-0.8139	1.3326	1.4883
-0.8558	-0.5252	0.3560	0.6561	-1.2098	-1.3057	-1.5832	-0.2992	-0.6175	1.8506	0.0835	-0.2619	0.1206	-0.3337	-0.7938	-0.1738	1.8790	1.7318	-0.1933	-0.5003	0.0730	-0.4464	-1.7504	2.0461	0.9119	2.5301	0.3379	-1.4598	0.5523	0.2251	2.6873	0.3214	0.6855	0.8019	1.8546	0.6470	0.1300	-0.9230	-0.8308	0.4323	1.6074	0.1127	0.4986	0.9579	-0.8721	1.1851	-0.1018	-2.3259	-0.9337	-0.0128
0.6900	-1.0380	0.4803	-0.1342	-0.2660	-0.3475	0.5896	-1.5972	1.7685	1.3815	0.2252	-0.7344	0.1505	0.2674	-0.1961	-0.2020	-0.3974	1.0053	-0.1977	0.2540	1.8495	-0.6415	-0.0460	-0.1692	0.0934	2.3445	1.4498	-0.3126	0.3491	-0.5443	-1.1096	-0.4871	1.1657	0.4230	-0.4219	-1.6867	0.8656	0.2200	-1.5877	-0.0414	-1.2847	-1.6130	-1.3506	0.5350	-1.7280	-0.4209	1.1168	0.2422	-0.8794	-0.2555
0.5953	0.4212	1.1183	0.1810	1.0485	-0.9418	0.8804	1.7588	-1.1566	-0.5567	0.2770	-2.3610	0.2450	0.2447	0.1256	-0.1069	0.1140	1.6570	-1.9336	1.5852	1.0376	-1.3069	0.2547	0.8211	-0.9136	-1.0722	1.6543	-0.3064	0.0262	-0.8144	-0.8322	0.9218	-0.0703	1.0505	1.3196	-0.4371	-0.0376	-2.5636	2.9235	-0.4822	-1.3291	1.1301	-1.0970	1.4213	1.5684	-1.2691	0.1986	0.6006	0.6724	-0.4478
-1.4130	-0.5705	2.1244	1.7713	-1.1085	-0.1763	0.7178	1.6004	-0.0305	-1.2255	0.8315	-1.8956	1.5588	0.4003	0.2416	1.0407	0.5494	-1.0350	-0.3399	-0.2396	-0.0138	-0.1332	0.6674	0.2354	-0.8336	-1.3078	1.3502	-0.2787	-0.2328	-0.2585	1.2983	-1.9965	2.2982	1.6030	-0.3942	-0.3288	1.1923	0.3277	0.3307	0.8412	-0.1394	-0.1987	0.7962	0.2682	-0.6735	-1.5180	0.7497	-0.4558	-0.1755	-0.0593
-0.2619	0.1739	1.9783	-0.1802	-0.2419	0.7414	-1.4382	-1.1492	0.8681	0.9042	0.2271	0.4868	-1.3648	-0.2161	2.0069	0.5342	-0.4589	-0.2037	0.7310	2.0428	-0.4574	-0.5854	0.1322	0.0155	-0.1841	0.3988	0.7770	0.0634	-1.6797	-0.6587	-1.0172	-0.7465	0.9479	-0.2558	0.2748	-0.1768	-0.0972	-1.2388	2.0676	0.2672	-0.2449	-0.5739	-1.2706	1.5538	-0.8167	0.3229	0.9514	-0.7258	-0.7864	0.9151
0.9300	0.7962	-0.3515	-0.0480	0.4591	0.2568	0.8105	1.3477	-0.0369	1.9555	-0.8648	-0.0259	-0.5264	0.9513	-1.0939	0.0039	0.9915	0.7456	-0.3070	-0.4349	-0.4052	-1.0143	-0.6941	-0.0121	-1.1712	1.6040	0.0877	-1.7307	-0.6037	-0.2057	-1.0331	-0.8989	1.1443	1.3248	-1.7403	-0.3461	-0.3959	1.0533	-1.1221	0.9833	0.3794	-0.2449	0.0595	0.7985	-0.8105	-0.3830	-0.6812	0.0200	1.2108	-1.3893
0.8229	-0.3960	-0.5067	-0.2151	1.1632	-1.1222	1.4077	0.7923	-0.5727	-1.6536	-0.1406	0.5470	0.3703	-0.2221	-0.7440	-0.8211	-0.6506	-0.0287	-1.0554	-0.4459	-0.0597	0.6093	-0.1597	1.2187	0.2872	3.4465	-0.4894	-0.5237	-1.1311	1.4038	-0.4788	-0.5976	0.0213	-1.5227	-1.1091	-0.3428	0.8572	0.1895	0.7981	1.0646	1.2021	-1.3099	-0.7012	0.0714	-1.5273	1.4926	-1.7566	-0.2402	-0.4102	-1.0187
-0.2461	0.9141	0.4045	0.5629	-0.3455	0.4688	-0.3031	-0.9681	-1.3076	0.8220	-1.0797	0.0200	0.2302	-1.2649	0.3198	0.8944	0.0937	0.3222	0.2298	0.1677	0.4577	-0.0544	0.9407	-0.5254	-1.6958	-1.2894	-1.5013	-1.4894	-0.2825	0.4306	1.8358	-1.5457	-0.3427	1.0253	1.7788	1.3926	0.7345	1.4694	-0.4596	1.0747	-1.7839	0.7826	1.5688	-0.4143	-0.9261	0.3306	-0.4289	1.3251	-0.7484	0.2937
0.6869	-1.8492	-1.5606	0.7487	-0.7787	-1.7515	-1.7176	-0.9092	1.2513	-0.0699	-1.2287	-0.4446	-1.2026	-1.7764	0.8172	0.0142	0.5280	-0.3549	0.6428	-1.4803	-1.4758	1.1009	-0.3247	-0.7699	-1.0038	-0.0321	-0.6304	0.4228	-0.0859	-0.6840	-1.0960	-0.8412	-0.6231	-0.4841	-0.5814	-0.1628	-0.8947	-0.2884	-1.7625	1.3180	-0.1037	-1.6171	-0.0502	1.5782	-0.0883	0.8097	-1.3131	2.8075	-0.9608	0.6658
-0.7547	-0.7848	0.4558	-0.8486	0.3334	1.3085	1.2605	-0.1075	2.7469	-1.9032	0.1231	0.2683	0.5712	0.4914	0.8742	0.0660	-1.6835	-0.0029	-0.3816	2.0114	2.0054	0.4330	-1.1646	0.2608	-0.0824	0.6537	0.4675	0.7439	-0.9943	-0.0793	1.1686	1.0989	-0.2070	1.5420	-1.5532	-0.2978	1.9290	0.2443	0.6253	1.1628	0.3189	0.7012	-0.0562	0.7698	2.6933	-0.1768	0.4600	-0.9051	1.0927	1.0975
0.9398	1.6734	1.0971	-1.0763	-0.6510	0.8544	0.0689	2.6373	0.6482	1.3542	-0.2604	0.3001	0.6506	0.6842	-0.3822	-0.4712	-0.6534	-0.8815	-0.6944	0.1692	0.1155	-2.6329	1.7361	-0.2860	1.9967	-0.5853	1.1951	-2.2022	-0.0247	-1.0532	-0.1832	0.7792	2.0763	-3.5405	0.7987	0.9660	1.1793	-0.7359	-1.9198	0.6406	-0.7250	-0.7537	-0.8729	0.0013	-0.3115	0.8540	-0.2167	0.8417	0.9938	1.7559
0.2741	-0.5850	0.8881	-1.3438	0.0041	0.2140	0.7839	3.2162	-0.0357	-1.0884	0.4932	-1.6256	-0.9553	-1.7810	1.3032	0.8352	0.6670	-0.0255	1.1399	-1.0763	-1.2197	-0.3877	-2.1718	-0.9757	-0.4712	-0.0356	-2.5311	-0.6870	-0.0296	1.7063	-1.9411	-0.2246	0.5364	0.0034	0.2941	0.0837	0.2439	2.2360	0.1715	0.9290	-0.9156	0.1502	1.4318	-0.5770	0.7469	1.7451	0.8136	0.5752	-1.9520	1.0555
-1.8114	0.3057	-1.3944	-1.4114	-0.1025	0.4587	-1.4763	-0.9018	0.7742	1.0992	-0.8957	1.1621	0.7071	1.2236	0.8259	-1.7907	-0.4236	-0.4863	-1.5651	0.0693	-1.5518	0.6493	1.0287	0.2918	0.2088	0.8585	-0.0831	-1.0352	-1.1123	0.2297	0.1812	-1.1122	0.9620	-0.3151	0.0532	-0.6447	-1.0633	1.0788	1.5102	-0.2321	-0.6647	1.1662	-0.1868	-1.0002	0.5363	0.0955	-0.6250	-1.7767	1.3673	-0.3435
0.0695	0.6826	-0.2707	-0.1025	-0.6963	0.1261	1.3652	-2.3006	0.2641	1.1689	0.7536	0.7022	0.8860	-0.0600	-1.6778	-1.3126	-0.5010	-0.6970	0.1418	1.3489	0.8766	-0.1962	-0.2233	-0.7614	0.6713	1.3409	0.4042	0.7097	1.4622	-0.4982	1.3495	0.8799	-0.6361	-0.1562	1.3192	0.4837	1.9450	1.1404	-1.9160	0.6203	-0.9206	1.0443	1.0882	0.0548	0.8295	-1.2066	1.4218	0.6194	-2.8152	0.1363
0.4332	1.5976	-1.2920	0.9678	1.7392	0.9368	-0.7150	-0.6278	2.1730	-1.1817	1.1417	0.3665	0.0829	-3.7310	-2.0903	0.8598	0.8426	-1.9065	0.1572	0.0403	0.9612	0.2232	-2.3281	-1.4713	1.0909	0.5232	0.9573	-0.6443	0.8364	0.1182	-2.0473	-1.7206	0.1844	0.8916	0.4366	0.1417	-0.5637	-0.7948	-0.3252	-0.1519	-0.4256	1.5122	-0.4220	1.7607	-0.9277	0.4772	0.7947	-0.6772	-0.3879	0.1636
-0.9427	0.6308	-0.9067	-0.4535	-0.0654	0.1684	1.7755	-1.5399	1.2448	0.1322	0.5798	-1.5109	0.1469	0.0024	-1.4291	-1.2251	-0.3829	0.0651	1.4639	-0.5676	-0.6444	-0.1968	-2.4391	-0.8765	1.6443	0.2811	0.2336	1.0753	0.3018	0.3114	-1.0146	-0.0581	-0.6332	1.3087	1.6225	-0.7347	0.0820	-0.8332	0.0468	0.7256	1.7739	0.6671	-0.7484	0.1188	-1.1443	0.5542	0.6202	1.0530	1.6653	0.6478
-1.9057	0.5434	-0.1989	-0.7600	-0.7304	-0.2244	0.5164	-1.5894	-0.8525	-0.1714	0.3942	1.4156	-0.5109	-0.3630	-0.9555	1.6847	-1.4197	0.9970	1.2244	1.3078	1.4606	-1.9523	0.3997	1.8036	0.4621	0.5873	-0.2200	-0.3592	-2.6359	1.4833	-0.1225	-0.0586	-0.4959	-0.8241	-1.2784	0.1790	1.3387	-1.9720	-2.1839	0.3580	1.1539	0.8873	-1.6598	-2.4739	0.8738	-1.5019	0.3551	-0.8910	-0.5935	-0.2641
1.0802	-0.2094	-0.5422	-0.2076	1.2021	0.1861	-0.7762	-0.7241	1.9813	0.4201	-0.4980	0.7282	0.8136	2.1080	-0.4703	-1.1136	-0.4679	-0.1461	-0.1892	1.4450	-0.5497	-1.9982	2.2788	0.1862	-2.3184	-0.0060	-0.8829	-0.3364	0.6362	0.4666	0.1425	-0.2417	1.6794	0.3179	-0.7672	0.4855	0.5699	-0.9008	-0.3021	-1.5563	-1.0349	-0.5636	-0.3064	-0.7442	0.4804	1.1743	1.7445	1.5148	0.4212	1.0149
-0.9614	0.0473	0.8446	-0.4175	-0.3777	-0.1562	-0.2362	-0.0321	-0.2573	-1.3084	-0.1722	-0.9501	0.5029	1.1251	-0.7569	0.8073	-0.4064	0.7178	-0.3879	-0.3933	-1.2620	0.8955	-0.4907	0.1610	-0.6259	-1.1678	-0.8965	-1.2147	-2.4875	0.5152	-1.3853	-1.8658	-1.1648	-1.0987	1.0873	-0.1846	-0.1225	1.6868	0.3792	0.4423	0.4193	-1.2800	-1.1236	0.3995	0.0177	0.2569	-1.0078	0.8059	1.1221	0.6989
0.3652	-1.3133	-0.1995	-0.4625	0.4822	-0.4805	-1.4519	1.3556	0.1933	0.4316	0.1649	-0.0470	0.3385	-0.4875	0.5769	-1.1517	-1.2264	-0.2276	1.7497	0.3322	2.5226	-0.4585	-1.7985	1.6322	1.1044	-0.6403	0.6925	-0.6500	-0.1550	1.8310	-0.2720	1.3101	-1.2362	-1.6054	0.6125	-0.2521	0.6008	-0.8796	-1.3044	1.0534	-0.3886	1.0165	0.4824	-1.2371	0.4695	-0.8346	1.3003	-1.2755	0.2960	-1.5053
0.3931	0.5553	0.2708	-0.0524	0.2536	0.3405	-0.0257	-0.8976	0.5212	0.9290	-1.6823	-0.9664	0.8108	-0.6246	1.8489	-2.7844	1.7002	1.1447	0.4565	0.9169	-0.2664	0.6545	0.2470	1.3015	-0.0361	-0.0515	-1.1045	0.3430	0.4987	-1.6121	-1.5744	0.0922	-2.4492	-0.8683	0.6630	-1.6778	-1.8752	0.0133	0.6415	-0.3965	1.4393	-0.1457	-0.0840	0.2965	-0.1524	0.2224	-0.2554	0.4395	2.2950	-0.1059
-0.2995	-1.3443	-0.5296	-0.3483	0.3701	1.8542	2.2445	-0.1589	0.3346	-0.6948	-0.9178	-1.0651	0.2277	-0.2070	1.1911	-0.2139	2.0448	0.2321	0.6316	-0.3402	-1.8102	1.7019	0.0317	-1.8920	0.4339	-0.4017	-1.6222	0.0693	-1.2025	-0.4512	-0.6351	1.6420	0.3904	1.4170	-0.1017	-0.6746	0.3602	-0.3127	0.9194	-1.4167	0.5448	1.1732	-1.5543	-1.3424	-0.2426	-0.1435	-1.1919	-0.8966	-0.3463	1.0659
-0.4066	-1.9045	-0.0318	-0.1050	0.4753	0.2499	-1.1346	0.8482	1.4380	2.4201	-0.9825	-0.7551	1.1749	-0.6242	0.1667	-0.4416	1.3406	-0.9566	-1.2445	-0.4229	0.4322	0.6301	1.2333	1.2597	-1.0283	1.2973	-1.5740	1.4483	1.2097	-0.9411	-2.8314	0.3917	-0.0110	1.0189	-1.5662	0.6769	0.8178	-1.2694	-0.1443	0.2092	0.4743	0.7006	-0.8385	0.0420	0.4710	-0.9000	-0.8824	0.7734	0.5269	-0.5115
-1.0756	0.7433	0.8539	0.6454	0.3981	-0.3597	-0.2049	1.3339	0.2188	0.1876	-0.6153	-0.6441	0.4803	-0.2210	-1.5575	-0.6214	-0.3205	-1.3229	0.3495	1.4769	0.3367	-0.9476	-0.3304	-0.2156	0.9407	-0.1000	-0.6102	-0.7294	-0.4313	0.1648	-1.6042	0.9900	-0.5272	1.6286	-1.8169	-0.0895	0.8118	-1.2326	-0.6528	2.2892	1.2256	0.1917	-0.9768	-0.3904	0.9169	1.0628	0.2733	-2.0517	0.4475	0.1535
-0.2637	0.1642	-0.4856	0.2249	0.5263	0.6046	-0.7812	-1.4252	1.0369	0.4340	0.3859	0.7146	-1.5242	0.6868	-0.5319	-0.5082	0.3429	-0.4508	0.1557	0.6985	0.4327	0.6069	-0.3143	0.6540	-0.2586	0.4338	-0.4149	0.3372	0.8157	1.2220	0.3273	-0.2511	-0.0550	0.6520	1.2894	-1.0508	0.7967	-0.3599	-0.5825	0.1743	-0.6962	0.3669	-0.1539	0.7791	1.9961	-1.0579	-1.1175	0.9844	-2.1926	0.1593
-0.2274	0.2910	1.3040	-1.0441	2.4240	-0.5320	1.3804	-1.1714	0.3508	-1.1649	0.9876	-0.5187	0.5227	0.0068	-0.9920	1.5976	-1.0394	0.1593	0.0578	-1.9172	2.4894	0.3145	-1.2659	0.6651	-0.8507	-0.5662	0.5535	-0.1500	1.0195	1.2737	-0.2821	-0.8516	0.0482	-2.3080	1.5376	-1.5522	-0.0671	-1.5710	-0.3978	-2.0588	-0.2300	0.5430	-0.3936	-0.7167	1.0378	-0.7085	0.4167	-0.4917	1.2218	-1.7124
-0.8603	0.2688	-1.0575	0.7549	0.8581	1.1369	-0.8991	1.3529	1.1629	-0.2032	-0.3162	-0.6057	-0.8195	1.6860	0.1183	0.0974	0.4032	0.1126	-1.4073	-1.3705	0.1228	0.3408	1.2816	-0.2344	1.6726	-0.5829	-0.4066	-0.3233	0.9411	0.6174	0.8609	-1.7523	0.8712	0.9460	-0.7353	2.0707	-0.7984	0.7497	0.1478	-0.5322	0.4532	1.5867	-1.0220	-0.7209	-0.3666	-0.4571	0.2161	-0.6583	1.7598	0.0334
0.0952	0.3310	0.4316	-0.2961	0.5607	0.8330	0.7296	-1.0214	0.5733	-1.4010	-0.0048	0.6885	0.3005	-0.1158	-0.7426	0.2885	0.3198	0.9053	-0.4163	1.3386	-0.0084	0.9114	-1.0022	0.6906	-0.2356	2.0259	-0.2200	-0.2922	-1.5824	0.8407	-2.2683	-0.2166	-0.9270	-0.6024	-0.6957	0.0002	-0.9055	2.2773	2.4239	-0.7072	-0.2752	-1.9765	0.2353	-2.9044	-0.0412	0.1691	1.2507	-0.5402	0.0213	0.0087
-0.9449	1.7559	-0.0984	0.0560	0.0061	-1.0566	-0.2083	-0.5699	0.4330	0.3874	0.0769	0.8731	-1.0401	-0.1412	0.4960	0.6454	0.5690	-0.2058	0.5771	-0.5461	0.6070	-0.8083	-1.0845	-0.6307	-0.9754	-0.8703	0.3022	-0.3688	-1.7724	-0.1433	-0.4902	0.1281	0.3193	-2.1453	-0.5455	-0.5258	-0.7924	-2.5356	0.8281	0.8046	-0.6666	0.7858	0.2590	-0.4041	-0.2459	-1.5243	-0.5944	0.7068	0.5042	-1.3519
-2.1717	-1.1156	-0.7109	-1.6330	-1.0495	1.5215	0.3491	0.5687	0.3746	1.1146	0.6661	0.6716	-0.6033	-0.9316	0.3820	-0.1131	-0.2032	0.5378	-1.0904	-0.1728	-0.7423	-0.8442	-0.2493	0.8367	0.5701	-2.1291	0.2733	1.9574	0.8936	-0.1275	0.3285	-0.7221	-0.0257	0.1657	0.8046	-0.1353	0.0489	0.3918	0.8019	-1.1266	-0.6358	-0.2962	-3.0863	1.5425	0.1064	-0.6408	-0.6005	-0.5564	-1.5224	1.0487
-1.8114	-0.6486	-0.5467	0.0203	-0.1967	-1.0021	-1.9953	-0.9106	-0.2617	-0.2439	1.8388	0.0212	0.9567	0.2549	1.3381	-0.1992	-0.5769	0.9401	0.8419	2.0620	-1.0153	1.0182	-0.9661	0.1752	-1.8677	0.2914	0.1768	-1.7901	-1.2709	-2.4848	-0.3047	-0.3816	0.3821	-0.4507	-2.1903	-0.3884	1.4073	-0.5474	-0.5675	0.9029	0.7370	0.9905	-0.6122	0.5613	0.1546	0.8141	1.1262	0.7187	1.7925	-0.7619
1.6402	0.9931	-0.1369	-0.3106	0.9080	1.0803	0.9450	0.1458	-0.1012	0.5664	-0.3757	0.3679	-1.3240	1.0447	-0.9552	0.4010	0.5807	0.0439	-0.7941	-1.3914	-1.5165	0.8465	0.1113	0.0824	-0.8272	0.1062	0.0795	-0.5764	-1.4145	-0.5471	-1.2818	1.0435	0.4996	-0.9962	0.4128	0.6371	-0.6650	0.7906	-0.6901	1.0900	0.0105	1.1462	2.2458	-0.1931	0.6500	-0.2971	-0.0738	0.9737	-1.1835	0.8322
0.7343	0.7701	-2.2677	0.6298	-1.2198	0.0619	-0.4099	0.7397	1.2446	-0.5219	0.3211	-1.1962	-0.6788	1.4153	0.3541	0.7238	-1.9832	1.4544	1.5784	-0.6091	0.7098	-1.3030	0.6366	1.9448	1.1188	-0.6987	0.7370	0.3831	0.9508	-1.3058	0.9008	-0.8182	1.0282	-0.4098	0.7007	-0.4865	0.2169	-2.0622	0.6844	2.3383	-1.3920	-1.1168	-1.3340	0.0454	-0.5937	-0.3965	-0.1411	-0.4015	-1.0855	-0.6523
0.2360	-1.1022	0.5175	-0.3272	-0.7698	0.0730	-0.7854	0.8623	-0.2031	-1.8864	-0.7586	-0.3900	-0.4888	0.5603	1.5921	-0.1456	0.2867	0.5639	-0.0428	0.4270	-0.3196	0.1237	-0.1455	1.6977	1.3619	-1.4330	1.0160	0.7899	-0.6384	0.5930	-0.4307	0.0845	1.2600	-1.4765	-1.9974	-0.1515	-0.4213	-0.1167	0.2766	0.3683	-0.5746	1.1422	-0.0702	-1.0404	0.6404	-0.2369	0.7127	1.0667	-1.8935	1.7423
-0.1057	-0.8575	-0.2263	-0.9820	-1.1902	-0.2932	-0.5621	-1.2776	-0.8196	1.2162	-0.7679	0.5217	0.5836	-0.3488	1.1011	-0.9356	-0.8077	0.4031	-0.0285	0.1522	1.2313	0.0930	-2.2033	0.3041	-1.9528	2.0790	-0.4982	-0.1307	0.3164	-0.8124	-0.6703	0.2613	-0.3002	1.1033	-0.5370	-0.2738	0.2745	1.6485	-0.8636	-0.4693	0.3418	1.3842	0.1224	-1.1426	-0.2338	-0.8070	0.8261	0.2575	1.3253	0.3963
-2.9296	2.8578	-0.7832	-0.9880	-0.4396	-0.3683	0.0898	-0.6142	-0.2029	-0.2923	-0.7409	0.4856	1.3464	-0.8403	0.6411	-0.2774	-0.3630	0.8282	0.4083	-0.9471	0.0927	-0.0712	0.5907	-0.7270	0.4754	-1.7534	-0.9657	0.4899	1.8701	-0.4806	0.8513	-1.6327	-1.9377	0.1427	0.6412	0.0517	1.0582	0.6667	1.0121	-1.2205	0.0424	0.1176	-0.4547	0.2162	-1.1143	0.4638	0.7271	-0.1070	1.2729	0.6845
-1.0883	0.5595	-0.2264	-2.0519	1.4467	0.3543	0.2132	-0.1603	0.0636	1.1467	0.4993	-0.3775	0.1180	1.1263	-0.3877	0.6531	-1.8995	2.0094	1.2504	1.7580	-0.4611	0.2644	0.3455	-1.2176	0.6314	-0.3432	-0.3091	1.2728	-0.8699	-0.4719	2.0339	-0.7733	1.7563	0.9056	-0.4094	0.6341	-0.1462	1.8195	0.2896	-1.1718	0.8175	-0.1090	-1.5629	2.3827	1.1045	-0.0038	0.4775	0.0356	0.4662	-1.0647
0.8315	0.8889	2.3361	0.0558	-1.2316	-0.3760	0.9455	-0.4617	-0.5036	0.1356	-0.1719	1.5004	1.0592	-0.0705	-0.5789	0.5018	-0.9465	-1.3456	1.0495	-1.1867	1.3776	0.2838	1.0656	-1.4678	0.6281	0.1781	1.2732	0.3206	-0.6289	0.5285	2.2574	1.4692	0.3297	1.1257	-0.7151	0.0342	1.4507	0.3936	-0.8908	-0.6859	1.4106	0.0509	-0.0753	-0.7868	-0.2209	-0.3237	1.1657	1.2580	-0.5468	-0.3959
0.4426	1.0165	0.9658	1.3699	0.1061	1.1378	-1.5534	-1.2965	1.7201	-0.0792	1.2875	1.9111	0.9765	-0.9708	0.5259	-0.6646	1.7065	0.1858	-2.6773	-0.0790	0.2787	0.1662	2.4133	-1.5151	-0.3287	0.1632	0.4604	-0.6341	1.0011	0.4053	-0.5753	-0.0449	0.3329	1.0773	-0.0714	0.0646	0.4359	-0.5099	0.0106	0.3116	-0.0014	0.4378	0.4744	0.0264	-0.9981	0.3004	-1.9516	-0.3720	0.2662	-0.3840
0.0689	-0.7302	-1.5526	-0.3901	-0.8282	0.5909	-0.1995	0.0358	-1.2305	-0.3713	0.3970	0.2633	-2.1858	0.9803	0.2457	0.5690	0.5405	-1.7971	2.7425	0.8360	0.7598	-1.0003	-0.7721	1.1291	-1.1221	-0.5293	-0.5202	-0.1547	-1.7797	0.1496	0.8195	-1.3519	-0.8157	1.4901	1.0997	0.1819	-0.0898	1.1943	-1.5128	-0.0861	0.3671	-1.2062	-0.2549	-0.4338	-0.1121	0.4144	0.6286	1.5424	1.2940	0.8813
1.7357	0.8291	2.1531	1.5910	-0.5805	0.2932	0.3088	1.0739	-0.5691	1.4967	-0.9403	0.9479	1.9493	1.2782	-0.1112	1.0468	-0.3190	-0.2367	-0.5589	0.4038	-1.6514	1.4081	-0.2487	1.1791	1.5735	2.1624	0.3244	0.0256	-0.3764	1.4755	-0.1410	-0.3753	0.9520	0.2980	0.3867	0.2345	-0.5157	0.0225	2.0382	-0.6356	1.9016	0.1887	0.3987	0.3185	-0.3697	-2.2152	0.4547	0.6203	0.7459	-0.8015
-0.3324	1.0683	0.9734	-1.0399	-0.0947	-1.0117	0.0790	-0.6562	-0.1776	1.3045	0.7870	0.3969	0.4728	1.4089	0.7744	1.3208	0.6865	-1.0532	0.3584	0.9892	1.2750	0.9573	0.6495	-1.1158	0.9398	-0.5968	0.2296	-0.4283	0.1582	-1.8367	0.0552	-1.6744	-0.1627	-0.6829	1.2760	0.7869	-2.7316	-0.4409	-1.6575	-0.3384	-1.7946	-0.3305	0.1517	-2.7629	0.4830	-1.8694	-1.2031	-0.1388	2.6400	-1.1652
0.4173	0.0464	0.8683	-0.4914	-0.7998	-1.4093	-0.4576	0.9677	0.1472	-0.0697	-0.3197	1.2661	-1.6724	-0.2988	-1.4203	0.3237	0.2463	-1.2385	1.0104	0.0281	-1.0428	-0.1305	-0.4308	0.8510	-0.4487	-1.3636	1.0901	-0.9895	-0.7321	-0.8061	1.1573	0.7635	0.1590	0.0304	0.1475	-0.2557	-0.1119	0.8095	-0.4770	-0.6383	0.5723	2.2370	-2.5469	-0.5875	-0.3641	-0.2976	0.8632	1.6247	-0.5834	-0.2764
-1.3103	0.4259	0.2633	0.7369	0.5772	0.1078	0.3852	0.5709	0.9713	-1.5059	0.8603	0.7797	-0.8938	-2.5929	-1.3550	0.6470	1.3297	0.0838	-0.5985	-0.0789	1.9863	0.9195	0.6249	0.1030	-0.4663	0.9358	-0.0854	0.9392	0.2441	-0.6672	0.3636	-1.2360	0.9926	0.0176	-0.1184	1.4495	-1.6393	-0.0356	-0.8686	1.2525	0.1024	0.6557	1.0089	0.2938	0.5884	-0.1856	0.3424	-1.3653	0.6407	1.9363
0.1886	0.7441	-0.1362	-0.5831	-1.8907	-0.6890	0.3692	0.4004	-0.6338	0.9907	-0.1039	-0.3531	1.3428	2.0319	0.6183	-0.7344	-0.5459	0.6601	0.0035	-0.2830	-0.0461	-0.3624	1.3639	-0.6818	-1.6201	-1.5048	-2.3618	-2.2078	-1.7872	-0.4117	0.1186	1.7769	-0.0443	-2.5038	-0.5482	-0.1932	0.6969	0.2955	-0.3841	0.0396	-0.1861	-0.1173	0.2159	-0.6565	0.9621	-0.0301	0.5071	0.8630	0.0599	0.7619
-1.0787	-0.5011	0.1653	0.2367	1.6676	-0.6670	0.9522	-0.5732	-0.5309	0.6747	0.3448	-0.6273	-1.2518	0.8199	-0.0925	-2.0076	-0.6730	0.2707	0.0490	1.1595	0.6293	-0.2503	0.9616	1.2827	0.1685	-1.0458	-0.0239	2.0657	-0.9549	0.0279	-0.7327	-0.2256	1.5197	-1.0193	-1.1134	0.4280	-0.0394	-0.8677	0.1850	0.0205	0.2431	1.1120	1.6675	1.6400	1.3543	-0.0490	0.6890	0.0119	-0.3602	-0.2623
0.8519	0.0492	0.6866	-2.2598	0.4105	-2.1021	-0.5953	-1.6898	-0.1523	-0.9869	1.1246	-0.7276	-1.0395	-1.1902	0.2679	0.1520	0.3680	-0.6951	-2.1921	-0.8509	-0.6784	1.1943	2.0846	0.4458	0.2144	0.2333	-0.4213	-1.4461	1.2524	0.5189	-0.1900	0.6191	0.2260	1.0534	-1.5203	-1.1984	-1.7346	1.3893	-0.7291	0.0941	-0.8316	0.1726	-0.0082	1.3825	-0.1905	0.2368	-0.6197	-0.1146	2.1637	-0.1480
0.8639	1.7317	1.3407	-0.0448	0.9769	0.8480	-0.1458	0.0730	-1.5112	-0.2378	-0.5513	-0.2467	-0.2184	0.0610	-0.2281	-0.8707	2.4877	-0.6708	0.9788	0.4533	1.1099	0.6150	-0.9574	-0.8822	0.4434	-0.9411	-0.4134	1.0157	0.3376	-1.3994	-1.2219	-0.8209	2.2551	0.4507	0.6597	0.0964	-0.2739	1.6049	-0.1947	-0.5559	-1.3185	0.1847	0.1615	-0.1787	-0.8451	1.2396	-1.1152	0.7144	1.6216	0.0408
-1.3145	-1.1405	0.3633	-0.1703	0.0310	0.4627	1.3861	1.7136	0.0165	0.6201	1.0901	-0.3400	-0.0200	-1.5959	0.0252	0.0621	1.3013	-0.6338	0.5685	0.9498	0.6305	0.0063	0.5791	-0.0537	-0.1616	0.5758	1.0847	0.2106	-1.0490	1.3431	-0.5639	-1.1474	-0.3921	0.5110	-0.0319	-0.6701	2.1600	0.9236	-1.4866	-0.7835	1.0545	-1.1588	-0.8624	-1.9210	-1.4095	1.1558	-1.9016	-0.9199	-0.9522	1.5453
-0.2191	-0.7354	1.7680	-0.6434	0.3877	1.4808	0.3312	1.1717	0.6662	-0.0071	0.3424	0.0935	-0.6104	-0.6882	0.2602	-0.8308	-0.6373	-0.6037	0.5170	-1.2570	-0.0851	-1.5891	0.7316	-1.6965	0.4769	0.1323	-0.9890	1.1159	1.3430	-1.0600	1.4733	-1.6727	1.3054	1.4856	1.3587	-0.0209	0.4342	-0.5696	-0.6753	-0.5155	0.2055	-0.2167	0.1486	1.8188	0.6954	-0.5479	-0.0285	-0.5750	-0.9884	-1.3287
-1.2940	-0.5391	1.9571	-0.6246	-0.8855	0.0954	-0.9872	-0.2499	0.2902	1.0092	-0.2757	1.0129	0.8833	-0.9085	-0.3532	0.7205	0.5366	0.0076	-0.0581	-1.2617	0.9145	-0.8616	-2.5443	-1.8570	-0.2677	-1.2488	-1.4620	0.2556	0.4299	0.8959	-0.3557	0.2127	0.3167	-0.5320	1.0626	0.7590	0.3465	0.0876	0.7788	-0.9508	1.9096	0.1145	-1.1130	-0.6676	1.3145	1.9506	0.5160	-0.7079	0.3973	0.4404
-1.8629	-0.4170	2.2524	1.2356	0.1841	0.5281	-0.1024	1.4365	0.3628	-0.5045	0.3893	0.8140	0.2362	-1.1842	0.2380	0.2941	-1.6905	-0.1387	1.3511	-0.2338	0.7401	0.3698	-1.0163	-0.4422	-0.8964	-0.1457	-0.8014	1.0666	-0.8042	-0.7798	-0.2696	-0.0557	-0.3943	-1.0633	1.7410	-1.2908	-0.3311	0.6642	-0.4006	0.3729	0.1969	1.5729	0.2138	-0.4457	1.4762	-0.6959	0.1758	0.3868	-0.6719	-0.7298
0.0125	-0.4818	-0.5049	-1.2812	-0.7380	-0.6629	1.4904	1.4110	1.2428	-2.2000	1.9985	0.3320	-0.1927	-1.7165	-0.0492	-0.1919	0.3322	0.7733	-0.6912	-0.2390	1.4868	-0.6934	1.1225	1.6633	0.2712	-0.9927	0.2994	-1.2185	-0.4956	-0.4210	-0.3479	-1.1852	0.1561	-1.2862	1.1215	1.8545	0.7307	0.9155	-0.1692	0.8765	0.7011	0.7722	-0.2093	1.0658	-0.4364	0.6558	-0.7813	-1.7013	0.1578	0.9540
0.3977	-0.5309	-0.3988	2.6601	-0.4088	-0.7269	1.6759	1.7228	0.5033	-2.0350	-1.4553	0.8110	0.5037	-1.1995	-0.0483	0.8464	-0.9319	0.7408	-1.3723	0.4258	-0.5465	-0.4109	0.3301	0.4940	0.4283	2.1477	1.1585	-0.6665	0.3326	0.8967	1.6837	-1.2576	0.8302	-1.3589	1.2550	-0.6780	0.8536	0.9513	0.6539	-0.3065	-0.7789	-0.5373	-0.8881	0.8712	-1.3572	1.7537	0.5318	0.3150	1.4805	0.7192
1.0416	-1.5009	-0.3782	1.0728	-1.9372	2.4434	-1.4408	0.4283	1.5401	-1.3251	0.3026	0.3095	-3.3540	1.8251	0.2629	-0.0125	-1.5976	1.9161	-1.0589	-0.6841	0.4557	0.8596	0.1285	0.9153	-1.3403	0.2465	-0.2838	-2.6832	-0.4528	-0.3045	0.0046	-0.4629	-0.1506	-0.3565	-1.3534	0.0401	-0.0403	0.2717	-0.2813	-0.3220	0.0206	-1.4321	0.2483	0.4668	2.4408	0.5861	0.9926	1.1991	-0.5658	-0.8023
-0.8689	-0.3160	1.5337	-2.5478	-0.0407	1.1016	-0.1992	0.2415	1.8837	1.8314	-0.2069	1.1531	-0.0923	-0.5527	0.2050	-0.3920	0.9471	-3.2669	-1.5228	0.6778	0.0846	0.5373	-0.1060	-0.2784	0.4746	-0.3031	-0.8146	-0.3335	0.3169	-0.9336	1.2294	0.9724	-1.3058	-0.6576	0.9076	0.5628	-0.8743	-0.7034	0.4250	-1.1277	-1.1150	-0.7249	1.0188	-0.1475	0.1200	-0.7420	0.1871	-0.7089	1.5147	-0.7344
-0.6226	-1.4261	0.1481	-1.0857	0.3778	-0.9638	0.6234	-1.3244	-0.1428	-0.2381	-1.6863	-0.7532	0.4733	-0.2086	-0.1421	1.8244	-0.9915	0.5592	0.3307	0.9681	0.8578	-0.2796	-0.2829	2.2235	-0.0714	0.8068	0.5632	-0.8718	0.3713	-1.6871	0.5246	-0.1160	0.7488	-0.1546	0.1436	0.9156	2.1706	0.7033	-1.1335	-0.7120	-0.7983	-0.0399	1.6011	-0.9615	1.4070	-0.5658	0.8762	0.7039	0.5125	-0.4055
1.9279	0.8317	0.5683	0.3886	-0.4301	0.1761	-1.1023	0.3097	0.3777	-1.2419	0.3499	2.2458	-0.2263	-0.4493	-0.2077	1.6610	0.3661	-0.1763	-0.2692	-1.1209	0.8103	0.5589	-1.4440	0.4792	-1.4587	-0.2738	0.5351	0.5209	1.4203	-1.4104	0.5167	-1.5933	-1.3917	2.6771	-0.9790	0.4310	-0.1954	-0.3476	0.8502	0.9899	0.3244	0.4283	-2.3700	0.6253	0.6101	2.0003	1.2668	-1.5317	0.3515	0.1951
0.3277	0.2943	0.0612	2.3647	-0.3415	-0.1250	-0.9319	0.8621	-0.0989	0.2109	-0.9991	-0.1313	-0.8403	-0.3571	0.0418	-0.2730	-0.2827	-0.5186	1.7420	-0.4860	1.0938	-0.9338	0.5546	-2.1561	-0.5299	0.0680	0.8566	2.0520	-0.3095	0.8072	0.0724	-2.0588	-0.5617	2.9400	-1.2405	-0.7487	1.9793	0.9832	1.3052	-0.9276	1.3896	-0.3555	-0.1836	-1.6070	1.5443	0.5553	-0.0862	2.2472	0.6933	0.4782
0.4944	-0.6324	-0.0565	-1.0498	-0.0378	0.4574	-0.8916	-0.0332	0.0280	-1.1684	0.7845	-0.7107	0.2619	0.9424	-0.1972	1.4245	-1.2094	-0.6399	1.1116	-1.0128	-0.4475	0.3457	-0.5444	2.0564	-0.0837	-0.9596	-0.9822	1.0991	-0.1326	-1.1326	2.2082	-0.2756	-0.5360	0.3899	0.0498	0.4459	-0.4979	-0.1551	-2.4777	-0.0528	0.0311	-0.8572	2.2596	0.2815	0.0175	0.6157	-1.2615	-0.5094	0.2553	0.4942
0.3757	-0.1652	-0.2358	1.3372	-0.8006	-1.5360	0.0763	1.1824	0.7912	-0.1798	0.3436	0.7554	-0.5086	-0.6446	-0.5074	-0.0940	-0.9298	-0.1486	0.0447	-0.4018	-1.7362	0.4280	-0.6156	-0.6392	-1.3939	0.2477	-1.0415	1.3120	-0.1650	0.6428	-0.0865	1.1392	-0.4356	0.7084	-0.3976	-0.8490	2.1300	0.4236	-0.5032	0.7174	1.0900	-0.5474	-0.4369	-0.1400	0.0096	-0.1112	0.9953	0.6825	-0.6812	1.3971
-1.7258	-0.8504	-0.0540	-1.7872	0.7600	-0.5614	0.0606	0.5989	1.4172	0.3200	0.3853	-0.7809	-1.0477	0.8088	-0.1439	0.6705	-0.8397	-0.2833	-2.1432	1.2548	0.3095	0.3588	-0.5184	-0.7093	-1.0413	1.7771	-1.7834	1.8600	0.2299	0.1940	-0.1327	1.3148	0.8920	0.0550	-0.9214	1.6987	0.4492	-0.5173	0.8030	-0.4193	-0.2585	-1.3471	-0.3012	-0.6048	0.2438	-1.6200	-1.2368	-0.1517	-1.2123	1.1316
0.8651	0.3525	0.2639	0.3212	-0.5707	-0.7189	0.6598	-0.6317	-0.5061	-0.9894	-1.1231	0.1981	0.3353	0.3000	-1.0499	1.8375	0.9108	-0.6436	0.8591	-1.1596	0.4999	2.0799	-0.3679	1.0824	-1.2345	0.3019	0.9079	0.2291	0.3132	2.1201	0.1514	1.0440	0.0808	0.0232	-0.7689	-1.8229	-0.1242	0.9305	0.9799	2.1299	0.4283	1.2870	-0.0632	0.6879	-0.4523	0.9524	-0.0413	-1.5920	-0.0754	1.6941
0.1606	-0.7483	1.5232	1.0679	0.1646	2.6986	-0.3183	0.4839	-0.0480	-0.1457	-0.2582	0.0411	-0.6844	-0.1136	-0.7008	-0.6438	0.2492	-0.9211	0.7009	0.2757	-0.4380	1.4881	-0.0591	0.0940	-0.9618	-0.6203	-0.2320	-0.6727	0.0355	-0.0074	2.0862	-1.0187	-1.5515	-0.4937	0.0075	1.4268	-1.4871	-1.2394	-0.1701	1.1590	0.2244	-0.3609	-0.8070	-0.3849	3.6702	0.1918	2.1733	1.0009	-1.0664	0.6204
-0.2016	0.1341	-0.3262	0.2775	0.3149	0.2647	-1.2232	0.8007	-1.5606	-0.6718	-0.5026	-0.2012	-0.2390	-1.4152	-0.9702	1.4958	-1.3059	1.8066	0.2950	0.5246	-0.3325	-0.2774	-0.0857	-0.8396	0.6946	0.5782	-1.0601	0.0505	-0.2282	0.5721	-0.2592	-0.4382	-0.3597	-0.0115	-1.1741	-0.8795	-0.5330	1.1422	1.6715	-1.5082	-1.5003	0.2512	1.0136	0.9488	-0.2980	-1.5770	-0.2047	-0.3285	-2.0762	0.2943
-0.8510	0.1727	-1.9928	-0.4682	0.0970	0.3078	0.0612	-0.9484	0.2398	1.7641	-0.8612	0.5194	1.0427	0.4757	-2.0211	2.5198	2.2078	0.8318	-0.0999	-0.1200	1.6670	-0.4319	-0.5685	1.9135	-0.8684	1.2457	0.7847	-1.1536	1.1654	-0.6181	-0.4575	-0.5936	0.7387	1.0413	-0.3041	-0.5819	-1.2122	-0.4898	-2.5126	-0.4722	-0.7133	-0.2161	-1.8165	-0.5734	-0.7895	0.0509	-0.0173	1.1121	-0.7373	1.1062
-0.1875	-0.2834	1.6068	-1.8180	0.5193	0.4607	-0.2288	-2.6039	-0.1916	-0.1714	1.0007	0.1879	-0.3675	0.6753	-0.3432	1.3736	0.0832	-0.7641	2.8886	0.6454	-0.6838	0.1187	1.5233	0.2848	0.1841	2.1779	1.2791	0.3505	-0.6581	0.7874	-1.2170	-1.0980	0.4266	-0.5948	0.5387	-0.5084	0.2775	-0.4721	-0.2277	0.7427	0.5015	1.6269	-0.8404	-0.5591	-0.9315	0.8966	0.1261	-1.0532	0.6651	1.0742
0.3810	-0.6423	0.8910	-2.5476	-0.9315	-0.5615	1.0073	-0.9606	0.4605	0.2639	-0.8041	-0.6452	-0.4617	0.4193	0.9549	0.1751	-1.5692	1.2257	-0.4740	-0.4388	0.9846	-2.3554	0.9242	-0.5405	1.5056	-0.5493	-0.7381	0.7678	2.0517	0.1543	-1.1051	-0.5338	0.2613	1.0458	0.3981	1.3576	1.2056	0.3997	0.1196	-1.4189	-0.4124	-0.4852	-1.0049	-0.0323	-0.9099	1.2052	0.8075	1.3365	1.0274	0.9759
-0.8607	-1.0756	0.1656	1.0750	-1.1392	0.0520	-0.1788	0.1214	0.6905	1.7700	0.7954	-0.2744	-0.6917	-0.0777	-1.1590	-1.5259	0.0685	0.9437	-1.3805	1.1367	-0.9245	0.6273	1.2212	1.8260	-0.1623	-1.0799	-1.4765	0.4937	0.2186	0.0225	1.9397	-1.4077	-0.5105	-0.5485	-0.0612	2.5420	-1.5987	-0.2410	1.0511	0.7703	0.2551	1.7891	-0.4212	-1.2673	-0.1517	0.7105	0.6693	0.1976	0.4448	-1.4847
-0.9004	0.6648	1.6415	0.3548	0.2759	1.3134	-0.0418	-0.8323	-0.3406	0.0968	-1.6400	-0.3945	0.4682	-0.7421	0.1132	-1.3807	0.7955	1.0184	-0.2867	-0.1441	2.0396	-0.6252	-0.3024	-1.3643	-1.4273	-1.0146	-0.7800	-0.3577	-1.0407	-2.0650	0.9211	0.5863	1.6471	-0.5249	-1.6921	0.2729	0.7962	2.1578	-0.3829	-0.3320	0.3076	-0.0301	1.4998	-0.9822	0.6867	-0.1970	-0.1892	0.2560	1.2102	-0.1805
-1.3325	-1.1681	-1.7256	-1.0282	1.0084	0.6168	-1.3329	0.6334	0.6142	-0.7352	0.4283	-0.6284	0.0835	-0.7650	0.2063	-0.8115	-0.8023	-0.1190	-1.4697	-1.1551	-0.3031	-2.2368	0.6737	-0.8298	0.6405	-1.4856	0.1653	-0.8575	2.4985	-0.4583	0.1335	0.2846	-0.4089	0.0491	-1.6585	-0.9307	0.8533	-0.8281	0.4928	0.3056	0.8377	0.4935	-0.8115	0.1571	-0.3933	0.0139	1.6459	1.4174	0.7277	-0.0642
-2.6498	-0.0070	-1.1831	0.4353	-1.5618	-0.4029	0.4844	-1.5542	1.8088	-0.4515	-2.4202	-0.7568	1.1919	1.0299	-0.3799	1.1132	-1.5523	-1.1112	-1.0207	0.3261	-0.9343	-1.6073	-0.0775	-1.2096	-1.3328	-1.6573	-1.1676	1.2926	0.7527	-0.2350	0.0232	1.0571	-2.0431	0.4719	0.6645	0.7344	-0.1763	-0.2697	0.6888	-0.1175	0.6798	-0.6087	0.5268	-0.1669	0.4157	-2.5957	0.6120	3.5430	-0.6354	-1.1926
0.2643	-0.5144	0.6918	-0.5824	-0.7226	-0.1409	-0.3045	0.1661	-0.1310	-1.3781	1.0154	0.8691	-0.4055	-0.9112	0.3996	-0.9525	0.7318	1.4457	0.4746	-0.0342	0.0455	0.4005	-1.5245	0.6219	-2.8310	0.4356	-0.4429	-1.0467	-0.2408	-0.3017	-0.0445	0.3922	-0.6531	1.2146	0.4367	1.3890	0.8203	-0.9373	-0.4035	-0.0012	0.8379	-1.2176	0.2262	-0.1247	0.1415	1.0661	0.8018	0.3402	0.0994	1.2712
0.6793	-0.1447	-0.0239	-0.2627	1.0291	-0.7199	2.3197	-0.0396	0.6702	0.3263	-0.1824	0.3349	0.1512	1.6722	0.1806	-1.5680	0.1112	-0.2101	1.7876	-0.4749	-0.6240	0.0930	0.2308	1.0462	-0.0675	0.0743	-1.0418	-0.4740	0.2390	-0.4585	-0.7145	1.1849	0.4895	0.4250	-0.4973	1.0942	2.0376	0.4970	0.5681	0.0809	-1.0982	-0.5903	0.5081	-0.5520	-0.4105	1.7565	-0.1615	-0.8539	-1.9925	0.4310
0.5093	-0.3432	-1.4403	2.4349	-1.5189	0.9652	-1.7435	0.1641	-1.1015	-0.0099	-0.5594	-0.2060	1.7771	-0.3954	-0.3183	1.6553	0.6052	-0.3971	-0.9607	0.8832	-0.2435	-0.9643	-1.4080	0.9549	-1.7732	-0.5444	0.4460	0.5895	-1.1189	0.7018	0.5444	1.1892	0.1273	-0.1595	0.1364	1.3553	0.1809	-2.3955	-0.3644	0.7313	-0.6396	-0.4579	0.1404	0.6917	0.8433	-2.0820	0.8200	-0.4082	0.7435	-1.2296
0.4839	0.2384	0.3355	-0.5921	-0.6117	1.7856	-1.4907	-0.0053	0.7580	-1.0632	-1.9394	-0.6953	0.9665	0.6096	0.1457	-0.3597	1.6948	-1.2498	0.0159	-0.7570	-0.7174	0.8753	2.5018	0.6079	0.8147	1.8244	0.1655	0.7798	0.9739	0.3702	-0.5725	-0.3791	-1.0911	-0.7369	2.1346	-0.6204	-0.4754	-0.1542	-0.6391	0.1529	1.8449	-0.1821	-0.2206	-1.5302	-0.2979	-0.0501	1.4113	-0.8646	0.6864	0.0588
-0.8535	-0.0655	-0.5411	-0.8847	0.1548	0.3487	2.6463	-0.9518	-0.7841	-0.6325	-0.4483	-1.8982	-0.2931	-2.1229	-0.9545	-1.3364	-0.8174	-0.6033	1.5305	-0.3056	-0.0241	0.1570	1.8943	0.9472	-0.4990	0.1009	2.0611	0.8245	0.1709	0.6551	0.2631	-0.6821	0.9545	1.2678	-1.0770	-0.2876	-0.4261	-0.3107	0.1054	-0.7702	0.8162	-0.0047	-0.0311	-0.7546	-0.8001	1.4457	1.0508	0.0579	-0.7614	-1.4566


