
X1	X2	X3	X4	X5	X6	X7	X8	X9	X10	X11	X12	X13	X14	X15	X16	X17	X18	X19	X20	X21	X22	X23	X24	X25	X26	X27	X28	X29	X30	X31	X32	X33	X34	X35	X36	X37	X38	X39	X40	X41	X42	X43	X44	X45	X46	X47	X48	X49	X50
1.1066	-0.5491	0.0947	0.4764	0.0300	0.2498	-1.1355	-0.7182	1.2855	-0.2290	-0.4483	-0.0339	0.9513	-0.0310	-0.0024	0.0626	-2.0817	-0.2805	0.5878	2.0589	0.5270	1.8727	-0.5141	0.6098	0.5140	-0.4566	-0.2770	-0.8871	0.5663	-0.5899	0.4187	1.8368	0.1805	1.0008	1.6894	2.3026	1.1295	-0.6868	0.5707	1.4024	-0.6401	1.6091	0.0259	0.2690	1.1291	0.2651	0.4694	0.2424	-1.0594	-0.4063
1.1304	-0.0878	-0.8329	-0.2388	1.4484	0.3485	0.6364	2.5462	0.9814	-1.0634	0.2142	-1.2838	0.1713	-0.6888	-0.5597	-0.7144	0.5231	-0.5227	1.5945	0.3639	1.6767	0.2926	-0.5657	-2.4659	0.0150	2.3544	-0.6176	-0.2841	0.3011	-2.0963	-1.8840	1.5320	-0.6414	-0.7650	-0.7750	-0.7677	1.3802	-0.3483	-0.0316	-1.0923	3.3055	0.0914	-0.5550	0.3117	0.9274	0.7414	-0.2475	0.4686	-1.3159	-0.5271
-0.2983	-1.6976	0.3640	-0.2342	-0.9737	0.9238	-1.3217	-0.9429	1.2603	0.8521	-0.8513	0.9895	0.0730	1.0086	-2.5011	0.1200	1.1597	0.3579	-0.8737	0.0284	0.1590	1.3621	0.3759	-0.0458	-0.3149	1.2992	0.8828	-0.9515	-2.0526	1.7742	1.0975	-0.3749	2.1172	1.2472	-0.7122	-0.7341	0.4441	0.8105	1.1258	-0.7712	0.8950	1.0703	-0.6704	1.1920	-1.4101	0.3597	1.5044	-0.8176	-0.5762	-1.1563
-0.8975	-0.2192	1.9114	-0.9394	0.4011	-0.1284	-1.3767	-0.0101	-0.6008	2.0265	1.2721	-1.4445	-0.6118	-0.5699	1.5984	-0.0304	-0.6060	-0.2542	-0.9841	0.1301	-0.6428	0.4796	0.4978	0.3610	-2.2188	0.4931	0.5861	0.5970	-1.1902	0.4707	1.4260	-1.3356	-0.4770	-1.3682	-1.8103	1.0002	-0.0483	1.1268	0.9353	-0.6758	-0.6856	0.9802	-1.7112	0.7008	-2.1131	-1.3070	-0.4471	-1.1064	0.0330	-0.6978
-0.6988	-0.3324	0.6306	-0.5605	-0.2851	0.3733	-1.7058	-0.8576	0.5592	0.4116	-0.0312	-0.3140	-0.2469	-0.6614	0.7332	1.2520	0.7615	0.5124	-0.7862	-0.6305	0.3946	2.1184	-0.8698	-0.0025	0.7118	0.8595	-0.0152	0.6075	0.8359	0.8786	-0.2064	0.3805	0.8610	0.5201	0.0158	0.0200	-0.8727	0.9003	-0.8559	0.4046	0.5371	-0.3761	0.8788	2.3077	-0.3011	1.3524	-0.8646	0.1098	0.4153	-0.1706
0.7289	0.0148	-0.9407	0.7531	-1.0300	0.7992	-1.7786	0.8480	-0.6493	-1.2205	-0.8656	-0.5757	-0.3821	-0.9064	0.1482	0.9854	-1.2927	-1.4557	-0.1692	-0.9173	-1.0610	-0.8439	-1.8394	-0.3961	0.1077	0.3032	-1.3944	0.5146	-0.3618	-0.2542	0.6602	0.1242	0.8106	2.4716	-0.2912	-0.3542	0.4138	-0.8106	-0.6510	-0.3427	-0.1300	0.1226	0.4284	0.7958	-0.2366	-0.4906	-0.1857	0.7986	1.6468	-0.2478
0.6007	0.3650	-0.3593	-0.9726	-0.5820	-0.4983	-0.0450	0.4177	0.2094	-0.2861	0.7204	0.6849	0.2279	-0.9323	1.4761	-0.3404	-1.4359	0.9595	0.5565	-0.4745	0.4979	0.0314	-0.3697	0.7174	-0.3886	0.7383	0.3855	1.5197	0.5142	-1.1365	-1.2597	-1.7787	0.5004	-0.1512	-0.2330	0.7238	-0.5322	1.3148	-0.7292	-1.0918	-1.9397	1.1977	0.3192	1.2436	0.2565	0.4754	0.7189	-0.4649	1.3278	-0.8197
-0.4658	-0.8143	-1.4291	0.9572	1.5284	1.5660	0.4128	1.0681	0.3495	1.3544	-0.6316	0.0575	1.0419	1.2931	1.0907	0.8924	-1.9514	0.5255	0.2632	-1.7939	0.8852	-1.9324	0.4219	-0.7955	-0.6558	-0.6713	1.1116	0.4723	-0.1451	-0.2223	-1.8999	0.5690	-0.1977	-0.2245	-0.5395	-0.8542	-1.2079	-0.7051	-1.8173	-0.5027	1.0691	-0.0973	0.7924	0.7209	0.4177	-1.6693	1.3679	-0.4954	0.2399	-0.9032
1.0828	-2.4800	-0.7088	0.4443	2.3076	0.9346	0.1303	0.5869	-1.2331	0.7601	-0.1512	-1.3655	0.0220	-0.6332	-1.4240	-1.0677	-0.0058	-0.1247	0.7680	-0.4145	0.8745	-0.9172	-1.4440	-0.9262	-0.7272	0.0549	0.7367	-0.3324	-0.3663	0.8441	-0.0987	-1.6394	-0.6028	1.8333	-1.2599	2.4913	-0.1805	-0.4497	-0.3113	-0.7502	-1.6133	0.1365	0.2359	0.1669	-0.4473	-1.7181	-0.0383	1.2325	-0.5924	1.4178
0.8475	-0.3356	1.3727	1.7883	-0.1860	0.8224	0.3869	1.0039	2.5559	0.5627	-0.7416	1.0473	-0.1372	-0.9696	-0.2854	1.3369	-0.3096	0.9156	0.0685	-0.1348	1.0551	-0.8977	-0.8372	-0.5735	-1.6109	-0.8501	0.0882	-0.4793	0.5643	-1.7989	-0.0659	-2.5752	0.7425	0.3631	-0.4087	-2.2550	-0.7781	-1.8850	-0.7399	-0.8829	0.3396	-0.9173	1.6783	0.0649	1.6014	0.7178	-0.6269	0.0503	0.3506	0.0845
-1.6069	-0.7093	0.1590	0.2550	0.2982	-1.6649	-0.2396	0.2246	-0.0520	0.1724	0.1641	1.4449	-0.3953	0.3664	-0.9412	-0.6013	1.2998	0.3973	-1.2911	-0.9161	-2.5651	-0.9320	0.2398	-0.4264	-0.0643	2.9068	-0.8287	0.4123	-0.0498	0.6457	-0.0947	-2.0687	-0.1308	-1.3698	-0.8560	-0.1609	1.2508	1.6334	-0.4625	-1.6123	-0.9590	0.0149	0.9036	-0.5453	-0.1379	-0.3020	1.0404	0.9273	-0.5587	0.8753
0.5563	-0.8041	-1.0666	-1.3543	-0.1220	0.3870	-0.0666	0.8581	-0.0095	1.1268	0.5300	0.6608	-0.2270	0.6468	-1.8265	0.9539	0.6997	0.8907	-0.2746	0.3858	-0.4720	-1.5486	-1.0593	0.4564	0.0917	2.0037	0.9838	-0.8868	-0.9954	-0.7823	-1.1486	-1.7162	-0.8981	-0.8184	0.4251	-0.9049	0.2183	-0.9357	0.3451	-0.0564	0.2813	0.7721	-1.2918	0.8032	-0.1679	-0.0715	0.6967	0.7868	-0.1993	-0.1607
1.2533	-0.3123	-0.6993	1.4595	0.5538	0.7645	-1.8527	-0.0558	-2.6164	-0.2237	0.7427	0.1466	-0.6324	-0.0710	-1.8436	1.2708	-1.8136	-0.4710	-0.8611	0.3108	0.8936	-1.3806	1.2355	1.2826	0.3367	-0.5719	-0.0033	0.6697	0.0665	-0.4164	-0.1851	0.7765	0.0171	-0.0995	-0.2012	1.0551	-2.0254	-0.1434	1.6282	-1.0430	-1.0078	-0.1377	1.3313	-1.8282	-1.6132	1.6582	-0.4998	1.1995	-0.0526	1.4347
0.0832	-0.4559	-0.8466	1.5239	0.9733	-0.3099	1.0147	-0.4546	0.0401	-1.8887	-1.2529	2.6104	0.7230	-0.3795	1.1265	0.7069	0.0355	0.0055	1.2869	-0.1645	1.5302	-1.0929	1.0116	-1.3793	-0.5053	-0.2835	-0.7358	0.0141	-2.9708	1.0841	-1.4710	0.3088	-0.9470	0.6030	0.4495	-1.2120	1.3078	-0.3797	0.3353	0.0682	0.5649	-0.1414	0.3687	0.7236	0.2500	-0.0875	-0.5067	-0.6814	1.0659	1.0942
-0.4929	-0.5496	0.7411	0.4319	0.5151	0.2930	0.4246	0.1449	-0.1901	-2.0638	0.9904	-0.6472	1.4308	-1.6670	-1.3609	1.0591	0.6822	-0.5430	-1.4105	0.7554	-0.2580	0.1394	-0.4264	-0.8368	0.5554	-0.3296	0.2703	0.4177	1.6261	0.0992	0.5057	2.1213	1.2082	-0.1058	1.3891	0.5737	-2.3752	0.0067	-0.3220	-0.0733	-0.9144	-0.6139	-0.5341	0.3499	0.6246	-0.4898	-0.6336	0.4331	-0.9747	-0.1542
-1.0628	0.5348	-1.0323	0.3021	0.1846	-0.5993	1.1395	-0.1569	-0.1201	-0.2510	-0.7117	-0.7234	0.7900	-0.4240	1.2561	0.1696	1.4102	0.5636	1.0415	1.3114	-0.3229	0.3403	0.2573	-0.4273	0.4956	0.1313	1.6035	-0.9754	1.9786	-0.0041	-1.0524	1.9140	-1.1375	0.0403	0.7824	-0.0685	1.0759	0.7757	0.5399	-0.3525	-1.2802	-0.0838	0.2722	-0.1508	0.4274	0.6626	1.6395	1.0460	-1.4353	0.4546
-0.1078	0.6733	-1.2032	-0.1928	-0.2658	-0.6803	0.5308	-1.8501	0.2197	0.2494	-0.5034	-1.5197	-1.1497	-0.2671	-1.3028	0.0785	-0.0430	-1.8100	-0.1436	0.7158	-0.1361	-0.1745	-0.9055	1.6396	0.6956	-0.2663	-0.3775	0.6520	0.2530	0.2777	-2.7997	0.6054	-0.6545	0.8369	0.5315	-0.8961	0.7482	-0.8940	0.5868	1.2283	0.3276	1.2334	-0.9545	1.6806	-0.1453	1.5425	0.5772	-0.9014	-0.3198	-0.5676
-0.0916	0.9888	-1.1235	-0.1326	0.0007	-0.3010	-0.1915	0.7601	-0.5781	-1.0622	-0.6050	1.5387	-1.0971	-0.9263	0.6168	1.0504	0.7386	1.0892	-0.5625	1.4811	0.1210	-0.0737	0.3849	-0.2319	1.4142	-0.2276	0.0723	-0.4847	1.4110	0.2045	1.1387	-0.8147	0.7279	-0.5836	1.4348	0.2612	0.7994	-0.7379	0.0582	-0.4341	0.1435	1.3628	0.6022	1.0371	-0.4605	0.4121	0.9749	1.6060	0.8459	0.0037
-0.2963	0.9190	-0.6493	-1.0115	-1.1669	-0.6678	-0.2824	0.2308	-1.3370	1.4273	1.0263	1.0048	0.1567	1.5693	0.1039	0.4000	-1.9395	0.1274	0.0201	1.5291	-2.1582	-1.7059	1.0321	-1.1844	0.4589	2.1781	-2.0119	0.6274	0.9986	-0.4479	0.9574	0.8070	0.0790	1.9996	-0.2213	0.0755	0.4419	-0.1117	-1.7418	1.9426	0.6127	0.6309	-0.6694	-1.3239	0.0986	-0.4254	-0.7010	-1.2264	-1.3085	-0.3261
0.6250	0.8629	-2.3913	-0.1859	0.3284	-0.3816	-0.9278	2.0345	-1.6342	-1.3070	-0.0872	0.6413	0.4120	-2.1958	0.4101	0.2263	0.4094	-1.5680	-0.9664	0.7465	-1.3546	0.2698	-0.0365	0.2507	-2.2233	-0.2238	-0.3991	-1.3258	-0.6819	1.3085	-1.0041	-0.1312	-0.4037	-2.4568	0.2383	-0.6751	0.4287	-0.9568	-1.4706	-0.2856	-0.8177	1.1657	-0.1345	1.3922	-0.3594	-0.1269	-0.0720	0.0889	0.0246	-0.6447
1.7149	-0.1453	-0.6058	-0.1108	-0.3508	-2.1178	1.1789	-0.5041	0.0485	0.4823	-1.0669	1.2253	0.6464	0.2945	-0.0960	0.0916	-1.1103	2.2167	-1.2584	-2.0074	-0.7920	-0.6859	0.2475	-1.4777	-1.5725	0.1562	1.2618	0.9354	-0.3652	-0.9808	0.0108	0.9905	0.8300	1.2525	0.4065	-1.2227	-1.0774	0.7514	0.4504	2.6289	-1.2547	0.2004	-1.4441	0.7690	1.1796	-0.8135	-1.1208	-0.6890	-1.8630	-0.6530
0.2653	-0.5775	-2.6298	1.4315	0.4119	0.4901	1.1249	0.2304	0.4774	-0.6724	-1.0194	0.0264	1.0664	0.5546	-1.2093	-0.2253	-0.1516	0.5984	0.1584	-2.6517	-0.0822	-0.0502	-1.7242	-0.5956	-0.5410	0.2594	-0.2894	-0.9958	-0.2526	1.1598	1.1030	0.1138	0.0083	-1.9650	-0.5935	0.5416	0.5072	-0.9340	-0.4300	-0.0212	0.6495	0.0517	-0.9135	0.1673	-0.8934	0.4177	1.7000	-0.8210	-1.0848	-1.1248
0.5095	1.4041	-0.9294	0.0530	0.8669	-0.0447	0.9624	-0.3332	-0.7419	-0.9797	-1.7156	1.6442	-1.1446	-0.1083	-1.6273	1.8637	-0.9915	1.6323	-0.9176	0.2280	2.0744	1.1738	0.3671	0.9545	0.3529	-1.3140	-0.3465	-0.1812	0.0801	-0.7188	0.4523	-0.6787	-1.4064	-0.1320	0.4892	1.3114	-0.5526	0.7045	0.3898	-0.1411	-0.0881	-1.0727	0.7222	-1.3534	-1.2327	0.0091	-1.4714	-1.0420	0.0961	0.2735
-0.3913	-2.5458	-2.7927	-0.3696	1.2677	-0.8304	-2.4385	-0.2840	0.2266	1.4249	-0.8839	-0.2467	0.9956	-0.6041	0.7331	-0.7660	1.4055	0.8843	-0.3400	-0.2101	1.0096	0.4137	-0.0976	0.7803	0.2181	-1.0486	-0.3402	-0.5743	-0.1887	1.4056	-0.5687	-0.0071	-1.7260	-0.1203	0.7281	-0.2054	-0.7941	-0.0115	-0.3209	0.7230	-2.2877	1.9010	-0.2473	0.0762	0.3269	-0.1498	0.1492	0.2762	-1.3603	0.9159
0.5332	0.1931	-1.8094	-0.1912	0.6870	-0.1984	0.2705	0.4583	0.0020	1.3467	0.4861	-1.0258	1.0485	1.1159	-1.0615	0.0704	1.2571	0.2330	0.1699	-1.5655	-0.0981	-1.5160	-0.4331	-0.0604	-0.6476	0.1720	-1.1827	2.7350	0.5349	-0.0523	0.7051	-0.1145	-1.2803	1.7901	0.5833	0.0290	0.4436	1.8000	-1.0126	1.3912	0.2385	2.0661	0.9485	-0.3283	-0.7334	-1.0876	-0.7315	1.2253	-0.7267	0.7563
0.2402	0.9479	0.4346	0.3493	-0.8975	-1.2267	-0.2784	-0.1855	-1.1276	-1.2878	-0.1637	-0.7958	-0.8547	0.3344	0.4608	0.2929	-0.8247	0.6140	-0.2528	1.5327	0.2351	-1.6738	0.3711	-0.4324	0.0426	0.3758	0.6624	0.3195	-0.0063	0.4743	-0.3522	0.0485	0.1289	0.9994	1.2967	0.9359	1.0937	0.3378	-1.1695	-0.3539	1.2218	0.3720	0.6309	0.0286	0.0806	0.3685	-0.0403	1.5566	0.2972	-0.2853
-0.8707	0.9742	0.0493	1.1022	-0.3431	0.1489	-0.1283	0.6039	-0.7525	-0.1886	-0.3849	0.0408	-0.4607	-2.5556	0.2453	-0.4493	-0.0504	-0.2956	1.0850	-1.5829	0.6313	0.3519	0.6252	-0.6770	-0.7198	0.6541	-0.2878	-1.1383	0.2686	-0.1631	0.1483	0.2884	0.1970	1.0689	0.5027	1.0916	-1.0365	-0.6505	-0.6228	0.2764	-0.6361	-0.1411	0.0299	-0.0788	0.7902	0.6376	0.8045	-0.3137	-1.3978	-0.8540
-0.4049	0.1738	-0.5625	-0.1431	-0.4762	0.5939	0.0482	0.3968	-0.7435	-1.1579	-0.0452	0.4829	-0.2880	-0.8649	1.3146	1.7945	-0.1996	-0.3884	-0.8096	1.4861	-0.4566	0.2294	0.7976	-0.0640	1.5142	-1.4764	-0.0685	-2.2745	1.0205	0.7491	-0.0235	-0.5938	-0.5096	1.3220	-0.8559	-1.3700	0.3590	-0.4840	1.2744	0.3289	0.2298	-1.1003	1.5453	0.4977	-0.4722	1.1842	-0.3953	-0.4410	1.0957	0.5761
0.0824	2.7602	1.1303	0.8053	-0.8032	-0.7291	-2.3295	-0.6795	-0.7767	-1.8145	1.0557	2.0400	0.9778	1.4372	-0.1032	-1.6585	-0.8694	0.1611	2.8767	0.3989	1.2326	-0.2326	0.9513	-2.0662	0.1909	-1.5328	1.2801	0.9503	1.6472	0.1111	-0.5820	0.3993	0.1690	-0.1126	-1.1117	1.7323	0.9641	-0.5226	-1.9522	1.1083	1.2218	-0.0752	-0.6605	-0.0729	-1.4036	1.4857	-2.7264	0.5563	0.7247	-1.3164
0.6094	0.1649	0.1788	-1.8691	-1.5963	1.8306	-1.5873	-0.7201	1.1955	-0.4717	0.1187	0.5748	0.8451	-0.3197	1.2952	-0.0965	0.2842	0.1018	1.7380	-0.5870	-0.0607	-0.1925	0.6986	-0.4709	-0.9399	1.2342	0.6506	-0.7688	-0.0097	0.3359	-0.7984	0.1415	-1.8683	-0.4771	0.9235	-0.8317	-1.1500	0.7332	-0.8500	1.8913	0.3346	-0.9652	-1.4661	0.9341	0.4683	0.8575	-1.8658	0.6762	-0.7578	0.1010
-0.6415	-0.6360	1.5076	-0.0904	-0.6131	0.2076	1.4858	-0.8747	-1.1418	-1.8366	-0.4887	0.9642	0.1334	0.5029	0.1383	-1.5271	-1.1781	-1.3830	-0.4578	-0.9092	0.2340	-2.5304	0.7716	-0.6904	-1.9875	0.5289	-1.9641	-0.8959	-0.0055	0.8102	1.7694	-0.8916	0.3767	1.0887	1.0254	0.1052	0.8763	0.8087	1.1817	0.2012	2.5057	-0.0998	0.8290	-0.1546	0.0425	-2.0659	1.6413	0.2112	0.1392	-1.7573
3.1155	-0.0459	-0.3467	1.0216	-0.1417	0.9336	0.8687	-0.1140	-0.8500	0.5291	0.5823	-0.0380	-0.0036	2.0361	1.1493	-0.3619	-1.6929	-0.9734	1.1281	0.9399	-0.4631	1.3419	-0.3052	2.0432	-1.6055	0.4000	-0.3432	0.3666	1.2327	-1.5305	1.3878	-1.1877	-2.3016	0.4761	0.7485	-1.1190	-0.2288	-1.3041	-0.9259	0.7200	-0.6248	-0.3330	-0.4190	0.7566	-0.7533	0.0434	-0.4920	0.4440	0.4933	-1.0137
1.0498	-0.0231	-2.3191	0.5839	-0.7812	-1.2107	0.2891	-0.3558	0.0059	0.0729	-1.4844	-0.1960	0.6956	-0.4853	1.3788	0.0963	-1.4175	1.6701	-0.7529	-0.0916	0.5675	0.6324	-1.8632	0.0171	-1.5264	0.4953	1.6172	-0.6459	0.6555	-0.3284	1.5995	-0.2191	0.0936	0.7847	-0.3469	0.8023	0.4121	-0.3583	-0.2002	-0.7720	-0.9627	-0.4498	-1.4332	-0.9546	0.0725	-0.4256	0.0988	-0.8678	-1.6531	-0.7358
0.6140	-0.1898	-1.1619	1.2136	-1.6697	1.4166	-0.8015	0.5910	0.0910	-0.7749	-0.4397	0.0757	0.4548	-1.6120	-0.2528	-0.3050	2.0181	-0.6168	0.5287	-0.1706	0.3987	-0.1647	-0.9609	2.0394	0.3435	0.5270	1.2587	1.3609	0.6611	-1.8556	0.7680	-1.0902	1.2386	-0.4254	0.3665	-0.4170	0.0627	0.9409	0.2236	0.7991	0.0709	0.5539	1.1083	-0.5015	0.4565	-0.0990	1.5328	-0.8118	0.3733	0.6248
-0.7827	1.2961	-2.3682	-0.1591	-0.8935	-1.1079	0.5759	-0.4721	2.9957	-0.4065	-0.0850	0.3597	-0.1734	-0.7790	-0.1333	0.4191	-0.9649	0.1184	0.0194	0.0655	1.4993	0.2614	0.8260	0.3616	0.1693	-1.0186	0.2459	-0.4574	0.2115	-0.3034	-0.2788	-1.0248	-1.7038	-0.6203	-1.0967	0.2549	-0.2562	-0.8067	-0.0256	0.6592	-1.4536	-0.2837	-1.0342	0.2815	-1.2003	0.9414	0.5446	0.4654	-0.0457	-0.4885
1.4123	0.0991	0.3709	0.6197	-0.8853	-1.6972	0.3721	0.5922	-0.1126	0.7769	-0.7154	0.1863	-0.2981	0.0786	0.0811	1.4681	1.1410	0.5029	-1.3198	-0.8696	-1.4647	-0.6764	-0.1108	-2.9301	-1.2161	-1.2028	-1.6216	-0.4762	-0.7403	-0.4908	0.6765	-0.8163	-1.4531	1.2802	0.2491	1.4924	2.5907	0.4308	-0.2940	-0.3320	0.8567	-0.5286	1.0836	2.1293	-0.3061	0.0981	0.8267	-0.8428	0.0658	-0.7987
-0.1709	0.6273	0.1773	-1.2210	1.3798	-1.7284	-0.4952	0.8484	-0.2935	1.1247	0.6192	0.8856	-0.0490	0.2443	-1.3179	0.5733	0.2692	-0.4935	0.4853	-0.5488	0.6061	-0.0589	0.5807	0.4227	-0.9985	-1.2021	-0.5106	-1.7922	-0.8482	2.5613	-0.1651	1.4206	-1.6118	0.2235	0.8841	1.8975	-0.3341	0.1715	0.1474	1.3086	0.3745	2.0034	0.2052	-0.4657	-0.5639	-0.3072	0.8925	0.6966	-1.4714	0.4276
0.4397	0.7156	-0.3054	-1.4578	1.0258	1.5761	0.0842	-1.2738	-0.7127	-0.2392	-1.5312	0.1444	1.0915	-1.2555	-0.2907	0.8997	1.4116	0.0078	-0.1626	0.4911	-0.0963	-0.1190	0.8322	-0.4264	-0.0215	-0.9946	2.1060	0.6410	-0.5601	0.9896	0.7753	0.3643	0.3291	0.0103	0.1580	1.0376	0.1533	0.5219	0.0311	1.0702	0.4901	0.8042	0.3341	-1.9045	-2.6481	0.2802	-0.2025	0.4201	0.5771	-1.2388
-0.0686	0.8893	0.7681	-1.0298	-1.2829	-0.1963	-0.6853	-0.6025	-1.5034	-0.1788	-0.5026	-0.5035	0.8435	0.4196	-1.4476	-2.1247	0.1986	-1.8763	-0.3516	-0.7753	2.7940	-0.1199	-0.3679	0.8854	-0.9694	0.0331	0.4353	0.7691	-0.7834	-0.4321	-0.0458	0.2212	0.4173	0.8217	-0.9186	0.4468	-1.8939	0.9608	0.4658	0.9661	-1.7940	1.0069	0.4839	-1.0811	1.8448	-1.6850	-0.6370	0.4124	-0.1158	0.4084
-0.6187	0.2847	-1.5317	0.4905	0.7906	-0.7598	1.0999	-0.6018	-1.4802	0.6988	-0.1674	-0.2790	-0.6791	-0.5681	-0.2247	0.4335	1.0774	0.4854	-0.6006	-1.4683	-2.1738	0.9525	-0.4478	-1.1754	0.8835	0.2627	1.1884	-0.0066	-1.0607	-1.9951	0.1345	0.6074	-0.5177	-0.3194	0.7189	0.1641	-0.0450	0.7058	-0.9142	-0.2860	-0.5453	-1.8061	0.2426	-1.8602	-0.5696	-0.2318	-1.6137	-0.4735	-0.0027	0.0024
-1.1954	-0.5768	-1.5392	-1.9625	-0.7868	-1.1570	0.4567	0.1330	-0.1119	1.0203	0.4899	-0.6215	1.2517	0.7612	2.0721	-2.2934	0.4852	-0.2085	-1.2225	-0.7461	-0.9878	0.6290	-1.3837	0.2040	-1.2275	-1.1748	-0.4860	2.0221	0.5135	0.4727	0.4680	0.9645	-0.0232	0.4886	-0.6524	-0.9921	-0.6933	0.5362	-0.7915	-2.5257	0.3907	1.4017	-1.2456	-0.4484	0.0863	-0.1661	0.2576	-0.5468	-0.4761	0.7078
1.0503	0.8408	1.1046	-0.5648	0.2768	-1.8688	-0.3935	-0.5823	-0.2645	0.4377	0.4026	-1.5086	0.1292	1.9951	0.2511	-0.7726	0.9022	-0.2222	-1.7275	0.3184	-0.1672	-2.1037	-1.5659	-0.8913	1.3846	0.8363	0.8966	0.1821	-1.0611	-1.7982	1.4619	-0.7752	-1.0608	-0.2477	0.8298	-0.8559	0.6261	-1.3281	-1.0285	0.6822	1.8139	-0.3471	-0.4353	-0.6057	-0.3125	0.0455	2.3346	-0.7287	-0.2966	0.8959
0.9284	1.9733	1.0833	0.0183	-1.6134	0.6247	1.9920	1.0427	-0.1836	0.5045	-0.0685	0.3946	-1.4099	-0.4671	1.6532	-0.0354	-0.3570	1.1012	-1.8991	2.3770	0.4075	-0.8604	-0.3315	-0.6124	-0.5728	-0.7132	-0.5606	-0.4791	0.2192	-1.8718	-0.1777	-0.0827	-1.1907	0.6308	-1.9083	-2.2029	-0.6047	0.3259	-0.7948	-1.4350	1.7564	-0.7541	-0.4680	0.4639	1.1741	-0.3354	-1.1294	-2.5008	-1.8981	0.0808
-2.0272	-0.7637	-1.0234	2.2514	0.5392	0.6033	-0.0431	-0.6629	-1.8393	-0.2680	-0.0507	1.3692	-0.6629	1.3627	0.6946	-0.3521	-0.3790	2.3840	1.3092	1.0754	0.1406	-0.2968	-1.6387	-0.5383	1.4147	1.5874	1.1184	-0.3805	1.2680	0.6066	1.0192	-0.9087	-0.9184	-1.4344	-1.2582	0.4389	-1.7534	2.0474	-0.7013	-0.4734	-0.3214	0.5178	-1.8594	1.6893	-0.3321	1.7062	1.4624	-0.6853	-1.4075	-1.5479
-1.9208	-0.7940	-0.3017	0.2559	1.7716	-0.5882	-0.4757	-0.3190	-0.6743	-1.4961	-0.6382	0.4753	0.2449	0.7495	-0.0636	0.2189	-0.1458	0.6042	0.5952	0.6574	0.2347	-0.6476	1.7095	-0.2944	-1.1655	1.2736	0.7371	0.5845	-0.6247	-0.5031	0.0827	-0.4076	1.1392	-0.2631	0.9463	-0.5547	1.0337	0.3607	-0.8883	-0.3293	-0.1605	0.0203	-0.2862	0.1404	-1.0690	-1.0778	0.3832	1.2986	1.3986	-0.3385
0.0725	0.4156	0.5455	1.2426	-1.5142	1.0275	-0.8645	1.0741	1.7537	-0.0543	0.5993	-0.0106	-2.2207	-1.0973	-0.1598	0.4564	0.3411	-1.9959	0.1325	-0.5545	-0.3424	0.1972	-0.2337	-1.0271	0.2407	0.5521	1.1077	1.8138	-1.1274	0.1970	-0.2085	-1.9618	-0.5251	-0.6583	0.4379	-0.1107	-0.0774	0.8353	0.9053	0.5706	0.3607	-1.4621	-1.2701	-1.0245	0.8338	1.2185	-0.4465	-0.6894	-1.2131	0.0331
0.0707	2.2513	0.2303	0.1490	-1.7066	-0.5954	0.6028	-0.6878	0.7939	-2.1629	-0.1591	-0.7871	0.8902	2.2855	0.6050	-0.6132	0.8770	0.2647	1.1973	-0.3959	-1.3492	-0.7737	-0.5498	-0.7637	-0.9334	-0.5539	-0.7742	0.6936	1.3076	-0.7981	0.3357	-1.0500	-0.7490	0.8690	-1.9525	1.0137	-1.3141	-0.8620	0.2225	1.1229	-0.3750	-0.1234	0.2288	-0.9109	1.4923	-0.0037	-0.5972	-0.1385	0.3817	-0.2993
-1.3561	-0.3689	-0.3789	0.3982	0.5221	-0.5369	0.9686	0.1548	1.6582	-0.4645	0.3709	-1.1370	0.2929	0.4439	-0.3878	-0.1911	0.5421	-0.9970	0.8029	0.7363	-0.1174	-0.5343	0.4656	1.5429	0.2972	0.5045	0.0156	1.0681	-0.8490	0.9336	0.2672	0.5107	-0.1486	1.5269	0.2700	-1.6560	-0.2813	-1.1398	-0.3519	0.4542	0.2322	1.8124	-0.8572	-1.0179	-0.3618	-0.3249	-0.8254	-0.3521	0.6853	-0.0531
-0.2071	0.3729	-0.6797	1.4056	0.7548	-0.9688	-0.6040	0.7041	0.8597	0.2702	0.0608	0.0759	-1.2611	-1.2948	1.2395	0.1400	-0.8588	0.5229	1.4088	-0.5387	0.2114	-1.4994	-0.1484	0.6110	0.9162	-0.0530	-1.0179	-0.2677	-0.0451	-1.3858	0.3188	0.0965	-0.7427	0.8901	-0.5865	0.7699	-1.6237	2.0030	0.0392	0.2784	-0.0201	1.4955	-0.9725	1.9201	1.1528	0.5115	-1.4317	0.6032	-0.2446	-0.7251
-0.2566	-0.2953	0.8212	0.5702	-0.3481	-0.4674	0.9541	1.5437	1.2338	-0.0860	0.5786	-3.4711	-0.2736	-0.2717	0.4856	-0.0307	0.8891	-0.5067	0.0612	-0.2585	0.8257	-0.3762	1.2976	0.4487	0.4800	1.1386	-2.5261	-1.5287	-0.9104	0.8962	0.6172	-0.3361	0.3882	-0.8826	1.1774	-0.1183	-0.8384	0.2288	1.0334	-0.6264	-0.8329	-0.8218	0.6486	-0.9415	-0.0801	0.9555	0.1180	-0.4286	-1.0696	2.4000
-0.5378	-0.3876	-0.2462	0.6955	-1.2612	-0.6834	0.8121	-1.3917	-1.4202	1.4059	-0.4059	-1.4997	0.9583	0.5923	0.3291	0.9580	1.3173	-1.0642	1.3962	1.4236	0.6255	0.0101	-0.3201	1.2638	-0.2083	-0.7832	-0.6413	-1.6791	0.6145	0.4789	-0.0687	0.4227	-0.8530	-0.3787	-0.4560	0.0356	-0.2250	1.0161	-0.8221	0.4948	0.6370	0.7748	-0.5554	-0.6789	0.2894	-0.6777	0.0910	0.1764	-0.0735	1.0207
0.7273	-0.5345	-0.1791	-0.7426	1.0294	0.8444	-0.7965	-1.4194	-1.4270	-1.2141	2.2706	0.0024	-0.6754	0.0347	1.6742	-0.4174	0.3967	-0.2727	1.1490	-0.5254	0.1313	0.8075	-0.2082	-0.9965	0.5153	0.9048	-0.6671	0.7416	-0.4448	0.8165	-2.0200	1.2488	0.6233	0.2275	0.4555	-0.7974	-0.6577	-0.3031	1.2808	-0.0486	-0.0475	0.5729	-0.9040	-1.7256	-0.1681	-0.4935	-1.8693	0.2037	-0.9342	-0.2403
1.6528	-1.2186	-0.6361	-1.5069	-0.1434	0.5053	0.4846	0.2578	1.3476	0.4585	-0.8052	0.5798	-0.7664	-0.1107	-1.2853	0.3087	0.1715	1.3112	-0.2264	0.6959	-0.0442	1.4042	0.9289	0.5888	1.8470	-0.0569	-0.9438	0.3999	0.3098	0.3880	-0.7601	-0.3401	-0.5294	-1.2180	-1.4297	1.9856	-0.2879	0.0960	0.0220	0.4913	0.5206	0.8819	-0.8885	1.2997	1.8421	-0.4379	-0.1143	-0.0910	-0.6750	0.7964
0.2079	1.3992	-0.8156	-2.3832	1.1003	1.3314	1.6194	-1.0268	0.3160	-0.6046	0.8058	0.1507	1.8294	-0.8656	-0.1395	-0.7996	0.5069	-0.5964	0.1616	0.2104	0.3097	-0.7084	0.5548	0.0593	-0.7561	-0.2729	1.5209	-2.0124	-1.5014	-0.3447	-0.4668	-0.3335	0.2993	-0.9448	-0.8437	-0.3961	0.5264	1.4117	-0.1810	-0.2474	2.9480	-0.7163	1.6854	-1.7388	-0.0121	-1.7704	0.4474	-0.6761	-0.3391	-0.9906
-1.0710	0.7132	1.6542	-2.0152	-0.2136	0.6123	1.0094	0.1713	-1.2139	0.7135	0.0170	-1.4430	-0.0396	0.8731	0.1402	-0.1094	1.1452	0.6805	0.5297	-0.2797	-1.5635	-1.2934	-0.1979	1.3094	1.2024	1.1919	0.3059	-0.7397	-0.5592	0.4860	1.4384	0.9523	-0.3207	-0.3851	0.6080	-0.9457	-1.6045	1.1902	-0.8293	-0.3967	0.8597	-2.4440	0.0916	-1.0509	0.1595	1.4476	-1.9283	1.4934	2.1925	-1.4340
0.0319	0.5497	-0.7467	-2.0896	-1.0755	-0.8607	-0.9547	0.0109	0.5938	-0.3723	-1.3630	-1.1562	0.4752	0.7543	0.9819	0.2310	-0.4055	0.8606	0.7360	-0.8910	1.3847	0.7202	-0.2060	-0.0562	1.7137	0.2853	-1.5559	0.5936	-0.7347	0.2507	1.0356	-1.3774	-0.4552	-0.3287	-1.9650	-1.1631	-0.8850	0.1638	0.4593	0.6002	2.2596	0.3069	0.6755	0.1492	0.6457	0.4530	0.6416	0.8108	1.1033	0.0454
-0.4412	1.7309	0.1593	0.0240	-1.0328	-1.1396	-0.5984	0.4304	-0.0295	0.9589	0.6969	-0.3342	-0.1084	-0.2341	-0.1728	-0.6989	-1.2877	-0.2184	0.4697	0.5238	-0.3051	0.3046	0.3093	0.1240	-0.2778	-1.1306	1.2069	0.7886	-0.1531	-0.5549	-1.3672	0.9995	1.5986	-1.5619	2.2525	0.2437	-0.8249	-0.5799	-1.6471	-1.2994	-0.0109	-0.7082	0.8244	-1.3141	0.0373	-0.4072	0.1714	0.5465	1.5535	0.0270
-0.9365	-0.8930	1.3402	1.2750	1.2668	0.2630	0.5844	1.6696	0.9617	-1.1732	-0.0566	1.0889	-2.6089	-0.4192	-1.7966	1.1999	-1.1201	0.2883	0.3199	0.4729	1.4481	-0.7610	-0.7565	-1.3096	-0.7936	0.5275	-0.7607	-0.9665	-1.5264	-1.1047	0.4304	-0.0614	-0.5465	-0.9309	-1.1382	-0.3975	0.6204	-2.1532	-0.9108	1.2283	1.7773	0.7207	-0.8668	-2.3878	1.7955	1.0535	0.5102	-0.6899	1.2271	1.7495
1.2144	-0.1326	1.0754	0.1367	-1.9943	0.9749	-0.4813	0.5123	0.4426	-1.9900	-0.0363	0.5963	-1.0415	-2.0268	-0.1709	-1.3191	1.8384	-1.1571	-1.2379	0.0185	-0.6699	-0.4003	-0.6769	1.1536	1.4050	-1.0095	-0.7503	0.8939	1.0642	-0.8198	1.1239	0.7221	0.1665	-0.6484	-1.5059	-1.1632	-0.1507	-1.5080	-0.6803	-0.7888	-0.6268	0.1464	-0.8566	-0.7413	-1.5500	-0.7842	-0.8068	0.3159	-1.2834	-0.3784
-1.8079	0.6897	-0.9646	-0.0123	0.8777	-0.3235	1.0248	0.8820	0.0095	1.3383	-0.0746	0.4230	0.5208	-0.8819	0.9402	-0.0034	-0.1085	-0.8298	0.5556	-0.6947	-0.5798	0.3150	-1.3664	-0.5137	-0.1094	-0.2557	0.1791	1.0827	0.0504	-0.0468	-0.9534	-0.2983	0.0245	0.7161	0.6844	-1.0126	0.4497	-0.5741	-0.4018	-1.0993	-0.8885	0.0418	0.8793	-1.3039	-1.9748	-0.4512	0.4187	0.6592	1.4904	-1.4306
0.6034	-0.6098	1.3395	0.5978	-0.7851	-1.0206	-0.8847	0.2807	-0.2099	1.6297	-0.4811	1.3746	-1.4151	-1.1758	-0.3563	0.5398	0.0393	0.2426	-0.1659	2.1618	1.1023	-0.4024	-0.9183	0.1042	-0.6011	-0.7203	1.9398	-1.1625	0.6869	-0.2009	-0.2760	-0.4028	-0.8848	-1.6305	-0.0291	-1.4062	-2.5080	1.7739	-1.2804	1.0958	-0.0214	-1.0350	-1.0327	-0.4438	-0.8507	0.9843	-0.0051	1.2534	-1.3881	1.5342
-0.1252	0.2525	1.0725	-0.2158	0.5299	2.3855	0.4210	0.9268	0.3625	-0.9391	-0.6480	0.9287	0.6250	0.8221	-0.1981	-0.2471	1.7672	-0.5865	-0.9498	-0.5442	0.3031	-0.3101	-1.4713	-1.3338	0.5958	-1.2438	-0.8531	1.0356	-0.7376	-0.8964	0.7107	1.1456	-0.4060	-1.2501	-1.0363	1.9455	-0.6558	-1.2019	-0.9275	-0.2231	2.0156	0.5334	1.1785	0.7590	1.3137	0.6118	0.7067	-1.2078	-0.0585	-0.5283
-0.3794	2.0254	-0.3785	0.2120	0.9880	0.5367	0.8793	0.6615	-0.9501	0.9101	-0.8252	-1.4651	-2.3455	0.4063	-0.7426	-1.2602	-0.1380	-0.6710	0.1377	0.9657	-0.5645	0.3716	1.8472	1.3589	0.9895	0.9454	-2.0809	0.3752	-1.4744	-0.3749	0.6355	1.6273	0.3075	-0.5906	-1.6023	1.8419	-0.2715	-1.5021	-0.0490	2.6194	-0.1168	0.3797	1.6286	-0.4144	-0.4229	0.4036	0.6736	-0.1697	-1.4607	-0.3039
-0.6320	-1.2333	-0.5088	-1.8043	0.8425	0.5774	-0.8141	0.3563	1.9785	-0.9952	2.3219	0.9947	-0.3011	-0.4890	1.6173	0.7800	-0.0225	-0.3561	-1.0558	2.0713	-0.4565	-1.6543	-1.8630	1.2151	2.6257	0.1283	-0.5933	-0.8357	-0.3755	-0.8829	0.0527	-0.4863	0.0988	1.4584	0.2994	0.1219	1.6307	0.8181	0.8994	-0.3932	-1.0727	-0.6956	1.6694	-1.0598	0.7003	0.4085	-1.8605	1.4729	-2.0714	0.7614
-1.7081	0.2575	-0.0836	0.4367	-0.7635	0.8877	-0.2767	1.7282	0.9385	-0.7869	-0.9184	-0.1151	0.6071	-0.3002	1.3009	-0.2162	-2.7820	-0.6519	0.6839	1.1790	0.1742	0.2621	-0.0122	-0.3993	-1.0300	-0.9651	-0.8778	1.0894	0.2648	-1.2987	-2.0063	-1.0970	1.0328	0.3474	-2.4908	-0.9029	0.9031	1.0895	0.7861	-0.6128	0.1884	-0.7380	0.7667	-0.8858	1.4599	0.5436	-1.8216	-0.3077	-0.2364	2.1259
-0.8356	-0.2705	1.0965	-0.0114	-0.0817	0.6353	-0.2789	-0.0719	0.6255	0.1278	-0.0349	-1.0516	0.5482	-0.3676	-1.4903	1.3620	1.5132	-0.1986	-1.0593	-0.1923	-0.4523	-0.8802	0.2758	-0.3152	1.2803	-0.4825	-2.0021	0.9477	0.8903	0.0578	0.6909	-1.5012	1.0718	1.0825	-0.8040	0.3797	0.7112	-0.5467	-1.6183	-0.0143	-0.8797	-0.5632	-0.4916	-0.1453	-0.4619	-1.7639	-0.8761	-1.7680	1.7211	2.4472
0.4014	0.5990	0.2511	-1.0923	0.7525	1.9044	-0.2386	0.9711	1.0306	-0.1878	-0.8078	0.2733	0.3548	-0.5937	-2.0166	0.5280	-0.6484	0.3015	0.4468	-0.9373	0.4248	0.5021	0.9885	1.0871	-1.0809	-1.9913	-1.0561	-0.6570	0.1916	-0.5851	1.5294	0.9483	-0.1941	2.1701	-0.0322	-0.4050	1.0544	1.5343	-0.3034	1.6341	-0.6613	0.1893	1.0609	-1.5755	-1.3174	0.9368	-0.6213	0.5363	-0.0867	-0.4061
-1.2052	0.0111	0.1760	-1.8596	-0.2048	-1.0854	-1.5432	-0.9925	-1.1230	-1.1017	-0.1407	1.2921	0.2761	1.5378	-0.6129	1.5462	0.4180	0.6665	0.5639	2.7749	-0.8241	0.3027	-0.9771	1.8130	-0.1331	0.4144	1.5169	0.7631	0.6640	-0.5661	0.6205	-1.6067	-2.1581	0.3759	0.6794	0.4882	0.1057	0.4094	-0.9478	-1.3899	0.2132	0.8326	0.3193	2.0835	1.7019	-1.8532	0.9671	-1.7029	1.8816	-1.2627
0.8019	-1.6955	0.8592	0.3908	1.4854	-0.1184	0.7951	-0.5151	-0.1921	0.8409	1.9773	-0.7455	0.1061	0.0567	1.4733	1.1265	-0.6970	0.7908	-0.6506	-0.8501	-0.3413	-0.3705	-0.3204	0.2313	0.6932	1.9241	0.0364	1.8482	-0.3855	-0.0521	-0.0888	0.4003	-0.1393	-0.9957	-0.2453	-0.0912	0.1421	-1.9235	-0.1942	0.9750	0.8050	-1.0886	0.0238	-0.6916	1.1879	-0.2805	1.3610	0.0211	-1.2389	-2.1356
0.7630	0.1314	0.8578	-0.8024	0.8696	-1.1699	0.5816	0.4531	-0.8258	-1.1155	0.8115	1.2707	-0.7512	-0.6967	-0.1592	-0.8784	-0.7571	-1.8626	0.0835	-0.5196	0.0423	-0.1986	0.8473	-0.1940	0.7137	-1.4971	1.0481	-0.9829	-0.4374	0.1456	-0.0428	-0.3063	0.9606	-1.7729	-0.5911	-1.4559	0.8951	1.2633	0.4302	-0.6184	-1.4755	-1.5146	0.0205	-0.0037	-1.8705	-2.0003	-1.7965	1.3160	1.0085	2.0236
-0.7033	0.6567	-0.1467	0.0672	-0.9955	1.6457	-0.7866	0.4298	-0.2047	0.2347	0.1658	0.1254	-0.7421	-1.9553	0.7126	-1.2219	-0.5857	1.0355	-0.0555	2.0122	-1.2357	0.2841	-0.9750	0.2075	0.4532	-0.1443	1.1939	0.8544	-0.5858	-0.0259	-0.3796	-0.3977	0.6725	0.9931	0.5203	2.0949	1.7444	-1.0465	-2.8648	-0.9657	-1.2141	-0.2517	-1.6251	0.6058	-1.0968	-3.0190	0.3838	-0.2391	0.3127	0.1780
0.9432	-1.4101	-0.8106	0.5902	-0.1215	-1.3772	0.0789	-0.8736	-0.0829	-0.5931	0.9464	0.7750	0.4912	-1.9852	-0.2358	0.3915	0.8563	-1.0705	0.4918	0.1938	-1.1496	0.3491	-0.2275	1.1150	-0.4905	0.9963	0.4289	1.2392	-0.7050	-0.2222	0.7680	1.1998	0.1559	-0.0279	-0.1707	-0.1277	-0.1759	-0.1478	0.7970	1.5601	0.1881	0.6546	-1.2325	-0.6147	0.2449	-0.2529	0.1820	2.4435	-0.4855	-0.3322
-0.4907	-0.8461	-0.3417	0.7983	-1.3540	-0.2795	0.7506	-0.2630	0.1105	-1.0461	-1.2521	-0.3513	-0.1479	-0.2000	-0.1196	0.3225	0.5088	2.1763	2.0600	1.3766	-2.4005	-1.7938	1.0734	1.1280	-1.4729	-0.9794	1.5300	-0.8002	-0.7971	-0.1855	0.6505	-0.0239	1.6834	0.4293	-0.5440	-0.1160	0.0932	0.3670	1.7261	1.7043	-1.7334	-0.2386	0.1054	0.9361	-2.4059	0.0102	0.0700	0.0273	-1.7300	-1.0795
0.8616	-0.5484	0.4557	0.0968	0.6369	1.4270	0.0147	1.2683	0.5080	1.3275	-0.3553	0.3115	-1.0730	0.4724	0.4250	0.2802	0.3562	-0.3734	-0.0906	1.0146	0.9155	1.1040	-1.4048	-0.5564	-1.1406	0.5329	-1.4863	0.0459	0.3590	-2.0246	0.1738	-0.0815	1.6600	-1.2692	0.7390	0.7442	0.6770	-1.6188	-0.9476	0.5089	-0.1813	0.9376	0.2218	-1.2183	-0.4720	0.1599	0.3125	0.2623	1.3054	0.9824
-0.2337	-1.9087	0.7561	0.9283	-0.9926	-1.0153	-1.0424	0.1396	-1.3280	0.1655	-0.8588	0.3060	1.0727	-0.1380	-2.7511	1.2371	-0.6149	-0.0418	-0.3661	-0.7268	2.0879	0.4662	1.5347	-0.3351	-0.0487	1.0249	-0.5273	-0.8558	-1.9924	0.0287	-1.4479	-0.4883	-1.8557	-0.9640	0.4598	0.8032	-0.2336	0.9922	-0.4586	-1.1149	-0.3999	0.6717	1.3839	-0.0203	-0.7511	-0.3901	1.3355	1.6923	-0.2673	-0.9492
0.5265	1.2179	-0.7955	0.1996	1.4502	0.8526	-2.0583	1.2695	0.5113	-0.6640	0.5572	0.2658	-1.6764	1.6556	-0.0347	0.2120	-1.0472	0.0678	-0.8168	-0.7187	2.0014	-0.7499	-0.3073	-0.8007	-1.6248	-0.5571	-1.4587	-1.0194	1.6582	-0.1365	-0.3443	0.4673	-0.5972	1.5400	1.3851	0.8700	-0.4103	-0.0892	0.1709	0.4862	0.1637	-0.0991	-0.8510	-1.0127	-2.5811	-0.1149	-0.1712	-0.5331	0.5406	1.2146
1.0867	1.1355	1.0319	0.4113	-1.3533	1.1337	0.9272	-1.2712	0.7722	-0.3241	1.3809	-0.4037	0.9829	1.9869	-0.8972	-1.0291	-0.1132	1.3632	-0.8012	0.4937	-0.4064	0.0765	-1.1775	0.1570	-0.0940	-0.5748	0.3989	-0.7243	-0.8421	0.9991	-0.4017	-1.5145	-0.3920	1.1510	-0.1473	-0.2612	-0.6626	0.9811	-0.3303	1.6178	-1.5688	0.7190	1.4083	1.9806	-1.5610	-1.6808	0.0664	0.2006	0.3373	-0.7452
0.3471	-1.3549	0.0497	-0.3443	0.3870	-1.5406	-0.7553	2.5595	-0.4988	0.5424	-0.3831	-0.8806	-0.2988	-0.7708	-0.3764	-3.0117	-0.0717	-0.3168	0.4197	1.9026	1.0065	0.8751	1.0694	-0.4277	1.3915	-0.2025	-0.8596	1.0601	0.1200	-1.3561	0.5517	1.1911	0.1461	-0.7259	-1.2651	0.7725	2.2275	-0.1230	1.7162	0.9892	-0.1635	0.8995	-0.9396	0.7809	-0.6203	-1.1313	-0.6309	-1.2237	-0.4388	0.6157
0.3198	1.1972	1.4968	0.3118	0.8396	0.1909	0.0172	-1.3002	0.1923	0.4533	1.0787	0.9293	-0.3671	-1.6338	-1.8263	1.0787	-0.6637	-0.1149	-0.9685	-0.1687	-0.8887	0.5132	1.2964	-0.2763	-1.9591	-3.1221	-0.2811	-1.3248	0.8565	-0.7661	-0.6346	1.1622	0.3829	-0.0005	-0.1092	-0.1599	1.6396	0.4724	0.5398	0.3674	-1.4953	0.2634	0.4012	0.1342	-0.2911	1.1955	-0.1537	0.1335	-1.1028	-0.5639
-0.2391	-0.4279	-0.2366	-0.6499	1.0743	-0.0874	-0.8933	0.6219	0.9272	-1.5667	0.1461	0.2160	-0.7558	-0.4318	0.5934	-0.2796	1.1389	0.0039	1.1184	1.0542	0.0136	1.1131	-0.5857	0.6318	0.0887	-1.0891	2.1107	1.0932	0.6055	0.8032	-0.8645	1.6012	-1.6896	1.2012	-0.0606	-1.4362	-0.7623	-0.6795	1.6865	-0.1333	1.1334	1.1428	-0.8778	0.5480	-0.4224	-0.1859	1.8356	-0.7824	-0.2261	-0.2066
0.6958	1.2587	0.5433	-0.6059	0.4265	-2.3469	0.1499	-0.0951	0.4123	-0.0048	-1.5695	-1.0568	-0.0824	0.1331	-0.2420	0.3897	-1.6498	-3.4048	-0.2517	-1.4004	1.1452	0.7266	-0.4275	0.3597	-0.4179	-0.9325	0.6714	0.6219	0.2239	-0.0810	0.5456	0.2609	0.1841	0.2266	0.9780	0.2493	-0.2485	0.8088	-0.5067	0.2165	-0.3698	-1.0880	-0.6848	-0.0180	-1.0350	-1.3229	-0.1411	1.5339	-0.8278	-0.4191
0.4111	1.0702	-0.9541	0.2589	-0.5219	-2.0513	0.5245	1.3990	-0.4735	0.6953	-2.3085	0.6042	-0.4490	0.0065	0.4649	-0.7546	2.1421	-0.0993	-0.9336	-0.3246	-0.4609	-0.3547	-0.9272	1.7674	0.1780	0.6746	0.5212	0.6041	0.1926	-1.8069	-0.4817	0.4003	0.2013	-0.3986	-2.1628	0.5012	0.7650	0.4354	0.4841	0.5220	0.9507	-0.7803	0.4573	-0.3659	1.0880	0.0954	0.7475	-1.1126	-0.9707	-0.3388
0.6392	-0.1655	0.5090	-0.6504	-1.7464	1.0883	0.4750	1.9394	-1.5042	-0.5997	-1.7514	1.0548	-2.6610	0.1312	0.1804	0.4033	-1.2800	0.2899	-0.6286	-1.5239	-0.6499	1.0736	-0.5224	0.2134	1.5380	-1.4728	0.8904	0.4839	0.1709	-0.7831	-0.9139	-0.1479	-0.2944	0.2436	-1.1978	-0.9599	0.2395	0.2796	-0.2911	-0.1534	-0.8372	-0.8377	1.6128	0.6393	1.2671	-0.1552	0.7929	-1.1863	-0.4604	-0.7347
0.3759	0.4707	0.3781	-0.2075	0.9064	-0.0039	-0.8736	-0.8862	0.2139	-0.3230	0.0194	-0.2996	1.1866	-0.2269	-1.1176	0.1042	-1.4591	-0.8318	-0.9223	-1.6382	-0.6597	0.0385	-0.3617	0.6671	0.8727	-0.1290	0.7666	-0.3593	1.9526	-1.7094	-0.4061	-0.1917	0.9912	1.1100	-0.1305	-1.9492	-1.4274	0.5215	1.7154	-0.6375	-1.0202	-0.1943	-0.7487	1.1149	-0.4777	2.4077	0.2019	1.7404	-0.4757	-1.1674
-0.5803	-2.8673	1.1530	-1.6527	1.5070	-0.1910	0.0288	0.1641	0.6447	-0.6952	0.2613	0.3045	1.6443	1.0277	-1.6672	0.4438	1.8006	0.3910	-1.1666	-2.2332	0.2172	0.4198	-1.4265	-0.7793	0.0995	1.2234	-0.7656	0.0217	-1.3208	0.5633	-0.5212	-0.1017	1.9605	0.0658	-0.6765	0.0207	-1.4083	-0.0198	-0.8682	0.7585	-0.7805	0.2465	0.0326	-0.9066	1.2310	0.0875	-1.7230	-1.3994	-0.6251	-0.0786
-1.0389	-0.0730	1.7032	-1.5708	2.2559	0.6124	-1.1662	-1.4431	0.6358	0.1382	-0.5326	0.0286	1.1930	-0.7560	0.7680	-0.6035	1.2891	1.8892	0.9764	-0.8896	-1.4184	0.9467	1.0374	1.2614	0.6725	0.2228	0.1946	1.1029	-1.7982	0.5476	-0.4381	0.4781	0.9763	1.3916	0.2267	-0.5963	1.2011	-0.1854	0.3077	-0.5200	0.3866	-1.6353	-2.1262	0.0335	-1.3074	0.0764	-0.7935	-0.9034	0.3311	-0.6355
0.3720	0.7592	-0.3440	-0.1258	0.5719	0.5543	0.2144	1.2386	-0.3033	-0.1660	1.0983	-0.2939	-0.0538	1.6952	0.7610	1.1971	-0.2864	0.7029	0.8926	0.7458	1.3724	0.4202	0.6263	0.4682	-0.6973	1.4365	-0.3032	-0.3335	0.1255	-1.4252	0.8973	1.6515	-1.0906	-1.5914	-0.0152	-0.4585	-0.8561	1.2707	-0.6158	0.7281	0.1429	1.5483	0.3656	0.7388	0.6737	0.0316	1.1081	-0.5635	0.4046	0.6781
-0.2125	-1.3855	1.2088	0.4430	-1.4806	0.3134	-0.3850	-1.3360	1.1183	0.2591	1.3059	0.2306	0.5239	-0.4589	0.4277	-0.8975	-0.5387	0.4080	1.5997	-1.2788	1.8216	-1.4435	-0.4855	-0.1898	0.5264	-2.0927	0.8660	0.5119	0.3719	1.9138	0.5613	-1.1872	-0.9832	0.8766	2.2983	-1.9000	-1.8219	0.6575	-1.0455	0.0201	-0.2991	0.5201	-2.3651	0.7179	0.1011	1.5929	-0.2765	-1.8815	0.3044	0.4532
0.6485	-1.4092	-1.0836	-1.1487	0.6956	-0.9695	0.2875	-0.3903	-0.0536	0.2672	1.7656	0.5771	0.2506	-0.6587	0.0269	-0.7649	-0.5977	-0.9746	0.7960	1.1463	0.0092	1.5640	0.2083	0.7668	0.3293	-0.3482	0.5074	0.1250	0.6222	-1.3918	1.1494	-1.1621	0.0276	-0.8011	0.8127	-0.1048	-0.8049	-0.5888	-0.2640	0.8398	-0.0284	-0.7148	-1.4237	1.2742	-0.5658	-0.9856	1.1511	-0.1547	-0.3524	-0.5638
0.2076	-2.3694	1.6941	-1.0168	1.8066	0.8155	0.6497	-2.4170	-0.7837	-0.4968	1.1390	-1.8183	-1.0371	-0.0425	1.6149	-0.4405	-0.3531	-0.8466	-1.2334	1.1111	0.8161	0.1652	1.1851	-0.7380	-0.5578	0.1409	-0.7876	-0.1498	0.5693	0.4225	-0.2701	-1.7027	-2.0618	-0.6303	0.2638	0.8601	0.0492	0.4052	0.1872	-0.8631	1.2065	-0.9815	1.2188	-1.1859	0.7513	1.8409	1.5944	2.1700	0.0803	0.2746
0.2920	-0.8543	1.3694	1.1213	-0.8856	-0.8071	-0.6158	0.9986	-0.5117	-0.1145	-0.9808	-0.6904	-0.1172	-0.9833	0.9323	1.8407	-1.3353	-0.0800	-0.6547	0.3273	-0.2337	1.2058	0.5534	0.2106	1.2256	-1.0629	0.4929	0.1645	-0.7768	-1.7199	-0.1834	0.6540	-1.0233	1.9410	-1.3545	1.2665	1.0902	0.0683	-0.8867	0.0926	0.0299	-0.0720	-0.1160	0.9281	-0.2385	0.0155	-0.7064	-0.4479	0.2770	0.5310
-0.7569	1.1539	-0.2096	-0.6837	-1.0030	0.2662	0.7646	0.0842	-1.8923	1.0936	0.1875	-0.6172	0.4151	-0.4571	-0.2934	-0.5518	-0.0515	-1.0837	-0.2587	-0.1251	0.9235	-1.7628	0.8008	-0.6434	-0.6361	-0.4318	1.3145	0.8165	1.8392	0.8295	-1.6662	-0.9581	-0.4986	0.3808	-1.2678	1.3811	-1.9349	-0.0126	-1.2624	0.2533	-0.2170	-1.1037	-0.4424	1.0494	1.0106	-0.9660	-0.1600	0.1464	0.0010	-0.3678
-1.5084	-0.6367	0.0048	-0.3859	1.5947	0.5498	-0.4346	0.5259	-0.0067	0.6933	-0.8969	-0.1774	1.3410	-0.3829	2.7116	0.8648	-0.1077	2.2605	1.3945	-0.5619	-0.0320	-0.0776	0.1293	-1.8305	-0.4826	-1.8947	0.4914	-0.5867	-0.5266	-1.7260	0.5180	1.1542	-0.6484	-1.4651	-0.5466	0.2166	-0.4533	-0.9000	-0.9387	-0.8876	-1.1132	-0.2935	0.5890	-1.0334	0.5027	-0.0446	0.3403	0.5258	-1.7783	-0.0734
0.6294	-0.4888	1.1315	0.6070	-0.1134	0.0088	1.1169	-0.1370	0.4723	-0.5210	1.9734	-0.1560	-0.5458	-0.3380	-0.2733	-0.4437	-0.1267	0.7809	2.6237	-1.4579	-0.1169	0.9193	0.5456	-0.1930	-0.0555	-0.0182	-0.1056	0.0120	-1.6470	-0.1734	0.0278	-0.5017	1.9716	1.1107	-0.0438	1.5888	-0.9830	-0.6309	-0.9035	-1.2526	1.1782	0.3733	0.9840	-1.3320	0.5364	0.0553	-0.6380	2.5141	-0.2398	1.9428
-0.4398	-0.4717	2.6457	1.6247	1.9305	0.3663	0.4272	-1.1673	-1.2175	-1.8962	0.0568	1.1156	0.9475	2.2549	0.1116	-0.8097	0.2869	-0.6258	0.1226	0.4829	-0.0374	-0.8476	-0.9400	-0.4718	0.5811	1.0190	-0.3235	0.2867	-0.1492	0.9673	-1.2050	1.3580	0.0079	-0.8485	-0.6569	1.1526	-0.1086	0.9187	0.4375	0.8447	-2.3731	0.6520	0.5269	0.9358	-0.0153	0.0214	-0.3055	-1.5537	-0.5922	0.5115
1.6218	2.0258	0.4294	0.1864	-1.8268	0.4734	-0.1586	0.0084	-1.0968	1.3604	1.0170	0.8583	0.8989	-1.0079	-0.8516	-0.4885	-0.1802	0.0543	0.3117	1.3578	-0.1793	0.0281	0.1397	-0.1982	-0.8304	-0.8426	-0.6636	0.4266	-1.4968	0.7382	-1.3914	0.7327	-0.0021	2.4912	1.5924	0.5254	-1.5894	2.5617	-0.6792	0.2983	0.0411	-0.6555	-0.4001	-1.0967	-0.0979	-0.8784	1.2059	-0.8016	-1.4623	-0.7938
-0.8084	-0.8917	1.1842	0.3013	-0.4250	0.2796	-0.0610	1.6749	1.0939	-1.9890	-0.8061	0.6128	1.6060	0.7944	-1.3976	-1.2431	0.1952	-0.2466	1.3005	-0.4114	-0.0815	0.3406	1.2189	-0.3943	-0.5679	-0.6780	-0.9217	0.3321	0.5960	1.4107	1.3790	0.7325	0.2750	-0.9905	0.5466	-0.9203	-0.7493	-1.0511	0.0088	-1.1297	-0.6411	-0.0713	0.4565	0.3659	0.0520	0.3195	-0.9545	0.7612	-0.2003	0.7290
0.2220	1.4243	0.4113	-0.2087	1.5300	1.6250	1.1886	-0.5102	-0.2269	-1.2365	2.2502	-0.2628	-1.9230	-0.9942	-0.9911	-0.4724	1.0776	-0.9008	1.1235	0.9162	-0.7260	0.5698	0.3051	0.6734	-1.5146	1.2090	0.3833	-0.0029	0.6957	-0.0640	1.1746	-0.4929	-0.6113	-0.1324	-1.1900	-0.5100	-0.6863	1.0067	-0.2572	0.9079	1.7523	0.4443	-1.2795	-0.7344	0.9396	2.6343	-0.0242	0.1320	-0.5812	0.3511
1.3478	0.1896	-0.4764	0.5967	0.9229	0.9762	-1.7576	-0.4344	-0.8371	0.4586	1.1597	0.0680	-0.2535	0.2545	-1.3606	0.0877	1.1187	0.0016	-0.6234	0.2999	-0.3500	-0.7058	0.5415	1.3311	0.3063	0.6984	0.3750	0.9360	0.3322	1.3995	-0.5380	-0.7276	-0.0972	0.2286	1.5814	-1.9955	1.2317	0.3299	0.8019	0.5259	-0.7941	-0.0745	0.1522	-0.3968	0.8953	0.0837	0.7375	-1.8835	-1.1339	-0.6963
0.7039	0.7304	1.7630	-0.4122	0.4848	-1.7107	0.8281	0.6720	-0.2670	1.3005	0.5467	0.3601	-1.0140	0.7800	0.4955	-0.5521	-0.5525	-1.1824	0.1355	0.2432	1.2717	-1.2512	0.5799	1.1147	-0.1518	-0.1690	-0.0150	-1.0232	-0.3729	-0.7795	-0.4638	-0.7491	1.6431	-0.8387	0.4403	0.7333	-0.9286	1.9873	-0.7332	0.5608	0.8042	-0.2913	1.1273	-1.3943	-0.2090	-0.6140	0.1879	-1.3972	-0.5965	-0.1947
-1.3169	-0.6681	0.5892	-0.3609	0.5327	-0.3162	-1.3601	0.1232	2.3980	1.2475	-0.1174	-0.6284	0.1466	-0.9843	-1.5808	-0.9436	-1.0575	-0.4446	2.1566	0.1582	-0.3903	0.8355	-0.3989	0.8289	1.0144	0.0559	-0.2499	0.4539	1.6180	0.9964	-0.4537	0.7237	0.8433	1.2745	1.5512	-0.6523	-0.6771	-0.7414	0.1849	-0.7311	-0.7021	-0.0688	-0.4494	0.2924	2.5677	0.7109	0.5055	0.9986	1.5704	-0.7025
-0.0636	-0.3507	0.9535	0.1589	2.6660	-0.1705	1.2777	-1.7714	0.0726	1.5983	0.5550	2.2945	-1.1620	0.8452	0.3680	0.4481	1.5329	-0.3930	-0.5325	-0.2325	-0.6352	-0.1182	-1.5185	0.0700	-0.7748	-0.0660	0.2337	0.2898	0.4371	-2.2699	-0.3978	0.3537	-0.3301	-1.9256	1.3188	-0.8107	-0.9659	0.7379	-0.2320	1.3810	1.1538	0.5302	1.0853	-0.6381	1.5235	0.4794	2.5044	1.0570	-1.0335	-1.9807
-0.8022	0.5716	1.5494	-0.5294	1.1218	-0.2323	-0.5705	-1.8815	-1.5483	-1.0608	0.3561	-1.7092	-1.6199	1.1304	0.3723	-0.8351	0.0579	1.1234	1.0146	-1.2701	1.7150	-0.5850	-0.2845	1.2168	-0.7846	-0.4777	-1.2074	-1.0903	0.5320	0.5697	-0.1353	-0.1925	0.4688	-0.0520	-0.7709	0.9640	1.5487	-0.1969	-0.1248	0.7986	0.0262	-1.5105	0.8561	0.2811	1.6669	0.2306	-0.1280	-1.1635	-0.2825	1.3066
0.1913	-0.4647	-0.6985	0.8243	1.0501	-0.5175	-0.3488	2.4008	0.8236	-2.4241	-0.6263	-1.3433	-0.1939	-0.6231	-0.6210	0.7322	-0.1789	-1.2318	-0.4622	-0.0758	-0.4676	2.6817	1.2698	-0.8907	0.4040	0.2925	0.3916	-0.9685	-0.2521	-0.1356	-0.2336	1.3128	0.1235	0.0248	-0.3676	1.4774	0.2411	2.4667	0.2928	1.1834	-2.1838	2.3937	-0.2221	1.5568	0.0049	-2.2179	0.9883	1.0038	1.0890	1.0190
-2.0347	-0.6316	0.4698	1.0061	0.7076	-1.0864	0.1148	1.6885	-0.0231	0.2747	1.0770	1.0218	0.5886	-0.5224	1.0041	0.6261	-0.0042	1.8276	-0.8924	-1.0266	1.7285	0.8198	-0.1359	-0.5094	-0.0027	0.2135	-1.0023	0.7868	0.7910	0.4849	0.4692	-1.2041	-0.9145	-0.7080	2.0615	0.2907	-0.3410	-0.6454	-1.0801	0.2287	-2.4631	1.4366	0.2621	0.2065	-0.4008	2.4021	0.3819	-0.0905	-0.8263	-0.8005
-1.3724	-0.0702	-0.2319	1.2567	0.4871	-0.2926	-0.2535	0.6799	0.9579	-0.2899	1.1598	0.8435	-0.7310	-2.2505	-0.8817	1.5237	0.6291	-0.3494	0.8375	3.2285	-0.6351	-0.9831	0.8517	-2.1430	0.2908	0.1988	-1.2454	1.2969	-1.0064	1.0110	-0.0047	-0.9776	1.7833	-1.1755	-1.2955	1.3116	1.1979	0.0527	1.0843	-1.9873	0.8962	0.8760	0.3257	1.2243	-0.7281	-0.7633	-0.1022	0.3123	0.1625	-0.4380
-2.0639	0.0595	0.2197	0.7778	0.4694	0.2243	1.3908	-0.3240	-0.3287	1.2118	1.1580	1.3853	0.5107	0.2207	-0.0330	0.9819	-0.5208	0.5500	0.2200	-0.5338	0.2467	-0.3749	1.3307	0.8733	1.0207	-0.1026	1.3117	-0.0962	1.8042	-2.6089	-1.3713	-0.1157	0.1707	-0.7014	3.2152	-1.0728	-0.3677	0.3271	-0.5892	1.6993	3.3841	-0.5066	1.0065	0.8621	-1.8075	0.6803	2.2883	0.5065	-1.3373	0.7473
1.0601	-0.1997	-0.2527	0.9218	0.3317	0.0038	-0.0210	1.4261	1.3678	0.0479	0.0334	0.2945	-1.3064	-0.0655	-0.5880	1.2364	0.2523	0.0532	-0.1168	-0.0694	0.8092	1.5111	1.5285	-0.6573	-1.9543	0.1412	-0.4296	-1.5304	1.8531	-0.4793	1.4419	-0.6055	1.3944	-0.8579	0.0006	-0.5555	-1.0269	-0.2424	-1.5689	-1.3730	0.1099	0.3527	-1.8314	-0.0054	0.6451	0.1183	-1.3874	-0.1729	0.2206	1.1633
-0.0699	0.0956	0.0260	-0.4473	0.3287	0.1210	-0.7180	0.2649	0.5519	-1.5507	-0.1939	0.0679	-1.4464	-0.5415	0.7990	0.6019	1.2231	-0.8530	-0.4718	0.8844	-0.2963	-1.7148	-0.2522	0.3833	-0.5534	0.0499	-1.1074	-0.8016	1.2249	-0.9615	0.7420	0.5083	-0.3073	-0.6188	-1.0719	0.0733	0.4434	-0.0658	-1.2392	-0.5952	0.2682	-1.3909	0.6747	-0.6621	0.0294	0.8687	-0.2984	0.3832	0.2776	0.5784
-0.4540	-0.0743	-0.1977	1.3700	-0.8318	-1.4351	0.0121	-1.4045	-0.5962	1.8993	0.5066	-1.2429	0.4823	-0.5630	2.1366	-0.0751	-2.0522	1.2972	-0.1214	-0.5263	-1.1182	-0.5269	-0.2469	0.4473	0.9291	-0.5221	-0.4343	0.6214	-0.1456	-2.4776	-0.5057	-0.1842	1.5417	0.0192	-1.4567	0.2424	-0.1836	0.4532	1.1512	0.3929	0.9697	0.8022	-0.7531	0.3421	0.2609	0.3619	1.3802	-0.7761	-0.1595	0.4300
0.9089	0.0196	1.2557	0.1795	-0.8197	3.0916	0.2191	0.4777	-0.7747	0.1528	1.8294	0.6604	-0.1167	-0.0822	-0.8734	-0.8401	-0.8289	-1.1312	-0.7687	1.4391	-1.4951	-1.1252	-0.0764	-0.4706	-0.8437	-0.9783	0.7178	0.3258	-1.5293	0.3758	-0.1551	-0.5832	-0.2373	-0.4639	-0.2081	-0.2607	-0.7959	1.1301	-1.3689	0.3720	-0.3650	1.1822	-0.7280	-0.2761	0.2238	-1.1322	-0.3267	1.5545	1.9540	-1.3505
-0.3412	-1.8057	-0.5039	-0.1903	-2.3253	0.4055	0.9688	-0.1168	-0.3423	-0.6059	-0.4915	0.5067	-2.1135	0.8430	0.5813	-0.4816	0.1805	-1.0862	0.3579	-0.4239	0.0307	-0.6391	0.4832	-0.9261	-1.7869	0.5694	0.4450	-1.0071	0.7838	0.8584	-1.5583	1.1379	-2.1865	-0.9158	-0.1928	-0.9021	-0.4220	0.5930	0.1885	-0.6923	-0.2017	-0.9910	2.1375	0.3504	0.8970	0.3181	-0.7588	-0.7874	0.4458	0.3608
-0.8645	-0.4814	-0.0005	-0.6457	-1.3112	-1.3380	0.4118	0.2034	0.8094	1.2083	1.5062	0.9977	-0.2010	0.2165	-0.3802	-0.0509	-1.5910	0.6974	0.1469	-0.0956	-1.0594	0.2046	1.7716	-0.2814	-1.7251	-0.6699	1.0969	-0.2144	-0.1294	-0.0351	-0.1499	-1.5066	0.6638	1.4435	2.0962	1.4475	0.8596	-0.6763	0.0951	0.8816	-0.8934	-1.6884	0.3999	-0.4737	-0.9512	0.6773	-1.4526	-2.5253	-0.0310	-0.8202
-1.0560	0.8665	-1.7817	-1.1314	-1.0676	-0.6595	-0.6013	0.0596	0.1351	-0.3159	-1.5029	0.5384	-0.2699	-1.8726	0.1831	-0.5446	1.6555	1.5003	-0.0525	0.2788	-0.1804	1.2875	0.9042	-1.1117	0.2137	-0.1628	-1.7093	-2.3691	-1.2453	2.1607	0.0769	-0.2125	-0.7780	1.3416	-1.3862	-0.8815	-0.7288	1.7777	-0.0441	-0.5275	-0.9975	-0.2799	0.4356	-0.3627	-1.6611	-0.9416	-0.7782	0.8182	1.6015	-0.4199
-0.0207	1.6903	-1.5755	1.1852	-0.8215	1.7500	-0.5005	-1.4394	-0.4996	-0.5546	-1.1893	0.6015	-1.7913	-0.2983	1.2505	1.8807	1.5443	1.5330	-0.5512	-2.0557	-0.3907	0.2858	0.6475	-0.6048	-0.9145	0.4435	0.2582	-0.1902	-1.9286	0.2111	1.1810	-0.0963	-2.5225	0.9459	-0.4550	1.4470	1.0374	-0.5783	-1.1408	1.0508	-0.9285	0.3268	-0.0795	-0.3002	0.1200	-0.7185	-1.9109	-1.2255	-0.0080	1.3917
-1.5910	-0.2755	0.2391	0.0054	-1.7975	-1.4904	0.2739	-0.7096	-0.2055	-0.4194	0.2306	-0.4692	-0.2391	-1.4227	-0.7146	-1.0656	1.3863	0.9010	-0.0397	1.1365	0.4739	-0.7794	-1.7781	1.3249	1.0505	0.8475	-1.0643	-0.3114	0.3074	0.8602	-0.8930	-2.8965	-0.1471	-0.6891	-1.6014	1.4863	-2.1831	-0.7934	0.3282	1.0430	0.2061	0.5335	-0.2048	0.3618	-0.9455	0.2488	1.7275	1.0913	-0.2888	0.3260
0.3965	-2.0819	0.2570	0.6996	1.4445	0.1131	1.6916	-0.5001	-0.3784	-0.2034	0.1260	1.9634	0.6275	-1.1540	-0.8956	-0.6812	-0.0319	-0.4831	0.9594	-1.7814	-0.2557	0.0663	2.3605	-0.0936	-1.5423	-0.0950	1.0992	0.3638	0.1451	0.1738	1.0012	0.4640	1.2977	0.4636	1.3785	-1.7913	1.1416	0.2029	-0.3670	0.2756	0.3165	0.7616	-1.1833	0.0507	1.1383	-1.2968	1.0088	1.1285	-0.1930	1.1570
-0.3350	0.7789	-0.0181	-1.0437	0.2682	0.6777	0.5009	0.8517	-0.2754	0.3045	-1.2384	-1.1878	-0.8036	-0.5358	0.5274	0.3507	1.3712	-0.1628	-0.7254	0.7546	-0.6339	1.6894	0.8250	-0.8368	0.8979	-0.9003	1.9736	1.1420	0.6291	0.2092	-0.2094	-1.6629	0.7687	0.4915	0.4554	-2.3493	-1.5722	0.6630	0.8411	-1.5108	0.9764	1.5296	-0.3352	-1.4190	2.0136	-1.0126	0.4026	1.8632	0.4031	-1.7588
-1.1973	-1.4600	-2.1897	0.4583	-0.6456	-0.3298	0.0614	0.0532	0.7575	0.5481	-0.5868	0.3423	-0.2821	-0.7759	0.2490	0.3841	-0.2894	-1.0710	0.6057	-1.5503	-1.7837	-1.9210	0.9910	-0.0826	0.1241	0.8220	0.2024	-0.4182	0.7929	0.1330	-0.4132	0.6377	-0.0327	-2.1176	-0.5267	0.9754	-0.1700	0.2640	0.5682	-0.7225	-0.6236	1.6057	1.0742	2.0803	-0.3487	-1.6501	-0.3310	0.2185	-0.4504	1.4836
-0.2262	0.1564	-1.1064	-0.3015	-1.1109	-0.3269	0.2929	-1.6790	-1.7258	-0.4839	-0.8622	-1.1209	-1.0954	2.3807	0.5135	-0.2514	0.1073	1.6133	0.4803	0.1279	-0.4805	-1.1379	1.9910	1.2092	1.0317	-0.0548	-0.3277	-0.8244	-1.4281	-0.0702	-1.3585	-1.1991	2.5841	0.4715	0.9866	-0.1528	-0.2972	-0.2185	1.5172	0.3451	1.4686	1.0955	1.0311	0.2375	0.0478	-1.1100	-1.2265	0.7295	0.9086	0.3592
-0.3075	-0.2433	0.8848	-0.3792	-0.1728	-0.1666	-0.1268	0.6980	-0.5465	0.1984	1.1080	1.5125	0.1559	0.6960	-1.5088	-0.7541	1.1617	0.2787	0.1997	-0.0298	1.1118	0.4767	1.4800	-1.3075	0.2294	0.0887	0.9179	0.7235	1.4187	3.2519	0.6790	0.7227	-2.3030	-0.3035	1.7274	-0.0719	-0.5121	0.2213	-0.0124	1.3868	1.3483	0.9110	-1.6167	0.9278	0.0274	0.2096	0.4501	-1.6927	-0.6628	0.3476
-0.8967	-0.9931	-1.4982	0.5898	-1.2186	-0.2455	-1.1050	-0.3348	0.0239	-0.1568	1.5138	0.3564	2.6713	0.8762	1.0885	-0.6424	-0.8005	0.7131	-0.3003	-0.3520	1.8458	-1.8851	1.7527	0.6947	-0.6909	0.9309	1.4283	0.4444	-2.3875	0.9983	-0.0413	0.0211	0.6610	-0.5494	0.0371	0.6001	0.8365	1.0400	0.5144	-0.9574	-1.4074	0.4267	0.4760	-0.5910	-1.7882	-0.4473	-0.5287	-0.3464	0.0520	0.3461
-2.4555	1.9246	0.7890	-1.5346	0.5774	0.6915	0.5592	-1.4243	-0.6809	0.0305	1.2622	1.8959	1.4593	0.5190	0.5302	0.4994	-0.4433	0.1133	0.5295	-1.4693	0.1864	0.3632	-0.3051	0.3199	-1.1745	-1.7783	-0.3106	0.6013	1.3695	1.0071	0.9677	-0.1229	-0.1598	0.3676	0.4176	-0.3982	-0.5085	1.2626	-0.3162	0.5106	1.4598	-1.1125	-0.2325	-0.1609	1.0210	0.0344	1.1774	-0.5366	0.7550	-1.6058
-0.0460	-0.0599	0.4894	0.1417	0.5798	-1.6853	1.1093	0.9540	0.4530	-0.3834	1.3514	0.6153	-0.3421	1.7223	-1.6645	-0.4271	-0.4532	1.7010	-1.8659	-0.5073	1.9650	-1.5943	1.2339	-2.3692	-0.0576	0.8972	0.5474	-0.3450	0.8447	-0.4397	0.9943	1.3447	1.8982	0.3354	0.7962	0.3561	0.8922	0.5733	1.1532	0.2322	1.4265	-0.4238	-0.7959	-0.9813	-0.1800	1.2297	-0.6402	-2.0640	0.4345	-1.2280
-0.1028	-1.2735	1.5146	-0.6159	-0.1662	0.0263	-1.3270	-0.9774	-0.5986	1.4131	-0.4290	0.9282	0.9730	-2.3902	-0.2146	1.2220	-0.2552	-1.1816	0.4159	0.9507	-1.1225	-1.3861	1.8962	-1.2539	0.5361	-0.7440	-0.3870	1.2744	0.3958	0.7690	0.7012	0.2396	0.4001	0.0364	-0.4417	-0.1577	0.8459	-0.0512	-0.0881	-0.2974	0.8909	-1.4773	-1.0458	0.4303	0.5088	-1.3174	-0.4186	1.1788	0.7668	1.7782
1.4627	1.0789	-0.3255	0.9218	0.3878	0.1736	-0.3506	-0.2895	-0.3234	-0.0870	2.6554	0.0827	1.6721	0.6572	-1.2703	0.0649	0.2852	-0.0023	-2.2965	0.8573	-0.8837	-0.9788	0.6346	-0.4364	0.5229	-0.8675	-0.3562	0.0832	-0.7676	0.2529	-0.2591	0.0723	-1.1628	-1.5893	-1.5054	1.9643	0.3134	-0.0190	-1.3068	0.9317	1.2066	0.3467	-0.6313	0.2225	-0.6231	-0.4501	-1.4645	1.0156	0.5146	0.8281
-0.2908	-1.0360	-0.1075	-0.6879	-1.2972	0.7049	1.2222	-0.7519	-0.3726	0.8507	-0.0282	-0.2208	-2.0252	0.8095	-0.1783	-1.3786	0.5828	0.9363	-0.8841	0.4622	-1.4268	0.5755	-0.3341	0.3834	-1.0488	0.0950	0.4792	1.0943	0.3543	-0.6039	1.2963	0.7500	-1.0068	1.2170	0.4135	-0.6574	1.3826	-0.6117	1.1133	2.0633	0.2692	-3.4204	1.2661	-0.1197	2.0764	0.5076	1.1863	-0.5672	1.2059	-0.8389
-0.1895	0.8957	-0.1991	0.7612	-1.2425	-0.2518	-1.8744	-0.0180	1.1900	1.2910	2.0068	0.1269	0.8657	0.0116	-1.3390	-0.6084	0.6061	1.8581	-1.1526	0.6249	0.1087	0.0290	0.4342	0.2030	0.1125	0.0714	0.7577	0.3772	-0.2032	0.1437	-1.7269	0.2006	-2.1547	-1.0786	-1.5448	0.3888	-0.0679	1.2138	-0.4691	-1.8995	-0.1083	0.3790	0.8576	0.6370	-0.7234	-0.8248	-0.5471	-0.0657	-1.5583	-0.8081
-0.4922	1.2914	-0.0835	0.3530	0.3922	0.3433	0.1237	0.9905	1.0374	-0.6749	1.0645	-1.0014	0.9065	-0.3512	-0.4792	-0.0559	-0.0738	2.0203	0.1891	0.4961	0.6354	0.9967	-0.4030	0.7655	-0.1721	-1.1302	0.2726	0.4307	0.6560	-0.9243	0.5360	0.1295	0.1050	2.0881	-0.5011	0.7752	-1.4503	1.0424	1.3445	0.5038	-0.4658	-0.2547	-0.6527	1.8517	-0.7015	-0.8029	-1.6347	-1.5180	-0.1632	0.7231
-0.4747	-0.6587	0.0324	-1.4395	1.2415	-0.1180	1.8373	0.4566	-0.6706	-1.7270	-0.8337	-0.3519	1.7875	0.7415	1.4572	0.6180	-0.8002	-1.2698	-0.1792	-1.8171	-0.7248	0.3266	-1.2474	0.3994	1.3916	-1.0485	-0.5266	-1.0111	-0.9586	-0.7182	-1.7872	0.4718	-1.2733	1.6730	1.2154	1.6906	1.2017	0.0616	-1.8164	-0.9313	0.0064	0.7181	0.6471	1.0109	1.7351	0.9274	0.8605	1.1259	1.1110	-0.4533
-1.1935	-0.4681	-1.8928	1.2127	1.0672	-1.2830	-1.1108	-0.0056	1.3550	0.8537	-0.3028	-0.1307	-2.5567	-0.6987	0.7762	0.7317	-0.6675	0.9016	-0.3930	-1.2308	2.1953	0.0056	0.6602	0.3821	0.4413	0.1580	0.3260	-0.9128	-0.0270	-1.8293	0.0306	-0.4282	2.4821	-0.9740	-1.3490	1.4018	-2.6835	-0.5770	0.5025	-0.2231	-1.2379	-0.5728	-1.9397	-0.6149	0.1433	-0.7770	-0.6251	0.4176	1.5599	0.3741
0.2943	1.0071	-1.2755	2.5634	-0.9475	0.5357	0.7840	-0.5329	-1.0353	0.6216	0.0120	0.4500	-2.0941	-1.4379	0.6225	1.4711	1.3159	2.0435	0.1589	-0.1018	-0.9262	0.9891	-0.5119	0.0503	-2.4877	-0.3500	-0.2506	-0.9297	-1.5588	0.0953	0.3282	0.9892	-1.1391	-1.1441	0.1620	0.4692	0.9299	-0.0912	-0.9589	-1.3290	-2.0315	-0.2651	-1.5095	0.3659	0.5027	0.8655	-1.0558	-0.5210	0.2272	0.4566
0.6030	-0.1043	-0.3136	0.6049	0.5135	0.2996	-0.4902	0.2664	-0.1306	0.1083	-0.6158	0.8090	-1.7654	-0.8981	1.3090	-1.3451	1.2585	-0.8286	1.0156	0.8631	0.0105	0.8117	-0.7522	-0.7310	-0.7626	-0.7884	0.1121	-0.9975	-0.5067	2.2358	-1.2555	-0.7616	0.7024	-0.0459	1.2516	-0.8833	1.0981	-1.8255	-0.3640	-1.0992	-0.5867	2.2317	-1.3930	-1.6948	0.0648	1.0708	1.5728	-0.6413	-0.4782	0.4818
0.6742	-0.6419	-0.5692	-1.3795	-0.4745	2.4775	-0.1133	0.3662	1.5640	1.2278	-0.8285	1.3300	0.6560	1.5176	-0.9347	-1.9688	1.2406	1.0713	0.7870	0.8161	-0.2299	-0.7773	-0.1339	-1.4907	0.0194	-0.1722	-0.6440	0.1195	-0.0338	1.1198	-0.3860	0.7729	0.3858	0.1287	-0.2434	0.3740	-1.4149	-0.0121	0.3350	-1.6709	-2.0786	-1.3233	-0.8977	-0.4773	0.6873	-1.2954	0.5087	0.3689	-0.6603	1.2365
-0.7742	-1.8273	2.3484	0.8305	-0.1491	-1.1595	-0.0530	0.0482	-1.0824	1.6183	0.2915	-1.6201	-1.1818	1.2585	-0.0213	1.1406	-0.1955	0.4481	-1.2398	-1.0395	1.6174	-0.2528	-0.8426	-0.4017	-1.4443	1.8915	-1.5504	0.7059	-1.4828	0.0485	-0.2099	1.3148	-0.1268	0.9041	0.0482	0.5683	-0.9987	0.2014	0.2795	1.0966	-0.2296	-0.4507	-1.4746	0.3969	0.4979	1.5187	-1.0512	-1.2167	0.1569	0.9151
0.4668	-0.1764	0.3028	-0.1215	-0.1070	1.2439	-1.4080	0.9389	0.4569	1.0937	1.4947	0.2828	0.6782	0.6292	0.0421	1.4611	0.3416	-1.2770	-0.2555	-0.2366	-0.2311	-2.9241	-0.6106	-0.2054	-0.0415	1.3573	-0.6577	-0.2162	-1.4786	-1.1929	-1.1947	-0.6500	0.4032	-0.4984	0.4915	1.1535	0.8627	-0.1675	-2.0776	-2.0880	1.1590	0.1955	0.3565	0.2810	-0.3768	-0.5861	-0.0616	0.4443	-0.6469	0.4857
-1.7560	-1.4471	-1.6232	-2.4217	1.3669	-1.2597	-1.4799	-1.7938	-0.8480	-1.2062	-1.0336	-0.8183	-1.9392	1.8000	-1.7401	-0.8004	-0.3974	0.3051	0.6018	0.1108	-0.4528	1.9748	0.4338	0.1197	-0.4015	-1.8506	-1.1514	1.1563	1.6930	-0.5909	2.3335	1.3599	0.4341	-0.0171	-0.7059	-0.7887	0.0733	0.7820	0.5316	-0.3641	0.4069	-1.0386	0.8319	-0.3996	1.3091	0.0211	0.1673	-0.5956	0.1850	0.4513
0.9042	0.9822	0.7923	-0.5009	0.7953	-0.2766	0.0885	0.5701	0.6636	0.9996	0.2537	0.3120	-0.6564	-0.6754	0.2496	1.1021	1.3290	0.6153	-0.6503	-0.5449	-0.1218	0.9161	0.6797	-1.0035	0.6683	0.2571	0.4070	-0.5853	0.1833	0.9571	0.2656	1.4816	0.1671	-0.3170	-0.8002	-1.6740	-0.8630	-0.3490	0.8437	-1.2414	1.4003	0.3008	-0.0440	-0.9242	0.7751	0.1944	0.1249	0.3830	1.2166	-0.0393
-0.2875	1.1711	0.7711	0.3984	-0.1616	-1.1886	0.4977	0.1850	0.7939	-1.0284	0.8224	0.8198	-0.7480	0.4995	-0.8681	0.1022	-0.3647	-0.1968	-0.9323	0.1474	-0.5562	1.3619	0.4736	0.3959	1.0316	-1.7399	-0.7243	0.7074	0.0395	-0.1877	0.1699	-1.1081	-0.1289	-0.1490	1.0438	1.5360	-0.1203	0.2735	0.5788	-0.3310	0.0462	-1.3746	0.3661	-0.5753	-1.4605	-0.4875	0.3705	-0.5037	0.1274	-2.2549
-0.1413	-0.5413	0.3259	-0.7301	-2.1806	-2.1547	-0.5136	-0.5995	0.0486	1.1820	0.1726	-0.9153	-0.8704	-0.7875	0.9924	0.9769	-0.1495	0.3110	-0.9207	-0.2789	-1.6603	1.4545	-0.6261	-0.9337	0.3218	0.8366	-0.1590	-0.2334	-1.1082	-0.4580	-1.1963	-0.7449	-0.7724	0.8657	-0.4784	-0.4992	-0.6381	-0.9164	-0.3170	0.0984	-0.0622	1.9270	-0.6152	0.9327	-0.2260	0.1708	0.1444	-0.2193	1.7179	0.4320
0.5562	-0.8564	0.1442	-0.6376	0.8330	-1.4420	1.2009	-1.5829	1.4841	-0.0837	1.9778	0.5756	1.1101	0.3126	-1.0358	-0.3557	-0.9695	0.2814	-0.1320	0.3186	1.0575	-0.2883	0.3806	-1.8197	0.5141	-1.2495	0.6040	-2.0186	1.9085	-2.6493	0.0091	0.7572	-1.1114	-2.3323	0.9986	1.2890	-1.3133	1.4742	-0.4309	-0.4256	-0.6312	-0.6621	0.6768	0.8725	-1.8803	0.6113	-1.0220	0.5391	-0.5763	-0.5159
0.0442	-0.1201	-0.9365	-1.8922	0.0742	-0.2155	-0.3704	-1.0681	-0.6981	0.9666	-1.3045	-0.2579	-0.6826	0.7872	0.6184	-0.1659	0.2968	-1.9871	-0.3584	1.0693	0.6845	-1.5399	-2.1819	1.0915	1.4354	0.6835	-0.9005	-0.6158	1.6303	-0.1066	-0.3188	-0.2475	-0.3656	-1.4480	2.0496	-0.6562	-0.2970	0.3898	-1.1193	-0.4653	0.2150	0.7918	1.1557	0.5598	0.5011	0.4433	0.1990	0.8642	0.3779	0.4781
1.5789	0.7958	-2.6721	-0.0166	-2.4031	0.0725	2.8774	0.1591	-0.8009	-0.0743	-1.1228	0.8529	-1.6277	1.3270	1.5513	0.3985	0.5667	0.3903	0.3651	-0.4163	-0.3333	0.7258	-0.1479	-0.4941	-0.0593	-0.8192	-0.3357	-0.4742	-0.4599	-1.9529	0.9408	0.8255	-0.3337	-0.8463	-1.8780	-1.2448	0.9513	0.0154	-1.3100	1.4985	-1.7278	0.0147	-1.7699	1.3556	-1.0187	1.1568	-0.9975	2.0138	0.1457	-0.5734
-0.2990	1.7459	1.4091	-0.5067	-0.4749	-1.7088	0.5653	0.1628	2.1746	2.6551	1.2390	0.0811	-1.6743	-0.6284	0.8842	-1.4041	-1.3877	1.3935	0.0672	-0.5075	0.1111	-0.1223	-1.0872	0.7361	0.5456	-0.7766	-1.0023	-0.8717	-0.7649	0.7521	-0.3847	1.2848	0.1037	-1.2747	1.0056	0.9300	-0.5566	2.0042	-1.8389	0.0508	-0.1831	0.7682	-1.2019	-1.0017	1.5578	0.6789	-0.8350	0.7475	0.4147	-1.1342
-0.0313	0.1241	0.4257	-1.0106	0.3224	-0.4086	-1.5194	1.2289	0.0945	-0.6865	0.3757	-0.3203	1.9473	-1.1961	-1.1841	-0.5908	-1.3107	-0.9974	1.0363	1.5901	-2.0297	-0.0574	-1.9018	0.3115	0.5203	0.0157	0.2192	-0.3079	-0.9584	1.4666	-0.6870	0.8844	-0.5295	-1.7382	0.6087	-0.3482	0.4503	0.0516	0.8166	1.3361	0.4638	1.2523	1.3929	0.3059	-1.6045	-0.7036	-0.6378	0.6942	0.2704	-0.5548
1.3202	-0.0653	-0.3556	1.8533	0.5513	0.8535	-0.3849	-0.6807	-0.7505	1.2790	0.3710	-0.3662	0.3480	0.7454	-1.5849	-1.0468	0.8459	1.1676	-1.4686	-2.2730	-1.5289	-0.5437	-0.6458	1.2109	-1.0518	1.2678	-0.1642	0.6222	0.8172	-0.0742	1.7303	1.1088	-2.0915	-1.0353	0.9715	-0.5110	-0.6710	-1.0713	-2.1768	1.0700	0.0126	-0.4277	-0.2591	0.1549	1.4535	0.2642	1.6316	-0.3231	1.0431	-1.3463
-0.8317	0.6583	-1.0532	-0.0067	1.0123	0.1847	1.3210	-0.3610	-0.5298	-0.4113	-0.8086	0.8666	-1.1210	-0.0018	-0.1961	-0.6741	0.9662	-1.2328	-0.6917	1.0319	0.8578	0.1592	-1.4145	0.4892	-0.0495	0.4487	-1.4392	1.3884	1.4497	-1.1889	-0.4895	-0.7142	2.3830	-0.7806	-0.6485	1.5492	2.3157	0.7973	-1.0676	1.0587	-0.1872	0.1232	-1.2291	0.0880	-1.3511	0.3812	-0.5563	-0.7390	-0.0433	3.5234
1.8300	0.9015	1.3380	1.4039	0.9167	-1.2756	-0.6473	1.0802	0.1406	0.1959	-0.3453	0.4590	0.1207	0.7939	0.1039	1.7287	-1.5288	0.8891	1.6274	1.6815	-0.2018	-0.7718	0.4957	0.0951	-1.7231	0.8395	-0.4562	-0.5688	0.4497	0.2533	0.2841	-0.7274	-1.1466	1.3258	-0.6768	-0.9069	0.9426	-0.7035	0.3536	-0.4088	0.3267	-0.1301	0.5041	-1.1939	-1.8389	0.7356	-1.6963	-0.4694	1.4419	-1.1351
1.0322	0.3468	1.1017	2.1803	1.9982	2.0589	1.4408	1.3055	1.1395	0.4100	-1.2166	0.1723	-2.5341	1.3605	-0.4998	-1.4181	0.0872	-1.1685	-0.4028	1.1663	-1.1703	0.7773	0.6064	-0.3802	-0.4273	-0.7947	0.0669	0.8545	0.8010	0.7078	-0.2962	1.7608	-0.3830	-0.0923	-0.9096	0.5137	-0.0778	0.7038	0.3033	-0.2448	0.3983	-0.0389	-0.1259	-1.0950	-0.6586	0.1045	-0.2340	-1.3573	-0.2739	-1.0482
0.8775	0.7682	0.0931	0.0374	0.2850	-0.8594	-0.3258	2.4576	1.5320	-1.1350	-1.0195	-1.2019	-0.5551	-0.8619	-0.3311	0.3588	0.4758	0.5476	0.6053	0.1097	0.3019	1.7367	0.7531	2.9274	0.5008	-0.0833	0.1744	1.2957	0.4819	-1.0912	-1.3284	0.0047	-0.4266	1.7058	1.0746	-0.4816	0.2398	-0.9899	0.9115	-2.1284	1.4458	-1.0203	1.3476	1.7210	-0.5309	0.8407	-2.2475	0.2861	0.7450	-1.9105
-2.1342	0.6698	0.1452	1.5026	0.1969	0.0312	0.2090	-0.7879	1.5814	0.8862	0.1590	-1.8098	0.4358	0.6213	-0.6795	1.1298	1.3550	0.2329	1.2088	0.7704	0.7539	1.6998	0.1200	-0.8701	0.9729	0.2506	-0.3589	3.2124	1.8552	-0.7466	1.7918	0.3746	-0.6691	-0.0828	0.5621	-0.4108	-1.4414	-1.7841	2.2322	0.2845	-0.5987	-0.6390	-1.0292	-1.1987	-0.7615	0.9342	0.2618	0.2762	0.3914	0.2773
-1.3589	0.5128	0.3726	-0.4619	0.0028	-1.8056	1.2632	0.0251	-0.2997	-0.7991	0.6788	0.1424	1.3616	1.1994	0.5432	-0.3688	-0.8928	0.8734	0.2525	0.7073	-0.6723	-0.0916	-0.0257	1.6187	1.0748	-1.1984	0.2378	0.3646	0.6351	-0.6315	0.6784	-1.1089	0.2789	1.1230	-0.7602	-0.2142	1.0564	-0.8227	-0.6133	0.1977	-1.8945	-0.6800	1.8718	0.3415	-0.4929	0.0621	0.0722	-0.0899	-0.4252	-1.1357
-0.9952	2.1127	-0.8732	0.8093	-0.2895	0.1064	-0.4447	-0.3459	-0.2953	0.7834	0.0485	1.4948	-0.8858	-0.5430	0.2700	-1.5980	0.2752	-0.7974	-0.8222	0.6073	0.5231	1.7385	1.7458	-1.2843	1.1634	-1.1895	-0.1391	0.1838	0.1167	1.8919	-0.0378	-0.6444	-0.2967	-0.2902	-1.1262	0.6622	1.2727	-1.1687	-0.7122	0.6802	1.9896	-1.5353	-0.0180	-0.4483	-0.4287	-0.5463	-1.7521	-0.5489	-0.2753	-1.8981
0.4103	-0.2339	-1.8017	-1.3580	-0.1743	-0.8116	1.3980	0.7315	0.7961	0.6902	0.6689	-0.5276	0.4165	1.0012	0.4665	0.1434	0.8033	-0.6095	0.2417	-0.9655	0.1646	0.6814	-0.3444	-2.2106	-2.3197	0.8460	-1.0238	0.8543	0.7173	-1.0077	-0.7360	-1.3255	0.1088	0.9709	0.4046	-0.0090	-0.0636	0.2374	-0.0870	1.5958	1.0813	-0.7213	-2.5842	-0.4876	-1.3945	0.4287	-0.7423	1.6466	-0.4630	-0.6700
1.2929	-0.6583	1.7660	-1.4265	-1.2505	1.2097	-1.0351	0.3036	0.6355	-0.7664	-0.6405	1.1758	-1.3013	-0.0241	1.1483	0.4735	-0.0610	0.7113	1.2508	0.9571	-0.6569	-1.4191	-0.3852	1.2313	-0.3219	-2.1449	0.9015	0.8792	-0.5875	0.7245	-1.0902	-1.0932	-1.1338	-1.2321	-0.9536	0.5741	3.4210	0.4440	0.4480	0.6110	-0.5491	-0.9848	0.8994	-0.6872	1.4091	0.5101	1.4302	-1.5084	-0.2907	0.6932
0.6140	0.4444	0.3469	0.1056	-0.4782	0.5102	0.4269	-1.5843	-1.5620	0.1909	0.0595	-1.6393	0.7225	-0.8618	0.8842	1.2943	-0.3851	-0.4390	-1.6553	0.8207	1.5615	-0.0929	-0.5215	0.5497	1.0652	0.1269	1.2632	-0.0808	-1.4148	1.9304	-0.5608	0.5078	0.2759	-0.1692	1.4442	0.2654	1.7629	-0.5899	0.1528	-0.5859	1.9773	-0.7022	0.2194	-0.3622	-0.4171	-1.3321	-0.6559	-0.3817	1.2389	0.1006
-0.6522	-0.6309	0.0941	1.4682	0.3195	0.3986	-0.6079	1.6510	-0.4967	0.7123	-0.5380	-2.0055	0.2557	0.9446	-1.6978	1.3948	0.6176	1.0006	-0.2049	-0.8099	-0.4421	-0.7767	-1.0290	2.2526	-1.7755	1.8167	1.4978	0.5701	0.5728	-1.7642	-0.6545	0.7082	-1.8860	-0.3552	-0.3879	-1.6211	0.8557	-0.5825	-0.1323	0.3162	0.0480	-0.1724	-0.6376	-0.3737	-0.2071	1.5027	0.0458	0.5038	0.6190	-0.3531
1.1222	-0.3130	1.0488	-1.5987	0.4899	-0.5409	-1.0982	-1.3117	-0.0149	-1.6360	-1.6216	0.2963	0.6520	1.0832	-0.0440	0.8048	-0.3201	-0.4582	-0.3218	-0.4401	0.7010	-0.4174	-1.1952	-0.4674	-0.8929	-2.0559	1.2646	-0.6833	-0.2121	0.3049	-0.5774	0.6930	0.3113	-2.5300	-0.4482	1.2313	-1.0382	0.1670	0.8938	1.4236	-0.0435	-0.1478	-0.2519	-1.4084	0.8994	1.7204	1.0477	-0.8485	-0.5522	-0.7211
-0.1421	-0.6790	-0.1492	-1.0687	-2.3874	-0.5525	-0.2604	1.2127	0.8672	-0.6844	0.2203	-0.0844	1.9518	1.0177	0.8103	0.5170	-0.7313	-0.3830	0.9237	-1.3236	-0.1088	-0.8480	-0.0604	0.0369	0.1570	0.6663	-0.3092	-0.3562	-1.5768	-1.4064	1.5748	-0.2163	0.7733	0.0541	1.1128	0.0560	-0.5279	-0.0613	1.2723	0.2273	-0.5432	0.9634	-0.8487	0.1932	-1.2813	-1.2358	0.9355	1.0326	-0.4987	-2.1265
-0.3260	-1.6661	0.7606	-2.0263	-0.4585	-0.4359	0.4569	1.1872	-0.8524	1.1444	-0.2125	0.3709	0.9579	-1.1110	0.7770	0.4157	-1.4232	-0.9645	-0.5611	-0.6223	0.5996	-1.1314	-0.2878	-0.3699	0.7257	1.0490	-0.9776	-1.0379	1.3912	-0.0166	-0.3150	1.4264	0.1582	0.7152	0.3112	1.1412	1.1334	-1.4689	-0.2787	0.0026	-1.9394	-1.3641	0.0249	-1.7222	2.4020	-1.2306	0.3214	-0.0081	-0.0191	1.2125
-0.6012	-1.6549	-0.6706	0.5702	1.0648	1.2415	-1.1358	-0.8964	-1.4779	-1.6548	-1.4183	2.5815	-2.0522	0.8798	0.4493	1.1155	0.3199	1.6821	1.6897	-0.2686	-1.4419	1.5465	-1.0290	-0.5958	0.1294	-0.4651	0.6572	0.2557	1.2269	0.0620	-1.4564	-0.6529	0.0449	1.2738	-0.0813	0.5971	-0.7731	-1.0056	-1.8528	1.5062	0.5084	0.8995	0.7071	-0.1327	-1.0917	1.4706	-0.8519	0.8021	2.4377	0.0926
-0.2030	0.8577	-0.0272	-1.1279	-1.0227	0.8424	0.0199	0.0082	-0.7905	-0.1059	-1.7882	-1.3781	-1.3389	0.2031	1.2614	-1.6467	0.6575	-0.8873	1.3285	-0.2257	-0.5469	-0.7602	0.7726	0.8840	-0.4131	-0.6579	-0.8095	2.3104	0.1187	-1.3050	0.3909	0.1996	0.0662	1.7295	-1.3700	-0.8889	-1.3063	-0.4823	0.6013	1.1612	-1.5294	0.2618	-0.7321	-0.8989	0.1410	0.6585	1.0400	-0.4980	0.3525	0.9103
-0.1293	2.7419	0.2699	-0.6162	-1.5305	0.1100	0.0174	1.6240	1.2158	0.7638	-0.3069	0.2473	0.6073	-0.9188	0.4724	-1.5701	-1.8897	-1.5031	2.7967	-1.2543	-0.6907	1.0275	1.0847	0.6505	-0.4936	-0.2028	0.7259	-0.0604	-1.5310	0.5494	-0.7539	0.8921	-0.3871	-0.0259	-1.7500	-0.5181	0.6725	-0.2322	-1.1420	-0.1992	0.7339	-1.2398	0.0239	1.2439	-0.1028	0.8656	0.4559	0.5044	0.6005	-0.3780
-2.9542	-0.9114	-0.8163	0.6598	0.3516	-0.2819	0.8980	0.8263	0.5020	-0.9518	1.9041	-0.0622	-0.0835	-1.3875	-0.4844	1.9398	0.2178	0.0906	0.8787	1.1510	-0.8970	-0.1144	-0.4918	1.1688	-1.3892	0.3665	1.5382	1.0167	0.7522	2.0669	-0.9556	-1.5326	0.2787	-1.3714	-0.1572	0.4483	-0.8402	-0.3178	-0.0515	-0.3970	0.4733	0.7718	0.8509	0.2293	-0.7845	-0.3423	0.3606	-0.3131	-0.0728	0.2310
-0.3842	-0.2306	0.8209	-0.1897	-2.7122	0.4064	-1.0730	0.3774	2.0057	-0.6269	-0.1858	0.9456	0.6150	-0.1500	-0.1306	1.9168	0.6954	0.5675	0.1486	-0.7104	0.6876	0.9494	-0.7308	-1.1077	-1.0100	-0.3734	0.7180	-0.7475	-1.0463	1.0778	0.8393	0.4222	-0.6763	-0.5273	1.2462	1.4657	1.6069	-1.9425	-0.9016	0.1431	0.9017	-2.1564	-0.8378	1.0742	-0.1176	-0.1976	0.4243	0.6048	0.4000	0.5009
-0.0996	0.1836	-0.4523	0.4809	-0.4951	-0.5938	1.3178	-1.4648	1.6496	1.0603	-1.0575	-0.4876	-1.2724	0.0906	1.0775	0.5379	1.4142	-0.5215	0.9612	1.1194	1.1618	0.4197	0.1977	-0.1921	0.6059	0.4049	-0.0729	0.6920	-0.7257	0.2282	0.0729	-0.9671	0.7829	0.4373	0.3024	-0.2455	0.9972	-0.0297	-0.4285	-0.3427	-0.2605	-1.1263	-0.7074	-0.5138	0.2398	0.8438	-0.9640	-0.4637	-0.4073	-0.0705
1.0430	0.4551	0.7439	0.9387	-0.2150	-1.3782	1.3739	-0.1631	0.1246	-0.8219	-0.0306	-0.5713	-1.6537	0.0561	-0.9159	1.2351	-0.1190	1.1634	0.0634	-1.0169	-0.5392	1.5351	0.2828	0.1287	-0.2501	-1.8921	-0.1888	1.2722	0.3800	-0.6504	0.8687	-0.4200	-0.5708	-0.7924	0.2907	-0.5273	0.8958	-1.3612	-0.9707	-0.8409	0.6919	1.1006	1.0136	-0.7681	-1.1093	1.6675	0.9658	0.4089	-0.8416	0.6853
-0.3189	0.5827	3.0344	0.2024	1.3180	0.3084	-1.3639	0.6952	0.7995	0.8946	0.5259	1.6892	-0.6344	-0.3514	0.9982	-1.0407	0.9237	0.4554	0.2577	0.2816	-0.3925	-1.7843	-1.5665	0.2004	0.4357	-1.0225	1.9409	0.1461	-0.5821	0.6304	0.1577	-0.2447	0.8523	-1.5179	0.7252	0.7046	1.4117	-0.6149	-1.4131	0.5941	0.7939	-1.0700	0.3575	1.8791	1.3809	-0.0373	0.1136	1.4819	0.5778	-1.4022
-0.0794	-0.9197	-2.2400	0.7259	-0.2491	2.2848	-0.1774	-1.4282	0.9593	-0.1800	0.3276	1.0062	-0.6705	0.7106	-0.9212	-0.7071	1.9636	0.4949	1.4426	0.0094	-0.3683	-1.7048	-1.6822	1.0532	-1.0000	-0.6498	0.7044	0.5220	-1.9607	0.8315	-0.1776	-0.5768	-0.2706	1.4425	1.1629	0.8254	0.1437	-0.7548	0.5415	-0.3750	-1.0879	1.6899	0.4666	0.1230	-0.8168	0.9852	-0.4573	-0.1795	-0.2156	0.5736
-0.1182	-0.1112	0.8824	2.1301	1.2126	-0.7369	0.1737	-1.8407	-0.1536	0.6639	0.4482	-0.1896	0.5690	0.5359	0.0177	-0.4498	-0.3308	-0.2023	0.0648	-0.0415	-0.2476	-0.6219	-0.4821	0.7957	0.0906	1.1234	-0.7414	-0.4917	-1.3306	-0.9207	-0.8944	0.5861	0.4816	-2.2606	-1.1918	-0.0254	0.2329	-1.8059	0.7280	-1.5953	-0.1854	0.3212	-0.8835	0.8824	-0.4338	0.6870	-1.9381	0.1974	0.1935	0.9362
0.7237	-0.2750	-0.0952	0.8859	1.7424	-1.2498	0.1304	0.4089	-1.2430	-0.1676	0.9655	0.7320	-0.7343	-0.0250	1.0533	-1.2119	0.2318	0.3563	0.7723	-0.6619	-0.6839	-0.9079	2.6214	-0.1358	-0.1901	-1.2664	-0.1005	-0.3753	0.0248	-1.1676	-0.2816	3.2858	1.1225	-1.0730	0.7753	0.3828	1.2558	0.1076	0.8375	0.0797	-0.2490	-1.0204	0.1566	-0.4417	0.9899	1.1361	0.4641	0.2539	0.7416	1.7968
-0.2509	-1.1968	0.0681	1.1872	-1.3545	0.5026	-0.8458	0.1947	0.5866	-0.2762	-0.0542	-0.5781	-0.1183	0.8847	-0.0184	-0.3380	1.3120	-1.2087	-1.8585	-0.3147	-1.5665	0.8618	-0.7506	-0.1599	-2.2240	-0.1625	0.3695	0.8848	-0.4275	-0.8361	0.1748	0.6945	-0.4194	1.1490	-0.5103	0.0206	-0.0350	0.2323	-0.1756	1.5250	0.1777	-0.1880	-2.3611	0.5741	-1.6306	0.3700	1.0661	-0.3663	0.5069	0.3194
1.7649	0.8937	0.4143	-1.0261	-0.8585	-0.1457	0.8615	1.5800	-1.7466	-0.5340	-0.3466	-0.3600	-0.7208	0.8103	0.4292	0.0109	-1.3603	-1.0262	2.0227	-1.9978	0.6746	1.5933	-1.4295	-1.3407	-1.6470	-0.6664	-0.3802	-0.6598	0.4195	-0.2419	1.6208	0.2522	0.6910	0.8628	-1.2062	-0.3695	-0.4743	1.3592	-0.4794	1.1325	-1.3368	-1.2444	0.8487	-1.4443	2.2376	-0.0067	-0.3661	-0.7295	0.1683	-1.8005
1.1429	0.3554	1.5986	-1.2293	-0.4857	0.8263	-0.5015	-0.2978	0.8281	-0.0058	-1.0533	1.0305	0.2255	-1.4422	-0.2192	2.2983	-0.9978	0.3444	1.3109	-0.5939	-1.2823	-0.4489	-0.1719	-0.6348	-0.5913	0.9044	0.3182	-1.0061	-2.3143	0.5234	0.4264	0.1892	-0.0522	-0.3994	-0.4890	0.7333	-0.8710	1.9090	-0.7424	-1.7437	-0.0559	1.6564	0.8546	1.2872	0.9386	-0.3879	0.4768	0.7841	1.2718	0.6085
1.3124	0.2493	-0.6776	0.1024	-0.2217	-1.2428	-0.4556	0.3818	0.1231	-0.4183	0.4963	0.6309	-1.4824	-0.6404	1.2626	-1.1059	0.9908	0.3160	0.0458	0.6049	-0.1693	-0.2518	0.7514	-1.8882	-0.8139	-0.1417	-1.8820	0.1444	0.6957	-0.4513	0.9231	-0.0676	-0.8181	1.2652	-0.8479	1.3915	-1.2608	-0.9910	0.0205	1.0579	-0.1577	1.3144	-1.1872	-0.3046	-2.6959	-1.5738	0.5990	-1.4019	-0.0146	0.9306
-0.9787	0.6187	-1.0534	1.3889	0.4404	-0.3908	-0.0952	0.2113	-0.7191	-0.4824	0.3253	0.7673	0.2875	0.1419	-0.6329	-1.5509	2.0160	2.1126	-1.4172	-1.0179	-0.5795	-0.4846	1.6122	0.2274	0.1749	0.9317	2.0760	0.4836	1.2568	-0.3295	1.6567	0.4988	0.5072	0.0473	1.1539	0.1010	-0.7268	-0.3245	1.1505	2.4932	1.2913	1.7202	-0.0949	-0.3119	0.3223	-1.0256	0.6754	0.4557	0.3327	-0.0393
-1.2355	-0.1796	-0.7614	-0.7073	1.9451	0.7644	-0.8417	1.2615	1.8016	1.2216	1.1849	-0.4417	0.8956	-1.5157	0.1631	-0.1287	-1.3050	1.3972	0.4322	1.0583	0.3399	-0.4591	2.3760	-0.6574	-2.3589	1.6493	-0.0133	0.6948	0.1771	-1.4533	-0.0489	0.2020	-1.0353	-1.4256	0.2545	0.7253	0.4177	1.1439	1.4460	-0.1946	2.2398	0.6840	2.6002	-1.7137	0.1496	0.9927	-0.3311	0.0817	-1.1153	-1.0457
1.2652	0.5883	0.6217	0.8782	0.8244	0.4097	-0.6043	-0.5611	-1.2925	-2.3356	-1.8318	-0.8425	-0.5693	-1.4069	0.0758	-2.1684	-0.1568	-0.6806	-0.7789	0.1484	0.3498	0.3049	-1.2114	0.0264	1.3788	0.9045	-0.0822	-0.7458	-2.1765	-0.3472	0.0056	0.8479	0.6786	0.3686	0.3664	0.4834	-0.7006	0.6854	-0.6059	0.4955	0.0224	-0.9687	-0.3434	-0.5697	1.6860	-1.6678	0.6355	0.3343	1.0503	0.0188
-0.2219	-0.0696	1.1555	-0.2742	0.3304	-1.5938	0.5382	-0.0607	0.3431	-1.0368	0.8495	-0.6366	-1.5498	0.7722	-1.6947	-1.3732	-2.5256	-1.5004	1.8230	0.1385	-0.3201	-0.7430	1.9693	-1.1124	-0.6830	-0.2202	-0.9597	0.7082	-0.2938	0.3958	-1.3043	-1.5228	0.2565	0.4975	0.5050	1.7075	-2.0106	-0.5134	0.7875	0.8426	1.1324	-0.7839	-0.5893	-1.1330	-0.6678	-0.6005	-0.5783	0.1002	1.9804	-0.1230
-1.7615	-0.1055	-0.5812	-0.1866	1.0891	-0.7643	1.7466	-1.9896	0.6780	1.9296	-2.6945	-1.7748	-0.2948	-1.9631	-0.5483	-0.2866	-0.5184	-0.5576	-0.0866	-0.1656	1.6095	0.4128	0.3674	-1.4639	-0.3721	-0.2550	0.3259	-0.6774	-0.0833	-1.2808	0.2112	-0.6957	-0.3225	-1.7919	-1.0659	0.1643	-1.1542	0.2650	0.2340	-1.4698	0.7084	0.6880	1.1714	1.8798	-0.0368	-1.4958	-0.2280	-1.3777	-0.4071	-0.2334
-0.3736	0.4617	1.0843	0.8589	-0.5664	-0.4149	-0.8039	0.9792	1.9653	0.1342	0.7792	-0.6364	-0.2306	0.5713	-0.7502	-0.0437	0.0538	-1.2886	-0.7773	-0.8129	-0.7370	2.1129	1.2479	0.9935	-0.4588	-0.9484	0.0615	1.4298	1.2062	0.8744	1.0248	2.0581	0.2455	-1.8223	-1.5918	-0.1716	0.2013	-0.5755	0.9737	-0.1825	-0.8025	-0.2414	1.8367	0.8736	0.3301	-0.9943	0.5995	0.2148	-0.4853	0.6849
0.8931	0.4486	-1.3675	-0.4222	-0.6564	1.2181	0.5325	-0.6205	-0.1191	2.0344	0.2438	-0.2732	0.1465	1.5533	-0.9415	-0.7546	0.6022	0.1672	1.2867	-0.0045	1.9718	1.8558	0.6825	-0.2458	0.8533	-1.8039	-0.6290	0.2504	0.7079	1.1138	0.9237	-0.1773	0.4398	-0.3005	1.8877	-0.7532	1.1680	0.4013	0.5335	-0.1798	-1.8404	1.4274	0.1946	-1.3552	0.4864	-0.6340	1.6873	-0.7567	-0.5435	0.1201
-0.7999	1.9057	1.7466	-0.6782	0.5347	0.2559	0.1639	1.2719	0.9625	0.8402	1.3484	0.1051	1.7043	0.3475	-0.3147	0.6110	0.7369	0.8751	-0.8250	0.5429	0.6956	0.6270	0.5073	1.5134	0.6042	0.5406	0.8105	-1.8986	-0.3428	-0.8090	-0.7054	-0.2423	0.8686	-0.8473	-0.5522	1.4342	0.4479	0.2449	1.7635	0.0769	-2.0881	-0.2710	-0.1728	-1.2426	0.5389	2.7370	-0.9895	-1.4625	-0.5100	-2.5251
0.1468	-0.3156	0.0412	0.0030	0.4579	-0.4218	-1.3511	-1.0642	0.5277	-0.9538	-0.5388	1.2261	0.5892	1.6807	-1.0122	-0.4439	0.3406	0.8865	-0.9150	-0.5045	0.3165	-1.2654	1.3085	-0.7440	0.6046	-1.5909	1.0103	-1.1863	-1.7039	-0.3708	-0.9336	-1.4134	0.9628	-0.1479	-0.8521	0.7526	1.7861	0.3735	-0.8385	-0.8827	-0.3367	-0.0541	0.6586	-0.5480	-2.1570	0.0948	0.4659	-0.1910	0.0893	-1.2228
0.7140	0.6280	0.3028	0.2847	1.2947	0.9742	-0.4504	1.9528	-1.4830	-0.5064	0.2014	0.4880	0.8588	0.0617	-0.6064	0.4939	-0.8138	0.1108	1.7515	1.8200	2.1519	-0.1432	0.1443	-0.9549	1.6739	-0.3853	-0.4356	0.0439	1.1324	-0.2614	-0.1181	0.0788	1.7410	0.9700	1.8801	-1.5350	1.5181	-1.1781	0.2867	-0.5525	-0.6674	0.6035	-1.6239	0.4552	-0.8585	-0.4427	-0.3939	-0.9987	-0.5956	-0.0110
0.2251	0.4787	-0.1036	-1.1815	1.4784	-0.3534	1.2939	-0.8302	-1.7606	0.9439	-0.2110	0.1960	-0.2749	1.0530	0.8810	0.2877	-0.4841	-1.0518	0.7440	0.2983	-0.5690	0.2281	0.6256	0.7962	0.0877	-1.6963	1.2685	0.0040	-0.1414	-1.1649	-0.0905	0.0981	0.5750	-2.0505	0.5817	0.8039	0.5226	0.4749	-1.0460	-1.3970	0.0395	1.4898	1.9339	0.6656	0.1856	-0.4101	-0.2161	-0.2531	0.4508	0.7439
-0.8591	0.7874	0.1892	0.4399	-0.4717	-0.6589	-0.0537	-0.0198	-0.0338	1.0785	-0.6981	1.9106	-1.6885	-1.6016	-0.0521	0.7052	-0.4278	0.4698	0.1868	0.2090	1.3161	0.0105	0.1893	0.3774	0.5981	0.8846	0.6795	-0.0499	-0.2420	0.3999	0.7339	1.2062	-0.6919	0.8000	0.5644	-0.8806	0.6695	-0.5136	-0.5659	0.2327	0.6072	1.4933	-0.5806	1.5109	-0.4551	1.4737	-0.1112	-0.2333	-0.2247	0.5725
-1.5027	0.7999	-0.5856	1.0776	-0.4790	-0.3704	0.2235	-2.1656	1.4356	1.5899	-1.2413	1.0852	-0.5580	0.5568	0.9278	-1.0657	-0.0086	0.0903	-0.5766	0.8100	0.9348	2.5180	2.2811	1.6067	-1.7185	-1.9110	0.4740	-0.9003	-1.2551	-1.1614	2.4827	1.1641	0.2054	-0.7982	0.0616	-1.3332	-0.0303	0.4538	0.3229	-0.6319	0.7020	0.1672	-1.0169	0.2404	2.8269	-0.2996	-0.5103	-0.3940	-0.5960	-2.1187
0.6897	0.5890	-0.7779	-1.3587	0.1752	0.9414	0.5526	-2.1730	-0.1274	0.4308	0.6687	1.4072	-1.3070	-0.1942	-0.6663	1.7186	0.2539	1.5713	-0.4208	1.4104	0.4706	-1.7663	0.8723	-2.9893	0.4400	-0.4383	1.4469	-0.4439	-1.3906	0.8838	-0.3197	-0.5214	-0.7995	-0.8067	-0.3708	0.3181	-0.3382	0.2095	-1.2445	0.0867	-0.3678	0.8196	-0.7704	0.1995	-0.1803	-0.0357	0.5738	-0.0678	2.6651	1.0094
-1.6929	0.0081	0.4112	0.4027	-0.5309	-1.6733	-1.0555	-0.4238	0.3384	-0.2338	-1.5032	1.1982	0.1052	-0.0008	0.8353	-1.0618	0.1331	0.6471	0.0309	0.1862	0.6552	0.3386	-0.5263	-1.0483	-0.1883	-0.2969	-0.0785	-0.0007	-0.2530	0.9149	-0.1181	0.9862	0.6509	-0.2788	-0.7293	-1.1157	1.4587	-1.7229	0.8896	-0.2076	1.2813	0.6152	-0.0701	-0.1235	0.0654	-1.4027	1.3791	1.1623	-1.9111	1.5044
1.3925	1.4898	-1.5470	0.0929	-0.0590	0.1664	1.9255	-0.0605	0.0253	-0.1612	2.2238	-0.2575	-0.5180	1.9974	1.3549	0.5037	0.7478	-1.0426	0.8256	1.3555	-0.5140	-0.7192	-0.4801	-0.9193	0.2894	0.4663	-2.0272	-0.4283	-1.2540	1.8518	0.2410	0.3158	-0.4438	-0.3113	0.1921	1.2523	0.4296	0.6019	0.3955	0.3246	-1.5780	0.3352	1.8351	0.1832	0.3191	-1.1669	-0.7782	-1.0681	-0.6916	1.3262
0.6739	-0.8805	1.5642	-0.9083	-0.2669	0.4328	0.2423	0.7303	0.8553	0.2549	-0.7861	-0.1994	-0.5361	-1.4728	0.6567	1.0621	-1.9758	0.9922	1.9115	-0.4589	0.4043	-0.0977	-0.5695	0.7736	1.8811	1.5436	-0.0919	-0.6362	0.1349	0.2160	-0.5513	-0.0196	2.3662	0.8326	-0.2833	1.6711	0.8861	0.6009	-2.5297	-1.9338	0.0736	1.7709	1.2476	-0.0750	-1.1665	-1.0330	0.7693	-1.1543	-0.4820	-0.3105
0.0175	-1.0554	0.6790	-0.3972	-0.5715	-0.2321	-0.5159	-0.4596	-0.1089	0.2677	0.7609	-1.6832	-0.7734	-0.2445	1.3298	-0.8262	-0.5490	-1.2874	0.0532	-1.5719	2.1082	0.2567	-0.3053	-0.5452	1.3142	-2.8032	-0.8824	-0.8791	-0.7389	-0.5064	1.5687	1.6272	0.2716	-0.0433	2.3280	0.1075	0.0339	0.1806	1.1082	0.5685	1.1067	1.3901	0.4849	-0.4662	0.8698	-2.0961	0.1828	0.5047	-2.3494	1.2011
-0.7780	1.5239	0.6798	0.1294	0.3882	0.7864	-0.1418	0.6585	1.9626	-1.6009	1.1092	-0.6174	1.0953	-0.0550	0.0518	-1.2617	-1.1562	0.8156	0.3267	-0.6630	-0.3569	0.3285	-0.2647	0.3610	0.8141	-0.6593	-0.7175	-0.2596	0.0409	0.5673	-0.7520	0.2048	-0.3578	0.3170	-0.3330	0.7931	0.9988	-0.6809	1.0076	0.0773	0.1518	-0.9564	0.3753	2.0351	2.2023	-1.4030	-1.3305	-0.3266	-0.1770	-0.0417
0.5786	-2.1973	-0.3066	0.5241	-0.3187	0.0531	-0.5270	-0.5944	-0.8110	-0.8228	1.5938	1.1819	-0.5913	2.6520	-0.6248	-1.3340	1.1768	-1.4175	0.6729	-0.1412	1.1562	-1.7262	-1.0736	1.6913	-1.3669	0.1354	-0.4456	0.3592	2.5433	-0.0599	1.1351	0.3121	-1.0426	1.1455	2.0988	0.8756	2.9802	0.8097	-0.7364	0.5242	-0.0404	-0.2650	1.1582	-2.7038	-0.8649	-0.0454	0.2326	1.4742	-0.2172	-2.0192
-0.0188	-1.8866	-1.7978	0.2434	0.0121	0.1993	0.3625	0.0441	1.9070	-0.5675	0.7920	0.1194	-0.0528	1.0164	-0.1652	1.7278	-1.2613	-2.0958	-0.1167	-1.6029	1.4941	-1.0683	-0.5949	-0.0082	0.5736	0.6969	0.6801	0.1194	-0.3419	-0.7141	0.0137	0.0133	0.2393	-1.0920	0.2326	-0.1958	-0.2399	-0.2220	-2.1202	-1.3623	1.9289	-0.3043	0.2479	-0.5312	-0.8789	0.7743	0.7451	-0.4418	1.1987	0.8926
1.1781	1.1050	1.2810	-0.5110	-0.2382	-0.1305	-0.1040	-2.4621	-0.6674	-0.1829	-0.3555	1.5155	-0.3118	1.1586	-1.2795	-0.8379	-0.2951	-0.3589	-0.7746	-1.7157	-0.0534	-1.6325	0.2424	0.2245	0.6582	0.0532	-2.1049	-2.0347	0.3089	0.1946	1.7149	-0.6599	0.5730	-0.6761	-1.5744	-1.3283	1.6168	1.0807	0.4884	0.0772	0.3565	0.1399	-1.5972	0.9190	0.6245	0.7488	-1.2937	-1.1092	2.2207	-1.9445
0.5798	-1.1994	0.5907	-1.0785	0.1754	-0.3892	0.7515	1.2631	1.2595	0.7705	-0.3162	-0.1274	-0.5371	-0.3394	-0.2160	-1.4583	-0.2575	1.8721	0.9105	-1.6781	2.3774	2.6701	-1.6122	-0.6847	-0.8866	0.7366	-0.5771	0.8183	-0.3666	1.5542	-1.4959	0.1786	-0.9979	0.9196	-0.2362	-0.6385	-2.7283	-0.5739	1.5502	-0.1849	-0.7742	0.1979	-0.6201	0.9435	0.1656	-1.0449	0.7866	-0.2533	-1.5505	-0.2783
0.6660	-0.0947	0.4233	-1.8559	0.3303	1.7078	0.1781	0.4823	2.1005	0.8136	0.5765	-0.0723	1.0714	1.7394	1.2410	0.7573	0.5262	-1.3338	-1.8905	0.0626	-1.6546	-1.3824	-0.3929	0.2118	-0.3228	-0.7566	-2.0996	-0.8480	-0.3392	0.4347	-1.5746	1.6285	-0.9260	-0.7636	0.3255	-0.6795	0.7716	-0.9700	-0.1972	0.8543	0.7213	-1.7096	-0.1861	0.0628	-0.4633	-0.1598	1.1030	-1.5435	-0.3449	-0.2474
0.5688	-1.4156	-1.1262	-0.4782	-0.5403	0.0032	-0.0431	-0.0594	-0.2313	-3.2055	-1.1337	0.0661	-0.9024	-0.0730	-0.8094	0.3892	-0.3964	-0.0173	-0.8817	-1.5090	-1.0577	0.5637	0.6428	-0.7826	0.1940	-1.3448	-1.0503	0.1671	1.1205	1.1645	-1.3413	0.3008	0.6729	0.5890	-1.1790	-0.0767	-0.0948	0.3082	-0.2246	0.6825	-0.3944	-0.6119	-1.1471	0.8090	-0.5856	-1.3287	-0.1334	-0.1778	-0.4671	1.7716
-0.7773	0.8198	0.3514	1.5470	0.0129	2.1229	0.8080	1.2404	-1.5006	-0.4438	-2.6491	0.8277	-0.8790	-1.6131	-2.0539	1.1270	0.7634	-0.0557	0.7902	0.2863	-0.5952	-0.1793	2.8216	0.0233	0.4868	0.5818	1.6960	-1.4900	0.8416	1.1553	0.6517	0.0200	1.3215	-1.6745	-1.2710	0.5137	0.2602	0.0430	1.2870	-0.5021	-0.0978	0.9302	-1.0542	0.9220	-0.8344	0.5660	-0.8734	-1.0061	-0.8221	0.8485
-0.5051	-0.5663	1.6784	0.9627	-0.9433	1.0866	-0.6097	1.4326	-0.5739	-0.4070	0.5851	0.7995	0.3398	-0.8894	-1.1879	0.8239	0.4455	1.3173	0.3026	0.1695	-2.4914	-0.2721	-0.1847	-0.1055	1.0426	0.2920	0.1230	-0.0348	-0.2876	0.0037	-0.5470	-0.2446	1.0761	0.1386	0.0905	1.7546	0.0871	-0.5794	1.0171	-0.2245	-0.0542	-1.3301	1.5589	0.8968	-0.5918	-0.1225	0.1360	-0.2843	0.5021	0.2412
0.8557	1.7291	1.5028	0.2131	-1.1772	1.2474	0.9159	0.0880	-0.7759	-1.0344	-0.1210	-0.0396	-1.4496	0.5179	-1.2321	-1.0531	0.0754	-0.6546	0.0276	-1.6623	0.5211	0.2218	2.1155	0.1075	-1.8147	-1.0184	-1.0600	0.2330	-0.1633	0.7325	-1.5738	2.7879	-2.0364	0.5489	0.4636	0.1586	-0.5909	-0.2075	0.4618	0.0045	-0.5820	-0.8906	-0.4655	-1.9217	0.7353	1.6072	1.5774	-1.6335	0.5075	1.4773
-0.9952	-1.2225	-0.5660	0.0803	-0.0900	0.3451	0.7106	0.9167	0.1300	0.2236	0.1202	0.7845	1.7833	0.1147	0.6116	0.8550	1.0064	0.0514	0.2036	1.0459	-0.8022	1.6226	-1.4529	0.3332	2.1269	-1.0429	0.3480	-0.7775	-0.7196	-0.4711	0.1214	0.6124	-0.1699	0.6724	0.5555	-0.0724	0.3317	0.3287	2.8491	1.6045	1.0289	-0.6804	-0.7067	-0.2726	-1.5287	1.3785	-0.3182	0.8692	0.9245	0.9209
0.5584	1.5027	-0.1951	-0.2547	1.4324	-1.2778	0.6438	0.6394	-1.4221	0.3891	-1.8314	-0.5861	1.4438	0.8463	-0.3334	0.1046	0.6300	-0.9877	-1.8903	-0.2601	-0.3013	-0.6267	-0.4110	-0.2586	1.4308	-1.3352	-1.1947	-1.2599	-0.5754	0.8747	-0.1255	1.0600	0.2180	0.8582	0.0577	-1.1767	1.0616	0.2371	0.2067	-0.7005	1.0257	-1.4653	-0.8115	0.4545	0.5394	-0.6022	-0.4089	0.3243	-1.6522	-0.0964
-0.7917	0.6207	0.8363	-0.7565	0.2493	-0.3017	-0.8817	0.6510	-2.1143	-0.8719	-0.0859	-0.3295	-0.8533	0.1856	0.0026	0.7172	-0.2773	-0.8285	-1.1986	0.7025	-0.5342	1.1725	0.2306	-0.2576	-1.4601	-0.7707	-0.4600	-0.8768	0.5390	-0.0333	0.4988	-0.3084	0.4195	0.2748	-1.2725	-0.2177	1.3262	-0.9120	-1.6160	-0.4808	-0.7833	-0.4868	1.1302	-2.2076	1.1067	-1.1469	0.3250	0.4565	-0.5724	-0.0507
-0.7297	-0.3019	0.6222	-0.9332	0.4784	0.9530	-0.7874	-0.9084	0.6582	1.5463	0.2516	2.1326	0.3879	-0.4922	-0.6622	0.6020	1.8617	0.7743	-0.2822	-0.7569	-0.3667	-0.9010	-0.0425	-0.4219	-0.6241	0.4535	-0.5285	0.0924	-0.0700	0.1503	0.2150	-0.3117	-1.3846	-0.3859	-0.6881	0.1159	-0.7573	-1.7017	-0.2787	-1.2795	-0.9405	-0.9173	-0.5275	-0.2324	-1.7034	-0.9993	-1.2462	1.3019	0.8156	-0.0156
-1.2623	0.9609	-0.5129	2.1174	-0.2627	1.8157	-0.4561	-0.4049	1.0446	1.1225	0.1986	-1.2253	-1.0414	-0.1397	-0.8889	1.4094	0.2560	-0.3638	-0.5946	0.0109	0.2164	-1.7766	0.0120	0.1507	0.2658	-0.1972	2.5515	1.5311	0.1343	-1.3257	-1.5984	-0.7236	-0.4755	0.5914	-0.8032	-0.1153	-0.7235	-1.4717	-1.3916	0.6928	0.0743	0.9375	-0.9897	-1.0879	-0.4799	1.2705	-0.2267	-0.7245	0.3674	0.0302
-0.1062	-1.0230	2.0433	0.2336	-1.4318	-0.8158	0.0341	-1.4935	-0.5980	-0.1563	0.3510	1.4879	0.6795	0.2172	-0.9493	-1.6443	-0.0543	0.1545	-1.0119	1.1660	-0.9191	-1.0965	0.0028	0.0765	-1.3372	0.0174	-0.9384	0.8156	0.8282	0.2439	0.4655	0.5840	0.7190	-0.0501	0.0691	-1.6986	0.7612	0.3771	-0.5396	0.9313	0.3285	-0.2169	1.4482	-1.0458	-0.0352	1.9362	-0.8520	-0.4414	-0.4304	-0.8194
1.1792	2.0185	0.3741	0.5931	-0.8487	0.8117	-0.0445	0.8398	-0.1085	-0.2468	0.0113	0.1189	0.9094	-0.3431	-0.1387	-1.8197	0.0941	1.3162	-0.7610	-0.2403	0.9215	2.4804	0.5711	0.0767	-1.0960	-0.3404	-1.9595	0.9490	0.0877	1.1043	-1.5003	-2.1018	-0.5294	-1.8225	0.0112	-0.0003	1.0281	1.6141	1.2571	-2.0232	0.8808	-0.3461	-0.5236	-1.6128	0.0416	-0.6047	-2.4007	0.2327	-0.1412	-0.3638
1.1258	-0.3661	0.3012	-0.0058	-0.1918	0.7724	1.8588	1.2115	0.1449	-0.2832	-0.4061	-1.8635	0.4743	-0.0173	-0.3374	0.4266	0.6496	1.1117	-0.8319	0.3325	0.0596	1.2163	-0.1766	-0.2180	-0.8020	0.2213	0.5271	-0.8329	-0.2921	-0.2719	-1.0127	-0.3576	0.4958	-0.5458	0.3286	0.9397	1.1028	-0.1348	-1.6392	1.2325	0.3141	0.0227	0.6408	0.4391	0.8694	-0.5123	-1.2389	-0.4766	1.0478	-0.4575
-2.1421	-0.1667	-0.1553	-0.7985	-0.0491	0.0880	0.8920	-0.9223	2.3000	0.2608	-1.8302	1.0071	0.6598	0.6183	-0.1266	0.9491	-0.5927	1.9604	0.2987	-0.6495	-0.6760	0.4990	-0.4466	-1.4142	1.8869	1.2933	0.0613	-0.9233	0.2699	0.4166	0.5814	1.6925	-2.1876	0.3476	-0.8171	-2.7390	0.2451	-0.0530	0.3782	-0.3492	0.0406	-0.1218	-0.3108	-0.2063	0.5978	0.3493	-1.0122	-0.3349	-0.7883	0.1158
0.0919	-3.1027	-0.0421	-0.1676	-0.1031	-0.3348	-1.6725	-0.9574	0.2883	-0.3529	-2.6936	0.5040	1.0085	0.2740	1.5496	-2.6046	-0.2824	-0.2597	-0.8364	0.6595	1.1801	0.4342	-0.4396	0.7630	1.4341	0.5492	1.4997	-0.5497	-0.2795	-0.9857	-3.2105	-1.6551	0.6774	0.4923	0.7006	-1.2102	-1.0368	-0.5189	0.7482	3.2286	0.3142	0.3861	1.0656	0.1602	0.6696	-0.6681	-1.5748	1.9644	-0.7910	0.0082
-0.1957	0.1636	-0.5466	0.8289	2.1423	0.4621	0.5116	0.1201	-0.6691	2.2307	-0.5322	1.0314	1.8889	1.5247	0.4369	-0.3941	0.0145	-0.6913	-1.1939	-0.7421	1.0043	0.2262	-1.5350	0.2881	-0.0790	1.0850	1.8536	-0.0764	0.8725	-1.8088	-0.5965	0.7771	-0.0865	0.1723	-0.5131	-0.7798	-0.5364	-0.1475	-1.5483	-1.7009	0.2718	1.8864	-0.3254	-0.1475	0.1195	-1.1197	-1.1718	-0.0013	-0.4697	-0.1332
-0.2418	-1.1241	1.5257	-1.0310	-0.3587	0.0517	0.8463	0.4874	0.5258	-0.5054	-1.2104	-0.0043	-1.6507	-0.8280	1.4297	-1.2865	-0.2236	-1.5720	-0.8539	0.4523	-0.4417	-0.0416	0.8294	-0.5001	-1.1570	1.6381	0.8932	-2.5970	0.9918	-0.5337	1.6108	2.3025	-0.3661	-0.3358	0.1905	-1.5890	1.0972	-1.8806	0.5340	0.3116	0.6043	-0.0352	-0.7020	2.2391	0.0836	1.1509	-1.0882	-0.7121	-0.8541	-1.3072
0.9789	-0.1415	0.7862	0.5954	0.3043	-1.3504	2.4158	0.8018	-1.5912	0.4025	-2.1934	-0.5365	0.1848	0.8437	1.1984	-0.4082	-1.0673	0.7401	-1.3729	0.0753	-1.4675	-0.1193	0.0793	-0.4513	0.6305	0.5721	0.7961	-0.2085	-0.2459	-0.9382	-0.6740	-0.7561	-0.0716	-0.8167	0.4180	-0.8550	-0.0454	-1.4207	-0.5467	-1.0250	-0.1767	1.8753	-0.9805	0.2689	-0.1896	0.0560	0.2466	-0.0015	-0.5845	-1.3379
0.5442	-0.9521	1.3951	-1.2885	0.4828	0.7184	1.3364	0.0990	-0.3423	-1.4885	1.1306	1.9843	-2.1494	0.5583	0.3349	-0.0953	0.5042	0.1919	-2.8326	-0.4796	0.6363	1.1434	0.2928	-1.1712	0.1703	0.4578	1.1863	-0.7933	0.3136	1.4255	-1.0046	-0.1353	-1.3372	-1.0202	-0.3742	-0.1544	0.7030	-0.0749	0.5485	-0.0675	-0.1630	-1.6125	1.2724	1.1454	-0.5819	0.8015	1.0390	1.9813	-0.4672	-0.6952
-0.8509	-0.2828	-0.4200	-1.2191	-0.3561	-0.4201	-0.1835	-0.1346	1.1180	-0.9587	-0.8302	0.2431	0.2300	-0.9830	2.3207	0.3203	0.9568	1.3377	-0.2802	0.3945	1.4109	0.5282	1.5892	0.1335	-0.2494	2.0168	-1.2069	-0.8498	-0.5449	-0.1595	0.0576	-1.1885	-1.5866	1.1099	0.2791	0.8146	0.5777	0.1415	-1.4844	-0.9453	0.2148	0.8206	-0.6718	1.0826	-0.1377	-0.0884	2.1941	0.8736	0.5822	0.7990
-2.4216	-1.5584	-0.0290	1.4322	-0.3327	-0.8199	-0.3370	-0.8369	0.3864	-2.7939	-1.1760	-0.8595	0.0036	-0.4766	0.0588	1.6332	0.3503	0.2185	-0.0589	-1.8257	-0.6730	0.4513	-0.9083	3.0163	0.0422	-0.5010	0.9365	-0.6828	-0.2174	0.4066	-1.5660	0.4183	-0.6659	1.0496	0.0918	-0.8790	0.0912	-0.4947	1.1123	-0.3475	0.8013	-1.4251	0.2969	-1.0332	0.1580	0.9764	1.4170	-0.3946	0.5845	0.1110
-0.2306	0.4034	-0.7551	0.6941	1.2116	-1.0382	-0.6305	2.3360	-0.2859	0.5778	-0.0021	0.7185	-0.0963	0.7455	0.2373	-0.7252	0.5484	-0.6778	1.5570	-1.1432	1.8218	-2.1862	-0.8050	-0.6951	1.0531	-0.2642	-1.1266	-0.8139	-0.9376	-1.3434	0.5220	1.1384	-0.1251	0.8752	1.0484	1.4421	1.2411	-0.3805	-0.8487	-0.2490	0.2954	-0.2225	0.4756	1.5989	1.2401	2.2209	0.6423	-0.6443	-0.9925	0.8423
1.5702	-3.3698	0.2775	0.3438	1.5219	-0.6993	2.7245	0.0651	0.0829	1.1290	-0.2107	-1.4771	-1.6008	-0.0881	0.9727	0.9420	-0.4386	-0.0476	0.6132	1.2751	-0.6607	-0.4047	-0.7335	-0.3157	0.3126	1.1028	-2.1398	0.4297	0.8483	-1.2613	-1.0223	0.2516	0.5558	-0.4974	-1.2215	0.4954	-1.6597	0.5168	-1.1144	1.6142	0.2090	-0.8841	0.4812	-1.7163	1.0840	0.6182	0.6363	-0.7899	-0.7752	1.0877
-1.4146	-0.9655	0.8342	-0.1268	1.2933	-0.6723	-0.7871	1.5520	-0.6852	-0.5729	2.2670	-0.5194	-0.4392	0.2790	-1.3068	-0.1136	-0.7833	0.4748	-0.6772	-0.6360	0.2390	-0.7912	0.4931	-0.8846	1.4868	0.0530	0.6444	-0.9300	-1.4209	0.0953	0.1090	-1.3085	-1.3933	-0.7228	1.8536	-1.8975	0.1371	-1.1284	1.5809	-1.3134	-1.7753	1.8413	-0.9332	1.1041	-0.6224	0.0651	1.0852	-0.4418	-1.8387	-1.1681
-0.1356	-2.3786	0.6412	-0.5573	-0.1102	-1.0419	-2.0622	1.7767	-0.7151	-0.0064	0.3313	0.6263	-0.0912	-2.3711	-0.8457	-0.9519	-0.1530	1.6861	0.8421	0.5705	-0.9962	0.1324	0.9288	-0.9435	-0.7903	-1.8813	0.0329	-1.0510	1.3723	-0.3620	0.4503	0.6432	-1.3893	0.1866	0.1044	-1.8786	-0.9996	1.2401	-1.3497	-0.3609	-0.1383	0.5360	0.0589	0.5720	0.0967	0.2744	-0.8145	-0.7755	-1.4630	1.8317


