
X1	X2	X3	X4	X5	X6	X7	X8	X9	X10	X11	X12	X13	X14	X15	X16	X17	X18	X19	X20	X21	X22	X23	X24	X25	X26	X27	X28	X29	X30	X31	X32	X33	X34	X35	X36	X37	X38	X39	X40	X41	X42	X43	X44	X45	X46	X47	X48	X49	X50
0.6549	-0.6988	-1.0144	0.2938	-1.0979	-0.0562	-0.3442	-1.1924	-1.0917	2.1841	1.0210	-0.3543	0.2987	0.3010	0.7579	1.7627	0.4628	1.8312	0.2802	1.0218	-0.0949	-0.8719	-0.2789	-1.1317	-2.2138	-0.0853	0.9799	0.4424	0.7727	-0.2572	0.0923	-0.2792	-0.8203	1.1856	0.4394	-0.2619	0.1816	-1.2458	0.7113	-0.3962	1.4624	0.9257	-1.2917	-1.3460	1.2144	2.3887	0.4832	-1.4515	-0.7675	-1.4993
-2.0421	-0.0022	1.0506	1.1377	-1.0366	-0.8453	1.0246	0.5433	1.4725	0.4001	0.6672	-1.5081	1.1546	0.3952	-0.1459	-0.4051	0.3385	-0.2061	-0.2895	-0.7976	0.3942	0.1171	-1.5672	0.7306	-0.0436	-1.0141	0.7261	-0.5031	-0.0138	-0.3422	-1.9647	0.2186	0.6945	-0.6685	-0.3577	0.5811	-0.1216	-0.4065	0.2670	0.1923	-0.3405	0.1459	1.1615	-0.9303	-0.1248	0.2844	0.6105	-0.2410	-1.7968	1.5326
-0.6144	1.1623	-0.5992	-0.8207	-1.3923	-1.2634	-0.4046	-0.3329	-0.6011	-2.6812	0.8694	0.0887	-1.2626	1.7683	0.0854	0.6790	1.5387	-1.3812	1.5870	-1.0024	-0.8622	-0.5370	-0.5399	0.1137	0.1962	-0.8601	-0.6905	0.2759	-0.5100	-0.3604	2.4821	-0.0688	0.5372	1.1367	-1.5156	-0.3178	1.0709	-0.5053	0.4693	0.0385	1.0579	1.1904	2.7077	0.4928	-0.9426	-1.3053	-1.2286	-0.5804	-0.4299	0.0159
-0.5801	0.4641	-0.2949	1.0497	-0.5803	0.4709	0.8184	-1.2626	0.4098	-0.0972	-0.0641	0.0532	0.3904	0.9830	0.2897	-1.7681	-1.4041	-0.5534	0.2609	1.4894	-0.6680	0.4820	-1.1356	-0.0885	0.0605	-2.3562	0.1177	0.7013	-0.4388	-0.5909	0.0636	2.1329	0.4505	0.3757	-0.2385	-0.0427	-1.4742	-0.1379	-1.4121	0.0201	0.4726	-1.4260	1.1418	0.4553	-0.9331	-1.1028	-0.9180	2.2143	0.7572	0.8414
1.4441	0.0151	0.1644	-0.1807	1.0668	-0.8287	1.3328	1.2162	-0.0599	1.6009	-0.3790	-0.6235	-0.0825	-1.0672	1.0917	-0.0546	-0.4495	-0.7703	-0.7827	-0.5819	0.1576	-0.5209	-1.2282	-0.0713	1.0956	0.2684	-0.2173	0.2529	-0.5872	-1.7110	0.6511	-1.2608	1.5238	2.9682	-0.4257	-1.5819	0.1056	1.7993	-1.6890	-1.3928	0.8660	-0.7210	-0.8253	1.5947	0.1876	-0.6686	-0.3258	-0.3965	0.1092	0.1026
-1.1067	1.2088	1.9904	-1.3446	-0.0870	0.1040	-0.9706	1.0063	0.2328	2.4639	0.5933	1.1785	0.6588	1.4239	2.3947	1.2825	-1.5511	0.2423	1.0627	0.8954	0.3643	-0.1461	1.1706	0.4467	-0.5943	-0.1623	0.1689	1.6807	-1.1080	1.2653	-0.2165	-1.5473	0.3158	1.3944	-0.2916	0.7258	-0.6716	0.0763	0.0545	0.0205	-2.3430	0.2369	-1.2719	-0.5202	-1.1450	-1.2200	0.8434	-0.0377	0.3987	-0.4755
0.1870	-0.5972	0.0479	0.8859	1.6864	0.8792	-0.0188	-0.2510	-0.4109	0.0264	-0.1219	-2.3977	0.7005	-0.5378	0.0097	0.7030	0.2797	-1.2129	0.5937	-0.0846	-0.1623	1.1604	0.3693	-1.0426	-1.1387	-0.8552	-0.4765	0.6541	-0.2937	0.9616	-0.5380	-0.4277	-0.0283	-0.4260	0.1018	-1.1999	1.3177	0.5081	0.1842	-0.2214	0.4144	-0.5347	0.3453	0.2187	0.8255	-0.3681	-0.1843	-1.2346	-0.8482	-0.8583
-2.3785	1.5800	0.7154	-0.3797	0.3625	0.4754	-0.6569	0.1595	0.4231	2.2922	0.6485	-0.8062	-1.6179	-0.5699	-0.6794	-0.1926	-1.0973	-0.5469	-0.3618	-0.8362	-0.8490	1.3320	0.0794	-0.3096	-0.5608	-1.7689	-0.4700	-1.1858	-0.0924	0.4684	0.4465	-1.0662	2.0653	1.1142	0.7156	0.2134	1.3753	-0.1820	-1.7773	-1.1988	-0.0695	1.0375	2.4735	0.6485	0.0046	0.6378	0.3982	-0.0002	1.6215	2.0561
0.0723	0.3692	0.5954	-1.3580	-1.2060	-1.5387	-0.7086	-1.1684	-0.7369	-1.2147	-0.0024	0.6170	1.2023	-0.3544	-1.2367	-1.4453	-1.7080	0.3105	-0.4423	0.0467	0.0414	-0.1512	-0.0489	-0.6012	1.6099	0.0450	1.0619	-0.1142	0.6416	0.6198	-1.6830	0.3180	1.2703	-0.5462	0.6241	0.1655	-0.0369	-1.4346	-0.4874	-0.6649	-1.5060	-0.2990	-0.0785	-1.2520	-0.1831	0.7470	0.7703	0.3382	-1.1124	-0.6493
1.0182	1.0500	-0.6999	-1.3347	-0.8025	0.1959	-0.8567	0.6775	0.1308	-0.6440	-0.8472	-0.9827	1.3280	0.7902	0.1210	-0.0387	-1.6379	-0.5513	0.3705	-0.3025	0.0318	0.9604	-2.9120	1.0890	-0.9616	-0.3228	-1.1986	2.0087	0.8354	-0.1251	0.3199	0.4210	-0.2612	0.8395	-0.1538	0.4649	-1.3815	1.7623	-0.0666	-1.1678	-0.1825	-0.3431	0.9372	-0.6030	1.1020	-0.6288	1.3570	-0.4308	-0.4260	0.5797
0.8578	-0.5095	-1.1866	1.3319	0.9150	-1.3113	-0.1646	-0.7762	-0.8008	-1.0840	0.5480	0.9899	-1.4922	1.1712	0.8969	-2.0624	-0.3752	-0.2696	-0.3166	-2.0195	-0.9933	-0.2293	-0.6278	-0.9144	-1.3325	0.8343	-0.4963	-0.1900	-0.3836	-0.8028	0.9402	-0.3211	-2.5233	-1.8894	1.4190	1.3555	0.7116	0.9691	-0.0341	0.8404	0.3893	0.0083	0.3453	2.5959	1.5698	-2.1903	-0.7648	0.9365	0.2419	-0.5539
-1.1238	0.5691	2.3221	-0.3706	-0.5183	-0.9105	1.6218	-1.7238	-0.8813	0.4817	-2.5007	-0.5843	2.1702	1.4687	0.6274	0.4031	-0.0237	-1.7258	0.0892	0.3497	0.2059	0.3466	2.5418	-0.1571	-1.0860	0.9592	-0.6202	0.4522	-0.3120	0.1624	2.1255	-0.9450	0.8327	-0.0722	2.3864	0.2238	-0.4636	0.9977	0.2631	-1.9295	-0.6705	0.0583	-0.6848	0.3226	-0.1755	0.0737	0.8346	0.0723	0.2107	-1.4900
1.3941	-0.1798	-0.1773	0.7375	3.0632	-0.4618	0.5133	0.1351	-0.0915	-1.0533	-1.0986	-0.4730	-0.2276	2.6458	0.1746	-0.2939	1.3585	-1.1463	-0.4300	-0.1196	-0.2899	0.7328	-0.6203	2.2423	-1.0268	0.3114	0.5761	0.1832	0.9371	1.5242	-1.4162	0.4387	-0.5146	-1.0033	1.5393	0.6239	0.1039	1.5783	0.5832	0.1596	-0.3775	0.1275	-1.2836	-0.0135	0.4432	0.2103	-1.1513	-2.0211	2.0507	-0.2233
0.6908	-1.5282	1.1271	-1.1253	-0.8167	-0.0164	-1.1315	0.4800	-0.7245	0.1711	-1.2891	-1.7700	-0.2922	-1.2211	0.3674	-0.0996	1.0666	-0.2396	-1.8170	-1.2487	-0.3966	-0.4034	0.6035	1.6050	-1.6264	-0.0380	0.0310	-0.2181	-0.3217	-0.0706	-0.5153	0.2755	-1.5238	-1.4582	0.4067	-0.9393	-2.6351	-0.2620	-0.2903	0.2392	1.5645	0.2696	1.0320	0.3975	-0.9949	0.3120	-1.7480	0.5570	-0.5129	-0.0510
-2.6673	-1.2373	-0.8377	-0.3527	0.5472	1.0865	0.6097	0.6103	1.2135	-1.5658	-0.5395	-0.5165	0.4607	1.2598	-1.8852	-0.3569	0.6919	-1.6195	-0.6558	0.7903	0.0602	-0.2657	-0.6548	1.0576	0.0154	0.5193	1.7601	0.1703	-0.3429	-0.2088	1.6112	-1.2060	-1.1244	-1.6365	-0.2282	-0.5447	0.2392	-0.4508	0.7713	-0.4560	0.0209	-1.7152	-0.9227	-0.8275	0.7717	0.8371	0.4982	-1.1714	1.3212	-0.7449
0.1200	0.5515	-0.0123	-1.1887	-0.4443	1.7418	-0.4689	1.0353	-1.7861	1.5675	-1.2349	-0.4749	1.0317	-0.8506	0.2993	-0.1554	-0.5848	-1.0870	0.8037	0.3937	-0.3936	-0.6768	1.2428	-0.5658	1.0558	0.1816	-0.6564	0.8805	0.4877	-1.2939	-0.6886	3.3973	1.1633	-0.5296	0.6135	0.5778	-0.5626	-1.3911	0.1128	-1.6844	-0.7018	0.6997	-2.0986	0.9284	0.0176	0.3874	-0.1868	-0.8925	0.2145	-0.3824
1.1242	-1.3374	-0.4229	-0.2643	-0.5251	0.0081	0.0297	-0.3918	-1.1137	0.4701	-1.0695	-0.4783	0.2372	0.9977	-0.8292	2.0562	-0.2350	-1.4237	-1.0051	0.1293	-0.3781	0.0681	0.5466	0.5653	0.6922	-1.3613	-0.5073	-0.0020	0.2880	0.1601	0.5010	0.5060	-1.5010	-0.4388	-0.0450	-1.1289	0.5361	0.3640	-0.2226	-0.0860	-0.3442	0.6141	-0.4685	1.6814	0.2718	0.0959	-2.2149	-0.2031	-0.0965	0.5453
-1.2520	0.6841	0.2053	0.5860	-1.3337	-1.1457	0.4637	-0.5099	-0.1682	-0.9555	-0.1167	-0.0136	-0.9031	-0.1635	0.2490	-1.6433	-0.9379	-0.4110	-0.6601	1.7365	1.5687	-0.5052	-0.2625	-0.2467	-1.8668	0.8295	-0.0179	-0.4035	-1.5611	-0.1671	-0.1430	-1.1516	0.8239	0.1737	-0.5048	1.5733	0.5874	0.3137	0.4535	-0.4284	-1.4293	-0.1845	-0.5867	0.3036	0.4039	-1.9339	1.5496	-0.4446	0.5014	-0.1413
-1.7189	0.2221	1.6248	0.1777	0.6593	-0.7423	-0.8346	3.0696	-0.2595	-1.1042	-0.1137	-0.6500	-0.4399	1.2079	1.5586	-0.3084	-0.2839	1.9619	1.0625	-0.8871	-0.5012	0.4877	-1.5795	1.6268	-0.5337	0.2796	-1.6540	-0.2109	-1.3913	-0.9753	0.7113	0.7885	0.8401	0.0079	-0.0182	-0.4584	-0.5291	0.4346	1.1012	-1.6447	-1.4641	0.3061	-1.2194	1.3655	-2.1468	0.4454	1.1755	0.3309	-0.2000	0.6540
1.0075	-0.5653	-1.0111	1.8207	-0.2846	0.4342	0.4949	0.6653	1.1904	0.7182	0.5074	-0.8026	-1.5245	1.1003	0.0235	0.6714	-1.3055	0.2531	-0.1760	-1.4078	0.0064	0.3292	-1.5906	-0.4731	0.7540	1.3017	-0.8742	-0.9937	0.6458	0.7984	0.6308	0.7459	0.1059	-1.2483	0.0812	-1.6110	-0.2594	0.1426	-1.0016	1.2578	0.0787	0.2444	-1.5038	0.2514	0.1644	-2.5973	0.1791	-0.6300	0.5129	1.0969
1.3878	-1.1246	0.9337	-0.3158	0.8907	-1.3732	-1.1114	0.9494	0.2171	2.0806	0.1465	0.6201	0.1540	-0.8538	0.5695	-1.9237	-0.2428	-0.0845	2.1333	1.0202	0.0636	-0.3307	0.9019	-0.5614	0.2564	-0.3645	0.4025	-0.4955	-0.3257	-0.3843	0.2166	-0.4562	1.2116	0.4113	-0.4302	-0.6955	1.5340	0.2800	-0.9216	1.4148	2.8959	-0.0347	-1.1877	0.3173	0.7624	0.6758	-0.2820	-2.3466	0.2527	0.3963
-1.8159	-0.7027	1.5639	-0.5055	-1.9384	0.3087	-0.3425	0.6550	0.1018	1.4538	1.9382	0.2905	0.4073	-0.3355	-0.9318	0.2543	1.8098	1.7002	0.2653	0.8540	-0.2837	0.3264	1.2426	-1.2679	1.3469	-0.3390	0.3489	-1.0622	-0.0017	-0.2480	-0.8331	-0.9664	1.1848	1.5781	1.1191	-1.0695	0.4847	0.0091	0.0698	0.1568	0.1401	-0.4134	-0.7283	-1.0982	0.7385	-0.8931	0.2329	0.6122	-0.2430	-0.9069
1.5275	-1.1247	0.7192	-0.6777	-0.8172	0.7346	-0.7184	-0.3875	-0.6031	1.0743	-1.2092	0.6902	1.1914	-0.8575	-0.3272	-0.1265	0.9857	1.5202	1.0240	-0.2511	-0.2641	-0.5390	0.7899	-0.0167	0.5176	-0.1659	0.0327	0.4500	1.6451	-0.1455	-0.5636	-1.4507	-0.0873	0.3136	0.5029	-2.2145	-0.4429	0.2423	0.7718	-1.3070	0.8986	-0.4736	-0.4767	-1.1099	-0.3858	2.0661	0.2147	-0.1283	0.4620	-0.0796
1.1215	1.6116	0.0221	0.0417	-0.3248	-2.2159	1.0836	-0.0675	0.0597	0.8358	0.2149	-0.1822	0.5190	0.2633	1.5791	-0.6106	-0.1971	-1.1113	0.2249	0.5360	-0.4223	-1.1864	0.0234	0.5266	1.5657	-0.1504	0.5356	-0.1657	0.1132	2.2175	-0.8977	-0.3318	0.1455	1.4666	-0.7471	1.0873	0.2692	1.6534	1.0655	2.2055	-1.7862	-0.7417	-0.6895	-0.3472	-1.4400	1.1822	0.1592	-0.7107	-0.4630	-0.8585
-1.4655	-2.2801	0.7735	-0.2017	-0.7666	-0.3160	-0.2342	0.7361	0.4325	0.9953	-2.2011	1.2511	-1.1667	-0.2453	1.6995	0.0552	1.0597	0.5138	-0.8138	0.9903	0.9966	-1.7746	0.4393	1.5153	-1.7561	-0.2088	-1.9751	-0.4827	0.9168	0.3137	-0.2658	1.1506	0.4793	1.6249	-0.9428	0.0990	1.3159	1.0609	-0.3582	0.4081	0.9687	-1.0031	0.0644	-1.8193	0.8665	0.1382	-0.7460	-1.0714	-1.4458	0.8403
0.0793	-1.2981	-0.0653	-0.8754	0.5985	-1.1772	0.0169	-1.1448	0.7287	-0.7139	0.0427	0.5384	-0.3233	-2.2545	0.6488	-1.5428	-0.1076	0.4697	-0.4058	0.7711	1.3792	-0.7220	0.8453	1.1994	-1.1045	1.7687	0.8210	-0.3052	0.5042	1.9025	0.1186	-0.4337	2.7110	-0.9148	-0.5367	-1.0879	0.2587	0.1480	0.1268	-1.0473	-0.2513	-1.4861	-1.6431	0.4183	1.1977	-0.3537	-0.2202	-1.0537	0.4220	-0.8395
0.4286	-1.0630	0.0715	-0.2269	0.9621	-1.6824	0.1502	0.5091	-0.8723	0.0759	-0.5381	0.2093	0.7690	0.1673	0.8601	0.0785	-0.4025	0.8920	0.2103	-0.5825	-1.9772	0.7093	-0.8501	0.7274	0.1011	-0.2225	-0.1553	1.6007	-1.7754	-1.2828	-0.5051	-0.0829	0.3146	0.4322	0.1992	-0.1820	-2.2283	1.6142	1.3434	-1.5948	1.0221	-0.0064	0.2307	0.7155	0.9108	-1.5290	0.2757	-1.4758	-1.0645	-1.7117
0.2138	-1.2384	1.6860	1.7143	0.6756	0.4826	0.1790	0.8311	1.1830	0.2485	0.0793	-2.3674	-0.3778	1.4404	0.8362	0.5912	-1.0083	-0.8567	-0.8306	-1.5359	-0.3940	-0.4744	0.4636	-1.5508	-1.7268	-0.2666	1.0400	-0.6010	-1.2117	0.6246	0.2175	-0.3286	0.5840	0.6190	-0.4330	0.2602	0.0484	-0.3173	2.3372	0.5241	-0.4412	0.1555	-1.0474	-1.1197	-0.7878	0.6382	2.0788	0.8078	0.6576	-0.2906
0.5404	-0.1203	-0.1784	0.2184	1.0157	0.5206	-0.4558	-0.4015	0.5798	1.8883	0.9595	0.6089	0.7128	0.1864	-0.2300	-0.4107	-0.6637	0.7522	0.0955	-0.2738	0.9643	-1.2361	-0.2961	-2.0527	0.2593	0.4826	-0.1862	1.2897	-0.3780	0.4417	-0.0548	-0.5422	-1.0681	-1.4544	-1.1596	1.1600	0.4941	-1.1190	2.6681	0.6208	0.7340	-0.8234	0.0420	-1.5708	-0.1571	-0.5476	-2.0655	-1.3264	0.3980	0.9810
1.4591	-0.6548	-0.6310	-0.4813	0.8241	-0.4031	-0.3119	0.2036	-0.2312	-0.4593	0.7259	0.6518	-0.0156	0.9097	0.6450	-0.5523	0.3309	-0.2335	-0.7487	1.0236	0.1911	-0.5481	-0.5683	1.1599	-0.4977	1.1945	0.7197	-0.8252	0.5620	0.1123	-0.5585	-0.1804	1.2566	0.3573	1.0719	-0.4468	0.9711	-0.7989	-0.3526	-0.1265	-1.2063	0.5256	-1.5824	1.2402	-0.3333	-1.3421	0.1890	1.0252	1.3081	0.4852
2.0431	-0.6738	1.4805	1.3642	0.6245	1.4125	1.3475	-2.1613	0.8303	1.5268	0.5681	0.3616	1.7004	-0.0814	-1.2975	-0.3773	0.0353	0.3575	0.3712	-0.0712	0.7380	-1.9258	0.8513	0.1725	-1.2563	-0.0484	0.6237	-0.6810	0.7140	0.2307	-0.4002	0.9134	-0.4218	0.0886	-2.3223	1.0298	2.0622	0.4956	-1.6549	0.7488	1.2673	2.2349	0.6673	-0.1145	0.0135	-0.4710	0.8400	1.5988	0.3925	0.3833
1.1632	-1.6831	-0.4050	1.5029	-1.0368	-0.7081	1.0446	2.1928	-0.3923	0.1221	-2.3800	0.6042	-0.1187	-0.5785	-1.0484	2.2629	1.3007	1.4482	-0.3994	0.7572	0.1595	1.1807	-0.8292	1.0739	-1.2315	0.6328	0.4443	-2.0043	0.4515	0.8704	-0.5059	-0.4052	0.1194	-0.3804	-0.6639	1.1515	0.8255	-1.7135	1.2471	-0.3551	0.1452	-0.6996	1.8115	-0.9089	-1.3083	1.1901	-0.3111	-1.5076	-0.5287	0.8743
-2.1506	-0.4158	-0.5748	-0.3268	1.0338	-0.4158	-0.2598	0.9800	0.4051	0.6730	-1.6886	-0.3937	-0.1371	1.0455	-1.7187	0.2812	-1.2545	-0.0635	-0.6605	-0.1393	0.6570	0.7913	-0.2442	-2.0374	-0.1744	-0.0020	-0.5792	0.7368	-0.8020	-0.2270	0.4041	-0.1148	-0.2316	0.7646	-0.4894	-0.1121	0.1928	-2.0067	-1.3703	0.8826	-0.2268	-0.7941	-1.2085	-1.6282	1.5797	-1.0707	-0.6666	0.2229	-1.6853	1.1640
0.3153	-0.4102	-0.7340	0.0335	-0.9612	0.4770	-0.2233	-0.6408	-1.6274	1.1464	1.1563	-1.0266	-0.9953	0.0839	0.6221	-0.1143	0.2106	0.1988	1.6215	-1.0289	-0.0003	-1.5999	0.3743	-0.4439	-0.4991	0.5825	-1.8565	-0.0336	-0.0069	0.5664	-2.7816	0.4233	0.1643	-0.8535	-1.4172	-1.2481	-0.2611	-0.2605	-0.5645	0.3694	0.2407	1.2122	-0.2880	-0.2756	-1.2043	1.0884	0.9545	1.4489	-0.0919	-1.2471
-0.0129	-1.1824	0.2963	1.4546	-0.4147	-0.7464	-0.2434	-0.0125	0.4034	-2.2244	0.2686	0.7132	-0.1519	-0.1159	-0.4238	-0.7377	-1.3323	-0.2989	-0.4958	0.2915	-1.3264	1.0301	-0.0212	0.7188	0.6729	0.7946	0.5177	-0.5598	-0.2024	-0.8419	0.8865	-0.4381	0.8292	0.2279	0.6586	0.3683	0.6744	1.1501	-0.9031	0.6184	1.1356	0.5588	-0.3889	0.8783	-0.0199	1.0367	-1.3790	0.0741	0.7501	-0.3957
-1.4721	-0.7181	0.1567	1.0530	-0.7672	-0.4489	-0.6504	1.4185	-0.1281	-0.6282	-0.2239	0.2476	-0.3038	-0.2803	-0.2345	-0.3050	-0.6607	-0.6378	1.0398	-0.3302	-1.1231	1.2754	-3.2999	-0.6498	1.0686	-0.3623	1.1771	0.4645	1.2031	0.4549	-2.0389	-1.2385	0.7944	0.3527	-0.0336	-0.4612	0.1772	-0.3219	0.8670	0.0641	0.0502	-1.9743	0.6267	1.0949	1.6931	0.6624	-0.5189	2.2839	0.5466	-0.6104
-0.2057	1.2911	0.3170	0.8829	0.0310	-1.0348	2.2907	-0.6623	-0.1018	0.3806	-0.1071	0.6327	-0.2560	-0.3429	-0.1381	0.5334	-0.5736	1.2105	-1.0742	-0.4704	0.0399	-0.5118	0.3441	-0.5472	-1.4625	0.1126	2.2973	0.8583	0.9403	0.9578	-0.4708	-0.3079	-1.2834	0.3648	-0.4482	-0.4289	0.7651	0.1662	0.2280	-0.8024	-1.1451	-0.6537	0.2227	-1.1798	1.4377	0.0925	0.8521	0.9002	-0.9396	-1.0315
0.4638	0.0656	2.0897	-0.9904	0.1686	-0.6626	0.0099	-0.2763	0.3062	-0.4576	-0.2979	-1.0261	1.6024	0.1181	-0.9904	-0.2562	-1.3869	-0.3231	-0.1850	-0.5211	-0.0080	1.4913	-1.3750	1.0757	0.8437	0.5069	0.7759	1.3155	-1.5016	-0.4357	-1.4863	-2.4432	0.6363	0.8394	-0.3328	-1.2817	0.4563	1.7057	-0.3191	-0.4904	0.9235	0.1028	0.2653	-0.5376	-1.1318	-0.3295	1.8981	-0.0881	-0.2079	0.9943
-0.6874	0.8993	0.1125	0.2865	-0.4907	-0.1391	0.8826	0.9610	-1.7160	-0.4451	0.1235	0.4804	0.3061	-0.6909	-1.0878	-0.1092	-0.3644	0.8024	0.8066	-1.6281	-0.1946	0.4761	-0.6139	0.7210	-0.0964	0.6242	-0.4815	2.2103	0.7662	2.4878	-0.3751	0.1225	-0.7761	1.5912	1.6527	1.1493	0.4738	0.5318	0.2654	0.6835	-1.1554	1.8550	0.3515	-0.7148	-0.0822	-0.6420	1.1278	-0.7559	-0.6907	0.5685
-0.5196	2.6626	-0.4411	0.6773	-1.6911	0.4401	0.1253	-0.1176	1.4042	1.0993	-0.0733	0.1815	0.0129	-2.9579	2.2063	-0.6194	-1.2068	0.2690	0.9323	1.7160	-0.9917	0.2760	-1.0803	-0.2252	1.2186	-0.4449	0.8215	1.7331	-0.3841	0.3451	-0.4842	2.1882	0.0563	-1.0683	1.1475	2.6514	-0.0398	0.1809	-0.1881	0.4467	1.9981	1.4952	0.7757	0.1279	0.0841	-0.3817	-2.2920	-1.1986	0.1995	-0.2818
0.2946	0.5861	-0.8879	-1.0703	-1.1332	-1.4034	-0.0648	-0.7144	2.3216	-0.3699	-0.7128	0.3653	1.2473	0.5593	0.3233	-0.2080	-0.1440	-1.5731	0.8163	-1.7802	-0.9487	0.2361	0.5353	1.2573	-0.5450	0.5981	-0.2896	0.2732	0.6494	0.2868	-0.8485	2.0261	1.4189	-0.3740	0.0088	1.5114	-0.6385	-0.8992	0.5094	-0.7227	-2.2836	-0.6630	1.3391	0.4314	0.1479	-0.7078	-1.2239	-1.7198	-0.9848	1.1163
-0.4245	-0.4347	1.5309	-0.1926	0.0334	0.3101	0.2020	-1.1164	-0.3854	1.0558	0.7890	-0.3687	1.0459	1.8546	0.3800	-0.2200	0.5174	-0.2111	1.4099	-0.6302	1.6613	0.5144	0.0633	-0.0312	0.1329	0.1606	-0.1726	0.0564	0.3927	2.1641	-0.7819	-0.9941	0.9246	-0.0798	-0.5797	-0.0763	0.1472	-0.0848	-1.2346	2.1964	-1.1044	0.0974	0.4308	0.4798	1.1493	0.6520	-0.8252	0.0490	0.5761	1.7617
1.0882	0.6347	-0.7647	-0.9257	-0.3000	-0.2531	-0.8012	2.2990	0.3881	-1.3289	0.5133	0.2688	-1.9863	-0.2206	-0.8853	-0.9900	-0.8220	-1.0825	0.3649	-0.8207	0.7944	0.6103	-2.0955	0.1962	-0.9024	0.7889	-0.4557	-1.1827	0.3934	0.9290	-0.0423	0.3076	-0.0867	-0.6476	-0.5112	0.2460	0.1987	-0.6247	-0.0523	0.7662	-0.4824	2.7653	0.1661	1.4995	0.4069	0.3343	2.5315	-0.2414	0.5794	-0.1952
1.2364	0.4897	0.6823	-1.5571	-0.3111	1.0577	0.7901	0.5293	-0.5691	-1.1374	1.0788	1.1572	0.6144	-0.5399	0.4701	1.1783	0.6796	0.9377	-0.5776	-1.2647	-0.2733	-0.4282	0.5938	0.0079	1.5923	-1.1665	-0.8869	0.4368	-0.4716	-0.5048	0.5374	1.0978	-1.0038	-0.5014	0.9839	0.9419	-1.2996	-0.5373	0.2689	-1.0690	0.8392	0.3630	0.2823	-0.3970	-1.6029	-1.2787	-0.4355	-1.3807	0.9967	-0.8506
1.0177	0.2189	-0.4341	1.4728	0.7527	-1.4239	0.0362	0.7408	0.7864	-0.9297	0.5995	-0.2258	-2.1128	-0.4563	-0.3982	-0.5451	1.5842	1.0104	-0.1088	0.3877	-0.2140	0.3155	-0.1222	2.0141	-1.0147	0.2555	-0.4993	-0.6917	1.8297	-0.2614	-2.6597	0.1423	-0.3043	0.3605	2.0326	-0.5122	-1.6275	1.7991	-1.0369	0.7377	-0.9830	-1.8038	2.2840	0.8328	1.5382	-0.4096	0.8645	0.7062	1.2333	-0.6869
-1.2423	-0.4643	0.7359	0.7771	0.1356	0.2779	0.4541	0.7611	1.1252	0.5291	0.6381	-0.6518	1.8014	1.9330	0.0070	-0.8253	-0.3281	-0.2740	-0.5797	-1.3196	-0.0350	0.7651	0.9074	-1.5253	1.6046	1.8575	1.0421	-0.6604	0.2777	-0.4273	-1.0491	1.2370	0.8706	-0.4581	0.1211	0.8189	0.1669	0.3953	-0.5561	-0.6292	1.0402	0.7333	0.0185	1.1352	0.7342	0.9690	0.2440	2.0045	0.5590	0.2789
0.0955	0.5256	0.4097	0.7583	-0.0776	0.8569	1.0252	0.0097	2.1006	-0.9927	-0.4626	-0.0798	-0.0198	1.9372	-0.9130	0.9167	0.2754	-0.4054	-0.8155	0.7406	-0.8188	0.7236	-0.1118	-0.6739	1.6750	0.0714	-0.3554	-0.4833	-0.4472	1.4666	-1.1010	0.4973	1.3773	0.4114	-0.8464	-0.9594	1.7426	0.1601	-0.0046	-0.4675	-1.2395	0.4597	-0.1481	-0.4873	0.1271	1.0357	-0.7462	-0.0585	-0.1824	-0.0419
0.5317	0.5513	-1.4414	-1.0659	-0.4593	0.2129	0.9031	-0.9144	0.5088	0.0753	-0.8472	1.1511	-1.3556	0.3879	-2.1424	-0.4849	0.1828	0.5269	0.2526	0.6984	0.5009	-1.7217	1.9302	0.3256	1.1061	1.3207	1.2117	2.4018	1.6486	1.3163	-0.9033	0.4360	-0.1041	-0.1600	-1.4208	1.5348	-0.2481	1.5686	-0.7511	-0.4281	-0.1883	-0.2704	-0.3699	-0.5700	-0.8079	-0.6126	-0.1966	-0.4196	1.0435	-1.8963
-0.3679	0.5176	-0.7401	-1.0962	1.4677	-0.3105	-2.2748	1.6317	1.1678	0.6302	0.6213	-1.2270	-1.6486	1.0816	-0.9354	0.1870	0.9915	0.4500	0.1094	1.2576	-1.3474	-0.8350	-0.0842	0.0348	0.7765	0.7372	0.5400	-0.8483	-1.0553	0.3820	-0.3792	0.2044	-1.6004	0.6258	-0.3991	-0.5019	-1.3967	0.2015	0.0197	-0.5180	-1.0828	0.1464	-0.2016	-0.5613	0.3500	-0.3816	-1.2919	-0.3532	1.4021	0.7818
0.2337	-1.6653	-0.2588	0.4469	-0.4901	-0.3403	-0.1862	1.1455	-1.2604	0.8802	-0.6287	1.3563	-1.4607	-0.3781	0.2072	-0.7578	-2.0678	0.5383	-0.2602	-1.6812	0.3154	-0.6190	0.6968	0.9673	-0.1644	0.0592	-0.0717	-1.4771	1.7178	0.3747	-0.2995	0.3172	-0.3932	-1.6156	-0.4531	1.6968	-1.0057	0.7449	0.0572	-1.0891	-1.5062	-0.7477	-0.4462	-0.2732	-0.2899	0.7166	-0.0773	-1.7311	-0.4161	-0.4792
0.3279	-0.7405	0.2410	0.9473	0.1840	0.3241	-1.0835	-0.2710	-0.3688	1.0880	-0.5448	0.7842	-0.5438	-0.0218	-0.4075	-0.4988	0.4150	-0.6605	0.5414	-0.4704	-0.1214	-0.9131	0.4021	-2.5015	-0.3228	0.7673	0.5897	-0.8152	2.0195	1.2305	1.2421	-0.5283	0.1585	0.3683	0.7659	-1.3193	0.2481	0.4943	1.0539	-1.4869	-1.3254	-0.5424	0.2443	0.3719	-0.6456	0.1202	0.8020	0.1844	0.3448	1.9434
0.3246	0.8468	-1.0834	0.8528	0.2240	-0.6641	1.1376	1.3808	-1.4973	-0.7036	-0.2302	-0.5654	-2.0325	0.2573	-0.9038	2.2572	1.1687	-2.2068	-0.5418	0.2748	0.9134	1.7565	-0.7014	-0.5773	-0.7707	0.9155	0.3869	-1.2961	0.7150	0.6452	-1.1805	-0.3503	-0.1606	0.5719	0.3687	-1.1293	-0.1241	-0.9198	0.8183	-0.0470	0.6991	0.2754	-0.6432	0.2384	0.3084	-1.5146	-0.1007	0.7392	1.7461	1.8463
0.7614	1.6765	0.9431	1.9905	0.7611	-1.0027	0.7193	0.2860	1.5395	0.9196	-1.0006	-0.8083	2.0225	0.3815	1.4027	0.4469	-1.8892	-0.1672	-2.2010	-0.1200	-0.3136	1.8646	-1.8627	0.9142	0.1408	-0.9512	1.0447	0.0148	1.3121	1.9708	-0.8262	-0.0643	-0.6063	0.2830	-0.0231	-0.5778	-1.2618	-1.6302	0.0189	-1.3839	-1.2663	0.1844	-0.8190	1.6250	-0.3427	0.6223	-0.1964	-0.9255	0.5476	0.2944
-0.8688	-0.4580	-1.3328	-0.5362	0.6304	-0.2606	-0.0343	-1.2305	-0.8376	-0.3954	0.1293	0.0090	-0.0365	0.7149	0.2150	0.7601	2.1828	-0.4036	-0.2674	0.9032	0.9307	0.6234	0.2006	0.8060	1.4787	-1.6956	-0.2721	1.1630	-1.9026	-1.6130	0.3615	0.9238	-1.0766	0.9283	1.3492	0.5967	-0.1656	-0.3437	0.4452	0.8001	-0.2999	-0.9574	0.7891	0.4587	0.1969	-1.1119	-0.4103	1.0909	1.6903	0.4597
-2.0610	1.0679	0.6234	-0.4505	0.1259	-0.1416	-0.3002	0.4415	-0.8410	-1.4181	-0.4620	0.7771	1.9502	-1.0871	0.1207	1.1570	0.5531	-1.0235	-0.1321	-0.2960	0.0042	-0.8217	1.2982	2.2669	-0.0009	-1.4878	-0.5872	-1.3501	1.1588	1.1098	0.0733	-1.0745	0.2732	-0.0728	-0.4125	0.4783	-0.6109	0.3343	-1.7085	2.2341	0.6628	0.7464	0.0544	1.8181	-0.4176	0.2724	1.8671	1.1910	1.2574	-0.3429
-0.4076	1.3356	-0.2798	2.9570	-0.4346	0.3305	-0.7315	-0.6877	0.5251	-0.7988	-0.1563	0.3095	-0.8902	-1.2518	1.0788	-0.0198	-0.2690	-0.1363	0.1772	0.4078	1.5302	-0.2252	1.3194	-0.2479	-0.0370	-0.1002	-0.4310	0.9448	1.6211	0.1909	0.2965	1.1345	2.2201	-1.4785	1.3057	-2.1753	0.2385	-0.1969	-0.4601	-0.8786	-0.4351	-0.9470	-0.5182	0.6075	-0.0107	-1.2008	0.3960	1.5774	1.3736	0.7644
-0.2346	1.4549	0.2392	-1.3288	-0.1213	-1.5981	1.1408	0.4531	0.0259	-0.2761	-1.1350	0.5987	0.3187	1.0369	-1.0243	0.3970	1.1174	0.5985	-0.0442	-0.9245	-1.0486	0.0363	-0.9940	-0.6184	1.3189	-2.2783	2.5709	0.6948	0.4828	0.0567	-1.9454	0.6036	-0.4668	0.9443	-0.6936	0.0983	1.8703	-1.5005	1.1483	0.4870	-1.0720	-1.1336	0.4397	0.0555	-0.5172	0.6796	0.6883	0.7019	0.0974	-1.0891
-0.5260	0.2238	0.4364	2.2675	0.4458	-0.5697	0.0856	-0.3921	-1.3325	1.3894	0.6114	-0.9960	0.0877	-1.1379	-0.8628	-1.1950	-0.1681	-1.1778	-0.6771	-0.6272	-0.3585	0.3399	-2.2179	-1.0519	0.2265	2.1687	-0.8399	-0.3428	1.5562	-0.1107	0.7523	0.0851	0.5689	-0.7388	-0.8867	0.5013	-1.7515	-0.1502	0.1575	1.3978	-0.6015	1.5278	-0.6835	0.8545	0.7028	0.6618	1.1125	1.6195	-0.2039	-0.1983
0.6279	-0.1267	-0.7885	-0.6058	0.3268	0.1305	0.2701	1.3717	0.2994	0.6615	-2.3629	0.6140	-0.3813	-1.7316	-0.3258	-0.1515	-0.0820	0.8573	-0.0994	-0.2805	-0.4653	-1.3083	-1.7522	0.6724	0.1537	1.3246	-1.0685	-2.0181	0.8915	0.7045	0.3596	0.4171	-0.0418	0.4798	0.6078	2.1843	-0.7838	1.6414	-0.6766	-0.8093	0.0237	-0.7930	1.1698	1.3873	-2.3072	0.4489	-0.1351	0.6221	-0.1742	1.1297
-0.4680	0.8558	-0.8434	0.3698	-0.0905	0.6325	-1.6322	0.0713	-1.5682	-0.0909	-0.9013	-0.4553	0.6821	-0.7006	-1.4162	-1.3255	-0.9628	0.1486	-0.5143	0.7999	-0.6914	0.4386	0.3905	-1.6418	-0.0366	0.2620	-0.9797	-0.0997	0.9721	-0.0175	-0.6992	-1.5937	0.6922	-0.9101	1.9265	0.1100	1.4675	0.5782	0.3100	1.3181	-0.0326	-0.3002	-0.4237	-0.3180	0.6037	0.2642	-0.6507	0.0482	0.5960	-1.2095
0.9728	-0.6171	-0.1267	-0.7292	0.8806	-0.4392	-2.6673	-0.1393	0.7056	-0.2877	0.5649	0.5218	-1.3231	0.7260	1.8486	0.1008	0.5003	0.6124	1.6001	-0.8108	0.6763	-0.5021	0.8297	1.3114	-0.4369	0.4019	-1.8055	0.3973	-0.1721	-0.4086	-0.2510	0.1602	-0.8619	-0.6860	-0.4903	1.1211	0.0026	-0.9076	-1.4745	-0.5533	-1.1047	0.5788	-1.2533	-1.2968	-0.9898	1.3201	-1.1542	1.1275	-2.1922	-1.1202
-0.0529	-0.4242	0.7937	-0.6559	1.3637	0.1079	0.4057	0.1976	0.4056	-0.8401	-0.6141	-1.7825	1.1304	-0.8986	0.8635	-0.0274	0.2685	-0.7931	0.0565	-2.0483	-0.1489	1.5503	-0.5089	2.0910	0.2662	0.5074	1.7084	-1.1262	-2.0163	0.3710	-0.4063	2.2630	-1.2749	0.3244	-0.4143	-1.8623	-1.7561	-0.3708	-0.3154	1.4449	-0.0610	0.3090	1.3590	0.0678	1.3690	-0.5375	-0.6942	0.5594	-0.2141	0.0563
0.7423	0.8782	-0.6749	0.5960	-0.3858	-0.0843	2.2676	0.4841	-1.3086	-1.3107	-1.8927	1.3089	-2.0655	-0.3815	1.3411	0.2484	-0.1117	1.2675	-1.3905	1.9559	-0.1353	-0.1089	1.6652	-1.3171	-1.6392	-0.7204	0.4758	0.8046	-0.4316	0.4743	0.6611	0.3910	0.0940	2.7741	-0.7577	1.1995	-0.4604	1.5859	0.1992	0.5719	1.1556	-1.1167	1.4038	-0.6441	0.9553	-0.3694	1.5839	-0.3090	-0.9943	-2.5978
-0.5209	0.7749	-0.6244	-1.3802	-0.4028	-0.0254	0.7903	0.5936	-0.6774	0.3539	-2.4476	-0.7179	-0.3072	-0.4490	1.1772	-1.8707	0.8132	0.7642	-1.3322	1.5598	-0.2628	-1.1333	0.0493	0.6187	-1.0235	-1.1984	1.4043	0.7464	-0.5192	0.3203	-0.0705	1.1199	1.6616	0.0105	0.0820	0.1452	1.3364	-0.8180	-0.6246	-0.1976	-0.1800	0.2763	-0.0970	0.1191	-0.1694	1.2175	2.0360	-1.1039	-1.2285	-0.5035
-0.5151	-0.0378	-0.5326	-0.2830	0.3572	0.2536	-2.2381	0.6398	0.1344	1.3823	-0.4241	-0.3888	2.5393	0.1874	-0.7317	0.4893	-1.4073	-0.0674	0.2447	-1.5188	-2.1260	0.0026	-1.9217	0.0953	-1.7164	0.3109	-0.7188	2.1218	1.0807	0.5178	-1.6089	0.5917	0.8977	0.5524	-0.2058	0.2946	-1.0332	-1.8344	-0.3838	-0.6613	0.5529	-0.8370	-0.3499	-0.4260	0.5318	0.1079	-0.1835	-1.1132	0.9704	1.5950
0.6517	-0.6990	0.6407	-0.2979	0.2017	0.9804	-0.4939	0.2121	-0.4924	-1.0522	-0.6571	0.7977	-2.3798	-2.0642	-1.1493	1.3945	-0.1908	-0.5544	0.2267	0.2246	1.6940	1.1869	2.2492	0.9181	0.0539	-0.0894	0.4703	-0.8786	-2.1348	0.4571	-1.9286	-2.1267	-2.7141	1.2334	0.0916	-1.2651	-1.5354	-0.7694	0.4825	-0.5051	0.4158	-1.4111	-0.6623	0.9477	0.0342	1.2311	0.1520	1.3413	0.7661	-0.7904
0.9975	-0.9926	1.4477	0.3034	1.2154	0.5720	-0.3109	0.5781	0.1134	-0.7063	-0.4600	-0.1396	-0.7282	-0.2807	0.4150	-0.5801	0.2494	1.2200	-0.4918	-0.5788	-1.7305	-1.3149	-1.1108	1.7712	-1.3514	-0.6954	-1.4823	0.0244	-1.4450	1.1330	-0.6369	0.2062	-2.1051	-0.5297	-0.8103	0.5476	0.4807	-0.7820	2.3266	-0.5212	-0.1618	0.4341	0.0011	0.1518	-1.1939	0.4523	1.4822	0.8755	-0.2822	1.0838
0.3226	0.6630	0.1183	-0.1970	0.6590	-0.0159	0.2746	0.3884	0.1628	1.8908	0.0843	0.7302	-0.5992	0.9354	-0.3127	-0.0242	-0.7966	-1.8675	0.3132	0.8292	-1.1673	1.4328	-0.0308	1.6229	-0.9793	1.0320	0.7214	0.9690	-1.4396	-1.0969	-0.8589	-1.7797	-0.7822	0.4335	1.1052	-0.6801	-0.5447	-1.1476	0.9120	-1.0154	-0.2539	1.1783	0.3579	-0.0351	-0.4860	-1.5420	1.0513	0.1773	1.3964	0.6288
0.8576	0.8252	0.7138	1.0668	-0.9464	0.0338	1.3494	-1.1062	1.5189	0.4736	-0.3424	-0.2163	-0.3418	-0.0018	0.2042	0.5532	1.5072	-0.6316	-1.3807	-0.4756	-0.2867	1.0737	0.6199	1.3359	-0.4484	-1.3754	0.4010	0.5345	0.2043	0.7274	-0.2357	-2.2840	-0.3499	0.2471	0.0824	-0.0008	0.7508	0.7731	0.9898	0.3135	0.0287	2.4533	-0.5585	-0.8731	-2.2339	0.7338	0.3308	-0.6287	-0.5923	0.4156
-0.9188	-1.4313	-0.4384	-0.2170	-1.0476	0.2341	0.1856	-0.9398	0.2637	-0.3318	0.6074	0.6437	0.2641	1.6766	0.0481	-1.0593	0.0115	-1.0124	-0.3640	-1.1270	1.3946	1.1932	-0.4638	1.4391	0.0432	1.0185	-0.0738	-0.2224	0.7034	-0.5611	-0.6336	0.1424	-0.4495	1.1799	1.1106	0.7056	-0.5654	-0.7850	-0.3418	-0.4858	-0.2778	1.0306	-1.2064	-0.8068	-1.9458	-0.1047	0.7441	-0.7135	-1.6080	0.9882
-0.0139	-0.0010	-0.3497	0.6959	-0.4430	-0.5099	0.6373	-1.0025	-0.3679	-0.0064	0.0710	-1.9198	-0.2898	0.7576	0.8149	0.3127	-1.2075	2.6920	-0.4735	1.0861	0.8291	-1.2776	1.2583	-0.1453	0.2046	0.0611	-0.4794	0.8524	-0.2121	-0.5028	-1.5497	0.2294	-0.1180	0.8505	0.8655	0.3895	0.4170	-1.8872	2.1510	0.6312	1.3512	0.3241	-0.7037	1.5301	1.2342	0.5585	-1.0200	-0.9103	0.1630	0.0219
-0.2897	0.5986	0.2743	-0.0927	0.4414	1.1616	-0.4702	-2.5925	-0.1711	0.3472	0.0742	1.3186	0.8897	0.4936	-1.1171	0.8571	0.7389	-0.1490	-0.5336	-1.1268	-0.6355	0.1117	2.4793	-0.5869	0.8782	2.5811	-1.1721	-1.5705	-0.5034	-1.1050	-0.0052	0.4183	1.9042	-0.1099	-1.4802	0.8458	-0.4291	-0.4029	-0.5724	1.6130	1.9366	-0.7128	-1.9020	-0.9818	1.6119	-1.2906	-0.1562	-0.9561	0.1008	-0.6560
0.6641	0.3295	-0.9751	0.0276	-0.0630	1.5022	0.9243	-0.3015	0.2821	-0.4788	-0.7225	-0.3753	-1.0145	0.3946	0.1007	0.2318	0.1798	1.0363	-0.0397	0.8422	-2.2486	0.3313	1.6194	-0.0536	0.7857	-0.2310	-0.5451	1.6661	0.2773	0.3941	-0.0716	-0.7258	2.2060	0.6091	-1.3546	1.2016	0.6102	-0.2103	-0.9347	-0.1837	-0.0446	-1.1760	0.2330	-1.1654	-2.0938	0.4388	-1.0215	-0.7791	-0.4138	-0.1852
0.1472	-0.0324	-1.8585	-1.8199	0.8408	0.4081	1.3626	-1.2257	2.3427	0.3102	-1.7921	0.6581	1.0373	0.5148	-2.7265	-0.8485	-0.0854	1.2757	-1.5423	0.1360	-0.5593	0.1216	1.2307	-0.9201	-0.0397	1.0361	-1.0567	-0.1994	0.0620	-1.6953	1.2592	1.0940	-0.6668	0.3669	0.9377	-0.1690	-0.1497	-0.3799	1.2546	-1.1423	1.0914	0.6188	-1.2418	1.0326	-1.3767	1.1909	0.8773	1.1927	0.8033	-0.5717
-0.1388	-0.8714	0.7054	-0.4669	-0.9329	-0.4051	1.0306	1.8403	-0.0004	1.9779	1.7957	-1.1830	-0.5588	-1.9687	0.9748	0.3451	-0.1072	0.1169	1.9787	-0.6028	-0.2005	1.5850	-0.1720	-0.0040	-0.1803	-0.4979	-1.3506	0.4954	-1.2908	0.5645	-0.2441	0.3184	-1.0720	-0.5029	0.3690	0.1198	0.9070	0.2748	-0.3371	0.1941	-0.7371	-2.2825	0.1390	2.6765	0.9964	0.5532	0.4030	-0.6195	-1.3953	0.4247
-1.0109	0.7064	-0.7145	0.1340	-0.5348	1.6642	-0.7120	-1.4687	-0.5896	-1.0145	0.1507	1.9242	-0.1938	-0.3529	1.6484	0.9237	1.0559	-0.8561	-1.3127	1.1053	-2.8575	0.3919	-0.7223	-1.1247	-0.2519	0.5710	0.0166	0.1633	-2.5453	-0.3754	-0.2532	1.6211	0.3407	-0.0027	1.5993	0.4280	-1.1274	-1.6763	-1.1559	-2.0162	-0.8145	0.8517	1.8849	-0.7248	-1.0437	-0.7874	0.3126	0.7249	-0.6467	0.2508
-0.4488	-0.1101	0.0280	0.2873	2.6136	-1.6335	1.8814	0.9812	-0.9941	0.7398	-1.3906	1.2185	0.7818	-0.2454	-1.0460	0.6098	-0.5470	0.8695	-0.5972	0.5763	-0.3352	0.7651	-0.4732	-1.0159	0.5307	0.1603	1.1519	-0.6800	0.1207	-0.1177	-0.5946	0.7008	-0.1985	1.6612	-0.8320	-0.4970	-1.1285	2.9232	-0.0484	0.2106	0.3595	-2.4483	-0.1357	-2.1816	-1.4741	2.9500	-0.3702	-1.4108	-0.2863	1.4428
-1.2119	0.0609	0.9999	-0.3287	-0.0385	-0.7991	-0.4220	-1.5229	-1.4396	-0.8300	-0.5054	-0.7655	0.2295	-0.3145	-0.1708	1.7924	-0.2306	-1.3420	1.2998	0.9228	0.2449	0.9168	0.2262	0.3895	1.0596	-1.4146	0.9484	1.8003	0.4918	0.2975	-0.0641	0.4305	-2.2124	-1.3994	1.4081	-0.1179	-0.9272	1.1543	0.3652	-1.0455	2.0453	-1.2282	0.1517	-0.9514	0.7385	0.1091	0.4680	-0.8214	-1.4979	0.3499
-0.9660	0.8110	0.8506	0.7464	1.9783	0.1001	0.1824	-0.0441	-0.8376	0.5646	-1.2170	0.9971	-0.8554	-1.0998	-0.5212	-1.0787	-0.4105	0.3436	0.3149	1.3287	-0.3003	0.8374	0.0732	-0.2775	-0.3007	0.0396	0.3843	0.1884	0.1936	1.4242	0.6125	2.5162	-0.2718	-1.6923	-1.4735	-2.6411	0.4716	0.0540	0.3526	-0.1224	-1.5444	0.9129	1.2174	-0.7436	-0.5447	-0.2063	1.0060	0.4501	-2.4369	0.5301
1.0282	0.3796	-0.8947	0.5148	0.0831	-0.9993	-0.2117	-0.5103	0.4181	-0.2585	2.7446	1.4249	-0.0767	0.0443	-0.4352	0.6981	-0.5380	-1.8473	0.8737	0.9612	-0.3900	0.4100	-0.3823	-0.4644	1.3143	-0.0436	-0.0057	1.0331	0.3949	0.1087	-1.5306	-3.2316	-0.3798	0.1603	-1.5414	0.4220	-1.1209	-0.8744	-0.8634	-1.2220	-0.1769	-0.9452	-0.8452	1.4462	-0.2872	-0.7676	0.3648	1.0879	1.2956	2.3953
-0.1943	1.5996	1.3484	-0.5508	-0.1336	0.1057	0.9356	0.7709	0.5612	-0.5344	0.4918	-1.3230	-0.4529	-0.9964	0.0599	-0.9394	2.0215	0.1728	0.2589	-0.4202	-0.0329	1.2954	-0.4111	0.9339	0.6846	0.4976	0.7344	-0.3651	0.1603	0.5645	-0.8941	-0.5557	0.3098	1.5303	0.2721	0.1943	1.6604	-0.2339	0.7606	-0.8250	0.1716	-1.5929	-2.1735	1.3470	1.7008	-0.6452	-0.2010	0.9951	0.3580	-0.3197
-0.4528	1.4842	0.3407	-1.5331	-0.0410	1.3110	0.9763	-1.8044	0.9087	0.5052	0.8152	1.3047	0.8776	-1.1873	-0.1737	-1.9786	-0.6045	0.7210	0.5080	-0.2876	0.8395	-2.0794	1.5592	-0.2633	0.2901	-1.7097	0.2828	-0.9172	-0.3292	1.4756	-0.2366	0.8571	-1.6915	0.5675	-0.2278	0.7072	2.2600	0.0855	0.2707	0.3913	0.6764	0.5153	-1.4128	1.2322	-0.4481	0.1985	1.0284	0.4921	1.0504	0.0422
-0.9032	0.4336	0.6641	-0.1609	-0.2999	0.2495	-0.2976	0.9561	0.9880	-0.4906	0.6891	-1.6840	-1.8688	-0.9097	-1.0765	-1.0762	-1.8861	0.6370	0.1158	0.3300	-0.9028	-0.4025	0.8075	-0.6057	0.2086	-0.2702	-0.8541	0.2383	-1.4470	-1.0160	-2.4620	-0.8435	-0.1030	0.1321	-0.2741	-1.0119	0.5977	-0.0134	-0.4453	0.6942	-0.8913	-1.1642	0.3499	-0.1497	-1.4094	0.4703	0.9898	-1.0411	-1.7564	0.1934
1.3979	-0.7867	0.3434	0.3561	0.1783	0.0729	-0.4634	-1.5547	0.1972	1.1265	-0.1416	-1.4019	-0.4998	1.3772	-0.6321	0.1484	0.8746	1.0158	-0.9449	2.1371	-0.2288	-0.8663	0.7899	0.8608	0.6639	-0.4777	-1.2368	0.6900	1.0068	0.7170	-0.0919	-0.3944	-0.5255	-1.9107	1.1495	1.4568	1.8868	-0.2386	1.2513	-0.7643	0.2312	-0.5915	0.0008	0.1355	-0.6216	-1.2676	-0.0459	-0.4513	1.3196	-2.3649
0.2148	-0.8383	0.6662	-0.2746	0.0644	-0.5502	0.6177	0.0668	0.6571	-1.2110	1.1756	-0.8775	-1.3713	0.6225	-0.9132	-0.7880	-1.2010	0.4355	-0.1360	0.2769	1.6060	-0.9774	0.4969	0.2472	-0.1335	-1.0493	-0.5499	1.2131	1.0384	-0.7615	0.5427	0.0589	1.3382	1.5519	-0.0509	-0.6380	0.3773	0.0414	1.2273	0.1849	0.3075	-0.1735	0.0386	-1.2883	-0.5110	0.2759	1.7554	-0.2524	-0.3785	0.7573
0.1639	-0.0008	-0.1887	1.7046	-1.0565	-1.3198	-0.7909	0.3915	-0.0130	-0.5454	0.5535	-1.9957	-0.0092	0.4533	-0.0237	2.2709	0.9347	0.1955	0.5805	-0.2377	-0.7010	-0.1558	-0.3685	-1.8386	0.9803	-0.1543	1.4251	0.4133	1.9579	-0.0747	-0.7551	0.2706	-0.0887	-1.6211	-1.2327	-0.2484	-0.9318	1.9031	-1.6810	-0.3650	0.9990	-0.9947	1.6241	1.8942	1.6605	-1.1770	0.5562	-0.2568	0.2242	0.9210
-1.2540	2.3534	-1.1915	-0.6620	-0.0612	-0.0838	0.1400	1.7746	-0.6612	-1.6073	1.2275	2.6037	1.7667	0.2300	-0.7044	1.1704	0.2330	0.7512	-0.5797	-1.6174	0.3377	0.3324	-0.0838	0.1764	-0.1446	1.2805	0.8582	-0.0577	-0.5305	0.6690	1.1721	1.1206	0.2318	-0.3512	0.3530	2.9828	2.1185	0.4486	0.1352	-0.5839	0.8319	-1.9196	-0.6272	-0.5845	-2.7609	-0.8036	0.4407	-0.5667	-0.0110	-0.3730
-0.0948	1.3633	-1.5975	-0.4681	-1.1090	1.7034	-0.2148	-0.9826	0.3344	-0.8065	-0.6088	0.5947	-0.1056	-0.4735	0.2524	-0.3114	-0.3546	0.4231	0.3847	0.3636	1.2221	0.7417	2.1369	0.1439	0.3985	-1.2201	0.1862	0.6404	-0.5850	-1.5736	0.9498	1.9663	0.0298	1.1874	-0.9664	0.0316	-0.1313	1.6165	0.5649	1.0742	-0.3781	-0.1190	0.6389	-0.7775	-1.4034	-0.2535	-0.1747	0.4783	-0.3252	0.3168
0.8630	0.1310	-0.8857	1.3517	0.4163	1.1383	-0.2461	-1.4670	0.6035	0.6925	-0.0989	0.3258	1.2704	0.3588	0.9580	1.7020	-0.8973	-1.2994	-0.0024	1.2531	1.9614	1.1121	1.1073	0.7267	-0.6240	0.3573	1.7376	-1.9961	-0.3014	1.8029	0.8234	0.0702	-1.3862	-1.3088	-0.1797	1.2226	-0.1970	-0.5920	1.2587	0.0864	-0.4502	1.2101	0.3678	-0.2861	-0.0664	-0.0860	1.4755	1.8439	0.6699	0.3083
-2.8792	-1.0230	-0.9477	-0.2269	-1.2575	1.3438	-0.5987	-1.1479	-1.2455	0.2165	-0.5430	-0.4063	-0.7679	-0.9702	0.0770	-1.5911	-1.0189	-0.7317	-0.9779	-0.3353	-0.4635	-1.1135	-0.6244	1.0735	-0.2588	-1.5424	0.1904	-0.3534	1.5387	0.8402	-0.6014	-0.6919	1.2283	-0.6200	0.4001	0.2330	-0.4135	0.3173	0.6785	1.1714	-1.9393	-0.0547	1.5829	-0.4156	0.3409	-0.2450	-0.6201	-0.6575	-1.3340	0.2295
0.8459	-0.4819	0.1689	-0.3732	-0.1794	0.1014	0.3615	0.3200	-0.1882	0.6048	-0.3339	1.8532	-0.5853	-0.4196	-0.6507	2.4738	0.8282	-1.9803	0.8175	-0.3586	-1.0036	0.7394	0.1793	-0.1829	0.6074	-1.0436	0.8605	-0.3287	2.0153	-0.2589	0.2844	0.8275	-0.6354	0.1788	3.5488	-0.1051	-0.1765	1.0953	1.0391	0.3605	0.0904	-0.1903	0.2019	0.9238	-1.1088	-0.2444	0.4034	-0.0805	1.3658	-0.1745
-0.5996	0.8749	-0.2842	-1.3465	-0.0582	1.9312	-1.6089	1.0243	0.7918	0.7197	1.1072	-1.0070	-0.2095	0.0156	0.0110	-0.0209	-1.1882	1.3321	1.0835	-0.6780	-0.5160	-1.1533	0.6634	-1.7132	0.0767	-0.4618	-0.6357	-0.5009	-0.0044	-0.6399	0.4943	-0.2937	-0.3111	-0.1822	1.5438	1.2813	-2.3305	1.0756	0.3957	1.2761	0.9529	2.4846	1.4793	-0.7823	-0.2853	0.5251	-1.4983	-0.7792	0.6214	-0.3399
0.2647	2.2250	-0.7696	0.5011	1.3142	0.1495	-1.9330	-0.2810	-1.1286	0.8077	-0.1679	-0.5328	1.0940	-0.1983	-1.4062	-1.2119	0.3832	0.6979	-0.1386	0.9723	0.0853	-1.3905	-0.0064	-0.5174	0.0524	-0.3530	1.9224	1.3458	0.1059	1.6251	0.3360	0.9137	-0.0477	-0.7654	-0.3538	0.9025	-1.7477	0.9474	0.6980	0.1944	0.6932	0.6482	0.7126	0.7134	-1.4723	-2.5070	-0.9104	-0.2718	0.2842	0.1221
1.2158	-0.6313	0.9419	1.0792	1.3195	0.1767	-0.4035	1.2618	-0.0034	0.0272	0.6529	0.4544	-1.2489	-1.1751	0.8801	-0.6854	0.0930	1.2450	1.0317	0.3828	0.0064	-0.2918	0.5365	0.1898	1.7280	-0.0282	0.5771	1.2299	1.6047	-0.7327	2.3064	-0.7807	0.2461	0.5573	-0.1947	-0.4174	0.2103	-1.1305	-0.3208	-0.7560	-1.5512	-0.5603	0.3363	-0.1591	1.9990	1.4886	0.9395	0.7514	0.0195	0.6506
-0.1728	-0.2043	1.0924	-2.2148	0.1171	-1.4391	-1.7961	-0.4124	-0.1616	-1.0745	0.2627	0.4372	-0.4441	0.8763	-0.2225	-0.0062	-0.0455	0.6066	0.4670	1.8492	-2.5301	-0.2878	-0.5569	0.5078	0.7239	-0.2516	-0.0180	-1.2503	2.0594	0.3286	-0.1831	0.3667	-2.5428	0.1091	-0.9132	-0.9165	1.4108	-0.1426	-1.8875	-0.6739	-1.1776	-0.8291	1.0602	0.8064	-0.3506	-1.6009	1.5584	-0.8655	0.6418	-1.1885
1.5230	0.1831	-1.5284	1.3253	0.8368	0.5095	-0.4761	-0.3212	-1.5443	-1.0641	1.8174	-0.4561	-0.5036	-0.0668	-1.1262	0.5203	-0.8265	0.0941	-0.5010	0.6025	0.5782	-1.3923	0.8395	-1.9233	0.0812	0.0565	0.5098	1.9052	0.3590	-0.1358	1.3427	1.1117	0.3934	-1.2252	0.6264	-0.9432	-0.7033	-1.8512	0.6623	0.7654	2.1347	-1.2190	-1.6786	0.3781	-2.0641	0.2106	1.2928	-0.2395	-1.2357	0.6909
0.6243	0.3038	0.6920	-1.2281	-1.1447	-0.1418	-0.5631	1.0115	0.9441	-0.1837	-0.2680	0.9549	-0.5191	0.4306	-0.3476	0.3540	1.0750	-1.8476	-0.0617	2.3196	2.6464	-1.0913	-0.5210	2.7956	-1.6410	-0.5370	1.2586	-0.3711	0.7299	1.7617	0.3610	-0.5064	1.6519	1.2214	-1.2084	-0.9354	0.5060	0.8854	-0.7120	-0.9764	-0.1248	0.8952	-0.8977	0.6294	1.3708	0.5595	0.0756	-0.3853	-2.0556	1.5608
0.0289	0.1252	-0.9045	-0.0336	-1.4248	-0.3065	1.1728	-0.3841	1.1939	-0.4649	-1.3114	-0.1571	-0.1317	0.5105	-1.6080	-1.5445	-0.1355	1.7210	0.1659	-1.3788	-0.1056	-0.1275	-0.9423	-1.3351	-2.0366	0.9337	0.6508	-0.5803	0.2748	0.7146	0.7349	2.1101	-0.8021	0.2815	1.0122	1.2250	0.7761	0.9611	-0.8149	-1.7006	-0.5491	0.0598	0.2124	-1.1499	0.7818	0.5948	-0.3357	-0.6215	-0.8975	-0.3960
0.2030	-1.1288	-0.1717	1.5837	0.7528	-1.1969	0.8167	0.8307	0.5333	-1.4488	0.2369	0.0522	0.5952	-0.8453	-0.4257	0.2881	0.3552	-0.2786	0.2939	2.0430	-1.1688	-0.2536	-0.4360	1.5267	-0.0057	-0.1657	-2.4996	-1.6791	1.5151	-0.9237	-0.6721	-0.5317	0.7496	1.6826	-0.9554	-1.7292	-1.1231	-2.1801	-0.1143	-0.9316	0.2700	-0.8465	-2.0465	1.0043	1.2862	0.1112	-2.0841	-0.8817	0.5755	2.4415
0.8901	0.3657	0.0598	-0.6796	-0.0983	0.3799	-0.3470	0.8624	-0.7589	0.0524	-0.4678	1.4212	-0.1668	0.2287	0.5517	1.1594	2.2477	-0.3243	0.8878	-2.0219	-1.1968	0.9413	1.3033	-0.1587	0.0712	-0.6626	0.8828	-0.1827	0.1773	0.9366	-0.1286	0.5213	0.4270	1.1665	0.2663	-0.6470	-0.3033	0.9090	0.3088	1.4169	0.3135	0.5974	0.1484	-1.7354	0.0347	-1.0088	0.2510	-2.3714	0.7105	1.3264
0.5839	0.5811	1.4850	-0.9573	-0.1875	0.1818	-1.3539	-0.1413	2.0597	-0.5296	1.4861	-0.4014	1.1401	-0.3416	0.5859	0.5343	1.0363	0.6945	0.4362	-2.2328	0.5932	0.6242	0.4459	0.6791	-0.4888	0.1682	-0.1367	0.5277	0.3870	0.1248	-2.6385	0.6846	-0.0211	1.2604	0.7436	0.4126	0.6525	0.7106	-0.6875	-0.5856	0.4737	-1.2492	-0.1773	0.1527	-0.3605	-0.7216	-1.3196	-1.2566	0.7305	0.2874
1.7423	0.1807	-0.5889	-0.4859	0.3373	1.0138	1.0313	-0.9237	-0.5744	-0.6345	-0.5394	1.0055	-0.6732	0.8661	0.2491	1.0669	-0.2789	-0.5030	0.4933	1.5883	-1.2296	-2.0396	0.2559	0.5883	-1.2203	0.8830	0.8014	-0.0368	0.9795	1.2129	2.4912	-0.6423	0.3779	-1.2303	0.3660	1.7667	0.4831	-0.6171	0.9962	-0.0216	-0.2289	0.5338	0.8763	-0.9520	2.1615	-0.3237	0.9334	-0.0231	2.2460	0.4928
0.2150	-0.1162	-0.9821	1.0151	-1.5724	0.4655	1.0559	0.2176	0.8918	-1.0243	-0.2032	0.4106	-0.7774	-1.9946	1.1039	1.8291	1.3796	0.4034	-0.8039	1.5136	0.6085	1.5591	-0.1787	-0.2714	0.6880	-1.3582	-0.4135	-0.7800	-1.2915	0.2913	0.6611	0.9813	0.3232	-0.1858	0.4304	1.7336	-0.9649	-1.8164	0.8664	-0.6041	-0.0517	-0.3151	0.9728	0.0577	-0.3417	0.8808	-1.2677	0.8174	0.0988	-1.2764
0.3039	0.0415	-0.3832	-0.3008	0.0005	-0.6070	0.5630	-0.0828	-0.5141	-0.5444	0.7714	1.8660	0.1137	-2.7368	-0.0249	-0.9274	-1.4832	0.6309	-1.2246	0.8452	0.9200	0.0757	1.0552	-1.7229	-0.7979	-0.1953	0.9282	-0.3043	0.7214	0.8634	-0.4742	0.4699	0.3761	0.0497	0.4765	-0.4403	-0.5779	0.1801	-0.5411	0.7347	0.1304	0.7809	-0.7674	-0.0569	-0.1139	-0.8088	0.5743	-2.6093	0.4872	0.1522
2.5178	-0.3220	0.4345	1.3311	-0.4189	0.9087	-0.3099	-1.0377	2.1666	1.9555	-0.2841	-0.1936	-0.1846	-0.0852	1.5880	-0.1293	0.4219	1.5551	0.0851	1.2691	2.0207	0.8934	-0.6655	-0.1752	-1.5970	-0.4835	0.8624	0.1085	1.0547	-0.9494	-0.7739	-2.1597	1.1860	-1.4148	-2.9784	0.3219	-0.3630	-0.5329	0.4079	1.3859	-0.2296	-2.5128	-0.4918	1.0270	-1.7040	-0.1906	-0.9586	-0.9061	0.1889	0.2056
0.5267	-0.4746	-1.9841	1.4802	0.1636	-1.2915	1.0287	0.5743	0.4170	-0.2630	-0.4154	-0.9134	2.4172	-0.6878	0.3723	-0.2303	2.2780	-0.8487	-0.8593	-0.3111	-0.6686	1.5125	1.2942	1.2246	0.6324	-1.2023	-0.2215	-2.2706	0.7113	-0.3705	0.1561	0.0591	-0.5005	1.4974	1.0354	-1.6922	-0.2698	-0.7416	-0.1445	1.7828	0.2898	0.1719	-0.5554	-0.3853	0.6657	0.2065	-1.6751	-0.1988	1.0618	-1.4314
-2.3796	-0.6231	1.4866	-2.8806	0.6857	-0.3393	1.4886	1.3733	-0.8189	-0.2108	-0.9188	-0.2645	-0.4395	-1.4957	-0.0292	0.3147	0.0057	1.9592	-0.6660	-0.0057	0.9735	-0.8019	-1.2784	2.7920	0.0887	0.8394	-0.8808	-0.2439	-0.1564	1.7201	0.1550	-0.6538	0.3394	-0.5483	-1.5360	0.8272	0.1977	-0.2265	-1.0713	-0.6556	0.9780	0.8557	0.4643	1.5917	0.5870	-0.8489	0.3878	0.8724	0.3541	1.3698
1.0151	-0.5091	-0.8636	-0.2574	-1.2687	0.9754	1.3284	0.3508	-0.6992	0.4551	-0.3741	-2.0397	-2.4836	0.5213	-1.9132	-0.6173	-0.2497	-0.3870	1.1948	3.1918	-0.3273	1.0990	-0.6040	-0.7309	-0.8705	-1.5488	-0.2806	-0.6730	1.0556	-0.9601	-0.0449	0.5329	1.6594	-0.4192	-0.4179	-0.5284	-0.4355	-2.0459	0.8269	1.4746	1.0878	-2.3047	0.0256	0.6934	2.2099	-0.6498	1.2764	0.2342	-0.3903	-0.5213
-0.1341	1.0348	-0.1224	0.7219	3.7480	-1.3010	1.7343	-0.0524	0.4809	-0.7748	-0.0278	2.6772	-0.3912	0.5922	1.3531	-0.5602	0.1557	-0.6222	-0.3415	-0.2515	-0.9783	0.3241	0.2012	-1.0890	-0.1115	0.2633	0.8024	1.1521	-1.5507	-0.8061	0.2980	-1.2092	-1.4821	0.7913	-0.9991	0.7429	0.4478	-1.2326	-2.3863	-1.4599	-0.7772	-0.6930	-1.4313	-0.6593	0.8717	-0.1581	-0.7266	-0.5248	-0.8192	-0.5338
-0.5090	-1.2243	1.4046	-1.1369	0.8916	-1.3293	-0.9101	1.2152	-1.0031	0.7846	-0.5620	-1.3960	-0.1458	-1.5509	1.0535	-0.6825	-0.6728	-0.3084	-1.3273	-0.9593	1.1181	1.0701	-0.2963	0.8145	1.2285	1.4033	0.5734	0.6824	-1.0676	0.4345	-0.9643	0.1642	-0.8985	-0.3044	-0.1830	-0.7022	-0.4926	-0.3770	0.4529	0.6408	-2.1212	-0.9163	1.9933	0.0802	-0.9304	0.8895	0.5669	1.6921	0.5702	0.0965
0.7058	1.7551	1.1220	-1.0320	0.0407	0.8343	-0.0422	0.8417	0.9087	1.8663	0.3071	0.3339	-1.3926	-0.5874	0.8880	-0.4157	-0.5483	-3.1402	0.4818	1.5340	-0.6152	-2.2618	-1.4753	-0.6721	0.1492	0.4698	0.7285	-0.9758	-0.6103	0.9272	0.4540	1.3204	1.1021	1.2699	0.2500	-0.0685	0.1082	-0.2851	1.1293	0.6290	1.6967	2.4138	1.2586	-0.0404	0.1587	-0.5143	-0.2252	0.1345	0.4488	-0.7763
1.1383	-0.2024	-0.8369	0.0290	1.3335	-0.1418	0.2528	-1.7179	0.7798	0.3219	-1.6229	1.4563	1.4441	-3.0008	1.7363	-0.0423	-0.3089	-1.2080	0.3370	-0.3369	-0.0714	-1.7022	-0.5237	0.5846	0.2294	-0.6090	-0.8522	0.8714	1.5008	0.3497	-2.6283	0.0631	-0.0190	1.3217	-0.4019	1.7890	0.6505	-1.8538	-0.7388	0.4645	-0.2518	2.3248	1.5696	-0.7363	0.4885	1.7740	0.2492	0.0581	-0.1752	0.3436
-1.0442	0.0256	-0.2390	0.9062	0.3781	-1.0988	0.0894	0.8505	-0.0454	0.7728	0.3346	1.6406	-0.3111	0.9014	0.1825	0.4551	-0.5380	-1.3639	2.2311	-1.0322	0.0897	-0.2009	0.7620	-0.1555	-0.9589	-0.6621	-1.4475	-0.0447	0.5518	-0.1824	1.5968	0.4415	0.3079	-0.0202	-0.9247	-0.6181	-0.6602	0.0014	0.9834	0.1207	-0.4172	-1.8079	0.5984	-0.4053	-0.6063	-0.7136	-0.9553	-0.8825	0.6960	-2.2196
1.0408	0.7725	1.2805	-0.1460	1.2535	-1.8534	-0.8965	0.9568	0.2627	-0.7664	0.9521	0.3008	-0.2391	-1.5484	-0.4137	-0.1991	0.1275	-0.7408	0.6304	-1.7383	0.6612	0.4651	1.7399	-0.8300	0.4255	0.1814	0.5990	-0.2798	1.1478	-0.3582	0.5498	0.6859	-0.5254	-0.3614	0.3054	0.1973	-1.1876	1.2290	1.3320	-0.3747	0.5356	-0.2759	0.2117	0.0855	-0.3753	-0.3978	0.2271	-1.1669	-0.8827	0.2482
0.2484	-1.7095	3.0080	-0.5160	1.1996	-0.1645	-0.2825	-0.5491	-1.7335	1.2606	0.2945	-0.8440	-0.0939	0.0648	1.5590	-1.2782	-0.1658	0.9002	1.5076	0.0249	-0.3537	-0.4711	1.2273	-0.7337	-1.4442	-0.4390	0.0601	-0.7365	0.9227	0.3779	1.8263	0.1115	-0.5171	-0.8683	1.0431	-2.0060	-0.2540	-0.5268	-0.4205	-0.0321	0.4169	-0.1070	0.8008	0.0694	1.7765	1.1837	-0.3479	0.1134	0.1509	-0.4816
0.8133	0.8729	-0.9108	-1.5251	0.9148	-0.5985	-1.3923	0.9853	-0.3903	0.1559	1.0305	-2.0162	-1.2033	-0.4930	-1.1840	-0.8132	-0.0080	0.2798	-0.9500	-0.6362	-0.7052	0.4270	2.0580	0.1300	0.2054	0.9290	-0.2930	2.2251	0.2607	-0.7862	-0.5718	1.5112	-1.0677	-0.5572	1.5777	0.5448	0.0750	-0.9848	-3.1286	-2.2256	0.6485	-0.4760	-0.6036	0.8208	0.4473	1.1425	0.3427	-0.0238	0.0160	-0.9319
-0.1181	-0.1767	-0.4349	1.5461	-1.0763	-1.4646	0.2701	-0.1339	0.0836	0.2945	-1.1135	-1.5295	0.8654	0.1281	2.0339	0.3062	-0.6483	-0.1619	-0.1538	-1.5426	0.3052	1.1536	-0.2836	1.0502	1.0863	0.7612	0.0911	-1.2044	0.8225	-0.3735	0.1167	-0.5515	-0.1610	0.6414	0.7295	-0.0198	0.7040	0.0881	0.6197	0.5503	-1.5054	-0.0378	0.6183	0.6269	0.6849	-0.8323	-2.4155	0.0626	-2.0569	-0.9807
-2.3055	-2.3060	-1.0737	-1.5890	-1.0551	-2.3006	-0.6343	0.4192	1.2918	0.7590	-0.1469	-0.1660	1.9201	-0.0726	-1.1658	-0.9620	0.6518	1.1691	0.7427	-0.4296	0.3168	0.0079	-1.0705	0.4224	0.0704	0.1082	-1.2692	-0.8883	-0.9935	-0.7854	1.0297	0.0014	-1.6126	1.0553	-0.4804	0.7675	-0.1494	-1.2666	-0.5447	-0.4847	-1.1439	-0.7334	-0.1781	-0.4311	-0.2083	0.1679	-1.1018	0.5518	0.7981	-1.3431
-1.5293	-0.6344	-1.5057	-1.3968	0.8478	0.8697	0.5454	-0.1289	0.3496	-0.5069	-0.6810	-2.4421	-1.9399	0.8648	-0.2278	-1.7097	1.0081	-0.0381	0.0300	-1.2649	0.9562	0.0402	0.3493	-1.2857	0.3058	-0.4027	0.3880	0.0437	0.1664	0.6624	-0.3359	0.5763	0.1192	0.3158	-0.2051	-0.1229	-0.6439	-0.3639	0.7400	-0.9489	0.0572	-0.4169	0.5167	-1.2243	0.0706	0.2008	0.6400	0.5599	1.4295	-0.0595
0.1421	-1.4739	-1.1286	0.2950	-0.9295	-0.5477	2.1073	1.0804	1.1070	0.8738	1.9236	-0.9201	-0.9609	0.1199	-1.5505	-0.9170	-0.9216	-1.2702	0.3654	-0.4927	-0.4314	-1.8235	0.1590	-0.5378	1.4563	0.0844	1.1355	-0.0330	-1.4904	-1.0903	0.7093	-1.5913	-0.9726	1.1096	-0.7784	1.5565	1.8826	-0.1834	0.1580	-0.4429	-1.5667	1.6659	-0.5486	2.5362	0.9266	0.8029	-1.3621	-0.0283	-0.4156	1.7157
0.2791	0.3235	-0.0848	0.5178	1.7792	0.6903	0.9300	-0.0463	-0.2979	0.8484	-0.7427	-0.2337	1.2734	-0.9378	-0.2473	1.4854	1.5699	-0.2499	-1.4990	1.4566	1.3185	-0.5638	0.6086	0.5535	-1.0010	-0.7415	-1.0559	-1.3230	-0.6967	-1.5318	-0.7472	-1.0568	1.6130	0.5350	-1.7656	-1.0301	-0.8432	-0.2747	-0.7639	-0.5991	-2.8674	-0.7904	0.7502	-1.4835	0.0994	0.4560	1.2220	1.7127	-0.0251	0.1883
1.2555	0.1777	-0.0275	-0.2399	-0.7903	0.9690	-0.4092	-1.3884	-0.9472	-0.0843	-0.0030	0.7840	-0.1015	-0.5270	-0.1359	-1.0405	0.3028	0.1274	-0.1989	0.5727	-0.9340	-0.8992	0.3813	2.3322	-0.2393	-0.3368	-0.0101	-1.6139	-0.4608	0.1944	0.7686	-0.0072	1.1779	-0.1351	0.9245	-0.2242	-1.2788	0.3799	-0.0439	-0.5261	-0.4636	0.6263	0.6220	0.3383	0.9717	0.3771	-0.9376	1.1832	0.3222	-0.3322
0.2523	0.8120	-0.0961	2.1246	-0.9752	-1.1911	-0.7624	-0.9435	-1.1041	-0.9817	-1.9731	-0.1498	-0.0951	-0.0563	-1.1896	-2.3339	1.8653	-1.2347	-0.2580	0.7787	0.7668	1.5762	-0.5165	1.3651	0.5419	-0.3157	0.9585	1.3486	1.1430	-0.8137	0.4814	2.1951	-0.5644	2.1160	-1.2807	-0.3451	1.2287	0.9807	-0.1620	0.0149	-0.5635	-0.5565	-0.3962	1.4100	1.0166	0.5164	0.1588	1.4784	-0.7699	-0.5681
0.4670	0.5401	0.4525	-0.7965	-0.4242	-1.0844	0.1748	0.5793	-0.9807	1.8138	-0.1121	-0.1696	-0.8413	1.1231	-0.0114	-0.6528	1.6499	0.1126	-0.4803	-0.2368	2.4786	0.1497	0.7063	1.5604	-0.6377	-0.3305	-1.6161	-0.3314	1.5762	0.5923	0.6615	-0.7143	-0.0584	-0.6313	-0.6949	0.2688	0.8088	0.3482	-0.2745	-1.4576	-0.5084	-0.5115	-1.6945	-1.1295	-0.1051	1.9143	-1.7323	2.0726	-0.6060	1.3679
0.6205	-0.0606	-1.3001	0.5440	2.0908	0.5215	-0.1599	-1.3807	-0.2752	1.4938	0.5103	-1.7220	1.2479	0.7022	-0.3265	-0.7495	-0.7499	1.2441	1.1757	1.1135	-0.1379	0.7424	-1.7821	-0.2428	-0.3678	0.7918	-0.0231	-2.4924	-0.0725	-0.5464	-0.5363	1.5497	1.4196	0.7155	-0.4116	0.2300	-0.5934	0.6930	-0.8359	1.7743	0.1712	-0.1691	0.8497	-1.6166	-0.4348	0.3942	0.9211	0.5356	0.4087	0.8239
-0.8307	-1.5084	0.4420	0.8637	-1.6438	-1.8638	0.5696	0.0765	0.8829	-0.4246	-0.9204	-0.5747	-1.5028	1.7312	-0.8748	1.4585	1.1140	-0.0101	0.9707	1.0488	-1.9437	0.6394	0.4203	-1.1849	0.6594	0.6505	-0.0868	0.9013	1.9463	-0.2133	0.1825	0.2767	0.2271	0.7424	0.6685	0.7897	0.8073	0.1956	-0.4365	1.0512	1.1147	-0.9352	-1.3604	0.1618	-0.6126	0.6379	0.5791	-1.2918	-0.7660	-0.7985
-1.2234	0.1766	1.5511	-0.1130	-0.9242	0.5419	0.2941	-1.6800	1.8092	-1.2426	-1.1314	0.1253	-1.2148	1.1002	-2.4041	1.4780	0.7244	-0.5924	0.5698	-2.9696	0.3137	0.8262	0.6265	-0.5756	1.8767	-1.6205	-0.2925	-2.3676	-0.2259	1.6002	0.0530	-0.0107	-1.3072	-0.2448	0.2981	-1.7918	0.0044	-2.8048	-0.3681	0.7034	-0.0084	0.2975	-0.4456	0.7808	0.1028	0.4172	-0.6326	1.0071	-0.7585	0.1327
-1.1461	0.0100	0.2595	-1.9424	-0.5865	-0.7499	1.2247	0.8278	-0.3158	-0.3667	0.2387	1.6328	-0.7235	0.9715	0.4370	1.5308	-0.6991	-1.1981	0.7868	-0.9790	0.1302	0.2761	-0.8240	-0.4465	1.7695	0.3528	-0.4548	0.0776	0.7598	-0.8130	-0.9747	0.0828	-1.0201	-0.2739	-0.3370	-0.1171	0.3357	0.3512	0.2701	-1.6049	-0.3101	-0.1616	-2.2063	-1.2722	2.1105	-0.7036	-2.4998	-0.3137	-0.1861	1.6563
0.5056	0.7348	1.3711	-0.1757	0.2081	0.1608	-0.2107	-1.4892	-0.4277	-1.6908	0.6395	-0.5108	-0.1355	-0.0643	0.5171	0.6187	0.0163	-0.4041	-2.1997	0.2197	1.1507	-2.1196	-1.1097	1.3371	-0.1286	1.4385	-0.7375	0.4631	0.6492	-1.5309	1.2819	-0.3061	1.2421	0.5106	0.3606	0.4324	0.0849	-0.8155	-0.4455	0.4402	-0.3023	0.2440	0.9426	-0.4767	-1.7039	0.3186	-1.1739	-1.3205	-0.1268	-0.4869
0.0553	0.2596	-0.4467	-0.8435	0.8465	0.7953	-0.5405	-0.2607	0.4871	0.0352	1.1223	-1.2195	-0.2786	0.6911	0.5158	0.1234	1.7654	0.0681	-0.3501	-0.7306	-0.1514	-0.2636	0.8318	-0.5810	-0.1122	1.3241	-0.6962	1.8317	-1.5335	-1.5101	1.0279	-1.1035	-0.3196	0.2371	-0.1073	-1.0005	-0.6762	-0.4908	1.8404	0.4694	-1.3187	0.1309	-1.0373	1.7480	1.8975	1.1146	0.7576	0.7217	1.1814	0.0830
0.6010	-1.3942	0.1690	-1.1723	-0.1077	-0.9150	-0.2748	-2.1284	-0.7686	0.2253	0.9708	-0.1885	-0.3102	-0.5936	0.8411	-0.6668	-1.4912	0.7975	-1.2781	-2.0167	-0.3536	-1.2147	-1.2278	0.2852	-2.4706	0.6247	1.3738	-0.1608	-0.4665	-0.0154	-1.2172	-1.6356	-0.5908	-0.9109	0.6006	-0.0259	-1.7732	-2.2481	0.1977	0.8924	-0.0836	-0.1746	-1.0096	-0.8892	0.1561	-0.4136	1.0464	-1.4389	-1.1719	-0.9589
-1.0083	0.3534	-0.2469	-0.0643	-0.4630	0.7450	0.1532	-0.4231	1.0917	0.9641	-2.2489	0.1795	0.8022	-1.3359	2.2810	0.2332	0.4813	-0.3168	-0.2990	-1.5441	-0.0950	-1.3047	0.7253	0.0590	-0.3389	-1.8079	-1.1687	-0.4544	0.4957	0.8163	2.4319	0.4548	-1.9848	-1.2445	-0.0312	0.2429	-0.2118	-1.4892	0.4459	0.3642	0.8691	0.5967	-0.6927	-1.6547	0.1689	-0.8357	-1.1133	0.9502	0.9133	-1.3518
-0.0362	-0.6359	0.1138	0.9455	0.2358	-0.8938	-0.7466	-0.2052	0.7942	0.0623	0.0225	1.5747	1.1481	0.2394	-0.6611	-0.3598	0.2605	1.1142	0.4323	1.3611	0.4665	-0.2113	-0.7300	0.0980	0.6910	-1.0410	-1.0213	0.3401	0.1130	-0.8274	-1.7711	-0.5600	-0.5935	-0.6938	1.3904	0.7615	-0.4491	0.1468	-0.8565	1.2384	0.8427	-1.0677	-1.6440	-1.0597	0.4666	0.3883	0.1931	-1.0340	-1.1394	1.5161
0.2757	-0.6086	-0.9979	-1.4612	-0.1785	0.1970	-0.4949	0.6574	-0.7688	1.3019	-0.8750	1.0497	0.3284	1.5164	-1.2965	-1.1277	-1.6269	-0.8157	-0.2102	0.2267	0.4370	0.6278	1.3999	-0.2523	0.4145	-0.1022	-1.2754	0.5284	0.1303	0.1648	-1.0294	0.3571	-0.8138	-0.8191	0.1433	1.1158	-0.9007	-1.4239	0.5805	-1.4114	-0.3188	-0.6796	-1.8700	-0.1157	-1.2296	-1.2368	1.4321	-1.2477	1.4599	-0.4633
0.5162	-0.3401	-0.7817	0.5084	-0.8761	-0.3135	0.0442	-0.4656	-0.1586	0.8536	-1.5977	0.2576	1.3795	0.8570	2.0181	0.7930	-0.8554	-0.1848	-0.5600	0.0709	-1.7570	-0.3979	0.2029	-0.2280	-0.0884	0.2659	-0.9469	1.0409	0.5616	0.3388	0.3334	2.3703	0.1196	1.3960	-0.9852	-0.1391	0.6082	0.5080	-0.3651	-0.3572	1.2539	-0.9681	-0.5527	1.6605	0.6885	0.6256	-0.0143	-0.1580	-1.5408	1.3400
0.1626	-1.1654	-0.5707	0.4409	-0.2015	-2.6703	-0.0747	-1.6992	-1.9838	0.2969	0.1592	-1.6323	1.8505	1.2911	-0.2923	-1.5885	0.4017	1.1095	1.8531	-0.6663	0.1627	1.2250	1.9163	-1.4250	0.8638	-2.6456	0.2386	0.6793	0.8540	0.3952	-0.4244	-0.3290	0.9463	-0.9322	-0.3581	-0.7268	-1.7458	-0.1297	0.5278	0.2370	0.1734	1.2267	-1.4256	0.1161	0.5189	-1.1576	-1.4453	-0.1657	-0.1124	0.1696
-0.4394	-0.0090	-1.4025	-0.3544	0.5993	0.3678	0.8800	0.0593	0.7555	2.5543	0.1540	-0.5295	0.4400	1.2182	1.1234	-1.0083	-0.5810	-1.1052	0.3175	1.3609	-0.7856	0.7683	-0.0432	0.1415	0.5719	-0.8880	1.8993	1.0683	0.0124	-0.4298	0.2384	0.1111	-0.0370	1.0343	-0.3293	0.5799	0.6622	-2.0361	-0.8519	0.5350	0.6983	-0.1049	1.3193	-0.8704	-0.6654	-0.4058	-0.0392	0.4933	-0.2274	-0.6514
1.7564	1.1736	1.1863	0.1625	-0.1172	0.3400	-0.5572	0.4712	-1.3774	-0.7905	0.2797	0.7297	-0.7110	-0.7685	1.2197	-0.6620	-0.1023	-0.1153	-0.5739	0.5668	-0.5722	-0.8603	-0.7225	0.6142	-0.3307	-0.4331	-1.0572	-0.1596	-1.0521	0.9796	2.0196	-0.0892	-0.3693	1.6187	-1.2283	-0.9862	0.3075	0.2918	0.9189	1.9774	0.7493	0.0718	-0.2979	0.3450	-0.1070	-0.4057	1.6097	0.6614	0.9942	0.5188
-0.4185	-0.0449	-1.4144	-0.1624	-2.5248	-1.1226	-0.1277	1.0017	-0.7739	-1.4954	-0.3660	-0.3098	-1.3859	-0.3189	-1.8716	0.1331	0.8787	-1.7804	-0.5462	-2.0750	1.0645	-1.2521	0.6882	-0.6947	-0.3182	-0.7761	-0.4273	-0.3729	-0.1651	0.4024	0.4779	0.2178	-0.2831	0.1219	-1.5382	0.4167	-0.0920	-1.5198	1.4742	-2.2515	1.6845	0.5591	-0.1460	1.5079	0.1703	1.7469	-0.6144	-0.4403	-0.2661	-1.4764
1.0107	-0.2609	0.1296	-0.1563	1.4270	0.7979	-0.2401	0.8905	1.3520	0.6671	-1.2109	1.2636	2.8360	1.5288	0.4808	1.2157	-0.7065	-0.2343	-1.6423	0.6807	-0.3684	-1.9187	-1.0787	-0.6437	0.4840	1.5176	-0.2878	0.6439	-0.4737	-1.3705	0.1076	0.7134	-0.9615	0.1633	1.1316	0.7818	1.3222	-0.8943	-0.7406	0.6318	-0.2489	-0.8052	1.5673	0.7118	-0.3518	0.4422	1.0804	0.6422	0.0229	0.1025
2.0141	1.2850	0.6321	0.9625	-1.7147	-0.1325	0.3540	0.0686	0.2191	-0.1432	-0.8829	1.0532	0.0774	-2.1797	0.2112	-0.7419	-1.0789	0.6730	-0.3246	-1.3205	0.3224	-0.0702	0.5830	1.5166	-0.8850	2.1922	0.7630	-0.6668	1.0867	-0.1978	1.1221	1.3894	-0.4316	-0.1266	-0.8085	-1.1477	0.2429	0.3793	0.8854	0.2940	-0.0118	0.0054	1.0492	-0.0053	-0.0215	-0.8067	0.1487	0.7775	0.0903	0.1733
0.4963	-0.9740	0.6319	0.7596	-1.3604	-0.7475	1.3935	-0.1978	-0.2162	0.0127	-0.9558	1.2131	0.1767	-0.2142	-0.1599	0.6787	1.3970	1.3681	0.6442	-0.4213	0.5077	-0.6961	0.3901	-0.8406	-0.2328	-0.5754	-0.0020	0.4512	-2.0641	0.9347	-0.0180	0.2300	1.1594	0.8313	-0.2927	0.3283	0.8854	-0.1936	0.1349	1.3120	1.1574	2.0662	0.3175	-1.9319	0.7388	0.4534	-1.0578	1.1905	1.2557	0.3474
-0.3330	0.7594	-0.9797	-0.4605	-1.1653	0.9807	-0.6457	1.0817	-0.1505	0.7317	0.8899	-1.2071	-0.7886	0.9659	-1.6098	-0.8987	0.3571	0.5167	0.5588	0.6032	0.5607	-0.5255	0.3804	0.3957	-0.4066	1.2304	-1.2379	1.3812	-0.7501	-0.0217	0.0408	-2.0154	-1.2469	-0.1644	-0.2127	0.0107	0.8124	1.5359	-0.5774	-1.1601	-0.2590	1.9280	0.2183	-0.4722	1.1797	1.3532	-0.9661	-0.1089	-0.8870	-0.3982
1.4936	1.3282	0.7291	0.2134	-1.3926	-0.4618	0.3417	-0.4132	-1.3481	-0.6158	0.5262	-0.3473	-1.1487	-0.6453	-0.9600	-1.8066	1.2845	1.2577	1.4225	-2.2840	0.8218	2.2636	-0.0608	-1.8626	0.3426	-0.7021	0.7480	0.4774	0.9564	-1.0918	0.7073	-0.4039	-1.0108	-0.2248	0.8455	0.4652	0.8521	0.1292	0.4610	0.1943	0.0958	-1.2736	1.3519	0.1162	-0.2362	0.7288	0.9130	-0.6992	-0.5483	-0.6984
0.1339	0.4989	-0.0152	0.5802	-1.7817	1.3579	-0.7289	1.8135	1.5762	-1.3911	0.6889	0.1748	-0.4065	-1.9911	0.7952	0.3165	-0.0868	0.8694	-1.4781	-0.1401	-1.6848	0.1218	-0.7835	-0.5555	-0.6340	-0.1452	0.8116	0.7907	1.5497	-1.4075	-0.1049	-0.0227	-0.4396	1.1848	0.7483	-1.4462	0.2330	-0.3630	-1.1280	0.7786	1.8137	0.2679	0.1073	-1.0170	0.5625	0.8162	-0.3924	-0.8982	-0.2295	-0.8854
0.5563	1.0843	0.6054	-0.4722	-0.9064	-0.1356	-0.3897	0.1927	-2.0318	1.7978	0.6535	-0.6529	-1.0100	1.2686	-1.3878	-0.7747	-0.7344	0.0425	1.4888	0.6121	-0.0776	1.6833	0.8997	-1.4238	-0.0565	-1.8855	0.0233	-0.3785	-1.1433	0.9321	-1.6253	0.3091	-1.4865	-1.6080	0.3327	-0.5264	-0.8011	0.0468	1.0658	-1.0840	1.1959	-0.2216	0.2825	0.5633	0.3016	0.6422	0.2406	0.8763	-0.3487	3.1140
-0.7663	-0.2973	0.1216	1.4519	0.7918	0.0484	0.2056	-0.3553	2.7205	0.7303	-0.5781	-0.5434	0.6744	0.3429	-1.0419	1.8698	1.4674	0.0407	0.5641	0.0048	0.0963	-0.1763	1.5402	-1.6349	1.1023	-0.3114	-0.5715	1.4706	-0.1628	0.0652	0.1289	-0.0078	-0.2980	-1.6099	-1.0784	0.8203	1.1317	-0.8269	0.8513	1.0976	0.6688	0.0085	1.9369	0.3623	-2.2080	-0.8869	-0.6131	-0.6715	0.7749	-0.5121
0.3076	-0.6832	-0.9420	-0.9930	0.1600	0.9613	-0.1967	-0.4606	2.3085	-0.1227	0.7040	0.6796	-0.4023	-0.9047	-1.1076	-0.2296	-0.3914	-0.1424	-1.3375	0.8289	-0.3688	-0.2691	-0.4795	0.2621	0.3724	2.0792	0.1687	2.5021	0.0054	-0.8898	0.3937	-0.0322	0.9702	0.2283	0.1945	-1.8543	0.6888	-0.7846	-0.2090	1.8781	-0.0506	-0.5930	0.1998	-0.9023	1.5594	1.9828	-1.1161	-1.1701	0.7431	0.0661
1.1592	0.5580	-0.3078	-1.9550	0.7519	1.3444	0.7596	-2.2253	0.8652	1.2049	1.4605	-0.1601	1.9980	-1.3029	0.4990	-2.6386	0.7627	1.5486	0.5847	-1.2134	0.2673	1.0200	-1.0901	0.0213	0.7536	1.2224	-1.2229	0.7867	-0.5058	0.0908	-1.1729	-0.3048	2.2761	0.0658	-0.3312	-2.2066	-1.6851	0.2854	-0.8642	0.9303	-0.4013	1.0800	-1.0130	0.1885	0.9702	-0.2813	0.8867	0.7290	0.9778	-0.1287
1.0685	-1.1061	-0.0796	-1.5201	0.1039	-0.2587	-0.8864	-0.5709	-0.4995	-1.6033	0.8631	0.1817	-1.0591	0.6751	-1.1212	-1.3310	-0.5065	-0.6330	0.2816	-0.2383	-0.7078	-0.0167	1.4413	-1.2375	-0.5982	1.0404	-1.3469	-0.4222	-1.2762	-0.5614	-1.3878	-0.9761	-0.4923	-1.5701	-1.3609	-1.0717	1.0068	1.5635	-0.6654	0.9973	-0.2827	-0.7918	1.0077	-0.7126	-0.1417	-1.2937	-1.3063	-0.9198	-0.4580	1.3262
-0.7544	-0.2189	2.7116	0.4321	-0.2851	-0.1230	0.6580	0.6221	-0.1154	2.0513	0.1465	1.5772	-2.4038	-1.6532	-0.4956	0.6408	1.0688	0.0479	-0.1045	0.5693	0.6567	0.1895	-1.9358	1.1312	-1.2975	-0.4618	-0.6390	-0.4936	0.0168	1.5623	-0.0570	-0.0044	-0.1360	-0.4440	-1.0298	-0.1171	1.1729	-0.9135	1.3815	-1.4240	-0.9831	-0.7089	-0.0973	1.9451	-0.7695	-1.3488	-1.6618	-0.7854	-1.5910	0.9717
0.2041	-0.6675	-0.2112	-1.3991	-0.1113	0.5405	0.6070	1.0042	0.3137	0.9362	0.9657	0.5573	-0.0907	1.3196	-0.6123	0.4957	0.4045	0.3104	0.2801	0.0791	-2.1034	-1.3328	0.1507	-0.4595	0.9344	0.2920	0.1083	-0.3657	1.1075	-0.7591	1.0638	-0.3819	-0.3473	-0.3525	1.6451	-0.1588	0.5588	0.9887	1.2595	-1.3272	1.2471	-0.6520	-0.2689	1.5482	0.2278	-0.9473	-0.1644	-1.9119	1.3573	0.5821
0.2232	0.1246	1.1832	-0.5538	1.2952	1.6446	2.9405	0.5328	0.1966	-0.5877	-0.0239	0.2090	0.9026	-0.6114	-0.8089	2.0675	-0.2256	0.2366	-0.6151	-0.5921	0.5010	-0.4078	-0.9491	-0.4027	0.2243	0.8545	1.2927	-0.5311	-0.6563	-1.1704	-0.3754	2.1837	0.9564	-1.2371	0.3196	-0.7969	0.1162	-1.2463	-0.7188	0.1890	-0.5871	2.6438	0.2486	-2.3327	0.6929	-0.9396	-0.3665	1.5890	-0.5471	0.1508
0.5116	0.3770	0.3459	0.9861	-1.4362	0.3614	1.0913	0.3473	-1.7085	-1.6030	-0.1794	-1.5862	0.4736	-0.8819	0.5895	-2.1106	-0.2951	-0.2493	-2.1323	1.3790	1.1816	0.5607	1.1889	0.2882	-1.4132	1.2182	0.4521	0.2712	-2.5684	0.5689	0.3954	-0.1227	0.6476	2.0472	0.3875	1.1147	0.8435	0.8389	2.3473	-0.2268	0.7100	-0.8593	1.1749	-1.8775	0.8581	-0.7445	1.2950	0.4157	0.0156	-1.2001
0.5023	1.3184	-0.6848	1.2733	-1.8777	-0.7682	0.6975	-0.7939	0.0697	-2.2226	-0.3981	1.6273	-0.5842	0.4156	0.0512	-0.1203	1.2146	-0.3540	0.7521	1.0379	0.3951	0.0785	-1.0660	-0.8064	-0.2579	1.5685	-0.4516	0.4053	0.1474	1.9188	-0.6672	-0.3195	0.2371	1.0505	0.6961	0.0022	0.6377	-0.9537	0.1465	0.7161	1.1948	-1.9360	-0.9055	1.4241	-0.2753	0.0212	0.0649	0.4457	0.0189	0.7552
-0.0134	1.2270	0.7535	0.7983	-1.1464	-1.4820	-1.5363	0.8572	0.5040	0.9829	0.6649	0.0465	0.9992	-1.2017	-0.8719	-0.0561	0.6689	0.0863	0.3867	-0.5761	-1.6082	-0.2342	0.0662	-0.4928	0.7478	0.7426	0.4605	0.3262	-0.4134	0.0008	-0.0113	-0.3019	-1.0133	0.0743	-0.1944	1.5883	1.8804	-0.1929	-0.8897	1.2807	-0.1593	-0.0272	1.2760	0.2328	1.0345	-1.4128	0.1632	0.5189	-0.0978	-0.7251
-0.6943	-0.5666	0.1443	1.8300	-1.0267	-0.1353	2.4683	-2.4626	0.3625	1.1377	-0.0074	0.5708	-0.1118	-0.8972	0.6249	-0.8734	-0.4734	0.1922	0.6208	1.1408	-1.0473	0.8633	0.8757	-0.1373	-1.9276	-0.2570	0.7775	-0.9132	-0.1586	-0.2764	-0.2049	0.6970	0.3378	-0.0271	0.1060	0.6858	0.6270	0.5193	-0.6001	0.6523	0.4515	0.8888	-1.7635	-0.1702	-0.0161	0.2141	0.7086	-1.0272	0.1311	0.8728
-0.8751	-0.3177	-0.7594	0.3233	0.3163	-1.3608	1.1478	-0.2759	-1.2250	-0.0634	0.9402	0.5615	-0.1639	-0.6871	-1.3153	1.2436	-1.5173	0.9581	0.4587	-0.7284	0.8404	0.8387	0.2524	-1.0157	1.4645	-0.3554	-0.7240	-1.0242	0.3096	0.2384	-0.4260	-1.0201	-0.9090	-1.2958	1.5250	-1.1642	1.9508	-0.1510	-0.7194	2.0691	-0.0198	0.0614	-1.5630	0.0289	-0.1732	2.2463	-1.3151	1.0041	1.4318	0.7246
-1.2065	-1.4793	-1.2804	-0.1537	-1.0717	-0.3505	-0.0142	0.6799	0.2189	-0.3319	-0.5806	-1.3221	-0.9886	0.8678	-0.9208	-0.7384	0.2133	-0.8568	-0.6570	0.1449	0.6534	-0.1800	-0.0050	-0.9587	2.0928	0.0080	-0.5045	0.7208	-1.9612	-1.6848	0.3544	0.8804	0.6046	0.0802	0.5664	-0.8239	0.0454	0.0552	0.7212	0.2307	-0.1108	-0.6507	-2.4227	0.4206	-0.7843	1.9514	-1.1138	0.2650	-1.1676	-1.0924
-1.5572	-1.9893	-0.2203	-1.1731	0.4094	-0.1110	-0.1054	-0.5339	-0.9876	-1.2433	0.9424	-0.3891	-0.1414	-0.5260	-0.3169	1.8005	0.5540	-0.5195	0.6323	0.3172	-0.6828	-0.4315	-1.4290	-0.2156	-0.2228	-0.7088	-2.7783	1.3219	-0.9278	-1.3044	-0.2840	0.5802	-1.2601	-0.8050	-0.1878	0.1568	2.5696	0.2338	-1.3877	-1.2040	0.2904	-1.5946	0.6768	0.4998	-0.9032	0.5020	-0.0289	-0.4783	1.1313	-0.9030
-1.0149	1.6494	-0.9626	0.3394	-0.4897	0.4500	1.3535	-0.2239	-0.1192	0.3168	-0.4429	-0.3958	-0.1024	0.1392	-2.0547	1.3978	-1.1956	-1.2899	0.6019	-1.7043	-1.0817	0.1250	1.4273	1.2715	0.4119	-0.1856	-0.7127	1.1820	-0.1379	-0.8170	0.2564	-2.6441	0.0513	1.9510	0.2658	0.5938	1.0967	0.3550	-0.0798	-0.7059	0.2022	-0.0256	0.7974	-0.6784	-1.0332	-0.3030	-0.7648	0.6654	1.1240	1.0292
-0.1553	-0.6931	0.5480	0.4861	-0.1854	1.2053	0.9455	1.5424	-1.0335	-0.9646	-1.3606	0.4629	0.1388	0.3515	-0.9145	-0.4915	-0.2939	0.1700	-0.8335	-1.6155	0.1873	0.0551	0.7751	0.2303	-2.3466	1.4817	-0.2598	0.5347	-0.5824	-2.4877	-0.2208	0.5471	-0.8437	-0.0294	-0.6673	0.7579	2.6706	0.9344	-0.0184	0.0867	-0.7474	0.4008	-0.1055	0.4387	-1.6158	-0.7899	-0.8809	-0.8157	-0.0298	0.9676
-0.3717	-0.4172	0.1600	-0.6991	-0.4468	-0.1027	-0.3002	0.4138	0.9285	-0.0692	1.3134	-0.7249	1.0959	-0.4372	0.2563	-0.7207	-1.7942	-0.3224	1.2844	1.5695	-0.1846	2.0821	-0.4649	-0.8115	-2.2871	0.6547	0.9016	0.3592	0.5051	-0.4442	1.2989	-0.2501	-0.9028	-0.2846	-0.5212	-0.5248	2.1903	1.5078	0.7324	-0.0171	0.7600	-0.4337	-0.3542	0.1105	0.7511	1.0581	0.8754	-0.4327	-0.5786	0.6816
-0.1051	0.8070	-1.0556	0.5407	-1.6794	1.6224	0.0613	-0.1132	-0.3280	-1.0707	-0.5428	-0.4914	-0.3192	0.2055	-0.1804	-0.2522	-0.7126	0.4079	0.0131	-0.4081	0.2448	0.6818	-1.1284	0.5737	-0.2327	-1.0967	-0.8815	-0.3577	-0.2715	0.1891	-0.1040	-1.0781	-2.4641	-1.8429	-0.7447	1.6355	-0.0738	0.3859	-0.0309	-0.8111	-1.5558	-0.2822	-0.8406	1.3230	-2.0621	0.0860	0.6497	-0.5241	-0.4587	-0.4365
-0.0819	0.4758	0.2590	-0.2847	0.5792	0.6809	0.1176	-0.1026	-0.2601	-0.1224	-1.0807	0.5171	-0.8548	-0.2323	-0.2480	-0.1151	0.7258	1.0694	-1.2171	-0.0514	1.6032	0.9204	-1.6494	-0.8071	-1.1984	-0.3051	-0.2077	0.1052	-0.9042	-0.0470	-1.5066	-1.7686	-0.0785	1.2723	0.0939	0.6992	1.1790	0.1497	0.9300	1.9375	0.5223	-0.4959	0.1197	0.3739	-0.9987	-0.8487	-1.0246	-0.0805	0.2680	-0.6475
-1.3956	1.1165	-1.0050	1.6613	-1.4563	-0.2157	-2.2357	0.1685	0.0223	-1.4220	-0.8074	-1.1025	-1.6681	-0.5449	1.5131	0.4254	-1.3465	-2.2263	0.5419	-0.0695	1.6820	0.0004	-0.9369	-2.2894	0.4349	-0.1555	0.6833	1.8192	0.5316	0.4348	0.0364	-0.8154	2.8014	-0.3158	-0.2992	-0.0814	1.1359	-0.5301	-0.3325	-0.0763	-0.8864	0.0797	1.6946	-0.6342	0.1549	-1.1508	0.5738	2.1835	0.2620	-0.3759
1.6994	-0.5643	1.1603	-0.1967	0.2744	2.0733	-0.4917	-0.2265	-0.1229	0.6450	-0.6666	-1.1585	0.3791	2.1489	1.1338	-0.0199	-1.1107	-0.3438	0.4302	-0.4904	-1.1116	-0.8328	-0.5130	1.0046	-1.0884	0.6310	0.0070	0.8206	0.4299	-1.1782	1.8740	0.2234	-2.0739	-1.6602	0.9675	0.2953	-0.5930	0.2884	-0.4976	1.4143	0.3646	-2.3834	0.2428	-0.1470	0.2967	1.1131	1.2181	1.1716	1.2490	-1.0292
0.9095	-0.1396	1.5888	0.4007	-1.4301	-0.0974	0.3390	-0.1524	-0.1949	0.3852	-0.9537	0.4767	-1.9233	0.3866	-0.5372	-1.2540	0.3085	-2.3832	-0.0842	0.5695	0.7536	-0.6280	-0.4822	-0.8530	-1.5468	0.1725	1.6940	0.3190	-1.0985	-0.7202	-1.4745	1.0713	-0.1938	1.5916	0.7689	-0.1950	0.8679	0.3584	0.9982	-0.7107	-0.4125	0.5314	-0.8336	-0.3417	-0.6341	-0.8827	-1.1382	0.4875	1.0764	0.6038
-0.5522	0.8829	-1.0069	1.7395	1.5141	-0.8121	0.3376	-0.2127	1.6826	0.6952	0.1912	-0.1073	0.5429	0.2646	-0.2238	-1.7446	-0.2568	1.3925	-2.1592	-1.6747	-2.1746	-0.9878	0.0250	1.8683	0.7901	-0.0287	0.2044	-0.6661	0.0261	-1.0849	-1.1848	0.0548	-0.1438	-1.5425	-1.4986	-1.3228	0.7886	0.5498	0.6091	0.4755	-1.7319	-0.3774	1.8311	-1.1564	-0.0224	-0.0775	-1.3438	-0.7756	0.8910	0.4521
-0.1901	1.9249	-0.3864	0.8212	0.9548	-0.1226	-2.0227	-1.3765	-0.3678	0.4080	-0.4867	-0.5126	-0.1914	-0.0858	-1.8578	-1.2611	0.6459	1.1946	-1.6097	0.3495	-1.1032	-1.1021	2.6074	0.4764	-0.2503	-0.0529	0.6851	-0.9622	0.2979	-0.0839	1.0627	-0.4605	-0.4681	0.8628	0.8831	-0.4086	-0.8734	0.9598	0.6060	-0.4744	1.5398	-0.2420	0.6515	-0.7900	-0.2005	0.2382	-0.3747	1.0073	1.8063	-0.4635
-0.0496	1.5870	-0.8617	1.9946	-0.1467	-0.7796	-0.7817	-0.2518	-2.2067	0.4340	1.4880	-0.9404	1.5446	-0.1853	-0.0674	1.1991	0.5528	-0.8461	0.8566	-1.0814	0.6989	0.1471	-0.2205	-0.6962	0.7164	-0.2193	-0.1336	0.5721	-2.7015	-0.5554	-0.4484	-0.2208	0.5527	0.6129	1.0600	0.4214	0.4852	0.0048	-0.2330	-0.4786	0.8419	1.5465	-0.9004	0.3624	-0.0952	-0.5424	0.2918	0.8488	-0.3321	1.3909
1.0636	1.1451	1.2462	3.1978	-0.5976	0.5406	0.5638	-0.9598	0.3963	0.3855	1.9038	-1.1619	-1.0279	0.8867	0.6088	-0.2927	-1.1758	-1.3103	-0.1320	1.8242	-0.0155	0.3971	0.6185	-0.8419	-0.8520	-0.3038	0.1951	-0.5680	-0.5492	1.4691	1.2801	-0.4221	0.3796	0.4267	0.8724	0.9242	-0.5961	0.8666	-0.3101	-0.6577	-0.3649	-0.9355	-0.2084	-0.9618	1.2897	0.2015	0.7290	1.3890	-1.2526	-0.0739
-0.0405	-0.5210	0.9884	-0.7282	-0.2655	0.8174	1.7329	-0.2868	0.5297	0.0057	-0.2803	-1.3434	-0.8705	1.5918	3.0687	-0.6474	0.4987	0.6717	0.2829	0.2064	-0.2779	1.9676	0.2292	0.4857	0.7207	-1.0957	1.0025	0.4899	0.3553	-1.3783	-0.4313	-0.1452	-1.6833	0.6336	-0.1615	0.7008	-0.5424	1.8177	-0.8478	0.8314	-0.4715	1.7130	-1.2049	-0.2876	0.0354	-1.4508	-0.4088	-0.1241	-1.2306	-1.3422
0.0706	-1.5189	0.4164	-0.7632	1.2185	0.3025	0.5221	-1.7928	-1.8865	-0.3074	1.3928	0.1565	-2.0211	0.1701	1.6694	0.6997	-0.8457	0.4256	0.5692	-0.5942	-0.8541	-1.4541	-0.1049	0.6761	0.7548	0.9099	-0.9834	-1.7229	0.2192	1.2107	0.0544	1.0561	0.6090	-1.4711	-0.3948	1.0979	-1.1137	1.2956	0.5777	-1.8806	-0.9866	0.5279	0.0316	1.7934	-0.0056	-0.2983	1.6981	-0.5589	-0.2498	0.6020
0.1147	0.1939	-0.3969	0.7623	0.8420	-2.0995	-1.7285	0.2475	-1.6685	-1.4653	0.6309	0.3927	0.7546	-0.4276	-0.8878	1.3997	-0.6405	-1.1361	0.3772	-1.9444	-1.1120	0.0429	-1.8975	0.5973	0.2958	-0.4854	0.5758	0.7036	-0.0560	-1.3481	1.2945	-0.2267	-0.3557	-1.0306	-1.3935	1.5540	0.9649	-0.8661	0.3014	-0.7003	0.6599	0.1138	-0.0550	-1.0848	-0.9287	-0.0644	-0.0438	-0.6192	-0.8763	-1.7122
0.4140	1.0625	-0.8915	1.6441	-1.1078	0.6086	-0.0642	1.3710	-0.2251	0.4833	1.1358	0.5207	-0.4824	-0.0493	-0.3984	0.3712	1.2349	0.4421	-0.2025	-1.8476	-0.2484	0.0355	-1.7873	-0.7766	-1.0678	1.0236	0.3892	0.5813	-0.1501	-0.2878	-1.0480	-0.1117	-0.2856	-0.5835	0.1655	-0.7380	-1.3319	0.2711	0.4825	1.0899	-0.1032	0.3641	0.0691	1.0904	-1.2241	1.3098	-0.8256	0.0247	0.4973	-1.0656
0.6211	1.1738	-0.1276	0.7603	1.4962	0.1782	0.3271	1.4897	-0.2577	0.2571	1.3047	-2.2087	-1.3268	0.3323	1.1193	1.0676	-0.4203	-0.0652	-0.0319	0.9682	0.5624	-1.2898	1.4781	0.7708	0.5615	-2.0993	-1.8306	-1.3148	-1.5120	1.2454	-0.9374	1.8902	-0.5873	1.3545	-1.3726	0.2726	-0.7422	-1.4759	0.8943	0.4904	-0.3624	0.3120	-0.1057	0.6874	1.0655	0.1144	-0.6761	0.2327	-0.4069	0.0504
-1.1150	1.5412	0.2363	0.2113	-0.9446	-0.2617	0.2681	0.6689	0.6693	0.9148	0.9140	-0.2216	0.4110	-0.5228	0.8753	-2.0583	0.9491	2.7203	0.3482	-0.1498	0.5550	-0.3660	1.7168	0.7002	-0.0666	2.6753	1.6268	-0.9477	-0.6961	-0.2192	-0.2543	1.7870	-1.0848	-0.2505	0.8697	1.4497	-0.3208	0.6406	-0.2312	1.5227	-0.0522	0.3182	0.5315	-0.9031	-0.3537	0.3656	1.2431	-1.0928	1.0078	-0.6393
0.4146	-0.9194	-0.6189	0.6984	0.3505	1.2304	0.2310	0.2408	0.0451	1.8096	-0.1186	-0.2187	0.2752	-1.0152	0.2567	-0.4406	-0.2707	-0.4880	1.3676	1.8010	1.5642	-0.5952	0.7040	-1.1188	0.2256	0.1089	-0.0854	-0.1490	2.3444	-0.3245	-0.4704	-1.3184	-1.1620	-0.5456	1.0455	-0.1884	0.8056	0.4952	0.3814	0.4363	0.4128	0.6753	-0.5296	1.7273	-0.4810	-0.0513	1.0119	-0.0769	0.9092	0.1764
-0.2250	-0.4149	0.1523	2.4034	0.4305	0.2441	-0.0890	-0.5924	1.9326	1.2972	-0.0729	-0.2258	1.9453	0.1082	0.8803	1.0354	-0.3065	1.1086	-0.2738	0.1174	1.2666	-1.2381	-0.7324	-0.5029	-0.3494	-0.1238	-1.0913	0.8497	-1.1381	-0.9023	-1.1241	-0.4682	0.4082	-0.2199	-0.7393	-0.5800	0.5226	-0.9973	1.0342	1.3544	-1.8834	0.1888	1.0614	-1.5958	0.0908	-0.1141	0.6911	-1.2174	0.4687	1.3641
-0.5190	1.7087	1.3873	-1.2702	0.2816	0.5180	1.6644	1.7220	1.9311	-0.0287	0.2944	-0.5726	1.1840	-1.9152	0.5495	-1.3797	2.6977	-0.7702	0.8860	-1.3141	0.5877	-1.0308	-0.3858	-0.0243	1.7697	0.8148	1.0642	-1.2493	-0.4989	-0.4450	-0.3746	-0.4798	1.1355	-2.0453	-0.5655	-1.1079	-1.2664	0.9452	-0.6490	1.0847	1.3057	0.1405	0.0113	-1.0595	1.0775	0.3027	0.0220	0.3227	-1.0195	-0.5497
0.6198	-0.8608	0.1666	0.6542	-1.4005	-2.0431	1.2793	1.2306	2.3209	-0.4811	-0.3333	-0.6455	-0.3732	-1.1409	-1.8333	2.3804	-1.0259	-2.2968	0.9945	-1.6403	-0.1580	1.7229	0.3577	1.4076	-0.5826	0.4098	0.2278	1.4356	-0.3152	0.0588	1.1723	-0.5791	-1.5058	-0.7111	-0.4793	0.6728	3.1250	0.8850	-0.0004	0.5977	0.2099	-0.5437	-0.4247	-0.4518	1.0338	-2.4079	-0.4828	-0.0003	0.3238	-1.6005
-1.6487	1.1039	1.3355	-0.6869	1.6023	-1.9931	-1.5120	0.7813	-0.9103	-1.9632	-0.7744	-1.2012	-0.1928	0.1008	0.0396	0.0633	-0.6147	1.3537	0.2946	0.5258	-1.5642	-1.5216	-0.5710	-0.7505	-0.1990	1.1183	0.3823	0.1624	1.0215	2.5276	-1.4465	-1.5560	1.6161	-0.2543	0.8678	2.7257	1.0866	0.0164	1.2568	-0.8529	-0.5312	-1.5122	-1.0125	-0.9412	-0.9478	3.1519	-0.4058	1.2264	-0.2975	1.4590
-2.7252	1.6382	-1.5440	1.5000	-1.2843	1.3733	-2.6325	-1.6749	0.2784	0.2030	-1.0021	-1.4439	0.7607	-0.4848	-0.0384	0.9443	-0.3555	1.4055	0.0625	-0.1506	-1.3370	-1.2857	-0.7113	-0.8977	-0.5875	0.5363	-0.5108	0.7296	-0.6885	-0.1817	-0.6069	-1.1624	-1.9445	-0.1029	1.5082	0.3851	-0.4944	-1.0273	-0.5678	-1.3860	-1.5837	-0.7407	-0.0958	1.1704	-2.2405	1.1783	-0.6488	-0.1117	0.9093	0.4960
1.7546	0.4677	-0.2576	-0.7208	1.9023	-1.9213	1.0376	-1.1760	2.4946	0.1734	1.5889	1.1410	1.7235	-0.0822	0.5280	-1.0931	-0.4927	-1.1875	-0.6393	0.1461	-0.8818	-1.0751	0.0533	0.7966	0.7164	-0.7592	0.1880	1.0060	0.1889	1.3537	-0.3392	-1.7576	1.9581	0.2389	-0.8835	-0.4455	-0.4130	0.5412	-1.0267	0.3663	-0.2169	1.1108	0.3216	0.3384	-1.0951	0.6441	0.7851	1.1668	0.5977	1.1819
-0.2607	-0.1286	-1.3885	-0.8283	-0.8316	1.2407	0.7545	0.1163	0.8789	-0.3531	0.7661	0.3760	-1.8057	-0.2542	-1.4008	0.3428	-1.1326	-0.3919	-0.0368	-1.7469	1.4887	-0.6129	-0.0900	-0.1561	0.0430	-0.1053	2.1347	-0.2578	1.3345	-1.0895	-0.2312	0.7415	-0.7642	1.0664	-0.2035	-0.3947	0.4764	0.1076	1.3658	-1.3304	-0.6484	-0.5930	0.3557	-0.1080	0.2256	1.6925	0.0564	-0.6436	-0.5452	1.4696
1.6400	-1.3420	-2.4147	-0.4787	0.5171	-0.3526	-1.5766	1.1846	0.2974	-0.2003	1.6207	-0.2704	1.5637	-0.7472	-1.5818	-0.8072	0.6911	-1.4588	0.0517	0.1845	1.0427	-0.5258	-1.2831	0.6266	-0.2085	0.5803	0.0618	1.5396	-0.5521	0.8602	-0.8170	-0.1102	-0.3914	-0.4124	1.4981	-0.6381	-0.4390	1.6070	0.5278	-0.6833	0.7595	0.5240	0.3168	-0.4746	0.1222	-0.8304	-1.0904	1.3220	-0.2525	1.2454
0.0291	-0.1049	0.6409	1.3642	1.8461	2.3207	0.8111	-1.2649	-0.3315	-1.0579	-0.7554	-0.3435	-0.0142	0.6846	0.1320	0.2329	0.1952	-1.1294	0.0062	-0.7712	-1.2311	-0.8470	-1.3842	-0.1283	0.2976	-0.7528	-1.8122	1.0034	-0.3295	0.0840	-0.4847	-0.7963	0.7841	2.0515	-2.6203	-0.1372	0.4697	0.5934	-2.1673	1.3645	-0.4910	1.0255	-1.0110	-0.4175	-0.8116	0.1901	0.3537	-0.6636	0.6105	0.2353
1.8613	-0.0650	1.4601	-0.0909	-0.7474	-1.4003	-0.1992	-1.9054	-0.3470	0.1732	1.8338	-0.1019	0.0528	0.3759	0.6511	0.3725	0.0093	-1.5720	0.2334	-1.3894	0.2579	1.1002	-0.0911	-1.1390	0.0612	-0.8253	-0.5695	0.8185	-0.9232	-0.4184	-0.6344	0.1854	-0.0840	-0.3791	1.6347	-0.4746	0.0156	0.3523	-0.0774	1.6240	-0.0934	-2.2723	2.8631	0.0835	0.4874	0.3773	0.3901	-0.1948	0.0282	-0.1095
-0.5191	0.1168	-0.0643	0.0604	-0.1287	-1.4381	-0.3186	-0.0697	1.7278	-0.3794	0.9525	-0.0127	-0.0529	3.0073	-0.5310	-0.9601	0.3551	-1.5131	-0.9323	-1.1106	-0.0323	-0.1250	-0.1533	1.9089	-0.6115	0.1772	1.2764	0.4259	-1.4149	0.4066	0.0156	1.3081	-0.2254	2.0428	-1.8158	1.3288	0.7367	-1.0432	-0.0912	3.0804	-1.6882	0.7340	0.2272	-1.0417	-0.3522	0.3908	0.4717	0.2222	-0.8216	0.3734
-0.3543	0.6733	-0.1587	-0.5996	0.2063	-0.3836	-0.8142	-1.9644	-0.4426	1.0687	-2.5108	1.0547	1.7948	-0.5126	-0.3278	1.0480	-0.4272	0.9823	0.8383	0.9129	1.2880	-0.7448	-0.9415	0.0219	0.5675	0.6812	-0.1116	1.0486	-1.4437	0.4899	-1.4327	-0.1665	0.0826	-0.4012	-0.2328	0.8682	-0.5885	0.9420	0.6779	0.0453	-1.1542	0.4634	0.4435	0.5878	-0.0338	-0.4145	0.6958	1.8892	0.9066	-0.9904
-0.4239	0.3306	0.9302	-0.4973	0.2551	1.0258	1.3774	-1.3139	-0.8239	0.0278	1.2804	0.0341	0.1162	0.1232	-0.7334	-0.6665	-0.6127	-0.1051	1.4044	0.4433	0.3857	-0.0964	-1.3890	1.2462	1.2374	-1.9993	0.9506	1.3330	0.1048	0.2468	-0.3779	0.3153	1.3900	-0.5837	-0.0198	1.2105	-0.3211	1.3791	-0.1974	-2.1764	1.6631	-0.4268	0.1090	1.0978	-0.1544	0.5605	0.8972	-0.2185	0.3983	-2.2091
1.0121	-0.0794	-0.1855	-1.2043	0.4614	-0.0584	0.1364	-0.1658	1.5157	0.1959	-0.1625	-0.9930	-0.1943	-0.1340	1.2477	0.0354	-0.2032	0.1577	-0.1243	-0.3151	0.9111	-0.0893	-0.3109	-0.4136	-0.2751	0.2025	0.9164	1.2769	0.4148	0.9375	1.3464	-0.9837	-0.9079	-0.6141	-0.0949	0.1022	0.9657	-0.5040	0.4522	0.6446	1.3977	0.3355	0.4950	-0.7244	-0.0039	-1.1379	-0.4506	0.8942	1.6075	-0.8446
-1.6909	0.0923	-2.6087	1.3717	0.4793	-0.6414	1.5216	-1.6348	0.5808	0.2198	2.0022	0.8182	-0.8601	-0.0446	1.2079	-0.8643	0.0234	-0.1075	0.7850	1.2794	0.9102	-1.7593	0.3744	-0.5902	1.9394	-2.4002	1.2896	-0.5310	-0.1029	-1.2313	0.7311	-1.3564	-1.2177	-1.5470	-1.1413	0.4459	1.6792	0.3089	-0.5150	0.6782	-0.4409	0.5640	-1.1357	-1.2074	-1.6446	-0.8851	1.4513	-0.2518	0.9731	-0.0436
0.7375	-1.4378	0.8213	-1.1881	-2.2853	0.6145	-1.1558	-0.1328	-0.1193	0.6148	-0.7509	0.4177	0.2209	-0.8438	-0.3426	-0.6660	1.0494	0.7918	0.0998	-0.7971	0.0555	-0.5541	0.2754	0.5717	-0.3937	2.2693	0.1418	0.4390	-0.3642	-0.0961	0.4171	-0.3131	-0.3056	0.8530	-0.2903	-1.1418	0.9474	-2.0698	-1.2074	-0.8130	-1.5804	1.5769	-1.4374	0.2215	0.2337	1.1001	-0.1154	1.3017	-0.2435	-0.9821
0.7361	0.4079	-0.3122	0.5831	-0.8476	-1.4922	1.1487	0.3460	-0.3460	-0.9405	-0.9066	-0.1894	-1.8844	0.1286	-1.0472	-0.4986	0.1673	0.0811	-1.8728	0.7056	-1.0158	0.8325	0.3238	-0.7602	-0.1047	1.0687	-0.1617	0.2886	0.8495	1.1158	-0.3555	-1.4746	-0.0995	-0.4732	-0.0508	0.1633	0.0483	-0.0118	-1.2701	0.0429	0.3160	0.7549	-1.6025	-0.2545	-0.6112	0.6262	-0.3982	0.1676	0.8220	-0.2970
0.2131	1.4244	0.4659	-0.6900	-1.5234	0.2399	2.6723	0.2284	0.2640	1.2673	0.1746	0.9561	-0.8788	-0.6892	1.5806	0.8471	0.4165	-0.0711	-1.2270	0.9195	1.5050	0.5651	1.5150	0.4866	1.0053	-0.4844	-1.9760	0.6284	0.0472	-0.0951	-0.2308	-1.0820	1.7175	-1.7419	0.5863	-0.8313	-0.3662	-0.1792	-0.4474	0.1903	-0.3395	-1.0047	-0.4136	1.0227	-1.1726	0.0791	-0.4911	-1.7945	0.5473	1.1637
-0.5414	-0.2396	-1.5138	-1.9677	0.8258	-1.0197	-1.1060	1.0248	-0.0943	-1.0925	0.7349	-0.3736	-1.4157	1.6282	0.9405	-0.4874	-1.8447	-1.0192	1.6641	0.4564	1.3771	-0.1320	-0.7111	-0.2561	-1.7030	1.5582	0.4158	-1.2382	0.5110	-0.9875	0.1656	0.5341	0.4578	-1.9088	1.7651	0.7042	-1.5870	-0.9629	-0.2420	-1.8267	0.3580	0.8570	-0.0100	0.3279	-0.5869	-0.3680	0.3581	-0.4476	-0.5977	1.1277
0.3779	-0.0881	0.8885	0.7052	-0.5656	-1.1037	2.0702	0.3575	-0.3067	-0.2556	-1.0337	-0.7644	1.2783	0.4472	-0.3457	0.6878	0.5643	-0.4132	-2.0811	1.2660	-0.0343	1.4326	1.5364	0.1796	1.4335	0.2160	0.4245	1.2158	-0.1020	1.1523	0.2346	0.7128	-1.4072	-0.0107	-1.1660	-0.6731	0.7794	-1.9114	0.5593	0.6654	-0.6277	0.6825	-0.5578	1.4911	-1.1115	-0.3063	0.2331	-1.0713	-1.8383	-1.2346
-0.1227	2.3876	-1.3515	-0.5543	-1.0288	-0.3730	1.3372	1.1198	0.0111	0.0787	2.4749	-0.4881	0.1066	1.9792	-2.2550	0.3383	-1.9268	0.3811	-0.4449	0.7557	-1.0919	-1.1320	-2.0796	-0.7034	0.3044	-1.7302	0.3890	-0.6104	0.7320	-0.2633	-0.1200	1.0596	0.3637	1.1986	1.2927	0.8660	0.8198	-0.1480	-0.1977	-1.6399	0.9072	-0.8840	-0.5634	-0.2824	-0.2222	0.6518	0.1715	-0.6188	-1.7800	2.0268
-0.6807	0.6287	-0.7128	-0.3301	0.1187	0.5223	-0.0424	0.0807	-0.0764	-1.1810	1.1395	2.4561	-1.5177	-0.0129	-1.0567	0.0522	1.0165	-0.7991	0.0717	-0.5954	0.5074	0.0930	-0.6161	-0.2136	-1.0818	0.1979	0.4212	-1.4101	-1.8024	-0.7657	0.3585	0.4680	0.2489	-0.0277	0.1498	-0.0707	-0.0299	1.8258	1.7413	-2.3047	-0.0333	-0.0771	0.4097	-1.2975	1.0375	0.7981	1.9268	0.9576	0.4744	-0.1138
-0.8706	0.0076	0.5937	0.1869	0.0446	0.8074	0.5013	-1.0910	0.9628	0.9610	-0.4780	0.1738	1.5675	-0.1325	0.5906	0.4003	-0.4301	0.4757	-1.4879	0.9633	-1.2587	-0.7474	-0.7624	0.4682	-0.1977	-2.0793	-0.9132	0.0216	-0.4433	-0.4550	-0.9130	0.8513	-1.8933	0.4637	-1.2575	0.2196	1.8210	-0.1199	-0.0309	0.5019	-0.0075	0.7223	0.9328	1.2729	-0.6341	-0.5813	-0.7113	-0.3754	-1.8492	0.2695
-1.5197	0.0128	1.1253	-0.0931	-0.2133	-0.6529	0.6087	0.2596	-0.6702	-0.3433	0.1352	-2.3070	1.6806	0.3097	0.7339	-0.1993	0.0343	-0.6973	1.1155	1.7270	-1.1826	1.5795	-0.5079	-0.8012	-2.1505	0.4065	2.4013	0.2685	-0.5251	0.0386	-1.0823	0.6434	-0.6147	-0.8755	-0.0195	1.9672	-0.4963	2.0666	-0.0812	0.0506	-0.4603	-1.8189	-2.3225	1.4460	-0.4718	-1.2698	-1.7339	-0.3883	-0.1208	-1.1890
-0.9036	1.0285	-0.2850	1.4456	1.9488	2.1190	-2.2244	1.5908	-0.5410	-0.9545	-0.0325	-1.5072	-1.4961	-0.6301	1.1310	0.6110	1.1930	-0.4510	-0.4588	0.7284	-0.0971	0.0756	-1.0611	0.0356	0.0238	1.0899	-0.8220	0.1824	-1.2973	-0.3199	1.0796	0.9678	1.1835	-0.6636	1.2024	0.0095	1.7520	1.3483	0.5309	1.5196	0.5660	-0.3284	-0.2888	1.8760	-0.8775	-0.3668	0.2653	0.1907	-1.6133	0.5799
-0.3874	-0.1141	0.2893	-2.6469	1.4784	0.9360	0.4108	2.0425	-1.2360	-1.1623	0.3634	0.2513	0.0409	0.6722	-1.1623	-0.0289	-0.2817	1.3451	-2.9668	-0.5960	1.1988	0.7274	-1.0982	0.2517	0.1800	0.5908	0.7251	2.6720	-0.1809	-0.3917	0.2185	-1.8384	-0.5259	-0.4413	0.2534	-0.5247	0.0074	0.7562	-1.3695	2.5161	-1.3628	-1.2609	2.0672	-0.0306	-0.5875	-0.7616	1.0527	-0.0159	1.4354	2.6560
-1.0166	0.4637	0.8777	0.7307	0.2902	-1.2671	-2.5172	1.0997	-0.2051	2.1878	-0.4707	-0.3875	-2.2786	-1.0522	-1.0601	-0.8744	-0.2507	1.0544	-0.4472	1.0498	-1.4690	1.1843	0.1466	-0.1499	0.9422	0.1662	0.1191	-0.4895	-0.6260	1.3666	-0.1193	-0.8002	0.4482	1.4063	-0.3055	-1.1724	1.3809	-0.0436	-0.1360	-0.0589	-0.5846	1.8219	0.5010	-0.4138	0.9242	0.9874	-0.5933	0.2976	1.0158	1.1843
0.6342	-1.5996	0.5131	1.9953	-0.4483	0.1277	0.2983	0.2298	-0.3330	-0.4085	0.3474	-0.5595	1.0358	1.2284	0.2605	-0.3305	0.0828	0.2847	-0.5486	-0.3522	0.6726	-1.9340	-2.4617	-0.1471	0.7579	-2.1318	-0.4364	0.6821	-0.4159	-0.6243	-0.6725	0.3115	-0.5350	2.9228	-0.3682	-0.7895	-0.8506	-2.2035	-0.2443	-1.2301	0.1249	-0.2692	0.8075	2.8093	1.0673	-1.4670	-0.0465	0.9770	0.3299	0.4073
0.0144	-1.3175	0.4403	-0.6078	-0.7894	0.0402	1.0753	1.3878	-1.0551	-1.1368	2.5032	-0.6596	-0.2203	1.2690	0.9100	0.5217	0.2562	2.0458	-1.1298	1.4025	0.8500	0.1220	-0.9846	1.3198	1.4740	-1.7419	1.7931	-0.0945	0.5483	-0.1994	-1.6872	1.9440	0.0476	1.3175	0.1089	-0.2336	-0.7954	-0.9726	-1.0763	0.3128	-0.0306	-0.7958	-0.8632	1.3560	-0.4626	-0.3999	-0.4888	0.6799	-0.7814	-1.6221
-0.2174	-1.3053	-0.1730	1.4791	0.1071	0.6486	-1.0344	-2.3899	0.9580	0.3666	0.3863	-1.1872	0.7175	-0.1830	-0.5676	-0.3237	-0.7834	0.2386	-0.2982	0.0550	-0.1923	0.9076	1.3618	-0.8589	0.1267	0.2228	-2.2986	0.8064	0.9131	-1.3691	1.1022	0.0283	-1.1507	-0.9114	1.8784	-0.1722	-0.5384	-1.2556	0.2671	0.3186	1.4525	0.1111	-0.5580	-1.9080	-1.4734	-2.2567	-0.6375	-0.8289	-0.3503	-1.4049
0.0563	1.0168	-1.6937	-0.2231	-0.2805	-0.5285	0.8676	0.7222	-0.7030	-0.6595	0.1361	0.1719	0.0961	-1.4117	-1.2261	1.1933	0.1105	0.1901	0.8358	0.2489	0.5673	0.0899	-0.8808	-1.7413	-1.0731	0.2634	-0.2591	-2.2772	-1.4846	-0.0787	2.2739	0.5212	0.9306	1.1756	-0.5573	0.5696	0.1020	1.3656	0.5466	-0.2686	0.1300	1.8594	1.4472	-0.1691	-0.2926	-0.3336	1.3483	-0.5296	-0.8106	0.5862
-0.7347	-0.9210	0.3962	0.1109	0.0273	1.3421	2.2679	1.3441	-0.0702	-0.5253	-1.1457	-0.6201	-1.0736	-0.0819	1.4414	1.1450	2.0848	1.1262	-2.0070	1.5045	-1.2850	-0.1061	-1.5343	-0.9527	-0.0604	-0.6986	1.8425	1.0088	1.4764	-1.4512	-0.6890	0.4255	-1.9916	-0.3095	0.2541	0.2429	0.8485	1.7838	-0.6789	0.1114	-0.6050	2.0604	1.1858	-1.1898	0.2737	0.3682	-0.0688	-1.0667	-0.6573	-0.0583
-0.1633	1.3755	1.2642	0.2119	1.1636	0.2899	-0.1350	1.4851	-0.6868	-0.6847	0.1457	1.0448	0.5817	-1.0814	-0.5312	1.6383	-2.2344	-0.1437	0.6130	1.0849	1.0306	0.6953	0.6986	0.5537	-0.5580	-0.6426	-0.6757	-1.0440	-0.7939	-0.7894	0.8845	-1.2443	0.0438	0.5671	0.1206	-0.2780	0.6845	-0.7814	-0.1983	-0.6714	0.0232	-0.6756	-0.4231	-0.3306	-0.2837	-0.4830	-0.3124	0.4489	-0.3108	1.0867
0.1587	1.6922	-0.5684	0.0736	0.1265	-0.4774	-1.2643	-0.8571	0.3270	0.3743	-2.4133	0.1036	-0.1485	-0.7562	0.2780	1.3682	-1.3317	-0.7752	-1.0048	-0.6443	-0.6979	-0.4155	-0.1405	0.7870	1.7583	-0.4191	-1.1354	2.8640	0.0587	0.5102	0.1801	2.2074	0.1030	-0.0685	0.1222	-0.1542	-0.0275	1.5513	0.1821	2.3536	-0.1806	0.2435	0.0535	-0.3455	-0.3444	1.4409	-0.1847	1.5711	-0.4293	0.0302
-0.0730	-0.1724	-0.8080	0.3033	-0.0497	-1.4626	0.7701	-0.0066	-0.1862	-0.2500	0.2516	-1.8595	0.6766	-1.3750	0.2410	-1.0428	0.3939	1.4063	-0.2249	-1.8459	-1.3988	-0.5551	0.8181	0.3190	-1.0668	0.3636	-0.8316	0.6790	-1.3853	-1.1002	-0.7405	-0.2291	0.0011	-1.4100	1.5047	-0.1000	0.2295	0.5343	1.3156	-0.6779	0.9070	0.8802	-0.6042	-0.8700	-1.7516	-0.8050	0.6850	-1.0888	1.7713	0.6435
-1.6769	0.8320	-1.0008	1.2606	0.7948	1.3676	1.3864	-0.0605	-1.4140	-0.5410	-0.1123	1.0726	-1.1427	0.7077	-0.7902	-0.2946	1.6955	-0.3941	-0.5733	0.0242	-0.4620	1.2953	0.7391	0.5441	-0.4676	1.6246	0.4945	-0.3529	-0.9043	0.6121	0.4508	-0.1211	0.1818	-0.5125	1.1626	-0.8809	0.4901	0.1685	-0.3655	1.5506	0.2913	-1.1707	-1.3636	0.2438	-0.1524	1.0875	-2.0267	-1.3831	-0.6221	-1.5145
0.4561	-0.6897	0.3764	0.6607	-0.6139	0.3077	0.1348	1.4830	-0.6309	-0.2653	-0.1370	0.3083	1.7259	0.3525	-0.8877	-2.4104	1.1822	-0.5862	-0.9203	-1.7349	1.2197	-1.1414	0.1616	-0.4014	0.8550	-0.0020	-0.4929	1.6186	-0.1461	0.0983	0.0170	-0.2075	-0.2430	-0.3737	0.0768	0.6665	0.6569	0.5795	-1.4563	-0.4816	0.5071	-0.4202	-0.4891	0.4162	0.3013	1.0566	1.3324	0.9445	-0.8211	-0.0783
0.2061	-0.7408	-0.7061	1.2517	0.5204	0.4676	0.2149	-0.2500	1.3673	-0.2467	-0.3406	-0.3424	0.7548	0.4922	0.9936	0.9874	0.4286	1.0532	0.7280	-0.2015	-0.6392	0.6845	-0.0027	0.0366	0.6980	-0.6327	-0.1371	0.9123	-0.1668	0.4031	0.0224	-0.3619	1.1863	1.0687	0.5538	0.6727	-0.0453	-0.5930	-2.2970	0.0251	-1.0581	1.7748	0.4663	-0.3024	-0.8155	0.0291	-1.1331	-0.7229	1.6024	0.2944
2.2601	-2.0927	0.1384	0.1354	-2.1695	1.3401	-1.0125	-0.4427	-0.1345	1.4526	1.7329	-0.0166	0.3097	-1.2940	-1.6461	-0.1519	1.1989	2.7685	0.4111	-0.3355	1.8195	2.0911	-1.2873	0.2280	-0.4645	-0.5339	-1.2572	0.3902	-0.2040	-1.2652	-0.0784	0.2224	0.4524	-1.1661	1.9508	0.6430	-0.7123	-1.4407	-0.8256	1.0185	-1.1765	-0.2858	0.8831	1.1799	0.9138	0.0100	-0.4681	-1.4657	-1.1243	-0.6369
1.3234	0.6505	-1.1964	0.1613	-0.9085	-0.8257	0.4200	-0.1892	-0.2476	0.0196	0.8469	0.0953	0.7178	1.4280	-1.3159	-1.2804	-1.1913	-0.2609	0.0173	-0.0353	-0.4495	-0.8809	-0.8141	-1.1279	-0.7126	0.0564	-0.0124	0.6072	-1.8281	-1.0416	-0.3922	0.1646	-0.3770	0.2793	-0.6891	-2.2819	-1.2648	1.1551	-0.2504	-0.4179	-2.2364	-1.9118	0.1232	0.3500	2.4084	1.5724	-0.1639	-0.8268	-0.3308	-0.7263
0.7289	-0.3519	-1.3854	-0.6632	1.2286	0.4402	1.1234	-0.8120	0.7638	-1.2658	0.5568	0.5758	0.2220	-0.5711	-0.0138	-0.7001	-0.4216	0.0985	-0.8984	-0.6832	1.9481	-0.8067	-0.4731	0.3920	-0.1585	-0.8164	0.4564	0.8243	0.0506	-0.1719	1.5621	-0.0354	0.3009	0.6027	0.3642	-0.5820	1.2539	0.6411	-0.0336	1.0166	0.2599	0.4541	-1.2546	-0.1285	-0.1931	0.9157	-0.2020	-0.0245	-0.2500	-0.9534
-1.2387	0.8838	0.1964	0.1816	0.9481	-0.7692	-1.0067	-0.0386	-0.6343	-0.8456	-0.9078	-0.3357	0.8590	0.3927	0.9696	0.3829	0.6083	-1.0952	-0.4394	-0.8750	1.0289	-0.6868	-0.4290	1.4344	-0.5166	0.2320	1.1772	-1.1457	-1.6654	0.9181	2.0001	1.3535	0.5388	-1.8411	-0.3558	-0.6216	0.0276	0.1096	1.3424	0.3269	-0.1303	-0.1368	0.3625	0.5066	-1.0849	-1.2070	0.3381	-2.8771	1.6393	-1.8185
-2.0004	-0.8285	-1.0736	-0.0866	1.9702	0.5885	-0.5757	0.5091	0.4982	1.5005	-0.5141	0.7418	-0.8176	-1.7667	0.1451	0.4150	-2.4177	0.1995	0.7978	-0.0800	0.4084	0.5764	-0.4642	-0.1159	0.2919	0.5965	1.3475	1.2478	0.0300	1.0018	0.9996	0.5047	-0.3711	1.8525	0.0439	0.0345	-1.4241	-0.4064	0.1120	1.6518	0.6914	-1.1108	-0.6537	1.4100	-1.1572	0.4001	-0.4931	0.4588	-0.0495	0.4224
-1.0091	0.2292	-1.6901	0.6549	-1.3112	-0.7483	-0.6035	-0.0687	1.6873	-1.3374	-0.5025	-0.0987	-2.2077	-0.3857	1.2903	0.5880	-2.1822	1.2441	0.2603	-1.8412	0.1184	-1.4196	0.3773	-1.1849	0.1596	-2.2386	-0.9577	0.6597	0.1069	-2.2258	0.7119	-0.6135	0.0316	-0.7571	-0.3820	0.6145	-1.1751	1.1623	-1.3360	0.4980	-2.2802	-2.3983	-0.4739	-0.1354	1.4049	0.2683	1.0998	1.2781	1.4070	-2.2695


