
X1	X2	X3	X4	X5	X6	X7	X8	X9	X10	X11	X12	X13	X14	X15	X16	X17	X18	X19	X20	X21	X22	X23	X24	X25	X26	X27	X28	X29	X30	X31	X32	X33	X34	X35	X36	X37	X38	X39	X40	X41	X42	X43	X44	X45	X46	X47	X48	X49	X50
1.3455	-0.4612	1.7904	-0.3603	0.8743	-1.1762	0.1769	-2.4965	-0.4487	0.9047	-0.2938	0.2129	-1.7466	0.7793	0.8428	1.6305	-1.0819	-0.3519	-1.7312	0.1669	0.0730	0.2034	-0.2524	0.3316	-0.1546	-0.8069	0.2831	0.1616	-1.1567	-0.7428	0.1541	-1.0206	-0.7969	1.0982	2.4798	1.0808	0.5249	-0.5307	1.0154	-0.6971	-0.2278	-0.7385	-0.8303	-0.8154	0.4203	-0.0475	0.1464	-0.1712	-0.8581	0.3935
-1.5924	0.1525	1.1413	-0.6295	0.0269	0.5067	0.5977	-1.9596	0.5734	0.8087	0.3292	-0.1364	-0.0925	-1.0377	0.7823	1.0456	1.3758	-0.2265	-0.0168	1.0043	-0.1588	-0.9534	-0.1611	-0.5787	-0.3747	1.3906	0.4985	0.9734	-1.1288	2.0081	0.6948	1.9235	-2.0081	0.7053	0.5659	1.3380	-1.9847	-0.5344	-0.0157	-2.4043	-0.3993	-0.9625	-0.9995	-1.0872	1.1775	0.4640	2.1591	1.7723	0.8744	-1.1135
-0.8613	-1.8822	-0.9763	-0.9970	1.2920	-0.1852	0.8823	0.5124	-0.2985	0.5076	0.1724	-0.3916	-0.3836	-0.1938	0.8690	-0.6645	1.3175	0.9928	0.2869	0.9237	-0.1074	-1.0501	0.1071	0.6773	0.5822	0.4524	0.1740	-2.0708	-0.5756	0.8515	-0.5293	0.1161	-0.2103	-1.6266	1.2680	-0.4538	-0.0335	0.3754	-0.5669	0.0456	1.2411	0.4720	0.4399	0.6288	-0.9046	-0.3472	-0.4412	0.0767	-0.6888	0.3256
0.1356	0.2247	0.2104	1.3702	0.8095	-0.5849	-0.2804	-0.2580	0.8833	-0.6088	0.1424	0.8265	0.9865	-0.5187	0.1419	0.0920	-0.1533	-0.9872	-0.6060	-0.1184	-0.7700	0.6411	0.4583	-1.0879	-0.6556	0.2261	0.2145	-1.2930	0.3534	0.6305	0.9081	0.0489	-0.1610	0.2712	1.0947	0.1060	0.5566	-0.8141	0.6931	-0.0576	-0.3745	-1.1004	-0.8910	-0.6744	1.1379	0.8130	-0.0536	-0.8892	0.1597	-0.7226
0.5464	-0.1724	-1.6965	0.0481	0.6613	-0.3663	0.1817	-0.8159	1.3108	-0.4710	2.2696	-1.4739	-2.2769	-2.1498	1.2231	1.2298	1.1499	0.3504	-0.4511	2.0254	-3.0006	-0.0477	1.4679	-0.6898	-1.9148	0.2535	3.3105	-1.3937	-1.8282	0.6038	2.4268	0.2686	-1.5638	-0.3815	-0.5451	2.2903	0.4062	-1.9739	1.1166	-1.6228	-2.6514	-1.4552	-1.4771	-2.5050	2.6086	1.9648	0.2530	0.9062	1.6497	-2.5939
-1.1291	-0.9164	0.5045	-1.7956	-0.9766	-1.0238	1.2790	0.2608	-0.3332	-0.3053	-0.3495	-0.7681	-0.0088	1.0898	2.0556	0.1576	-0.8149	-0.6420	0.7143	0.0433	-0.5799	-0.1911	0.2923	0.8912	-0.2823	-0.4804	0.6103	-0.7273	1.2453	1.5396	-0.2348	0.8519	-1.1828	1.3630	-0.5850	0.5922	0.2885	-0.0616	-0.2149	-1.5406	-0.5545	0.6925	0.6280	-0.4299	-0.5988	-0.3166	0.0575	0.1638	0.1050	0.2197
0.5030	-0.4884	0.9816	-0.2748	0.4836	1.3535	0.9916	1.4180	-0.3702	0.8415	-0.8883	-1.3663	1.3472	1.2130	1.2549	-0.5073	-0.7004	-0.5434	0.6554	0.3678	1.3117	1.0707	-2.1955	0.5112	2.2283	-0.8518	-1.6796	-2.1014	1.1244	-0.7019	-2.4223	1.2970	0.8284	-0.0403	0.0690	-1.8475	-0.7811	1.0326	-0.4726	0.8448	2.1216	1.5231	1.1423	2.1047	-2.1341	-0.6437	1.0484	-1.6926	1.1104	2.5494
1.1766	2.4603	0.0163	1.0751	-2.2912	-0.1370	-0.7811	-0.1439	0.3884	0.8851	-0.1924	0.5480	0.4790	0.6446	0.1323	-0.1471	-0.4986	-1.5721	-0.0791	-0.1679	0.3910	-0.4814	-0.3771	-0.4265	-0.1364	0.1007	-0.6279	-0.0157	0.1348	-0.7841	-0.4029	-0.8432	0.2334	-0.7625	-1.4088	0.3073	0.4874	-0.0465	-0.1308	-0.1676	0.2618	-0.2298	-0.1052	0.1473	-0.0480	0.1115	-0.0782	-0.0073	0.6695	-0.0100
-1.2695	-0.4281	1.1669	-0.1452	-1.4331	0.7755	0.9714	-0.9080	-0.2797	2.1395	0.1960	-1.0957	0.9950	-1.6347	0.7853	0.2222	0.5471	-0.0046	0.5029	0.8817	0.4148	1.2942	-0.6530	0.3010	1.0102	-0.4158	0.2519	-0.7308	-0.4434	0.5305	-0.4920	0.1841	-0.1081	1.0961	-0.2425	-0.5029	0.1067	-0.1928	0.4335	-0.7949	0.7022	-0.6251	-0.9439	-0.4868	0.4367	0.0764	0.2354	-0.5012	0.2062	0.4056
-0.6786	1.3409	-1.0876	-0.8205	-1.4167	0.7800	1.2475	-0.3764	0.9446	-1.8296	-0.4198	1.6291	-1.1700	-0.2111	0.0641	1.0778	-0.0154	-0.6964	0.5246	0.3435	1.0821	0.2449	2.1142	-0.6667	-1.8401	1.3599	-0.5645	-1.1857	1.2970	-0.3675	2.2218	0.3761	-1.4108	-1.1731	0.2409	2.2324	0.2563	0.7928	-1.6355	-0.7500	-1.1525	1.1864	1.0847	1.0523	0.4632	-0.4578	-1.4259	0.9962	0.4640	-1.8900
-1.4459	-0.3027	-0.4758	0.7243	0.0887	0.7474	-1.1176	-0.8258	-0.8356	-0.7233	-1.5247	1.5538	1.9170	-0.0323	0.0120	-1.1689	1.4567	1.0679	0.0945	-1.5310	0.8318	-0.8990	0.3952	0.5144	-0.1935	-0.9678	-0.7511	-0.7246	0.8523	0.8641	0.4352	1.4150	0.7881	0.6095	-1.5598	-0.8797	-2.1701	1.0261	-1.0172	1.0224	-0.0478	1.2930	1.6278	0.9386	-0.7593	-0.3667	1.3234	0.8663	-1.1061	-0.2696
0.1254	-0.8378	1.0272	1.1693	-0.0236	-0.1569	-0.1886	2.3058	-0.5914	-0.4655	-1.3448	1.7067	1.8816	0.7985	-0.8624	-2.3038	0.8026	0.4909	-0.1419	-1.6117	1.7147	-0.1222	-1.9938	0.3501	2.4111	0.1381	-1.4132	1.0865	1.5574	0.0129	-2.3339	-0.5254	1.7068	1.5017	-0.0394	-2.7392	0.0298	2.7301	-2.1195	1.2760	2.0436	2.5648	2.4136	2.3138	-2.8934	-2.3521	-0.9068	-0.8994	0.5143	2.0366
0.2979	-0.9612	-0.8514	-0.9798	-1.8261	1.2460	0.7302	-0.0105	0.3103	0.4189	-0.1415	0.0386	-1.7358	-0.1224	0.8443	1.2731	1.0055	0.0879	0.2847	0.7486	0.5480	-1.5379	0.2953	-0.0873	-0.7168	-0.4802	-0.1320	-0.4629	-0.9880	-0.3408	0.4396	-0.4070	-0.5783	0.1759	-0.2889	0.9590	0.3900	-0.5533	0.6035	0.1977	-0.2319	0.2027	0.4449	0.1790	-0.0292	0.5082	0.5738	0.1363	-0.5905	-0.9984
-1.2085	0.1231	0.0185	1.0823	0.5046	0.8299	-2.3573	-0.1861	-1.2441	-0.7567	-0.2128	-2.2071	-0.0203	0.2136	-0.5925	0.4464	0.2415	1.3113	0.2275	-1.1102	0.2151	1.0196	0.0072	0.9231	0.3170	-0.8483	0.0876	0.1415	0.4858	0.0950	-0.2230	0.8917	0.0458	2.2781	1.5249	-0.0717	-0.1355	0.4332	-0.8843	-0.0785	0.5282	0.2015	0.2449	-0.0038	0.3839	-0.6232	-0.0474	0.3982	-0.8478	0.1025
-0.3688	0.7738	1.4984	0.7201	0.6139	-0.8205	-0.5836	-0.6556	-0.4305	-1.2807	0.0390	0.4920	0.0153	1.1084	-1.1087	-0.7629	-1.0657	0.1266	-0.5943	-0.6336	0.5142	-0.0900	-0.7596	0.2995	0.4615	-0.0995	-0.0326	1.2851	-0.3501	0.0431	-0.4268	0.6476	0.3718	-0.0816	-2.4014	-0.7983	-1.9169	0.9848	-1.4914	-0.2309	0.5225	0.7978	0.8944	0.3370	-1.1401	-0.3065	0.3351	1.8643	-0.9112	1.2032
-0.1791	0.2857	-0.5123	-0.9301	0.4651	0.2765	0.1170	-1.5564	1.5132	-0.1589	0.6872	-0.8965	-0.3913	0.0034	1.0389	0.5673	-0.8644	-0.4818	-1.8153	0.6873	-1.0135	0.3575	0.6600	-1.9434	-1.0419	1.5806	0.7820	-1.1792	-1.8526	0.9557	0.8766	0.4479	-1.6116	1.5182	-0.1315	1.8152	-1.0193	-1.6610	1.2613	-1.8452	-1.4265	-1.5242	-1.5509	-0.7936	1.6037	1.8265	1.8051	-0.4245	-1.2936	-1.0191
0.7631	0.9360	-1.0891	0.1928	-0.9403	0.5135	-0.1055	1.0256	0.3416	-2.3655	-0.6899	-1.1394	-0.2572	1.2141	-0.9970	0.5764	1.0624	1.1903	0.0207	-0.9085	0.7733	2.5214	1.1232	-0.4237	-1.1423	1.0221	-0.7469	1.5635	0.4409	-0.1000	0.7356	-0.1638	-0.8415	-1.0683	-1.4865	1.3680	0.0057	0.3810	-0.6994	-0.4942	-1.4091	0.4484	0.2937	0.6726	0.2091	-0.3787	-0.5627	-1.0543	-1.1055	-0.3429
-0.8554	2.1215	-0.5572	-0.0693	-0.5813	-1.0284	0.2563	0.0210	0.9638	1.1888	1.0523	1.1599	-1.4837	-0.6356	-2.2610	0.9035	0.3591	-1.1718	-0.4885	1.0995	-0.2788	-0.1448	-0.0160	-0.8468	0.4142	0.3894	-0.3676	0.6040	-0.0344	0.7011	-0.2078	-0.4032	-0.4382	-0.3239	-0.7736	-0.2127	0.0114	-1.2913	0.6873	-0.3232	0.4107	-1.0267	-0.1362	0.0290	0.0811	0.9821	0.4169	-0.0710	-1.9391	0.1371
-0.1791	-0.5341	-0.4350	-0.4711	1.1611	-0.0235	-0.2220	-1.1528	0.3131	0.4280	-0.4841	0.3519	-0.8786	0.5288	-0.3874	1.0271	-0.5884	0.2904	-1.6238	-0.1961	0.9014	0.9940	0.5303	-0.3082	-0.5193	0.1146	-1.0017	-0.1122	1.1123	0.3756	0.0193	0.3230	-0.6643	0.0117	-1.2821	0.4807	0.3744	-0.0405	0.2974	-0.1010	-0.6921	-0.6588	-0.6327	0.0812	0.0359	0.1873	0.4958	0.5186	2.6231	0.1111
-0.3176	-2.0359	0.0893	-1.5595	0.0034	-0.4738	1.1276	-0.7754	1.1541	0.7382	0.4645	0.5779	-0.4875	-0.7847	1.3571	0.1702	-0.3121	0.2742	-1.1014	0.6640	-0.4916	1.1847	-0.3516	-2.3786	0.4560	-0.0163	0.1895	-0.7708	-1.3794	-0.0246	-0.3326	0.0360	-0.1797	0.2393	1.0050	0.0864	-0.4363	-0.2259	0.2954	-0.1448	0.4610	0.1528	-0.4543	0.0897	-0.3199	0.6804	0.3877	-0.4762	0.9573	-0.2190
-0.8534	-1.6612	-2.2144	1.3411	-1.2983	-1.9471	-0.7927	-0.1508	0.5672	1.1255	-0.1350	-1.2335	0.5318	-0.6654	0.2124	-0.7449	1.0660	0.3040	-0.9990	-1.0008	-0.3468	-0.2347	0.5975	-0.5637	-0.2296	2.0242	-0.2491	0.1457	-0.1633	0.3727	0.0006	0.3049	-0.3339	-0.0319	1.5523	0.0881	0.6140	0.4529	-0.5799	0.1717	-0.2646	-0.3359	-0.5334	-0.0575	0.2812	-0.6453	-1.0900	0.2483	0.5067	-0.3073
-0.2768	0.4438	0.9830	0.8443	-0.6149	0.7994	-0.7112	0.3247	0.1946	1.3385	1.7718	1.1457	0.8996	-3.5150	-1.0793	-1.4983	-0.2816	1.6458	1.3609	0.9225	-1.0128	0.3355	-1.1892	0.9652	1.1487	-0.8032	0.4451	1.7694	-1.8492	-0.7827	-0.2336	-1.3598	2.1763	-0.3224	0.3649	-2.3136	0.5494	-0.7684	-0.3070	1.4172	1.1969	-1.0276	-0.9411	-0.3587	0.7446	0.8498	-1.2665	0.6118	-1.2900	0.2194
2.2888	0.8851	0.2441	0.5464	1.4691	0.3499	0.1942	1.3723	-1.5092	0.5401	-2.3600	1.3490	1.0795	0.3110	0.2981	0.1567	-0.7442	0.9554	-0.9725	-1.7614	2.1673	-1.0477	-1.0001	0.8885	0.7276	-1.8069	-2.0247	-0.8510	3.2007	-1.6079	-1.1131	-2.1928	1.2753	-0.7029	0.2793	-1.1416	1.0171	1.8032	-0.5366	1.4878	0.6767	1.4890	1.2523	1.4969	-1.6703	-2.1255	-1.4316	-0.6323	-2.3578	1.0854
-0.4027	1.6328	-0.1809	0.3696	0.6699	0.9933	-0.8965	-0.0522	0.8726	1.1680	0.5901	0.5886	0.6261	-0.0904	-1.2960	-0.7197	0.8982	1.0650	1.0558	0.3900	-0.2597	-1.4194	-0.0504	0.3832	-0.1329	1.6112	0.4915	0.0305	-0.0945	0.0774	-0.0751	-0.5224	-0.4575	0.5172	-0.7196	0.5283	0.6482	0.3892	-0.4779	-0.9019	0.0789	0.4854	0.5685	0.0808	-0.1995	0.4004	-0.9116	1.1840	0.8125	-0.4470
-0.4361	0.8809	0.4271	0.1803	-0.2975	-0.0179	-0.3234	-0.4673	-1.3504	-0.0556	-0.6894	2.6448	0.1329	0.5371	-1.0092	-1.2583	0.9002	0.2690	-0.4516	-0.8763	0.4028	-0.5758	0.2005	0.3371	-0.0861	-0.2959	-0.7099	1.5954	-0.1367	1.8794	-0.3670	-0.4069	-0.7170	-0.6464	0.0507	-0.1277	-1.2007	0.7858	-0.3711	-0.5973	-0.6070	0.7875	1.4066	0.6213	-1.2947	-1.5885	0.8621	-1.0319	-1.5210	-0.2909
-0.4749	-0.2383	0.7114	-0.1448	-0.9638	0.7372	0.4231	0.8486	0.3866	-0.2069	-0.0885	1.3774	-1.3097	0.1630	0.7683	1.2133	-2.9185	-1.0417	1.6448	0.3235	0.1302	0.4492	-0.4461	-0.0706	0.1195	-0.2628	-0.1308	0.4841	0.3551	0.7963	-0.2055	0.5134	-1.5825	-0.1032	0.2740	0.9374	-0.3240	-1.4511	1.6533	-1.2963	-0.1609	-1.9343	-1.8912	-1.2287	0.8801	1.0170	1.3454	-0.0641	0.3229	-0.2664
0.3610	-1.2709	-0.8056	0.0235	1.4813	-1.4205	-0.4248	-0.1331	-0.8287	-1.3355	-0.4631	0.3134	0.1353	-0.3807	0.9548	0.4580	-1.7921	-1.8972	-0.1337	-0.5889	0.5995	-0.3077	0.9717	0.6620	-0.8497	-1.2150	-0.7744	-0.1836	-0.2377	0.2191	0.7449	0.1651	-0.0656	0.1446	-1.2677	0.3424	-0.4667	0.5941	-0.9097	0.0770	-0.8738	0.5993	0.3546	0.9620	0.2022	-0.9159	-0.6179	0.6407	0.4368	-0.9190
0.1811	-0.1632	-0.5110	0.2654	0.5412	-0.6272	-0.1236	-0.4381	1.6080	1.9433	1.3099	0.1310	-1.4196	-0.7432	-0.1150	1.4196	0.0656	-1.3355	1.7775	0.9773	-1.0495	1.0892	-0.7706	-0.9349	0.8381	0.4427	0.7190	-0.1027	-0.7873	-1.2366	-0.9116	-0.2427	-0.2613	-1.0435	-0.8799	0.1795	1.3025	-1.6640	2.1910	-0.3306	0.7986	-1.5132	-2.1104	-0.7882	0.6208	1.5783	0.4510	-1.7499	-1.5303	0.7527
-0.1949	0.0515	-0.7181	-1.2158	-0.3775	0.1679	2.0203	0.9657	0.7353	-0.4090	-0.3470	1.2298	0.7351	-0.7051	-0.9892	-0.3592	0.0529	-0.0150	1.3537	0.9024	0.4219	1.2406	-0.0796	-0.8254	-0.4228	1.5487	-0.6159	-0.1799	0.2254	1.0056	0.5329	0.2832	-0.5225	0.4319	0.8592	0.3646	-0.5723	0.8602	-0.6089	-0.6545	-0.0114	1.3009	1.1103	1.4410	-0.2980	-1.1736	0.0239	-2.0532	-1.2849	-0.7343
0.0657	-0.3083	-1.8728	-0.0583	-1.5438	-0.1674	0.0257	1.1545	-1.0254	-0.0699	-1.8169	0.3407	0.3285	1.9839	-1.8635	0.1253	0.1539	0.5286	-1.5521	-2.0052	0.9324	0.2910	0.3132	-0.5858	-0.1824	-1.8410	-1.1794	2.3253	2.0110	0.0583	-0.6195	-0.6354	0.8142	1.1019	-0.2575	-0.6240	1.0433	0.8222	-0.3312	1.1042	-0.5740	0.1172	-0.3512	-0.0254	-0.2950	-0.4025	-0.4553	0.2019	1.0273	0.3263
0.4742	0.6975	-1.5266	0.3185	0.8566	-1.3098	-0.3838	0.9285	-0.9687	1.3891	-0.1611	0.1682	1.2229	0.7774	-0.1424	-1.1464	-0.5940	0.2141	0.7805	-0.1934	0.0604	0.9831	0.4667	0.9013	-0.6774	-1.2483	-0.2597	-0.0584	-0.4592	-0.6414	0.1089	0.3559	1.6042	0.2542	-0.6485	-0.8971	-0.6329	0.4983	-0.4737	1.7304	-0.3152	0.1354	0.2486	-0.0321	-0.0813	0.1030	0.0122	0.6067	-0.4527	-0.2796
-0.1632	0.9148	-0.0597	-0.2629	-2.4878	-0.7442	0.5301	-0.5831	1.1660	-0.3472	0.4373	-0.0438	0.2946	0.7642	-0.6681	-0.3154	-0.7292	-1.6326	0.7871	0.1457	-0.8833	0.7916	0.3592	0.1776	-0.7340	0.8749	1.4712	1.5478	0.5507	-0.0491	0.5664	0.8881	-0.0225	0.7462	0.4503	0.4017	-0.7907	-0.9643	1.2413	-0.0202	-0.8763	-0.7033	-0.7503	-1.2990	0.8592	1.2916	1.5141	-0.6114	1.3708	-0.4120
1.1196	-1.1039	0.9489	1.6841	0.6856	0.8887	-0.2194	-1.8301	-0.9038	-1.2453	-1.2500	-0.8542	-0.6217	1.3607	2.1462	0.0797	0.2041	1.1822	-0.9702	-1.0454	1.6213	1.0255	1.1176	-0.5384	-0.7260	-0.7599	-1.1864	-0.3290	0.9213	0.0856	0.7584	-1.4746	-0.4489	-2.5540	1.4284	0.8852	1.0586	1.3260	-1.4283	0.0151	-0.8946	0.5469	0.3262	0.7012	0.0062	-1.7228	-1.8506	-0.0460	0.6802	-0.1852
1.2245	0.0149	0.0875	0.2056	1.6320	1.1410	0.0644	-0.3575	-0.3546	-1.5592	1.0735	-1.0719	0.1275	0.0220	-1.2362	0.4310	0.5156	0.5378	-0.5782	0.4116	-1.2802	-0.4723	0.9562	-0.1961	-0.1448	1.4371	0.8586	0.7960	-1.7778	0.3367	0.0987	-0.8792	-0.9110	1.1290	0.2698	0.6204	2.0298	-1.3047	0.5566	-1.3826	-0.5612	-0.7672	-0.6984	-0.7730	0.8923	1.8989	-1.7933	1.4486	0.3527	0.1910
-2.8349	-1.4164	-1.2544	0.1947	0.2952	-0.1053	0.6522	0.9254	-0.7219	0.8264	-0.1673	-0.2723	0.3649	-0.6761	0.8303	-0.3395	-0.5961	-0.2207	-0.3828	0.7876	-0.0342	-0.1292	0.1514	1.4574	-0.4657	-0.9723	-0.1168	-0.7473	0.4264	2.4270	0.0933	1.3997	-1.0776	1.5412	-1.3762	0.4343	-1.3469	0.5730	-1.1078	-0.6714	-0.4071	0.8223	0.4265	0.5013	-0.0111	-0.1520	-0.0700	0.8494	1.0713	-0.7174
-0.6727	1.4890	0.9281	-1.0265	-2.0901	-1.6402	1.6705	-0.2515	-1.5972	-0.0236	-0.4373	-0.2955	-0.7975	0.3587	-2.0985	-1.2764	2.6534	0.9404	1.3273	1.0358	0.8513	0.5748	-0.4871	1.7825	-0.2403	0.3671	-1.4257	0.7077	-0.6395	0.1497	0.3107	0.4344	-0.0681	-0.1496	0.2340	0.0035	-0.9473	0.5268	-0.4939	0.2747	-0.1416	1.1333	1.0709	1.7524	-0.3692	0.0071	-0.3998	-1.3826	-0.9785	0.4827
-0.5261	0.1248	1.6043	0.8563	0.5336	1.0741	-1.3994	0.6752	0.2612	-1.5726	-1.6969	2.1944	0.2484	0.7868	0.5700	-0.6718	1.7221	0.3888	-0.3676	-1.8097	2.2500	-0.8319	-0.3937	-0.5674	0.3110	0.7627	-1.9232	-0.5286	0.7909	-0.4403	0.0828	0.2818	0.4647	-0.0682	0.6534	-0.4325	-1.5732	2.1724	-2.1555	0.7318	0.4004	1.2538	1.2515	2.0471	-1.0945	-2.0404	0.1491	0.2352	-0.9664	0.6868
-0.2411	-0.0852	0.9547	1.7008	0.9448	0.3803	-1.4548	-0.7793	0.3923	1.2300	1.3432	0.3359	-1.2652	-2.2320	-0.2102	0.2332	0.4929	-0.1240	-0.7623	0.0647	-1.6607	-1.2058	-0.1082	0.2167	0.2282	-0.3974	1.9790	-0.2587	-1.0281	0.2790	0.3184	-0.2209	-1.2025	0.1974	0.0869	0.9756	0.1116	-1.1187	0.7322	-1.0343	-0.5129	-1.5111	-1.1770	-1.9591	1.2836	1.0620	1.0273	1.5360	-1.7064	-0.5243
1.8229	-0.5436	0.0162	-1.1784	0.0964	-2.8833	0.5243	-0.1680	1.8029	0.1331	2.6640	-0.2857	1.2044	0.2453	0.4600	-1.4894	0.4857	-1.3455	-1.6599	2.0937	-1.9763	-1.6277	-0.3567	-1.9928	0.5522	1.2988	2.4803	-0.6130	-3.0198	-1.4620	-0.5880	-0.9527	1.5664	0.4095	0.1273	-0.9407	0.9112	-0.4942	0.0506	0.3283	0.6386	0.7578	1.3576	-0.3488	-1.3729	0.8527	-1.1577	0.1565	1.6458	-0.1660
0.1375	-1.4555	0.3950	-0.1134	-0.9498	0.6263	0.4414	2.2014	-0.9972	0.0535	0.1776	-0.5377	1.1159	-0.2449	0.2171	-1.0401	1.8052	1.0626	2.1575	0.4653	0.5189	-0.8049	-1.5596	1.0458	1.8372	0.6745	-0.3959	0.6402	1.8712	-0.5899	-1.9911	0.8626	0.8163	-0.1269	-0.6780	-1.4566	-0.4682	1.0088	-0.6148	0.6734	1.7947	0.7504	0.6820	0.8205	-1.5456	-0.5681	-0.0733	0.0164	0.2542	1.3649
0.7889	1.9250	-0.1854	-1.2086	-0.3053	0.5470	0.4259	0.2394	0.0182	-1.0612	-1.3226	-0.3893	0.0109	1.7775	-0.3122	-0.5088	-1.8711	-0.8798	-0.3336	-1.1668	1.0311	1.0662	1.6475	0.4729	-1.1007	-0.8996	-0.4317	-1.4402	1.2784	-0.5624	0.9776	-0.2821	0.6762	-0.8309	1.4119	0.1569	-0.4471	1.1649	-1.4535	1.3133	-0.3377	0.6568	0.4733	0.2475	0.3923	-1.2027	-1.1212	0.7269	-0.7794	-0.3526
0.3999	-0.8591	0.1671	-0.8809	-0.8812	2.1180	1.0182	0.5956	0.7570	-0.0139	0.6477	-0.8651	-0.9463	-0.0690	0.3403	1.1057	0.5720	0.2333	1.3231	1.1284	-0.5060	1.9612	-0.6555	0.2748	0.9269	0.3047	0.7679	-0.4136	-1.2299	-2.4581	-0.6981	0.7383	1.2234	0.0083	1.0754	-0.6705	-0.3680	-1.3641	1.6441	1.6900	0.4978	-0.7793	-1.0590	-0.9694	0.2665	0.9031	0.9364	-2.1682	-1.2169	0.8570
0.7309	0.5123	-1.2217	-1.8465	0.0504	-0.9670	1.4120	-1.4026	0.5709	-0.5025	0.1820	-0.0403	0.0399	0.4167	-0.3805	0.1823	0.9067	-0.4021	0.2853	0.5742	0.1034	-1.4054	1.3828	-0.2506	-1.5214	0.0098	0.0705	0.5641	-0.4158	0.0687	1.4330	-1.9446	-0.2487	-0.1651	1.1716	0.9956	0.9324	-0.1098	-0.3278	0.0761	-1.8909	0.3253	0.1967	0.3616	0.8826	0.0770	-0.7983	1.0225	0.9739	-1.3149
0.2696	0.4375	-1.3039	-0.8437	0.2425	-0.7877	1.0975	0.7783	-1.7002	-1.0341	0.0364	-1.2417	0.6516	0.4349	0.1551	0.1184	0.7022	0.9330	-1.2899	0.4201	0.1869	-1.0763	0.8288	1.3156	-0.4196	-0.3647	-0.4475	-1.0048	0.0928	-0.0273	0.3200	1.1150	0.4435	-0.5463	-0.2889	-0.2585	-0.7590	0.2276	-0.8503	0.4393	-0.2975	-0.0842	0.3469	0.0581	-0.0912	-0.3243	0.1760	1.6168	0.0810	-0.6112
0.2742	-1.1336	0.4109	1.5581	0.4720	1.6289	-1.3433	0.1274	-1.0678	-1.0945	-1.5410	0.1787	0.9050	1.5159	0.2491	-0.2305	0.5154	1.1294	0.2852	-1.6387	1.0517	-1.1838	0.2947	0.8471	-0.3830	-0.6940	-0.7783	-0.9378	0.9828	0.7433	-0.0142	0.7175	0.2174	-0.0295	-1.8833	-0.2121	-0.6889	0.3855	0.3591	0.0611	0.0818	-0.6266	-0.1492	-0.5963	-0.4200	-0.2942	0.8429	1.6274	0.7072	0.3194
-0.0820	-0.3328	-0.7789	0.8444	0.3119	-0.3684	-0.5847	-1.8236	0.2526	-0.1095	0.2530	-0.6864	0.0020	0.2038	0.1994	-0.5604	0.2188	-1.4393	0.3627	-0.0232	-0.1840	-0.1661	0.9759	-0.5912	-0.9579	0.9689	-0.4696	-0.6301	-0.2953	-0.0226	1.0283	-0.1066	0.5086	-0.5939	-0.3112	0.0620	0.3305	0.0856	-0.2526	0.3447	-0.7924	0.4044	0.4655	0.7331	0.0893	0.0414	-0.5176	-0.5018	-0.5457	-0.5757
-0.5220	1.0054	0.5318	-0.9393	0.3903	-1.6788	0.0538	-1.8392	-0.8368	0.6403	-0.0206	0.3829	-0.7305	0.7072	-0.4160	1.5475	0.5489	1.9719	-2.0403	0.0998	0.4217	-1.3221	0.1360	0.5467	-0.1369	-0.7032	0.1540	1.1784	-0.5197	0.3938	0.3096	0.6509	-1.4230	-1.6158	0.0464	1.1792	-1.1041	-0.3267	0.6722	-1.1153	-0.4305	-0.6494	-0.2636	-0.5580	0.3845	-0.3357	1.6479	0.5565	0.6466	-0.1109
-0.8020	1.2373	-1.5326	-0.4570	-0.8408	1.0979	0.4977	1.6681	-1.9934	-0.8686	-1.5325	-0.1287	0.9496	0.8758	0.0385	-0.4142	0.3197	2.3096	0.9346	-0.6876	1.6130	-1.2838	0.7709	2.2084	-0.4762	-1.9209	-1.2679	0.4784	0.4056	0.1073	0.2210	-0.0535	0.8787	-0.2400	-1.0663	-0.5383	-0.4739	1.2209	-1.2811	1.5155	0.0048	1.1051	1.1081	1.1652	-0.3565	-1.3781	-0.5008	0.6747	-0.1321	-0.3681
-1.0604	-1.2018	-0.2320	0.2956	-1.0400	-0.8368	-1.2945	0.3913	-0.2867	0.3358	-1.3104	1.0973	0.9846	0.1557	1.6742	-1.0714	-1.5543	0.2217	-0.0599	-1.6244	1.1387	0.3223	-0.0769	0.1705	0.1789	-1.5340	-0.5191	-0.7614	0.3973	1.4031	-0.2682	-0.2582	-0.1728	2.2513	-2.3114	-0.4213	0.0098	1.5633	-1.6546	0.4332	-0.5775	0.9933	0.6098	0.4755	-0.5436	-1.1913	-0.6187	0.9571	-0.0405	0.2375
-0.7924	0.6044	2.5694	-0.7180	-1.4176	0.4115	0.2035	-0.5871	1.5938	-0.4515	2.4218	1.1718	-1.6305	-2.4543	-0.9185	0.5736	0.5529	-0.2913	-0.3485	1.9407	-2.2687	-1.9756	-1.0792	-1.8190	0.8943	1.3388	2.1944	0.1190	-0.9632	0.6082	0.0707	0.6655	-1.3875	0.1284	-0.0501	0.6077	-1.3729	-2.1874	1.7709	-2.1320	0.7568	-1.6168	-0.9833	-1.7756	0.7529	2.1373	1.7297	0.3925	-1.1941	-0.4954
-0.3543	-1.1202	0.5709	1.9825	-0.1834	-1.6985	-1.1922	0.5885	-1.4944	-2.0557	-1.2045	-0.1841	0.5870	0.3280	1.3216	-0.5911	-0.6037	1.9216	-0.8480	-1.5984	1.6557	-1.0398	0.4171	1.1013	-0.2994	0.2430	-2.6354	-0.1892	1.0034	0.6298	0.3564	0.2627	0.1977	0.6214	-1.5901	-0.1087	0.0665	1.7157	-1.4594	0.0653	-0.7027	1.4865	1.3441	2.7584	-0.6328	-1.9374	-0.6654	-0.9522	-0.3785	0.1908
-1.4132	-0.3872	1.3921	0.5973	0.1563	-0.5473	-0.6365	0.7560	-0.6915	0.0195	0.1776	-1.7078	0.4353	1.0307	0.2988	-1.2146	0.6494	-0.9527	0.7014	0.1763	-0.0783	0.4803	-0.8843	1.3934	1.1508	0.4845	0.3055	0.8405	0.8701	1.2733	-0.9269	1.6863	-0.0483	-1.0467	-2.1301	-1.1504	-0.5031	0.6234	-0.9434	-0.7889	0.5947	0.6163	1.0988	0.0667	-1.1300	-0.5871	0.5228	0.1710	-0.2492	1.8718
1.4626	0.7038	-0.6644	0.2121	1.1462	0.0973	-0.2159	1.2113	0.9957	-0.8627	0.5968	1.2807	0.6778	-2.0053	0.4364	-0.4367	-1.2150	-1.3905	-0.1312	0.4391	-0.4588	-1.1920	0.2632	-1.0881	-0.3526	-0.4591	0.3226	-0.2051	0.0663	-1.6717	0.9158	-0.9179	1.2080	-1.8339	-0.3071	-0.2230	1.2308	-0.3275	0.7097	0.8857	-0.7948	-0.3787	-0.2292	-0.4790	0.7109	0.6177	-0.8018	0.8353	-1.7931	-0.8384
1.1912	-1.9534	-0.3324	-0.6919	1.2028	-0.1099	1.2192	-2.0106	-0.3277	0.1336	-0.4784	-0.0226	-1.4205	-0.4429	0.8887	2.5128	0.0392	1.0242	-0.4818	0.1742	0.6546	-1.8303	1.3887	0.2526	-1.2905	0.3864	0.2011	0.4431	0.4011	-1.0774	1.5162	-1.1935	-0.7181	-0.5640	0.7827	1.7150	0.7796	-0.8593	0.8492	-0.2987	-0.6360	-0.5153	-0.7139	-0.8428	1.0582	0.1288	0.1896	1.5120	-1.1827	-1.4642
0.6321	-0.2942	-0.9612	0.2048	-1.7166	-1.2124	-0.9951	-0.8226	-0.1630	-0.6586	0.1823	0.4965	0.6538	-0.0754	-0.3650	-1.1256	0.8417	0.8605	-0.2131	-0.7640	-0.5708	0.3157	0.7412	-0.1157	-0.6516	-2.1899	0.0480	0.2483	-0.9196	-0.6561	0.8635	-0.2376	1.5107	-1.6428	-0.4452	-0.7812	-0.3476	-0.3126	-0.3043	1.8269	-0.6393	-0.6984	0.0804	-0.4246	0.1257	0.5826	0.2235	0.6075	0.7511	-1.1560
-1.1791	0.5822	1.0112	0.1734	-0.6095	-0.6937	-0.3174	0.4628	-0.7417	-2.1899	-0.6726	0.0723	-0.8131	0.9677	-1.7440	0.4307	-0.5949	-1.5313	-2.1247	-0.5299	0.5614	1.1611	1.2435	0.5817	-1.0706	-1.1022	-0.8928	1.1225	-0.4316	1.4920	1.0146	1.5696	-0.8784	1.2754	0.6387	0.6432	-1.5481	0.2117	-0.5649	-0.7898	-1.0339	0.3130	0.0190	0.5697	0.8724	-0.7090	0.4616	-0.5137	0.6037	-0.2261
0.2010	-1.6643	1.7415	-1.6535	-0.8551	-0.5874	2.0158	-0.7495	1.2135	-0.4834	0.2289	0.0480	-0.0099	-0.5682	1.7050	-0.1652	-0.1478	0.0110	-0.3763	0.9781	-0.8633	0.6600	-0.1928	-1.3972	0.4613	0.7099	0.7871	-0.7046	-0.8210	-1.1383	-0.0002	0.6717	0.5723	0.6062	-1.0160	-0.3260	-0.1961	-0.0100	0.4425	-0.1185	-0.1654	0.5320	0.3562	-0.2057	-0.3759	0.0740	-0.0328	-1.3191	-0.5003	0.3065
0.8352	0.1646	0.3764	-1.5567	0.3840	-0.4789	1.5033	1.8095	-1.6190	0.4303	-0.6483	0.8668	0.9998	-0.0005	0.4675	-0.5152	1.4421	2.3961	0.0956	0.6910	0.1346	0.0674	-1.3322	0.6837	1.3756	-1.2494	0.1120	-0.4059	0.5259	0.6248	-1.8821	0.0389	-0.3486	-1.7644	0.5384	-0.6483	-0.6543	0.0463	0.5310	-0.4940	1.4786	0.4499	0.7023	0.0016	-1.7545	-0.1119	1.6911	-0.2014	-0.2797	1.1097
1.0437	-0.2554	1.7072	1.4742	-0.1848	1.1672	-1.0822	0.8150	0.2162	-1.6088	0.2056	0.3736	1.5327	0.4047	-0.9178	-1.6651	-0.4176	-0.8044	-1.8887	-0.2112	-0.0892	-0.9021	0.1025	-0.7682	-0.0603	-0.6885	0.9270	1.5194	-0.6997	-0.0887	0.2146	0.8784	1.6928	0.6452	0.1442	-1.3267	-1.2001	0.7888	-0.6247	0.8488	-0.4328	0.4780	0.7775	-0.5039	-0.5643	-0.8183	0.5693	1.2832	1.1885	-0.0183
0.5017	1.1044	1.0281	2.0662	0.3114	-0.1490	-2.7213	-0.3371	-0.2384	1.1187	0.2646	-0.1009	-0.6479	0.2517	0.3231	0.4410	-0.0663	-0.2600	1.7746	-1.4299	-1.0501	-0.5994	-0.2374	0.9203	0.8856	-0.4653	0.6128	1.0191	0.1747	0.0038	-1.1747	0.0097	-0.1353	0.8310	0.0497	-0.2763	0.0005	-0.6392	0.6540	-0.2027	0.7818	-1.6965	-1.5776	-1.7117	0.4086	0.5753	0.9302	1.6125	1.3840	0.7490
0.0178	-0.2706	1.1660	-2.1814	0.9228	0.5696	1.4981	0.0695	0.8488	-1.6064	-1.1235	-1.2967	0.5640	1.3174	0.2334	0.6611	0.0010	0.4252	-0.6795	0.5973	1.3371	0.4595	0.2338	-1.7331	-0.4967	0.2105	-1.2711	1.1912	1.6193	0.2366	0.4219	0.7941	-0.2524	-0.7068	-0.4365	0.5157	0.1384	0.6049	-0.4900	-0.4132	0.2565	1.2745	1.3023	1.2939	-0.8817	-0.6210	-0.8824	-0.6930	0.8061	0.0923
-0.5425	2.4355	-0.0549	-0.2778	1.4783	1.9915	0.1814	0.0992	-1.4854	-2.0885	0.0877	-0.2277	0.3269	-0.5875	-1.1314	-0.2802	0.3137	1.6707	1.4606	0.2219	-0.0635	0.7957	0.4969	0.8835	-0.8603	0.3107	-0.6100	0.5385	0.1102	-0.2680	1.2321	0.0784	0.5074	-0.9547	0.6236	0.1283	0.3273	-0.0611	0.0998	0.5150	-0.9444	-0.1716	-0.0254	0.6577	0.7839	-0.1401	-0.3671	-1.0785	0.2852	-1.1062
2.3913	1.6031	-0.5755	0.5650	0.7887	0.4675	-0.3882	0.1858	1.7465	0.2489	0.8560	-1.2144	-0.1445	-1.1634	-2.2034	1.3006	0.3174	-1.7296	1.1379	0.4766	-0.5487	-0.5818	-0.2309	-1.9191	-0.1385	2.4076	0.8820	-0.0126	-1.6802	-2.4166	0.5898	-2.7424	0.3133	-0.6111	-0.4885	0.6640	2.5517	-1.4965	1.6435	0.4923	0.8277	-1.5500	-1.4197	-1.4102	1.7292	1.4123	-1.3561	1.2028	-1.1655	-0.5962
0.5573	-1.1007	-0.0078	-0.3390	-1.6136	0.1198	0.4507	0.7097	0.1860	0.2426	-0.5768	-1.3163	1.4589	-0.5988	0.4356	-2.9558	0.1799	-1.1489	-1.0833	-0.7054	0.0115	1.1782	-0.9315	-1.1948	0.6857	0.7089	-0.0195	-0.8821	1.0503	-1.2662	-0.4301	-0.7789	2.7571	-0.9904	-0.7580	-2.2500	1.0518	1.3174	-0.6669	2.7549	1.3061	1.6411	1.6226	0.8974	-1.2810	-0.2446	-1.8560	-1.2783	-0.0456	0.2130
1.1838	0.0246	1.5783	-0.1265	0.4262	2.2749	0.1461	-1.8604	0.9462	0.3079	0.5111	-1.3332	-2.1354	-0.4728	1.1276	0.4014	-0.0825	-0.5877	1.1848	0.0503	0.1708	-0.7364	0.1874	-0.9735	0.4546	0.5020	0.4576	-0.8411	0.5273	-1.3077	-0.4082	-1.3142	0.1260	-0.8989	0.9437	0.1684	1.3332	-0.2242	-0.1134	0.1491	0.4028	-0.3889	-0.5542	-0.0939	0.0464	-0.1336	-0.4202	0.7113	0.0802	-0.4567
2.0778	-0.6030	-0.1528	-0.4437	-0.3624	0.0109	0.5806	-1.5563	0.7628	-1.1909	0.9249	-1.0959	-0.3127	-0.6404	0.1731	-0.2636	-0.9451	0.4428	0.6736	0.0229	-0.6757	1.1939	2.0108	-0.6847	-2.0788	0.6811	1.0929	0.5731	-0.4069	-2.3158	2.3260	-1.1170	1.4738	1.2331	-2.1766	0.7126	1.9920	-0.5145	0.2286	1.5754	-1.9932	-0.1787	-0.5184	-0.4537	2.0729	0.7021	-1.5765	-0.1272	-0.8257	-1.5339
-1.0549	0.1163	-0.6101	1.8133	1.6064	-0.3182	-1.7664	0.2337	-0.8679	-0.9775	-0.6921	-1.1909	1.2345	-0.2060	-0.3474	-0.4570	1.0207	0.0487	-0.2116	-2.4582	0.2811	0.6679	1.3190	0.6470	-0.6775	1.8149	-0.3583	1.1459	0.8828	1.0972	0.6974	1.6948	-0.6566	0.3327	0.6146	0.5565	-0.1543	0.3687	-0.6956	-0.7537	-0.9204	-0.7045	-0.6558	-0.5408	0.9177	-0.4554	0.2368	1.2800	0.6045	-1.0453
0.2235	0.3985	1.3334	0.6840	0.6498	0.2605	-1.5399	2.4340	-0.9475	0.4507	0.2095	-0.4643	0.2144	0.2061	-1.4706	0.2458	-0.3997	0.3372	1.4946	-0.7734	-0.7479	0.0169	-2.2183	0.8049	2.2404	-1.6430	0.6237	0.6279	-0.6479	0.0280	-2.4696	-0.6654	0.6892	-0.6646	-1.3848	-1.8797	0.8157	-0.7300	1.5637	0.3906	1.6650	-1.4411	-1.4511	-1.5143	-0.5492	0.6800	0.3549	-0.5450	1.3691	2.2961
-0.7006	-2.7942	0.0544	0.6466	-0.1396	0.0501	-0.4280	0.0178	2.6888	-0.2843	-0.3502	-0.8112	-0.1356	-0.1746	1.4719	-1.0005	0.5722	-1.6103	0.0673	0.2337	0.6914	-0.1524	-0.0971	-2.4769	-0.0568	-0.1414	0.0725	-1.1114	0.4912	0.5984	0.0234	-0.0706	-0.0348	1.4165	-0.4593	-0.1386	0.4413	0.7672	-0.5921	0.2236	-0.0660	0.5692	0.5201	0.1665	-0.2217	-0.9184	-1.2032	0.7253	-0.7860	0.5426
-0.9711	-0.5523	-0.1337	1.7783	-0.4270	1.0258	-2.0561	-1.3273	-1.5306	0.7042	-0.5263	0.8309	-1.2192	-0.4661	-0.4820	1.5690	-0.1960	0.6793	0.7517	-2.4326	-0.3135	1.2181	0.0129	1.5037	0.0714	0.8812	-0.4503	0.3609	0.3205	0.3745	0.2154	1.6279	-1.1111	0.1842	-0.0821	0.6469	-1.3771	-0.6236	0.7415	-0.2055	0.0893	-1.5366	-1.4665	-0.8697	1.0159	0.5410	1.4238	-0.3053	0.7227	0.1467
-0.7140	-1.0501	2.0253	-0.6738	0.2036	-0.5816	0.7200	0.6098	0.2413	0.9433	-0.2134	-0.7802	0.5601	-0.9865	1.0783	-0.0083	-0.9136	0.0108	2.1147	0.5352	0.1214	-0.8217	-2.5985	1.2459	2.4495	-0.1037	-0.8985	-2.5380	-0.2897	-0.6537	-1.9081	0.6397	0.2870	-1.0532	0.8172	-1.3332	-0.7373	0.4351	0.4442	-0.3011	2.3995	0.9162	0.6376	1.1489	-1.5811	-0.7317	0.8416	-1.8840	-0.1929	2.1027
-0.6405	-0.0588	-0.4973	-0.7602	1.9342	-0.8882	0.1048	0.0523	0.6889	-0.6888	-0.2872	0.7947	-0.9576	0.4378	-1.1603	0.8873	-0.4950	0.6130	0.4567	0.3489	0.0793	-1.8218	0.8912	0.2307	-1.3428	2.8858	-0.3462	1.7693	-0.1713	0.4134	0.9062	1.6334	-1.3954	-1.4570	0.3678	1.7900	-1.9821	-0.5286	1.0543	-1.1926	-1.2837	-0.4702	-0.2982	-0.1496	0.6311	0.1585	2.2468	0.6604	-0.9887	-0.9772
-0.1325	-0.9774	0.4525	0.0945	-1.2046	-0.2447	1.3070	0.6264	0.8156	0.9935	0.1577	0.2866	-1.8042	-0.6141	0.5473	1.2540	-1.7730	0.4830	-0.6200	0.7486	-0.3421	-0.3265	-0.7586	-0.4198	0.7656	0.1912	0.2031	-1.6539	0.1928	0.6254	-0.2879	-0.5904	-1.5357	0.1410	0.9595	0.5277	0.9530	-1.0475	1.5927	-1.3253	0.6400	-0.7888	-0.9870	-0.4097	0.3588	0.7972	0.2307	-1.2696	-0.9136	0.7246
1.7400	0.3222	-0.5085	-0.7193	-0.4062	0.8374	-0.0925	1.1766	-0.1490	0.5163	0.5917	0.4384	1.1228	0.2886	-0.1437	-0.8653	0.1575	0.9507	-0.7811	0.9014	-1.4005	-1.4101	-1.1258	0.2631	1.0694	0.6654	1.4071	0.0975	-0.4505	-0.6445	-0.7843	-1.8218	0.9700	-0.6902	0.3896	-0.9917	2.1632	-0.4511	1.4946	0.4225	0.7558	-0.3547	0.0592	-1.2172	-0.5720	1.0331	-0.6839	-0.0368	0.5560	0.9805
0.5935	0.8260	-0.0224	-1.3299	0.0412	0.3037	0.9370	0.8245	0.8137	-1.2249	0.8117	0.1147	1.3818	-1.9155	0.9089	-0.3718	0.3591	0.2939	-0.1156	1.4553	-0.1785	0.2934	0.1240	-1.1687	-0.1554	0.5223	0.3450	-0.4424	-0.2919	-0.7972	0.5777	1.2476	1.0057	-0.7351	1.8170	-0.3833	-1.0867	0.2340	-0.6103	0.2213	0.0502	0.9114	0.9014	0.9612	0.0405	-0.3335	0.1429	-1.1938	-0.7766	-0.7680
-0.9580	0.2161	-0.6334	-0.1335	-0.6685	-1.5557	-0.5886	-0.6821	-0.4515	0.6738	-0.1077	-0.1580	-0.8307	1.7823	0.2232	0.0104	1.8476	0.4030	-0.6390	-0.2268	-0.6792	-0.7371	0.1292	-0.0104	0.4008	-0.3633	0.5644	-1.5797	0.3033	0.5498	-0.9549	0.1508	-0.3142	-0.1437	0.3867	0.1164	0.2154	-0.9034	0.4352	-0.2390	1.1075	-0.4544	-0.3820	-1.0997	-0.5367	0.8493	0.5088	0.6511	-0.4869	0.3461
-0.5610	0.7614	0.4131	-1.9114	1.7477	-0.4659	2.2461	-0.4293	-0.5555	0.2815	-0.0528	-0.0578	-0.5978	1.1259	-0.3759	0.7926	0.7378	0.6576	0.9105	1.0931	-0.3974	2.2695	-0.2625	0.8346	0.2571	-1.6963	-0.3784	-0.2139	0.6019	0.3635	-0.5965	1.5678	-0.7069	-0.8383	-0.1299	0.3352	-1.4542	-0.5267	0.6637	-1.1283	0.1303	-0.1311	-0.3979	0.0735	-0.3110	0.3133	1.3024	-1.4679	-0.2091	1.2467
-0.3440	0.3262	-0.0673	0.0648	-0.8198	1.3247	0.4801	-0.5070	1.6368	0.4672	1.5504	0.2702	-0.5362	-0.6739	-1.4248	0.8871	-1.0320	-1.6981	-0.2251	0.5770	-0.7089	-0.0096	-0.0928	-2.0160	0.2345	1.0593	-0.2144	0.7237	-0.9728	0.1238	-0.0333	1.2277	-0.2859	0.4275	-0.5631	0.0019	-1.6343	-0.9783	0.9342	-0.4160	-0.2315	-0.7029	-0.3867	0.5725	0.2734	1.4820	2.4531	-1.2935	1.3059	-0.4141
0.3321	0.3886	-0.0912	-2.5165	0.8419	0.6249	1.4205	0.0494	0.9567	0.2733	0.4900	0.4612	0.7971	0.0144	-0.9188	-0.5522	0.2889	-0.1706	-0.6483	1.2565	-1.0858	-0.4315	-0.6100	-0.3541	0.8425	0.6144	0.4392	-0.2368	0.6681	0.2619	-0.7065	0.4387	0.0895	0.0780	0.3935	-0.6419	-0.2519	-0.0378	0.5669	-0.2830	0.3668	0.5137	0.3052	0.1972	-0.6959	0.2067	0.7037	-0.8871	-0.4284	1.0364
-1.5740	-1.0912	-0.2321	0.0020	-0.5771	0.8098	-0.1990	1.2530	0.2790	1.9277	-1.4172	0.7703	-0.0166	0.4979	2.2030	-0.9768	-0.7210	0.9665	-0.1046	-0.9593	1.8243	0.4542	-1.3974	0.2705	2.0191	0.1678	-1.3669	-2.5813	1.1180	0.6501	-2.0731	1.4480	0.1619	-1.7273	-0.8147	-1.3700	-1.9384	1.9003	-1.3483	0.7573	2.3451	1.6904	1.9281	1.2994	-2.8138	-1.6541	0.7523	-0.2836	1.7474	2.2219
-0.7841	-0.4659	-0.3801	1.0536	-0.1204	-0.7252	-0.6104	0.3914	1.2902	-0.1274	0.7524	-0.0924	0.9585	0.5638	-0.2498	-0.6288	0.8676	-0.5267	-0.4076	0.2411	-0.4835	0.7504	0.4962	-1.8428	-0.3803	-0.1083	0.4764	-0.0181	0.0345	0.5062	-0.0993	0.0146	0.4502	-0.5198	-0.4605	-0.3799	0.0716	0.3540	-0.6713	-0.1811	-0.4743	0.6004	0.6156	0.0697	-0.6712	-0.4221	-0.4671	-0.3683	1.1438	0.0342
0.1648	-0.0143	-0.8434	1.2765	1.7415	1.3845	-0.4035	0.4915	0.1714	-0.0120	0.5367	0.8606	-0.9336	-0.2627	0.4555	-0.0219	0.6373	-0.2215	-1.1656	0.5980	-0.7878	0.0035	-0.0727	0.0094	0.1245	-0.8286	1.8588	-1.6886	0.2861	0.8016	-0.1429	-0.1158	-0.6465	0.8560	1.8321	0.0840	-0.6504	-0.4734	0.5461	-0.4792	0.1531	-0.0684	-0.2872	-1.5345	0.0793	0.3873	0.6543	1.0284	0.7854	0.5810
-2.6085	0.8178	-0.2419	0.1557	2.0286	0.1145	-0.5663	-0.4571	0.5620	1.1624	0.1237	-1.0424	-1.3073	0.4581	-2.3575	0.6666	-0.9365	-0.9768	-1.3328	0.0948	0.1702	-0.1294	0.0964	0.0147	-0.5906	0.2323	0.1796	1.6002	0.2128	1.4261	0.1514	1.1836	-1.3645	-0.4757	-0.8954	1.0490	-0.4680	-0.0909	-0.3529	-0.7708	-0.6182	-0.5388	-0.4170	-0.4547	0.5231	-0.6208	0.0790	1.0377	-0.4075	-0.6463
0.7382	1.1112	-1.3299	-0.1189	0.9112	0.5444	0.1990	-1.0381	-1.2820	0.2794	0.0186	1.2174	-1.2304	0.4158	-0.5650	0.3506	1.1793	-0.2264	2.1777	-0.0715	-0.0103	-2.1743	1.8002	1.4988	-1.7491	-0.0714	-0.0398	1.1970	0.9137	-1.6515	1.7597	-0.2971	0.4163	0.6246	0.2724	1.1103	-0.3615	0.1635	-0.6498	1.0742	-1.1425	0.5213	0.5326	0.3690	0.6732	-0.3960	-0.1719	1.6866	-1.1698	-0.9878
-0.4485	-0.6102	-0.3026	1.2212	-0.4906	-2.1923	-0.9715	0.3401	1.1641	0.0001	1.0522	-2.1525	0.6438	-0.2698	0.6553	-1.1416	0.1667	-0.3757	0.6884	0.4984	-0.5489	0.4259	0.1007	-0.6635	-0.5921	-1.2130	1.0053	0.1478	-0.4133	0.3119	0.2941	0.5292	0.9068	-1.0364	-0.5831	-0.6119	0.8691	0.7755	-1.6019	0.4392	-1.1209	1.1099	1.1343	0.3132	-0.6876	-0.5981	-1.9999	0.2957	-0.0835	-0.1766
1.1223	0.7364	-1.3535	0.9426	-0.6722	0.8282	-1.5573	0.4724	-1.0455	-0.4007	-1.3929	-0.1088	0.2545	0.3310	1.1689	-0.1480	-1.3279	-1.2396	0.5904	-2.0626	1.1678	-0.5501	0.7705	1.6439	-0.8987	-0.9473	-0.8128	-0.3389	1.1592	-0.6570	0.6182	-0.7020	0.6004	0.6610	0.4392	0.1608	0.1370	1.0000	-0.4828	1.4571	-0.8209	0.6129	0.8148	0.6690	0.2140	-1.1718	-0.1508	-0.1832	0.5516	-0.5812
-1.6726	0.2754	1.2232	-0.1453	-0.7649	1.0360	0.9858	1.1061	0.0772	0.4620	0.7779	-0.9628	1.3062	0.2518	-0.8169	-0.3938	-0.6490	-2.3953	0.7959	1.1187	-0.5457	1.5311	-1.3493	0.0716	1.2594	0.6360	-0.0104	0.1034	-0.7425	1.2799	-1.6404	0.8004	-0.1433	-0.1941	1.0951	-1.0517	-0.1827	-0.3745	-0.3747	-1.0795	1.3993	-0.0014	-0.4405	0.3274	-0.5012	0.1155	-0.4412	-1.4865	1.7634	1.5086
-0.4984	-0.2938	0.2881	0.9575	-1.6860	0.5459	-1.3578	-0.7739	0.4380	-0.0354	1.7367	1.5480	-0.1668	-1.7449	-0.1401	-0.6924	-0.1876	-1.1526	0.5777	0.7622	-1.9042	0.7080	-0.8416	-0.3502	0.5507	0.0236	1.5235	0.9337	-1.4578	0.6979	-0.1288	0.3430	-0.5657	-0.5912	-0.3706	-0.2062	-0.9228	-1.5633	1.2582	-1.1408	0.8459	-1.4992	-1.2931	-1.5691	0.6602	2.0421	1.7619	-0.0133	-0.0415	0.0795
-0.4760	1.1732	0.6873	-0.7661	0.8466	-0.9478	1.2033	-1.4050	-0.2339	1.8825	-0.0093	-1.0061	-0.7699	-0.1951	-0.3810	1.0710	-0.7734	-0.6998	-0.4794	1.2709	0.1214	-1.7047	-0.0860	-0.4047	-0.2052	-0.9565	0.2833	0.7671	-0.9818	0.2981	0.1297	-1.3350	-0.5501	1.8755	-0.3370	0.5021	1.2951	-0.5748	0.8638	-0.6447	0.1579	-0.5189	-0.2706	-0.6165	0.5909	-0.1135	-0.5390	0.8269	0.7840	-0.6765
-0.4104	0.3620	-0.4387	0.5150	0.2992	0.1750	-0.5309	1.7136	-0.2013	0.1009	-0.4185	1.0136	1.4081	1.1216	0.0322	-0.6855	-1.8524	0.7297	-2.5790	-0.9253	-0.2462	0.4930	-1.0574	0.0766	1.0960	-0.1245	-0.0429	-0.4368	1.4741	1.6162	-1.5292	-0.6187	-0.2533	0.6904	0.3177	-0.9280	0.6955	0.6543	-0.5086	-0.3970	1.1769	0.6070	0.1885	-0.0051	-1.0272	-0.8943	-1.1370	-0.9725	0.3362	1.5273
1.4320	-1.2865	-1.4965	-0.6670	0.3838	0.4828	0.6502	-0.1977	-1.0500	-1.5074	-1.0648	2.1433	-1.2464	0.0918	1.3809	-0.2804	-0.1282	0.5295	-0.3285	-0.7425	1.0811	1.0437	1.4805	0.5875	-1.3617	0.6266	-0.5830	0.3318	0.7890	-0.7467	1.4023	-0.6569	-0.0912	0.7554	0.9217	1.0984	0.0677	1.0422	-1.0683	0.7812	-1.0876	0.7504	0.1281	0.7985	0.5138	-1.2292	-0.5535	0.0782	2.1127	-1.2629
-0.7553	-0.0924	1.5891	-0.2704	1.0757	-0.3497	0.7931	-0.6468	-1.2406	1.0920	-0.7543	-0.5827	-1.1813	0.1199	0.5890	2.2518	-1.6223	0.4345	-0.1389	0.2109	0.2847	0.0737	-1.8092	0.9512	1.7040	0.3180	-0.7308	-0.5431	-0.5071	1.1561	-1.1620	-0.0098	-1.5250	-0.7183	0.3002	0.3531	0.7709	-0.7140	1.4990	-1.1089	1.4404	-0.2641	-0.9258	0.2757	-0.3657	0.1576	0.0651	-1.5540	0.7535	2.0232
0.2488	-0.2662	0.0780	0.5640	-1.0989	-1.4259	-1.3515	-0.2337	0.0598	-0.4947	1.0064	-2.2428	-1.0094	1.5901	0.1411	1.4034	-1.1200	-1.2810	0.1375	0.1881	-1.3483	-1.3329	0.9189	0.1663	-0.9750	0.3391	1.0227	-0.3475	-0.6968	-0.2348	0.4338	0.7720	-0.6908	-1.2633	1.5892	1.1023	0.1064	-2.0528	2.1024	-0.6851	-0.9936	-2.1070	-1.9436	-1.8412	1.2942	2.1985	1.0549	0.6536	0.9069	-0.3902
0.2510	0.1858	-1.6301	0.0442	1.2459	-0.5496	-0.6873	-0.3649	-0.3349	-0.0856	-0.4405	-0.7959	-1.2810	-0.5600	-1.8465	2.6508	-0.7437	0.0624	0.4859	-1.3362	0.5671	0.8004	1.6498	0.8784	-1.3671	-1.7488	-0.7747	1.0201	0.0932	-0.4862	1.0985	-1.9754	-1.2626	0.5425	-0.5656	1.9366	1.6892	-1.3121	0.8441	-0.4684	-1.0227	-2.2015	-2.7627	-0.9410	2.9365	0.7696	-1.2124	0.2985	0.4295	-1.0392
1.4859	-1.1926	-1.2772	0.2601	-0.4922	1.4626	-0.2521	-0.0346	-0.4842	0.1904	0.7492	-1.0764	0.2076	-0.6980	0.2690	1.0962	-0.5903	-0.1879	-0.1049	0.3810	-0.4557	0.0366	1.3655	0.5022	-1.4057	-0.0492	0.0473	0.0619	-1.0943	-1.3546	1.5052	-2.0806	0.6971	0.1602	0.9680	0.7283	1.4454	-0.6984	0.1745	0.5971	-1.4261	-0.6346	-0.5008	-0.0518	1.2132	0.1724	-1.6779	0.6187	-0.6600	-1.9640
1.1442	-0.0117	-1.7735	0.0369	-0.2386	-0.3137	0.8218	-0.4464	-0.3599	0.9496	-1.7852	0.6730	0.4867	0.1459	-0.2562	0.3493	0.2061	1.0841	0.1913	-1.0033	1.1888	0.0781	-0.0961	-0.1045	-0.0577	1.1435	-0.9515	1.1676	1.2598	-0.3626	0.1611	-1.6425	0.0376	0.8542	-1.0122	0.1731	1.0199	0.4102	0.1782	1.0422	-0.1777	0.2218	0.3837	0.2641	0.0521	-0.5472	-0.5290	0.1556	0.5704	-0.0203
-0.1224	0.0669	-0.8410	1.6144	0.4479	1.7178	-1.2101	1.1979	2.6990	1.8763	3.4345	-0.2076	-1.3666	-2.5315	0.5748	0.5540	-1.5964	-0.2890	0.2622	1.4555	-2.9306	1.1166	-1.5079	-2.0671	1.1628	0.3552	2.6902	-0.3439	-1.6518	-0.3633	-1.0795	-0.4272	-0.8531	-0.9532	-0.2608	0.2969	0.9442	-2.3997	2.0101	-1.5717	0.9517	-2.0048	-2.0030	-2.0067	0.7853	2.6755	0.7137	-0.8104	-0.8834	-0.4725
1.7258	1.2306	-0.5932	-1.8788	0.1694	-1.9488	0.9233	-0.1952	-1.3176	-0.2045	-0.7680	1.0883	0.9530	-0.3339	-0.3103	-0.5745	2.6700	0.4718	1.3579	-0.3003	1.2056	0.6529	1.3124	1.0401	-1.3166	-0.8565	-1.4568	0.9465	-0.1169	-2.2665	1.1843	-0.8444	2.1735	3.2731	1.8213	-0.5468	0.7945	1.3619	-1.7055	2.4587	-1.2900	1.3993	1.5641	1.6488	0.2223	-0.8319	-1.2615	-0.1940	-1.0381	-1.3983
-0.5222	0.9803	0.4446	0.8263	0.0865	-0.4654	-1.1160	-0.1142	-1.2431	1.2321	-0.4321	0.5752	1.1081	1.7425	-0.0080	-0.9470	-1.3800	0.7865	0.2713	-1.1355	0.8000	1.1554	-0.7084	0.9845	0.1566	-0.9918	-0.3402	-0.8866	0.4299	0.4573	-0.5267	-0.3639	0.5091	0.9393	1.5532	-0.7276	0.1338	0.9123	-0.5856	0.1703	0.6013	0.6785	0.2535	0.7980	-0.5607	-0.7454	-0.8763	-1.3674	0.3464	0.3774
1.5287	1.0128	1.5408	-0.3497	-0.8055	-0.2899	0.2212	0.7361	-0.3440	1.1684	1.0022	-0.3178	1.6421	0.8083	-1.0674	-1.6927	0.5218	-1.6109	0.1526	0.9292	-1.0071	1.3090	-2.6625	0.6322	2.2303	-1.1288	0.8836	1.3144	-0.8930	-2.7532	-1.8622	-2.0980	3.0336	0.5499	0.5896	-2.7141	1.5683	0.3012	0.4784	2.4465	2.5699	0.7783	1.0967	0.2754	-1.7139	0.3613	-1.0175	-2.2337	-1.2879	2.1576


