
X1	X2	X3	X4	X5	X6	X7	X8	X9	X10	X11	X12	X13	X14	X15	X16	X17	X18	X19	X20	X21	X22	X23	X24	X25	X26	X27	X28	X29	X30	X31	X32	X33	X34	X35	X36	X37	X38	X39	X40	X41	X42	X43	X44	X45	X46	X47	X48	X49	X50
0.4616	-1.1373	1.0622	0.0486	0.4307	-1.1241	-0.6325	-2.5066	-0.2246	-0.7798	1.2440	0.4562	0.1212	0.2834	1.6580	0.7173	-0.4834	0.6825	-0.6640	0.7640	-1.0087	0.6254	-0.4222	1.1589	0.0972	0.4515	-0.0732	0.2638	-1.6684	-1.0901	-0.1737	-1.3226	0.2208	0.4151	0.6962	0.8341	-0.1387	2.2778	0.2505	1.2417	-1.0507	-0.2871	1.0049	-0.1072	-0.8315	0.4146	-1.1461	-0.8386	-0.9128	-1.2318
1.0584	0.1125	-0.7678	2.1529	-0.9355	-0.7838	0.3700	0.3624	-0.8834	-0.3520	-0.7397	-0.6673	0.7437	-0.3291	-1.3494	-0.4738	-0.2017	0.9640	-0.8112	-0.7451	-0.5515	-0.6648	-0.3189	-1.0893	0.8187	1.3511	-0.5388	0.2550	0.0608	-0.9093	0.5962	-0.4366	-0.0738	-3.0171	0.3831	-1.8921	0.3881	-0.5115	0.5746	-1.9123	-1.5795	1.2942	-0.5307	1.3750	0.4404	0.9112	-0.8247	-1.3474	2.0876	0.1793
0.8168	-0.3524	1.1245	-0.1726	-1.6392	-2.1873	2.0991	0.7372	-0.3197	-1.3303	-0.8254	0.8083	0.3736	0.8161	-0.8150	-0.3332	-0.1848	-0.4654	1.0579	-1.2819	-0.0515	-0.5424	-0.1171	-0.0353	-0.4132	-0.3089	-0.4684	-1.0055	-0.8394	-1.6110	0.3748	-0.3109	-1.9374	0.3567	-0.7786	-0.3062	0.2866	1.4052	-0.4242	-0.0374	0.5809	-0.8887	-0.2649	-0.2185	-1.1504	-0.7755	0.3992	-0.0616	-0.2039	-1.1796
2.5530	-0.9382	-0.9389	-0.1625	-1.4012	-0.6452	2.0818	-2.2073	-1.0031	0.6445	1.1091	1.0320	0.5617	0.8353	0.0562	0.2565	-0.5159	1.8767	0.7731	0.3215	0.5956	-1.0594	0.7859	-0.5603	0.0899	0.1978	-0.2138	-0.5967	1.1097	1.4618	0.3611	0.0599	0.1575	-1.3039	-0.2277	3.0398	0.9172	0.4723	-0.3032	0.0714	-1.9490	-1.3142	2.1386	0.9992	1.6508	-0.4811	0.5486	1.4962	-0.0028	-0.3160
0.6247	-0.4147	-2.0542	1.8500	0.2220	-0.1877	-0.1702	0.1970	-2.3281	-0.7457	-0.1088	0.1104	-0.8900	-1.7449	0.6973	1.6997	1.1404	-0.5739	-0.6809	0.0410	-0.0910	1.1007	0.2046	0.0539	-0.0942	1.2301	2.5175	-0.0624	-0.9035	-0.7293	1.1388	-0.5765	-0.7391	-1.1999	-3.3762	0.6409	0.2140	-0.7533	1.0424	0.4635	-0.8524	1.7132	0.4400	-0.1474	0.3843	1.1534	-1.2627	-0.4458	-1.3175	0.9451
1.3863	0.4345	1.1729	0.2534	-1.2446	-0.5540	0.9273	-0.1396	-1.8966	1.7902	-0.1504	0.0770	-0.4034	1.6980	-0.9718	-1.2510	-0.2168	-0.4066	-1.8823	0.9697	0.5504	0.6564	1.4566	1.4336	0.1140	-0.4456	-1.0183	0.4068	0.0525	-0.7687	1.2105	1.2951	0.0704	-0.6574	-2.0056	-1.7326	-0.3255	-1.2717	-1.6634	-1.0841	-0.0278	-0.9737	0.1664	0.0280	-0.6960	-1.4197	1.3617	0.1597	1.4902	-1.7233
0.4133	0.4894	-1.4062	0.5421	-0.3997	1.0727	-0.1758	0.3994	-1.6900	0.0016	0.4045	-0.9179	-2.0524	-0.4757	2.8061	0.2875	-0.6805	0.5398	-0.0941	0.8473	-1.7839	1.1025	1.3582	1.4248	0.3223	-0.8215	0.3520	-1.2838	-0.3634	-0.4556	0.8962	0.0579	0.1242	0.2625	-0.2292	-0.7582	-0.3330	1.3916	0.2788	0.1712	-0.3013	-0.3340	1.3639	1.5983	1.3653	0.9207	1.6876	-0.6326	-0.7535	0.5654
0.4138	-0.4836	1.2886	0.2716	1.1254	1.7906	0.8276	-1.0222	0.5677	0.3991	1.6512	0.2081	0.2243	-0.0500	-1.5370	-1.1201	-1.0107	-0.1117	-0.1938	0.3100	-0.0201	2.4131	-0.2701	0.0415	0.6290	0.6925	0.1852	-1.1519	1.1818	-0.5492	-0.8867	0.5919	1.1098	0.2932	1.6296	0.6682	0.8296	0.4928	-0.3942	0.6444	-0.5208	-0.0331	2.4986	-0.1579	-0.4219	-0.7977	-0.0660	0.8842	0.6130	1.5034
-0.7845	-1.5683	-1.4891	-0.2293	-0.5178	-1.2846	0.1812	1.1497	1.1626	-1.2457	0.1864	0.5197	-1.0380	1.4495	0.1574	1.1517	1.1430	0.3280	-0.7059	1.1988	0.6516	0.6314	0.6299	-0.7331	0.6867	1.0611	-0.6210	1.0411	-0.7015	-0.4729	-1.8191	-0.5525	-0.9506	-1.4453	-0.2145	0.2409	-2.1660	1.6948	-1.6808	-0.7053	1.1332	-1.4571	1.5274	0.6423	-1.1367	-1.2535	1.6433	-0.1640	0.6793	1.4448
-1.6077	0.4942	1.6515	-1.5090	-1.6944	-0.1964	0.0620	-0.1883	1.0041	-0.6795	-0.2006	-0.7919	-0.8912	1.0567	-0.3837	-0.9088	0.0022	-0.4173	1.5407	-2.3073	0.3116	1.4808	-0.5932	-0.1359	0.6985	0.7621	-0.8401	-0.2130	0.8196	-1.8170	-0.1245	1.5160	0.3900	1.0876	0.8082	0.7076	2.0812	-0.0345	0.2532	-0.9171	-0.0750	-1.2386	0.4279	-1.9076	-0.1248	-0.8070	-1.2671	0.0005	0.0151	-1.3704
-0.8014	0.0473	0.7545	-1.3330	0.8896	0.2489	1.5023	-0.7819	1.5226	0.3388	-0.1824	-2.3124	-1.0583	0.5997	0.3460	-0.5983	1.4051	0.7077	0.7012	-0.1557	0.2907	-1.6053	-0.3994	-1.1410	-0.1202	2.6126	-0.8748	0.8470	1.2385	0.2945	0.1067	1.5941	-0.5109	-0.0709	0.2074	-0.7279	1.0006	-2.5807	2.3119	-0.8189	0.3917	0.5612	2.2234	0.2643	-2.4205	-1.3696	0.6700	1.0183	-0.2409	0.3445
0.8223	0.8039	-0.4324	0.9531	-0.2906	0.3917	0.4607	0.9850	1.4020	1.4083	-0.5820	-0.3059	0.2033	0.5766	-1.2082	-1.0995	-0.3337	-0.8757	-1.0758	-1.8987	-0.1838	-0.9608	-2.2186	0.5458	0.1691	1.2868	-0.0195	0.5835	0.8011	-1.0028	0.6318	0.4153	0.1532	1.2181	0.9826	0.6386	-1.5255	0.4056	-1.7597	0.2595	0.2520	-1.2948	-0.3557	-0.8099	-0.1220	-0.1860	-0.6143	0.0440	-0.7739	1.0439
-1.4027	-0.2927	0.3175	-1.1072	-0.3113	-0.8607	0.0956	-0.3814	0.4093	-0.6021	0.8120	-0.6982	-0.6775	0.6084	-0.4269	-0.9111	-1.7859	-0.5123	-1.0620	0.0744	0.8303	-0.8391	1.5340	-1.8938	-2.0395	0.1118	1.7637	1.5863	-1.4237	-1.0482	-0.4126	0.5194	0.4355	0.7949	0.4564	-0.7985	-1.3241	-1.0850	0.7042	1.1139	-0.7915	-0.9918	-0.3906	0.4432	1.0388	0.9034	0.9016	1.8060	0.3033	-0.7684
-1.4980	0.2719	-1.1094	-0.3992	0.1866	-0.4550	-1.9346	1.1353	-0.9843	-1.3270	0.1377	-0.2020	0.6030	0.9232	1.6914	-0.3486	0.5600	-1.2085	-0.0808	-0.8923	0.8477	0.8277	0.2875	0.4330	0.1377	-0.6098	0.1617	0.6774	0.1866	-0.4882	0.8511	-1.4417	0.7517	0.3214	0.3187	0.1835	-1.6903	0.6118	0.5832	0.4698	-0.4595	0.5378	0.3793	-1.2616	-0.1950	-0.1865	0.1880	0.9942	0.6426	1.8760
-0.2191	-0.0038	-0.2830	-1.0801	-1.2897	1.6394	-0.5573	-1.7330	-2.4991	-0.9910	-0.0206	1.4322	1.5896	-1.7547	-0.3149	-0.7819	0.3543	1.1957	-0.1100	0.2287	-0.5106	2.2178	0.1740	-0.0677	0.5902	-0.3372	-0.9178	0.9086	-1.3612	0.3363	0.1387	-1.6708	1.1626	-1.3429	0.2377	-0.2086	0.1835	1.2375	-0.0587	-0.4463	1.2992	0.4418	-1.6909	0.2494	-1.2557	0.1152	0.0477	-0.3427	0.4343	-1.4180
0.0033	0.4540	0.8247	-1.7672	-0.3735	-0.1332	-0.2684	1.6171	-0.8759	-2.1349	-0.2471	0.4110	0.6361	0.1004	-1.2118	0.0828	-1.7728	0.5021	-0.8618	-0.6575	-1.3537	1.6276	0.3517	-0.5256	2.2672	-0.7082	0.1625	-1.6578	0.7164	0.6780	0.1772	0.4105	-1.2191	1.9940	-0.2897	0.0203	-0.2735	-1.4673	0.9841	-0.6274	0.6745	-0.8661	0.2883	-0.9906	0.6007	-0.2808	-1.1475	-1.4760	-0.4115	2.1688
0.6234	1.2091	1.5066	0.8365	-1.4667	0.1323	-0.4954	0.7015	-0.1673	-1.2103	-0.5511	-0.2104	-0.1848	1.0029	0.6426	0.9641	-1.4162	-0.9229	0.5282	1.4959	-1.6652	-1.1603	-0.7677	0.0879	1.8307	0.0084	-0.3415	1.2828	1.9593	-0.9871	0.1339	-1.1534	0.9091	-1.6412	-0.5285	0.1440	0.3955	-0.8819	-0.2092	0.0365	-0.1548	-1.9984	0.4489	-0.6821	-0.3493	0.5916	1.9084	0.1726	0.2670	1.3438
0.2651	-0.9821	-1.0318	-1.4524	-0.0873	1.0259	0.4462	-0.4692	-0.7005	0.2960	-1.0756	0.7504	-2.0145	0.4529	-2.1163	-0.7080	0.1257	2.1186	-0.2629	-0.6521	0.5991	2.6334	-0.1435	0.7986	-0.7330	0.6960	0.0703	-1.3119	0.3602	0.8118	-0.3171	0.2649	-0.6502	-0.1347	0.7781	-0.1689	-2.3194	-0.8336	-0.1455	-0.0451	-0.8310	0.5938	-1.1517	0.3348	-0.4433	0.7520	0.4422	-0.4850	0.1951	0.0675
1.8182	-2.0580	-0.3749	-1.7386	-1.0419	0.9052	-0.8572	-0.3170	-2.4842	-0.4900	1.8641	-0.7785	0.7847	1.6815	-0.0788	-1.6707	1.7332	0.5835	-0.8649	-0.3982	0.9898	0.4742	-0.3857	1.5510	-0.6587	0.6843	-0.4773	1.7775	-0.1690	-0.9102	1.6737	-1.4266	0.5786	-0.7969	0.3622	0.1039	-0.4805	-1.5327	-1.6225	1.2728	-0.0362	-1.8740	0.1116	-1.0740	-0.8412	0.2768	0.6758	-0.9251	-0.9170	0.4834
1.0969	1.3420	0.0778	0.1659	0.4660	1.2639	0.9311	-1.2556	1.5606	0.5122	-1.4790	-0.3517	2.1923	-1.0753	1.5883	0.0666	0.5987	1.1342	0.5662	0.6361	-0.0800	-0.0352	-0.1939	1.5486	-2.2278	-0.4281	-0.3090	-0.3565	0.2377	0.4087	0.9664	-1.3235	-0.4994	-1.0256	0.8727	-1.1572	0.4910	-1.2566	1.4153	0.0517	0.8137	-0.6969	-1.0886	1.6990	-0.8812	-0.3240	1.0868	1.3221	0.4042	-0.2088
1.1857	0.1312	-1.5595	-1.1712	0.4957	0.6515	1.3492	0.5348	0.9063	0.2678	-0.0556	0.1666	0.1384	0.9916	0.0808	0.7362	-1.6188	0.3066	-0.2893	1.7882	-0.4573	0.3829	0.2416	0.5122	0.3911	-1.2725	-1.3639	0.7123	0.1975	0.6374	0.1625	-1.9825	-0.8210	0.5631	-1.8869	-0.6995	0.2618	-1.4946	-0.6704	2.1895	1.6730	-1.3779	0.3203	-2.3072	0.6166	0.4169	0.7085	0.1326	0.9950	-0.6969
-2.0263	-0.3382	-0.6721	1.3357	0.8765	-0.4113	-0.7065	-0.5212	-1.1859	1.1288	0.5783	0.7693	-0.8019	-0.5172	-0.9437	-0.4159	0.7592	0.7922	-0.7207	1.6188	0.3323	-0.7617	-0.2862	0.6416	1.1461	-0.3385	1.3617	-0.5157	0.3267	-0.3660	-0.1650	0.3523	-1.0608	-0.1715	1.0745	-0.8376	-0.2836	-0.0667	1.3661	-1.3956	0.3593	1.0304	0.4714	-1.3179	0.0757	-0.2028	0.8433	0.4317	-0.1427	-0.2730
-0.9200	1.9619	-1.2108	-0.6354	0.6729	-1.8844	-0.3441	0.7702	-0.5891	0.6307	-0.6136	0.3776	-1.5970	-1.5914	-0.8427	0.3432	0.8988	0.6237	-1.3297	0.4233	0.9767	1.0181	-0.3857	0.4201	-0.7504	0.4760	-0.1674	0.4324	-1.2159	0.8744	-1.1566	-1.5442	-0.7863	-0.1018	0.6724	-0.3716	-0.1907	0.2508	1.9772	0.1614	0.1781	-0.2237	1.1304	-0.4965	-0.1875	-0.9273	-1.1898	0.8427	0.7868	2.0325
-1.1343	0.0327	-0.4839	-0.7743	1.1395	-0.1869	-0.6174	0.4979	1.9781	-0.3859	-0.1064	1.5384	-2.1880	0.9708	-0.2586	0.2099	0.5014	0.9262	0.0631	0.0797	1.4181	-0.7302	1.2699	1.5594	-0.2667	-0.0866	0.4949	0.4274	0.0055	0.3335	-1.4196	-1.4216	0.7840	1.5462	0.4841	-0.9455	-0.3858	1.3620	-0.9112	-2.5039	-0.9408	0.0972	0.9391	0.9183	0.5224	-0.5548	-0.5700	-0.2101	0.2825	0.2817
1.3876	-0.8264	-0.7801	0.2186	-1.4247	0.6340	0.5161	0.8193	-0.7025	1.0046	0.7065	-1.0421	-1.3240	-0.2684	-0.5753	-1.6345	1.7527	0.1255	-0.4342	-1.6857	1.0585	1.8621	-0.7806	0.0298	0.0144	-1.1488	-3.0462	0.5556	1.6262	0.4936	1.6473	0.9818	0.2876	-0.6284	1.9872	-0.8637	-0.0525	0.1414	1.1094	-2.2808	0.6117	0.7956	2.4058	1.5617	-0.6301	-0.4072	-0.6992	0.9497	-1.2040	1.5627
-0.5262	-1.0943	-1.0048	-0.5060	-1.2050	1.1831	-0.6515	2.3032	0.2687	0.1662	0.3387	1.0476	-0.0260	0.0084	-0.4192	-1.3742	0.6826	-1.5831	-0.8959	-0.6687	0.7847	-0.6969	-0.2842	-1.3628	1.5395	2.0211	-0.1575	1.2621	-1.4041	1.8082	0.1414	0.1895	-1.5679	-0.8964	-0.0748	1.6428	1.3292	-0.2026	0.5074	1.3665	0.2169	-0.9810	-0.0081	1.8740	-0.3416	-0.0654	-1.2179	-1.0112	0.2801	0.4387
0.0796	-0.5564	-0.0748	0.5790	0.8705	-0.7908	-0.1994	0.7192	1.1495	-0.4430	2.0038	0.0598	-1.1761	0.7948	0.4262	-1.8568	0.1861	1.0095	0.9377	0.2352	0.8170	0.2970	-0.4625	0.2009	-0.2643	0.1922	1.6409	-0.3281	0.6141	-0.1920	0.0075	1.2353	-1.0188	0.5432	0.9815	-0.8416	-0.3808	1.6833	0.8359	-0.1392	0.7648	0.2576	-1.3853	1.6080	0.4930	0.6897	-0.3081	0.2617	1.5908	-0.3453
-0.7187	1.0172	-0.7438	3.0628	-0.3248	-1.6332	0.9361	0.4717	-0.3001	0.2359	-0.8925	-0.5620	-1.6239	1.5690	-0.5991	0.1285	-0.4407	-0.7528	1.7268	1.4756	-1.3945	0.6662	0.6845	-0.3437	0.8412	-1.7584	-0.7727	1.1747	-0.5731	0.9870	0.5128	0.9887	0.7949	1.9910	-1.0214	-2.6254	0.6115	-0.0269	-0.4011	2.3472	1.3223	-1.1404	-1.5984	-0.1374	0.7241	-0.1577	-1.6616	-0.2706	1.2510	0.3958
-0.0106	-0.4879	-0.8979	-0.6231	1.5780	-1.9908	0.8635	0.4821	-1.1934	1.1238	0.5626	-0.7688	-0.3551	0.7922	-0.6863	-0.4909	-1.5630	-2.0353	-0.1123	0.0909	0.3327	0.1194	0.4466	0.4326	0.7093	0.0140	0.3651	0.2579	0.8191	0.8721	0.2480	0.1470	0.2293	-0.2124	-0.6298	1.0670	-0.8984	0.1204	1.4481	-0.7398	-0.6832	-0.1096	-0.7007	0.9991	1.5473	-0.2816	-1.1232	0.9216	-0.1455	0.9549
0.1846	-0.4849	-0.1988	0.8617	1.3512	-0.0032	-1.8447	1.1475	-0.4961	1.0134	-0.0781	-2.4799	0.7937	-0.9582	0.4207	0.5914	0.5360	1.2303	2.2249	-1.9545	1.0965	0.7631	0.0020	-0.1908	-1.1735	-0.4281	0.5573	-1.0922	0.0878	-0.6133	1.0970	-0.6067	-0.2577	0.6528	0.9139	0.1123	1.1862	0.0543	0.4573	-0.2066	-1.7520	-0.8904	-0.2912	-0.6774	1.2014	-0.1384	0.9292	-0.8085	-0.1581	-0.9213
1.1440	-1.3735	-0.8813	-0.4813	-1.9260	-1.0728	-1.0509	0.3831	0.2615	0.4054	1.6076	-0.0655	0.2026	-0.2150	1.0441	-0.1860	0.5324	-1.9328	-0.7539	-0.4458	-1.0941	1.8709	0.1530	0.9802	0.9261	-0.3804	-0.0283	1.9587	0.6782	0.9375	-0.3099	0.0212	0.2730	-1.3003	0.5693	1.0714	1.0212	-0.4406	-0.2496	1.1087	-0.1704	0.1306	1.8824	-0.3759	-0.2658	0.8082	0.1933	0.8547	0.6778	0.0723
0.0334	0.2063	0.1273	-0.1184	-0.4573	-0.0894	-1.5675	-0.7469	-0.6324	-0.1497	0.0797	-0.7077	0.3225	1.0527	-2.2270	-0.9995	-0.3540	-0.4998	-0.5531	-0.8446	0.2877	-0.0391	-0.9994	-0.4479	1.0180	0.1546	0.6635	-0.0976	-0.7854	-1.1722	0.3988	-0.4702	0.5469	0.1483	-1.5221	-0.3372	-0.5672	-0.6875	1.8225	-1.3563	1.3684	-0.0413	0.2023	-0.0282	1.9275	-0.5059	1.1872	1.4349	-0.2835	0.6205
-1.7490	0.5498	0.0443	-1.0496	1.2832	-0.5194	1.5621	0.5275	-0.3277	-1.4543	-1.1912	0.2666	0.8880	0.3843	0.3311	0.6456	0.9200	-2.2718	1.2645	-0.1265	0.1404	-1.0432	-0.7426	1.5049	-0.2662	-0.2788	-0.8093	-0.4122	1.1835	1.4723	-1.5831	-0.0344	0.2824	-0.7585	0.9174	-0.1082	1.8000	0.7984	0.7060	0.1102	-0.5514	0.3898	0.5410	0.0782	0.6660	-1.0251	0.3053	-0.3129	-1.6722	0.2531
1.4289	-0.3679	-0.8307	0.6344	-1.1797	-0.2301	0.4549	0.1315	0.2977	-0.0810	-2.2721	0.9352	0.0479	0.3387	-0.9061	0.8522	-1.1120	-1.9202	-1.4636	1.0708	0.4333	0.2654	0.0107	-1.3223	0.2212	-1.2776	1.3875	0.1573	-0.1698	0.1439	-0.4821	-1.5193	0.1876	-0.6351	-1.4614	-0.1421	-1.1805	0.3563	-0.4518	0.3333	0.7003	0.4450	-0.2053	-0.6058	-0.1616	1.8355	0.4671	-1.8610	-1.7552	0.4217
-0.4501	0.1707	0.4342	0.1834	1.0126	1.8623	-0.4494	0.2526	0.7562	-0.0906	1.2615	0.4602	-1.8874	-1.2045	0.8721	-2.0556	-1.9229	-0.8131	-0.0931	0.4623	0.9001	-0.5282	1.7325	-1.2041	-2.1923	1.0981	-0.4645	-0.6405	-1.6859	0.3225	0.4353	-0.0043	1.3344	-0.6112	-1.3954	-0.6347	1.5691	-1.6330	-0.1564	2.6745	-1.1303	-0.5632	0.0318	0.1237	0.5282	-1.0691	0.2261	2.0578	-0.5117	1.2435
1.2381	0.0136	-0.6032	-0.2185	-2.0114	-1.7879	-2.6172	-0.4745	-2.0745	-0.0674	-0.3827	0.1772	0.9867	0.5980	0.9797	-0.0766	-0.3340	-2.2671	-0.1496	0.2725	1.0645	1.6437	0.0895	-0.0360	1.7003	-1.7727	-0.9008	0.3728	1.2224	0.0859	1.1642	-0.0125	-0.9860	0.2803	0.7144	0.1826	0.3757	-0.7886	-0.7396	-1.3221	0.2355	1.3438	0.2052	-0.0793	-1.0067	2.0379	-0.8629	-0.1987	1.0089	-0.0305
1.7086	-0.2987	-0.7425	0.7692	-0.9614	-0.0548	0.8505	-1.8050	0.4782	-0.0088	-1.0046	-0.6835	-1.3507	0.1662	1.6198	-0.9140	1.2020	-1.6300	-1.2860	0.5213	0.1677	-0.0742	0.3301	-0.1478	1.0196	0.4816	1.1735	1.7623	-0.0409	0.5087	-0.7989	0.0666	0.3633	-1.1869	0.4026	-0.2809	1.7146	0.7114	-0.0530	2.2167	0.7986	0.6482	0.6441	-1.0938	-2.1469	0.5279	2.5157	-1.0094	0.4173	0.4322
0.1009	-0.6324	-0.9046	-0.1641	-1.6468	-0.2269	0.4631	1.0798	-0.1580	-0.6151	1.0129	-0.1100	0.6351	-1.1353	0.9566	0.0480	0.5045	0.1226	1.1210	-2.4592	-1.4837	-0.7034	0.5959	-0.2125	-1.3526	-0.4255	-0.0381	1.1314	2.2550	1.2594	-1.5983	1.1840	-0.7049	0.3823	-0.5636	0.1716	0.0834	1.3907	0.1661	-0.2984	-0.0349	0.5579	1.8073	-0.4116	-1.3911	-2.1333	0.8617	0.4593	-0.2600	1.5933
-0.3457	-0.4566	0.9963	-0.3289	2.3369	-0.7428	0.0555	0.1357	0.3855	1.6887	0.9378	-1.3535	0.4413	-1.5264	0.3201	0.0886	0.6290	0.4153	-0.5177	2.1263	-0.0492	0.1034	1.8689	-0.4835	1.4845	1.4712	0.9184	-0.2419	0.9493	-0.0422	-1.6492	-0.2075	-0.1443	-1.2237	0.1952	0.1824	-2.2351	-0.1405	-0.7529	0.7258	1.2778	-0.3343	-0.0840	2.0585	0.4275	-0.0076	1.3987	0.6805	-0.4651	-1.2840
0.1574	-1.5788	0.2223	1.8959	-0.0032	-0.7637	0.7687	-2.6547	-0.1433	-0.3687	-0.4626	-2.1265	-0.7875	1.0635	0.0631	0.3875	-0.9611	-1.1906	0.5648	0.3413	1.2577	-1.7292	0.1505	-0.5272	0.2951	0.9710	-0.9499	-0.0833	-1.2086	0.3636	-1.3065	3.0208	-0.1117	0.3880	0.8902	0.2132	-0.9599	0.0953	0.0199	-0.1454	-0.7387	1.1652	1.2587	0.1792	-0.0697	0.2854	-0.5909	0.5291	0.2244	-0.7194
-0.8464	0.8103	0.5839	0.0685	0.4331	-1.3084	1.4809	-1.7824	-1.3507	0.4563	0.3961	0.5412	0.4297	0.3342	0.1745	1.1748	-1.1089	0.2084	1.1080	0.6605	-0.0714	-0.0364	-0.7566	1.9826	-0.5489	0.5513	-1.9438	1.1383	-0.5435	-0.7645	0.4967	0.0326	-1.7879	0.5724	0.9270	1.1753	0.2351	0.5373	0.6943	1.3169	-1.2694	-0.0870	-0.0639	0.5522	-1.2651	-0.4801	0.2501	0.2298	0.2920	1.5662
0.1092	0.8846	0.4871	-0.9622	-0.6667	0.1196	2.0115	-0.8954	0.3066	-2.1683	-0.5040	0.0255	-0.9225	1.2036	0.7214	0.8326	-0.6662	0.8772	1.4809	2.2029	0.5723	0.2728	0.0781	-0.0317	1.0102	0.4838	2.9251	0.4440	-1.1477	-0.7480	0.7300	1.4153	0.6032	-1.2560	-0.3779	-0.3922	1.7483	0.0342	0.1196	-0.3717	-0.9034	-1.3517	0.4183	-1.3297	-0.4429	-0.0531	1.4513	0.3957	1.0202	-0.5837
1.5165	-1.2170	0.1237	-0.3613	1.3666	-0.2138	-1.8133	-0.7244	-0.8571	0.4709	-0.1101	1.1853	-1.0014	1.4778	-0.6743	0.5656	2.1019	-0.2907	-2.1266	-0.7853	0.4242	0.0839	-0.7585	-0.0578	-1.0492	0.2188	0.2724	-0.9589	-1.2761	-0.4167	-0.4861	-0.3104	-0.7808	-0.3159	0.5921	-1.3449	-0.9636	-0.5042	-0.4670	-0.5031	-1.0695	-0.6101	1.0654	0.3916	-0.4378	0.6535	0.1483	0.0268	-0.3475	-1.3070
0.1018	-1.3011	0.8557	0.2931	1.2172	-1.5430	-0.3079	-0.0603	0.8147	0.3521	0.5231	0.1200	0.0035	-0.3499	0.4430	1.0038	-1.1816	1.0137	-0.0659	0.7848	0.0755	0.8527	-0.1256	2.1246	1.6577	0.2701	-2.0226	-2.3462	1.3976	-0.8205	-1.1978	-0.1102	0.3515	0.4936	-0.4705	1.2459	-0.0657	0.3617	1.3772	0.0288	-0.3100	-0.3014	0.5667	1.1004	-0.4520	0.4321	-0.0577	-0.0295	-0.0809	-1.8862
0.5472	0.7383	0.5754	-0.0952	-0.5998	-0.3720	1.2714	0.5581	0.0864	2.0035	0.7164	0.0007	-0.4879	-0.5167	0.2808	-0.4060	-0.5611	2.0881	0.6769	0.1158	-1.4673	-0.7287	0.6140	-0.7718	1.8069	0.9377	-0.6148	-0.3556	-0.0414	-0.4902	0.1832	-1.0298	0.1319	0.1848	0.2385	1.2095	0.9556	1.8446	1.2420	-0.3185	0.3555	-1.2712	1.1827	0.5894	-0.0915	1.1427	-0.4801	1.1091	-0.0986	-0.6591
-0.0974	-0.2678	-0.0380	0.6800	1.0100	-0.4081	-0.7365	-0.0007	0.7034	-1.8181	-0.3087	2.4769	-1.4212	-0.6799	0.0202	-0.5425	0.4255	1.3978	-0.3320	0.1280	0.3716	1.5532	0.7459	-2.2028	-0.0267	0.4808	-0.7679	0.3634	-2.0496	1.3461	0.6012	0.9855	-0.1354	0.7869	0.3297	0.4538	-1.7283	0.4883	-0.4558	-1.1409	1.7137	-0.0429	0.6700	-1.0879	1.0341	-0.6621	-0.4580	0.5863	0.3565	1.0060
-0.6665	-0.2496	-1.3240	-0.5604	-2.2901	1.3885	1.0530	1.2126	0.0240	0.2358	1.0728	-1.1344	1.9566	0.5769	-1.6124	1.0123	-0.7567	-0.2144	0.9828	-0.1894	0.4744	1.1716	-0.0742	-0.2098	1.4832	1.6577	-0.9051	0.1199	-0.7872	-0.3027	0.3316	1.1828	1.3733	0.1456	0.0238	0.0140	-0.2261	0.2829	-1.4959	1.1036	0.6257	-0.2249	-1.4028	1.0972	-1.7957	0.5441	-2.6613	-1.0773	-0.3942	-0.5537
-0.6478	0.4113	-0.6690	-0.3749	-1.8360	-0.4659	0.3967	-0.8329	2.5573	-0.2773	0.7357	-0.4669	-0.3439	0.1124	-1.0486	2.0731	0.5878	-0.3079	0.7022	1.8352	1.3904	-1.1902	0.6924	-0.9572	-1.2579	0.1191	-0.9228	1.2231	-0.7031	-1.6262	-0.0302	0.7773	-0.8333	-0.0414	-1.3219	-0.1124	1.0312	1.0022	0.1990	1.4751	0.9727	0.3829	-0.5317	1.2890	0.3751	-1.7311	-0.4631	1.9484	-0.3791	1.2642
0.4683	2.1827	-0.9344	0.4356	-0.1841	-0.9313	1.5505	1.1406	2.2943	-0.8432	3.1402	-0.3170	-0.3142	-2.1056	0.3022	-3.9911	-0.8598	0.6969	0.1901	1.4985	0.1129	1.1176	0.2203	-1.9074	1.0516	1.0218	1.0250	-1.5116	-0.8635	0.3268	0.3979	1.3083	3.0129	0.3209	0.8469	1.4177	-0.2350	-0.0286	-0.2515	-1.1736	-0.0564	1.0767	-0.9071	1.1478	0.1432	1.0860	-0.1825	0.7809	-0.4243	-0.0018
-1.0513	-0.7707	-1.4691	-1.0706	0.0691	-0.4688	-1.9009	0.2256	0.1481	-2.0425	-1.3113	-0.9890	0.1947	-0.7479	0.4178	-0.2131	-0.6043	-1.9935	0.3584	0.9554	-1.5765	-0.0176	1.9834	-1.2556	-0.4744	-0.4642	0.0172	-2.0055	-1.2954	1.5675	-1.0878	0.1531	0.5398	-0.3003	-2.3610	0.4775	0.0694	0.2985	0.7517	0.2812	-0.9074	0.2945	-1.6442	-2.9825	-0.6719	1.3641	-0.5616	-0.0470	1.1383	0.1316
0.7431	0.2250	-0.8692	-2.4757	-0.9734	-1.1447	-0.0151	1.6613	-0.7163	-0.2131	1.3988	0.1034	-0.7178	0.7681	0.3299	-1.2786	0.4209	-1.5997	-0.0370	-1.4792	-1.6871	-0.6978	-0.0746	1.2278	-0.4205	0.7794	-1.0008	0.0327	1.1069	-1.4699	-1.5880	0.5715	0.6695	-0.2818	0.8742	-0.9774	-0.0471	0.4534	0.5570	-0.5614	0.3784	-0.7715	-0.0134	0.0660	0.0697	-0.5964	0.7099	-0.7152	-0.3009	1.8212
0.1592	2.6254	-0.0570	1.7001	-0.5538	-0.1164	-0.2427	-0.1835	-1.7384	-0.0760	-1.1549	1.2686	0.5127	0.6198	-0.6372	2.0851	1.6164	0.5075	0.9663	0.0109	-0.9060	-0.3241	1.3937	-1.2747	0.1870	0.3587	0.0332	-0.6414	0.5832	0.3676	0.2652	1.2626	0.3144	-1.0660	0.5360	-0.2709	0.4423	0.9652	-0.1331	-1.2333	0.2630	0.6592	0.2960	0.2598	-0.3542	-1.6784	-0.2855	-1.3798	1.1650	-0.5982
0.3798	0.3414	-0.2689	2.0119	-0.3243	-0.1690	0.4084	-2.5704	1.0215	-0.2047	0.3927	0.2904	-0.7807	1.5860	1.0398	-0.9316	1.2793	0.5492	1.4207	0.2025	-1.7291	-0.0378	0.0690	1.0153	-0.5532	0.7397	-0.4226	-1.9627	0.4573	1.1539	1.1671	-1.4619	0.7726	-0.3097	1.3890	0.2621	0.7773	-0.4056	0.7461	0.6026	0.4869	0.8647	-0.5643	-1.6038	-0.0010	0.8079	0.4113	0.6967	-0.4823	-0.9722
-2.3933	1.6777	0.3173	-0.2508	-0.0312	-0.1779	-0.2147	-0.4877	-0.4890	0.9579	-1.9464	-0.5224	-1.6598	-0.8553	0.3427	-0.8699	1.8134	-0.0488	0.3642	0.5939	1.0109	0.2079	0.5140	-0.0651	-0.9513	-0.1234	0.4426	-0.6346	-1.1929	0.4161	1.0509	0.2631	0.3212	0.1951	1.2209	-0.7154	1.5123	-0.8385	0.7671	-0.1684	-0.9951	-0.2197	-0.2864	1.4710	1.3335	-0.4052	-0.1826	0.1795	0.6185	0.4630
-1.5256	-0.2115	-2.4868	0.1986	2.2800	-0.5231	1.9444	0.3689	0.9865	0.1250	-0.4944	1.3512	1.8777	0.4621	-0.2807	0.3094	-0.7605	0.7457	0.3508	-0.9908	-1.3308	0.2772	-1.6072	-1.0556	-1.2522	1.8455	0.7861	-1.4170	1.2493	-0.5343	0.7618	0.4044	-0.1351	0.1168	-2.2502	0.6367	0.1426	-1.7438	-0.5592	0.2365	-0.2827	0.6584	1.1199	0.7148	-2.3175	0.3220	-1.0221	0.5098	-0.6391	0.7992
1.0830	-0.8677	1.4353	0.0045	0.9262	-0.0765	-0.3503	1.4494	0.6534	-1.1714	1.5679	-0.5491	-0.2314	1.0308	1.1816	1.9273	-0.2672	-1.3643	-0.1317	-0.7085	-0.2629	0.1716	-0.7827	0.5240	-0.5820	0.8401	-0.1514	1.1117	-0.0018	1.0441	0.8388	0.4082	0.4388	1.3506	0.1826	0.0863	0.2858	-0.8255	0.4659	-0.5850	-0.4213	0.5169	0.1371	-1.1276	0.4635	1.1198	0.9164	-0.3527	-1.0353	-0.4861
-1.2273	0.5433	-0.2354	-0.8029	0.7496	0.1632	1.6557	1.3640	-1.3853	0.1129	0.2324	-1.2102	0.0703	1.6338	1.6434	-1.3607	-0.5191	1.2226	-0.3773	-0.4692	-0.9448	-0.3303	-1.0395	-0.6685	-0.2155	1.0824	1.1065	1.4932	1.3146	1.4270	0.0217	-0.1013	0.4717	-1.0985	-1.1402	0.8020	-0.7372	0.0769	-0.4609	1.2885	0.3316	-0.6105	-0.0675	0.5770	-1.6048	-1.9322	0.1686	-1.7290	0.8275	0.7833
-0.0767	0.7927	0.2517	0.6714	2.0049	0.3367	0.4526	-1.3642	0.5028	0.4843	2.0687	-0.8125	1.3748	-1.4418	-0.3020	-1.0639	0.1535	0.4600	-2.1831	-0.0133	0.5703	0.4958	-1.2152	0.6737	0.0669	0.5594	-0.8511	0.5879	-0.4720	-1.5724	1.5228	0.7279	-0.3486	0.8799	-0.5921	-0.6420	-0.5827	-0.6110	0.5652	-0.7358	1.0601	-0.3454	0.6141	-0.6907	0.6945	1.1233	0.2152	-0.9098	-1.4569	-0.4443
-1.7059	0.9627	-0.0412	0.3382	-0.1061	0.5270	-0.2867	-0.2789	0.0961	1.8586	-0.8109	0.8528	-0.0990	0.3382	-1.3348	-1.1795	-1.1760	-0.9346	3.2677	0.6997	1.2215	-0.0283	1.4301	0.2819	-3.2092	-0.2007	0.5344	-0.5885	1.6047	0.0266	-0.3806	0.5134	-0.7621	-1.5123	0.7420	-0.6512	1.4444	0.3244	0.8195	-1.1900	-1.1571	0.5173	-1.7213	0.1717	1.6986	-0.6386	-0.8916	-1.0230	-0.7435	-1.2059
-0.5767	1.2045	1.8930	-0.5600	0.4922	1.3889	0.0818	-1.2906	-1.2978	0.1345	-0.8141	0.7704	0.5370	-0.5594	1.0803	-0.6331	-0.4399	0.8354	-0.5548	0.4809	-0.3894	2.4111	-1.3174	0.3959	0.3617	1.1010	0.2695	-0.7808	-0.0655	0.2583	-0.5140	1.8990	-1.0397	0.5320	-0.6880	0.6330	1.2289	-0.1181	-0.7150	-0.0554	-0.8560	0.0385	-0.9445	0.9879	-0.9705	-1.9314	-1.1637	0.1551	0.3358	0.3598
-0.1644	-1.4137	-1.5082	-1.6633	1.4149	0.6424	1.4126	1.6826	-0.3990	-1.4842	0.8928	-1.3631	-0.7532	0.9255	-0.9736	1.1674	0.5765	0.0918	1.8892	1.7340	-0.0055	-1.0418	-1.6094	0.4724	-0.2846	0.6393	-0.3262	-2.1641	-0.8339	1.3231	-0.7002	0.9411	-0.7076	1.3200	-1.5477	1.3881	0.2326	0.6115	2.6335	-1.0800	-0.4002	-0.9880	1.4630	0.6374	1.6287	-0.8142	-1.1752	-0.8960	1.5392	-0.1693
0.0775	0.3124	0.6381	-0.3694	0.5287	2.0846	-0.4663	0.5169	0.7600	-0.0250	-0.3698	-0.6196	-0.5158	-1.0640	-0.2074	1.5075	-0.2507	0.0285	-0.1951	0.7842	0.6560	-0.0388	0.9426	-0.4638	-0.0717	0.9513	0.9482	-1.6532	-0.4015	1.0907	-0.7332	-0.2945	-0.9874	1.0321	-0.8292	-0.3442	0.0043	-1.9529	0.2044	-0.9863	2.8977	0.4012	1.6972	-0.6594	-0.4945	-1.7577	-1.7008	-0.0158	-1.2731	0.0517
1.0529	1.6969	-1.0516	-0.2611	0.8259	-0.5974	-0.0524	0.3812	1.2607	0.2064	0.6036	1.3335	0.8786	1.6919	0.0327	-0.8644	1.9928	0.4498	-1.0896	-1.4222	1.1959	1.9072	0.3832	0.3398	-0.0489	-0.6469	-1.3793	-0.2834	-0.1531	-0.3547	0.2094	1.2189	-0.4000	0.5774	-0.3699	0.6416	-0.7229	0.1966	-1.2417	0.0615	-1.2923	-0.3091	-0.1186	0.1860	1.7089	-0.0141	-0.2016	-0.1534	-0.8187	-0.2873
-0.3520	-1.5536	-1.3917	0.1113	0.6316	0.3117	-0.9188	0.2642	-0.5401	0.4129	1.0665	0.1081	0.0046	-1.7519	1.2903	-0.1981	-0.3538	0.4401	-0.7153	0.4748	-0.9706	-1.6243	0.6962	-0.2980	-1.5201	0.8391	-0.1975	-0.6089	-2.0450	1.8744	0.4181	0.4692	0.9689	0.4367	-0.7872	0.6178	0.4887	-0.6636	-0.2464	0.1547	0.0874	0.5090	2.5754	1.7892	0.9937	-1.6144	0.9174	0.6578	1.9839	-0.9840
1.2009	0.9661	-0.9839	-0.5778	-0.2620	-0.9261	0.0671	-0.9483	0.0520	-0.2813	-0.0134	2.1728	-1.6365	-0.2294	0.8693	0.2373	-1.2169	-0.4405	-0.0636	-2.6989	-0.6626	-0.5945	0.6130	0.1374	-0.0877	-1.0951	1.2792	-0.0437	-1.2387	0.5812	-0.7931	-0.6885	-0.5874	-0.8380	-1.9178	-1.2094	1.3868	0.2406	2.6198	-0.1028	1.1333	0.7021	1.2085	-0.8481	1.0014	0.3601	-0.5377	-1.2346	0.5904	-0.3353
-1.0161	-0.2505	1.3129	-0.3348	-0.3843	-0.0213	0.6575	0.4261	0.3388	-0.0237	-0.2041	0.7174	0.6476	0.0845	0.3727	1.6527	-0.9461	0.5110	-0.6815	-2.2569	0.2156	0.9398	1.8117	-1.0994	-0.4428	0.4977	-0.3135	-1.4123	-1.0022	0.1893	0.5955	0.0797	1.8085	0.1773	1.5604	-1.5064	-1.9190	-0.4826	-0.0856	-1.5375	-0.2193	-0.2982	1.7887	-1.3552	1.1958	-1.2710	-0.6744	-1.1202	1.5558	0.2629
-0.7586	-0.3814	-0.4705	-1.0436	-0.7920	0.2310	-0.1067	-0.7885	-1.4537	0.7563	-1.1394	1.7297	-0.2295	0.0740	-0.6280	-2.9328	0.6498	-0.1440	-0.1372	3.8134	-0.9534	-1.5470	-0.0196	-2.5036	1.1061	-2.0077	-1.3372	-0.4073	0.2072	-0.1331	-0.2545	-0.4945	-0.5864	-1.2889	-0.3355	-0.0509	-0.3633	-1.4645	-0.5850	0.0776	0.4392	-0.7954	1.4823	-0.7874	0.3042	0.9651	-0.3568	0.2968	-1.4249	-0.2074
-0.4924	-0.2910	1.5246	-0.4563	1.3440	1.5636	0.7599	-0.8746	-2.4502	0.9629	0.6271	-2.5038	1.2434	-0.5859	0.2007	0.0325	-1.2705	-1.8418	-0.1493	1.1132	-0.0329	1.4944	0.6807	-0.4953	-0.7956	1.0266	-0.2417	0.8019	0.4155	0.8377	-1.0403	-1.6230	-0.1312	1.5223	-0.4640	1.1322	-0.7131	0.1361	1.8682	1.0039	-0.2631	-0.2083	0.9345	1.3190	-1.4339	-0.7467	2.2830	0.7471	-0.5175	0.8528
0.6770	-1.5609	-0.7533	-1.1456	-0.7796	2.2785	2.0792	-1.2628	-0.8942	-1.2999	-2.8012	0.4249	0.0095	-1.3850	0.7682	-1.0258	-1.2413	0.6302	-0.8631	-1.5555	0.0800	-0.3577	1.1874	0.2592	-0.2992	-0.5257	-0.7724	0.4038	1.0161	0.1787	-0.9643	-0.1888	-0.7794	0.3922	-0.1014	-1.4164	1.5267	-0.3835	1.0934	0.2753	0.0312	0.3831	-0.8639	0.3749	0.8630	-0.3616	-0.4341	-1.2928	1.4531	-0.3627
0.8451	-0.1585	-0.4704	-1.1987	-0.5442	-0.7239	-1.9106	0.3761	-1.5795	0.0785	-1.1519	0.3516	0.0761	-1.4140	1.3924	-0.8761	1.1559	-0.2103	-0.6429	-0.1046	0.0642	-2.5664	-0.0634	0.3487	-1.1338	-0.1922	0.2379	-0.0220	0.8598	0.8648	0.1229	-0.7865	0.8609	-0.3006	0.2640	1.1946	1.0202	-1.1513	0.4528	-0.4604	-0.9771	-0.2650	0.5276	-0.8373	1.2995	0.8262	-1.0907	-0.6364	-0.7269	0.5321
0.9421	-0.7810	0.1492	1.0843	1.0457	1.2481	0.2902	-1.0016	0.9669	1.0094	-1.5769	1.9759	0.4043	1.5378	-0.1462	-0.0423	-1.8183	0.6821	1.0491	-1.0258	-0.1271	-1.3705	2.3112	-0.7242	0.4801	-0.0792	0.8108	-0.0716	0.0239	0.4414	2.5523	0.0086	0.2697	-0.9799	-0.6027	-0.5545	0.4453	0.0332	-1.6080	0.6411	0.6567	0.6261	-0.0486	-1.6825	0.0941	-0.8574	1.1375	1.8563	1.2343	0.8737
0.7869	-0.0683	-0.6859	-1.4833	0.4717	0.2288	0.4433	-0.4880	-0.2247	-0.3040	-0.5128	0.3292	-0.5377	-0.7759	2.3236	0.8212	-1.4562	-1.4383	1.1471	0.7015	-0.3717	0.0211	0.2554	-1.4380	0.6823	-0.4555	1.2900	-0.2783	-0.8434	-0.6732	0.0930	0.5982	-1.2383	2.2701	0.6151	-0.0714	1.0123	-0.1573	1.1089	0.4545	2.0628	-0.0023	-0.0028	-0.5644	-1.4381	1.2776	-1.2220	0.1726	-0.6361	-2.3100
-1.0018	-1.0300	-0.6146	-0.8489	2.4613	-0.9600	0.2478	0.7821	-0.4167	-1.3747	-1.8342	-0.0541	0.1445	-0.2537	0.8755	-0.6078	-0.6365	1.2130	-0.2544	0.9055	-0.1202	0.5096	1.3263	-0.6107	-1.1856	0.0493	-1.4174	0.7890	-0.1633	-0.1803	-0.4636	-0.2484	-0.1402	-1.8871	-0.4644	2.2500	-0.5566	-1.2435	0.7217	0.0444	0.3805	-0.5291	-0.3818	-1.2045	0.1851	1.4013	-1.0204	-0.9800	0.4021	1.4916
2.4111	0.1861	2.3364	0.0994	-0.9646	-0.9882	0.3208	0.3293	-0.2456	0.0012	0.2482	-0.2684	1.1581	1.0278	0.5852	-0.2867	-0.4863	-0.5199	0.5459	1.4123	0.1436	2.7557	-1.0612	-0.8798	0.0086	0.0837	-0.5688	1.5069	1.3417	-1.2970	0.2687	1.5098	0.6563	-0.4753	-0.7332	0.6408	-0.4130	-2.2944	-0.9079	-0.7373	1.8616	-0.0639	0.7619	1.2696	1.0096	0.6680	0.0634	0.1074	-0.5711	0.7469
0.4076	0.0921	0.4436	-1.7023	0.8402	-0.5144	0.4827	0.9270	0.3081	1.0047	0.5565	0.2242	1.1262	0.6950	0.3717	1.2604	0.4858	2.1310	-1.3882	-1.5100	-0.5904	0.6292	0.5424	2.2813	-0.2391	-0.1145	1.9756	0.9827	0.9304	1.5526	-0.0001	-2.5840	1.3892	-0.2824	-1.1656	-0.7517	1.8558	2.4411	0.8613	-0.3932	0.1014	0.9312	0.2737	0.5194	0.3496	1.1390	-0.7676	-0.0524	1.5216	-1.5199
1.4593	1.1753	0.2579	0.6325	0.8721	1.1990	-0.1874	0.5512	-0.8283	-0.5145	2.7879	-0.2203	-0.3468	-1.1537	0.1751	0.4825	0.5303	0.8300	2.4075	1.4319	-1.0665	-0.9174	1.1503	-2.1934	0.0290	2.1745	2.3820	0.1438	0.4827	0.5046	-1.0225	3.4542	-0.8300	-1.8902	-1.4525	0.2255	-0.1842	0.0489	-1.4550	-2.3532	0.7326	0.0798	0.2731	1.4885	1.2095	-1.5028	-0.3640	-1.1638	1.1598	0.6806
-0.6287	0.9487	-0.9735	-0.0443	0.2884	0.8079	0.2000	-0.2289	-1.5703	-0.3673	0.0207	2.3921	0.9790	-0.0351	0.4404	-0.7461	-0.1306	1.4699	0.8181	0.9851	1.0649	-1.8712	0.2727	-0.7774	1.2429	1.4835	-0.1676	-0.6936	-1.0684	0.0669	-0.7661	-0.5668	0.4934	1.0510	1.6270	-1.5985	-0.6745	-0.9315	0.7990	-0.8029	0.4970	0.0857	-0.6474	0.5265	1.2450	-0.4420	1.4258	-0.2807	0.8567	0.6237
0.0116	1.1023	-1.2466	-0.4382	1.0515	-0.6197	-0.6846	-0.4073	0.8234	1.5386	-0.3201	-0.4364	1.8533	1.0024	-1.1014	2.6878	0.9936	-1.7041	1.9715	1.5034	1.2540	0.5588	-1.4255	-2.3429	0.7086	0.3626	-0.3300	0.6286	-0.1169	1.1692	0.0665	-0.8982	0.2876	-0.1814	-0.4206	-1.0435	0.6217	1.5127	-0.9797	0.6040	0.4715	1.3241	1.4419	0.0172	-1.1356	-0.4053	1.2645	-0.3043	-0.3879	-0.9177
0.4081	-0.7350	0.7879	0.5541	0.9092	-1.0404	0.5592	2.2056	-0.0678	0.2114	0.5228	-1.1442	0.3764	-0.0146	-1.2413	-0.9030	0.8382	-1.2547	-1.2374	-0.9545	-1.0725	-1.5696	-0.1378	0.2623	-1.3562	-1.2313	0.3124	-0.0941	0.9700	0.7723	-0.9253	-1.3500	0.7900	-0.2829	0.3069	1.2382	-0.2044	-0.0928	-0.0045	1.3425	0.5981	-1.4388	0.0731	-1.4737	-1.3064	-0.8415	-1.1633	-0.6999	-1.4943	-0.0009
-0.0284	-0.9170	-0.4035	-0.3605	-2.1312	-0.8692	-1.1511	1.0076	-0.3725	-0.3876	-0.5932	0.3274	-0.3854	0.4435	-1.6331	0.3364	0.5098	-1.6687	-1.0356	-1.4601	0.6249	-0.6791	-0.5945	0.4540	-1.1529	-1.1972	-0.6741	-0.9866	0.4345	-0.5596	0.8760	-0.9944	1.8735	-0.6293	0.2372	0.4151	-0.1391	0.0262	-1.0733	0.2582	1.4346	-1.0589	-0.2265	-0.1506	-0.0414	1.2669	-1.6360	0.9418	-1.9267	-0.6138
-0.1723	1.2998	0.4741	1.3476	2.2156	0.8075	1.0491	1.9103	1.0611	-0.2004	-0.9448	-0.3928	-0.3103	-0.4649	-0.1158	1.8978	0.6304	-2.1859	1.8580	-0.1596	0.2965	-0.8872	1.0141	-0.2277	2.6964	0.1658	-1.1069	0.0821	-0.4553	0.8354	-0.9971	-0.9153	-0.3950	0.2340	-0.3025	-0.2212	1.8830	-0.3869	0.2336	-0.8519	-0.0494	-0.5235	-0.4343	-0.7302	-0.8053	0.0896	-1.4813	-0.8780	-0.2826	-0.0066
-1.0969	-1.1343	1.6809	1.0229	0.7953	1.7329	0.4888	0.4274	-0.9021	-0.5819	1.0719	0.5941	0.6793	0.0565	-0.9672	0.9910	0.0960	1.1328	-1.3092	-0.5029	0.2378	-0.4266	-0.6436	-0.3920	-0.4901	0.1479	-1.1166	0.6834	0.3686	0.4655	-0.9311	-0.7217	-0.3415	0.6786	1.5760	-1.4183	-0.1048	1.9011	2.0354	-1.3433	2.0853	1.6060	0.3711	-0.9731	-0.9158	-1.0588	-0.7060	0.0340	1.2646	0.7508
-1.0032	1.5556	0.6899	-1.1312	1.4212	0.0706	-0.7720	-0.1062	0.5854	0.7885	-0.1790	-0.2884	-0.1772	-0.2890	0.4588	-0.4270	-1.0027	-0.8235	-0.2207	0.8265	-1.1503	-0.0539	-0.2993	1.9408	-0.0879	-0.8417	-2.1576	-0.4972	-0.9075	1.1338	-1.0684	-0.5495	0.5928	0.7970	-1.2022	-0.2981	-0.3769	-0.7047	0.1812	-0.5904	0.4136	0.4040	-2.1330	0.4081	-0.5183	-0.5927	-0.9519	1.6148	0.0784	0.5053
0.1151	-0.3113	-1.5975	0.6083	-1.1189	-0.2587	0.6633	0.8580	1.7424	0.0518	1.9933	1.2056	1.3530	-1.3406	-1.0611	1.6979	0.3772	0.7928	-1.5329	0.2888	0.1284	0.3518	1.3598	-1.0805	-0.5404	0.1525	0.0490	0.0853	-0.9831	-0.0009	0.2275	-0.7650	1.6447	-1.0592	-1.1470	-1.1543	1.6831	-0.5198	-1.8172	0.5749	-0.8883	-0.1419	-0.5781	-0.5018	-0.6328	-1.7378	1.1772	-0.5383	-1.1846	0.5029
0.6722	-1.8970	-0.5263	0.5818	0.1866	-0.6659	-0.2845	1.6792	-0.4070	0.5690	2.1767	-0.2873	-1.8127	-0.4906	-0.1328	0.1753	0.2578	-1.2529	-0.2149	-0.9487	-0.1387	0.3099	-0.3908	-0.3747	-1.7940	2.1500	-0.9651	-0.7677	-0.6991	2.1346	0.3028	-0.4420	-1.0004	-0.1465	0.6692	-0.5880	-0.8986	-0.0611	-0.0511	1.1228	-0.5234	-0.1051	-0.3063	-0.2966	0.3360	-2.0915	0.1224	0.6679	0.3043	1.2630
0.7551	0.3961	1.4800	0.6404	0.5694	0.8973	0.7932	0.7086	-0.8304	1.3377	-0.8272	-0.2657	-1.5316	0.6994	1.2619	-0.3205	-0.1527	-0.1941	-0.0403	-1.7396	-0.6897	-0.5581	-1.5330	-0.6447	-0.1881	1.1920	-1.0500	0.3656	0.1201	-1.2401	0.2937	-2.7029	-0.1348	-0.9922	0.9750	-0.6707	0.6791	-0.3778	-3.6068	-2.8813	-1.1003	-0.3506	0.9745	-0.3872	-0.5605	0.2009	-0.0288	-1.6648	-1.1169	-0.0252
-2.7626	0.6135	0.1245	-0.2848	-0.8842	-0.1910	-0.4942	0.8492	-1.1808	0.8460	0.4059	0.1130	-0.3402	-0.1388	0.3707	1.0010	0.7188	0.7182	-0.7519	0.7478	-0.7610	2.0776	1.3136	1.0210	0.6908	-0.5908	1.4454	1.2061	0.5860	2.3112	2.0377	1.2637	-0.8794	0.6129	0.1143	-1.6704	-1.2359	-0.3672	0.1728	-0.0484	0.3275	-0.2500	0.6967	-1.3691	0.8587	0.3916	-1.3251	0.1406	0.8125	-0.0524
-1.0318	0.6685	-1.0340	0.6711	0.7114	0.9847	2.3785	0.6343	-1.1570	0.9174	-1.9658	0.1063	1.0814	0.6886	0.2117	0.7379	0.0207	-0.3101	-0.6771	-0.0305	-0.2684	-0.7197	0.7748	-1.2798	0.1486	-2.0870	-0.2449	1.2161	0.6188	0.3935	0.6795	1.5571	0.9358	0.0613	-0.4468	-2.1752	-0.9133	1.3521	-0.6040	-1.8343	0.8555	-1.1046	0.5683	0.9962	-0.8432	-0.6669	-1.1231	-0.1592	-0.5753	-0.4893
0.0001	0.4526	-1.3699	-0.0391	0.8497	-1.4303	-1.1625	0.4151	-1.0031	0.9949	-0.5577	-0.2254	0.9746	-0.3469	1.7253	0.9377	0.9276	0.1459	-1.4032	-1.4353	-1.1535	1.5260	-0.6964	0.6704	-0.4102	1.4006	-0.3133	-2.5073	-1.2297	0.5970	-1.1121	-0.4381	0.6605	-1.0338	-1.1685	-0.7957	-0.4707	0.1559	0.7892	-0.8632	1.2621	0.3791	1.1513	0.0736	0.4977	0.8175	0.3242	-0.7502	2.3598	-0.5402
-0.9803	-0.1708	1.2110	-1.4097	1.0661	-1.3098	-0.5822	1.5342	0.7424	0.8028	0.4950	-1.6128	-1.0339	0.4977	-1.1740	0.0793	1.3568	-0.3131	-0.8058	-0.7890	-0.2439	-1.0257	-0.7008	0.2732	-0.3949	-1.7967	0.3027	0.5823	-0.2072	1.6778	0.7116	-1.1348	0.7311	0.7620	-0.7260	0.0394	-1.1359	-0.0919	-0.1114	-1.2923	-0.3660	0.3858	0.3566	-0.7197	-1.1250	-0.5799	-0.3998	-1.0061	0.0055	0.6501
-0.7759	-0.6605	-1.1524	0.1325	-0.9288	-0.0795	0.0771	-0.5201	-2.7942	-1.7222	-1.5483	0.0285	1.1217	0.2139	-1.4961	0.5843	-0.8464	-0.2034	0.6361	-0.6044	0.4099	1.1368	-0.3132	-0.0920	-0.6232	-1.2660	-0.5119	-0.6066	-0.1484	1.1403	-1.3508	0.2248	0.4247	-1.1597	-1.4764	1.5406	1.0629	0.5242	0.4304	0.3861	-0.1915	-0.3400	-1.1388	-0.2366	0.1733	0.0563	-0.8570	1.1178	1.4370	0.9904
-0.4242	-0.4735	0.4854	0.0771	0.4559	1.5859	-0.6399	0.2446	-1.0291	-0.7620	1.4441	3.0523	1.2859	0.9018	1.3979	-1.0656	0.4896	0.5837	-0.4092	0.4977	-0.3961	-0.5944	-1.3016	0.9036	0.2860	-0.0553	-0.5390	-0.6077	-0.7180	2.1169	-0.6605	-0.5896	0.0597	1.0560	0.1731	1.2920	0.8170	0.3811	-1.2563	-1.8543	0.0672	0.3716	-0.7326	-2.3430	-0.0714	-0.3317	-0.3853	-1.3045	2.2805	-0.6518
2.4119	-0.7997	0.5000	-1.4277	-0.3102	1.1168	0.2011	-2.0503	-0.5332	0.0863	-1.2956	0.2358	0.1936	0.2571	-1.0865	-1.2245	-0.2543	-1.1048	-0.4565	1.3311	0.7214	0.4249	-0.4269	1.4942	0.0649	0.2794	0.0417	0.5402	-0.4233	-0.3248	-0.0025	-0.0554	-1.4663	1.5218	0.5691	-0.8524	-1.4312	-0.6022	0.5207	0.0059	1.1849	-0.9947	1.6318	-0.3530	-0.5698	-0.0568	-1.6407	-1.0093	2.0097	-0.9384
1.7404	0.5529	0.7886	-0.3316	-0.0978	0.4729	-2.0620	0.5153	0.3980	-1.6285	-0.5562	0.9727	1.6275	-1.1204	-0.9159	-0.8194	-0.5040	1.2573	1.0069	-0.5174	1.6287	0.9090	-0.5292	-0.9224	0.0436	0.7943	-0.8088	0.6292	1.8185	0.4694	0.3220	-1.4506	-0.6257	1.2268	1.4863	0.8718	-1.4351	1.1529	0.9163	0.3936	0.7059	-0.0871	-1.5780	-0.3514	-0.0291	-0.9317	-1.3531	0.6834	-1.5158	0.8494
0.3781	-0.8264	1.5390	0.7849	-1.4162	1.5795	-0.3976	0.1116	0.7272	0.4017	0.8129	-3.0365	-1.7420	0.9524	0.9859	0.1819	-0.5425	-0.3849	0.8120	-1.1531	1.3006	0.3550	1.1913	1.6968	-0.0576	0.3778	0.8825	-0.3634	0.2044	-1.8398	0.8972	-0.3860	1.8875	-0.6685	1.9031	-1.0308	0.2571	0.1248	0.4708	0.3957	-0.4165	0.3680	0.6736	0.5567	-0.4035	0.3201	0.3781	1.0713	-1.6106	-0.9077
0.6477	0.8632	0.5067	-0.0321	1.7529	0.0846	0.3668	-0.5024	1.0858	1.2938	-0.9391	-0.9741	0.1142	-1.3446	1.7861	-0.2703	-0.6967	0.1748	-0.1189	1.7774	-0.6493	-1.1711	0.8634	1.4341	-0.2961	0.2474	-0.3776	-0.2855	0.2829	-1.6522	0.8453	0.4012	1.4363	0.5772	-1.6557	-0.4293	-0.9984	1.5390	2.4789	1.9416	1.4589	-0.3321	0.0728	-2.3641	-2.1245	0.6223	-0.9402	0.3842	0.0207	0.4636
-1.4358	-2.0700	0.2531	0.6722	0.2375	0.1790	-0.4909	0.5146	3.1713	0.4600	0.9020	0.0736	0.0110	-0.1478	-0.2988	1.0678	-1.5253	1.2506	-0.3674	-0.4120	1.2849	1.8326	-0.5978	-0.5513	1.2915	1.3057	0.6050	0.2628	-0.6093	-2.0302	1.1193	-1.7337	-0.0886	0.5292	1.7037	4.2832	0.5754	-2.3774	-0.9235	0.2954	-1.7185	-1.4129	0.8380	1.3094	1.4725	-0.7935	0.2518	-1.3569	-0.1583	-0.9820
1.1390	-2.3076	-1.0458	-1.9458	-0.4673	-0.5660	0.7712	0.0011	-0.8837	-2.3249	-1.4569	-2.1892	1.0451	-1.2154	-0.2407	1.2602	0.5058	-0.3407	1.8092	0.0147	0.6664	-0.8015	-1.7857	-0.3727	0.6474	-0.7095	2.0971	0.4731	-1.3006	2.4782	-0.1585	-1.2678	-1.0727	-1.3276	-1.0318	-0.6000	0.1064	0.0689	1.8197	0.5835	-0.9666	0.2562	-0.3199	0.8259	-1.4947	2.2768	0.0211	-2.0486	-0.6741	-0.5727
-0.7051	-1.5724	1.2525	-1.6199	-0.6239	-1.4281	-1.4780	-0.1650	-0.7781	-0.7339	1.3721	-0.9343	-1.4422	-0.2769	0.0000	0.8988	0.5187	-2.1079	-0.8567	1.1292	0.1460	-1.6279	-0.2689	-0.9081	-0.1007	0.6817	-0.8092	-1.4898	-1.0796	0.7453	-1.0970	-1.4231	-0.6024	1.0396	0.2116	0.4553	0.6555	0.8800	-2.1600	-0.2632	-0.5250	-0.4394	-0.4737	-0.3439	0.3086	-0.7583	0.6823	-0.0741	0.0788	-1.7167
0.8730	-2.4694	0.4681	1.5301	2.0920	1.6344	0.4882	-0.5425	0.8269	1.1294	0.2979	0.9855	-0.0485	0.8607	1.1165	-0.8646	-0.2714	-0.0683	0.1418	0.6583	0.3110	-2.4159	-0.1725	-0.5403	1.2914	-0.5478	-0.6300	0.6343	0.1528	-1.0585	0.6844	0.4318	1.6786	-0.2153	0.3255	0.1117	0.6310	0.2242	0.0543	1.5721	-1.9890	-1.5955	-1.7572	1.8619	-0.7846	-0.5250	-0.9908	0.1654	-1.4619	1.8635
-0.4287	0.6295	0.2342	-0.1243	0.3205	-1.7218	-2.2286	-0.3600	0.3191	1.2789	-0.1275	-0.0764	-2.6200	1.6803	1.2329	0.9021	0.4044	0.3916	0.0376	-1.4237	-0.1186	0.0398	-1.3113	0.1621	-1.0351	-0.3295	0.1996	-0.2045	-0.0546	-0.7248	1.1201	-0.2522	0.9890	0.6356	-1.1066	-0.0799	0.6181	0.5112	2.6047	1.6950	1.9881	-0.4682	-0.9369	-1.0028	1.3066	0.4164	-0.0569	0.1467	0.1923	0.6429
-0.7824	-0.4163	-0.3025	0.2508	0.0599	-1.6888	-0.4798	-1.0244	-0.2920	1.4651	-0.7691	0.3313	0.1643	-0.0053	-0.0907	-0.1653	1.0594	1.1360	0.5883	-0.8718	0.3389	-0.3234	-1.0271	0.8339	1.3818	-0.3798	-3.0507	0.4641	0.5597	0.6058	-0.0365	-0.5700	-0.4443	-1.2754	-0.7585	1.0260	-0.5839	-0.7738	-0.2317	-0.4852	-0.0517	0.1875	0.8469	-1.1189	1.4755	0.8788	-0.9125	-0.9890	-0.1433	2.4934
0.7442	-0.5943	0.2827	-0.9256	-0.0711	1.1328	0.0896	-0.0961	1.4133	0.3507	-0.2097	-1.2847	-0.4924	-0.0163	-1.8538	0.4006	0.7106	-0.1429	0.1427	0.8227	0.1515	-0.9622	-0.1055	0.1306	0.6238	-0.7674	-0.6324	1.5812	-0.4920	-0.4086	0.9815	-1.7919	0.7998	-0.8202	-0.3732	-0.2250	0.8015	-2.3743	-0.2637	-1.2794	0.2006	-1.2158	-1.0016	0.9589	-0.6544	-0.9612	-1.0799	-0.2137	2.5127	-0.1666
0.0805	-0.2482	-1.4744	-0.5479	0.8044	1.1163	-0.8891	-0.4391	0.2245	0.8122	-0.9660	2.4003	0.5446	-1.4618	0.8855	-0.0615	1.4974	3.3306	0.6907	0.5920	-0.6292	-0.5283	-0.5064	1.2739	-1.1776	-0.5418	-0.0160	-0.2656	-0.6248	-0.0498	1.1727	0.8206	-0.5328	-0.5329	1.0717	0.7887	-0.9282	-0.5641	0.6814	1.8081	-0.7704	1.0631	0.5894	0.9773	1.3182	-0.0366	0.5825	-0.7568	-0.5750	0.2253
0.7557	0.1952	0.0403	0.1568	-0.0938	0.2105	-0.2335	-0.5426	0.1877	0.9239	0.8513	1.5789	-1.9148	0.4525	-0.0658	1.4879	0.5526	1.1396	0.7339	0.7052	0.9514	0.7110	1.4867	-1.9049	0.9435	-0.2759	0.0669	-0.3298	-1.0786	0.1695	0.1478	0.3308	0.0617	1.3754	-1.0925	0.3472	-0.4554	1.3119	-1.9025	1.1403	0.6240	-0.8032	-0.4426	-1.8473	1.6480	-0.1469	-0.6688	-1.0714	-0.7075	0.1047
1.6896	0.9643	1.5158	2.1100	-0.1831	-0.0899	0.2513	-1.1085	-1.5681	0.5223	-0.0615	-1.6221	0.3359	0.5725	0.2060	0.9582	-2.1476	0.4401	-0.0180	-0.1196	1.5192	-0.5643	1.3523	0.4222	-0.3666	-1.0631	0.2044	0.9920	0.4632	-0.9744	-1.9717	0.1333	-0.2593	0.0945	0.4373	-0.2331	-0.4436	0.2336	-0.1789	2.0510	0.1143	1.7576	1.4409	-0.1724	-1.4897	-1.5822	-1.1894	-0.4614	-0.2192	0.7354
-1.7151	-0.1862	-0.3003	-0.5253	-0.4326	0.5345	0.2519	0.8579	-0.4322	1.7110	-0.3917	-0.5578	-1.6887	-0.3306	-0.1846	-0.5492	0.6830	-0.2969	1.2388	-0.9406	1.2080	-0.7450	-0.5125	0.0415	-0.0430	1.0215	-1.3820	-0.3915	-0.1809	-0.0543	0.3863	1.1702	-0.5642	-0.6301	-0.3844	-0.4940	-1.0263	0.6930	-0.0296	-1.0678	0.3072	0.8564	0.1975	0.6556	0.0447	-0.0782	-0.1566	0.9295	1.7180	0.6550
-0.6770	-1.5091	-0.0008	0.5337	-1.4633	0.4135	1.3577	0.6808	-0.6298	-0.1238	0.8897	-1.3659	-0.6030	-1.1204	1.0992	-1.2319	-1.0145	0.3803	0.9598	0.7615	-1.6964	-0.5356	-0.4969	1.2491	0.2823	-0.4265	-1.1689	0.4319	0.4058	1.3190	-2.4341	0.5776	1.9752	1.5246	-1.4535	0.0944	-0.9715	0.9381	-0.7282	-0.7719	-0.9653	0.5198	0.9272	1.6068	-0.4484	-0.3717	-0.3584	0.4216	-1.0421	-0.6011
0.0346	0.8659	-1.0541	1.0507	-0.3871	0.1958	-0.9779	0.7844	-0.4487	0.8337	-0.3577	0.4277	0.0021	0.2385	-0.8653	0.2223	2.0530	-0.3439	-0.5808	0.3727	-0.8100	1.4570	-0.6789	-0.2939	1.9464	-0.6733	-0.0810	-1.3356	-0.2649	2.4891	-0.3163	-0.2888	0.7580	-0.0316	-1.1128	-0.1204	1.0994	1.4965	1.5126	0.3751	-0.1378	-1.0746	-0.4526	-1.8526	1.4875	0.5349	-1.0551	0.3700	-1.1424	-2.1700
-0.5183	-1.7034	-0.8109	-0.8447	1.0734	1.3802	-1.2281	0.0422	1.3116	-1.1293	1.6148	1.6872	0.2363	-1.0933	-0.0733	-2.7811	2.0131	-0.9886	-0.0204	0.1079	0.6595	-0.4637	-0.8873	-0.8518	0.1989	0.3108	0.4138	0.5103	-0.5290	-1.0117	0.2658	0.3099	1.4366	0.0978	2.3674	1.6371	-0.6492	1.3985	0.8041	0.9033	-0.1380	0.2838	-0.6552	-1.6930	0.0503	0.3809	0.9894	0.3617	3.2702	1.2039
0.8371	-0.0919	-0.5803	1.8270	0.3051	1.1722	0.3943	0.1978	-0.6718	-0.0831	1.0136	0.2203	0.8614	-0.3681	0.4914	0.1198	0.6934	0.3230	-0.4937	-0.2421	0.2750	2.4855	1.6349	0.2277	1.4882	-0.1727	0.1617	1.6572	-1.0149	0.3141	-0.6677	-0.7321	1.7463	-0.5381	-0.3984	-0.8246	-0.2191	0.0988	0.2211	-0.5920	-0.7185	-1.4653	-0.3620	-0.7986	-1.1619	0.2035	-0.8135	0.9174	-0.3126	-0.4752
1.0636	-1.0832	-0.7986	-0.8856	0.7549	-0.3578	-0.3257	1.4681	-0.0983	0.7490	0.0061	-0.7022	0.6358	-0.2053	-1.5537	1.0231	0.6771	0.0194	1.7992	-0.1076	-0.2713	0.6824	-1.0372	1.2395	0.7517	1.3369	-0.8468	-0.1527	-0.6502	0.2631	0.9082	0.4419	-1.0198	1.6661	1.2576	-1.1907	-0.9113	-0.6648	2.6120	-0.0819	-0.1756	0.4047	-0.8868	0.5487	0.8727	0.2729	-0.9841	2.1869	-1.1455	0.6689
-2.1861	0.2740	0.5295	-0.7550	-2.1397	-0.4727	-0.9749	-0.7628	-0.4679	0.4120	0.0959	1.0570	0.7926	0.5648	1.1525	-2.4861	-0.3878	-1.7753	-0.1080	-1.6960	0.5467	0.1026	2.6364	-1.0670	0.5908	1.9983	1.1418	-0.0559	-0.4246	-1.0655	0.0168	-0.1409	-0.0107	-2.5006	0.3402	1.6992	0.0165	0.4265	0.7948	-0.3534	-0.1633	1.0936	-0.5414	-0.2291	-0.4038	0.0539	-0.1788	-0.7938	-0.5605	1.7925
-0.6025	-0.3073	-0.0879	-0.2736	-0.1352	0.2535	-1.4496	0.4080	0.6168	-0.7660	-0.7068	0.1826	-0.0421	-0.7052	0.1876	0.1399	-0.4562	1.3718	2.1098	-1.1127	-0.5696	0.5961	0.6792	0.7669	-0.0947	0.6642	-0.6273	-1.1177	-2.1163	-0.5214	0.0675	0.9088	1.0820	-1.0874	0.3368	-0.9434	0.4671	-0.1557	0.0618	-0.7567	-1.2325	1.0610	-0.0808	0.5850	0.3127	1.0803	0.5029	-0.1945	-1.6947	-2.0585
-0.2311	1.1879	0.8851	-1.3896	0.7902	1.5661	0.7720	-0.0569	1.0633	-0.0814	0.2879	0.9201	-1.9472	-0.6185	-0.3561	0.3951	-1.3582	0.4307	1.2962	-0.3227	1.8570	-0.6543	-0.1230	-0.1414	0.4209	0.2010	-1.8068	-0.1678	-0.9313	2.0601	1.8974	1.4126	1.7395	1.8372	0.5941	0.8360	-0.5188	-2.0875	-0.3170	0.8477	0.1102	-0.8902	0.5411	1.2601	0.7249	1.3110	1.3856	-0.7051	-0.5647	-0.4033
0.4170	0.5728	0.4240	1.8569	-0.5481	-0.7114	1.3154	0.1434	0.2374	0.2709	-0.6314	0.1291	0.0319	0.4512	1.6705	1.1922	1.4439	-0.5035	-0.2674	-0.6940	-0.4085	0.0998	0.0562	-0.7659	0.2435	-0.3306	-1.8437	-0.1979	0.4220	-0.5615	-0.3895	-0.2024	1.2537	-1.3213	0.5072	-0.5891	0.6632	-1.4582	-0.9782	-0.4916	-1.2589	-0.9805	-0.1634	-0.2691	-0.1521	-0.8480	0.4859	-0.5997	-0.7416	0.0490
0.7722	-1.2946	-0.4715	-0.4444	-0.2311	0.2277	0.9442	-0.1920	-0.0921	-0.3398	1.4840	2.5016	0.1597	1.0869	0.3425	3.3863	0.2064	-2.1298	-0.7438	-0.2392	-0.9772	-0.2456	0.1289	-0.4862	1.2824	0.8977	1.4410	0.5551	1.0910	-2.2477	-0.3257	-0.2700	0.0635	0.6096	-0.8785	0.6524	0.6758	0.9179	1.8193	0.2735	1.3685	2.0374	1.5044	0.0027	0.2876	1.4929	1.8547	1.6607	-0.2712	0.0873
1.5582	-0.3321	0.2208	0.0989	-0.1155	0.6179	1.3507	0.6851	-0.6796	-0.8647	-1.1645	-1.5572	-0.8745	-0.6958	0.0613	-0.1363	1.3024	-1.6006	-0.3848	1.2411	1.3288	-1.1532	0.6270	0.7530	0.8530	-0.8906	-1.0360	0.5219	0.0623	-0.4646	-0.5862	0.6478	-0.8160	-2.8823	-0.5542	-1.4206	-0.2658	-0.7399	-0.2820	-0.1136	1.8271	-0.0106	0.4124	0.9532	-0.3018	0.9170	0.5515	0.6742	0.8030	-1.1906
0.3060	0.6844	0.1206	0.0499	0.2952	-0.3969	-0.6844	-0.3776	0.5961	-0.4416	0.1549	1.2350	-1.0531	0.4570	-1.2323	1.2290	-0.2114	-1.2554	-0.9415	-1.8640	-0.1476	-0.0032	0.7349	-0.1989	-0.7337	-2.1023	-1.2212	0.5772	-0.2267	-1.2130	-0.8106	1.2070	1.2435	-0.4583	-0.0275	-0.7211	-1.1262	0.5811	0.4962	-1.2904	-2.5327	0.7073	-1.0445	-0.3677	0.0879	2.0967	-1.7823	0.1815	1.1544	-0.0299
0.0670	-0.6513	0.8029	0.1293	0.3069	-0.1047	1.0972	-0.7895	-0.4841	-1.1261	0.0673	-0.5298	-0.4559	0.3003	0.4714	-0.3066	-0.7856	-0.0850	-1.8950	1.4392	-0.9113	0.2613	-2.3478	0.6652	-2.2951	-0.1764	0.4897	1.4275	1.2487	-0.0285	1.7680	0.8505	-1.4080	0.9803	1.1652	0.6332	1.1497	1.1590	-1.0029	1.3242	0.0233	-1.7996	-0.1128	-0.4882	0.7967	1.0806	0.7888	0.2956	-0.4627	-0.2842
0.2550	0.5865	0.2174	0.2745	0.3255	-0.2672	0.0005	-0.2260	0.6562	-0.9260	-0.1944	0.2037	-1.2347	0.1230	1.4619	-0.7231	-1.6955	-0.0665	-0.2685	1.7808	-0.2401	0.6013	2.1958	0.4863	3.1904	1.7084	0.9511	0.6954	0.3214	-0.4607	-0.5589	0.7956	-0.3267	0.3742	-0.2674	0.0027	-0.3942	0.2211	0.0796	1.1837	1.7049	0.2991	1.0891	-0.0207	0.1888	-0.5031	-0.1073	0.9408	0.3829	-0.0493
-1.0428	1.3357	0.2026	0.3455	-0.5369	0.2961	1.2949	1.2409	-0.4755	-1.1111	0.0718	0.3712	-0.1763	1.4382	0.3763	-0.0745	-1.2952	-0.1463	-0.1475	0.1344	0.4552	0.5534	-1.5247	-1.8714	-0.7942	0.1331	-0.8574	0.1483	-0.6933	-0.3651	-1.3024	1.3043	0.4576	-0.7539	-0.2938	-0.5741	-0.2387	-0.3047	2.0407	0.1093	0.1577	1.2503	2.8435	1.8938	-0.6974	-0.5486	0.0525	0.6909	-0.8567	0.5296
0.7080	-2.4430	1.2406	0.6860	-0.8278	-1.4355	0.2560	1.1648	0.5742	1.9213	0.7928	-0.8862	3.0351	-0.1566	1.3042	0.1570	-0.1889	0.8232	-0.3336	0.4581	-0.0759	-0.8886	-1.9841	-0.0233	0.4779	-1.1768	-2.2186	0.2215	1.7738	-1.7988	-0.3423	1.1724	-1.6315	-0.8047	0.4508	0.8116	0.6071	0.1554	-0.9102	-0.8365	0.0446	0.1204	1.6802	1.4074	1.2945	-0.8320	0.0134	-1.5818	0.9675	-1.5604
-1.0581	1.2008	-1.2907	-0.2903	-0.5806	-0.8852	0.4052	-0.5036	1.1677	0.5022	0.7543	0.4386	0.4728	0.1149	1.0196	1.1945	-1.3120	-1.4434	-0.4005	1.2649	2.1034	0.4610	-0.2330	0.7969	0.8528	-0.1397	0.6501	-0.3157	0.5165	0.5462	-0.3624	0.6960	1.1142	0.5619	0.7443	-1.7802	-1.8250	0.5795	-0.0468	-1.3255	0.3346	0.7351	-0.7313	1.8465	-0.5042	2.3636	0.9362	0.0865	-0.8277	0.9958
1.0286	-1.0647	0.7846	0.2276	-2.2683	0.2535	-0.8442	-1.1259	-2.2546	-0.6511	-1.5507	-0.8318	1.3077	-0.5727	0.2580	-0.0060	-0.8841	-0.1502	-0.1350	-0.1678	1.6289	0.6503	-0.5292	-0.8310	0.0823	0.6702	0.1684	0.4475	-0.8754	-0.5629	-0.0586	-0.0718	1.3664	-1.0115	0.3927	0.6597	1.2462	-0.3163	1.2632	-0.0962	1.5476	0.3866	0.6366	0.6674	-1.3720	0.2581	-0.9109	-1.1063	-0.0188	-0.6304
-0.5521	0.1549	1.2546	1.1460	0.5136	0.9475	0.3581	-0.7944	-0.6514	-1.0038	0.1870	0.3161	-1.2843	-0.4305	-1.6609	0.0645	-1.3507	0.8724	-0.8105	1.0597	-1.3164	-0.4795	-2.2630	-1.6070	1.1540	1.2449	-1.0079	-1.8471	0.3512	0.3417	0.7089	0.3696	-0.4235	0.0986	0.5848	1.7413	1.6627	0.9821	-2.0754	-1.1120	0.4120	-0.6990	-1.2196	1.3349	1.1569	-1.1379	-0.6269	-0.0205	-0.0007	1.3879
-0.2466	1.2042	0.6443	0.7980	0.4325	-1.3423	-1.0226	0.8292	-0.3862	-2.3461	-0.2574	-0.8487	-0.2261	-1.5892	-0.1028	0.1442	0.8723	0.8510	0.3023	-0.5736	0.2939	-0.5646	0.2718	-1.0137	-1.3939	-0.8804	1.2094	-0.9994	0.2136	-0.1553	-1.0544	0.8120	1.0094	1.8324	-0.5534	1.5835	-1.7709	0.2891	0.8608	-1.2310	-0.7180	0.6136	1.0905	0.2263	-1.1697	0.0963	0.6592	-0.2520	-0.9602	1.3731
-0.5427	0.5531	0.5314	1.8108	2.5825	0.2818	-0.2167	-0.8537	0.1403	0.0966	0.0217	1.2193	0.1563	-1.4076	0.7042	0.9610	0.3748	-0.8666	-0.1820	-0.5888	0.2913	-0.5697	-0.2661	-1.1248	0.4251	-0.3261	1.3932	-0.3938	0.1468	1.5788	-1.1104	-0.2592	-0.4645	-1.8981	0.4899	0.8806	0.7626	0.1335	-0.9373	-0.9337	-0.9015	0.2436	-1.3108	1.3744	0.9946	-0.0970	-0.4881	1.3006	-1.3682	0.9542
0.3430	-0.8700	-0.9331	0.4010	0.6981	0.7155	0.8169	0.3013	-0.7469	2.1879	-2.2504	0.0685	0.3773	-0.8746	0.6292	2.9896	-0.6042	-0.8757	0.5729	1.5451	1.4679	-1.1946	1.8304	0.5385	0.3972	0.5531	-0.1367	-1.1489	1.1173	-0.4221	-1.8862	-0.3888	-0.5319	-0.0678	0.9421	0.5909	0.0375	2.5694	1.4927	-0.4350	-0.6115	0.5484	1.2436	-0.9127	1.0909	1.5257	0.2233	0.2749	-1.0093	1.5804
-0.1789	-1.4140	-0.6811	0.6434	-1.8554	-1.0472	2.1366	-1.2920	-0.1180	-1.1872	-0.5568	0.0055	0.3774	0.9673	-0.6719	-0.7103	0.3784	-0.2585	1.9331	-0.8239	-0.1431	-1.4778	-0.1768	-1.2993	-0.8764	-1.5024	-2.2735	1.4479	-1.1097	-0.6676	0.0328	0.6048	0.6462	1.3088	0.3927	-0.0272	0.1249	-0.7430	-1.0331	-0.2325	-1.6157	1.8932	-1.5782	-0.5700	0.4637	-1.3951	-0.6458	0.1644	-0.7084	-0.6659
-0.4343	-0.1347	0.2524	-0.8635	-0.0263	-1.0858	-1.3771	0.0537	-1.1365	2.0990	0.0387	0.9046	-0.7847	0.4535	-0.9152	-0.9764	1.8276	-0.4677	0.8185	1.1031	1.2552	0.6080	0.3715	1.5696	1.3729	-0.0232	-1.2968	0.4309	0.8424	-2.0819	0.3878	-0.0358	-1.4512	-0.2366	1.6291	0.5474	0.7834	0.0269	-0.3513	1.5262	0.4275	-0.5406	0.0032	-0.4895	-0.5239	-1.0436	0.0130	-0.2812	0.6068	-2.5429
-0.6098	-0.8608	-1.2944	-0.7323	0.6690	-1.5349	1.3099	-0.7767	1.9859	0.5187	-1.7719	1.1120	0.1825	0.3528	-1.8008	-1.4713	0.1966	-1.0559	-0.6696	-0.0468	-0.6852	-1.5505	-1.7945	-0.5120	-2.3676	2.1757	1.5173	-0.3857	-0.5840	-0.2868	-0.5549	-1.2909	0.7248	-0.8423	-0.3810	-0.1639	0.2103	-0.3907	0.2303	1.4546	-0.5471	1.9421	-0.6620	0.4903	0.1123	0.3740	-0.3638	0.8534	-0.1698	-0.8421
-0.0318	-0.8709	0.2139	0.1913	0.0308	0.2033	0.4331	0.4968	1.9232	0.5483	0.3751	-0.6811	0.1781	1.2763	0.0037	0.7506	0.4436	-0.5462	-0.3348	0.0897	-0.7124	-1.3260	-0.3583	2.0329	1.1436	0.8695	-0.7762	-0.2905	0.7596	-0.6850	-0.0049	-1.3978	-0.4971	-1.0365	1.7342	-0.3354	-1.6944	0.1539	0.8053	-0.8080	-0.6859	-0.4483	0.8872	0.2057	-0.4204	0.6606	-1.9115	-0.1359	-0.7247	-0.5312
1.9150	-1.1571	0.3907	1.4294	0.7608	0.3666	-1.8051	1.3854	-0.8257	-1.2439	0.1079	-1.0155	-1.3668	0.2241	-1.1112	0.1037	-0.9241	0.9151	-0.1527	-1.7346	-1.3990	-1.4393	-0.0982	-0.3512	-0.4914	0.7296	-0.3433	0.5393	0.4574	1.8257	-2.3147	-0.2577	1.0769	-1.0387	0.9072	-1.6944	-1.3889	0.2928	-0.8415	0.6659	-1.5518	-0.6162	-0.0978	-0.3952	-0.2704	0.1750	0.9734	1.2369	-0.6555	-1.4364
-1.3436	-0.0263	-0.8981	1.3076	-0.4945	-0.4776	0.8224	1.7399	-0.2192	-0.4359	0.2515	1.0075	-0.9626	-1.8001	-0.3983	-0.1224	1.9329	-0.1002	-1.3594	1.6831	-2.0027	-0.8157	-0.4738	-0.5849	-1.1478	0.6598	-0.6672	0.8765	0.9033	1.0582	-1.3080	1.1924	-0.0983	0.3575	-0.5434	-0.9466	-0.7817	0.8579	1.3610	0.4370	-0.0596	1.8303	0.4987	0.1373	0.0330	0.0196	1.5049	2.4736	0.6191	0.3704
-2.0031	0.4302	-0.5248	-0.2585	-0.4017	-1.5435	-1.3813	0.0755	-0.3247	0.9137	0.0177	1.1125	-0.4596	-0.0417	0.7391	-0.3653	0.3302	-1.3439	-1.4061	0.5324	-0.4195	-0.3485	0.2802	0.3079	0.0123	-1.9231	-1.1820	-0.2205	-0.0752	0.0331	-0.5579	0.2684	1.1916	-1.4166	1.1578	1.4077	1.8502	0.7383	0.6860	0.4373	-1.2776	-0.9694	-2.0243	0.2461	1.1928	0.2328	0.1083	0.5895	-0.6565	-0.1329
-1.6385	-0.9023	0.8910	-0.4191	1.2892	-0.1317	-0.0137	1.6159	-0.4034	1.0456	0.2968	0.9819	0.9649	1.8845	-0.5118	0.0540	-1.6061	0.1036	0.1303	-1.1083	1.9839	-0.1903	0.8776	-0.1963	-0.4021	-0.9209	0.4862	-0.0782	1.4091	0.6891	1.4726	0.3776	-0.1732	-1.3556	-0.3052	-0.1094	0.4921	1.0942	-0.6632	0.4121	0.2186	0.2667	-0.1906	0.1729	-1.6907	-0.5174	0.0664	-0.3163	-0.1083	0.8731
0.8352	-1.7391	-1.3811	0.4037	-0.0297	0.6028	-2.5476	0.8415	-0.0612	-0.8576	0.4914	-0.1977	1.0385	0.0018	1.0111	-1.7183	0.6115	1.6591	0.6308	-1.8931	0.9287	0.5561	-1.8784	1.1308	0.6329	0.1684	-0.5096	0.9667	2.2452	-0.6209	1.2530	1.6291	0.3915	-0.8327	-1.0694	-1.0378	-0.2282	-1.0359	1.5229	-0.3750	0.3690	-0.2520	1.3251	0.3189	1.6036	2.5983	-0.9772	-0.9761	-0.1337	-1.4165
-2.1199	0.4982	1.3120	1.3793	-0.9358	-1.2087	-1.2826	1.0692	0.0057	0.0222	0.4601	-0.9182	0.4054	-0.1600	-1.3066	-0.0726	-0.3405	-1.6431	1.6534	-1.0087	-0.7417	0.5445	-0.7854	-0.1085	1.5728	-0.4284	-1.4221	-0.5656	-0.3545	0.0332	-0.2688	1.3752	0.6163	2.0051	-0.1042	-1.6087	1.0124	-0.6670	-0.5293	0.7149	1.6626	0.1573	2.1007	-0.2208	1.1209	-0.0394	2.4544	1.1418	0.0728	0.0839
0.7107	0.4492	-1.4709	0.0427	-0.5392	0.5994	-1.0956	-3.1670	0.7795	0.2687	-0.1389	-0.7314	-0.9685	1.2260	-0.7334	0.2539	-0.8344	0.6994	-0.7784	-0.8975	0.7889	-0.4318	0.8587	0.8525	0.2489	1.0597	0.5676	0.4207	1.6890	-1.1690	-0.0664	0.5700	-1.1308	-1.2293	-2.3600	-0.8361	1.4604	-0.0091	-2.0687	0.1326	0.9646	0.0956	0.5370	-1.8345	0.8772	-0.7538	0.7954	0.5585	0.4020	-1.3614
0.5638	-1.1168	-1.5126	-0.9141	-0.5992	0.4807	0.3437	0.9600	0.7687	-2.1114	0.0987	0.7790	0.1816	0.0003	0.5153	1.1217	0.3686	-1.5711	-0.6424	-0.0412	-2.8067	-0.4582	-0.6422	-0.9936	-0.1034	0.0577	0.2532	-0.2893	-1.6795	-0.2425	1.4308	-0.0507	0.7610	-0.8937	0.5725	0.3667	0.4827	1.9000	1.0214	1.0524	-2.1872	0.1512	0.0233	0.4151	0.8664	-1.0903	0.7951	0.1662	-0.4284	0.8154
-0.5173	0.8786	-1.1244	-0.8529	1.5583	-0.1932	-0.6600	0.0718	-0.3896	1.1096	-0.6146	0.7396	0.9017	1.1792	0.1070	-0.9699	-0.2054	-0.8504	-1.2148	0.8842	-1.3155	1.7436	-0.8076	-0.3558	-0.5691	-0.3238	0.1566	-0.6182	-0.5481	0.4086	-0.7836	0.5915	1.0069	-2.0346	-0.2667	1.2309	0.2172	-0.3409	1.0178	-0.7984	0.4189	0.7557	-0.6873	0.2893	-1.5073	1.4645	-1.6480	0.3292	-0.9601	0.8210
-0.4119	-0.0491	0.8720	1.6994	0.5104	0.2329	0.7486	-0.0817	-0.4756	0.7316	0.0330	-1.5144	-1.4848	-0.2465	0.8307	-0.6261	0.9279	-0.5882	1.5402	0.3080	0.2570	0.1856	-0.6904	0.8123	0.7205	0.6208	1.1229	0.5767	-0.1639	0.6569	0.5070	-0.1845	1.2097	-0.1430	0.1644	-2.2630	0.4907	0.5120	-0.2861	0.2465	1.5062	-0.6724	-0.9959	0.1685	0.1282	-0.3296	1.0441	0.6621	0.2556	0.4446
-0.1401	0.8364	0.1196	-0.1739	0.2542	-0.4615	1.3194	-1.7018	-0.0811	-0.6126	0.9625	0.4547	0.6118	-0.3586	-1.6145	-0.8572	-0.2978	0.9033	-0.4120	-0.7352	0.7959	-0.1255	0.5259	-0.4120	-2.7581	0.1596	0.8043	-0.8421	0.1196	-0.3113	0.6726	0.6224	-0.4815	0.6574	-0.7486	0.7231	-1.0119	1.1969	-1.8645	0.3735	0.1111	-1.5149	-1.9715	-1.2076	1.3002	1.6358	-0.2385	-0.5295	0.7973	0.8614
-1.6783	1.5098	0.9660	0.6237	1.0853	0.7685	0.0219	-0.5105	0.5141	0.0874	0.3991	-0.2495	-0.3139	0.3483	-0.8447	0.4458	-0.4595	0.0295	0.6436	-1.1823	-1.4353	0.3583	-0.4224	0.2466	2.4354	-1.6515	-0.1878	-1.8145	1.5110	-0.4249	1.1117	-2.1010	-0.4279	0.6443	2.4597	0.3404	0.4612	-1.0352	-0.6170	0.5498	0.1721	0.7532	-0.6254	1.8206	2.3327	-0.4887	0.8455	0.7666	-0.5885	-0.2641
0.6433	-0.6043	-0.3764	-0.4823	-1.5556	-0.3453	1.4508	-1.9298	-0.3611	1.3594	0.3553	0.1904	0.6419	-0.2099	-0.4617	-1.6608	0.1809	1.1469	-1.0044	-0.2943	-0.2754	0.5381	0.5420	-0.5328	0.9684	-0.4486	0.8287	0.8208	-0.5815	-0.1439	-0.3338	-0.4475	-2.1200	-0.9135	-1.4241	-1.0624	0.4720	-0.9219	0.5018	1.2161	1.3977	-0.5647	-1.2774	-0.4362	1.0593	0.2018	-1.0520	1.4424	0.0337	0.3958
-0.1541	0.4396	0.4733	-0.0443	0.7173	1.4308	-0.4666	1.8317	-0.3331	-1.0136	-1.4643	-1.3071	1.4019	0.8685	-0.2176	-2.1624	0.4229	1.2901	0.5018	-0.0516	1.0511	-0.4303	-0.2453	-1.7371	2.3651	-0.5322	0.7233	0.1413	-1.5676	0.8198	0.9109	-0.6120	2.2731	-0.2476	-0.6311	-0.0768	0.0851	0.6274	-0.7106	1.6144	-0.6551	-1.9546	-0.2975	0.0018	0.1174	0.5757	-0.0367	-0.8899	-0.6062	-0.1835
-0.6074	-0.0096	-0.6244	1.2833	-1.1935	-0.0323	-0.0921	1.1958	0.0391	0.3596	0.5403	-0.5696	0.5085	-1.4781	0.2340	0.7729	-0.3726	1.5044	-1.3075	-0.7025	-0.2525	1.5791	1.2274	-2.2654	-1.0220	-0.5926	0.8766	-1.2270	0.3422	-0.7421	-0.5999	-0.6364	-0.2426	2.2585	-0.6382	-0.7797	-0.2806	1.2924	0.8749	-0.0315	-0.1598	0.3778	-1.6071	-1.3564	0.1237	0.7437	-0.4859	1.5673	1.5719	-0.6079
1.3536	0.1087	0.1318	1.0063	-0.7028	-1.5787	-2.4684	-0.7538	-1.5029	0.5833	1.7726	1.7584	-0.1728	1.1651	-0.2879	0.1681	-0.9806	-0.6518	0.1859	-0.4827	-0.3962	0.3291	1.9216	-0.6312	-0.6885	-0.2749	1.0276	0.8579	-0.3039	-1.6782	-0.1943	1.7698	1.0325	1.2580	1.8082	0.7666	0.1475	1.1213	0.5979	0.5153	0.2963	-0.6112	0.2168	0.7289	0.5987	0.7155	-0.2893	-0.2923	-1.1418	0.3115
1.1297	0.1150	0.6929	0.9981	-0.5886	1.3085	1.1617	1.1106	-1.1484	-0.1566	-0.3626	-1.8448	-0.4830	0.2946	-0.5073	-1.3899	0.5253	0.4909	-0.6576	-1.7830	0.8612	0.0205	0.1754	-0.5650	0.3890	-0.9173	-0.4921	-0.1166	0.2779	0.7182	2.2424	-0.6747	1.1700	-0.9449	-0.1701	0.1055	0.1220	0.0755	1.4683	-1.1879	2.1542	0.5462	-0.0089	-0.2597	0.4074	-0.6516	0.3777	0.1342	0.1140	-0.3408
1.6269	0.2208	1.8706	-0.7562	1.7397	0.0251	-1.2513	-1.5418	0.9051	1.4846	0.3230	-0.4483	1.4588	1.6044	1.2121	-0.2628	0.0215	0.7457	-0.4590	1.5994	-0.0471	-0.0612	0.6701	-0.9277	-0.8300	0.4387	0.7241	-0.1228	0.4456	-2.2897	-1.0997	-0.3029	1.9725	0.4004	-0.5379	1.0910	0.9445	-0.6884	0.0088	0.0552	-0.5639	0.3438	-1.1513	1.6818	-2.4649	1.7511	-0.9686	1.7448	1.2080	1.3202
-0.3099	-2.0614	1.0888	0.3172	-0.4709	-0.0841	0.8633	-0.4110	0.7238	0.8848	-1.0068	1.8104	-1.2556	1.4295	1.4436	-0.2268	0.1442	2.2796	-0.6353	-0.1042	-1.2876	0.1401	-1.3658	0.5736	2.0578	-1.0369	-0.2309	1.0650	2.8040	-0.1296	0.6912	0.3035	0.3295	-0.7206	0.8838	0.1174	-0.1272	-0.6572	-1.9871	1.9641	-0.0072	-0.4579	0.1422	-0.6934	-0.0498	-0.0802	-0.7652	-2.2884	1.8661	1.2109
-0.3147	-0.0577	2.7102	1.1170	1.0238	1.1456	-1.4971	-1.0936	-0.4928	0.6276	-0.3886	0.2246	1.5251	-1.5358	-0.2986	1.1720	-2.0887	-0.4363	0.5297	0.0801	-1.3975	0.5400	1.8035	1.3818	1.3169	-0.0113	1.1372	-0.1015	-0.8731	0.6730	1.4364	-0.2347	0.0849	-0.2506	-1.3835	0.6738	0.1417	0.1057	-1.1102	1.2453	0.7919	-0.3039	-1.8265	-1.4734	-2.3506	-0.3593	-0.0337	0.5538	-1.5132	-0.3123
1.3927	-1.4688	0.4347	0.9560	1.5517	-0.2222	-0.2293	-2.0838	0.5076	-0.3598	-0.3217	-0.3322	-2.0089	1.8905	1.7753	0.7799	0.7038	2.1751	-0.4125	-0.4899	1.9799	0.3245	-0.2287	1.2543	-0.2865	0.8477	-0.5334	-1.5005	0.2878	0.3199	-0.4038	0.2044	0.6834	-1.5236	0.4327	-1.5929	1.6473	-0.0153	-0.8171	0.7301	-0.3003	-0.0611	-0.0241	0.4586	1.6036	-0.4213	-0.7167	-1.1199	0.0265	0.0757
-0.4595	-0.0459	-1.5316	1.0238	0.9139	-1.3630	1.3992	-1.1247	-0.1642	0.0116	-0.1416	-0.1289	-1.1780	1.1415	-0.6328	0.3944	-1.0370	0.9080	0.6805	-0.8996	-0.3677	0.8503	-2.1369	-0.8162	0.0338	-0.9034	-1.6568	-0.5191	-0.2526	-0.4575	-1.0886	1.6818	0.5363	-0.0075	2.2216	1.6117	0.6429	1.1169	0.7550	-0.6868	-1.2311	0.5261	-0.4969	-0.7766	-0.2321	2.0337	-0.3520	-0.8118	-0.0416	1.4451
-0.5632	-0.0205	-0.2588	1.2090	0.0970	1.1190	-0.0085	-2.2280	0.3323	-0.2365	-1.1990	-1.3398	-0.7214	1.6315	-1.4269	-0.6172	-0.2296	-0.0432	0.1214	0.0963	-0.0849	-0.5864	1.9825	-1.0223	-0.1372	1.1512	-0.5216	-0.8973	-0.1341	-1.1925	0.5332	0.9974	0.0997	1.0863	-0.5604	-0.5767	-0.2723	-1.2553	0.4900	-2.4938	1.3651	-0.4704	-0.7220	1.2470	0.5282	-1.4781	-1.9063	0.1148	-0.3794	-1.4095
-0.2171	-0.5549	-0.9947	0.0834	0.7475	0.3484	1.1250	-0.7198	1.6318	1.0093	0.9948	1.3189	-0.9541	1.0005	-0.5692	0.7084	0.8778	0.0170	0.6315	-0.5530	0.3240	-1.1196	0.1580	-0.1948	-2.0992	-1.7646	0.0073	0.0869	-0.8824	-0.3200	-0.0323	0.5802	-1.8626	0.8749	-0.1354	0.9523	-0.7358	2.0165	-0.3642	0.6170	-0.2825	0.5206	0.2844	0.5571	-0.8558	-1.1469	1.8548	-0.5686	0.3857	0.0615
1.1491	-0.6319	-1.4059	1.6348	0.0605	-2.2816	-1.2676	-1.1184	-1.3211	1.8437	-1.0866	-0.1226	-0.0964	-1.1247	0.2949	-1.2085	-0.8592	0.7196	-0.4806	-1.1864	0.8297	-0.2534	-0.8397	-2.1737	0.1532	-1.7861	0.7635	-0.1387	-0.5512	0.3378	0.0382	1.3714	0.7804	-0.0543	0.4873	0.5001	-0.3806	0.3259	-0.6025	0.2662	1.0669	-0.3386	0.6969	-0.3829	1.7221	0.5847	1.8177	0.6302	-0.1024	1.5859
0.3107	-0.8119	0.3547	0.5743	-0.0730	-0.0359	-0.4381	-0.3817	-0.9355	-0.8873	-0.0450	-0.4622	0.1294	1.7929	0.0850	-0.1348	0.9374	0.9013	-0.5513	-0.0140	-0.6850	1.4034	-0.5731	-0.6919	-0.2074	0.4583	1.0809	-0.4453	0.0207	-0.3990	-0.3243	2.3540	0.8926	0.0977	0.1343	-1.4106	-0.5584	-1.8608	0.7442	-0.2387	-1.1040	3.1468	0.0135	-0.1313	-3.6740	-0.1512	-1.9067	0.6248	-1.1420	0.1540
-2.4574	1.1240	-0.1555	0.5578	-0.4054	-0.0752	-1.5066	0.4369	1.1716	-1.6519	2.8134	1.4173	1.2174	-1.3198	0.4978	-1.0622	-1.3481	0.2814	0.1776	-2.3529	0.6696	0.6963	-0.9338	-0.4327	-1.6555	-0.5109	-0.6446	-0.8082	-0.4106	-1.1134	-1.2012	0.6395	-1.9630	-0.7689	1.6861	-0.4070	0.6896	-0.8318	0.5282	0.1663	0.9196	2.3808	0.3819	1.5467	0.5101	-1.0517	-0.0315	0.1472	0.0545	0.4173
0.9604	-0.9826	-0.2597	0.6081	1.5736	1.0234	0.1270	-2.2690	-1.4932	0.6362	-1.1487	-1.3647	0.3106	-1.8781	-0.3041	1.4613	0.3302	0.2650	-0.0175	2.1276	-1.6458	0.6702	0.8221	0.3272	1.3965	-0.8339	-1.0829	-1.0539	-1.8316	-0.0076	-0.8482	0.4374	-0.0231	1.0440	-1.6350	-1.3338	-0.5076	0.2574	0.7184	1.5673	-1.8268	-1.4906	0.5695	0.1678	-0.5702	-0.4388	-0.3963	-1.4210	-0.8510	0.0330
0.1416	0.3738	0.9067	-0.0015	-0.9750	0.9445	1.5995	-0.5268	-0.0782	0.9509	0.1527	0.4459	1.3515	-1.1831	1.1991	-1.5431	-1.1529	0.8661	0.7577	1.0824	-0.0753	-0.3003	-2.0202	-0.2152	-1.7611	2.6635	0.9549	-0.2657	0.4328	1.7177	0.6385	2.3435	0.8268	-0.8296	-0.3874	-1.2923	1.2775	1.9696	-0.5756	-0.9884	0.5098	1.2434	0.4751	-0.2046	-0.0286	-0.8657	-0.8397	1.2465	-1.7140	-0.1425
0.5060	0.5949	0.2871	-1.3507	0.1875	-1.3073	0.0096	0.9788	-1.7812	0.2430	0.0067	-0.1138	-1.1744	-1.2672	0.7743	-0.0755	0.1521	-0.9878	-0.7905	1.1994	1.0582	0.3067	0.9728	-0.4873	0.2579	1.6506	0.1703	0.4970	-0.0101	1.4330	-0.3773	0.2700	1.1468	-0.5424	-0.2590	-0.3568	-0.4043	-2.1327	0.9390	-0.2779	-1.4229	-0.6078	-1.2939	0.2922	-0.1023	1.8930	-0.4839	0.0986	0.2744	0.4923
-0.9684	0.2545	-0.3657	-0.5972	1.3052	1.2460	1.3298	-1.2997	1.1651	-0.4536	0.8387	1.4671	0.9647	-1.5836	-1.0826	0.2113	-0.5133	0.0311	-1.2052	-0.6865	-1.5312	1.6997	0.2175	0.6346	1.1097	0.0621	0.2723	0.2020	0.1829	0.1336	-0.1656	-0.2813	0.1708	0.8114	-0.0266	0.1129	1.3022	0.2303	-1.3174	-0.3853	-0.6894	0.2797	-1.0894	-0.3472	-0.3547	0.2016	-1.3149	0.4169	-1.5635	-1.3263
-0.0760	0.3440	0.4896	0.6246	-0.1011	0.3292	0.3108	-0.3304	0.5160	-0.2901	-0.5624	-1.3574	0.0309	1.4001	-1.5855	0.9144	-1.9566	1.1286	0.4248	1.4254	-0.7010	0.0250	-2.3191	0.9581	0.6009	1.9521	0.9788	-1.1895	0.4347	0.0100	0.3209	-0.7043	-0.7949	0.6943	-0.1178	-0.1598	1.3925	0.2404	-0.1171	0.0170	-0.8750	-0.6661	-0.6519	-0.4267	-1.5594	1.0893	1.4924	0.1555	-0.5274	0.5532
-2.2242	-0.2832	0.7700	1.2502	0.5845	-0.6098	-0.5168	0.7189	0.4812	1.1145	-1.1507	-0.1546	-1.3141	0.5641	-1.5546	1.0083	1.1433	-0.1980	0.5193	0.8324	-0.0757	-0.7827	-0.5429	-2.1544	0.3920	-0.5001	-1.4896	0.7541	-1.8729	-0.1751	0.4262	-0.1996	-0.8747	0.5125	-0.8302	0.0941	-0.4795	0.4331	-0.7879	-1.5221	2.3021	1.1723	-0.5114	-0.3196	-0.3498	-0.1859	1.0216	2.4362	-0.3566	1.9131
0.4558	-0.2063	0.9301	-1.8208	0.1099	-0.5305	1.1116	1.1407	0.1395	0.7084	0.7854	1.7146	-1.4428	-0.7918	0.8233	2.0868	-0.9784	0.4129	-0.1249	0.0341	-0.1791	-0.9825	-1.3466	-0.1667	0.7336	0.6575	0.3796	1.0098	1.4943	-1.7611	-0.0641	-2.1440	-1.0201	-0.1827	0.1752	-0.5895	-1.5869	-0.7287	0.1291	0.2330	-1.0687	0.2804	1.0144	-0.4108	1.4199	1.7340	-0.2802	-0.8790	0.0429	-0.3006
-1.6606	0.5597	-0.2593	1.0291	-1.0710	1.3166	-0.2410	0.7002	-0.6589	0.2621	-0.0468	-0.7945	-0.6201	-0.1790	0.7179	-1.0377	3.1067	-0.2927	0.2733	-0.9662	-1.2733	-0.5706	-0.3576	-0.7137	0.1677	0.8933	-1.8754	-0.0314	-0.8063	0.1063	0.7232	-0.8997	-1.5531	0.4185	0.1150	-0.4383	-0.6115	1.6085	-0.3581	1.2245	0.5299	-0.4504	0.8420	-0.7999	1.3174	0.9119	0.0953	0.3579	0.5106	-2.1567
-1.1923	2.1528	0.5411	-0.5107	-0.4393	0.0769	-1.5312	0.0335	-0.6299	-0.0584	1.0313	0.1830	-0.1875	-1.7434	0.0678	0.7060	-0.0706	-0.0651	-0.4592	-0.4322	-0.8087	-0.9017	0.2722	-0.7780	-0.1212	0.8949	0.1114	2.1524	-0.9733	0.4162	-2.6046	1.8923	0.9913	1.5573	1.2099	0.6001	1.4534	-0.6543	-0.7246	-0.5382	-1.5639	0.4088	-0.0629	0.3936	-1.2323	-1.0310	-0.6286	1.4030	-0.6015	-0.1797
-0.5655	1.1282	-0.1584	-0.2972	0.5872	1.4664	0.4238	1.4086	0.0103	0.0560	-1.6426	0.5155	0.8154	0.5494	-3.1024	-0.8814	-0.3050	-1.6818	-0.5431	0.2765	-0.2799	1.2028	-0.8672	1.5851	-0.8510	0.5491	1.4145	0.8761	0.2029	0.4593	-1.0061	-1.4318	0.9146	1.0001	-0.3695	-0.9123	1.7672	-1.2206	0.1435	1.4021	-0.4100	-1.5837	0.4718	-0.9576	0.2392	-1.2234	0.4494	1.0842	-1.4677	-1.4347
-1.0491	-0.2022	-0.0154	-0.4195	-0.3347	-1.0812	-0.4106	0.0037	-1.0454	1.0357	1.1036	-1.1569	1.4139	-1.6379	-0.0428	-0.3875	-0.2638	-0.6201	0.0048	-1.3836	-2.5843	0.8750	-0.5653	0.2124	-0.6426	0.2646	-0.5465	0.4915	0.7886	0.6511	1.0435	0.5867	-1.4489	-0.7142	1.3096	-0.0683	-0.8648	-0.6516	-0.2086	0.2443	-1.1841	0.4969	0.1093	-0.4297	-0.0332	0.2504	0.1692	-0.5461	0.4251	-1.1129
0.1022	0.4259	0.7885	-0.1370	0.1094	0.7894	0.4340	-1.0254	1.0997	0.4988	-1.6040	0.9693	0.0694	-0.1156	-0.6413	1.1831	0.1863	1.7357	1.0946	0.1375	-0.6254	-0.4952	1.4044	0.9176	0.5681	0.2393	-0.4127	0.5122	-1.9905	-1.2212	0.8457	1.4553	0.4794	-1.0624	0.4301	-0.8123	-0.8443	-0.8382	0.2350	0.6336	0.2611	-0.7133	0.0513	0.2741	0.1454	1.3426	-1.0077	-0.5665	-1.2168	0.2900
-1.3581	-0.3727	0.2247	-1.3446	1.7850	-0.9338	-0.2554	0.8488	-0.3320	-0.3838	1.3219	0.3673	-1.3136	-0.9402	-0.1826	0.6884	0.6957	0.6121	0.5886	0.8983	0.2575	0.5555	1.0243	-1.0132	0.4694	0.3116	-0.6797	0.6077	-0.7608	-0.4577	0.5955	0.3803	-0.0120	0.4834	0.7127	0.4479	0.4976	-1.4366	0.3874	0.0496	2.1435	1.6764	-0.1909	-0.0239	-0.5590	1.7045	0.5939	-0.3800	0.7259	0.2087
-0.6591	0.2116	-0.5733	0.9531	-0.8670	-1.0387	2.1152	-0.5710	0.6807	-1.0866	-0.8753	0.9198	1.8081	-0.8170	-1.3476	0.0175	0.0126	0.4232	0.8351	0.2973	0.9068	-0.4042	-1.2635	2.5041	0.6347	0.4946	-3.3439	0.2500	0.2342	-0.7556	-1.6132	0.3194	1.5594	-0.9367	1.2034	-1.2250	-2.1944	1.6917	0.2238	-0.2944	-1.6583	2.0619	0.1241	0.0573	-0.3691	1.4122	1.9224	1.5124	0.0904	-0.5390
-0.4510	-0.4527	-0.9697	0.5996	-0.5739	0.4031	0.1275	1.0119	0.3991	-0.3040	1.6293	-0.3638	0.7092	-2.0464	0.5304	0.4516	0.2227	1.2825	0.4870	-0.2624	-0.3293	0.7645	0.0326	-0.4857	0.0244	1.4593	0.6949	0.5410	0.4177	-0.4128	1.4529	0.2903	-0.7686	-1.6445	-0.3171	1.0595	-0.2166	0.2823	0.4715	-0.1727	0.4305	0.2139	0.3313	0.6149	-2.1114	-2.2356	-2.2351	-0.6930	-0.2018	1.2338
0.4161	0.1875	0.0955	0.8979	-1.3579	0.6871	-0.3644	-0.2321	0.6089	1.9330	1.1966	1.1313	-0.3928	0.4153	1.2984	0.2984	0.1016	-0.7606	-0.5695	-1.4964	0.8471	1.3036	0.0349	-0.1124	0.5865	-0.3875	-0.8856	0.9698	0.6955	0.7573	0.5250	1.0379	1.1108	-1.2490	0.9017	0.6474	-0.6902	0.6058	-0.2235	-1.6993	1.4683	-0.3014	-0.8688	0.4559	0.1883	-1.5819	1.8925	0.7017	-0.5723	-0.8093
0.6243	0.2985	0.3177	-0.1987	0.0565	-0.1865	1.5693	-0.3730	0.9537	-0.8777	0.7194	-1.0916	0.7331	-0.9282	1.0953	0.1295	0.5527	-0.4094	0.3004	1.1449	-0.3568	-1.0266	0.5669	-1.1123	-1.7429	-0.1740	0.3705	0.0560	0.0062	1.2052	-0.8463	-0.6521	-1.7609	-1.4466	-0.2634	-0.3268	-2.2414	-0.3456	-0.4955	0.8623	1.7542	-2.2815	-1.4692	1.4581	1.9469	-0.6057	-0.0869	0.7501	0.9231	0.2755
-0.4515	-0.8092	0.0713	-0.0433	-0.6570	1.2475	-1.1735	-1.9201	-1.4007	-1.5493	-1.1832	0.4041	-0.4243	0.2890	1.4317	-0.0123	-1.3433	-0.6784	-0.1580	0.9006	0.9305	0.2894	0.2824	1.6031	-0.4577	-0.7356	0.5595	0.9251	0.2255	-1.3594	-0.2618	0.9487	-0.5334	2.1526	-1.1520	0.4578	0.4105	-1.5488	-2.0847	0.4445	-0.4332	-0.6547	-0.4615	0.9765	-0.2617	0.5494	0.2832	-1.1044	-0.6487	-1.2322
-0.6986	-1.0837	-0.2126	-0.6824	-0.2002	-1.8436	0.6936	-0.5354	1.2343	-0.3972	0.1721	0.3507	0.9844	1.6852	0.6919	1.4411	0.7781	-0.7338	-0.4153	0.0544	0.0664	0.0865	-0.0137	-0.1325	0.4328	0.3825	0.1841	-1.4598	0.0340	0.4674	-0.6556	-0.2113	0.6561	0.0628	-0.8000	2.1453	0.0740	-0.5431	0.4192	-0.2671	-1.3361	1.2317	0.9056	-0.6612	0.3381	0.1357	-0.1754	-1.2566	0.6789	-0.7735
-0.5056	-0.2296	0.5272	-0.9000	0.0657	0.2499	-0.7271	0.0996	0.5023	-0.0024	2.4099	-0.2190	-0.9599	-0.1142	-0.8207	-1.1064	0.0115	1.0284	1.4811	-1.1488	-1.2747	-0.2289	-1.7015	-1.0688	-1.0089	-0.2576	-1.0412	-0.2022	0.3012	-2.4425	-1.3672	-0.8951	0.4795	-0.6668	-0.4578	0.6872	1.2488	-0.2301	-0.4763	-0.6168	0.6231	0.0461	0.9842	-0.9112	0.0098	-0.3261	1.1160	-0.2029	-0.3837	-0.4277
1.7947	-2.5962	-0.3357	0.6822	-0.8217	0.3314	-2.1331	-0.5496	0.9516	0.1198	-0.4271	-1.4586	-0.2043	1.5129	-1.7439	2.1406	1.3122	-0.4173	-1.9470	0.2024	-0.2044	-0.4744	-0.1210	-2.2013	0.2041	1.4752	0.0080	0.1385	-0.5001	-0.6213	1.4755	0.4793	1.1748	1.2325	0.2508	-0.3514	-0.1466	0.5543	1.1234	1.9370	0.9100	1.7859	-0.6361	-1.4767	0.7226	-1.7803	-0.0296	-0.8655	0.3538	-0.4460
1.8540	1.4378	1.3327	-0.6188	0.1481	1.9123	-0.8358	-1.9565	-0.6146	0.0862	-0.4189	-0.6651	1.3762	0.2648	-0.2511	0.3532	1.5279	0.0017	-0.2454	0.6577	1.8219	0.2570	-1.8356	-0.1359	-0.0972	0.8567	1.2238	0.3779	-0.0520	-0.2712	-0.2306	0.9826	-0.2816	0.8725	-0.6080	-0.8494	0.0851	-0.4819	-2.0288	0.9094	0.4961	0.3435	0.5404	0.0276	0.1392	-0.5144	0.5003	0.3934	1.4919	-0.1939
0.1917	-0.5312	1.9127	-0.4841	0.8295	0.8367	0.8496	0.8502	-0.4464	-0.9738	0.7498	-0.2595	0.2477	-0.6997	-0.7924	-0.3499	-1.4947	0.1788	0.7845	-2.4456	-1.0457	-0.4908	0.5622	-1.0884	-0.7053	0.3004	-0.3582	0.5135	-1.4277	0.1762	-0.0536	-0.3311	2.2691	-0.7470	0.3406	0.0116	1.0320	0.8462	-0.2755	-0.1671	-0.4831	-0.8799	1.1452	0.0891	0.0876	-1.5812	-0.1818	0.3137	-0.5749	0.2191
-1.1200	0.3150	2.2619	-0.6449	0.2173	0.1422	0.1670	-1.2556	1.8329	-0.4924	-1.1320	-1.2343	-1.4696	0.8134	1.7358	-1.1531	-0.4402	-0.5840	0.8733	-0.5098	-0.4252	-1.4295	2.1579	-1.1852	0.2547	-0.4832	0.6405	1.0653	-1.0724	-1.0560	0.1118	-0.2227	-0.8596	0.2902	1.0840	0.1295	-1.5336	-0.4251	0.5487	0.9766	-0.1563	0.3865	1.2695	-0.9071	-0.0473	0.5388	0.5821	0.4709	1.1755	0.2751
0.2053	-0.7276	-0.6147	-0.3974	-1.0986	0.5359	-1.2505	-0.3463	-0.2726	-0.0235	-1.6850	-0.7195	0.2369	-0.3334	-0.9666	2.1808	-1.1267	-0.3140	-0.2267	-1.3106	0.2775	-1.3840	1.2017	-0.5208	0.1133	-1.1301	-0.5089	-0.3450	-0.3195	-0.0343	1.3410	-0.5951	0.0501	-1.2869	-0.1832	-1.1084	-0.0606	-1.9802	-0.6672	-1.0785	2.2080	0.4102	-0.3689	0.4000	0.3174	0.8543	-0.8706	-0.4817	-0.5039	-1.4365
-1.1499	1.8316	0.0313	-0.8059	0.2920	0.8594	1.4398	-1.7541	-0.3512	-0.3312	-0.9200	-0.5565	-0.8186	-1.0785	-0.2392	1.4419	0.7771	1.0488	1.1318	-1.0325	0.8018	1.0721	-0.6993	1.0767	0.0956	1.9498	-0.6651	1.0759	-1.2222	0.7605	2.4570	0.3565	-0.1931	0.8470	-1.3704	-0.0215	0.7578	0.6622	0.0962	-1.5673	0.1046	1.3685	-1.1992	0.4090	-1.1817	1.0986	-0.1481	-0.1504	0.1670	-0.3264
0.5716	-0.9119	-1.9317	0.8187	-1.0020	0.9761	0.9811	0.1818	1.1060	-0.0555	-1.4532	2.0108	1.4909	0.1638	-0.7355	0.8124	0.2586	-0.1917	-0.4060	-1.3061	0.1609	0.0591	-0.3508	1.5981	-0.3571	0.8557	-1.5897	-0.6450	1.2031	0.2160	-0.0109	-0.5848	0.6081	-1.6448	1.3892	-2.0651	0.7526	1.8488	-1.4330	-1.2736	0.5025	-0.6489	0.1515	1.5321	-0.0911	-0.3568	0.1198	0.1701	-0.6160	0.7346
0.1547	-1.4753	-2.2236	-0.3225	-1.3352	-0.6841	2.3815	-1.2766	-0.0968	-0.0266	0.5256	-1.0672	-0.1888	0.3335	0.4726	-1.3233	0.6332	-0.9012	0.5198	-0.4368	0.2667	0.5888	-0.4140	-0.9413	1.4015	0.7697	0.0627	0.3660	0.9923	-1.1636	-0.2784	-1.3219	-1.4991	1.5257	1.2491	-1.4819	-0.3461	1.2539	-2.2976	0.0903	-0.6424	-1.0276	-1.3601	-0.3103	-0.2644	0.0858	0.5687	2.0294	-2.8161	0.8027
-0.9668	-1.2718	0.0377	0.5832	0.7184	-1.4554	1.0070	-1.6203	0.6207	-1.2982	0.7485	0.8139	-1.1095	-1.1054	0.8216	0.1291	0.2464	-1.1911	0.3080	1.3163	-1.0832	-1.3635	-0.1581	1.7253	0.5620	0.0867	-1.2448	-0.9106	1.0322	-0.6656	-0.6076	-0.1441	-0.8737	-0.3684	-0.3256	1.2193	-0.7579	-2.2276	1.9127	0.4833	0.7706	0.5822	-1.3187	-0.2296	0.3604	0.8262	-0.4309	-0.1375	0.2434	0.4262
-1.2337	-0.5029	1.3467	-0.7976	1.4905	1.3165	0.2044	2.1101	-0.5034	0.4403	-0.8889	0.4740	0.7037	-0.5150	-1.2495	0.1332	0.1279	0.9220	1.5809	1.5023	1.7855	0.6150	-0.6863	0.2099	-1.1805	-2.2560	-1.0491	0.6008	0.7624	1.3539	-0.3055	1.3996	-0.4945	0.8029	-0.2851	0.2495	-0.2136	1.0060	1.9841	0.3472	-1.3443	-0.8613	1.9110	-1.2754	0.2615	-0.5249	0.1175	-0.6524	0.0620	-0.6825
1.5471	-0.6339	-0.2144	0.7537	-0.2024	-0.8611	0.2504	0.9497	1.1883	-3.7151	1.1374	1.8395	-1.0746	1.0198	-1.1455	0.5625	-0.4162	-0.2543	-0.0506	-0.9374	-2.1548	-0.7456	-0.8730	1.2073	1.3554	-1.7195	0.3360	-0.7118	-0.4728	1.0506	1.1095	1.7881	0.7256	-0.4414	-0.3852	-0.4128	-1.3199	1.0249	-2.2148	-1.1592	-1.2769	-0.7953	-0.6622	0.8857	-0.4031	0.6849	-0.8496	-0.2338	0.4004	0.0661
0.4106	-0.4738	0.3911	0.5284	-0.7264	-0.0110	0.1396	-0.8334	-0.1803	0.3173	0.5857	0.7950	-1.1585	-0.2654	-0.3761	1.0720	0.2471	0.1517	-0.2145	1.3105	-0.3003	-0.6101	0.6323	-0.2105	0.0981	-1.0548	-1.5959	0.6749	0.0300	-0.1785	1.0310	-1.6520	-0.6026	1.9273	0.2267	0.6696	0.2079	0.2596	-0.7699	0.8974	0.0359	-2.3273	0.3563	1.7543	0.1816	-0.1075	1.1527	-1.7064	0.0766	-0.5849
1.1614	-1.3977	-0.2111	-1.5670	0.2862	-0.1916	-0.2960	-1.3482	0.1097	-1.5994	-1.1724	-0.5494	-0.5322	-2.0003	-0.3505	-0.2729	1.0980	-0.6231	-1.1823	0.5540	0.9921	-1.8434	-0.6218	-0.5478	0.6860	0.2048	-2.0299	-2.2204	0.5947	0.2949	-1.4249	0.0890	1.4209	0.3140	-0.7408	-1.0729	-0.9707	-0.6303	0.1984	-0.4002	0.5862	-0.3478	-0.9230	-0.2509	-0.0831	-1.7489	-1.0299	-0.3384	-1.3946	1.4195
0.0522	0.4301	-0.9246	0.6132	1.5486	0.5698	0.0168	0.4730	-0.4160	0.0728	2.0378	-0.7420	1.1852	1.2523	-1.4601	-2.1597	-0.9067	-0.7659	-2.3182	1.1060	-0.0268	0.8216	0.7129	0.9597	-0.2539	0.0637	-0.0097	-1.6981	-1.3258	-0.2999	0.4146	1.1313	-0.6596	0.0330	0.3841	1.6592	-1.9491	-1.9642	0.4970	-0.9260	1.2656	0.6520	1.0983	1.7023	0.8520	0.4561	-0.9668	0.0499	-1.0117	-3.1565
1.6723	1.1152	-1.7759	0.3001	1.5657	-1.0392	-0.3901	0.6547	1.9497	0.9120	-0.0553	-0.5952	-1.3773	1.5709	-0.3346	-0.4139	0.8846	-1.5766	-0.5656	-0.3521	1.7051	0.2663	-2.2451	-0.0926	-0.2853	-0.1108	-0.3074	-0.5858	-1.0394	0.5241	0.9609	-0.9303	-0.9528	-0.5774	-0.5604	-0.0981	0.5566	0.3609	-0.6685	-0.2864	-0.5661	0.0814	0.1164	1.2187	-0.5262	0.4424	0.2711	0.3844	0.4871	0.7731
0.6689	2.4194	-0.3235	0.8827	-0.6749	0.7164	2.8331	-1.0571	-0.4511	-1.1077	-0.1112	-0.3512	1.7986	1.4840	1.5640	0.6806	0.6813	-1.1119	-0.2408	0.8677	1.0654	-0.4201	-0.6966	0.1206	1.1258	0.2519	1.0954	-0.0556	-1.0752	1.5004	0.5781	-0.5641	0.4884	0.2840	1.4459	0.1541	-0.0184	0.8356	0.2221	-1.1440	0.2389	-1.9470	-0.2527	0.7729	0.5744	-0.6374	0.5011	-0.0326	-0.4652	-0.5547
-1.0425	-0.0447	0.2880	0.8085	-1.4079	-0.3688	0.4606	-0.1976	1.2029	-3.0304	0.0544	-0.2197	0.5232	0.5397	0.8412	0.0395	0.0298	-0.6657	0.4294	0.3395	1.2319	-0.6892	0.2941	-0.9610	0.3047	-0.2981	0.2482	-0.7820	0.1070	-2.0691	-1.2180	-0.2869	1.5865	0.8415	-1.3950	0.8206	-0.5924	-0.4686	1.4451	-0.3701	1.0129	0.8395	1.2844	-0.6116	-0.3741	1.0141	-0.1280	-1.3481	0.9678	-1.7550
0.7488	-1.0881	0.0732	-0.4434	0.8342	-0.3469	1.1665	1.0140	-0.2783	0.3445	-0.0573	0.2149	-1.1473	-1.6820	-1.4919	0.4054	-1.4058	1.3225	-0.1813	2.1027	-0.1627	-0.4861	0.1443	-1.0338	0.6472	-0.0979	-0.3892	-1.6693	0.7366	0.8791	0.1192	2.1122	-0.9268	0.4569	-2.0853	0.3666	1.3876	0.6693	-0.2098	-0.5582	1.3418	0.6847	-0.5328	-0.3256	-0.5039	-0.4024	-1.6875	0.3264	-0.0238	0.4595
0.0788	0.9169	-0.3859	-0.1025	-0.7683	0.1403	0.7570	2.0777	0.4219	-0.7297	0.9385	-0.0536	-0.4328	-0.5407	-0.4420	0.5798	0.5591	0.7362	-0.8671	-0.3427	-1.2824	0.8962	-0.9518	1.5997	1.7617	-0.6139	-0.8932	1.2963	-0.7176	0.8786	0.4923	-0.6540	1.5864	-1.2237	-0.0140	2.1954	-0.4970	-0.1363	0.3223	0.0719	-1.6007	0.2210	-0.4302	1.6051	2.6983	-0.2587	-0.0019	-0.7943	-0.9130	0.3227
-0.5896	0.9665	1.9520	-1.4231	-0.7204	0.4093	-0.4893	0.1062	0.1367	1.1020	0.6025	-0.4981	-0.1605	0.5385	0.5584	-1.7091	-0.6954	1.5564	0.2527	-0.3983	-0.2052	-1.6228	0.7908	-0.6611	1.7128	-1.4708	-0.1007	-0.8566	0.8038	1.2909	1.5774	-0.2573	1.4706	-0.1328	0.4789	0.7335	-1.2449	-0.9903	-1.3697	0.0036	0.8692	-1.0863	0.8693	-1.0387	0.0804	0.1561	-1.8939	-0.5983	0.6717	1.9682
-0.3141	0.0419	-1.6737	-0.9195	-0.1774	-1.0685	-0.7704	0.8206	-1.4472	-0.3191	0.5817	0.5449	0.0544	0.5112	2.0332	-0.5301	0.1560	-0.4138	0.8802	-1.3891	-0.4431	0.1576	-0.4930	2.2060	-0.1706	0.9602	-0.6858	-0.6648	-0.5949	0.1794	-0.3894	-0.0303	-1.4259	-0.3683	-0.7216	-0.7876	-0.5980	-0.0806	-1.4447	-0.6557	-0.7749	1.3154	0.6554	-0.5026	0.6098	-0.9501	-2.0526	-0.5665	-0.0310	0.2628
0.5193	-0.9185	-0.0784	0.0997	0.6732	-0.8494	-0.1577	0.2304	-0.4685	-1.5156	0.9543	0.5305	1.6527	-0.5533	0.7283	-0.3857	0.6846	3.7735	2.0268	1.4955	-0.9240	-0.6568	-2.8635	0.1934	-1.8764	0.0408	-0.2325	-1.0367	2.6217	0.2770	1.4360	-2.8677	1.6119	-0.5270	-2.1540	-1.2557	-0.1360	0.4738	0.2579	0.0460	-1.5116	0.0334	-0.4888	1.1106	1.4809	2.3490	1.1308	0.4025	0.3894	-0.2360
0.4840	0.1545	0.3586	-1.3191	0.3313	-0.3887	-1.0712	1.0668	0.6112	0.8351	0.5811	1.0715	0.6723	1.4918	-0.2298	-0.7125	1.7631	-1.3542	-0.0497	-0.5375	-1.2164	-0.3111	0.9486	-0.9699	-0.0072	-0.6022	-0.5443	-0.1812	2.0238	0.6294	1.7069	1.3233	-0.0060	-1.9700	2.0773	0.7488	-1.1472	-1.4524	1.4138	-1.1446	0.1530	-0.3690	-0.8798	-0.6878	0.3912	1.0353	-0.1012	1.8897	-0.8146	-1.6535
-1.7358	-0.2073	0.9656	1.3269	-0.8361	-0.9479	-0.5911	-0.2803	-1.6155	-0.3008	0.8598	0.5942	0.6231	-1.8487	-2.3057	1.2814	0.1611	-0.7963	0.3730	1.0030	0.7909	0.6280	-0.9364	0.1900	-0.7080	0.2535	1.6955	-0.4121	1.3938	-0.3384	0.9470	-0.4817	0.6103	-1.1073	-1.3367	0.1390	1.4557	0.2182	0.9689	-0.3547	0.5090	-1.6926	-0.4308	1.1839	0.1983	0.5575	0.8715	1.3103	-0.1795	-0.5144
1.1364	0.4946	2.4603	-1.4865	-0.9287	-1.3593	-0.1754	0.0635	-0.4088	0.8034	1.6330	0.4267	0.4734	0.3747	0.2932	0.6743	0.5018	0.3157	0.6503	0.2165	-0.2949	-0.4714	0.4875	0.6300	-0.3860	0.0866	-0.4014	-0.8712	0.9512	0.1335	-0.5247	-0.9904	-1.0972	1.6065	1.1430	0.7150	-0.2975	-1.0578	1.0364	2.3456	-0.1845	-0.0483	-0.8318	-0.5992	0.2048	0.2473	1.1245	0.3357	1.1353	-0.1909
0.3994	1.0189	-1.0562	0.8154	0.2469	0.4920	0.8375	-0.8503	0.0008	0.2039	-0.9975	-0.3771	1.6313	1.8018	0.7863	-1.3395	-1.0466	1.1630	0.8438	-0.1778	-0.6288	0.1264	-0.9795	0.4831	0.3315	-0.3235	-0.4817	-1.4476	-0.7227	-0.7182	1.0212	0.8306	-0.1896	-0.1772	0.0165	-1.3232	-0.4580	0.9183	-0.4423	1.2710	1.5713	0.0084	0.4424	-1.7952	0.6204	-0.1637	0.7801	-0.1438	0.0793	-1.0537
3.0589	0.1921	-1.1093	0.7588	-1.8664	-0.2650	0.9549	-0.8745	-0.8206	-0.2849	0.3877	-0.0989	-0.7552	-2.4316	-0.5821	-1.3297	1.4178	-0.1151	0.4867	-1.0102	0.4296	-0.8182	-0.1884	-0.3611	0.7294	2.5248	-0.5721	-0.4670	1.0190	-0.6663	-1.1236	1.6799	-0.9163	1.1574	0.0417	-0.5375	0.4996	-0.6361	1.0482	-0.1088	-1.2900	-0.3292	1.0119	-0.8835	0.9886	-0.0189	0.0661	-0.4211	-0.6139	0.8924
-0.6692	0.5428	-0.6833	1.2097	0.9239	-1.2557	0.0816	1.1473	0.3044	2.9701	0.8417	0.7953	0.1691	-0.9032	-0.5827	1.5780	-0.0054	-1.4765	0.2067	-0.4904	-0.5494	-0.6806	1.1198	-0.8515	0.3349	1.7224	-1.4576	-0.4495	-0.6371	0.7923	0.6863	-0.1352	0.2399	0.5129	0.1715	0.9618	-0.4814	-0.9219	0.2763	0.7512	-0.3229	0.1511	-0.2544	0.2437	0.6329	2.1962	-0.6761	-0.5090	2.0935	0.1693
-0.2015	-0.6739	-0.8178	-0.3081	0.9295	-2.2221	0.8317	1.0889	0.2690	1.0036	0.2139	-0.6666	-0.5769	-0.5240	-0.4170	-0.0213	0.2675	-0.8009	-0.4239	0.8077	0.8596	-0.0096	1.8698	-0.2436	0.8877	0.7334	0.1966	-1.6813	-0.7003	1.1331	1.2717	0.6479	0.0688	0.5547	-1.4808	1.9707	-1.5716	-0.7205	1.6197	-1.1223	1.2820	-1.1584	-0.0263	0.4831	1.0982	1.5322	0.0739	-0.6464	-0.7977	0.1538
0.0199	-0.7548	-0.5572	-0.0560	0.5549	-0.5518	0.8300	-0.4737	0.6398	2.4786	0.7738	0.0273	1.7532	-1.1734	-0.7240	1.6928	-0.6586	2.4324	-0.0492	-1.5103	0.6649	-0.8253	1.3185	1.6452	-0.7215	1.4149	1.2144	-0.2607	0.8246	0.3381	-0.7714	0.1261	0.5517	-1.7793	2.1792	-0.5641	-0.9232	-0.1885	1.2278	0.7278	0.5453	1.7967	-2.5450	-0.1187	-0.1700	-0.9236	-0.3971	-0.9036	1.7013	-2.6996
1.0693	-1.1745	0.7168	1.4594	-1.4752	0.3613	-2.0630	2.0214	-0.1337	-0.6669	-0.6112	-0.0964	-1.7434	-0.7480	0.0016	0.2006	-0.5037	-0.0363	-0.9115	0.9694	1.5379	1.0593	0.3025	-0.8121	-0.8358	-0.7074	0.3469	0.2828	-0.2046	-0.6286	-0.6964	0.8027	-0.3577	-0.3808	-0.9410	1.3213	1.2041	-0.3831	-0.0754	-0.6047	0.0713	-0.7359	0.0336	1.4989	-0.8101	-0.1046	-0.3854	-0.0297	-1.1151	-0.2190
0.2354	0.5808	-1.2394	1.3164	0.4505	0.2434	-0.6190	0.4198	-0.0063	0.9133	0.5911	-2.0489	-0.8919	-1.6721	0.5106	-0.6816	-1.0477	-1.5866	0.6095	0.4732	-0.7928	-1.1144	0.5891	0.8321	0.3631	-0.6540	-1.3455	0.5392	-0.4409	1.0826	-0.5486	-0.5771	0.4529	-0.0122	0.8887	1.8196	-0.3337	-0.3291	-0.4896	-1.5692	0.9189	0.8123	0.1900	-0.1580	-2.3114	0.3796	0.6956	-0.4385	0.3123	0.4845
-1.7755	0.7461	0.6341	-0.9324	-1.0615	0.4979	1.0439	-1.6058	-0.3586	-0.2721	0.1371	0.5330	-0.4894	-0.1434	-0.1143	-1.8042	1.6830	1.6618	-0.8805	-0.4968	-0.8524	0.5033	0.1026	0.2060	1.2143	-1.0072	0.2106	0.1157	-0.3188	-1.0971	1.7754	0.9879	-0.1583	-0.9962	0.7346	-0.3904	-1.0896	-0.5183	-0.0849	0.6060	0.0804	-1.2463	1.0079	0.4782	-0.5883	1.1892	0.1096	1.0553	0.2704	1.0347
-0.6936	-0.5826	-0.4877	-0.7646	-0.8068	-0.2644	-1.8026	-0.0044	0.1060	-0.0283	-1.3016	-1.1821	1.8543	0.9839	-0.0422	0.2610	2.3563	0.3517	2.2201	1.3374	-0.4232	0.8507	-0.9771	0.1827	-0.3646	0.0021	-0.3268	0.8403	1.6541	1.4598	-0.3571	-0.7496	1.2334	-1.5623	-0.2595	0.2929	1.9077	1.9738	0.0638	1.0770	-1.1115	-0.8367	-2.0085	-1.9709	-1.6717	0.0401	0.5099	-0.3808	-0.6669	-1.0998
0.2704	-0.6270	-0.3243	-0.2220	-1.4531	1.3215	0.1917	1.9623	-0.1096	-1.1517	-0.7142	-1.7069	0.7090	-0.3393	-0.1380	-0.6058	-0.8694	0.9672	1.3717	-0.8956	-1.7473	-0.5487	-0.1812	0.1215	-0.6052	-0.4772	0.5424	0.8695	0.2947	0.6603	-0.3457	0.0417	-3.3380	1.3770	0.5909	-0.4995	2.4012	0.8944	0.4772	1.1054	1.2520	-0.1024	-0.1169	0.7580	-1.0797	-0.9938	0.2858	0.2545	2.6833	-1.0826
-0.6616	-0.3421	-0.1958	-0.5474	0.0724	-0.2178	-0.4408	0.2334	-0.0611	-1.9174	1.2369	1.0742	0.0350	-0.8006	0.4676	0.4846	0.1277	0.6563	0.3710	-0.0021	1.1541	0.6568	0.9993	-0.0050	-0.7513	-0.2246	0.6360	1.5919	-0.1868	1.1430	0.3632	-0.4646	-1.0376	-1.5466	-1.3726	-0.8616	1.3981	0.2934	0.5875	0.0486	-0.5690	0.4907	0.9263	-0.8326	-0.9015	0.5150	1.0364	0.5641	-1.4069	-0.1747
-0.3373	-0.6898	0.2699	1.1789	-0.5625	0.8518	-1.8731	0.6192	0.6440	0.0950	-1.4754	-0.1693	0.1045	-0.3425	1.9967	-0.3908	-0.7087	-0.3588	0.2919	1.5309	-0.8724	-1.5229	-0.0220	0.6640	0.5625	0.7372	-0.1041	-0.0901	-0.0110	-0.2524	-1.3031	1.1189	0.3175	-0.3369	0.2591	-0.3421	-0.5730	-1.5045	1.4371	-0.0704	1.3775	0.0664	-1.9637	1.2992	1.4925	-0.8034	0.8956	-0.6162	-0.6232	-0.8564
-0.3040	-0.0266	-2.4793	-0.5266	-1.0448	0.4206	-0.4640	1.2329	0.7767	-0.7750	-1.1054	0.5452	1.4442	1.1595	-0.0987	-0.9604	1.0406	-0.1808	-1.8233	-1.2410	0.3376	-0.2549	2.0499	-0.5618	1.9107	1.3804	-0.4165	0.5772	1.0568	-0.4067	-1.0195	0.4473	-0.3729	-1.0591	-0.0200	0.3241	0.5141	-0.0009	-1.0683	-1.3793	-0.2490	1.3448	-0.6423	-0.9142	-1.3346	-1.1073	-1.8001	0.4952	-0.0791	0.4173
0.0007	0.2958	2.4415	-0.1334	-1.2355	-0.8509	3.5308	0.7451	-0.8363	0.5692	-1.7142	-1.1554	0.2892	-1.4407	-0.3478	-0.2555	-0.3255	-0.8710	-0.0976	-1.1535	0.1416	1.7928	-1.5186	0.6676	0.3603	0.3196	0.6404	-1.6365	-1.8190	-2.2276	0.6353	0.1813	-0.2745	-0.1364	1.4811	0.3987	0.5702	1.6846	-0.9493	1.6045	-2.4453	-0.1307	0.9985	0.2276	1.8716	1.5471	-0.1738	-0.6819	0.3599	1.6079
-0.7112	-0.6149	-1.6446	0.5498	-1.4177	-0.8534	-0.6566	-1.0577	-0.8490	-0.1525	0.7354	-1.5801	0.1341	-1.1941	0.7321	-0.2595	0.7873	-0.3564	2.4121	-0.2009	0.5625	-0.7809	-0.7303	-1.3144	1.2280	1.3507	-1.8827	0.6978	0.0977	1.2808	0.5411	-1.2390	0.2290	0.1374	1.1271	0.7734	-0.5287	0.3419	-0.0713	-0.6180	-0.5922	0.0760	-1.3025	-1.0203	-2.0494	0.6393	0.9949	-2.0669	-0.0540	1.3029
-0.1359	1.1142	0.8651	0.6126	0.9420	2.0802	-1.3208	0.0860	-0.8384	-1.3745	0.1839	0.0868	0.7323	0.2725	0.0724	-2.0836	-0.3326	0.2633	2.6751	-1.9971	-0.5340	0.5435	-0.3190	0.4131	-0.5794	-1.2023	-1.1403	-0.1737	2.3045	-0.0219	0.7568	1.4800	0.4773	1.2737	-1.9232	1.8538	-1.0154	0.9374	0.4733	-0.6413	-0.9145	-2.1434	-0.4262	-1.6643	0.8754	-0.3114	1.2225	0.8984	2.1547	-1.0627
-2.3119	-0.5196	-0.6713	-1.4316	0.0631	0.9594	1.9794	1.1333	-1.0202	1.8845	1.1705	-0.0464	0.3128	-0.4469	-1.2848	0.8809	-1.6386	-1.6718	-0.3351	-0.0678	0.4366	1.0365	0.8456	-1.1682	0.3585	0.5712	-0.7728	0.9606	0.2861	-0.2913	0.0236	1.4660	0.1637	-1.3833	0.8312	0.3503	0.1794	1.0463	0.6218	1.3089	0.3315	1.4601	0.7495	-0.3575	0.1193	-0.7240	0.5660	0.5587	-1.5404	-0.3531
0.1219	-0.2865	1.5081	0.5394	0.3823	0.5312	-0.1120	0.5904	-0.5328	1.6860	-0.7085	-0.3794	1.8638	-1.0140	-0.7961	-0.2267	0.5006	-0.9406	-0.3431	-1.8904	-0.5275	-0.8274	-1.0631	0.2954	-1.9022	0.6230	0.2167	-1.1464	-1.3183	0.0662	-0.6818	-0.8752	-0.5643	-0.6079	0.9211	1.1052	-0.7261	-1.1306	-0.8420	-0.7991	-0.7233	0.6151	-0.7355	1.2703	0.4224	1.8332	0.8077	-2.1380	-0.5246	-0.9545


