
X1	X2	X3	X4	X5	X6	X7	X8	X9	X10	X11	X12	X13	X14	X15	X16	X17	X18	X19	X20	X21	X22	X23	X24	X25	X26	X27	X28	X29	X30	X31	X32	X33	X34	X35	X36	X37	X38	X39	X40	X41	X42	X43	X44	X45	X46	X47	X48	X49	X50
0.0476	0.7329	-1.6135	-0.1894	0.2098	-1.4495	0.7708	-0.4052	-0.0863	0.6345	0.9722	0.6275	-0.0235	-0.6195	-0.0259	-0.4586	0.3123	0.4923	0.0093	-0.2908	-0.2864	0.4548	-0.2278	0.0571	-0.9575	-1.3527	-0.9920	1.3280	-1.6559	-0.8710	-0.9616	-0.0472	-0.2288	-0.2257	0.1671	-1.9223	-0.8628	-1.3831	0.3652	0.9447	-0.8283	-0.5728	-0.2679	0.2433	0.8158	-1.1748	0.4151	-0.7954	-0.2617	-0.6087
0.2800	-0.3665	-2.0831	1.0010	0.1228	0.3148	-0.1542	-0.2206	1.1999	0.5207	-0.1211	0.4319	0.3309	0.4405	-1.7183	-0.6255	1.0996	-0.4161	1.7408	0.5706	0.1851	0.5991	-1.3314	1.1083	1.0484	0.0245	-0.0731	-0.0994	0.3886	-0.4215	-0.6694	-0.2861	-0.6888	-0.4836	-0.3051	-0.6391	0.3669	0.3837	-0.1039	-0.1370	-0.3296	-0.3729	0.8794	-0.2955	-0.3900	-0.0167	1.9827	-1.2069	-1.9030	-0.2616
0.1793	0.8586	0.6894	-0.1467	1.3179	0.6840	-2.2347	1.2791	0.8179	0.0655	1.1896	0.2591	0.1536	3.4376	-0.8421	-0.0887	0.8379	-0.9104	-1.9401	-1.8311	0.6721	0.2928	0.1565	-1.6868	-0.3990	0.9464	-0.9295	-0.3723	-1.6167	0.1230	0.6915	2.7518	-2.9338	0.4767	0.1961	0.8438	0.2920	0.2230	1.2963	1.2313	0.6627	1.2450	-0.1411	-0.6665	0.7600	1.1168	-1.4711	-0.0372	-1.2463	-0.2373
-0.0110	-1.6636	-0.6517	0.0177	0.6338	-0.2350	-0.1559	-0.5754	0.9539	-1.2426	-0.7526	0.3662	-1.1546	0.2862	1.5501	-1.8127	1.6771	0.3766	-0.0447	-0.4166	0.8338	0.6273	0.5238	0.1083	-0.3287	-1.0680	-0.4197	-0.3467	-0.2339	0.6943	0.0835	1.0724	-0.8638	-0.0769	0.7873	1.4956	1.0252	2.6706	-1.2845	0.6773	-0.4718	-1.0205	-0.8379	1.1066	2.1935	-1.8361	-0.9406	0.3415	-0.8949	-2.3589
0.7197	-0.2827	-1.3394	-0.0948	-0.9249	-0.5871	-0.5221	-1.7025	0.0816	-0.0250	0.4258	0.0350	1.1454	0.3866	-0.1158	-0.6970	0.6122	0.3235	1.3699	-2.8092	1.1971	0.3769	-1.8533	-0.2509	-0.2399	-0.6005	-2.3496	-1.3944	-1.7830	0.5680	1.2212	-0.2365	1.6150	-0.8960	1.7175	-1.0647	0.8179	0.0252	-2.3216	0.6066	-0.4548	-0.5193	0.5999	0.2207	-0.8712	1.0664	2.6248	-0.1788	0.5798	-0.0338
-1.2634	1.0007	-0.0060	-0.7394	-0.4881	-0.6924	2.1839	0.2267	0.1647	0.7135	-0.8220	-0.4706	-0.2763	-0.6853	1.8394	1.0873	0.3173	-0.9364	0.7727	-0.3639	0.1374	0.8850	-0.2161	1.7969	1.2525	-1.7698	-0.6813	-0.7309	0.1337	-0.3983	-0.4287	0.3955	-0.1952	-0.3119	1.4596	-0.9484	-0.8177	-0.3052	0.6725	0.5735	-0.9163	-0.7201	0.0205	2.0966	-0.9344	-0.5912	-0.6255	0.6913	-0.3366	0.2851
-1.2804	-0.6958	-1.4005	0.9357	0.7643	-0.1832	0.2504	0.2418	-2.7611	-0.0774	-1.3526	0.9296	-2.3542	0.3936	1.1586	-0.7087	-0.2267	-0.8640	-1.3720	0.7517	0.2485	0.4592	-0.0373	-1.4260	0.2684	-0.5132	-0.1781	-0.0989	0.4851	2.0114	-0.9302	-0.9765	-0.5859	-2.1672	-1.3062	0.0449	0.7044	-1.4376	1.0532	1.4048	1.7200	0.1525	-1.4500	-0.5536	1.2530	-0.0358	-0.1221	-0.1488	0.5783	-1.4779
0.2142	0.5507	-0.2467	-0.5098	-0.4653	0.1913	-1.0210	-1.5124	0.1354	0.5177	-0.5893	-0.4603	0.4645	-0.0824	-0.1050	0.0176	0.0298	-0.7710	0.4206	3.3089	-0.3146	-0.7919	0.4307	0.2404	0.3217	1.4259	1.0140	0.6935	0.5276	0.5104	0.6333	-0.8349	0.4957	-0.1399	-0.1196	-0.2751	-0.2902	-0.1121	-0.2632	0.5679	-1.4015	0.8141	0.3933	-0.8183	-1.0829	-2.3134	-0.6429	-0.6574	-0.1124	0.9029
-1.1749	0.5618	0.9699	0.0599	1.4675	-0.5820	0.7786	1.3291	-0.6279	0.4576	0.5885	-1.4584	-1.4394	0.0120	1.4321	-0.4668	0.2860	1.5943	0.0155	-0.0192	0.8347	0.8882	1.7940	1.3246	0.9251	-0.8464	1.6702	-1.0550	0.6865	-0.8857	0.3776	-0.4214	-1.0433	0.4346	0.3363	-0.5770	-0.1936	0.0024	-0.2885	-0.4440	0.7011	-0.1976	-1.2977	-0.2015	0.8479	0.4525	0.6091	1.0858	-0.5241	0.9925
0.7347	-2.2272	-1.1808	0.2508	0.0476	1.8429	0.5540	-1.5935	2.3234	0.0935	0.1385	0.7659	-0.3925	0.6192	1.2173	1.5537	0.9405	0.0827	0.7728	0.0022	0.4244	-0.0401	-1.1590	-0.0399	1.3131	0.0486	0.3473	-0.8852	1.1991	-0.0971	-1.1012	-0.3640	-0.3181	-0.6406	1.8703	0.4164	-1.1846	0.0976	-0.9233	1.4605	-0.0461	0.2584	-0.3319	0.7102	-0.2858	0.6169	-0.4025	1.9389	0.0826	0.3792
-0.7224	-0.0462	-0.4355	-0.6522	-0.4085	0.2705	0.7721	-1.3433	-0.6272	1.6959	0.7829	1.4674	0.4856	-0.1932	1.5506	-2.0460	0.6155	1.4748	-0.7374	0.4238	-0.6022	-0.4863	-0.0158	-0.1388	-0.4715	0.7805	-1.0159	1.7803	0.4405	0.3022	0.0434	0.9216	-0.1306	1.0721	-0.6182	-0.5422	-0.2662	0.4818	-1.1272	-0.3979	-1.2423	-0.2083	2.1752	0.0508	0.1985	0.4625	0.5388	0.5421	-0.9973	-0.3010
1.4149	1.6799	-0.4691	0.2157	0.6544	0.7381	0.4090	0.0355	-0.7898	-0.8810	-1.0693	1.4924	-1.1313	-0.0640	2.3748	-0.7683	-1.2826	1.3757	0.3462	-0.8781	-0.7779	-0.3717	-0.2985	-0.4584	0.3639	0.2474	-0.4851	0.7792	-0.1607	-1.2292	1.4377	0.5217	-0.2789	0.9976	-0.4047	-1.9511	0.2412	1.9246	1.4080	-0.6594	-0.9801	0.1745	0.4935	0.8170	1.5900	-1.5071	0.0470	-0.4294	-0.8199	1.7481
0.7443	0.4822	0.7365	-0.8926	-1.2936	-3.1678	0.0326	0.9475	1.9249	0.6046	0.1834	2.7113	-1.3597	0.4390	0.2982	-0.3613	1.1228	1.2104	0.5084	0.5704	1.5559	-0.1300	-0.1411	0.3646	0.4456	-1.0101	-0.5548	2.4441	0.4833	-0.4546	-1.0592	-0.6204	1.1561	-0.9889	3.1149	-0.9446	2.0114	0.0496	0.4200	-0.9195	0.6106	-0.7011	0.0270	0.4076	-0.0225	-0.8796	-0.4045	0.3344	1.3164	-1.3695
0.8421	0.0605	-0.8716	-0.9448	0.0340	-0.1121	-0.4411	-0.8347	0.0811	0.6260	2.1447	-1.0883	2.0533	0.4418	0.4326	0.0941	-1.0073	-0.5220	-1.8534	1.1445	1.8915	0.7332	1.3710	1.0844	-0.5158	0.2080	-0.4435	0.5643	1.0432	1.3895	1.3873	0.3086	-1.0291	-1.2864	1.9787	-0.1083	-0.2480	0.7088	0.5682	-0.9860	0.1769	-0.2069	-0.2981	0.1881	0.2992	2.1485	-0.8141	-0.4664	-0.9046	1.4269
-0.6090	1.0094	-0.3218	-1.5750	-1.6368	1.2741	-1.2441	-0.8876	0.3079	0.4303	-1.0893	-0.0561	-1.0956	3.3721	-1.1058	0.6802	-0.5751	0.9800	-0.0897	-0.1378	-0.2783	-0.6754	-0.2171	-1.3245	-0.0136	-0.6744	0.3816	2.1158	1.6559	-0.8811	2.7963	1.9990	0.6639	-0.9536	-1.2016	-1.0675	-1.3599	-0.1220	0.5685	0.6366	1.7183	0.7065	-0.9749	-1.5459	-1.5394	-0.2801	-1.7947	0.6509	1.1150	1.0431
0.3277	0.2943	0.0612	2.3647	-0.3415	-0.1250	-0.9319	0.8621	-0.0989	0.2109	-0.9991	-0.1313	-0.8403	-0.3571	0.0418	-0.2730	-0.2827	-0.5186	1.7420	-0.4860	1.0938	-0.9338	0.5546	-2.1561	-0.5299	0.0680	0.8566	2.0520	-0.3095	0.8072	0.0724	-2.0588	-0.5617	2.9400	-1.2405	-0.7487	1.9793	0.9832	1.3052	-0.9276	1.3896	-0.3555	-0.1836	-1.6070	1.5443	0.5553	-0.0862	2.2472	0.6933	0.4782
0.8180	0.0143	-1.3104	0.9498	0.0520	-0.8177	1.4173	0.4044	0.2164	-1.7947	-1.2509	0.3021	-1.4529	-0.4764	-1.1083	-3.0187	-1.3249	-0.5388	-1.1380	-0.3540	-0.3363	-0.6831	-0.8943	-0.6820	-0.7610	0.4917	-0.9336	-0.2609	0.1481	0.5942	0.6340	0.2838	-1.7281	-0.2771	0.2377	-0.3853	1.2016	0.7026	-0.1734	-1.3781	0.3935	-0.9433	1.3617	-0.7879	-1.5156	0.2892	0.6887	-1.3424	-0.3890	1.3491
-0.3451	1.0912	-0.8949	0.9030	-0.8853	1.3214	0.2574	0.9044	-1.2292	-2.5299	0.7838	0.8395	-0.0043	1.3111	-0.8856	0.9469	-2.0112	-1.0972	-0.3268	-1.1756	0.0822	-0.8944	-1.0069	0.0536	0.2094	-0.4706	0.9505	0.0824	0.3869	0.1690	-0.7345	1.4470	-0.0988	-0.5163	0.5119	-0.3998	0.9522	-0.7554	-1.6348	1.2266	-1.3421	0.7353	1.2893	1.3158	-0.0938	-0.2501	0.0581	-0.4210	0.6972	-1.0209
0.1886	0.7441	-0.1362	-0.5831	-1.8907	-0.6890	0.3692	0.4004	-0.6338	0.9907	-0.1039	-0.3531	1.3428	2.0319	0.6183	-0.7344	-0.5459	0.6601	0.0035	-0.2830	-0.0461	-0.3624	1.3639	-0.6818	-1.6201	-1.5048	-2.3618	-2.2078	-1.7872	-0.4117	0.1186	1.7769	-0.0443	-2.5038	-0.5482	-0.1932	0.6969	0.2955	-0.3841	0.0396	-0.1861	-0.1173	0.2159	-0.6565	0.9621	-0.0301	0.5071	0.8630	0.0599	0.7619
-0.8607	-1.0756	0.1656	1.0750	-1.1392	0.0520	-0.1788	0.1214	0.6905	1.7700	0.7954	-0.2744	-0.6917	-0.0777	-1.1590	-1.5259	0.0685	0.9437	-1.3805	1.1367	-0.9245	0.6273	1.2212	1.8260	-0.1623	-1.0799	-1.4765	0.4937	0.2186	0.0225	1.9397	-1.4077	-0.5105	-0.5485	-0.0612	2.5420	-1.5987	-0.2410	1.0511	0.7703	0.2551	1.7891	-0.4212	-1.2673	-0.1517	0.7105	0.6693	0.1976	0.4448	-1.4847
0.8229	-0.3960	-0.5067	-0.2151	1.1632	-1.1222	1.4077	0.7923	-0.5727	-1.6536	-0.1406	0.5470	0.3703	-0.2221	-0.7440	-0.8211	-0.6506	-0.0287	-1.0554	-0.4459	-0.0597	0.6093	-0.1597	1.2187	0.2872	3.4465	-0.4894	-0.5237	-1.1311	1.4038	-0.4788	-0.5976	0.0213	-1.5227	-1.1091	-0.3428	0.8572	0.1895	0.7981	1.0646	1.2021	-1.3099	-0.7012	0.0714	-1.5273	1.4926	-1.7566	-0.2402	-0.4102	-1.0187
-0.0747	2.5691	-1.1268	-0.8965	-0.6082	1.2611	1.5721	1.5578	-0.5743	0.6532	-0.5203	1.3937	0.0757	0.3391	0.6590	-0.8081	0.0675	-0.3582	1.0850	0.9889	0.7688	-0.1749	0.6824	-0.5794	0.0475	1.2384	1.2662	1.0524	0.5276	0.9229	-1.8974	-0.5052	0.7920	-0.0937	1.2818	-1.1058	-1.0274	-1.1072	1.1868	-0.8217	1.9018	-0.8484	-1.1683	0.4852	-1.9258	-1.3629	-0.1271	0.9296	-0.1965	-0.2405
0.5093	-0.3432	-1.4403	2.4349	-1.5189	0.9652	-1.7435	0.1641	-1.1015	-0.0099	-0.5594	-0.2060	1.7771	-0.3954	-0.3183	1.6553	0.6052	-0.3971	-0.9607	0.8832	-0.2435	-0.9643	-1.4080	0.9549	-1.7732	-0.5444	0.4460	0.5895	-1.1189	0.7018	0.5444	1.1892	0.1273	-0.1595	0.1364	1.3553	0.1809	-2.3955	-0.3644	0.7313	-0.6396	-0.4579	0.1404	0.6917	0.8433	-2.0820	0.8200	-0.4082	0.7435	-1.2296
0.7343	0.7701	-2.2677	0.6298	-1.2198	0.0619	-0.4099	0.7397	1.2446	-0.5219	0.3211	-1.1962	-0.6788	1.4153	0.3541	0.7238	-1.9832	1.4544	1.5784	-0.6091	0.7098	-1.3030	0.6366	1.9448	1.1188	-0.6987	0.7370	0.3831	0.9508	-1.3058	0.9008	-0.8182	1.0282	-0.4098	0.7007	-0.4865	0.2169	-2.0622	0.6844	2.3383	-1.3920	-1.1168	-1.3340	0.0454	-0.5937	-0.3965	-0.1411	-0.4015	-1.0855	-0.6523
0.1701	1.4087	-1.4521	-0.8386	-0.2735	0.7279	0.2353	-0.3516	-0.9889	-0.4206	-0.7213	0.8754	0.9482	-0.0575	0.8085	-0.1253	0.9545	-0.3366	-2.3017	-0.3351	-1.2092	-1.2126	0.5769	0.4689	-0.8836	-1.1182	-0.1949	1.0221	0.7535	-1.3087	-0.5676	0.2574	1.1491	0.7309	1.3643	-0.7638	-0.6398	0.1268	-1.1337	0.8095	1.3210	-1.3868	1.9719	-0.4430	1.7667	-1.2230	-0.8987	0.1458	-0.6110	-1.4582
-0.8748	0.3495	0.1048	-0.4353	0.2290	-0.6995	-0.9148	1.2838	-1.2671	-0.5853	0.1529	0.0184	-0.9866	0.0484	-0.2125	0.8447	0.3414	1.4537	-0.7760	0.0461	-0.0599	2.3483	-1.0516	-1.2722	0.8070	1.4893	2.3662	-1.2570	-1.2952	0.8829	-0.9854	0.4693	-0.4190	0.4122	0.7550	-1.2759	0.2212	1.0474	-0.0289	0.2110	0.3040	0.1738	0.1557	1.3002	0.1694	-1.4989	0.9924	0.3976	0.2817	0.6483
1.4990	-0.2313	-0.6893	-0.5909	-1.0278	0.3876	0.2661	0.3661	-1.2867	-0.6684	0.6518	-0.1251	-0.0011	0.2324	-0.4923	0.0747	0.4595	1.0620	0.9272	-0.0243	-0.4459	0.4536	-0.4564	-0.4979	-0.1608	-0.2909	0.4605	-1.0692	1.0577	-1.2385	0.2537	-2.0572	-0.7660	1.1846	-1.0359	0.7267	-1.1515	0.2570	-0.8734	3.1784	2.1318	-1.9936	0.6719	-0.0924	-0.6567	0.4756	1.2012	1.2486	0.4467	-0.1055
-0.7944	1.3525	1.6573	0.7633	-0.2944	-0.1298	-0.5790	-2.0400	0.0705	0.1558	0.6225	-1.7646	1.4130	0.6450	0.9265	0.4017	1.0933	1.0980	-0.4671	-0.2055	1.3077	2.4894	0.9807	1.5193	-0.5084	0.6779	0.8959	-0.6987	-0.4077	-0.6029	-0.8067	1.0364	-0.7363	1.0926	-0.5375	1.8133	0.4342	-0.1488	-1.3401	-1.3374	-0.2345	-1.7096	-0.6027	0.2852	-0.2857	-0.0493	1.1003	-1.3618	0.8484	0.3705
-1.1743	-1.8793	-1.9380	1.4404	0.2447	0.9309	0.0743	-0.8116	-1.1351	0.1312	-0.5439	-0.4944	0.1201	0.3386	-0.6978	-0.0756	0.9740	-0.8839	0.5384	1.2165	0.7267	-1.1397	-0.1460	-1.1972	0.4031	1.3841	-0.3697	0.3281	-0.8162	-0.5238	0.4063	-1.3958	0.6246	0.7219	2.2375	0.9087	-1.8252	2.0834	-1.5153	0.1128	-1.1201	-1.0109	2.0361	-0.5629	0.2167	0.6620	-0.0566	0.7353	0.0186	1.2889
-0.4899	-0.7718	0.9009	-1.4290	-0.8989	1.4304	1.5783	0.2139	1.2244	0.0872	1.0093	0.1714	-1.6468	-0.5406	-2.5114	-1.1893	2.5301	-1.9283	-0.1420	0.0088	0.8126	-1.1605	1.1041	0.7089	1.1474	-1.0071	0.8171	0.3145	0.2563	0.4651	-0.9174	-0.6815	-1.3867	-0.7374	-0.9975	-2.1962	0.7454	0.7623	0.8485	-0.7198	-0.0297	0.0523	-0.5770	0.1708	0.7766	-0.4564	-0.3384	0.3896	0.8260	0.4861
-0.6641	-1.0462	0.5464	-1.9102	1.5625	-0.3459	1.9199	1.6970	-0.2269	0.6700	0.0375	-0.1237	0.3911	-1.3823	0.1692	1.2475	0.1674	0.4406	1.1411	1.1629	-1.4188	0.1537	-1.0738	-0.1858	0.4186	0.6085	-0.3080	1.2456	-0.3221	-1.2949	-0.4716	0.0007	-0.3418	2.4356	-0.6199	-0.4296	-0.0412	0.7766	1.8664	1.1386	1.2838	-0.4403	-0.6174	-0.2921	-0.1866	-0.8820	0.9329	0.6822	0.0373	-0.0943
0.4978	-1.8459	1.7253	0.3134	1.7293	-0.6443	-0.5498	0.3960	0.6847	-1.2457	-0.3965	-1.3738	-0.3127	-1.3280	-0.4830	-0.7555	-0.3807	0.0454	-0.4455	1.4088	1.4640	1.4160	-0.0738	-0.6908	-0.6111	-1.5414	0.9481	0.0405	-0.8423	-0.0990	-0.1711	-0.3091	0.2138	-0.3517	-0.4796	-0.3647	0.5823	0.2297	0.7646	0.1501	1.1676	1.4727	-0.0923	0.9052	0.3846	-0.1643	-1.1524	0.1539	-0.5090	0.2066
-0.5156	0.4267	-0.7665	-0.4688	0.1586	-1.0833	-2.1785	-1.2624	-0.8939	1.3812	-0.4479	-0.2918	-0.9477	-0.6900	0.7367	-0.6873	-0.2816	-0.5374	1.0698	0.8052	-0.2564	-0.2743	-0.3199	-0.7963	1.0585	0.4862	0.5307	-0.8894	-0.0235	-1.4122	-0.9780	-0.7493	-0.3941	-0.5756	-1.1272	0.9549	0.8309	0.2721	-1.5387	0.1926	0.1475	-1.3213	0.6935	-0.2145	1.5442	0.2407	1.6251	0.2992	-1.2890	0.5513
0.0426	-2.5914	0.0993	0.2880	-1.4939	0.4075	0.7704	-0.0434	0.5285	1.7923	-0.4421	-1.4890	0.9883	-0.0441	0.0233	-0.9708	0.3282	0.8542	0.7446	-1.4278	2.2901	-1.6757	2.2451	0.0258	-0.1156	1.0542	-0.8442	-0.1664	-0.1335	-0.6611	0.8397	0.7995	-0.2479	0.9632	0.4250	0.5561	-1.2424	0.3419	-0.2475	0.1574	-0.5900	-0.1975	-0.0190	2.9361	-0.5749	0.7313	0.4362	-1.5285	0.2156	-2.7855
0.5524	-1.4069	-1.0016	-2.6244	2.1760	-0.8394	0.3131	-0.8319	0.5591	0.5446	-0.4821	-0.2005	0.3617	0.9612	0.0320	0.1045	-1.9926	0.7131	-0.1992	0.3261	0.5841	1.0836	-1.3291	0.0507	0.4735	0.4385	-0.6860	1.1608	0.2233	-0.3013	1.0159	-1.0416	-0.9873	-0.0947	0.0405	1.3837	0.9948	-1.6571	1.7490	0.3783	0.5429	-0.8692	-0.1935	0.3041	-0.8142	-0.8946	-2.1951	0.1852	-1.9699	-0.2085
0.6687	-0.2503	2.6598	-0.2305	-1.5843	-0.9848	1.0237	0.6268	-1.1315	0.8461	-0.4302	0.8830	0.5599	0.0750	0.0438	-1.8621	-0.5925	0.5054	1.6944	0.2223	-1.5797	-1.0682	-1.6400	-0.4776	1.0779	1.3148	-0.0491	-1.4222	-0.4951	0.7963	-0.6078	-0.2694	0.5676	-0.4447	-1.8823	0.4947	0.2823	-0.0670	-0.1858	-0.9347	-1.7996	0.4500	1.0067	-1.1468	-0.6379	-0.2969	2.6384	-0.3774	-0.6876	-0.5758
0.0617	0.9180	0.7939	0.9216	0.4413	0.6987	-0.9484	-1.5333	-0.1104	-3.1633	-1.2352	-0.5906	0.8944	0.7981	-1.1947	-0.1426	0.5731	0.7494	-0.3069	0.4222	-0.3525	-0.6647	0.0197	-0.3719	0.8630	0.2356	-1.9816	-0.2262	0.1644	-0.3488	-0.7852	-0.4762	-0.0752	0.0438	-0.2759	0.3317	-0.3083	1.4402	-0.7777	-0.9167	-1.0452	0.6076	0.9284	-1.2607	-1.6117	1.3493	-1.3186	0.5586	-0.7971	0.2757
-0.1576	-1.6744	0.2099	1.2618	-0.8952	0.2010	-1.2229	-0.6166	-1.2904	1.5116	-0.9651	0.9000	-0.9641	2.0734	-0.2139	1.8018	1.1869	0.6205	-1.2685	-0.5193	0.4449	0.2989	-0.9632	0.0974	-0.1922	-0.6138	1.1404	1.5132	0.9372	-1.2132	1.4640	0.9410	-0.8543	1.1947	0.5846	-0.3671	-1.5639	-0.3347	1.0165	-2.7716	-0.0674	-0.0760	1.9320	0.3619	0.5515	1.1877	0.6524	-1.1364	-0.4720	-1.6337
-0.8558	-0.5252	0.3560	0.6561	-1.2098	-1.3057	-1.5832	-0.2992	-0.6175	1.8506	0.0835	-0.2619	0.1206	-0.3337	-0.7938	-0.1738	1.8790	1.7318	-0.1933	-0.5003	0.0730	-0.4464	-1.7504	2.0461	0.9119	2.5301	0.3379	-1.4598	0.5523	0.2251	2.6873	0.3214	0.6855	0.8019	1.8546	0.6470	0.1300	-0.9230	-0.8308	0.4323	1.6074	0.1127	0.4986	0.9579	-0.8721	1.1851	-0.1018	-2.3259	-0.9337	-0.0128
-0.2274	0.2910	1.3040	-1.0441	2.4240	-0.5320	1.3804	-1.1714	0.3508	-1.1649	0.9876	-0.5187	0.5227	0.0068	-0.9920	1.5976	-1.0394	0.1593	0.0578	-1.9172	2.4894	0.3145	-1.2659	0.6651	-0.8507	-0.5662	0.5535	-0.1500	1.0195	1.2737	-0.2821	-0.8516	0.0482	-2.3080	1.5376	-1.5522	-0.0671	-1.5710	-0.3978	-2.0588	-0.2300	0.5430	-0.3936	-0.7167	1.0378	-0.7085	0.4167	-0.4917	1.2218	-1.7124
0.4297	-0.0790	0.0242	-2.9086	-0.3177	-1.1660	-0.6245	-0.4319	-0.3418	1.2579	-0.1162	-0.0698	0.4654	1.4894	0.8844	0.1206	-0.4416	0.6139	-0.5632	-1.0935	-0.3497	-0.2309	1.2776	-0.0257	1.5240	0.9346	0.5784	0.3656	-1.5197	-1.2682	0.8822	1.2109	0.9501	0.1421	0.0198	-0.8303	1.0715	-0.3036	1.7961	0.2573	-0.3826	3.9986	-0.4325	1.2305	-0.3736	-0.8503	0.4596	-1.5818	1.2192	1.1570
-1.3325	-1.1681	-1.7256	-1.0282	1.0084	0.6168	-1.3329	0.6334	0.6142	-0.7352	0.4283	-0.6284	0.0835	-0.7650	0.2063	-0.8115	-0.8023	-0.1190	-1.4697	-1.1551	-0.3031	-2.2368	0.6737	-0.8298	0.6405	-1.4856	0.1653	-0.8575	2.4985	-0.4583	0.1335	0.2846	-0.4089	0.0491	-1.6585	-0.9307	0.8533	-0.8281	0.4928	0.3056	0.8377	0.4935	-0.8115	0.1571	-0.3933	0.0139	1.6459	1.4174	0.7277	-0.0642
0.9382	-1.0263	0.7338	1.7118	0.4822	-0.3903	-0.9186	0.3480	1.2729	-1.2358	-1.5916	2.3624	-1.1829	0.4638	2.0824	0.0358	-1.3655	0.7187	0.7757	1.1607	0.7990	0.0527	-0.3124	1.0359	-0.1954	0.7765	-0.4711	0.2482	1.0798	-0.6274	0.3909	1.8929	0.3982	-0.8346	0.7335	-1.0018	0.7656	-0.3468	-0.4256	-0.3172	0.8607	0.8860	0.2214	-1.4384	0.7820	-0.5653	-0.3192	0.7658	1.1647	0.8733
-0.3636	1.5975	-0.6489	1.0439	-0.0914	0.8489	-0.7762	1.8906	-1.6612	0.5202	-0.1854	0.8268	1.9901	0.6989	2.4512	0.0806	-0.7551	-0.2750	-0.2315	1.2433	1.3425	-0.0371	-0.0730	0.6289	0.9522	0.0757	1.3100	-0.2635	-0.1630	-0.8889	1.3869	-1.4002	-0.2151	0.7418	-0.1874	-0.3182	0.5629	0.7676	0.4366	-0.3700	-1.7018	-1.8580	-1.9825	-1.4188	-0.1627	-0.6184	0.9764	0.1925	-1.1462	0.4335
-1.1695	0.9306	0.9929	1.5643	-0.3287	-0.1452	-0.8256	2.9349	-0.7801	-1.0999	-0.6917	0.0911	0.6408	-1.2605	0.8340	2.3185	-0.6410	-0.1025	-0.3368	-0.2033	0.6211	1.4639	1.5927	-1.2286	-0.3782	-1.2662	1.3222	0.1605	-0.6413	1.4302	0.0264	-0.0817	0.0201	-0.2237	1.0348	1.6508	1.4613	-0.3626	0.8339	-1.5129	0.3005	0.5185	1.4744	0.0096	0.0496	4.5257	0.5191	0.0503	2.8575	-0.8137
-1.6718	1.3383	-1.2380	0.7825	0.9322	-0.1402	-0.6951	-0.9048	1.5247	0.6483	-0.6374	0.7171	1.0806	1.3192	-0.6341	-0.2374	-0.8946	-1.2274	-1.3347	0.8059	-0.0645	-1.1631	-0.4954	-0.4064	0.0049	0.0941	2.0977	-0.6044	0.1345	0.6534	1.8731	2.0154	0.0557	-1.6449	-1.3869	1.6696	0.0183	0.3310	0.4646	-0.9352	-1.2570	-2.4988	1.3600	1.1794	1.7914	-1.0117	-0.5161	1.6930	0.3116	-1.6204
-0.3350	1.4478	0.0982	0.5103	0.6990	1.5113	-0.4648	1.3061	-0.2700	-0.8546	-0.6596	0.1612	1.5797	0.5554	0.1571	0.1959	-0.1214	0.7399	0.8718	1.6633	0.8737	-0.5950	-0.3899	-0.9286	-0.8826	0.0875	1.2600	-0.3017	-0.5981	0.5744	0.8867	-0.1618	-0.8441	-0.2514	-0.1953	0.4917	1.0839	-0.7145	1.8161	1.6801	-1.7656	-0.4987	-0.1472	-0.9426	1.2517	0.8431	-1.2506	-0.7899	1.0409	-0.8127
0.0862	-2.2135	0.9437	0.2079	-0.2563	-0.7831	-0.9962	0.2675	0.0024	0.5203	2.1599	1.1791	0.3343	-0.0254	0.0653	-0.8029	-0.1109	1.1894	2.5882	-0.7148	-0.7794	0.1912	-1.0816	1.0275	2.0212	0.2051	1.2038	-1.0903	-0.7945	-0.9326	1.0328	0.3018	0.0837	-0.1301	-0.6641	-1.9251	2.1975	-0.4242	0.8015	-1.9530	1.3437	-1.2181	-1.0017	1.9620	0.7726	0.8902	-0.5166	0.8690	0.7573	-0.0571
-1.4480	1.4565	0.9618	-0.0252	0.2034	0.4911	-0.5734	-1.0089	-0.4655	1.1250	-0.0621	1.2307	-0.8810	0.5686	-0.7366	-1.1417	2.1100	-1.3665	1.3290	0.1334	1.5047	0.0863	-0.1646	-1.5951	-0.0146	-1.1435	-0.7650	-0.0354	-2.2341	0.0180	-0.1436	-0.2495	0.7530	1.3917	0.6214	-0.6243	1.6373	0.7274	-0.5862	0.5478	-0.9544	0.4179	-0.6387	-1.7717	0.9139	1.5495	1.6302	0.2371	0.7213	1.1233
-1.4317	0.6567	-0.8305	0.5366	0.7147	-1.4340	-1.4598	0.7839	-0.9168	-1.1592	2.0801	-1.4957	1.1635	-0.5744	-0.1687	-0.3119	0.9368	-1.1425	1.1003	-1.0734	-0.5296	0.4074	-0.0945	0.1154	-0.8500	-0.2250	-2.1951	-1.4875	-0.3276	2.2162	0.3241	0.2155	-0.7497	-1.0677	-0.6104	-0.0193	1.4881	-0.3736	0.5682	0.1176	1.1261	-0.7973	-0.5160	0.0813	1.9808	-1.0805	0.3813	0.1593	0.2850	-1.2852
1.0148	-0.3560	-0.7796	0.5228	1.5592	-0.1485	0.5535	0.6892	0.2561	-0.5130	1.2985	-0.3348	-0.4851	0.1027	0.6811	1.8006	0.4704	-0.9911	-0.6618	-0.3104	-0.0123	-1.2050	0.1495	0.8871	-1.1747	-2.2388	1.0791	1.1101	-0.1043	-1.3095	-0.4071	-0.9614	-0.1220	-0.6360	0.1362	-0.1123	-0.0442	0.6389	1.1053	0.6332	0.2624	-1.1995	0.7356	0.6147	-0.2805	-2.0149	-0.4573	-0.8903	2.0790	-1.9243
1.1729	-1.0712	-1.2125	1.1672	1.3421	0.3434	-0.5747	1.2119	-0.9883	-0.0500	0.9819	0.1359	-0.3650	-0.5807	0.1841	-1.7198	0.4374	0.9246	-0.0411	-1.3404	-1.4854	2.1824	0.6119	-0.5938	-0.5523	0.5371	1.0411	-1.4690	-0.0620	-1.2741	0.3098	-0.2346	0.6297	0.6958	1.8216	-0.3436	-0.8575	0.0823	1.5579	-2.3798	0.6578	0.7528	0.5699	-0.6960	-1.9803	0.3440	-0.8636	0.5392	0.5379	0.8788
-0.0751	-0.3422	1.0071	-0.5119	0.3232	-1.8126	-0.5813	0.0530	2.0454	0.1104	-0.9029	1.3622	-0.4212	-0.2561	-0.1919	0.6182	-0.4175	-1.3697	-0.8962	1.0282	-0.5493	1.0487	0.0518	-0.6027	-1.2807	2.2292	-0.3030	-0.2760	1.0370	-0.3593	0.7105	-0.9961	0.1532	0.3708	-0.4782	0.9671	-0.7013	-0.0284	-0.0042	0.0253	-0.2870	2.0334	1.3233	-1.2048	-0.5832	-0.4760	-1.1327	0.9586	1.0516	0.6435
-0.8080	0.5878	0.9332	0.9252	-1.0916	1.1669	-0.0863	-0.0551	-0.4048	-0.2260	-0.1883	-1.4651	2.1901	0.6755	0.7811	1.5948	0.3842	0.6610	0.1605	1.4113	1.6831	0.0609	1.4653	0.7548	-0.8580	-0.4307	0.1656	0.3155	1.2373	1.6411	-0.3202	-0.3979	-0.8615	-1.4494	1.0069	-0.7098	-1.7444	-0.1660	-0.3815	0.1741	-1.9467	1.7024	0.4592	-0.5458	1.9272	0.6671	0.3539	1.0988	0.2338	0.5182
3.4730	0.6285	-0.0600	1.0117	-0.8335	-1.6543	-0.7505	0.5101	0.4742	-0.4187	-1.4875	-0.2922	0.4663	-0.2329	-1.9359	-1.7292	-0.8463	1.3979	-1.6452	-0.9995	0.0272	-1.3890	0.3266	-0.6546	1.3279	0.1537	-0.4322	-0.0820	0.8153	1.4914	-0.0470	-1.4296	-0.0871	2.0752	0.1828	-1.5426	-0.3857	0.0905	0.0085	0.3815	-0.5863	0.4476	-0.8985	-0.2346	-0.8576	-0.2818	-0.6855	0.0985	-1.7613	2.1098
0.7731	-0.4830	1.1809	-1.6486	2.3416	-0.2093	0.9106	0.1044	1.0392	0.3514	0.3339	0.7144	-0.4432	0.0128	1.4700	0.7677	-0.8257	-0.1821	0.8829	-0.9064	-0.6859	-0.9513	-0.0267	-1.0068	-0.9013	1.5658	1.4198	0.1015	-0.0991	0.5479	0.7652	-0.5575	0.3155	-1.1481	-0.8986	-1.5373	0.8504	0.1982	-1.8401	-1.1603	0.4220	1.1273	2.1850	0.4145	0.0695	-1.1023	-1.2571	-1.5009	0.1686	-0.1204
1.3367	-0.5473	-1.3477	0.3806	-0.6517	-0.3293	-2.4349	0.3353	0.5848	0.6681	-1.8612	-0.0290	-0.4360	0.3408	-0.0233	0.8503	0.1798	-1.1965	-0.5514	-1.0023	0.7264	-0.9483	1.8373	-0.5695	-1.9519	0.7622	-0.2323	-1.5277	-1.2500	0.2527	0.8810	0.1345	-1.4996	0.6196	0.4827	0.9624	-1.2307	-0.4902	0.5389	2.4811	-0.5739	-0.1785	-0.6030	0.6436	-0.1780	0.4459	-1.9361	-0.3636	0.6701	-0.4242
-1.1161	-0.0417	0.9431	1.2051	1.4107	0.0208	-1.8976	-1.2770	0.8458	1.1554	-1.8597	-0.8860	-1.1282	-0.3527	0.0411	1.2111	0.0039	1.7921	0.1145	-0.5689	-1.2685	-1.4450	-0.7758	0.3878	0.0785	0.2309	-0.8001	0.7369	-1.3451	1.0532	0.7222	0.5340	-1.1269	-1.7667	0.5146	-1.2637	-0.0260	1.0560	1.3223	1.6242	0.0270	-0.5489	0.8199	-0.0175	-1.0533	-0.4389	-0.3201	1.1792	1.2674	0.9758
-0.7417	-0.0233	0.5564	-0.0492	0.0138	-0.3425	-0.7584	0.5367	0.3967	0.6798	-0.2447	-1.5199	-0.6743	1.2204	-0.7237	0.0427	1.6912	1.4079	0.0601	-0.0409	1.0105	-0.1605	1.6160	-1.9283	-0.1465	-2.4917	1.8399	0.4857	2.4064	0.5619	-1.0809	-1.1501	0.0591	0.4034	0.3246	0.5293	-1.2813	0.4163	0.2678	-0.2396	-1.0037	-0.9404	-1.2045	-0.9718	0.0800	1.7482	-0.3487	-1.3500	1.0978	0.2948
1.0236	-1.8860	-0.6806	0.6997	-0.8502	0.2420	-0.6739	0.4751	-1.4464	-1.0670	-0.8071	0.2484	-0.0328	-0.3772	0.4111	-0.0714	1.4647	-0.5094	-0.7814	-1.2837	0.1851	0.2731	-0.2513	-0.6455	0.1717	-1.7514	1.3580	0.3978	-0.7259	-0.7563	0.9069	-1.5479	-1.0920	-0.7062	0.9796	-0.6611	1.6119	0.7574	-1.3548	0.0806	-1.1880	0.4923	0.7561	-0.9535	0.1441	0.3957	-0.5270	0.4330	1.3278	0.4770
-0.4958	0.3436	0.2380	0.3174	0.5224	-1.1359	-0.3941	0.3706	-0.5509	-1.0413	1.6030	0.2104	2.1771	-0.3457	1.8967	0.0124	-0.0687	0.6157	-1.6450	-1.6217	0.0861	-1.7885	-1.9177	-2.4704	-0.0700	0.3461	-1.0152	-0.5730	0.1238	0.7559	-0.9672	1.0254	0.7533	0.7958	0.1129	0.4568	-0.3980	-0.7932	-0.6818	-2.0846	-0.1169	-0.7635	-2.6671	-0.0936	-0.2669	0.8058	-1.1404	-0.4569	0.4912	1.7667
-1.8114	0.3057	-1.3944	-1.4114	-0.1025	0.4587	-1.4763	-0.9018	0.7742	1.0992	-0.8957	1.1621	0.7071	1.2236	0.8259	-1.7907	-0.4236	-0.4863	-1.5651	0.0693	-1.5518	0.6493	1.0287	0.2918	0.2088	0.8585	-0.0831	-1.0352	-1.1123	0.2297	0.1812	-1.1122	0.9620	-0.3151	0.0532	-0.6447	-1.0633	1.0788	1.5102	-0.2321	-0.6647	1.1662	-0.1868	-1.0002	0.5363	0.0955	-0.6250	-1.7767	1.3673	-0.3435
0.2976	0.6333	-0.3925	-1.5762	2.6919	-1.3456	1.6638	-1.0138	1.1488	-2.1744	-0.8734	-0.0803	0.0244	-0.6170	-0.2260	-0.2833	1.5811	0.0927	-0.4218	1.9178	0.2757	-0.4650	0.0056	1.0511	0.7058	-0.8113	-0.3031	0.3023	-2.1543	1.2394	0.2003	0.7731	0.8153	0.8239	-1.8972	0.7398	1.4862	-0.3037	-0.6027	-0.1595	1.4258	-0.0016	0.2611	-0.5557	-0.6776	-0.0828	0.4097	-1.5390	0.5715	-0.7144
1.0244	1.6170	0.4770	-0.2908	0.1371	0.2576	-0.3353	-2.2570	-0.8574	1.4899	0.8186	-0.4770	0.2804	0.1756	0.0766	-1.9114	-1.3578	0.2712	-0.2155	0.2655	-1.3972	0.6392	0.3567	0.5756	0.0796	-0.3608	0.0138	-1.3055	-0.8851	-0.6834	-0.5446	1.5000	0.3494	-0.6190	0.6693	-0.1518	1.7227	-0.5843	1.0732	-0.0230	2.0334	-1.7039	0.7513	-1.3754	1.6232	-1.5349	-0.3055	-1.4301	0.4434	-0.6890
1.1189	-0.5196	0.8898	-0.7196	1.0118	-1.5737	0.2575	1.1539	-1.5872	0.8855	1.3514	0.2731	0.1393	-0.2985	1.0318	0.8959	-1.3240	0.0942	-0.8508	-1.5629	1.3253	-0.6439	0.0238	0.1250	0.2995	-2.3117	1.1328	-0.6481	-1.7478	0.9492	-0.1440	0.5604	-0.7623	0.5445	0.0361	-0.2087	-0.0347	-2.0223	0.0515	0.7687	-1.6434	1.4055	1.6669	0.2808	0.4307	-2.1051	-0.4109	-0.0753	0.5747	0.5467
0.2887	-0.7012	0.0194	1.2572	-0.9372	0.7139	0.9497	-0.3834	-2.1023	0.1125	0.2742	-0.5242	-1.1187	0.1721	2.4459	0.4486	0.5215	0.2592	-0.1553	0.4699	-0.0001	-0.8435	-0.3046	0.9534	0.1781	0.4406	-0.9927	0.1209	-0.4688	0.0350	1.8642	0.4929	0.7316	0.6719	-0.1403	0.1058	0.5176	-0.6275	0.6784	-0.6436	-0.0895	2.1270	-0.1846	0.6363	-0.1198	1.2750	1.6946	1.1781	0.3740	-0.0306
0.5833	0.0284	-0.1866	0.2435	1.5291	0.3050	0.5766	-0.9271	1.8202	0.1075	0.3866	1.9215	-1.4622	0.4359	0.2543	0.8589	0.4791	-0.9242	0.7348	-0.6639	0.3733	-0.9002	-0.4759	0.6651	0.1418	0.0121	0.2339	-0.8255	-0.6775	0.7718	-0.3456	-0.4494	0.9584	0.8156	-0.2253	0.8645	-0.0747	0.2071	0.5011	1.5067	0.4672	-0.5351	0.3876	0.1475	-0.5120	0.3061	-0.5674	0.0176	-0.5026	-0.4889
0.8519	0.0492	0.6866	-2.2598	0.4105	-2.1021	-0.5953	-1.6898	-0.1523	-0.9869	1.1246	-0.7276	-1.0395	-1.1902	0.2679	0.1520	0.3680	-0.6951	-2.1921	-0.8509	-0.6784	1.1943	2.0846	0.4458	0.2144	0.2333	-0.4213	-1.4461	1.2524	0.5189	-0.1900	0.6191	0.2260	1.0534	-1.5203	-1.1984	-1.7346	1.3893	-0.7291	0.0941	-0.8316	0.1726	-0.0082	1.3825	-0.1905	0.2368	-0.6197	-0.1146	2.1637	-0.1480
-0.3259	1.0428	-1.2967	0.0520	0.4705	-0.9961	-2.4586	-0.2044	-0.6399	-0.0892	-1.1030	3.3438	0.0436	-0.4198	-0.1565	-0.1744	0.1546	0.2924	-2.1595	0.3690	-0.4314	-0.8521	0.9909	1.0172	-0.2647	0.1846	2.0010	-1.2075	-1.0453	0.4240	0.8074	1.9353	1.0166	1.2776	0.3985	-1.3789	0.0527	-0.7568	0.4518	0.3376	-0.7387	-0.4573	-0.0099	-0.2322	-1.3345	1.3319	0.0152	-0.7109	1.5009	0.1993
-0.3776	-1.5599	-0.0375	-0.8862	0.0794	0.4415	0.6053	0.0684	1.1428	0.7865	0.7335	-0.2071	2.2767	-0.8470	-0.7862	-0.0360	-0.0145	0.6889	-0.1324	-2.6157	-0.4005	-0.3863	-0.8616	-0.1262	1.3542	-1.8313	1.2952	-1.1101	1.0515	-1.8689	0.7259	-0.4672	-0.9562	2.8294	0.1364	1.1563	-1.5107	0.0885	-1.1448	-2.1220	1.0045	-0.6753	0.4915	-0.5419	1.4496	0.4774	0.4832	0.6050	0.0360	-0.5478
0.0134	-1.0550	-0.3110	-2.0696	0.4748	0.3129	0.8536	-0.2414	0.2838	-0.2530	-1.0431	-0.1369	-0.2497	0.0109	-0.1433	-1.0504	-0.1433	1.6706	1.4796	-0.3273	-0.2070	-0.8365	-0.8058	0.1913	1.5227	0.1343	-0.0287	0.4387	-0.0933	-0.7512	-1.1326	-0.4479	0.3745	1.2979	-0.1024	-0.5771	0.6764	0.0010	-1.2179	-0.7916	0.1037	-1.4420	1.2571	0.7665	-1.2262	-1.0670	0.7723	-0.8139	1.3326	1.4883
0.4614	-0.0886	-0.5384	1.5865	-0.7409	-1.3424	-0.5931	1.0945	-0.4491	-0.4746	-0.3538	-0.0917	1.8968	-1.4454	-0.4783	-1.4795	-0.3583	-1.8343	0.8697	-0.6462	0.9204	2.3716	0.6588	0.5875	0.8174	-0.4130	-1.2081	0.1537	1.6251	1.6922	0.4650	-0.5457	0.5446	-0.0627	-0.2541	-1.4124	1.6856	0.2676	1.5857	-0.6035	-1.8754	-0.8146	1.2092	-0.8464	0.2107	0.1066	-1.2204	0.9333	-0.1384	-0.3396
0.9324	1.6064	-0.1183	0.8696	0.2397	0.3416	-0.9346	0.2622	0.1909	-0.0175	1.3866	0.3285	-1.6905	2.3537	1.3484	0.3389	0.5391	0.7917	-0.5594	1.1426	0.8632	-2.9921	-1.7449	0.0347	-0.4374	0.2260	0.3059	-1.2483	-1.3186	0.9663	-0.0247	-1.2368	-1.4093	0.3354	0.2830	0.0413	-0.2541	0.7277	0.3723	0.0959	-0.9785	-1.0494	1.0078	-1.5514	-1.0603	2.1582	0.1036	1.1994	1.1381	2.4759
0.7834	0.1472	-0.5265	-0.7982	0.5643	0.1476	1.7543	0.2760	-0.8210	-0.2678	-1.1415	-1.7210	0.3846	-0.1394	-0.1271	-0.0336	1.3045	0.6658	1.2972	0.6442	0.3171	-0.7737	-0.6651	-0.0464	0.7286	-1.6639	-0.9251	-0.0883	-1.7555	-2.1552	-1.2214	-0.4191	0.0675	-1.0404	-0.7519	1.1209	-0.0907	-1.1420	1.5743	-0.7396	-0.3969	0.5554	-1.6924	-0.1810	0.4577	-0.5421	0.2303	0.1658	0.8331	-0.1927
2.0729	0.6473	2.0352	1.4318	-0.1500	0.2634	-1.6247	0.5270	1.1461	0.6981	0.7564	-0.0980	-0.9609	1.0222	0.2802	-0.6231	0.8008	0.1066	-0.6343	0.1066	-2.1320	-0.0433	0.6665	1.2427	-0.3979	-0.8301	-1.3054	-0.3564	-0.8140	1.1981	-1.2362	-0.3794	-0.1270	1.0524	0.3707	1.6293	0.3202	-0.2299	-0.8278	-0.0010	0.3844	-0.9509	1.1615	1.2048	1.2745	-0.5508	-0.2492	-2.1312	-0.9666	0.5333
0.7765	0.8038	0.9044	-1.3058	2.3875	-3.1421	0.5947	-0.0510	-0.7345	0.5833	0.5550	-0.6854	-0.1397	1.6272	-1.9754	0.3795	-0.6420	-0.7690	0.7443	0.4052	-1.0166	-0.8255	-0.4622	1.3146	-0.2680	1.9185	-0.7900	0.5866	-0.3659	0.9288	1.0316	-0.8240	-0.5340	-0.5362	-0.5224	-0.2968	-0.0475	-0.7360	-0.3332	0.4976	-0.4722	-1.7508	-1.9923	-0.3944	0.9409	0.4482	-0.9441	0.8062	0.1030	-0.0342
1.1365	1.2607	-0.5482	-0.0270	-0.0439	-0.4092	1.1325	0.3638	-0.8431	1.4594	1.1272	0.9073	0.4071	-0.4964	0.3254	-0.5927	-1.2983	0.1537	0.2822	1.4114	-0.7146	0.6773	0.4809	0.5624	-0.7710	1.0075	-0.5869	0.2726	-0.3893	0.5346	-0.2507	-1.6636	-0.5524	-0.3166	0.4476	-0.7454	-1.8469	1.8550	1.4826	-1.0692	0.2689	0.5935	0.5058	-1.5528	-0.2214	1.4737	0.0707	0.4362	-0.1927	0.8435
-0.4789	-0.0359	-0.4470	0.9931	-2.6099	1.6311	2.0241	1.7212	-1.0379	-0.5500	0.1487	0.2285	-0.5682	-1.2051	2.4710	-0.9344	-2.1322	0.0524	-0.2276	1.0701	1.9206	0.0628	-1.1172	2.2163	0.2270	-1.0065	-0.9874	-0.2969	-0.0633	0.1197	-1.0807	-0.1428	0.8236	-1.4956	1.2832	2.1691	1.1450	2.5140	-0.4014	-0.0221	-0.3259	0.1783	-1.9686	-1.5426	0.0123	1.2664	0.8651	-1.9227	0.4967	0.2764
0.9398	1.6734	1.0971	-1.0763	-0.6510	0.8544	0.0689	2.6373	0.6482	1.3542	-0.2604	0.3001	0.6506	0.6842	-0.3822	-0.4712	-0.6534	-0.8815	-0.6944	0.1692	0.1155	-2.6329	1.7361	-0.2860	1.9967	-0.5853	1.1951	-2.2022	-0.0247	-1.0532	-0.1832	0.7792	2.0763	-3.5405	0.7987	0.9660	1.1793	-0.7359	-1.9198	0.6406	-0.7250	-0.7537	-0.8729	0.0013	-0.3115	0.8540	-0.2167	0.8417	0.9938	1.7559
-1.4130	-0.5705	2.1244	1.7713	-1.1085	-0.1763	0.7178	1.6004	-0.0305	-1.2255	0.8315	-1.8956	1.5588	0.4003	0.2416	1.0407	0.5494	-1.0350	-0.3399	-0.2396	-0.0138	-0.1332	0.6674	0.2354	-0.8336	-1.3078	1.3502	-0.2787	-0.2328	-0.2585	1.2983	-1.9965	2.2982	1.6030	-0.3942	-0.3288	1.1923	0.3277	0.3307	0.8412	-0.1394	-0.1987	0.7962	0.2682	-0.6735	-1.5180	0.7497	-0.4558	-0.1755	-0.0593
1.0323	0.9934	-0.5438	2.4216	-0.7565	0.1713	-0.5431	-1.7060	-0.5512	2.8280	-0.4051	-1.1109	0.1021	1.7873	0.4131	0.1655	-0.4156	2.0218	-0.4578	1.5693	-0.7967	-0.4782	0.8393	0.8981	1.6283	0.6827	-0.1933	0.1005	-2.2544	0.9338	1.3905	-1.7968	1.0161	-1.6291	-0.9809	0.0818	0.3801	-0.9483	-0.7592	-1.5472	-0.2814	2.2298	-1.4978	1.6129	-0.3532	-0.0158	-0.1242	0.8173	0.3689	1.6199
0.2731	-0.0347	1.4025	0.2010	1.2343	1.1470	-0.6414	-0.4915	0.2155	1.5380	0.5302	0.2815	-2.6034	-3.7599	-0.7888	0.1871	0.7636	1.2373	-2.7243	0.7563	1.2656	-0.6118	-1.6995	-0.7594	1.5663	-1.3842	-0.4066	-1.2362	0.6687	0.3205	0.6624	0.3043	0.9805	0.1203	1.3079	-0.2059	-0.9920	-1.1461	-1.5533	0.0235	0.0993	-0.8110	0.9019	0.3841	1.4720	-0.9541	0.2108	0.8635	-0.5008	0.2711
-1.8415	0.1074	-0.3910	-0.8679	-0.9800	-0.9219	0.4725	-0.8547	0.4070	-1.7055	-0.1305	0.5508	0.0234	-1.2538	-0.5133	-0.3927	0.9179	-0.5408	0.3604	-0.3910	0.9077	0.2690	-1.7554	0.7910	-1.2370	0.8193	-0.3843	0.6048	0.1286	0.9400	-0.1413	2.2777	0.4264	1.2368	-1.3752	-0.1271	1.1615	-0.2969	-1.2942	-0.3013	1.7282	1.1649	0.3728	-0.1463	1.1411	0.2030	0.6762	-0.2054	0.2297	1.5775
0.5382	1.4446	0.2451	-0.4416	-0.5670	-0.0821	-1.8991	-0.6819	0.1739	0.2637	0.7827	-1.7493	-0.8983	0.4738	0.9635	-1.8863	-1.4628	-0.6184	-1.3960	-0.6541	-1.1583	-0.9510	1.0511	1.1852	-0.1076	-1.1495	-1.0981	0.9541	0.8220	-0.7031	-1.1525	-0.6314	-0.3035	0.1294	0.0621	-0.7342	0.9348	-0.5284	-0.5252	0.2697	-0.5001	-0.2264	0.3524	-0.1580	-0.5627	-1.5445	-2.4281	0.3884	-0.3823	0.8612
-0.2174	-1.1062	-0.8137	-0.4487	0.1739	-0.9647	-0.9861	-1.5746	-0.3759	-0.6827	-1.2070	-2.2014	-0.7960	0.7771	1.4125	-0.1150	1.4376	-0.2145	-0.4553	0.2296	-1.1883	-1.9998	0.0766	0.1500	-1.5927	-1.1701	-0.5916	1.1140	2.0978	-1.0216	-1.0037	-1.2245	1.5485	-2.5502	0.0187	1.0523	0.2621	0.4221	0.0002	-0.5255	-0.4815	0.1070	-0.4702	1.0713	-0.1885	-0.4619	0.5474	0.1027	0.7150	-0.1435
-0.8201	1.0559	0.8774	0.4583	1.4182	1.2957	1.0602	0.4396	0.3328	-0.0560	-0.0508	0.1630	-0.6566	-0.6198	-0.4942	-0.0475	-0.8605	0.6543	0.2338	-0.7628	0.2592	1.3068	-1.3922	-0.6167	0.0840	-0.5814	-0.5284	-0.6308	-0.5047	0.8813	0.9223	-1.5234	-0.3942	1.9136	1.8345	0.1425	0.2261	-0.3790	-0.3481	-0.2147	-0.3645	-0.9626	-0.6895	0.5253	0.7313	-0.6831	-2.3192	0.4177	-0.2716	2.2992
0.2839	-2.3930	-1.3642	0.9120	0.1286	2.4243	-1.0936	-1.4993	-0.7636	0.2048	1.6379	-1.0775	0.6701	0.1810	0.1480	-0.3121	-1.4357	0.6792	0.2321	-0.4083	0.2177	-0.2933	-1.1073	0.6639	0.0557	0.4649	1.3286	-0.0441	-0.6851	0.2712	-0.5617	0.3338	1.3116	-0.0766	0.0351	1.5881	0.9558	-1.2695	-1.2485	0.2304	2.0839	-0.8753	-1.4056	-0.1482	-0.1805	-0.6677	0.1351	-0.6567	-0.6058	-0.5315
0.2000	-1.1178	0.4558	-0.2399	-2.1477	0.7857	-0.1329	-0.5537	-2.0703	-0.0150	0.6121	0.3320	0.3901	1.0387	-1.8116	-0.4838	-0.0957	-2.1742	0.0695	0.0328	0.2431	1.2397	-0.7186	-0.3561	-0.6608	0.4321	0.6258	-0.1757	-0.7530	0.2843	-0.7344	0.5581	1.8313	0.1403	1.1467	1.0881	0.8769	1.2437	-0.1486	0.5156	0.0982	-0.7000	-0.9486	0.1115	0.6035	-1.8181	-0.4241	-0.0535	-1.5717	-0.7749
-2.1717	-1.1156	-0.7109	-1.6330	-1.0495	1.5215	0.3491	0.5687	0.3746	1.1146	0.6661	0.6716	-0.6033	-0.9316	0.3820	-0.1131	-0.2032	0.5378	-1.0904	-0.1728	-0.7423	-0.8442	-0.2493	0.8367	0.5701	-2.1291	0.2733	1.9574	0.8936	-0.1275	0.3285	-0.7221	-0.0257	0.1657	0.8046	-0.1353	0.0489	0.3918	0.8019	-1.1266	-0.6358	-0.2962	-3.0863	1.5425	0.1064	-0.6408	-0.6005	-0.5564	-1.5224	1.0487
3.3043	0.2105	0.8532	-0.2599	-0.8643	-0.4464	-0.2525	0.7180	-0.7247	1.8836	-0.5447	1.1219	1.4866	2.7936	0.6749	-0.4165	-0.0001	0.4912	1.3629	0.3178	-0.1934	1.0829	0.1773	2.1832	-1.1514	1.3472	2.3263	-0.7945	0.5877	-0.0900	0.1176	0.5323	0.7004	0.9136	-0.3101	-0.4483	0.0599	0.2052	0.3493	0.0874	-1.9219	-0.9503	1.2293	0.7383	-0.1919	0.0699	0.1105	0.0556	-0.3466	-2.2355
-0.6437	-1.0724	-0.3220	0.4133	0.3495	0.6110	0.9632	-0.9782	-1.4441	0.0789	-0.8475	-1.6323	0.7208	0.2825	-0.4444	0.4553	-1.4614	0.0318	-0.4179	-1.2554	-1.5340	0.5101	0.0201	0.4611	-0.3884	-0.7601	-0.8899	0.6262	0.2111	-1.0579	1.1443	1.4603	1.1542	-0.2408	-2.1145	0.3388	0.1036	0.2825	0.5786	-1.4151	0.6323	-0.5601	1.1093	0.0739	1.1107	-0.2148	0.7896	0.6547	-0.2709	0.6026
0.7739	-0.5235	-0.4290	-0.3883	0.0359	-1.2715	-0.4290	0.0889	-0.0770	-1.0289	-0.6297	-0.1432	1.1102	-1.4347	1.5443	0.0280	-1.5106	-0.6908	0.8258	0.7609	-0.9544	0.1413	0.2244	-0.1766	0.7055	-0.5817	-0.6053	-0.3382	0.8288	1.2374	-0.7236	-0.9891	-0.0498	-0.8325	-0.2726	-3.3392	1.6933	1.0380	2.7561	0.3638	-1.8457	-0.2550	0.1197	-0.1330	-0.9360	0.1508	0.4506	0.7051	-0.6597	0.0187
-0.4266	0.2531	1.0315	1.4761	1.4317	0.6978	0.2538	-0.8437	-0.0718	-1.4627	-0.3813	-0.5228	0.4482	0.3238	-0.4171	-0.4331	0.3777	-1.6034	-2.0286	-0.2881	-0.0594	0.0070	-0.4302	-1.3685	-0.5766	0.0134	0.8363	0.4323	0.9298	1.0646	1.1640	1.2143	0.4208	0.7960	-0.7451	-1.3570	-0.2901	1.2053	1.2410	0.6397	0.5913	-1.0995	0.3871	-1.0595	2.3313	1.0049	0.4855	2.0335	-0.3389	-1.2851
-1.1816	-0.1931	-1.0432	-0.8980	-0.7741	-1.1490	0.8030	-1.1577	-0.6066	1.1396	0.8669	-1.3922	-0.5733	0.8048	-1.5770	-0.2391	-0.4344	0.7460	-0.7605	-0.7268	-1.3081	-0.8029	1.8068	-0.0529	0.3706	0.1256	-0.0309	-2.0582	-0.3226	-0.5743	0.2633	-0.8892	-1.5916	-0.0501	-1.4215	-1.7590	-0.1304	-2.2097	0.8411	-0.7137	0.1079	0.4586	-1.2231	-0.0635	-0.9348	-0.4716	0.2328	0.5596	-0.7662	-0.8883
0.9592	-0.7678	1.3390	-1.5608	0.3632	-1.1117	0.6325	-0.0641	-0.8558	0.7024	0.1376	0.1488	0.6443	-0.8114	0.6251	-1.1598	-2.0963	-1.0568	2.2775	-1.0734	-1.1783	0.3277	2.5659	-0.1514	-1.2474	0.4166	0.1181	0.3324	0.0504	-0.4241	-0.0049	-0.7739	-2.0369	0.6916	-1.0462	0.0674	-0.3844	-1.8087	-0.1674	1.6714	-1.1906	-0.1711	-0.1984	1.1567	0.0703	1.3708	0.6167	-0.7486	0.7937	-1.7992
-1.2109	1.2085	1.3061	-0.3919	-0.2036	-0.3661	0.6462	-0.4487	0.3063	-0.3668	0.8588	1.2710	0.4551	-0.7098	0.8563	1.4022	1.1802	-0.4679	1.0367	1.1163	1.9625	0.5313	-0.8289	0.3637	-0.4014	-0.1367	-1.5420	-1.5197	-0.5677	-0.3058	1.1332	1.3833	-0.0719	-1.3715	-1.6487	-1.5733	-0.5020	-0.4089	0.3808	-0.6287	0.3374	0.0289	0.7973	-0.8088	-1.5546	-0.6081	-1.5999	0.8859	0.0597	2.1394
0.3314	0.2247	-0.7100	-0.0004	1.7984	-0.5063	0.2079	-1.2208	0.5328	-1.7364	0.3938	-1.6812	-1.0844	-1.0776	-0.1145	-0.4413	1.0824	-0.7700	0.6192	-2.7579	1.0839	-0.6180	-0.4093	0.7955	1.5389	1.4552	-0.7403	-0.3827	-0.1259	-1.3093	1.7118	-0.2116	-0.6971	1.0611	0.4073	0.3608	0.4507	-0.6316	0.3210	-0.7681	0.8120	-0.0502	-0.9444	-0.3267	1.1648	-1.8145	0.1405	0.4224	-0.7852	-1.0824
-0.2995	-1.3443	-0.5296	-0.3483	0.3701	1.8542	2.2445	-0.1589	0.3346	-0.6948	-0.9178	-1.0651	0.2277	-0.2070	1.1911	-0.2139	2.0448	0.2321	0.6316	-0.3402	-1.8102	1.7019	0.0317	-1.8920	0.4339	-0.4017	-1.6222	0.0693	-1.2025	-0.4512	-0.6351	1.6420	0.3904	1.4170	-0.1017	-0.6746	0.3602	-0.3127	0.9194	-1.4167	0.5448	1.1732	-1.5543	-1.3424	-0.2426	-0.1435	-1.1919	-0.8966	-0.3463	1.0659
0.4050	0.1532	-1.0579	0.7431	-0.6268	0.6805	-0.5625	-0.6390	0.3595	-1.3912	-0.6979	-0.9970	-0.9687	-0.1438	1.5780	-2.2106	1.6383	-0.8458	1.2399	-0.6344	-0.6014	-0.3836	0.2841	0.5918	-0.5047	-0.0376	-0.7230	-1.6208	-0.3065	-0.4444	-0.9771	-0.9824	-0.1977	-0.4655	-1.4838	0.2258	0.8414	-0.9294	0.9879	0.0170	-0.4311	0.1439	-3.2545	0.1570	-0.1438	-1.5688	2.1077	0.0664	2.1541	1.7994
0.1632	0.3116	0.5946	-0.6433	2.0993	0.4005	0.8904	0.9187	0.0351	-0.2038	-1.1252	1.3485	-0.2375	1.0769	0.7827	-0.8309	-1.7874	0.3930	-0.8105	-2.3609	0.3748	-0.2482	0.0585	-0.9068	-1.1467	-0.1568	2.5919	0.6325	0.5652	-0.8363	-0.2599	0.6990	0.7798	-0.5877	0.4321	0.9143	-0.8363	1.2324	-0.6625	-2.7031	-0.6815	-0.5216	1.3940	0.3546	-0.3626	0.4491	0.6813	-0.3491	1.1380	-2.3255
0.0393	1.3138	1.4183	0.1164	0.2102	-0.8122	-0.2895	-0.1993	0.8664	-0.2270	-2.1416	-0.7145	-1.1779	0.7777	-0.8828	-1.6826	-0.2800	1.1844	0.1130	-1.2162	-0.2581	0.2390	0.1547	0.2846	-1.1125	1.2850	-1.3025	0.5442	-0.0652	-0.2513	0.6737	-0.9782	1.0496	-1.5188	-1.0687	-0.7450	-0.1518	0.1902	0.5252	1.0059	0.7898	0.1732	-0.3787	-0.1900	0.0958	0.0945	0.1168	1.7071	0.3428	-0.0428
0.7368	-0.5114	-0.5724	0.5492	-1.4410	1.4843	0.4893	-1.6167	-0.4947	0.5865	1.2339	-1.0632	-0.8739	0.4128	-1.7401	0.8143	-0.5497	0.8458	-1.0937	-0.5647	-1.2397	-2.4918	-0.1630	0.7021	0.9028	-0.6527	-1.2585	-0.3281	-0.6333	-0.3259	-1.1730	-1.1006	1.8703	0.8643	0.5423	-0.5679	-0.8238	1.3888	-0.6214	0.7195	0.6844	-0.1879	1.9601	0.6147	-0.5351	0.9121	0.8846	-0.1583	-1.3708	1.1388
-0.3190	0.6976	-1.5695	1.9343	-0.1886	1.1158	1.7113	2.0141	-0.0122	0.3574	-1.0385	1.3515	-1.3868	0.6899	0.9229	-1.4207	0.0308	1.1259	1.9396	-0.3906	0.3244	0.8022	0.6563	-0.3394	-0.6225	0.8900	-0.7630	0.3622	0.8091	-0.0830	1.1975	1.0881	0.2139	-0.9176	-0.9710	-1.8125	1.7070	-0.0191	-2.4944	-0.4944	-0.8293	0.3955	0.4996	0.5131	-1.5747	0.6159	0.3902	-0.5663	0.0463	-0.0559
1.1002	-0.5706	-0.5620	-0.5013	1.3369	0.2422	0.7054	0.5230	0.3109	1.5518	1.1833	-1.2060	1.6105	-0.3680	-1.7101	-2.3261	-0.9546	-0.7162	0.6184	-1.2470	-0.5056	1.5386	0.6877	0.1186	-0.2249	0.2269	0.0594	2.7357	-0.5873	1.8706	-0.4394	-0.2896	-0.8677	1.4084	0.4188	0.5560	0.6884	-1.0641	-1.9066	-0.9888	-1.6346	0.6354	-0.2570	1.2077	0.7745	0.7732	-1.6177	-1.1436	-0.3309	0.0729
-0.8136	0.4214	0.9699	0.7059	-0.2801	-0.4339	-0.2695	-1.3128	0.5298	1.5429	-0.5640	-1.3276	1.6858	0.3527	0.6721	2.1064	0.5137	0.5239	1.8815	-0.2228	1.3966	0.0945	0.1457	-0.6048	2.3842	0.6225	0.5064	-1.1823	-0.9662	0.2346	0.7373	-1.5497	-1.1690	-1.2703	-0.8036	-0.1309	-0.2180	0.3210	-1.2945	-0.3595	-0.9291	-0.3608	0.0531	0.0746	1.0197	1.0840	-0.4912	1.2869	-0.0578	0.2872
0.8358	-0.0725	-0.7478	0.3164	0.7664	0.3214	0.0106	1.2439	-1.1933	-0.0552	-0.5158	0.5535	-0.6928	0.3214	-0.3368	-1.6140	-0.5596	-0.5273	-0.0991	0.0760	0.1288	2.8048	2.3344	-0.8120	0.3130	0.0830	-2.0575	0.3689	-0.0283	-0.9578	-1.7795	0.8196	0.6461	-1.0276	-1.2228	1.3988	-0.9384	0.4798	0.4066	-0.0922	0.0052	0.2795	-0.5652	-1.5161	-0.6587	-0.1527	0.1291	0.8595	-0.4121	-0.3693
-2.0864	-0.5617	-1.3478	-1.5231	1.3012	0.8327	0.3410	0.7079	-0.6473	-0.1538	0.1237	0.5180	-0.2343	-0.9079	-0.8118	1.8786	-1.2625	0.2200	2.2641	-0.0990	0.7374	0.9454	1.3023	-0.3552	2.6186	-0.1335	-0.7257	1.2233	-1.3483	-0.3404	-1.9530	0.3604	1.4454	-0.0277	0.4258	-0.2106	-1.6140	1.9187	0.5303	0.2299	-0.0144	2.5081	3.1134	-0.1117	2.0309	-0.5966	0.6754	0.2527	-1.3784	0.5282
-1.7344	-0.6487	-0.8895	-0.5914	-2.5677	-0.9502	2.8256	0.5610	-0.4473	0.7338	-1.1625	0.5391	1.7474	2.2181	-0.3806	-1.4037	-0.4927	1.4199	0.0716	-0.9239	0.4126	-1.8660	-1.5568	-0.0705	-0.1599	0.2546	0.3791	0.2189	0.9450	0.9315	1.0521	2.3167	0.9722	0.8696	-0.2229	-2.4048	-0.4885	-1.0083	0.2971	-0.9789	1.7605	0.8194	0.2744	0.7230	-0.4849	-1.5283	1.1402	-1.3218	-1.5370	-1.8338
0.1125	1.1965	0.2559	-0.0968	0.2709	-1.1466	-1.2630	0.6178	1.1940	-1.0179	-1.8331	0.8983	1.2866	-0.0868	1.1348	-1.0153	0.6338	-0.5385	-0.4301	-1.5505	-0.3620	-1.1217	0.2770	0.9749	1.5208	-0.8428	0.7990	0.6676	-0.6056	-1.4673	-0.0159	2.8108	1.2099	0.3305	-1.6128	-0.4778	-0.2911	0.2165	-1.2073	0.1126	1.5123	0.5484	1.1582	-0.9164	0.3834	-0.0695	-1.1675	0.4798	0.6809	-1.2122
1.8159	-1.4723	-0.3493	0.5270	-0.5933	-0.7005	1.2458	-0.6964	0.1424	-1.0138	0.7867	-0.4616	-0.0160	-1.8037	0.1963	-1.4411	-1.4352	0.3800	-0.8773	0.3122	-1.2230	-0.3252	-0.0256	0.0944	-0.1399	-0.4948	-0.1953	1.8162	-1.1811	2.2670	2.0743	1.0559	-0.7468	0.7055	-0.1673	-0.7453	0.3412	-1.6028	-0.0324	-0.7498	0.2691	0.4033	0.5850	-0.7447	-1.4076	-1.5034	1.7255	-0.2911	0.5019	-0.6549
-0.8410	0.1093	-1.2299	1.3244	0.1628	0.3360	-0.7130	-1.1656	0.1949	1.1589	1.7736	-0.5441	-0.7824	0.5044	1.0871	0.4638	0.6395	0.0488	-2.8378	0.6237	0.9502	-0.3852	0.9400	1.0254	-0.0938	-0.1890	-0.9676	1.6691	1.1446	0.3246	0.8052	-0.6612	-3.3774	-0.8037	0.3270	0.1441	0.4041	0.7161	-0.3468	-1.2423	0.1857	-0.5498	-0.5058	1.6553	0.7098	1.5196	-0.8148	0.2156	0.6232	0.6806
-0.8061	-1.7878	0.9612	0.6006	-0.3956	-0.7370	-0.7281	0.4605	-0.4590	1.4439	0.3631	-0.4224	0.1533	-0.3892	0.2827	-0.0186	0.1881	-0.4568	-1.9967	0.7147	-1.0083	0.8394	2.0528	1.1230	0.0229	0.2950	0.4561	-1.0998	-0.1121	0.8978	-0.3347	1.6460	-0.4524	-1.1858	0.7215	0.0919	0.2450	0.9515	-0.5946	0.9487	-0.2078	0.7780	-0.4820	1.5260	-0.5046	0.5567	-0.1537	0.6495	0.5189	-0.2674
-0.2108	-0.4792	0.6335	0.1669	-0.4034	0.9919	-0.4258	0.1922	-0.0137	1.6707	-1.0375	-0.4212	0.0326	-1.0753	1.9501	-0.2129	-1.3430	0.9438	-1.3470	0.6688	0.8124	-0.1096	0.0837	-2.9239	0.3622	-0.7118	0.5720	-0.7634	-1.3607	0.9138	0.7306	0.1616	-0.6633	1.1101	0.6715	-0.1712	1.8104	1.0294	-0.0440	-1.0117	0.3241	1.3250	0.7726	1.5293	0.6762	-1.7738	0.6215	-0.2834	0.1155	1.1118
-0.5056	0.7744	0.5979	0.9479	-0.0905	0.8116	0.4566	0.8302	0.3992	0.2015	-0.3579	0.2922	1.6000	0.8325	0.0155	2.0537	1.0852	-1.4384	-0.7890	-1.5136	-1.0658	-1.3914	0.8819	-1.4036	0.7676	0.1694	-0.3574	1.2421	0.6559	0.3043	-1.1848	-0.6418	-0.6368	-1.2643	-0.0902	1.8734	1.7441	1.3647	-0.0006	0.1882	1.1509	0.0985	-1.1837	1.0511	0.7830	-0.7705	0.3151	0.2272	-2.2369	0.1664
0.7333	-2.0962	0.6216	0.7470	-1.5126	1.4542	0.3133	0.5828	2.0821	0.0648	0.8822	-1.5067	-0.6177	0.9829	0.6078	-0.9397	-0.7783	0.1419	0.0869	-1.1348	0.4677	0.3005	1.4835	1.5970	-0.6859	0.6702	-0.0242	0.1782	-1.8344	-0.7184	0.9839	-1.1992	-1.8144	-0.3018	-0.7011	-0.5413	0.3686	0.0403	1.1310	-0.0630	0.5674	0.5660	-0.7653	-0.0349	-0.3462	-1.3942	-1.0292	-0.3080	1.1569	-0.5211
0.5253	0.0938	1.2011	1.2333	-0.3732	-1.8495	0.0797	-0.1338	0.7904	-1.8729	0.5445	0.9249	-1.2174	0.0226	-1.4162	0.3666	-1.5068	2.0383	-0.3527	0.0659	-0.4872	0.5667	2.5279	0.4193	0.2482	-1.5104	-0.9930	-0.4039	0.7458	0.0600	0.3899	-1.2424	0.3328	0.6751	-0.4173	-0.4743	-0.2826	2.6479	-1.3189	0.3526	-0.1328	0.3092	-1.3778	1.3931	0.8153	0.5039	-2.3637	-0.1108	-0.4239	1.2642
0.3810	-0.6423	0.8910	-2.5476	-0.9315	-0.5615	1.0073	-0.9606	0.4605	0.2639	-0.8041	-0.6452	-0.4617	0.4193	0.9549	0.1751	-1.5692	1.2257	-0.4740	-0.4388	0.9846	-2.3554	0.9242	-0.5405	1.5056	-0.5493	-0.7381	0.7678	2.0517	0.1543	-1.1051	-0.5338	0.2613	1.0458	0.3981	1.3576	1.2056	0.3997	0.1196	-1.4189	-0.4124	-0.4852	-1.0049	-0.0323	-0.9099	1.2052	0.8075	1.3365	1.0274	0.9759
0.0673	-0.8635	1.6370	0.8870	-0.5736	-0.2241	0.8785	-0.0630	0.2850	-0.1984	0.1583	-2.0650	-1.0920	1.5535	0.5357	-0.1767	-0.2776	-0.4458	0.6248	-0.4918	-0.1332	0.4455	-0.1768	-0.8624	-0.3890	-1.2611	-0.0904	0.7941	-1.5922	-1.0331	0.1199	1.5057	-1.7043	0.2188	-0.3795	-1.6219	-0.1335	0.3940	-1.0469	1.3542	-2.0181	0.5443	-0.2027	1.6260	-0.0340	0.8403	-0.5151	-1.8906	0.3239	-0.3577
-0.9272	-0.1943	0.5215	-1.8815	0.3402	-1.7200	-0.3168	0.7856	1.4152	-1.4183	-0.8098	0.1023	-0.5475	-2.7927	0.2712	1.1334	-0.6325	1.3702	1.4356	-1.5445	0.6744	-1.2486	-0.0791	-0.4177	-0.9057	0.4568	-1.9151	-1.7172	0.2422	0.0336	-0.3444	-0.4696	0.4837	-0.2587	-0.3276	-0.0188	-1.6086	-0.4256	0.7567	-0.4559	1.1564	-0.9963	-2.2242	-0.3050	1.1169	1.2006	-0.1122	-0.7508	0.6390	1.5430
2.4330	1.2330	-0.8843	-1.7185	0.7047	-0.3544	-0.4266	0.6550	-0.2065	0.3383	-0.2784	1.4689	0.5918	-1.2243	-0.0578	0.3730	-0.6139	0.1134	-0.1475	-1.0040	-0.7000	1.7846	-0.8083	-0.8513	-1.5071	-1.9048	-1.1803	1.6392	-0.7688	-0.4535	0.0029	-0.8181	-0.0287	0.5449	-0.1581	0.8414	-1.6082	0.2533	-0.1404	1.6989	-0.8790	-1.1947	1.1635	0.1010	-1.9988	-0.0490	-0.1344	-0.4721	0.6311	-0.2204
-1.2066	0.2868	1.2205	1.1715	-0.0226	0.4895	0.0000	0.1604	-0.4945	1.0954	0.7772	0.2117	1.7957	-1.2736	-1.2626	0.5012	1.3334	-0.9844	-0.4215	-1.2902	-0.4407	-0.0108	-0.1657	0.9049	1.1443	-1.8648	1.4461	0.5843	0.5669	1.1870	2.5286	0.2081	-1.5391	-0.2855	0.6004	0.6917	0.8732	-0.2106	0.8784	0.5677	-1.1711	0.2477	-0.2696	-0.9535	-1.3792	-0.5441	-1.9736	2.4742	-0.8397	-0.1923
-0.2796	-0.6146	-0.4061	-1.4380	-1.7909	-0.6633	1.8529	-0.7155	-1.0312	-0.5097	-0.1299	0.7415	-0.8650	1.7076	-1.9534	-0.6101	-1.9981	1.1009	0.4063	-1.1029	0.5819	0.5760	1.0879	-1.2612	-0.6664	1.5589	0.9513	0.7519	0.1369	-0.0373	-0.1333	-0.2677	-1.2742	-0.7575	0.1411	-0.3103	0.4706	0.4459	-0.0203	0.4030	1.5330	-1.1978	0.8735	-0.7122	-0.8955	1.4962	0.5203	-0.0949	0.1156	1.5035
0.3183	0.7757	0.7149	0.4924	-2.1742	0.3475	-0.7162	0.7779	-0.6449	1.0042	-0.7457	0.3235	-0.5989	-0.3892	-0.0733	0.2730	-1.2993	-1.0287	-1.0105	2.2248	-0.4388	0.5032	1.2849	1.8434	-0.8284	0.6559	2.8674	0.7256	0.8586	-0.9841	0.3039	0.9282	0.1775	-1.2770	0.3596	1.4285	-0.5471	-0.2783	-0.2243	0.4679	0.4138	0.1102	-1.3768	1.1282	-0.1373	1.5298	0.5584	-0.8608	-1.3763	-1.1082
0.1633	-0.2570	-0.0896	-0.7779	-0.3563	1.2183	1.3007	-0.9489	0.6714	2.5589	1.7511	0.2929	-1.2009	0.3420	-0.8821	-0.7861	-0.5388	0.1115	-1.4605	0.6740	-2.3956	1.3582	0.2137	0.3816	2.3783	-0.1087	-0.1478	-0.9518	-0.6476	0.2507	0.6836	0.0494	-0.5971	0.1030	0.1668	1.0833	-1.0353	-0.5713	0.2000	0.9310	0.2880	-0.5495	-0.6105	0.3613	-1.9046	0.6923	-0.0197	-0.0901	-1.9979	0.0357
0.5068	-2.3530	-0.7464	1.1247	0.4451	-1.2136	0.7968	0.1432	-0.5430	-0.2973	0.9960	0.2248	0.9529	0.5297	-0.1466	0.3283	2.1820	1.2696	-0.1323	1.6400	-0.1027	-0.1672	-0.4690	0.4030	0.4537	-0.5497	0.6369	-0.1550	0.3921	-0.0524	0.0444	0.1654	-0.8135	-0.3252	0.2894	0.0944	-0.5585	0.1096	-0.5448	-1.7108	0.1283	-0.6150	-0.2554	1.2049	0.9577	-1.4783	-1.8701	-0.8082	-0.6667	-1.3483
-1.4720	-0.6281	0.3867	2.0107	-0.8414	-0.2394	-0.8940	-0.0518	-0.4343	0.5629	-0.5683	0.5883	-0.3360	-0.2820	-0.8252	-1.3575	-0.5293	-0.7331	-0.4596	-0.8199	-0.4481	1.2379	-0.8634	0.1353	-0.3718	-0.1762	0.0693	0.8515	0.5079	-0.1201	1.0810	-0.3811	-0.4762	-0.0017	-1.1546	-0.4981	0.6769	-1.7958	-0.5502	0.0756	-0.6841	-0.1337	-0.2719	-0.0075	0.6761	0.3711	-1.2381	0.8708	0.0976	0.3181
0.1743	0.8687	1.1690	1.1605	0.3210	-0.2625	1.2749	1.0193	-0.4235	0.0153	-1.0031	-1.4647	-0.5137	-0.0601	-1.7134	-1.0015	0.1908	-0.8920	0.5362	0.5714	0.1747	-0.3297	-1.8212	0.5226	1.3443	1.3669	-0.5750	0.2444	-0.0140	-1.9028	0.2544	1.3423	0.5201	0.0166	2.0355	1.7383	-1.0797	1.5330	1.8075	1.2188	-1.1407	-0.6393	-0.2840	-2.0269	-2.6601	0.2753	-0.6319	-0.9642	-0.5909	-0.6010
-0.9449	1.7559	-0.0984	0.0560	0.0061	-1.0566	-0.2083	-0.5699	0.4330	0.3874	0.0769	0.8731	-1.0401	-0.1412	0.4960	0.6454	0.5690	-0.2058	0.5771	-0.5461	0.6070	-0.8083	-1.0845	-0.6307	-0.9754	-0.8703	0.3022	-0.3688	-1.7724	-0.1433	-0.4902	0.1281	0.3193	-2.1453	-0.5455	-0.5258	-0.7924	-2.5356	0.8281	0.8046	-0.6666	0.7858	0.2590	-0.4041	-0.2459	-1.5243	-0.5944	0.7068	0.5042	-1.3519
-1.9057	0.5434	-0.1989	-0.7600	-0.7304	-0.2244	0.5164	-1.5894	-0.8525	-0.1714	0.3942	1.4156	-0.5109	-0.3630	-0.9555	1.6847	-1.4197	0.9970	1.2244	1.3078	1.4606	-1.9523	0.3997	1.8036	0.4621	0.5873	-0.2200	-0.3592	-2.6359	1.4833	-0.1225	-0.0586	-0.4959	-0.8241	-1.2784	0.1790	1.3387	-1.9720	-2.1839	0.3580	1.1539	0.8873	-1.6598	-2.4739	0.8738	-1.5019	0.3551	-0.8910	-0.5935	-0.2641
1.7357	0.8291	2.1531	1.5910	-0.5805	0.2932	0.3088	1.0739	-0.5691	1.4967	-0.9403	0.9479	1.9493	1.2782	-0.1112	1.0468	-0.3190	-0.2367	-0.5589	0.4038	-1.6514	1.4081	-0.2487	1.1791	1.5735	2.1624	0.3244	0.0256	-0.3764	1.4755	-0.1410	-0.3753	0.9520	0.2980	0.3867	0.2345	-0.5157	0.0225	2.0382	-0.6356	1.9016	0.1887	0.3987	0.3185	-0.3697	-2.2152	0.4547	0.6203	0.7459	-0.8015
-1.2800	-0.8734	1.0919	-1.0117	0.9787	-0.1051	-0.4177	-0.8403	-0.6609	0.3276	0.5781	0.7940	0.6496	0.0487	-1.2968	0.0744	2.0408	0.2026	0.7743	1.3806	0.3485	-0.7638	1.7344	0.8830	0.4659	1.9726	-3.3476	-0.5442	1.6291	-0.5100	-0.4331	-0.7970	0.3962	0.5381	-1.7249	0.3702	-0.4650	1.1397	0.7784	-0.9067	0.0170	-0.6678	0.4431	-1.1730	-0.4281	-0.8738	0.9124	-0.5743	0.4724	-2.5290
-1.7408	1.6606	-0.3376	-0.3484	1.6796	-1.4568	-0.3511	-0.2789	-0.5359	-1.9623	-0.5291	-0.4961	0.5376	-1.5489	1.1106	0.6240	1.1347	0.0251	0.4035	-0.1205	-0.1311	0.1305	0.0832	0.1504	-2.8000	-0.1722	1.2625	-0.9437	-0.1254	-2.7583	0.7946	0.6884	-1.2399	-0.6161	0.5270	0.7249	-0.5112	-0.8061	0.3993	0.2594	0.5060	-0.4324	-0.4180	0.1850	-0.6454	0.2514	1.2978	-2.0569	0.8268	-1.1305
0.3240	-0.6645	-2.3363	0.9249	0.1658	-1.7638	-1.0973	-0.2164	0.5538	-0.0070	-1.1491	-0.9706	-0.9221	0.0159	-0.5099	0.7268	0.9768	-1.0068	-0.0598	-0.9954	1.0192	1.4052	0.7727	0.6579	0.2077	0.0763	0.5601	1.1941	0.4664	-0.2229	0.9573	1.2606	-1.0163	0.4598	-0.0629	2.6772	1.1156	-0.3775	1.1416	0.0684	-0.8785	1.2504	-0.5759	0.1023	0.9321	2.2615	1.8165	-0.4090	0.7850	-1.0478
-0.8196	1.2362	0.7252	0.4274	1.1760	0.2927	-0.9291	-0.4532	-0.7787	-0.3623	0.7549	-0.7435	0.3626	0.0529	1.2146	1.7832	-1.0616	0.1956	0.0202	1.1650	1.4151	0.8343	1.4096	-0.3366	-0.5477	-0.1949	1.8613	1.2906	-0.0586	0.6009	1.0579	-0.9151	-1.1775	0.9191	-0.4338	1.1888	-0.9419	-1.6041	-0.1519	0.0042	2.0711	-0.8275	-0.0594	2.6503	0.5152	0.6672	-2.2206	0.1577	-0.5710	-0.6359
1.4001	-2.2937	0.6327	-1.5319	0.7461	-0.3732	0.2343	0.9907	0.1624	-0.4449	-0.2598	-0.3405	-0.0244	0.1038	-0.0058	-0.4151	0.6154	0.0211	1.9314	-0.4001	-0.8026	-0.1296	-0.0724	0.3104	0.6759	-0.8451	-0.1174	2.4610	0.3474	0.4612	-1.6748	-0.9703	0.6259	0.2687	-0.2304	-0.7680	0.6419	-1.5720	0.0244	-0.1789	1.0775	-1.2451	1.0545	2.1864	2.3931	-0.9032	-1.8396	-0.2570	0.5751	0.2931
-0.0162	-1.0253	-0.9090	-0.4953	-2.3113	0.7479	0.9103	0.4914	1.3899	-0.1565	0.0165	1.1861	0.0390	-1.1381	2.0940	0.6534	1.9328	-0.5606	0.7399	-0.6426	0.0459	-0.7530	1.4110	0.4345	0.0367	0.2252	0.5687	1.3105	0.6837	-0.7829	-0.9315	-0.5018	-0.4023	1.5139	-0.1611	-0.2517	-0.0262	-0.2015	0.5580	0.5879	0.3481	-0.7616	-1.1198	1.7434	-0.1276	-0.1090	-2.0073	-0.9828	0.0746	1.5749
-0.1248	-0.8725	-1.7362	-0.7053	-0.2820	-1.3985	0.7149	-0.2102	0.6987	0.5987	0.3269	0.0275	0.7811	0.8476	0.0490	2.6058	0.4065	0.5724	0.3153	-0.0851	-0.5394	-0.3373	1.0951	-0.1943	1.0364	1.5687	-0.9354	-0.0800	0.4706	-0.6618	0.6657	0.2429	0.3881	0.8017	-0.1625	-0.1922	0.8837	0.8037	0.1612	1.7049	1.3429	-0.0045	1.8503	-0.5636	2.1393	-2.3038	-1.4750	-0.1499	-1.4875	0.8416
-1.1407	-1.2716	0.6863	-0.7497	-1.1631	-1.5248	-1.3759	0.1519	-0.4373	-0.1551	0.2637	1.7435	-1.1829	-0.4358	-0.9592	-1.2193	1.3201	-0.9836	-0.0241	0.4282	2.7189	0.6193	-0.1387	-0.6186	0.8274	-1.2530	-0.9078	-0.7581	1.4864	-0.6612	0.0068	1.0655	0.7725	0.8399	-0.4184	1.3095	-1.4252	0.4467	-0.3510	-1.5236	1.5807	-1.2474	0.4809	0.5973	2.6250	0.9915	-0.0256	-0.2461	-0.1025	0.4345
1.4028	-0.5648	-0.8064	1.5420	-3.5257	1.3989	-0.1490	-0.3935	0.2798	-0.4136	-0.7754	1.4869	0.9817	0.4762	-1.4414	-0.0933	0.3804	0.5637	0.6836	0.4068	0.0306	0.4001	0.5779	1.2859	-0.9427	-0.3116	-0.8992	1.3065	-1.4000	-0.7386	-0.1671	1.7373	-0.1635	0.3398	0.0855	1.4270	-0.5041	1.2314	0.6348	0.6331	0.0757	1.5340	0.8688	-0.3379	-1.5559	-0.0693	0.3100	0.0876	-0.6893	-0.1190
-0.6621	0.2279	-1.8262	0.8450	-0.4192	1.0360	-0.3774	0.2414	-0.5523	-1.7938	-1.6029	0.4354	-0.4600	-0.1552	1.0840	-0.5386	0.3349	-2.4156	-0.9826	-0.3321	-0.4944	-0.1354	0.9763	-0.1452	0.6144	-0.8626	0.4314	0.2244	1.0516	-0.8017	-0.8019	-1.1733	-0.0096	0.3148	-1.6582	0.3420	0.3836	0.0642	0.8930	-0.3884	-1.2732	-1.9483	0.8954	0.3850	1.0300	-0.7013	-1.0159	1.2186	0.8014	-2.1436
0.0695	0.6826	-0.2707	-0.1025	-0.6963	0.1261	1.3652	-2.3006	0.2641	1.1689	0.7536	0.7022	0.8860	-0.0600	-1.6778	-1.3126	-0.5010	-0.6970	0.1418	1.3489	0.8766	-0.1962	-0.2233	-0.7614	0.6713	1.3409	0.4042	0.7097	1.4622	-0.4982	1.3495	0.8799	-0.6361	-0.1562	1.3192	0.4837	1.9450	1.1404	-1.9160	0.6203	-0.9206	1.0443	1.0882	0.0548	0.8295	-1.2066	1.4218	0.6194	-2.8152	0.1363
1.1736	0.6793	-0.0436	1.3777	-0.5282	-0.6649	0.4271	1.3003	-0.7611	-0.8160	1.2872	-1.5756	1.6620	0.2229	0.9362	0.4824	-0.6003	-0.8124	-1.4551	0.2283	0.3462	-0.0349	0.4532	-0.6298	-0.5608	0.1890	0.0073	0.6201	-0.9413	0.1957	-0.4605	-0.2213	1.4400	-1.1981	0.7237	0.8340	-0.5581	0.2112	0.4721	-0.0758	-0.4029	-1.3114	0.9229	-1.3681	0.6629	0.3089	-0.2219	-1.0880	-0.8400	0.7712
0.0988	0.5813	-0.7513	0.3578	-0.0048	-0.1155	0.6568	-0.3824	-1.6046	0.3467	-0.8120	2.1738	-0.5565	0.6340	1.5535	0.4908	-0.0665	0.4232	0.8642	0.2058	-0.1205	-0.6638	0.9505	0.9406	-0.7199	-0.0266	-1.3551	0.6555	-0.9406	1.7508	1.0089	-0.5418	-0.4090	-0.1271	0.9659	0.0594	1.8884	1.8367	-0.3621	-1.4284	0.4787	0.0385	0.7988	0.0459	-1.3886	-0.3867	0.5734	-0.5342	-1.1320	0.0547
1.5722	0.6263	-0.0852	0.0218	-0.8974	1.0351	-0.3203	-0.3107	-0.2364	0.3893	0.4587	-0.2571	1.0801	-0.3320	-0.0190	0.1667	-0.6157	-0.7790	1.1416	0.1455	-0.9696	-1.0877	-0.3154	-0.2788	0.0383	-1.5198	1.7472	0.1962	0.1073	-0.9070	0.1011	0.9583	0.2958	1.3071	1.5201	0.2186	-3.1140	0.6332	0.2757	-0.1988	0.4302	1.7790	-0.0966	-1.2185	0.0248	0.4768	0.2019	0.0707	0.0565	1.3133
-0.6695	0.7554	1.0113	-1.1895	1.3366	-0.4006	-0.6874	-0.0633	0.4811	0.3199	-0.4374	-0.6464	0.4818	-1.2815	-0.7141	0.7607	0.3994	-1.4277	0.2659	-0.4712	0.8545	-1.7831	-0.9055	0.4285	-1.9187	1.1649	1.2256	-0.8432	0.5293	0.4633	0.1775	1.8077	0.7941	-0.2331	-0.3560	-0.1459	0.8218	-1.5927	-0.9413	-0.8442	0.1994	0.1960	-0.5494	-0.8982	-1.3952	0.9941	-0.2574	-0.7767	-1.0409	2.7477
0.2546	-0.7266	-0.1982	0.1136	-0.1942	-0.7335	1.2622	-0.5851	-0.4843	-0.3547	-0.6918	-0.4832	0.0177	-0.6119	-1.5677	-0.4173	-0.3421	-0.3191	1.6798	-0.2711	0.0405	1.1129	-1.3741	0.8688	0.8207	-0.6030	-0.0840	1.0873	-0.6606	0.1916	-1.1385	-0.1957	-0.1123	0.8301	0.0307	-0.6912	-0.8182	-0.3964	0.9753	-0.0991	-1.0070	1.1639	0.6170	-0.8466	-1.5010	0.7755	-0.3689	1.0735	0.0534	0.8622
0.2195	-0.9789	1.1817	0.0242	0.6776	-0.9975	-0.7211	0.0009	-0.4070	-0.4894	-1.2481	0.4320	-0.2981	-0.4571	-1.1090	1.5701	-1.6599	-1.0922	0.1595	1.8096	0.0153	0.9546	1.2527	0.6374	0.6080	0.8406	-0.4405	0.0594	-0.2189	-1.1943	-1.5605	-0.0997	0.8122	0.3580	0.9436	0.2180	0.4872	0.2791	-0.3672	-1.5977	-1.6194	0.2952	-0.3510	-1.3728	1.5826	-0.5033	0.1592	1.2465	-1.6889	1.3805
-1.7068	-0.5754	-0.4327	-0.0895	1.9952	0.7081	0.5761	0.1812	-0.5887	0.2371	-1.8106	0.7479	-1.4327	0.3704	0.9759	-1.4231	-1.5381	-0.4494	0.4604	-0.2300	-0.6973	-0.8894	-1.3878	-0.9574	-0.1942	0.7409	-0.2329	-1.3345	-0.5573	0.0425	0.3934	0.2707	0.7483	-2.1251	-1.5893	-0.5156	-0.9015	1.1954	-1.5679	0.6713	-0.4311	0.4477	0.6508	0.7148	0.7761	-0.6737	-0.5307	0.6189	0.2613	-0.6978
-1.1308	0.8925	-0.2282	0.3243	0.3615	-1.6785	-0.3614	-0.0179	-0.2613	-0.6734	0.5488	-0.5660	0.1049	-0.5535	-1.8658	-0.2817	-1.3947	-1.6725	-0.3352	0.9361	-1.9750	0.5331	2.0482	0.0268	-0.0500	-0.9268	-1.1245	0.8142	0.5431	-0.2408	0.7096	-1.3119	-1.5130	1.2624	-0.1225	0.3293	0.6418	0.2341	-0.4158	-0.5098	-1.5829	-0.4298	1.7030	0.2424	0.7228	-0.5954	-0.7201	0.2842	0.9694	0.7386
-0.1204	-0.0157	0.7082	1.3491	-0.1821	0.7207	1.0437	0.4681	0.5602	0.8109	2.0797	-0.3411	-0.5208	-0.8447	0.4247	-2.0600	0.5289	2.2741	-1.7280	1.2452	-0.7359	0.4756	0.2181	0.9178	0.7677	-0.1673	0.0602	-0.1579	-0.3273	1.1813	-0.0154	-0.5707	-0.2524	0.3148	1.3917	-0.9043	-0.2425	0.3329	0.8177	0.1844	1.5521	1.1388	-0.8656	1.0127	0.2677	0.1094	-2.0470	-3.2168	0.1384	-0.6452
-0.9587	1.4669	0.7474	0.6791	-1.3906	-0.2227	0.5721	-0.5833	2.2036	-0.3671	-0.3012	-2.1173	1.5569	-0.0696	2.2790	0.4494	0.6361	-1.1074	0.4306	1.8663	0.1422	-2.0249	0.2093	0.8229	1.4685	-0.4379	0.7508	-0.8112	-0.5597	2.5617	-0.9979	0.9758	0.7274	0.7843	-0.6256	-1.7658	-1.2685	-1.2674	-1.4285	-1.3676	0.9169	-1.7022	0.2487	-0.4511	-0.1511	0.3958	0.8570	0.3458	-0.0652	0.1138
-1.3645	-0.5895	1.0775	-0.6274	1.5250	0.1439	-0.3723	-0.6378	-1.1419	0.3156	0.6171	-0.1497	-1.7542	-0.3229	0.5831	-0.5130	-0.0358	0.3180	-0.7812	-0.3198	0.9237	-0.3105	-0.0309	-0.0297	-1.2574	-1.2455	0.4352	1.6648	0.3640	0.0196	1.8709	-1.4731	-0.0849	1.9566	-1.5105	-1.9497	-0.7615	0.7295	0.8756	-0.6481	-1.2278	0.7834	0.0170	-0.2469	0.0062	-0.5531	0.3678	-0.2574	-0.3549	-0.0833
1.4619	-0.0884	-1.0430	-0.7255	2.4245	-0.5057	0.2165	-1.1745	-1.1231	0.4723	0.0335	0.6018	-0.1740	-0.7912	-0.3489	-1.2945	-1.3514	0.0732	-1.9232	-0.0543	1.6332	0.0447	-0.9792	1.4604	-0.6675	1.1659	-1.4487	1.7922	-0.6148	-0.5367	0.7188	0.8213	-0.1034	0.2718	0.5459	-1.6351	1.3940	0.5672	-0.4186	-0.1022	-1.8361	-0.1614	-2.6853	0.3103	1.5711	-0.0229	-1.5270	-0.0394	-0.8409	-0.5674
-0.2637	0.1642	-0.4856	0.2249	0.5263	0.6046	-0.7812	-1.4252	1.0369	0.4340	0.3859	0.7146	-1.5242	0.6868	-0.5319	-0.5082	0.3429	-0.4508	0.1557	0.6985	0.4327	0.6069	-0.3143	0.6540	-0.2586	0.4338	-0.4149	0.3372	0.8157	1.2220	0.3273	-0.2511	-0.0550	0.6520	1.2894	-1.0508	0.7967	-0.3599	-0.5825	0.1743	-0.6962	0.3669	-0.1539	0.7791	1.9961	-1.0579	-1.1175	0.9844	-2.1926	0.1593
-0.3779	-0.5769	-0.4167	-0.3751	-0.0709	-0.8646	-0.5513	-2.4543	-0.2591	-0.3245	-0.9978	0.1575	0.1781	-1.0173	1.8796	-0.8489	-0.1919	0.8980	0.0112	-1.8278	-0.3020	2.2093	0.1403	0.2809	0.7483	0.2128	-0.7931	0.7028	0.1702	-0.5037	-1.1172	0.1576	0.5539	-0.8509	-0.5609	0.2291	0.2331	0.4042	-1.7797	-0.4695	1.1060	0.3603	1.3196	-0.3969	-0.1645	-1.1090	0.9702	-0.3444	0.2063	0.5452
-0.2460	0.2117	1.0984	0.1609	-1.3747	2.0304	0.4064	-0.0079	0.9360	-0.7928	-0.1863	0.8638	-1.4301	-0.5307	-0.2965	-1.7301	-1.2209	-1.3875	0.7949	1.1567	0.6653	-0.4238	-1.0568	1.2006	0.9670	0.0496	0.8171	-1.6680	-0.4253	1.4705	0.9050	-1.1960	-1.8236	-0.7604	-0.9129	-0.5986	1.0537	-0.7513	0.9920	-0.0721	-0.8444	-2.6550	0.3235	-0.5201	1.6090	0.6657	-1.4624	0.0854	-0.4577	-0.0276
-1.8629	-0.4170	2.2524	1.2356	0.1841	0.5281	-0.1024	1.4365	0.3628	-0.5045	0.3893	0.8140	0.2362	-1.1842	0.2380	0.2941	-1.6905	-0.1387	1.3511	-0.2338	0.7401	0.3698	-1.0163	-0.4422	-0.8964	-0.1457	-0.8014	1.0666	-0.8042	-0.7798	-0.2696	-0.0557	-0.3943	-1.0633	1.7410	-1.2908	-0.3311	0.6642	-0.4006	0.3729	0.1969	1.5729	0.2138	-0.4457	1.4762	-0.6959	0.1758	0.3868	-0.6719	-0.7298
-0.8603	0.2688	-1.0575	0.7549	0.8581	1.1369	-0.8991	1.3529	1.1629	-0.2032	-0.3162	-0.6057	-0.8195	1.6860	0.1183	0.0974	0.4032	0.1126	-1.4073	-1.3705	0.1228	0.3408	1.2816	-0.2344	1.6726	-0.5829	-0.4066	-0.3233	0.9411	0.6174	0.8609	-1.7523	0.8712	0.9460	-0.7353	2.0707	-0.7984	0.7497	0.1478	-0.5322	0.4532	1.5867	-1.0220	-0.7209	-0.3666	-0.4571	0.2161	-0.6583	1.7598	0.0334
0.6869	-1.8492	-1.5606	0.7487	-0.7787	-1.7515	-1.7176	-0.9092	1.2513	-0.0699	-1.2287	-0.4446	-1.2026	-1.7764	0.8172	0.0142	0.5280	-0.3549	0.6428	-1.4803	-1.4758	1.1009	-0.3247	-0.7699	-1.0038	-0.0321	-0.6304	0.4228	-0.0859	-0.6840	-1.0960	-0.8412	-0.6231	-0.4841	-0.5814	-0.1628	-0.8947	-0.2884	-1.7625	1.3180	-0.1037	-1.6171	-0.0502	1.5782	-0.0883	0.8097	-1.3131	2.8075	-0.9608	0.6658
-0.6289	0.5472	0.2386	-0.1397	0.9526	-0.7743	0.8017	-0.5785	-1.6900	-0.0871	0.7835	2.2472	1.8916	-1.2988	-0.5952	-0.2413	1.8126	1.2166	-0.0459	-1.5474	-1.8864	-0.0887	-0.5877	2.0297	1.7466	0.7798	-0.5430	1.0071	0.2002	-0.2648	1.1799	1.0420	0.5258	0.7268	0.7602	-0.0685	0.9867	-0.9077	1.7359	0.0177	0.2080	0.5842	0.4155	0.4706	-0.3917	1.3052	0.2126	0.1730	-0.7700	0.2483
0.5651	1.9041	1.5548	-2.5138	-0.0766	-0.4136	1.4840	-1.0721	2.2056	0.9305	1.0517	0.4792	-0.1723	0.9866	0.1891	1.5322	-0.0128	1.2057	-1.2160	0.5922	0.9429	1.1492	0.3972	0.5064	-0.7912	-1.0765	0.1893	0.1739	-0.3083	0.1687	-1.3541	0.6186	2.5208	0.7420	0.0840	0.6892	-0.3644	-0.1656	0.1045	0.3938	0.9367	0.3472	-0.4876	-1.0528	1.0960	0.5821	-1.2377	-0.3218	-1.3298	1.1119
0.2830	1.2812	-0.2485	-0.4301	1.1064	-0.3541	0.8758	-0.4288	0.0552	0.1045	0.9100	-0.4819	-0.1851	-0.1577	1.9926	0.3445	-1.6366	-0.7303	-0.1970	-0.6468	-0.6963	0.5148	-0.2211	0.3775	-1.3944	0.0761	0.3754	-0.5196	-0.1719	-0.7217	-0.0822	-1.3914	-1.2130	0.1650	-0.1373	0.7084	-0.3604	-2.4563	-0.9044	-0.2682	-0.8338	-1.7452	0.9779	-1.4665	0.0410	-0.8844	0.2397	-0.2353	-2.1636	-1.1204
0.5173	0.3657	-0.6707	-0.4122	-0.5472	0.5608	0.8998	0.9058	0.2895	0.7724	0.0520	-0.4538	0.5571	-1.7102	-0.5009	-1.2650	-0.0084	-1.5658	0.3392	-0.4684	0.7891	0.3711	0.3880	-0.5779	0.6851	0.1451	1.3648	0.5635	0.1527	-2.1943	0.3014	0.6581	0.2101	-2.2721	0.4813	-0.9510	-1.9877	-1.5684	0.6378	-0.1590	0.1692	-0.7454	-0.5967	-1.0949	-0.4660	0.3408	-1.9827	-0.2052	-0.1718	-0.7124
1.0052	1.4153	-0.8736	-0.1003	0.0500	0.2424	0.9009	0.5193	-1.1727	-1.0003	0.5669	0.6154	-0.1487	-0.2997	1.0313	0.3819	1.0716	-2.5091	-1.8509	-0.7628	0.4383	-0.6245	0.7279	1.5269	0.4419	1.2777	-1.5264	-0.2689	-2.0750	-1.6648	0.3076	-1.3157	0.1632	-0.6019	-0.3446	1.2646	-0.1010	-1.7899	0.3152	-0.8719	0.1740	0.0961	-0.0157	0.7801	-0.2521	1.5577	0.7334	-0.7902	-0.2832	1.4286
-0.9614	0.0473	0.8446	-0.4175	-0.3777	-0.1562	-0.2362	-0.0321	-0.2573	-1.3084	-0.1722	-0.9501	0.5029	1.1251	-0.7569	0.8073	-0.4064	0.7178	-0.3879	-0.3933	-1.2620	0.8955	-0.4907	0.1610	-0.6259	-1.1678	-0.8965	-1.2147	-2.4875	0.5152	-1.3853	-1.8658	-1.1648	-1.0987	1.0873	-0.1846	-0.1225	1.6868	0.3792	0.4423	0.4193	-1.2800	-1.1236	0.3995	0.0177	0.2569	-1.0078	0.8059	1.1221	0.6989
0.4558	0.7644	-0.0080	-0.6442	-0.3035	0.9131	1.2071	0.1572	0.3100	2.0058	0.0062	1.8698	-1.9108	1.2352	1.2382	1.5514	0.4288	0.4183	-1.1305	0.7730	-0.1900	0.6650	-0.7412	0.3381	0.9256	-1.3755	0.7971	-0.4938	1.6079	-0.7767	0.1387	0.4513	0.5870	0.5880	-1.3774	0.1035	-1.1729	0.5543	-0.6121	-0.6588	-0.4167	1.0270	0.3557	0.7530	-0.3054	0.9157	-0.4462	-1.1572	2.4460	0.1795
-0.2191	-0.7354	1.7680	-0.6434	0.3877	1.4808	0.3312	1.1717	0.6662	-0.0071	0.3424	0.0935	-0.6104	-0.6882	0.2602	-0.8308	-0.6373	-0.6037	0.5170	-1.2570	-0.0851	-1.5891	0.7316	-1.6965	0.4769	0.1323	-0.9890	1.1159	1.3430	-1.0600	1.4733	-1.6727	1.3054	1.4856	1.3587	-0.0209	0.4342	-0.5696	-0.6753	-0.5155	0.2055	-0.2167	0.1486	1.8188	0.6954	-0.5479	-0.0285	-0.5750	-0.9884	-1.3287
0.4942	0.4151	-1.1135	2.4448	-0.5564	1.0732	-2.1556	-1.0513	-0.3548	0.3070	-0.4624	3.4271	-0.4800	-0.4673	0.6826	-0.7911	0.1154	-0.8586	0.7312	-1.4234	0.4276	-0.3385	1.0521	-2.5715	-1.0050	0.1652	-1.1362	0.1540	-1.2588	-0.4395	-0.2288	-1.4220	0.1615	0.8561	0.8467	-0.0019	-0.5368	0.3852	0.0489	-0.6371	-2.5526	-1.5278	0.5900	0.2825	0.0479	-0.1171	0.2646	-0.8490	0.8705	0.3600
-0.8276	-0.2058	-1.5934	0.9172	-0.3046	-0.7095	0.2512	-1.3418	-0.4277	1.3349	1.2201	1.2202	-0.0880	1.6714	-0.2206	0.6098	0.7151	0.0451	0.1062	0.5922	-1.6489	1.2190	0.4253	-0.2591	-0.0682	0.4641	-0.0077	2.9908	-0.4453	-0.3761	-0.9430	0.1076	0.0033	0.5635	0.4264	-2.0792	-0.6800	1.0323	-0.2098	0.2972	1.8321	1.2880	-0.1708	-0.6094	-0.7217	-0.6666	0.7101	-1.0365	-1.5528	-0.1684
-0.5289	1.6576	0.1477	0.1272	-0.5564	-0.5902	-0.9887	-0.9111	1.6999	-1.1864	1.5738	-1.7904	-1.2898	-0.3479	-0.5492	0.8754	-0.6882	0.1270	-0.0175	0.3994	-1.4408	1.1211	-0.8792	0.1683	-0.9829	-1.1305	-0.0889	0.6072	1.0822	-0.0943	0.6665	2.2766	-0.3817	1.2151	-1.7247	0.6933	0.2038	0.3282	0.6090	0.9713	0.0670	-2.1666	-1.7616	0.9075	0.3349	0.6734	0.4046	0.0444	-0.9704	-0.3932
0.0154	-0.2805	-0.6249	0.6671	-0.3121	0.4669	1.4835	-1.0370	-0.6598	-1.3324	-0.2610	0.9318	2.4936	-1.0608	1.7001	-0.2040	1.4965	2.2435	0.6180	-0.5888	-0.8758	-0.4157	-0.3361	0.4302	1.3539	-0.7878	1.9759	-0.9152	1.6156	-1.4793	0.9988	-0.2830	-0.0915	0.5780	-0.3655	-1.0675	-1.5107	-1.5138	-0.0937	1.1156	0.7961	-0.0097	0.1880	-0.7263	-0.8960	0.3844	0.1856	-0.3172	-0.0870	0.1114
0.1738	0.9198	-1.0171	0.2982	-0.2044	0.6099	0.6759	0.2225	1.1299	-0.2374	-0.5630	1.3954	-0.8907	-0.9424	0.7272	0.1893	0.5718	-0.5750	-0.6823	-1.2761	-0.9074	-0.5481	-1.0484	1.0768	1.1315	0.7446	0.6774	-0.8715	-0.6840	0.3024	-0.4485	-0.4690	-1.2445	1.0196	-0.6545	2.3882	-0.0611	-0.2418	-0.0635	0.1085	-0.6908	0.2032	-0.6902	-1.1915	0.4212	0.8245	-0.0938	1.0262	-0.0306	-2.4407
-0.0207	-0.7164	1.8623	0.3652	0.7246	-0.0128	0.6078	-1.4808	0.7556	1.0400	-0.6104	-0.3710	-1.0936	-1.7688	0.3265	0.7035	1.6560	2.0259	1.7240	-0.8280	-1.1064	-0.2759	-0.7402	-1.0491	-1.1525	0.4622	0.8337	-0.1496	0.2521	0.0316	0.2420	-0.2151	-1.5513	0.5463	-0.3438	-0.0967	-0.4042	0.0701	0.8943	0.0809	-0.2925	1.1349	0.9928	-0.6315	1.1050	-2.3887	1.2669	0.9290	-1.6087	0.2767
0.4134	-2.5819	0.1652	-1.0970	-0.0177	0.4022	1.5003	0.8620	0.4773	-0.7829	-0.6837	1.7318	-1.0320	1.2479	-0.5691	-0.6454	-0.8882	-0.7828	0.8608	0.6367	-0.5964	-0.2975	1.2719	-0.7776	1.6331	0.3440	1.2093	-0.2850	-1.0117	-0.3316	1.2650	-0.5762	0.7917	-0.4181	1.3741	0.6956	-1.1123	-0.9967	1.9309	-0.2145	0.8708	-2.4972	-1.7260	-0.1716	0.0062	-0.3715	0.0569	-0.2455	0.6062	-0.5183
-0.2634	-0.7738	0.4594	0.8701	0.8806	0.0875	0.1657	1.8045	-0.1431	0.2837	0.1742	-1.7166	-0.0685	0.2873	1.4084	-0.8578	1.3037	-1.1069	-0.1522	-1.0158	1.1147	-1.9409	1.6575	-1.5091	0.0164	0.8242	0.5404	1.1249	0.6822	0.7443	0.4572	0.8562	0.1929	0.4771	0.4695	-1.3521	-1.2435	-1.0241	-0.7895	-0.3559	1.0533	0.4877	-1.5390	-1.4815	-0.9621	-0.5332	-1.8382	-0.6847	0.7929	-0.4638
-0.5997	-0.8038	-0.1204	0.6146	0.3533	0.7410	0.2314	-0.8195	0.5046	0.8116	-1.6538	-1.5043	-0.5545	0.9728	-0.2094	0.1931	-0.5775	-0.6378	1.1304	-1.2127	-0.3972	-0.3382	0.3208	-0.7011	0.2741	-0.5645	-0.8348	0.7417	0.5309	0.8313	-0.0964	1.1183	1.0746	1.6843	-0.4996	-0.2855	-0.2233	0.0642	1.0408	-1.8513	0.7724	-0.0535	0.7372	2.4476	1.1962	-0.7870	0.7617	-1.3608	0.7668	-1.0815
1.0416	-1.5009	-0.3782	1.0728	-1.9372	2.4434	-1.4408	0.4283	1.5401	-1.3251	0.3026	0.3095	-3.3540	1.8251	0.2629	-0.0125	-1.5976	1.9161	-1.0589	-0.6841	0.4557	0.8596	0.1285	0.9153	-1.3403	0.2465	-0.2838	-2.6832	-0.4528	-0.3045	0.0046	-0.4629	-0.1506	-0.3565	-1.3534	0.0401	-0.0403	0.2717	-0.2813	-0.3220	0.0206	-1.4321	0.2483	0.4668	2.4408	0.5861	0.9926	1.1991	-0.5658	-0.8023
-0.4379	0.9388	1.3017	-1.0807	-0.4560	0.8680	-1.2387	-0.9121	1.2565	-1.0088	0.2260	-0.1717	-2.4979	1.0626	1.2803	-0.3575	-0.9896	-0.0149	-0.5130	0.5858	1.0060	1.7674	-0.2287	-1.0722	0.3269	0.2664	-0.0694	0.5170	-1.6019	0.4277	0.2185	-0.2100	0.5316	-1.0018	-0.4169	-1.0643	-2.5266	-0.2717	-0.2982	-0.0525	0.2593	-0.6805	-1.0505	-1.3938	-0.2329	-1.6499	-0.4843	-0.2478	0.1331	1.6795
0.7779	1.0555	-1.9683	-0.4521	1.0161	-0.8929	0.7090	-0.3676	1.1234	0.0701	1.9228	-1.1003	-0.2680	0.5604	0.9639	-0.6698	0.2390	-0.1655	-0.9721	-0.6111	2.2290	-0.0339	-0.0230	0.6192	1.8395	-2.1602	-1.2459	-0.1484	0.5047	-0.0245	-1.7934	-0.2568	0.9808	1.0519	1.5037	0.4503	-1.7549	0.1661	-1.4234	0.0841	-0.3146	-0.6096	0.5505	0.4061	-0.3919	-0.5796	-0.9535	-0.3462	-0.7933	-1.1194
-1.4627	1.0867	0.1413	-0.7278	-0.0179	-1.1092	-0.7590	-0.4644	0.0067	0.7068	0.2590	-1.1339	1.1343	-1.8241	-0.8847	1.8900	-1.6273	-0.2380	-0.7113	0.9752	0.1141	0.2637	-0.2731	-0.2627	0.4207	0.1656	2.0351	1.1712	1.2356	-0.8243	-0.4691	-1.4856	-0.5990	1.1821	0.7699	-3.0177	-0.8448	-0.3553	0.0839	-0.9948	-2.2672	-0.3160	0.7491	-0.2500	0.9473	-0.7823	-1.0331	1.5252	0.0603	2.3063
-1.7258	-0.8504	-0.0540	-1.7872	0.7600	-0.5614	0.0606	0.5989	1.4172	0.3200	0.3853	-0.7809	-1.0477	0.8088	-0.1439	0.6705	-0.8397	-0.2833	-2.1432	1.2548	0.3095	0.3588	-0.5184	-0.7093	-1.0413	1.7771	-1.7834	1.8600	0.2299	0.1940	-0.1327	1.3148	0.8920	0.0550	-0.9214	1.6987	0.4492	-0.5173	0.8030	-0.4193	-0.2585	-1.3471	-0.3012	-0.6048	0.2438	-1.6200	-1.2368	-0.1517	-1.2123	1.1316
0.5953	0.4212	1.1183	0.1810	1.0485	-0.9418	0.8804	1.7588	-1.1566	-0.5567	0.2770	-2.3610	0.2450	0.2447	0.1256	-0.1069	0.1140	1.6570	-1.9336	1.5852	1.0376	-1.3069	0.2547	0.8211	-0.9136	-1.0722	1.6543	-0.3064	0.0262	-0.8144	-0.8322	0.9218	-0.0703	1.0505	1.3196	-0.4371	-0.0376	-2.5636	2.9235	-0.4822	-1.3291	1.1301	-1.0970	1.4213	1.5684	-1.2691	0.1986	0.6006	0.6724	-0.4478
1.1451	-0.3257	-1.0097	-0.2438	0.3746	0.4980	-1.3458	0.2756	-1.3650	-0.0210	-0.2524	0.3057	0.1974	1.9006	-0.7621	-0.6160	-1.1274	0.2775	0.8429	-1.1654	0.1257	1.0974	0.8905	-0.3350	-0.7681	0.9063	-0.1123	0.6713	0.5239	0.0300	2.0924	-0.7732	-1.5215	-1.8936	0.2560	0.7980	0.0552	1.7813	-0.8222	0.4589	0.0301	-2.2178	-1.0543	-0.4651	0.8056	-0.0344	-1.2407	0.3581	-0.9452	0.1299
0.7882	0.8583	-0.4237	-1.4510	-0.4457	-1.5709	0.2010	0.5074	0.7939	-0.5463	-0.1790	-0.8583	0.2428	-1.0154	-0.3345	0.8150	1.3622	0.3115	0.4422	1.2012	-0.3919	0.5526	-1.5376	1.1271	-0.4650	0.2706	-0.3870	-0.0266	-0.1330	0.0368	-1.1595	1.7751	0.5101	-0.2824	-1.2095	-0.1671	0.3420	-0.4259	0.2677	0.6552	-0.5884	-1.7367	1.7273	-0.6082	-0.5122	1.0121	-0.7307	-0.9977	-0.8585	-2.3415
0.6799	-0.1904	0.3543	-0.5219	-1.5530	0.1871	-0.1124	1.2633	-1.7065	-2.4640	0.5556	2.1303	0.0580	-1.9424	2.4189	-0.3185	-1.2413	-0.7539	0.0563	-0.8369	-0.8766	-1.2303	-1.0602	0.1831	-0.3165	-0.1066	-2.0431	1.4227	-1.4877	1.3504	0.0590	1.0051	-1.0397	0.0450	-0.0607	-1.9636	0.7959	-0.7530	0.5819	-0.4084	-0.0014	0.5053	-2.1624	-0.7693	0.2633	-0.2701	-1.3098	-1.3380	0.3725	-0.1908
0.6679	0.8420	-1.5699	-0.0144	0.6912	-1.7511	1.0473	-0.0333	0.4990	-1.2359	0.0161	0.0045	-0.1393	-1.3038	-0.7193	1.4546	-0.3357	-0.9017	-1.8534	1.9514	-1.7243	1.2537	1.0267	1.0779	-0.3205	-0.7878	1.8703	-0.2592	0.1186	0.7308	0.9503	-2.6336	-0.4622	-0.9210	-0.8549	-0.4187	0.4379	-0.7982	-1.4572	1.3615	-0.4549	-1.2888	-1.8263	1.9704	0.0801	0.7900	0.1996	-1.6900	-0.0748	-0.0994
0.8651	0.3525	0.2639	0.3212	-0.5707	-0.7189	0.6598	-0.6317	-0.5061	-0.9894	-1.1231	0.1981	0.3353	0.3000	-1.0499	1.8375	0.9108	-0.6436	0.8591	-1.1596	0.4999	2.0799	-0.3679	1.0824	-1.2345	0.3019	0.9079	0.2291	0.3132	2.1201	0.1514	1.0440	0.0808	0.0232	-0.7689	-1.8229	-0.1242	0.9305	0.9799	2.1299	0.4283	1.2870	-0.0632	0.6879	-0.4523	0.9524	-0.0413	-1.5920	-0.0754	1.6941
1.0266	0.2196	-2.1078	-0.3562	0.4353	0.2224	-1.5422	-0.8417	0.6607	-1.8934	1.8348	-0.4825	0.3981	-0.0394	0.2258	0.1783	-0.2542	1.1418	0.5428	-0.4409	-0.3451	-0.6723	-0.6283	1.2772	0.0357	0.9315	-1.2752	-0.2063	-0.3976	-1.2404	-1.0569	1.1184	-1.3454	-0.1633	1.1841	2.0596	-0.1887	0.2834	-0.0806	-0.2814	-1.3322	-0.8763	-0.9682	-1.4731	0.2026	0.7225	0.1002	-1.2005	-0.4539	-0.6155
-0.0624	0.0881	0.4835	-0.9486	-1.0690	0.8418	-0.3330	2.0488	1.1112	0.0901	-0.7568	0.1988	1.0426	-1.3810	-1.0349	1.1752	0.6232	1.3259	0.4824	-0.1830	1.7317	-1.9478	-1.7936	-1.5470	-0.5606	1.4927	-0.1169	-0.9773	-0.1327	0.6301	-1.1324	0.3294	-2.4513	-0.1231	0.2757	1.4372	1.5898	1.1824	0.2757	-0.2441	0.8880	-0.4201	1.6252	0.5157	-1.1759	0.2756	0.4851	1.1588	0.2534	-0.2853
0.5910	-1.5267	-0.1815	-0.2431	0.4803	1.8811	-0.3469	-0.3346	0.1106	-0.0499	-1.0622	0.5764	-0.4361	-0.5528	-0.1930	0.9612	0.4472	-0.8997	0.3943	-0.2040	-1.8761	0.0701	0.8591	-0.2218	-0.9522	0.8967	-1.7316	0.1962	-0.5285	-0.6154	-0.1488	0.4730	-0.8563	-0.0823	-0.1986	-0.5945	-0.9743	-0.8711	0.2229	0.8701	0.5673	-1.0959	-0.0092	1.8213	-0.7045	-0.0067	-0.8887	-0.6962	0.8657	0.8885
-0.5965	0.6736	0.0321	0.7203	1.8116	-0.2500	-1.7725	0.0801	-1.7109	-0.7821	0.0151	-0.6863	0.1506	-1.4170	-0.7068	0.9008	0.5397	2.3510	-1.3296	-0.3182	0.7250	1.5569	1.2498	0.1847	-0.2626	-0.4953	3.3331	0.3178	1.9850	-0.1904	-0.4167	0.5823	-0.2441	1.1775	-0.5337	-1.9063	0.9048	-0.6648	-0.4061	0.8296	1.0690	0.0992	0.4928	-0.8462	0.0869	-0.8245	0.1459	0.2914	0.9911	0.0266
-1.2137	-0.3925	-0.6491	-0.7507	0.1677	-0.8374	0.7759	0.4384	1.2585	-0.2692	-0.7083	0.8380	-0.0082	-0.6324	0.6155	0.7220	0.3192	-0.0933	0.3482	-0.5797	0.7550	2.1041	-1.3518	0.6137	0.3042	-1.0814	-0.1523	0.8799	-0.5586	-1.0916	0.1464	1.5163	-1.4992	-0.2330	-0.6392	-0.0513	0.3586	-0.4256	-0.4153	1.1075	0.3870	-0.6641	0.1009	1.4940	0.6576	-1.2328	-0.5046	0.6990	-1.1691	1.0921
-0.1788	-0.6561	-0.3286	-1.2272	1.3256	1.5685	0.1841	0.3720	-1.1193	1.3905	0.4581	1.2209	-1.0397	-0.6106	0.4898	2.7655	1.2765	0.4640	-0.4192	-0.3168	2.4470	-0.2824	0.4908	-1.4313	0.0014	0.1305	-1.3254	1.0928	1.8689	1.1678	-1.5720	-0.3277	-1.9880	0.2555	0.7472	-1.9849	-0.8992	0.0395	0.2586	-0.4842	-1.7186	-0.5800	-0.9586	-0.1785	0.6996	0.2449	-0.0594	-1.1639	0.6208	0.3781
1.4767	-0.0685	-0.5293	0.5460	0.1513	0.5523	2.2209	-0.9941	-0.0222	-0.4429	-1.6236	-1.3182	-0.2542	-0.2389	-1.4263	0.0537	-0.1948	-0.9429	-0.1253	-0.9666	-0.8401	1.7715	1.1614	-0.1788	0.5528	-0.2768	-0.9085	-0.5634	2.4198	-0.2342	-0.6794	-0.6126	0.1025	0.3471	0.7431	-0.4251	-0.6314	0.7199	0.0035	-1.5578	0.2907	1.4434	-1.7318	-0.5801	0.7036	-0.2276	-0.1832	-0.3051	-1.7813	0.1586
-0.8510	0.1727	-1.9928	-0.4682	0.0970	0.3078	0.0612	-0.9484	0.2398	1.7641	-0.8612	0.5194	1.0427	0.4757	-2.0211	2.5198	2.2078	0.8318	-0.0999	-0.1200	1.6670	-0.4319	-0.5685	1.9135	-0.8684	1.2457	0.7847	-1.1536	1.1654	-0.6181	-0.4575	-0.5936	0.7387	1.0413	-0.3041	-0.5819	-1.2122	-0.4898	-2.5126	-0.4722	-0.7133	-0.2161	-1.8165	-0.5734	-0.7895	0.0509	-0.0173	1.1121	-0.7373	1.1062
-1.4011	-0.6186	-0.3972	-0.0028	-0.1598	-0.3276	-0.3672	-0.5026	1.6155	0.5248	-0.4697	1.2195	1.3697	0.6864	2.5756	0.2759	0.2407	1.1169	-0.1977	-0.0911	-0.4177	-1.3851	-1.0118	-1.6363	1.6159	0.8238	-1.3373	-0.1196	-0.3145	-2.2374	0.2350	2.3270	-1.5462	-0.2127	0.8137	-0.1692	-0.1972	0.8736	0.6000	-1.3422	2.0706	-2.1501	-1.0322	0.1484	1.5287	-0.3025	0.6399	-1.4064	1.9661	1.6665
0.6898	0.2817	-0.7380	0.2521	1.0954	-1.0272	-0.2855	1.4675	-0.0167	-0.6638	-2.1345	-1.1871	-1.7977	1.8262	-0.8181	0.5428	-0.2608	-0.7223	0.2235	2.6756	0.8137	1.3461	-1.6408	-0.5291	-1.4009	1.0666	-0.3843	-0.9873	0.9734	0.6046	-0.0960	0.2148	0.4337	-1.0735	-2.1756	-0.2608	-1.1310	-0.4713	-1.0458	0.4203	-1.6126	0.4838	1.0593	-2.4202	0.7859	0.5819	0.9131	0.7549	-0.5425	1.5409
0.0213	-0.4855	0.0503	-0.2611	0.4915	1.9677	-1.6577	-1.5303	0.4244	-0.1590	0.4511	-0.5786	-1.7763	-0.9542	1.5369	1.5078	0.4928	0.4477	-0.1249	0.6654	-1.5224	0.5058	-1.3753	0.4311	0.6839	-0.8438	0.3771	0.4852	-1.2390	-0.3794	-0.4363	-0.7375	-1.5271	1.1600	1.2823	1.1949	-0.5461	-0.3845	1.0679	0.8573	1.2473	1.6089	1.1922	1.3110	-0.0045	-1.3888	0.6009	-0.7950	1.2482	0.0342
-0.1028	0.4047	0.9621	0.2041	-0.1053	1.0117	0.9423	0.8717	0.1727	-2.1001	0.1079	1.6437	-0.8581	-0.8188	1.4140	0.0411	0.3003	1.5040	-1.1262	0.6343	0.9287	-0.5583	-0.5294	-0.4447	1.4177	-0.0975	-0.4865	-1.2088	1.0368	-0.2252	-1.1906	0.0138	0.4513	-0.4376	1.1886	-0.8518	-1.4105	0.9438	-1.1555	-1.0867	-0.6799	0.6912	-2.2445	-0.8378	-0.3832	-0.7559	2.0845	1.1867	0.0710	0.5861
-1.3914	0.2894	1.0277	1.1263	0.0656	0.3640	0.6107	-1.7321	-1.5787	-0.2205	1.0360	1.0502	0.8053	1.1393	1.2185	0.9639	-1.0341	0.4088	0.5985	0.9128	0.1515	-0.1630	1.7228	-1.2003	0.6859	0.4092	0.4116	0.2138	-1.2570	-0.1357	0.0067	-0.9079	-0.7516	-0.1351	0.4607	0.2636	-0.8282	0.3589	0.4962	-0.8199	0.3102	0.3548	-0.2381	-0.6246	0.4535	0.4948	-1.2726	-0.2744	0.4240	1.3799
1.6120	1.2953	0.1130	-0.0741	-0.2851	-0.4702	0.9639	0.1700	-0.5539	-0.1486	-0.9009	2.2914	0.0694	-0.6455	-1.0685	0.8881	-1.1556	0.8690	0.3496	0.2486	-1.3646	-1.0914	0.1525	-0.9778	1.5081	0.5670	0.6543	1.2784	-0.4788	-0.7896	0.5921	-0.7142	0.3044	-0.7362	0.0010	0.8694	0.9770	-0.6113	-0.8215	-0.8544	-1.5646	-0.5736	-0.4994	1.1104	0.8265	-1.2967	-0.4160	1.0714	0.7680	-0.9095
-2.6498	-0.0070	-1.1831	0.4353	-1.5618	-0.4029	0.4844	-1.5542	1.8088	-0.4515	-2.4202	-0.7568	1.1919	1.0299	-0.3799	1.1132	-1.5523	-1.1112	-1.0207	0.3261	-0.9343	-1.6073	-0.0775	-1.2096	-1.3328	-1.6573	-1.1676	1.2926	0.7527	-0.2350	0.0232	1.0571	-2.0431	0.4719	0.6645	0.7344	-0.1763	-0.2697	0.6888	-0.1175	0.6798	-0.6087	0.5268	-0.1669	0.4157	-2.5957	0.6120	3.5430	-0.6354	-1.1926
-1.8394	0.7516	-1.8670	0.6959	-1.2469	-0.0199	1.6564	1.5190	0.2797	0.1246	0.2606	-0.8881	-1.4311	1.0122	-0.8081	0.8575	0.5102	-1.1316	-0.9045	-0.8951	0.2780	1.2164	0.0726	-2.6129	-1.8642	0.3009	-0.3909	0.1495	-0.1009	1.2816	-0.0731	-0.0603	1.4436	-0.3154	-1.1217	-1.2146	0.0460	-1.3266	-1.3179	0.1556	-2.1125	-0.5626	-0.0115	0.9127	-1.4708	0.3655	-0.6300	1.7539	0.2860	-0.2170
1.3329	-0.1510	-0.2505	-0.3332	0.2989	-0.1458	-1.3620	0.3453	-0.9709	0.0569	1.2186	0.3236	-0.9689	0.9862	-3.2203	-1.5536	0.6406	-0.5657	0.5655	0.3980	-1.0268	-0.5926	0.5713	-0.0601	-0.6991	1.3263	-0.3916	-2.8026	0.5002	0.0264	0.3545	0.5681	0.0868	-0.5846	0.7383	-0.2177	-1.5877	-0.5766	-0.2997	1.0880	0.2539	-1.6562	0.0120	-0.8809	-0.4406	0.6612	1.4405	-1.4004	-1.0322	0.3485
0.1240	0.6613	1.7492	0.0045	0.7842	0.4554	-0.7795	-1.1755	-0.7277	-0.0638	-0.2630	-1.5657	0.0473	1.7971	1.0287	-1.6762	-0.0743	0.9166	1.6456	-0.3723	0.8729	1.2651	-1.0457	-0.5493	1.2396	-0.0555	0.4025	-2.1503	-0.1429	1.3611	-0.2417	0.3437	-1.3343	-0.7158	-1.9266	-1.7550	0.0603	-0.8272	3.1529	-1.0683	0.2433	-0.3543	0.4554	-1.3271	-0.6747	-1.9275	-0.5986	-0.2579	-0.0681	-0.3563
-0.6000	0.8658	-1.5100	-1.2982	-1.1671	-0.1711	-0.9916	1.4962	0.8013	0.2847	-0.4915	0.6167	1.5801	-0.9238	-0.5900	0.2058	0.3613	0.0905	-0.9064	-0.7989	-0.8876	3.0099	-0.7876	1.0540	2.9753	0.4641	0.6886	2.0156	-0.6791	-0.2781	1.6812	-1.1876	-0.2801	-0.0265	0.9429	0.3938	-1.6613	1.3459	-1.1629	0.8719	-0.6054	0.1469	-0.3265	0.0539	0.9627	-0.0458	-0.6498	0.7683	1.0275	0.7757
0.2496	1.5939	1.9043	-0.6490	0.4489	-0.7987	0.4461	-0.0682	-0.0371	0.0102	0.2356	-0.9836	0.4431	-0.3262	-1.5141	0.8049	0.5536	0.6180	0.8060	1.1848	-0.4363	-1.2611	1.1746	-0.1246	0.4143	1.2111	1.3221	0.9280	1.1181	-0.6128	-1.2631	0.9327	0.3174	-0.1347	0.9010	2.0917	1.9844	0.0612	-0.1466	-0.2382	0.1696	0.5088	-0.5460	-0.6610	-0.9132	-0.6189	-0.1299	0.4859	0.1564	-0.1388
0.3766	-1.4493	-0.5091	-0.5203	-0.4473	0.7000	0.8883	-0.4709	-1.3155	0.0721	-0.6467	-1.4315	0.3223	-0.4557	1.4958	0.7122	-1.7320	2.7990	0.0215	-0.8530	-0.7513	-0.9381	-0.3124	0.0636	1.6617	0.9082	-0.1139	-0.1304	-1.5148	0.4349	-1.5892	-0.7208	0.8780	-0.3636	-1.3411	1.4489	0.2368	0.0305	-0.6039	-1.1049	-1.0151	0.2152	-0.5491	-1.6417	-0.6091	-0.4589	1.8401	0.6581	-0.3511	0.2641
0.5524	-0.7922	2.0235	-0.7735	-0.6974	1.3312	-1.3243	-0.3167	-1.3219	1.3055	0.1451	0.2417	1.2625	0.2245	0.6229	-0.8629	0.4443	-0.3446	1.5759	0.7174	-0.3905	0.8769	0.7574	-1.1027	1.4122	0.2047	-1.0380	-1.5022	1.2758	0.1298	0.3083	0.9076	-1.4760	-1.8470	0.0442	0.1049	-0.7157	0.3434	-1.3885	0.8420	-0.1019	-0.8697	-0.2195	-0.6839	0.6909	0.7200	1.2429	-0.0929	-1.8958	0.1182
-1.0044	-0.7197	0.7842	0.0467	1.0560	-1.6758	0.1317	0.9420	-0.2389	-1.1421	0.5016	-2.0099	1.4832	2.3493	-0.1601	-0.1981	1.0821	0.9898	0.7415	-0.7005	0.4006	-0.4703	0.1658	0.7247	0.5614	0.9917	-0.2376	-1.4817	-0.6329	-1.1815	0.8294	-0.3414	-0.0229	-1.3856	-0.7216	0.3042	2.0528	0.2502	0.0068	-0.8541	-1.5014	-0.5083	0.9219	0.2789	-0.0434	0.1615	0.2886	-0.2993	0.4911	-1.7143
0.8639	1.7317	1.3407	-0.0448	0.9769	0.8480	-0.1458	0.0730	-1.5112	-0.2378	-0.5513	-0.2467	-0.2184	0.0610	-0.2281	-0.8707	2.4877	-0.6708	0.9788	0.4533	1.1099	0.6150	-0.9574	-0.8822	0.4434	-0.9411	-0.4134	1.0157	0.3376	-1.3994	-1.2219	-0.8209	2.2551	0.4507	0.6597	0.0964	-0.2739	1.6049	-0.1947	-0.5559	-1.3185	0.1847	0.1615	-0.1787	-0.8451	1.2396	-1.1152	0.7144	1.6216	0.0408
-0.4377	0.2820	-0.6689	0.2956	-1.3082	-1.2650	-0.5002	-0.1122	-2.1184	1.6588	-1.5926	-0.3404	1.2964	-0.4053	0.3876	-1.4348	-0.8201	-0.3383	0.8273	-0.6495	-2.1219	-0.5832	-0.7928	-0.4572	0.3854	1.6551	-1.7305	0.1327	-1.1150	-0.0312	1.4141	0.2615	-0.7363	2.1608	0.8019	-0.7909	-0.3346	-0.5820	-0.6089	1.2846	-1.9517	1.0419	-0.1340	0.7800	0.8917	-2.0309	-0.7925	-1.6452	-0.1476	-2.3802
0.5990	-0.3661	0.5946	-0.1396	-0.8658	-1.7403	0.1039	-0.4008	-1.7010	-0.0460	-0.2044	0.7420	1.8902	1.9559	-0.0863	0.8312	-0.0483	0.9959	-0.4500	-1.6355	1.7247	-0.4384	1.9959	-0.9250	0.2384	-0.1854	-0.2755	0.8762	1.5907	-0.0453	-1.6345	0.6247	0.9028	-0.4275	-1.2209	1.5019	-0.9189	-0.6837	-0.0006	-0.8961	0.4237	-0.5707	0.6595	1.5417	1.8329	-0.7949	0.8719	-1.6386	0.2879	0.4858
-0.4594	-0.1982	-0.0394	0.3781	-1.2180	1.6386	0.2640	0.8895	0.0563	0.0450	-0.5048	-2.5588	0.3488	-0.4207	0.4950	-2.1456	-0.7156	-0.1723	0.8960	-0.1287	1.4450	0.9649	-0.7478	-0.2025	-0.1161	-0.4891	0.3783	0.5917	0.2886	-0.4594	0.1175	1.6281	1.0962	-0.2483	-1.1210	-1.1872	-0.6585	1.3154	0.1785	0.8577	1.4677	0.7860	-0.5075	0.8998	1.3471	-1.1581	0.6777	0.0541	-0.3445	-0.2148
-0.6421	0.1062	0.7747	-0.0961	0.2060	1.0691	0.1928	0.4504	0.8074	0.5084	0.2871	-2.1987	-0.5963	0.3140	-1.0210	-0.5242	-0.6016	0.1069	-1.0595	-0.1495	0.8787	0.4057	1.8984	1.6797	-2.2934	-0.4457	-0.2366	-0.1458	-0.8784	-1.4972	0.9204	-0.8734	-0.7261	0.0911	-0.9029	-0.2277	1.4555	-0.3446	-0.7232	0.6627	0.3807	-0.7264	-0.3970	-0.8235	0.0493	-2.1751	1.2040	0.4424	-1.2191	-0.4284
-1.2714	1.4415	1.2136	-0.5987	2.4529	-0.3208	-0.1092	-0.8810	0.7300	0.8019	-1.1407	-0.6919	1.3265	-0.6845	1.9198	0.1548	-0.2581	0.1239	1.1595	0.5082	-0.8495	-1.1398	0.3577	0.0135	-0.5065	1.0592	0.4318	0.1532	1.7523	1.4464	-0.1769	-1.3375	1.4663	0.0876	-0.1085	0.1778	-1.1331	0.5933	2.2095	0.8639	1.0686	0.3237	0.2027	1.0710	0.4167	0.3161	-1.5383	-1.7766	1.3547	1.1906
1.3285	-0.3170	-2.8565	-0.3846	1.1298	-0.1787	0.3945	1.7268	1.2567	-0.8920	1.0557	0.2313	1.9987	0.3980	1.4596	-0.2376	2.0800	0.4621	-1.0184	-0.5565	-1.5834	-0.8116	-0.9574	-0.2073	1.5823	-1.0668	0.7116	-0.7451	0.8247	0.1375	-0.1841	0.3344	-0.3556	-0.0088	1.1898	-0.0659	0.2415	-0.5706	0.1204	0.2894	-0.5134	1.2857	-0.5815	0.8245	0.6653	0.4343	1.7081	-1.7106	-0.8779	1.7095
-1.2887	0.6890	1.4738	-0.6048	0.0056	-0.2602	-0.3189	0.1271	2.0126	-0.7579	-0.9236	0.4204	-1.4488	0.9876	-1.2228	-0.8956	1.9441	0.3122	-0.7438	-1.0620	-0.7186	0.9950	0.7393	-0.7480	0.0130	0.7182	0.6842	1.8916	0.5520	-0.9152	-1.3785	0.9009	-0.9133	0.0352	0.6408	0.2574	0.7854	0.3955	-1.0600	0.2116	-0.9729	-1.6865	0.0971	-0.0987	0.0405	0.5875	1.5335	-0.0218	-1.4565	1.2661
-1.2754	-0.5276	-0.0226	0.9847	-1.2383	1.0554	-0.0038	0.2690	0.3996	-0.8172	-0.7352	1.3072	1.4402	0.6867	1.1783	1.4126	1.6331	-0.3317	-0.9155	0.8845	-0.6244	-0.0739	0.1843	0.4140	-0.5239	-0.8458	1.3429	0.0453	0.9304	-0.2896	0.4396	0.1954	-0.7936	0.2231	-0.6589	-1.5164	0.1281	-0.1660	-0.1260	0.0668	-0.3693	-1.2040	0.0108	-1.9334	-0.5053	0.8417	0.3963	0.4088	0.8118	0.1384
0.1280	1.1345	0.6310	1.9463	-0.0980	0.5925	0.8129	-1.4390	-0.8773	0.3900	0.0992	0.5159	-1.1243	-0.3138	0.4056	0.5871	0.0582	1.4133	1.4512	0.6177	-0.8266	-1.8910	-0.1127	0.8204	-1.5635	0.6030	0.9874	0.2352	0.6224	1.6170	0.0893	0.0307	0.8402	0.4224	-1.2465	0.6460	0.9651	-0.3990	-0.8342	-1.0655	0.1140	-0.0701	-0.5053	-1.1027	-0.2547	-0.4917	0.5025	1.6270	0.4416	0.4666
1.5161	0.5207	-1.1447	0.1485	1.3313	-1.6213	-0.3251	1.8297	-0.5904	-0.5356	-1.6255	-2.3261	-0.0635	0.2719	-0.2956	0.3147	-0.9054	1.7017	-1.2239	0.4154	0.1402	0.7872	-1.6760	-1.7738	-0.3809	-2.1249	-0.4800	0.2875	1.1332	-0.7208	-0.6984	0.4266	0.8428	0.3939	-0.1387	0.6825	-0.3592	-2.3934	1.7806	-1.5362	-0.7823	-0.6283	1.7111	-0.6947	2.4540	0.2268	-0.3785	0.3416	-1.8186	0.2736
0.8908	0.5721	0.3388	-0.6848	-1.1308	-0.4164	-0.4674	1.5813	1.2863	0.4055	0.2215	-0.6755	0.8540	0.7499	-1.2665	0.6855	0.1486	0.0731	1.1279	0.4004	1.2685	0.0488	0.2476	-0.4264	-1.0520	-2.0105	-1.4415	-0.0667	-0.1235	-0.5438	0.6616	-1.4501	0.2276	-1.6994	-1.0189	1.6067	-1.9983	-0.0651	1.6362	-0.0939	2.3898	0.9370	0.9603	0.4353	-0.7072	0.6819	-0.2576	0.0289	-1.1875	1.3689
-0.9427	0.6308	-0.9067	-0.4535	-0.0654	0.1684	1.7755	-1.5399	1.2448	0.1322	0.5798	-1.5109	0.1469	0.0024	-1.4291	-1.2251	-0.3829	0.0651	1.4639	-0.5676	-0.6444	-0.1968	-2.4391	-0.8765	1.6443	0.2811	0.2336	1.0753	0.3018	0.3114	-1.0146	-0.0581	-0.6332	1.3087	1.6225	-0.7347	0.0820	-0.8332	0.0468	0.7256	1.7739	0.6671	-0.7484	0.1188	-1.1443	0.5542	0.6202	1.0530	1.6653	0.6478


