
X1	X2	X3	X4	X5	X6	X7	X8	X9	X10	X11	X12	X13	X14	X15	X16	X17	X18	X19	X20	X21	X22	X23	X24	X25	X26	X27	X28	X29	X30	X31	X32	X33	X34	X35	X36	X37	X38	X39	X40	X41	X42	X43	X44	X45	X46	X47	X48	X49	X50
-0.4776	0.7742	0.5236	-1.4135	0.6009	-0.0018	0.4186	-0.7808	-0.5489	-0.9164	0.8360	-0.6816	2.0009	-1.0547	0.2785	0.6959	-0.0754	-0.6760	-0.8759	-0.9597	-0.9915	0.3351	0.7487	-1.2349	-1.0630	-0.0933	0.4458	-0.0893	0.7022	2.0446	0.5717	2.1007	-0.6110	0.5530	-0.5516	0.5307	0.3808	0.6156	0.4091	-0.8212	-0.1785	-0.2307	0.8439	-1.8299	2.0546	-0.8673	0.6405	0.2997	2.0847	-0.5218
0.3718	0.9666	0.6814	-0.9941	-1.1822	-0.5124	-2.9731	1.8314	0.6823	1.8141	0.7223	-0.0664	-0.5785	1.4221	-0.2125	-0.0871	0.2622	-0.7318	-0.7979	0.7803	-0.1558	0.3820	0.2976	-2.1542	-0.3940	0.5388	1.0999	-2.0359	0.3649	-1.0752	0.0951	0.5377	-0.4217	0.1792	-2.3211	1.0655	0.1298	0.2493	0.0889	0.8506	-0.3724	-0.2983	-0.1780	0.1008	-0.7628	-0.0135	0.3533	-1.7111	-2.8640	-0.4513
-0.6265	-1.1622	-0.8325	1.1622	0.8870	-0.3659	0.0261	-2.5192	0.0142	-0.3411	0.9496	-1.3950	-0.1490	-0.6755	0.1406	-0.0361	-0.7278	0.1661	1.3941	0.6535	0.0888	-1.7622	-1.5647	0.9438	-0.7255	-0.2485	-1.1504	-1.7980	-0.0252	-1.1410	0.3386	-0.6952	0.6120	1.6039	-0.0901	-0.2318	0.0087	0.7851	1.8532	0.3915	-0.1843	0.4156	-1.6614	0.5713	1.2715	-0.4353	-1.1759	-0.3054	1.7633	-0.0654
0.1237	3.1358	-1.5316	1.1608	-0.4570	0.1728	0.1508	0.0129	1.7315	-1.4125	0.7256	-0.1602	0.5476	-0.1521	-1.7628	-0.4341	-0.3685	-0.2408	-0.0773	2.1942	-0.5753	-2.4715	-0.3988	0.5215	-1.2076	-0.0172	1.6309	-0.7286	-0.1824	0.2048	-0.7741	0.3490	1.3579	0.1010	0.3993	1.9937	2.1316	0.9317	0.6245	-0.9567	-1.0540	1.4247	-1.1766	-1.6363	0.0081	-1.0783	-0.6193	-1.2241	0.5235	-0.5107
1.2690	-0.2526	-0.2942	1.9653	-0.1035	-0.0118	0.4570	0.6535	1.2624	-0.5154	-0.4236	1.2990	1.2367	0.9930	-0.5746	1.3341	0.7273	-0.9348	1.3485	-0.1140	0.6433	-0.5556	-0.4063	-0.1061	-0.2211	0.1022	0.5909	-0.5310	0.6423	-0.3795	0.5518	0.6042	-1.1503	-1.1925	-0.4542	-0.3483	-0.8058	0.6134	0.1638	-2.1164	-1.0417	-1.0742	0.1441	1.0635	-0.9382	-1.6869	0.1468	-1.0001	1.2457	-0.1704
-0.0437	0.6525	-1.2645	0.1416	0.0290	0.3139	1.1550	0.0952	-0.0774	0.0484	0.5655	0.3554	-0.2305	1.0343	-1.0802	-0.5468	0.6155	-0.1866	0.6757	-0.0488	0.3823	1.1759	-1.2188	-1.6951	-0.4296	1.1723	-0.5252	-0.6637	-0.6905	-1.0135	0.3911	-0.3061	-0.2664	0.2121	-0.1847	-0.1712	0.3605	-0.3974	-0.4397	-0.4854	-0.3018	-1.2912	-0.9597	-0.3056	2.2573	-1.0659	-1.3079	-1.1821	-0.2016	0.5322
-1.0455	-0.3225	0.0583	0.5398	-0.1578	-0.2751	-0.6444	-1.1959	-0.5220	0.4297	0.7629	0.4997	-0.4941	-0.8888	-1.3816	-0.3042	0.4239	2.0984	1.2627	-0.7284	0.2840	1.4689	1.3771	-0.1611	-1.6760	1.7909	0.9976	-0.1908	0.7185	0.1611	-1.0224	-2.3569	-0.4351	0.8918	-0.4811	1.1649	-0.7654	2.0882	-0.0247	2.8445	1.2155	-0.1820	1.8294	0.3053	-0.5531	1.0902	-0.1371	-0.1001	-0.8678	-1.4564
-0.1572	0.7974	-1.2837	0.1441	0.7031	0.3032	-0.3116	1.1237	-1.3713	-1.0561	-0.6539	0.1261	-1.1576	-0.1832	1.5209	0.2471	-0.1256	-1.6667	-1.1668	-1.2490	-0.7540	1.0495	0.7401	-0.5229	-2.3193	1.5853	0.8017	0.9519	-1.0569	0.7209	0.1988	0.9438	-0.5547	0.2711	-0.6402	0.5544	-0.0238	0.7440	1.2274	0.0381	0.4372	-0.5072	0.9922	1.5337	0.1845	-0.6666	0.0270	-0.2798	0.7537	0.3982
0.6087	0.4092	-0.4792	-1.2721	-0.3468	-0.2506	-1.4401	0.0733	1.1884	0.4237	-1.0610	0.6631	1.0205	0.9070	0.9984	0.3938	0.2823	-2.0079	0.9060	1.2016	0.5524	0.3834	0.2555	1.2114	0.7516	-0.1814	-1.6855	-0.1568	0.2933	-1.1124	-1.3377	-0.0650	-0.1599	-0.4603	-0.2524	-1.8250	1.8797	1.4215	1.5148	0.8630	-0.3773	0.9150	-0.4337	-0.7350	-1.7649	-0.5801	0.3997	0.4609	0.8986	-0.3483
0.5869	-0.0261	1.1190	0.4898	1.2997	2.0097	-0.2794	0.5618	-0.2665	-0.2992	-0.1025	-0.1531	1.0225	-0.2850	1.3113	-0.4793	0.5364	-0.4267	0.0023	-0.4161	0.7043	-0.8257	-1.0289	0.2611	2.2752	1.6973	-1.1003	-0.4667	0.4145	1.0344	0.2386	-0.0438	1.3653	1.7686	0.0002	0.0481	0.4732	0.9283	1.5291	0.4268	1.8579	-0.1979	-1.6571	0.0205	0.3999	-0.9369	1.5053	-0.8763	1.4362	0.4270
0.3802	-0.1194	-0.1222	-0.1713	0.4647	-1.5075	0.0584	-0.6015	-0.7081	1.2717	-1.6878	-0.0208	-0.0655	1.2054	-1.1713	0.1013	0.5628	0.0566	1.3651	-1.8311	0.1610	0.7419	-2.7476	-0.6364	0.2493	0.0064	1.1092	-0.4493	0.1396	-1.3762	0.3428	-0.2814	-0.2746	-0.7929	-0.4910	-2.1334	-0.2441	-0.5300	0.3371	-0.9649	1.3189	-1.2160	-0.6039	0.5208	-0.3952	-0.6296	-0.9409	-0.0890	0.7109	-0.8539
1.6707	-0.7745	1.0536	-0.0010	0.3268	0.9400	0.1614	0.5099	0.3265	0.2034	0.8147	2.6636	-0.6971	0.1502	-1.0115	-0.5370	-1.3114	-1.5587	0.6907	0.5035	-0.0499	-0.4029	-1.2756	-0.4343	0.7366	-0.1384	1.4060	0.3784	-0.1374	-0.0060	-0.4472	0.7355	-0.8047	0.5897	0.0843	1.1020	0.0703	-0.2230	0.7744	0.1476	0.7029	-1.0910	-0.7140	-0.3912	-0.1730	-0.4146	1.5579	-0.6736	1.2411	-0.2209
-2.4190	0.5872	1.6656	0.2058	-0.2131	-0.0406	0.5670	-1.3294	0.9061	-0.2375	-1.0803	0.2060	0.5066	-1.7796	1.2207	-0.5084	1.1734	-0.1025	-0.2127	0.4688	0.8932	-1.0533	0.2522	-0.1987	-0.4797	-0.7067	-1.6102	0.0126	1.3227	-0.6213	-0.4798	-0.4366	-0.5349	-0.5982	0.6480	0.6171	-0.9645	1.8108	-1.1128	1.1880	2.0873	0.3767	-0.3908	-2.3826	0.4991	1.7439	-0.9807	-1.5661	0.9442	2.6185
0.0250	-1.0198	-0.7985	-0.2668	-0.4813	0.6713	-1.9976	1.4405	2.0389	0.6183	-1.8616	-0.6021	0.7002	-1.4895	-0.3810	0.8325	2.7863	1.7489	-0.2237	-2.2305	-1.4759	-0.8408	-0.3358	-0.6998	0.4405	1.7474	-0.8001	0.9900	0.5536	-0.9040	0.6510	0.6036	0.0641	0.4030	0.1200	-0.5516	-1.0144	1.5590	0.1685	-2.0011	2.3224	0.6877	0.1241	0.6016	0.1705	-0.4018	0.9270	0.0349	2.7599	-1.0589
1.2152	1.0474	0.0975	-0.0343	0.9204	-1.3468	-1.8075	0.0483	0.3412	0.1679	-0.1704	-0.0329	-0.3472	1.4526	-0.2711	0.7799	0.0436	-0.3785	0.8746	-1.3767	-0.2283	-0.7864	-1.1624	-1.7988	-0.8164	-1.6629	-0.4107	1.5522	2.0579	-1.2823	-0.7928	0.4237	-0.8249	0.4006	-0.2248	-1.3629	0.4517	-0.3943	-1.4229	1.0553	-0.4158	-1.3948	-2.1174	0.4994	-0.7498	0.8546	-0.9593	0.0089	0.6062	2.9044
-1.0584	0.6693	2.6750	-0.3835	0.6972	0.3221	0.0035	0.5894	0.9262	0.9868	1.1306	-0.3792	1.6012	0.2272	0.3810	-0.1148	1.3298	0.6340	-1.0974	-0.5324	-0.1586	0.9747	-0.3896	0.7874	-0.1580	-0.9421	-1.3639	0.4941	-0.8903	1.1486	0.8598	1.9170	0.1297	0.9532	0.2601	-0.5250	1.0689	-1.1232	-0.6823	-0.3296	-2.5412	-1.2080	2.0057	-1.5777	-1.1779	0.3678	0.2891	0.2399	0.4431	-0.6204
1.1255	-0.9629	0.2324	-0.5328	-1.5863	-1.2958	-1.7118	-0.7683	0.8087	-1.7704	1.4678	-0.5695	-1.1205	0.8442	-1.7589	0.5946	0.3149	0.0814	0.5658	-0.9055	0.1206	0.9952	-0.8397	-1.5141	-0.9074	0.7414	-0.1513	-0.1607	0.2042	0.9253	0.2994	-0.5417	1.7162	-0.2976	0.3643	-0.6515	0.4883	-0.0835	1.1961	0.7396	0.0507	-0.6759	1.4643	-0.4832	-0.5011	-0.3773	-1.8326	0.2876	-0.2993	-0.7818
0.5306	2.1328	1.5213	0.1032	-0.3314	0.1923	-0.3428	0.2854	1.0524	0.8454	0.2090	1.1672	0.1392	1.0235	-0.1122	0.9663	-0.3990	0.6989	-0.9397	0.1205	0.9382	-1.8279	-0.0693	-0.6810	0.2486	-1.0294	0.2465	0.2743	-0.1248	-1.9222	-0.2162	0.2179	-0.6824	-1.0167	-0.1654	1.1863	-1.8178	1.2470	1.7058	-1.1694	0.5232	1.4093	0.3897	0.6711	0.1118	2.4040	-0.5210	-0.3852	1.3690	-1.4797
0.1444	-1.0811	-0.1257	-1.5625	-1.0732	0.4753	0.4793	-1.2200	-1.2993	1.0109	1.1191	0.7180	1.0273	0.3814	1.4333	-0.3674	2.8792	-0.7659	0.5557	-0.7342	-0.2151	0.3305	-2.3445	1.6415	0.1138	-0.0761	-1.6123	-0.0626	0.3378	-0.5821	0.7444	0.5834	-0.9901	-0.3092	1.0677	0.2191	-0.0136	-2.6686	0.5424	-0.3669	0.2629	-2.6353	1.3688	1.9851	-0.5266	1.0102	-0.6728	-0.1203	0.4240	0.3312
0.5233	1.7660	-1.8824	0.6739	0.8931	-0.6589	1.2159	-1.0711	-1.9329	-1.5323	-0.6591	-0.8191	0.7484	1.2625	-1.4761	-0.1711	-1.2828	1.4925	-1.7113	0.6062	-0.5715	1.0327	0.7611	1.7473	-0.7976	0.5094	0.4188	2.0260	2.4240	0.2732	1.2143	0.9292	-0.1891	1.0241	-0.3092	-1.3763	0.5395	0.5113	1.2481	-0.0967	1.8137	0.6814	-1.5345	0.1844	0.3594	0.2602	-1.1933	-1.5270	0.6053	-1.5343
-0.9409	-0.5071	2.2308	-0.1287	-1.2898	0.0365	-0.0574	1.9981	1.0528	0.1392	-0.3123	2.2156	-0.0678	0.9667	-1.5188	-0.6098	-0.3594	0.7365	0.8934	-1.5609	0.3076	0.0871	-0.4035	0.2329	-0.3648	-0.3133	1.1253	1.3665	-0.6057	0.1103	0.2598	-1.7298	0.0644	-0.8196	0.0164	0.5875	-2.3972	-0.4066	0.2629	1.2039	-0.2847	-1.3559	0.5807	-0.8175	-1.7476	0.1778	-0.1228	-0.7496	0.1976	-0.3262
0.1166	0.1558	1.2493	-1.2175	0.7611	0.8270	-1.9717	-1.8099	0.7486	-1.5815	0.5925	0.9268	0.2853	0.5154	-0.0092	0.5259	-2.3683	-0.8317	0.4351	0.2092	0.9491	-1.6680	2.4756	-0.2843	-0.5673	0.3595	-1.0687	-0.0430	0.4031	1.2967	-0.5043	-0.1663	-1.8470	0.6974	0.5773	1.6138	0.7068	-1.7836	0.6949	-0.6355	-0.8262	0.9013	-0.3909	0.7971	-1.3027	-0.1985	0.2811	0.4857	-1.4078	1.5361
-0.1155	-0.4648	0.3774	-0.2698	1.7305	0.9259	-0.4693	0.5082	0.3926	0.5535	0.4970	0.0339	0.0272	0.3047	1.1114	-0.8938	0.8827	0.5609	0.3212	1.9244	-2.7215	-1.2052	1.6398	0.5058	0.9190	-0.2807	0.7548	-0.6130	0.8538	0.2307	1.0223	0.4350	-0.3264	1.5452	0.0580	0.3964	0.3908	-0.0783	2.0834	0.1174	1.2051	0.6271	-0.0023	1.0689	0.8171	-0.7949	-1.4348	-0.1179	-0.5591	0.7766
-1.8683	0.3088	0.4825	0.2246	-0.1778	-0.9131	1.3458	-1.0312	0.5770	0.5968	-0.3528	0.3031	0.9333	-0.2188	-0.1274	-0.9914	-0.1086	0.0408	-0.6050	0.0148	0.4936	-0.7528	0.5144	0.1501	0.6453	0.2277	0.0289	-0.8521	-1.5209	-0.8973	0.6981	0.4513	-0.5825	-0.3256	0.8119	1.3159	0.8335	1.8725	0.7062	-0.0634	0.8856	-0.5779	0.0904	0.1739	-3.1719	0.0099	-0.1589	-0.9932	-2.8058	0.1323
0.8990	-0.5429	-1.9974	-0.3054	0.3629	-0.6028	0.6544	0.7001	0.9907	-0.6198	0.4601	-0.0067	0.8059	0.0905	0.0476	0.3072	1.6982	-0.1650	1.5528	-1.1718	0.0853	-0.4477	-0.6310	-1.2688	-0.4368	-0.7059	0.6718	2.5600	-1.2885	0.0774	1.1159	-1.1944	-0.5561	1.1001	-0.2941	-0.4574	-0.7705	-0.0699	-1.6021	0.4251	-1.2968	0.2193	0.1560	-0.7188	-0.0266	-1.5934	0.2505	1.9617	0.1553	0.8901
0.9964	0.8643	-0.6913	-0.7286	0.3255	0.5498	-1.1421	-0.1233	0.5514	0.1397	-1.8048	0.0103	0.1224	-0.2971	0.3907	0.3603	-0.4804	-0.7888	-2.5536	-1.2459	1.4558	-1.1198	1.7226	-0.8412	-0.1371	1.5243	-0.7774	-0.6218	-0.0232	0.0336	1.8493	-0.5177	-0.3781	0.2343	0.9903	1.5675	-1.2372	0.1267	0.5768	-0.1575	-1.3716	0.7375	-0.2674	-2.1099	-0.2422	1.4737	-2.1445	-0.0998	-2.1030	-0.0863
0.7511	-1.3731	-1.2654	1.2021	-2.6580	0.8639	-0.8536	-0.3367	-0.0237	0.6451	-0.7412	-1.0815	0.5816	-0.7822	0.5030	-0.1170	0.7265	-0.6931	0.9463	2.0351	-1.8729	-0.3185	-0.9805	0.4242	-0.6410	-1.1081	0.7220	0.9979	0.0526	-1.1765	-0.7454	1.2360	-0.0828	-1.3812	-1.0854	-0.3952	-0.3168	1.2320	0.2555	0.4715	-0.0282	-0.6741	1.2684	0.1447	0.2774	-0.6179	-1.4275	-0.0233	-0.9394	0.5138
0.5426	-0.7335	-0.5381	-0.3411	-0.9563	2.6234	-0.7419	-1.9152	1.0521	-0.3389	0.4310	-0.1006	2.1558	0.1093	0.2285	1.0793	0.3875	0.5605	-1.1579	1.3926	2.2640	-0.5399	-1.1645	-0.4030	0.2912	-0.6190	-1.1890	-1.3959	0.7861	-0.0676	0.1804	-0.6924	-0.1639	-0.4338	0.2179	0.3983	0.4485	-0.0026	-0.1023	-0.3002	-0.0764	0.7504	-1.0998	-0.8827	-0.0409	1.4878	0.1466	0.4600	0.6381	0.4647
-0.5889	-0.6481	2.2250	-0.3935	0.9371	1.6257	-0.8805	2.5471	-1.1979	-1.2324	-0.2567	1.0848	0.1296	-0.8117	0.4002	1.4873	0.0756	-0.6804	0.0459	0.8720	-0.0306	0.7848	1.0741	-0.0708	0.2150	-0.6952	-0.5874	0.6967	1.0704	0.7323	0.4340	0.1920	0.0004	-0.5900	1.9410	1.3129	0.7681	-1.2728	-0.6716	-0.0072	0.8239	-1.3718	1.3085	-1.3654	-1.0102	-0.5798	1.8607	1.6768	-2.1475	1.4751
0.4611	-0.4488	1.0011	0.5524	-1.8996	0.6472	-0.7165	2.0193	-0.2237	0.0374	1.4419	0.3570	-0.9216	-1.4477	-2.2868	-0.2003	0.2746	0.5308	-0.8627	1.4564	1.3234	-0.2512	1.2558	-0.4366	0.1236	-0.1797	-1.3378	0.0604	-0.3534	-0.4907	-2.9580	0.4015	1.4835	-0.7240	1.1900	1.0532	1.1763	-1.2548	1.1014	0.9295	-0.5728	0.1037	-0.2671	1.1964	-2.0269	0.0892	0.7883	-0.9948	0.2811	1.0934
-0.3778	-0.2840	0.8416	0.6664	0.8716	-0.8399	-0.8825	-2.2347	1.1882	1.2200	0.3019	-0.6431	-0.4691	1.3310	-0.2956	0.1978	0.9645	-0.3404	0.9520	-1.3442	0.3890	1.4594	-0.9582	-0.9346	-0.3236	-0.6971	1.5812	-0.2539	-0.8569	-0.3229	1.1211	0.6782	0.3321	-2.4576	1.4573	0.4213	0.2351	1.0410	0.3614	-0.6432	0.5551	-1.1321	0.5722	0.8168	-0.5338	-1.1339	-1.4287	0.2751	-0.2063	0.2318
-0.8081	1.2303	-2.0678	-1.9691	0.2707	-0.4350	1.1922	0.2086	-1.0047	0.3611	1.1282	1.0728	0.2789	0.4840	0.9581	1.8206	-0.5551	0.7233	-0.8513	-1.4151	1.0164	0.1348	-1.3092	-0.0232	-0.4579	1.1856	1.7407	0.6026	-0.0017	-0.4110	-0.4890	-0.2905	1.0804	-0.7789	-0.8672	-0.5654	-0.3841	-1.0178	1.4289	-1.7250	0.7019	0.3175	-0.8072	-0.4880	2.1795	-3.0154	-1.3430	-0.0642	-0.8658	-1.1432
-1.6127	0.8668	0.8485	0.6703	-0.7100	-0.9359	-0.8066	1.1663	0.5843	-1.0385	-0.4387	0.9769	-2.1271	0.9275	-0.0777	-1.9664	-0.8585	-0.6997	1.0566	1.2822	-1.1183	-1.0866	0.7869	3.4095	-1.5500	0.8599	-0.8688	0.0550	0.3365	1.1184	0.3682	1.1003	-2.4899	0.3627	1.3552	-0.1860	-0.0408	2.3448	-0.1456	0.4493	-1.1873	-1.4934	0.1049	2.7614	0.3425	-1.5524	-0.8369	0.3800	0.4010	-1.9115
-0.2371	1.4830	-0.4199	-1.1005	1.3455	-1.0484	-1.2058	1.3145	-1.7079	0.1343	1.1554	-0.7289	0.2775	-0.5414	-0.7323	2.6750	0.4177	0.4313	-0.4692	-1.0653	1.0058	0.5124	1.8315	1.4841	-0.4409	1.0075	-0.8375	1.4661	-0.8120	0.5516	-0.5911	-1.3915	-0.1266	-0.2886	-0.4353	0.2730	-0.8929	0.2729	-1.2932	1.0430	0.0804	-0.0653	0.2097	0.3026	0.4272	-0.3063	0.2541	-1.1448	-0.2150	0.2595
-0.1263	-1.3897	0.9362	0.4135	1.4916	0.1642	0.7580	-1.0548	1.1497	1.2943	-0.1785	0.3868	1.0333	-0.0176	-1.0547	-0.1194	-1.2804	-0.0463	-1.8072	0.8191	-1.6820	0.8534	0.6585	-0.1106	0.6035	1.0574	1.5231	-0.7597	0.7067	0.2549	0.6599	0.0642	-0.5585	0.9104	-0.7161	-2.3289	1.6883	-0.0527	1.4935	-0.0216	-2.0684	-0.2209	0.3140	0.5409	-1.3538	1.1043	-0.5241	-0.6818	2.4879	0.3036
-0.9240	-0.3709	1.0048	-2.4748	-0.5167	0.6510	-0.4895	-0.1041	-2.1151	0.3391	-1.0207	-0.1997	0.7486	0.5416	0.1877	-0.6903	-1.6583	0.3726	-0.8047	0.2778	0.0474	-2.1145	-0.0341	0.8230	2.0359	-0.2462	1.2816	-1.0242	-0.6224	2.2901	0.1790	-1.1110	-0.5659	1.0339	0.5361	0.6865	0.4378	1.0207	-1.3672	-0.3004	-0.1788	0.5301	-0.4407	-0.5291	0.6527	-0.0127	0.9016	-0.5285	-0.7802	-0.1204
-0.1869	-0.8262	-0.5532	-1.3232	-0.7706	0.2160	-1.2947	1.5289	-0.0369	-1.5834	2.9921	-0.7420	-0.7065	0.1561	-1.3475	-0.1688	-0.0668	1.5385	-0.6776	0.3158	0.4768	1.0295	-0.0691	1.3078	-0.9674	1.2254	-2.5342	0.3858	0.2051	-0.5429	-0.9418	-1.1063	1.5853	-0.2817	-0.7821	1.8058	0.1027	-0.8108	0.9588	0.2078	0.2025	-1.2977	1.5163	-0.7535	-0.3919	-0.5489	-1.4208	-1.4627	0.3953	0.1755
-1.9893	1.7471	-1.4350	0.4217	-1.2434	0.1366	2.2037	-2.6034	-0.2524	-0.2367	0.5856	0.4554	1.2589	-1.3760	-0.5194	-2.2274	-2.1399	-0.2395	-1.1199	0.1224	0.9340	-0.6580	0.4806	-1.2728	-0.0364	-1.7171	-0.0822	0.2222	2.3606	0.8252	-0.6326	-0.7785	0.3302	-0.5491	-2.4073	-1.0181	-0.0522	-2.2172	-0.6348	0.2783	-0.8041	-0.2678	1.2323	-2.3853	-0.1422	0.6496	0.1187	-0.1937	0.3355	0.0694
1.1324	-0.3090	-2.5330	1.8548	-1.5594	-0.8144	-0.8404	2.4103	-1.0232	1.0939	0.2466	-0.4446	0.2914	-0.5425	-0.1595	0.0391	0.4997	-2.0306	-0.7500	1.2768	-0.9936	-0.9680	0.0317	-0.2186	-1.0681	0.1657	0.2747	1.8365	0.9839	-0.2093	-0.3645	-2.2047	0.5258	-0.3626	0.0146	1.4071	1.4345	-0.3056	-1.3684	0.0159	0.8828	0.6895	-0.9291	2.1158	1.2631	-0.8427	1.0119	-0.3844	-0.7098	-1.1518
1.0753	-0.1144	0.6544	-2.4058	0.4824	-1.1657	0.9579	-0.4670	-0.3525	0.2251	0.2759	1.8616	-0.6889	-1.3973	0.2842	0.0386	0.0597	-0.2602	-0.8729	-0.3865	-0.2700	-2.1381	0.8659	0.6132	0.9808	-1.4600	-1.3157	1.5946	-0.4123	2.2362	-1.2014	-1.5050	0.2020	-0.0857	-0.4755	1.9111	-1.2466	0.1249	-1.3435	-1.0352	-0.6476	-0.7372	0.5270	1.3755	-0.9147	0.3152	0.7198	1.0084	-0.5227	-0.0374
-0.2525	-2.0437	-1.4858	-0.5034	0.4930	-0.0260	0.1375	1.5432	1.4918	1.3751	0.7465	1.0420	1.3797	-1.0330	-0.2590	-1.4079	0.4554	-0.0305	-0.9013	-0.5746	0.5652	-0.5176	-0.1832	0.8353	0.8278	-2.0209	1.3240	2.7840	0.9310	-1.7619	-1.1065	-0.0213	-1.1437	0.0422	-0.9758	3.2244	0.0249	-0.2111	1.1721	-1.8422	-0.1735	-0.0660	0.0868	0.5230	-0.1096	0.5739	0.3582	-0.4330	-0.7894	1.3089
0.4525	0.2072	1.7626	-0.2918	0.6053	0.8400	-1.8823	-1.6905	0.1175	-0.7648	0.6406	1.9509	0.5680	0.1259	1.1791	-1.4218	-0.6437	-0.8731	1.1512	1.1096	0.0703	-0.4493	-0.3721	0.1131	0.0040	0.6395	0.0591	1.4311	0.7760	0.9787	-0.4926	-0.8000	-1.3392	0.0693	0.4739	0.4004	0.9634	0.0893	-1.0929	1.1886	0.8424	-1.4872	0.0371	0.4636	-0.5522	1.6955	-0.9218	-0.6328	-0.0797	0.5103
1.0915	0.0410	-0.1566	-0.2854	-0.1143	0.3451	1.4436	0.9665	-0.2592	-0.1806	-1.1715	0.9877	2.4095	-1.6493	-1.1856	0.3777	-0.1634	-1.6265	-0.6387	-1.5042	0.7630	-0.4949	0.1088	2.0581	0.7569	0.1621	0.1801	-0.1115	1.0213	-0.2876	0.9399	-0.2702	1.4560	-0.2746	0.8926	0.3339	0.2415	-0.1027	-0.9608	0.0417	0.9756	0.0007	0.3525	0.3992	1.2527	-0.9881	-0.3101	-0.0079	0.7732	1.0522
0.7035	0.6801	1.3650	-0.9115	-1.3757	-0.8905	1.1687	-0.5691	0.9378	0.3927	0.3823	0.4865	0.0073	-0.2808	0.2874	0.7394	0.6575	1.0502	-0.5284	-0.3662	1.0507	0.7040	-0.2896	0.0097	-0.5959	0.2457	0.1722	0.7489	-1.9579	-0.3281	0.2475	0.0081	-0.6454	0.0867	-0.5002	0.3413	1.4505	-0.0644	-0.9404	-1.3322	-1.3673	-0.1921	-0.0888	0.7738	1.0512	-0.3365	-0.2702	-0.2018	1.2169	-0.0842
-1.5776	1.2700	-1.2612	0.8273	-1.7849	-0.2253	0.4905	1.1535	0.8450	-1.6233	0.1099	1.0376	-1.2861	-1.5603	-1.5115	0.9033	-2.3321	-0.9662	-0.5084	-1.5782	-0.5560	1.2506	0.0970	-0.4461	0.2943	0.5861	-0.1472	-1.3115	-1.7120	-1.0980	0.1590	-0.3486	0.4361	0.2024	-1.2684	0.6184	-0.2594	1.1684	0.2390	2.0445	-0.1196	-2.0156	-1.3627	0.1806	-0.3386	-0.0513	-0.8808	0.0254	0.7438	0.3256
0.2396	1.7054	-0.8692	-0.1007	-0.5979	-0.0030	1.0263	-0.4795	-0.2421	-1.1386	0.7779	0.1028	1.8729	-0.7225	2.4681	-0.4553	0.4820	0.2955	-0.8156	-0.5952	-0.0859	-0.5980	2.0809	-1.1397	0.2865	-0.7077	-0.7444	0.0810	0.6669	-0.0444	-0.3081	0.5389	-1.0272	-0.0194	0.0275	1.8128	0.9808	2.3700	0.2640	0.6058	-0.3075	-0.8127	-0.0957	1.6492	0.7023	1.1685	0.2716	0.5615	1.4630	-1.7142
-1.3899	-0.9686	1.0789	2.2233	1.4742	-0.3097	-0.0325	0.3061	0.6139	-0.5553	-2.0639	0.8417	0.4252	0.1133	0.4873	-0.2780	-0.9660	0.0214	-1.9608	1.2530	0.5835	1.2839	-1.0473	-1.1068	0.0951	-1.7867	0.7111	-0.5181	-0.4282	2.6395	1.2290	-0.6153	-0.2678	1.8668	0.1383	0.4851	-0.3209	0.4135	0.5050	0.4133	-1.0167	0.4042	1.7698	0.9211	0.4032	1.2593	1.7684	0.7718	-0.7611	0.4345
-1.7812	0.6312	-1.9976	0.7769	-0.9802	-1.0864	-0.3100	-0.2563	-1.0423	-0.1549	-1.5973	1.7312	-0.0757	0.5303	1.2620	-0.7503	0.3971	0.6220	0.5666	-0.4349	0.7736	-0.0473	1.1756	-0.6997	-1.2974	-0.7697	-1.3295	0.7018	-1.5322	-1.7974	0.8095	-1.0571	-0.4705	1.2618	0.0557	1.2220	0.3964	-0.5899	1.1700	0.0498	1.0918	0.4908	-0.0768	-0.3858	-0.2205	-1.6710	-0.6105	1.0445	1.5259	0.9446
-0.7440	0.7266	0.2352	0.1625	0.9611	-0.9167	0.7431	1.4645	1.4726	0.6944	-0.8901	0.4835	-1.2162	1.3985	0.7693	1.3642	0.9161	-1.6386	0.5075	-1.1962	0.7683	0.2653	-0.0158	1.6518	-1.9782	1.9124	0.2916	1.5256	-1.2415	0.6923	-1.2842	0.2592	-0.8118	0.0964	0.3317	0.9337	-0.9490	-2.2907	0.4633	-2.5235	0.3652	-0.7017	0.6726	-0.6610	-0.2264	-0.5020	-0.6265	-0.1979	1.3152	-0.7118
0.8089	0.0405	-0.0429	-1.0573	-0.6338	1.2320	0.8385	0.7565	-0.2180	-0.1405	0.2653	1.4046	0.6977	-0.0348	-1.2172	-0.0493	1.5161	0.8541	0.9537	0.0395	0.3643	-0.4102	-0.3949	-0.5866	0.6368	0.2899	0.4430	-0.7149	0.4236	-0.5202	-1.4207	0.5750	1.8909	1.8535	-1.6265	0.7428	-1.8272	0.4535	-0.1432	-0.3877	0.0049	-0.1847	1.4588	-0.1993	-0.1007	0.5285	-0.2620	-0.7255	0.1826	-0.0706
-0.1795	-1.4086	0.4203	-0.7994	0.3924	-0.9957	-0.1865	-1.2811	0.5010	-0.4333	0.2528	0.2365	1.2441	-0.7973	0.7089	0.3837	-0.7218	2.8272	-1.0905	-0.0212	-0.1683	0.4831	-0.0655	0.7209	0.1592	0.2908	-0.7858	-0.5651	0.1138	1.2470	0.4649	-0.1713	0.0647	0.7077	1.4471	0.3608	-0.6171	-0.7347	0.1808	1.0742	1.4087	-0.5873	1.3371	-0.4133	-1.1372	2.2168	0.8135	0.0611	-0.3132	-0.3082
0.1273	-0.6969	0.3696	-1.1823	0.1824	-0.2437	0.5189	0.4310	0.0886	-0.4823	1.2765	0.5992	-0.8600	-1.0505	-0.3299	-0.7384	-0.0295	0.9905	-0.3994	0.6911	0.7683	-1.2337	-0.4764	0.2867	1.5690	1.8496	1.2859	-1.0963	-0.5925	0.9168	-0.8568	-0.0839	0.5952	-0.4143	0.0932	-2.1400	-2.2589	-1.2432	-0.6305	1.4059	-0.6719	-0.3484	-1.0540	-0.1395	1.0699	0.5782	-0.8853	-2.1299	0.8037	-2.1249
0.1867	-1.3983	-0.6262	0.0077	-0.1634	-0.4453	-0.5992	-0.4370	-0.2008	0.5344	-1.0338	-0.3062	1.0765	-0.7315	-0.5948	0.3168	0.1016	-1.0618	-0.1303	0.3623	-1.3986	0.9174	-0.0606	-0.4433	0.5733	-0.1221	-0.8178	-0.2048	-0.4919	0.6808	-0.2368	-0.7093	-0.1684	0.4750	-0.2446	-0.6078	-2.0850	-0.3353	1.3258	-1.6638	-1.0877	1.1075	-1.4748	0.1906	1.6299	0.3519	0.7511	-0.1550	0.3239	0.4455
-0.3859	-0.9420	0.3152	-1.5270	1.3037	-1.1180	0.3116	0.3751	-0.7422	0.8589	-1.1667	-1.2398	-2.0752	0.4118	0.0006	1.3024	-0.3581	0.2501	0.1466	-0.8893	0.8836	-0.4454	-1.0708	-0.0113	-1.2848	0.2771	1.7553	-0.4968	1.1293	-1.2206	-0.0899	2.6772	0.4714	1.5855	-0.1262	0.5771	-0.3718	-0.5129	-0.6035	0.0434	-0.9683	2.0931	-2.7892	-1.3089	-0.3140	0.1672	0.9823	-1.1959	-1.3645	0.5515
-0.1230	0.9694	-1.7765	-0.2522	-1.6297	-0.5504	0.7415	-0.1949	0.1430	1.6696	-0.4160	-1.1982	0.7402	1.5969	-1.4156	-1.7014	-0.1969	-0.8119	0.0739	-0.8366	0.2483	0.0000	1.6071	1.0820	1.3068	-0.5038	1.2627	0.1192	-1.3691	1.6618	-0.4497	1.1602	-1.2429	1.3893	-0.1338	-0.2937	0.3981	-0.9442	-0.1782	0.7182	-0.3728	0.2593	-0.7740	-2.5655	-0.0123	0.0661	-0.4411	2.5501	-0.0920	-1.2393
0.2396	-0.5460	0.6971	0.3531	-0.1043	1.5781	0.3657	1.6173	2.0278	1.4842	-0.0755	0.1168	-0.2362	-0.4975	1.4944	-0.0740	-1.7128	-1.4963	-1.1339	1.0498	3.7268	-0.9931	0.4573	-0.9149	-0.5973	2.5103	0.7530	-1.0650	2.4256	0.4034	-0.8331	-0.7349	1.1656	-0.0332	-0.1074	-0.3678	-0.1875	0.6865	-0.8653	0.0975	-0.2202	-0.0132	-0.0042	-1.6242	0.6241	0.9969	-0.3454	-0.1234	0.7589	0.1598
0.0467	1.9246	0.9350	1.0333	1.0038	0.7273	-1.4605	-1.4220	-1.1225	-0.4071	0.7869	2.1160	-0.0592	-0.5022	0.0414	0.9154	-1.0837	0.1973	0.2965	-0.6457	-1.0764	-0.4040	-0.8157	0.5638	-0.8048	0.4278	2.2620	0.0258	0.1080	-0.1464	-0.4017	0.8192	0.3213	-0.0565	0.8941	-0.9750	1.2420	-0.0333	1.0581	-0.2544	-0.5339	-0.5306	-0.7439	0.0531	1.7234	-0.4605	0.6319	-0.8124	2.0292	-1.2605
1.9134	-1.0701	1.3169	0.6658	-0.9781	0.8648	-0.9096	0.1970	-0.8510	-0.5858	-0.2457	0.1409	0.6046	0.9429	0.1353	-0.5412	0.8171	0.2464	1.1012	0.4093	0.5190	0.5622	0.1165	0.1649	-2.2515	-0.9846	0.5737	-0.9533	1.3977	0.7206	1.7086	0.4814	0.9944	-0.4263	-1.1389	0.2668	-1.3072	-0.2042	1.0345	-0.0134	0.7157	-1.0042	-0.3983	-0.4014	0.9620	-0.9400	-0.8279	0.1970	-1.1373	-0.3222
-0.5875	0.5924	-0.8168	1.2036	-0.1111	-0.1334	0.7884	-0.8473	-0.8413	0.4020	0.6382	-1.7546	0.2154	-1.6915	-0.3508	0.5765	-1.2120	0.8729	-1.1305	-0.6160	-1.8425	-1.2073	-0.8034	0.4925	0.3005	-1.7637	0.5945	0.2146	0.1746	0.2680	1.2861	0.5837	0.7061	-0.4280	0.5328	-0.0768	-0.1059	0.6303	1.8155	-0.7325	-1.3387	-0.6092	1.1201	-0.3635	1.3751	0.2153	-1.1413	-0.8283	-0.1903	0.2694
-0.4724	-0.2500	0.1972	-0.4999	1.1242	-0.4441	-0.4964	-0.2728	-0.0833	-1.4522	-0.1042	-0.5578	0.1509	-0.6782	0.4303	0.6756	0.1335	1.0875	-0.7487	1.3507	1.8098	-0.0207	1.2601	-0.7567	0.9107	0.5740	0.6677	-0.3747	0.1661	-1.4469	0.4055	-2.6749	-0.0912	0.1122	0.6843	0.4613	-1.3869	1.0405	0.1534	-0.2198	0.5089	0.4784	0.0162	-0.5234	0.1481	0.3819	0.5082	0.4528	-1.0247	0.7569
-0.4417	-0.1040	-0.1464	-0.8850	-2.3166	-0.1077	0.9733	0.3099	-0.5340	0.9019	0.2242	1.6967	1.2121	-1.5295	-0.2631	0.5142	-1.9562	-1.0217	-0.4622	0.4481	-0.2113	0.7968	-0.0912	-1.7701	1.1495	0.1067	-0.2907	1.2659	1.0544	-1.2173	1.5725	1.0348	-0.2922	-0.9372	0.6501	-0.8649	2.0379	-1.0621	-0.8922	0.7875	-0.0949	1.4065	-0.3684	1.0016	-0.4844	-1.1424	-1.0857	-0.9624	-0.3190	-0.6087
-0.3213	0.3094	0.5488	1.7675	-1.5184	1.3701	1.0009	-1.6164	1.0644	0.6906	1.6282	0.1035	0.7771	0.8284	1.6386	-0.3858	-1.8517	-0.1318	-1.7866	0.1198	-0.3053	-1.1999	0.0004	1.0187	1.1427	-1.1172	-0.9241	0.2701	0.6595	0.0362	-0.0620	-0.3022	-0.8401	-0.7685	2.5187	0.4915	-0.8623	-0.2605	0.9932	0.9561	-1.2619	1.6457	-0.0065	-0.5874	-0.0350	0.9329	1.0868	-1.3639	0.8663	0.0768
0.3215	0.9163	-0.0046	0.0141	0.9313	-0.0050	1.6297	0.4535	-0.1208	0.8046	-0.3258	0.9084	-0.2736	-1.9989	0.6118	0.2720	-0.0527	0.0664	0.6846	-1.3815	-0.4909	-0.6657	-1.6223	-0.1120	-0.1307	-0.0998	1.9332	-0.2076	-0.4013	-1.2469	0.8922	-1.2308	-0.6776	1.6732	1.4474	1.1162	-1.7419	-0.1541	0.0532	0.5652	0.6048	-2.1409	1.2525	-0.1987	0.7923	-0.5311	-0.9619	-0.0907	0.0818	-1.1881
-0.6039	1.1417	-0.2594	0.1735	-1.1692	2.6131	-0.2786	-0.3751	-0.3377	-0.0885	-0.6811	-0.8538	-0.2970	-1.2916	1.4571	0.3324	0.3116	0.4392	-0.8235	-0.2815	-0.1907	-0.4642	0.1750	0.2564	0.6797	-1.2159	1.5284	-0.6118	-0.2830	-1.1913	-0.3521	0.5654	0.5756	-0.5537	-0.8549	0.8129	0.4158	-1.0821	-0.9132	-1.3385	-0.7212	0.4112	1.7423	0.2143	-0.7667	0.9486	0.6763	-0.4777	-0.7066	-0.5011
-0.0021	0.0524	0.1961	-0.6959	-0.2018	0.6149	-0.2818	-0.2302	1.3251	0.3858	1.1066	-0.3657	-3.0671	-0.8421	0.9690	-0.6576	-1.7593	0.3580	0.0149	1.0178	-1.3154	-1.7043	-1.5110	0.5929	-1.1390	1.6766	-0.2339	-0.3734	-1.5010	0.6779	-1.0083	0.3758	1.2407	-0.2973	-1.0886	-0.2398	-1.8002	-0.4112	-1.1297	-0.0944	0.5048	0.5995	1.3866	0.5726	-2.1375	-1.6596	0.3851	-0.4179	0.0528	1.5843
0.3924	-0.1020	-1.7735	-1.3470	1.4661	1.3236	-0.4345	-0.1809	-1.2103	-0.8249	1.0183	1.0356	1.3995	0.6785	0.4839	0.6045	1.6253	0.3274	-1.6608	-0.6996	-1.2311	0.5717	-2.0889	1.0917	0.8498	1.6324	-1.6769	-0.0116	0.0028	-1.1854	-0.5444	0.9468	-0.6699	0.7147	1.9782	-0.2183	0.0626	-1.1901	-0.1194	0.8835	-0.2652	-0.0509	-0.2271	-0.6549	-0.7643	0.0982	0.9223	0.2190	1.4390	-0.1349
-0.7007	-1.2711	0.3504	-1.4766	0.7626	-0.2127	-0.3502	-0.1306	-0.5310	1.6688	1.7425	-0.6864	1.2380	0.7090	-0.0316	0.6167	1.5348	0.5330	-2.6228	-2.0498	0.2994	1.5938	1.2082	-0.7227	1.0852	-0.0995	1.0729	-0.1873	0.4028	1.0860	1.8134	-0.5703	-0.8922	0.3453	1.2019	-0.4986	1.1450	1.6031	1.3247	-1.6176	1.9377	0.4907	-1.2936	-0.9757	-0.1340	1.0117	0.9239	-0.3151	0.9871	-0.2841
0.2761	-1.4357	1.0771	-0.5365	-0.7678	-0.4300	-1.0155	0.8558	1.1083	0.4819	-0.5807	0.7667	-1.0174	0.0047	-1.3003	-0.1632	1.7805	-0.3004	-1.3541	1.2970	-0.2183	-0.3808	-1.7149	0.7623	-1.8391	0.1332	-2.3488	1.2912	-0.5577	-1.6879	-0.2742	0.7067	-0.6520	2.2455	0.8530	0.9003	-0.6671	-0.1510	-0.5280	-1.7071	1.2020	0.8613	-0.1123	0.2395	0.9625	-1.2166	-1.5561	0.2183	0.7995	1.8393
0.4995	-0.1539	0.3661	-0.4457	0.1334	-0.2707	-0.1853	-0.3121	-0.7824	0.5283	-0.9191	0.7802	-0.2256	-1.6854	-0.6790	0.9594	0.8392	-0.1838	-0.1990	0.2762	1.3784	-0.2754	-0.1539	-1.0702	0.3822	-1.0451	-0.6263	2.1518	-0.2514	2.7526	1.2392	0.2463	0.3037	-1.3093	-1.1905	-1.1844	1.0161	-0.6461	0.3843	0.1553	-0.3972	-0.5698	-0.2139	-0.7149	-0.0332	0.7886	1.0286	1.0367	1.4626	-0.5355
-0.1247	0.5515	-0.1363	1.7766	0.1465	0.4981	0.4458	-0.2222	-2.6191	-0.6185	0.1781	1.2975	-0.1980	-0.4066	-0.0108	-0.5792	-0.9356	0.1440	-1.2805	2.2163	-1.7468	-1.0252	-1.4240	0.7507	-0.1398	-1.4133	0.1868	-0.7193	-1.4701	-0.0866	1.3264	1.8298	-1.0659	-0.0540	0.2309	1.3658	-1.1392	-2.9610	0.2140	1.0566	0.8671	-0.0478	-1.0051	1.2529	0.1696	1.7174	0.8648	-1.2444	-0.2615	-0.0496
-1.3174	1.1749	0.0319	1.2015	-0.3296	0.5031	1.4301	-0.4013	0.7224	2.2097	0.8973	-0.4020	-0.7963	1.3123	0.3699	-0.4242	-0.5874	-2.2474	1.9092	0.7263	0.1483	-1.3350	-0.1503	0.0284	-0.0227	0.3755	0.6491	1.4156	-0.1501	-0.5985	-1.4437	1.2611	0.8976	-1.2565	0.1511	0.4661	-0.8465	-0.5683	0.0669	-0.6237	-0.5599	-0.6837	2.8846	0.4230	1.4044	-0.9859	-0.9082	0.8529	-0.2214	0.7296
1.7436	-1.0897	-1.2883	0.9314	-0.6449	-0.1156	-0.2911	0.6732	0.2799	0.7140	0.3222	-0.9351	0.6689	0.3694	1.8855	0.8645	-0.3257	0.0941	-0.0517	1.8824	1.4966	0.1169	-2.2015	0.1991	-0.6794	1.8109	-0.9162	1.0337	0.3339	0.2598	0.0713	-1.8723	-0.2852	-0.2931	0.9284	0.7193	0.6706	0.8856	-0.2759	-2.4538	-0.6517	-0.1308	-0.4899	-1.6493	-0.5914	1.2742	1.6620	1.0255	-2.1564	0.6600
-0.7304	-0.7572	0.1855	-0.4810	0.5605	1.2339	1.3057	-0.6904	-0.4859	0.5164	0.5339	0.0637	-1.0364	-0.6535	1.9366	-2.3370	-0.1262	0.6023	1.0183	0.1942	1.1337	-0.0029	-0.3087	0.0787	-0.8434	-0.0376	-0.9634	-1.9392	0.7513	1.1591	0.9627	-0.0150	-0.7550	-0.9521	1.7201	-0.8001	-0.1107	0.2695	-0.3705	-1.0610	-0.3175	0.0434	-0.1526	-1.2669	1.2119	-0.4416	1.3586	0.1232	-0.4569	-0.1234
0.1124	0.2357	1.2914	0.2864	-1.0637	1.1070	-0.3130	0.4226	0.8473	-1.3586	0.0144	-0.5008	0.1057	1.3720	-0.2480	0.4725	-0.5122	0.2940	-1.6445	-0.3722	0.1785	-0.2655	-0.0137	1.5941	0.5258	-0.1906	-0.3850	0.9448	-0.0387	-0.0941	0.0584	-1.2506	0.4145	0.7462	-0.4088	-0.6086	-0.9947	0.5511	-0.2534	-0.7605	-1.2023	0.4926	-0.6852	1.7864	-2.3933	2.3341	-0.1635	0.1801	0.0522	-1.0522
-1.4199	0.6065	0.5015	-1.6324	0.1325	1.2506	0.7997	1.8327	-1.4136	-0.1944	-2.4860	-0.1034	0.2311	0.3207	-0.3850	-0.6234	-1.9901	-0.3705	0.2233	1.7442	-0.1962	-1.5365	-3.2699	1.2204	0.2086	-0.2482	0.1386	-1.4666	1.2452	0.4952	0.3517	-0.6185	-2.2323	-0.5767	0.1247	0.7752	0.9473	-0.2406	-0.5788	-1.0573	0.3543	0.6398	-0.5032	0.4602	-0.8253	-1.1539	0.5234	-0.8801	-0.5164	1.3947
0.0095	-1.4964	-1.2049	-0.6079	-1.6998	-0.6074	-0.7436	-0.6349	2.0963	-0.5509	-0.5981	2.6500	0.2061	-0.9182	-0.3115	-0.9412	-0.3674	-0.5657	0.9077	-0.6195	-0.2086	-0.7364	-0.7048	-0.7258	0.4250	-1.5328	0.8609	0.4360	1.0290	-0.7701	2.1032	0.7499	0.2059	1.9743	0.1349	0.6004	0.3165	0.6981	-0.8087	-0.1481	0.5705	-0.0330	-0.5352	-0.1100	-0.9241	-0.0381	-0.6009	0.0149	0.0344	1.9320
0.7995	0.7661	0.6007	-1.7951	0.9695	-1.5945	-1.2265	-1.2193	-1.0900	1.0409	0.4267	1.4614	-0.2914	1.7278	0.2979	-2.6542	-1.8551	-0.4094	-0.3085	1.2686	0.3514	0.4378	0.2399	-1.4848	-1.0721	-0.5022	0.2675	1.3814	2.1391	-1.4961	-0.2542	1.4931	-1.3615	0.9204	-0.8261	0.5075	-0.1151	-1.1772	-1.0705	-0.6252	0.9245	0.2299	-0.3066	-0.6345	-0.8230	-0.7919	1.9607	-0.6763	-0.2709	0.0884
-0.1868	0.3326	-2.1417	-0.9401	0.2764	-0.3917	-0.9410	0.2723	0.9439	0.0984	-1.6393	-1.0488	-0.4016	-0.9943	0.7510	0.6449	0.2875	0.4303	-0.5171	0.1976	0.6540	-0.9786	-0.5914	0.2014	-0.0840	-0.6045	1.4077	-0.2986	0.7260	0.6983	0.6019	1.0737	-0.6111	-1.0470	-0.4997	0.7994	-0.3863	0.1839	-0.3578	2.1665	1.6777	0.2000	-1.7401	1.2238	0.2635	2.0107	-0.5189	-0.4369	-0.7951	-1.2387
-0.1126	0.1519	0.8849	0.8940	0.0553	-1.0051	1.0238	1.1006	0.7847	-0.7739	1.4401	-0.5188	-1.7572	0.1422	0.4624	0.0530	0.0614	-0.4745	-0.5167	0.8775	-0.4158	1.7096	1.3398	-0.9229	-1.7517	-0.2924	-0.2532	-0.6752	1.1171	0.3375	0.7410	-1.3064	1.2657	-0.3856	-0.6175	-0.2701	-1.1635	-0.1458	0.0306	0.4721	-1.7370	-0.9829	1.2615	-0.7940	-0.4866	0.3853	0.6197	-0.8299	0.5854	-0.8049
2.0314	0.4359	-0.5644	0.1121	0.3470	0.6875	0.0748	1.1712	1.9850	1.8432	0.4726	-0.3289	0.1727	0.8150	-0.8149	1.0731	-1.7305	0.4010	-0.3481	1.7598	0.0418	0.6182	0.3307	1.4531	-0.8157	-1.1894	-0.2249	0.0478	-0.4250	0.4886	-0.2406	-0.3639	0.6949	-1.9106	1.5551	-1.2422	1.9787	-0.5878	-0.8283	2.0774	-0.6975	0.2859	0.1339	0.3001	-0.3898	0.2274	0.8769	0.2900	0.7587	-0.4948
-0.8146	-0.5553	-0.8055	0.4329	-0.7596	0.2416	-0.5896	-0.9130	-0.5062	-1.0224	0.0819	0.4290	1.3080	0.7958	0.6275	-0.7437	0.3279	0.1699	-2.5266	-0.9535	2.6037	0.0383	0.0589	-1.4843	-1.3568	1.0475	-0.6867	1.6914	-2.4063	-0.2247	-0.2073	-0.7356	1.4777	-0.2775	-1.1836	-0.8441	0.9204	0.2447	-0.4751	0.4189	-0.9667	0.3973	-0.1879	-1.7119	-0.1153	-0.4345	2.6488	-0.5448	-2.2737	-1.0550
1.2550	1.5310	0.7501	2.0224	0.5442	0.1719	1.1337	0.6220	-0.4598	-0.5965	1.4732	0.2204	0.7715	2.2336	0.8105	1.4456	-0.9337	0.2125	0.3989	-1.3294	-0.3251	-0.0202	0.8144	-1.0708	1.7489	-0.2553	-0.5042	0.0236	0.3601	0.1162	0.3285	0.5055	0.4047	2.7256	0.1645	0.4671	-0.8895	-0.5226	-0.4521	0.6918	-0.8214	0.8430	-1.0601	0.1459	0.1953	1.1164	1.3924	-0.7947	0.7515	-0.5060
-0.4987	0.0715	-0.6149	-0.2746	0.3530	-0.8335	2.5109	0.4996	-0.5885	1.4106	1.1269	0.1883	-0.5894	0.2953	-1.0413	-0.2467	0.0689	2.0147	0.9696	-0.0165	1.3706	0.0576	0.3389	1.8622	1.8691	1.3560	2.6009	-0.3671	0.3609	-0.4955	-0.0758	-0.4041	0.7565	0.5445	0.4970	-0.4915	0.4445	-1.5460	-0.3525	0.4963	-0.9894	0.6921	-0.6310	-0.6710	-1.6937	-1.0694	0.6171	-0.6573	1.0251	-0.4869
-0.2533	0.4779	1.6632	-0.6583	1.0550	-0.7854	0.9228	-1.4158	-0.7223	2.0397	-0.1755	1.2865	-0.1028	0.4953	-0.5201	0.9092	-0.2881	1.1356	0.1270	-0.9037	-0.7433	0.1866	0.7634	1.2858	-1.3291	0.4033	0.4952	-0.3027	0.2141	-0.3856	1.2870	-1.1184	-0.2356	-0.7601	-0.9793	0.5175	-0.8407	0.5810	-0.6596	1.3806	1.2644	0.3770	0.8317	2.0382	0.7967	-0.7912	-0.0093	-0.3640	-0.6837	-1.2652
0.1626	-0.4964	0.9780	-0.0072	0.4102	0.4150	-0.5200	-0.4147	-0.3063	-3.4713	-0.4237	0.3323	0.2795	-1.1562	0.6405	-0.9991	0.7692	-0.1167	-0.1012	0.6926	0.8579	-0.8491	-0.7560	0.3821	0.1098	-0.7186	0.9467	0.8027	-2.1863	-1.3673	-0.2132	0.5801	0.0729	-1.9912	0.2043	-0.1117	-0.9120	-1.8489	-0.2336	0.7149	-0.7810	-2.3616	-0.8690	-0.7243	-0.3728	-0.1157	-0.1863	0.3732	-1.7175	-0.0344
-0.6344	-0.1697	-0.1000	1.5360	-0.6949	-0.7987	-0.6546	0.6520	-0.4362	0.9695	-0.2579	-0.3889	-0.6215	1.1667	-1.7943	0.4415	-1.1277	-0.2825	-0.3049	-0.0567	-1.6706	-0.1346	-1.6359	-1.4775	-0.9296	-0.2558	1.8000	-0.1935	-1.1704	1.8431	-1.3044	-1.1494	-1.4892	1.1570	0.1593	0.3099	1.2631	-0.7643	0.1456	-2.0683	-0.0982	1.7814	1.5446	-1.6326	-1.2204	-0.1322	-1.2997	1.4382	1.2717	0.3821
-0.7577	-0.4454	0.5559	-0.6119	2.2939	2.1043	1.6007	0.1852	-0.8599	0.0530	0.0215	-1.4239	0.9740	1.1071	1.3200	-0.3568	-0.3237	1.1487	0.5257	1.1619	-0.7898	0.8454	-0.6563	1.3849	-1.4623	0.5672	0.6473	-0.0115	1.2776	1.7698	0.7690	0.0365	0.8382	2.5022	0.6433	-1.2508	-0.3989	-0.5904	-1.5815	1.8673	2.0670	-0.4083	-1.1692	-0.4778	-0.1073	-0.2644	1.0573	0.3209	-0.3756	-0.4822
-0.4869	0.2819	-0.8174	0.7650	-0.2114	-1.1237	-1.2469	0.0190	-2.4839	0.4646	0.5054	0.2304	0.1784	-0.9355	0.1133	-2.3747	1.0770	1.9753	0.8250	-0.6059	-0.0840	-0.0443	-0.4680	0.1845	0.2375	-0.9861	0.0635	0.6580	-0.6909	0.9392	1.4237	-1.1613	0.6772	1.1783	0.2167	1.6616	-0.2276	0.5261	0.1313	0.6196	0.2581	1.0729	-1.0677	-1.0638	-0.0700	0.2310	1.0661	-1.8213	-2.5251	-0.0970
0.2462	1.1865	-0.8868	-0.5768	1.6487	-1.0344	0.0928	0.5766	-1.4324	-0.3645	1.2846	-0.1454	-0.7830	-0.7417	-0.0973	-1.0961	0.7808	-0.1501	-0.9921	-0.2336	0.0343	-0.1131	0.1090	0.2634	0.6689	-1.0751	0.4351	0.5046	1.5522	-0.0001	-0.5326	-1.6997	0.5777	-0.1537	1.0122	-0.6932	1.5883	-0.0534	-0.1917	0.0869	0.4880	-0.4216	1.9885	-1.5814	-0.5347	1.4647	0.9019	1.1203	-0.0160	0.6072
-1.1214	1.3034	-1.3106	-0.2599	1.3616	1.0526	0.3000	1.1048	-0.6163	0.1877	-0.2466	-1.8286	-2.4344	-1.6437	0.1313	1.2908	0.4460	-0.9691	0.9452	0.4330	1.3345	-1.0665	-0.6881	-0.5785	-1.2114	-0.9880	-1.7503	-0.4821	1.9792	0.3964	0.1212	-0.0234	-1.1084	-0.4764	0.4897	0.0491	0.4102	-0.3683	0.6452	0.6914	-0.4096	0.1509	-0.1548	0.1230	0.1230	-0.5999	-1.0386	-0.1433	0.2999	-0.1919
-2.0869	-0.9815	1.2137	-1.0715	-1.4528	-1.0967	0.4836	-2.9935	-1.3286	1.6607	0.1389	-0.8633	-0.9986	-0.4900	0.1002	1.1000	-0.2826	0.2306	-0.4233	0.1950	0.8611	0.7047	-1.9682	-0.4412	-0.5291	0.6545	-0.7213	-0.9429	-2.5519	0.2458	2.0225	-0.3386	-1.0215	-1.5861	-0.2041	-1.6048	1.1787	-0.2180	-0.0757	0.4191	0.2314	1.8452	0.7924	-0.7214	-0.1984	0.7072	-1.3264	0.3829	0.9446	0.3036
-0.2266	0.9482	-0.6790	1.6141	-0.8367	-1.1429	0.9661	-0.5616	-0.2703	-0.8774	0.2165	-0.3989	0.9895	0.5440	-0.0887	-1.3623	1.1316	-1.5727	-0.7223	-1.3259	1.3753	0.7440	-0.3310	0.4698	0.4695	-0.1880	1.0322	-1.7897	-0.2998	-0.2048	-1.8520	-0.0808	-0.8887	1.4896	1.4921	-0.2249	-0.6724	-0.8146	1.4620	0.0522	-1.3122	0.2024	-0.6065	-1.4136	-1.8555	0.7593	1.7370	0.4295	1.7730	1.9334
0.0200	0.6183	-0.2631	0.2624	0.7674	-0.0535	-0.8996	-0.6163	-0.0522	-0.4902	0.2086	1.1999	-1.1269	0.9380	1.0458	1.4547	-0.2286	-1.3764	-1.3611	0.5470	1.0246	0.4456	0.7779	0.8922	0.1387	0.5945	0.2197	1.4007	1.0470	0.8612	0.3843	-0.9992	-0.3237	-2.1717	0.2566	-0.7971	-0.6903	-1.0390	0.7773	0.2387	-0.3554	-0.4139	-1.1449	-0.3872	0.5896	0.6414	-0.8843	-0.7499	1.0728	1.2479
0.1065	-0.0338	0.2273	1.3333	0.9685	1.2271	-0.0881	1.1051	1.1279	0.0132	0.6096	1.1928	0.2544	-0.5416	-0.2026	1.8401	1.7968	1.2641	0.6429	0.3724	-0.6493	-0.1465	-0.7239	-0.7440	-0.3191	-0.8390	0.1986	1.2788	0.4463	-1.0018	0.5885	0.7133	0.4815	0.5822	1.4259	-0.4090	-0.5332	0.3810	-0.5574	-1.0555	-2.0212	-1.2900	-0.8700	-0.3675	-0.6285	-0.1124	0.4047	-1.0232	-0.0220	-1.2532
0.3124	1.0697	-1.1996	-0.9695	-0.6902	-0.5611	-1.1854	0.6775	0.2633	-0.5051	0.2322	1.2614	-0.0967	-0.1388	0.5879	-0.3934	0.6611	2.0366	0.9020	-0.8509	-0.8997	-0.1582	-1.1384	0.2434	1.3802	0.1813	-0.1071	-0.5144	-1.6966	1.3312	0.9226	-0.2489	0.3064	-0.0040	-0.2845	0.8117	-0.1519	0.9118	1.9109	0.8169	0.0966	1.3252	-0.4192	0.4166	-0.1676	-0.5603	-1.6575	0.6293	0.0716	0.9810
-0.0856	-0.6592	-0.7240	1.4501	0.3534	1.0521	0.5071	0.4194	0.2653	1.7016	-0.6069	0.4060	-0.1709	-1.4539	0.0150	0.8684	0.1968	0.9481	-0.4664	0.8946	-1.2468	1.1324	0.0718	-0.0590	-1.6254	-1.2265	-1.8855	0.1494	1.2790	1.0576	-0.1225	0.8471	-0.3321	0.3089	1.1127	0.1991	-0.3527	-0.0303	-0.3438	-0.2967	1.3590	0.2316	-0.2675	-1.3425	0.7952	2.5809	-2.2154	-0.3761	0.3181	0.7700
2.5295	-0.9099	1.5851	0.3584	1.3766	-1.1780	-0.0764	0.8503	-2.1158	-1.2852	-0.1963	-0.5572	1.7937	0.8535	0.1283	0.3493	-0.0442	0.5694	0.4056	-1.6806	0.5994	-1.9032	-1.9074	-0.3525	-0.5241	0.4406	1.1723	-1.6853	-0.8856	0.3453	0.5596	1.2567	0.6790	1.3932	1.4239	1.5684	-0.3811	-1.8893	0.0814	-0.4755	0.2258	0.4717	0.3444	-0.3376	3.2659	0.9130	0.2204	-0.4075	-0.4720	0.5375
-0.4923	0.7349	0.2478	-0.5772	0.4348	-0.7596	0.3514	0.7706	-1.2171	-0.4313	-1.5221	0.7562	1.0228	-0.8044	-1.3066	-1.3503	0.4671	1.1151	-1.6902	0.4015	-1.5172	0.6711	0.6254	-0.0491	0.9251	0.0917	-1.0203	0.4165	0.2575	-0.5950	1.2662	-0.8458	0.7295	-0.4206	1.3864	-0.8277	-0.7530	-0.2250	-1.2492	1.3691	0.6357	-0.9939	0.6443	-0.3822	-1.5107	1.5513	2.1208	0.4639	1.1842	0.0330
0.1260	1.5904	-0.6377	-0.5279	-1.5312	0.3669	1.1232	-0.2559	0.0316	-0.0596	0.6506	1.4090	-1.3166	0.9131	-1.1909	0.7315	-0.6845	0.6404	0.5875	1.4008	0.7446	-0.3276	-0.2251	0.5008	-0.4994	1.0245	0.4162	0.4733	0.3596	-1.5426	0.1007	0.6047	-0.5452	-0.1068	-0.2065	-1.5711	1.4171	0.4631	-0.2469	-0.3422	1.9812	0.2778	-0.2110	-1.9330	-0.2074	0.0451	0.5986	0.8411	0.0415	0.8963
0.1620	0.4938	1.1101	-2.5920	-0.6782	2.0076	1.7110	1.3318	0.3397	1.4807	-0.5629	-0.2862	-0.4263	-1.7093	0.0308	-0.2013	-0.4064	-0.6233	-0.2730	0.4143	-0.0944	-0.3663	1.2098	0.3864	-1.6358	-0.1647	1.3116	-0.4090	-0.9600	1.1367	-0.3608	-0.3547	0.3515	0.7589	0.2576	-1.0284	-0.8031	-0.6286	0.3240	-0.5877	0.1687	-1.2120	-0.6453	0.7107	-0.5264	0.8119	-0.0783	1.3088	0.3678	-0.2328
0.3338	-0.6094	0.1153	1.5748	-1.2499	0.6800	-0.7551	-2.1169	-0.7020	-1.6658	0.8729	1.3707	-1.1075	0.1125	-0.8831	1.2308	1.7064	0.5921	-0.6525	0.1785	0.1870	-0.0076	1.3338	0.4270	-0.6457	0.3561	-1.1236	0.3661	0.6271	0.7248	-0.0702	0.1927	-1.8485	-2.2508	0.2907	0.1654	-0.4597	0.8857	0.7315	-0.5044	0.2100	-1.1556	0.4053	-0.6323	1.1801	0.8712	-1.2012	0.9632	-0.0831	-1.4571
0.4382	-0.5322	0.4343	0.2433	-1.3819	0.3449	-0.3228	-0.0904	-0.8528	0.7508	2.4433	0.9056	1.8634	-0.3052	-0.5213	0.1459	0.6176	1.6657	-2.2886	-0.6209	0.7968	-1.3251	-1.0238	-0.1219	-0.8909	-0.7172	0.4498	-1.0690	-0.1369	0.1731	0.9694	-0.6704	-0.0730	-1.7768	1.2141	-0.9853	-0.4677	-0.3367	-0.9945	-0.6445	1.1967	-0.7285	0.2288	1.8013	2.0777	0.1886	-1.1160	0.7368	2.0296	-0.4391
1.2060	0.5903	0.4955	0.9593	-0.0135	-2.3308	-0.8876	-0.0219	0.4811	0.0825	-0.7661	0.4376	0.4188	0.9366	-0.7104	-0.0370	-0.7851	-0.4577	-1.9239	-0.6002	-0.3222	0.8654	0.9090	0.2654	-1.9357	1.7281	-1.7057	-0.3345	-0.8985	1.6244	-0.7890	0.1976	-2.2744	1.2728	0.6830	0.4022	-0.7770	0.0508	1.0864	-0.7988	-0.0898	-0.0495	-0.2106	0.3344	0.3478	-0.0972	-1.9125	0.8051	0.2304	1.4287
0.2332	-1.4569	0.2608	0.5923	0.8510	-0.4514	-1.2276	-0.6870	0.4575	-0.5074	-0.7774	0.4691	-0.0835	0.9483	0.4208	1.5892	0.2021	2.0244	-1.5776	0.5679	-0.9257	1.2574	0.2056	-2.0948	1.3810	-1.9336	0.7051	-1.0702	-1.1234	-0.0540	-1.1969	0.9009	-0.2473	0.3676	-2.4601	-1.0134	0.7288	0.1338	-0.1113	0.1598	1.0833	-0.7397	-0.1635	0.1073	-0.7982	-0.0873	-0.4994	-0.2690	-0.0782	0.9834
0.4777	-0.7852	-0.0538	0.2556	-1.2951	0.1204	0.6440	-0.4907	0.6240	-1.0957	-0.4886	-0.3844	-0.5095	-1.3961	-1.6022	-2.0968	0.8633	-0.0855	-0.0375	1.7144	0.4545	0.3138	-1.7230	0.0459	0.9050	0.5145	-1.2210	-0.3974	1.2225	-1.8864	0.9950	0.4527	0.5189	-0.4967	1.2131	-0.2753	-1.5756	0.5154	0.6178	-1.5597	1.1538	-0.1178	0.5887	-0.2218	1.1912	-0.6534	-0.0496	0.9146	-0.3053	-0.2748
0.8296	-0.8481	0.3351	-0.2650	-0.8540	0.3581	-0.5024	-0.2430	-0.3199	-0.6301	-0.4217	-1.4203	0.4825	1.1843	0.2383	0.4240	0.4685	1.4683	-0.4476	-1.1353	-0.1484	2.2771	0.5534	0.5679	1.1399	0.5834	2.3077	1.3213	-0.2460	0.0967	0.4658	-1.7927	0.2967	1.2401	-0.5370	-0.0566	-1.5844	-1.0053	0.4203	1.7784	-1.5201	-0.3350	1.0912	2.0785	-0.2886	0.5102	-0.1163	-0.0598	-1.3917	-0.4995
-0.7963	0.4994	0.7181	1.3842	0.8827	1.5270	-0.7450	0.0728	-0.8081	0.3193	-1.4274	0.0781	-0.6708	1.6755	-0.9968	-0.2271	-0.2011	1.6370	0.5025	-1.8722	-0.3726	0.0861	-0.2895	-0.0810	0.9345	0.7922	0.3137	-0.6364	-0.6578	-0.6893	-0.2518	0.9540	2.5620	-0.2545	0.5121	1.5631	-0.5704	-1.6279	0.6954	0.5530	-1.3512	-2.1526	0.2796	-0.6003	0.4501	0.5266	-0.6335	1.3353	-1.6939	-1.1253
-0.6473	2.5785	0.5474	0.5409	-0.5888	0.8354	-1.5186	-1.9987	-0.3555	-0.8704	-0.9026	-1.4068	-1.4132	1.1946	0.3627	-1.5705	-2.4949	0.8295	-1.7939	-0.0010	-1.2254	1.3139	-0.0222	0.7322	-0.3741	-0.5771	0.4877	0.4271	0.7571	0.6627	0.8364	-1.9276	-0.5954	-1.2891	-1.9809	-0.1306	-0.4662	0.1175	2.2285	-0.7943	0.5117	-0.0293	-0.1097	2.5834	-1.2036	-0.9427	-0.9700	-0.3076	-0.3322	-1.0275
-0.0198	0.0702	1.5570	-0.4496	0.9248	-2.0158	0.7668	0.4760	-2.1796	-0.6886	1.6533	-0.8778	-1.6943	-0.2204	-2.0676	-0.5303	-1.3486	-0.5433	0.6890	0.0365	0.3123	-1.3349	-1.1420	-0.2770	0.3586	1.7250	0.0074	-0.2914	-1.2640	-0.5236	2.3425	1.4750	-0.6003	1.8755	-0.2486	-1.1012	1.1900	0.1752	0.2906	0.0618	1.1277	-0.6941	-0.3719	0.0206	-0.7530	-0.0928	-0.7735	-0.2418	-1.0129	1.5427
0.3878	-0.2765	-1.1696	0.0344	-0.0384	-0.0891	0.7260	0.5613	-0.3700	0.9525	-0.3347	-0.2557	-0.3234	1.4223	1.1028	0.1755	-1.0816	1.8869	1.3326	-0.3162	0.5882	-0.5534	0.5014	-0.1713	-2.2960	1.4564	0.5879	0.4276	0.3857	-0.1187	-0.0790	0.0005	0.9488	0.8569	0.3093	0.6520	1.2541	0.9106	-0.4175	0.2232	-0.5341	1.3130	0.3824	-1.1102	-1.0994	0.7074	-0.0650	0.3496	2.3826	-0.7530
-0.2681	-1.2765	-1.1514	-0.6956	2.2619	0.6311	-0.4004	0.4452	0.0884	0.4636	-0.0703	2.7055	0.1321	-0.9346	-0.2865	1.4306	0.2464	-1.8375	-0.0915	-0.3647	-1.6602	0.6232	0.5018	1.9714	0.1856	-0.1940	-1.1186	0.9777	-0.3505	-0.0024	-0.7187	0.2751	0.2500	-0.3200	1.0878	-0.9686	1.1695	-1.3858	0.3244	-0.2340	-0.5578	-1.3453	1.1205	-0.2196	1.7076	-0.5910	0.0422	-0.3711	1.4110	0.1159
-0.7790	1.3837	1.1099	0.1627	2.4307	-0.2129	0.8489	1.1416	-0.0671	0.6343	1.5625	-1.3572	2.3926	-0.5638	0.2658	1.9575	-0.1804	-0.2022	-0.0906	1.7709	0.4283	-1.1350	0.1375	-0.5092	-0.4057	-0.3933	0.0580	0.4494	-0.9433	1.5909	-0.4568	0.8563	0.5682	0.1462	0.6872	-1.7012	-0.4600	-0.3271	0.9762	-0.5339	0.3494	-0.5031	1.1561	-1.5811	0.0324	-0.0963	-0.3437	0.3713	-0.1252	-1.5527
0.5448	1.1501	-1.5248	0.0119	-0.0870	1.1228	-0.9520	1.0478	-0.7682	2.1978	0.0446	-0.1139	0.4050	1.5656	-0.1768	0.9495	-0.9857	1.5110	1.3715	-0.7271	-1.1863	-0.8460	-0.9202	0.0487	-0.9540	1.0863	0.6702	-0.7258	-0.1186	-0.5307	1.3411	2.1877	0.7552	0.3747	2.0117	0.1709	0.5113	-0.4668	1.9839	0.8182	-1.1488	0.8978	-0.7121	-1.9343	0.9032	-0.2590	-1.0852	0.4943	-0.8040	1.3985
-1.0796	0.7157	0.8333	-1.0317	-0.6480	0.4768	0.8992	0.2304	-1.4089	-1.9588	-0.4792	-1.5613	-0.8072	-0.2594	0.1507	-1.3642	-0.7817	-0.0986	1.1442	-0.2356	-1.1669	0.0199	0.0262	-0.0475	-1.4730	-0.9949	0.6587	0.1276	-2.3713	-1.1047	1.4961	-0.7333	1.3225	-0.3403	-0.5226	0.5948	-0.7632	1.4092	-1.6779	0.5834	-1.2523	1.3613	-1.3198	-0.0231	0.2523	0.1609	-0.5096	-0.1794	-0.6919	-0.3140
-0.3736	-1.5562	1.5467	-2.0116	0.9545	0.3563	1.7944	-1.1659	-2.8155	0.0967	-0.5917	0.9552	0.3609	-0.9934	-0.8937	1.2745	-0.6692	-0.0007	-1.1823	-0.2220	0.5052	0.7558	1.8998	0.8048	-1.0580	0.2784	-1.7991	-0.3400	1.2255	-2.0116	1.1367	-0.0885	0.7285	0.0810	0.7067	-0.8827	-1.2120	-0.2708	-1.2487	0.2176	-0.1265	-0.2254	1.0074	0.9869	-1.1052	0.4900	0.2976	-0.4403	-2.1151	0.7966
1.3522	1.3821	-0.9595	-0.6167	0.3387	-0.6306	0.1566	-0.5480	0.2486	-0.7802	-1.3926	0.3320	2.1797	0.4748	0.7461	-2.0130	0.6012	0.3453	-2.0545	1.5329	-3.0987	-0.6590	-0.9325	-0.1749	-1.3799	-1.4087	0.9889	-0.2338	0.6761	1.7003	0.3598	-2.0721	-0.0750	0.4857	-0.1139	0.7254	1.3468	-0.4898	-0.8012	0.1196	0.5393	-0.2030	0.4270	-0.4515	1.3512	0.9080	1.1445	1.4612	-0.0894	1.0656
0.6968	1.3388	-0.4665	0.1893	0.5495	-1.5619	0.6544	-0.5521	0.8027	-0.0303	-0.7667	0.8406	0.9122	3.6279	-1.5682	1.4489	-0.0151	-0.2597	1.1004	0.4859	0.6488	0.8697	-1.9986	1.6476	-0.6743	-1.0854	1.0965	-0.6156	-1.0953	0.2732	-0.3108	-0.5098	-0.0324	-1.0883	-0.2058	1.8090	1.8047	-0.4350	0.0600	0.3974	1.4354	0.1803	1.1157	0.2329	0.3442	-0.8585	-1.2547	-0.8547	-0.4803	0.6314
-0.9813	-0.0453	1.6846	1.3815	0.5563	0.1615	-0.5830	-0.6574	0.7950	0.2331	-0.9306	-1.5006	-1.7182	1.2602	1.6369	-0.0235	1.4705	-1.3878	0.8886	-1.2144	-2.7397	0.2064	-0.2558	-1.0545	0.7146	1.3623	0.2855	-0.9175	-0.2078	1.8956	-0.4864	-0.3013	1.1542	1.1635	-0.7945	0.8457	-1.6126	1.9836	1.4978	-0.0357	-1.4059	-1.1948	0.3997	-0.7750	0.2826	-0.0534	1.1158	1.2119	0.3615	-0.2280
0.2618	-0.9935	-2.2186	-1.7300	-0.6611	2.2376	0.6356	0.7737	-0.8327	1.4516	0.0040	-0.2763	0.4729	0.0327	-0.4215	0.6426	-0.8220	-0.6139	0.2607	-0.6456	-1.6709	0.2378	-1.3390	1.2617	0.7507	-1.5285	0.6756	-0.0129	0.6429	-0.4255	-2.2411	-0.0125	-0.2236	1.9963	-0.4241	-1.7571	1.4123	0.8510	0.9260	1.7250	0.1812	-1.4812	1.3115	2.2188	-0.5403	0.2134	-0.4020	-1.8708	-0.6810	0.6516
0.2636	1.1220	-0.7088	0.8901	0.9451	-1.6746	0.9179	0.0487	-1.5981	-0.9825	0.2203	1.0032	-0.4352	0.5027	0.2068	-1.7598	1.1383	1.2109	0.6688	1.2560	-2.0222	-0.9755	0.2656	-1.4192	-0.3262	-0.0077	-0.8532	0.2616	-0.2705	-1.4362	-0.9569	-0.3821	0.2357	-0.6024	0.2855	-0.9121	-0.1590	1.6019	-0.4670	-0.0828	0.3962	-0.0295	0.4448	0.9743	-0.6463	0.1218	-0.5796	-0.4529	-1.0409	0.0913
1.0002	-0.1265	-0.5436	-1.9970	-0.6045	-1.4251	1.6236	0.8031	0.2032	1.0365	2.5754	-0.2592	0.1392	1.7245	-0.4145	-0.6268	1.0321	-0.2874	0.5246	-0.4369	-0.3241	-0.8703	-2.2747	0.2460	1.6189	-0.0974	-2.3677	-0.6048	1.1709	1.7927	-1.2463	1.3487	0.3330	1.3015	-1.6041	-0.4687	-2.1679	-0.7327	-0.1226	1.6860	-2.6219	2.4676	0.8093	-0.3345	-1.8432	-0.7641	0.6154	-0.8276	1.7698	-2.6232
1.0456	0.2736	0.7883	0.3245	0.3753	-0.3974	1.3531	-0.9123	-2.1545	-0.4139	-0.5078	1.1325	-1.6286	-0.0981	0.0506	1.2974	0.3507	-1.5722	-0.9934	1.4066	-0.5010	0.6018	0.8694	-0.9168	0.3110	0.4496	1.2344	-1.2531	1.2885	-1.6587	0.0414	-0.5301	0.5846	0.5834	-1.3889	-0.1359	-1.4850	-1.5596	0.7783	-0.0251	-0.3255	-0.4529	1.3217	0.3639	1.6185	0.1318	0.2920	-0.0249	0.9583	1.3830
1.0808	-1.1296	-0.0349	0.0778	-0.6156	-0.3627	-0.1471	1.5900	-0.9235	0.4657	0.8622	0.0031	-0.5975	-0.7927	0.9719	-1.1064	0.2175	0.4235	-0.2011	1.0287	-1.1118	2.6926	0.8900	1.3251	-1.8061	1.8071	0.0033	1.6047	-0.0723	-0.6526	-0.8664	1.6326	-0.8413	0.3721	-1.1568	-0.5074	-0.0706	-1.4129	0.6772	1.4399	0.8236	-0.7785	1.4884	1.1974	1.4269	-0.7388	-2.7359	-0.3925	0.8095	-1.7919
0.5765	-2.6805	-0.8850	0.5045	1.3585	0.1379	0.4881	-2.1451	0.4829	-0.7853	0.7413	1.0347	0.9445	-0.0659	-1.1099	-0.0353	-1.3614	0.5597	1.6099	-0.0225	0.1840	-1.2801	-0.8270	0.0414	-0.8592	-0.7552	0.4396	1.5504	0.1160	1.1672	-0.5725	-1.4885	0.2844	-0.3483	1.0879	0.3680	0.5591	1.8458	-0.4185	2.1970	-0.2000	1.0166	-1.2249	-0.1937	0.3569	0.6350	0.3372	0.6442	0.7445	-1.3361
-1.0971	1.4204	-0.0285	1.2858	-0.8615	1.0896	-0.8669	-0.9542	-1.3726	-0.5140	1.5063	-0.1485	-0.0842	0.4892	1.1270	-0.4407	-0.9653	-0.5739	-0.5506	-2.1079	-0.3729	-0.9233	-0.4838	1.2532	0.6839	0.5219	1.6194	-0.8697	0.9477	0.6958	-0.2860	-1.8505	0.1892	0.3961	0.4961	1.2576	-1.2987	-0.3329	-0.7192	-0.3216	0.4152	0.0919	-1.8683	0.8929	-0.3496	0.4309	0.3756	1.2973	-0.4679	-0.1220
-0.3770	-0.3929	-0.2355	-0.5983	-0.3364	0.3417	2.0350	-0.6930	0.2101	-0.1665	0.9255	-0.1997	-2.3741	-0.5363	-2.6994	-0.2344	1.0990	0.1504	-0.9073	0.2877	0.6628	-2.2510	-1.1748	-1.8367	0.6581	-0.0883	0.0219	-0.0677	-0.4782	1.2833	-0.7418	-1.3374	0.7865	-1.2387	-1.0799	-0.3504	-0.2224	-0.9500	0.2171	-0.4118	0.5882	0.5367	0.5746	-0.1567	-0.3372	1.6007	-0.5867	-0.2516	0.0238	0.9608
0.8020	0.6127	-0.5140	-0.9627	-1.0982	-1.8294	0.2356	2.5573	0.1311	-0.6089	0.3612	-0.1074	-1.4049	2.4999	2.2415	0.3329	1.2485	0.6173	-0.0883	1.0525	-0.1041	0.3349	0.2758	0.6265	-0.3570	1.1594	-0.4990	-2.6796	0.1584	-0.4215	0.9129	0.4981	2.5150	1.7837	-0.2382	0.7519	-0.0812	-1.0730	-0.9850	-1.2516	0.5563	1.0072	-0.0107	-0.0744	0.5207	0.1123	-1.0793	1.1592	-1.4229	0.8042
0.1791	0.5595	0.2921	1.2822	-0.2155	0.3097	0.2386	1.5495	-0.4357	0.6106	-0.7184	-1.5415	-0.5875	-0.9638	0.9965	1.1788	-0.4172	1.0401	-0.4398	0.3141	-0.8806	1.8501	0.2063	-0.5156	1.0448	-0.6500	1.7026	0.6719	-1.0065	-0.9760	1.4134	0.9099	-0.2975	-1.2028	-1.1235	-1.0232	0.6278	0.1272	-1.4754	-0.5059	0.8200	0.2231	-0.7776	-0.6437	-0.2544	0.5655	-0.6607	-1.0277	-0.6380	1.0868
-1.9169	-1.2311	0.4635	-0.1910	0.6289	1.2515	-1.2379	1.3278	-1.3064	-0.2918	1.6516	0.6947	1.6229	1.2904	-0.0398	-2.1682	0.1978	-0.5446	0.4684	-0.4753	0.2524	0.7878	2.1396	0.1124	-1.4127	-1.8827	-0.8930	-0.8175	-0.7847	-1.2217	-1.6519	0.2778	0.5767	-0.5412	-0.9298	0.3417	0.8653	0.6542	-0.5247	0.0427	-2.2940	2.3255	0.2309	-0.1784	0.8108	-1.1707	-0.8628	1.3716	0.0996	-0.4903
0.9055	-0.6507	-0.3389	-1.6791	1.3146	-0.2686	0.0671	0.7221	-0.1333	0.7081	-0.5235	0.9713	1.1021	1.3645	-0.9027	-0.4926	0.3585	0.1535	-0.7574	-1.4351	0.9431	-0.1508	1.3657	-1.3764	0.8401	0.0584	1.3525	0.0681	-0.4277	-0.7384	-0.3063	-0.6587	0.2973	1.4936	0.3083	0.4174	-0.4481	0.1301	0.2520	-1.9844	1.5377	0.0146	0.2823	0.2965	0.2177	-0.3058	1.0330	0.0539	1.2760	0.4504
1.0485	0.5242	0.1672	-0.6424	-0.7387	1.1501	-1.5355	2.2204	0.4105	1.4053	0.2604	0.3274	0.0820	-0.2824	-0.7561	0.8501	1.6647	-1.9836	-1.5040	1.6222	-1.5265	0.2373	1.4327	-1.0106	1.0422	0.2591	0.3068	0.8247	0.0685	0.0490	-0.5841	-0.0657	0.6939	0.0742	-1.3260	-1.7998	-1.6100	-0.4982	-1.1804	0.7975	1.6411	-0.1383	0.3681	-0.7274	0.2341	-2.4888	-0.5622	-0.4552	-0.9665	0.7721
-0.0247	0.9107	2.3739	-0.2123	-0.0446	-0.9359	1.6305	0.0404	-0.6802	0.7147	0.8937	1.6048	1.0316	0.6128	-0.4873	1.6007	0.3370	1.6067	0.1893	0.0001	0.3370	-1.3397	-1.3516	1.5763	1.1152	2.4437	0.0305	2.4020	-0.0360	0.0244	-0.9801	0.6743	-0.3463	0.2469	-0.0963	1.9221	-0.0279	-0.6179	-0.5127	0.1035	-0.0516	0.4301	-0.4601	-0.4087	-0.1645	0.7967	-0.1796	0.1284	-1.4551	0.1078
-0.3733	-0.6549	0.7540	-0.2813	0.0666	0.1553	0.5306	-0.2464	0.5252	0.1749	-0.1822	-1.7262	1.6716	-2.5559	-0.4871	-1.2198	0.1210	-0.4411	-1.9162	1.6221	-0.1294	0.1693	1.2521	0.7458	1.2740	0.5765	-0.2182	-0.8530	0.7702	1.6818	-0.6108	-0.8208	-0.4490	0.5862	0.5069	0.4096	-0.4564	-1.6017	2.3246	1.7747	0.4921	0.9431	-0.6412	-0.0921	-1.1200	2.3560	-1.0660	-0.0363	0.5481	0.1686
1.5096	-1.2538	-0.3973	0.1933	-0.0547	0.3557	-0.5770	0.7268	-0.5114	1.9039	-0.2302	-2.1175	2.6638	-0.3750	-0.1351	0.3857	1.0505	0.5562	0.1312	1.0655	0.0310	-1.0514	-1.2775	1.1468	-1.1989	1.9703	-1.3070	0.0385	1.5703	2.1109	-0.9261	0.6458	-0.0531	-1.7647	-0.5587	1.5164	0.3176	0.7864	0.4972	-0.4821	0.6717	-0.5003	0.8148	0.3372	0.7092	1.1435	-0.3660	-1.2441	1.1111	1.0419
0.3862	0.0344	0.4959	-0.1206	-0.0578	1.4047	1.0319	-0.3878	-0.6688	0.7660	-0.4991	-1.1523	1.2109	0.8239	-0.5157	-0.1673	-0.4116	-1.9798	-0.7817	0.7712	0.0503	0.3733	-0.2873	-0.6402	-0.9003	0.0485	-1.8772	0.4741	0.9205	1.2617	-0.4152	-1.2746	-0.6869	-0.6091	-0.8441	0.7969	-0.2312	-0.9126	1.0124	0.2043	0.5409	1.5616	0.6609	0.6833	-0.9543	-1.2793	0.9428	0.6280	-0.1599	-1.6861
1.8438	-0.9088	2.3025	-0.3347	-1.6543	-1.5207	-0.3611	0.4434	-0.9375	-0.0149	-1.2863	1.1588	1.0381	-0.1143	-1.5994	1.1007	-1.1772	-0.4584	2.1656	1.1769	-0.7905	0.7956	-1.9818	-1.2229	0.1587	-0.8120	1.1259	-0.6306	0.4984	-0.3371	-0.9523	0.5870	1.4879	-0.0006	0.1237	-0.8956	0.6587	0.8875	0.9930	1.9346	0.1462	-0.7858	0.5121	-1.6950	-1.3281	0.9915	-0.4764	-0.6655	0.7932	0.4377
-1.0799	0.9186	-0.5016	0.7740	-0.4797	0.0656	-1.1795	-0.1266	-0.5309	0.5630	-0.7679	-1.3633	0.5268	0.3410	-1.1515	1.0642	1.0200	-1.3154	1.1551	2.0954	-0.3080	-1.0765	1.1298	1.3476	0.8842	0.3331	-0.3664	1.0358	-0.1485	2.7924	-1.2617	-1.9807	-1.4274	0.6847	1.6978	1.5336	-0.6497	-0.0058	0.4713	-1.4814	-1.2647	1.3715	-2.4762	1.1779	0.1151	0.9179	2.4377	-0.5982	-0.9881	-0.2016
0.9972	0.0473	0.0367	-0.6530	-0.9310	-0.5871	-1.3516	0.2884	-1.0602	-1.7982	0.6044	0.9606	0.2033	0.2493	1.0609	1.7173	0.7487	-0.4208	0.8609	0.9364	1.6269	-0.2079	0.3128	0.8539	-0.3068	0.3823	0.7764	1.4293	1.4221	-0.7685	-0.4378	-0.5290	1.0278	0.4368	0.1456	-0.0549	1.1459	-0.1351	0.3789	0.8986	1.5973	1.0384	1.1012	-0.9516	-0.3303	-0.0182	-1.2390	0.9430	-0.2977	0.3780
-1.1778	-0.1402	-0.7329	-2.9807	0.7327	0.1421	-0.0650	-1.6859	-0.2551	-0.4167	0.7641	-0.4131	0.9860	0.6264	0.9934	-0.4363	-1.9111	0.7936	-0.3106	0.2147	0.4238	0.8428	0.9661	0.4176	-2.7868	-0.5157	0.3308	-0.2183	1.2025	-1.1994	0.5108	0.8382	0.1388	-0.6602	-0.2414	0.2839	-0.6151	0.4301	1.2641	-0.1975	-0.4677	-1.0618	-1.0747	1.2553	-1.5699	0.6776	-0.0453	-0.7988	-0.6680	1.0965
0.5096	-0.4835	0.6388	0.2254	-2.1862	0.3242	0.4546	1.4821	-0.3298	0.1712	1.0516	0.6010	-0.3126	-0.6551	0.3268	-0.9937	0.2888	0.6382	-1.1568	0.2567	0.4979	0.4471	0.6857	0.3323	0.6809	0.1346	0.0183	0.3180	-0.1145	-0.1317	-0.3335	-0.7524	-1.1315	-2.4892	-1.1888	1.2530	0.2119	2.0936	-0.2878	-0.2856	-0.8356	0.9026	-0.1346	0.1213	0.7099	0.9737	0.1962	-0.4678	-0.8534	-0.6816
-1.2069	0.7722	-1.3598	0.0742	-1.1393	-0.9010	0.2857	-1.0396	-0.2008	0.2736	0.1460	0.9589	0.9415	1.6513	-0.2141	0.6098	1.0719	-1.9341	0.4242	-0.5526	0.4487	-0.5360	-0.2869	1.7830	-0.7774	-0.9270	0.0678	0.2444	-0.4293	-1.2531	0.4677	0.2468	1.4434	2.2456	2.1287	-0.6633	0.5585	0.4574	-0.0941	0.2283	0.0864	-0.1249	1.6084	0.6905	0.4405	-0.4039	-0.0906	1.0934	-0.6951	0.7213
0.1009	-2.2217	-2.4110	0.6781	-0.1617	0.9080	0.0886	1.3589	0.7791	1.6569	1.1026	-1.1216	1.5108	0.8324	-0.6932	0.0331	0.2978	-0.3610	-0.1825	0.6118	-0.2664	1.4375	-0.5922	0.0214	-1.0209	-0.1878	-1.1975	0.3801	-0.0560	0.1947	0.5765	-1.0928	-0.7275	-0.7559	0.8609	0.5155	0.8901	1.1592	0.2372	0.4126	0.3394	1.7365	-0.2962	-0.4098	1.5949	0.2852	0.2380	-0.2823	1.0317	-0.9534
1.5635	0.1034	1.0216	1.2654	-1.3333	-0.5618	-0.0130	-0.5139	0.9815	-0.3893	-0.6589	-1.2349	0.0326	1.0915	-0.0951	0.1432	-0.9197	-0.3987	-0.4959	-0.7286	2.2706	-1.1460	-1.4522	-0.4968	-0.5941	0.9936	0.4279	0.5924	0.0626	0.8661	-0.4236	0.1470	-0.0104	0.7020	-0.0327	-0.9743	-0.8582	1.1812	-1.4317	-1.1359	-2.5204	-2.6980	0.7612	-0.2380	0.2279	-0.5347	0.6451	-0.4788	0.1841	0.7406
2.1068	-1.3540	-0.9558	0.7384	-0.6782	0.1492	-0.0312	0.2398	-1.4927	1.8885	0.4718	0.6395	-0.7811	-0.1558	0.0840	-0.1025	0.4722	-0.0344	-0.7730	-0.3748	0.4784	-0.5858	0.5131	1.4474	0.6504	-2.0664	1.1811	0.2266	-1.1400	-0.1417	-1.8913	-1.0654	-1.0493	2.0905	-0.7617	0.8294	-0.1368	-0.3263	-1.2905	3.3463	0.2418	1.1981	-0.2968	0.4786	-0.1450	1.6278	-0.4491	-0.5717	0.0128	0.4856
-0.2558	-0.0734	-0.2068	0.7829	-0.9685	1.1107	0.3564	-0.3597	0.3735	-1.5349	0.2757	0.4440	1.0723	-0.9515	-1.4959	-0.0457	0.1177	-0.2644	0.6483	1.2917	-2.1176	1.6587	-1.2011	-0.1431	-0.5618	0.2830	-0.1778	-0.0175	1.5231	-1.6396	-2.5150	-1.4692	1.5754	0.1099	-1.5527	-1.6127	-0.8841	2.1778	1.0116	-0.1931	-2.2950	0.2548	-1.3778	0.7131	0.7584	-0.8277	-0.8135	1.3164	2.0108	-1.0133
0.1575	0.0436	0.3673	0.6547	0.2601	0.6024	-1.7186	1.3380	-0.1386	-1.1964	-0.8947	-0.2720	2.3660	-0.4434	0.2622	0.9114	-0.0242	-1.0717	-0.2240	0.4396	-0.7653	-0.6695	2.1120	1.1074	-0.0655	-0.3652	-1.5632	0.1312	-0.0109	0.6226	1.6347	0.7801	0.9792	-0.1633	2.3686	-0.3840	0.6091	-0.1913	-0.4988	-0.2084	0.1290	-0.7490	0.4780	0.5339	-0.8432	0.6972	-1.0798	1.3254	-1.9933	0.4878
-1.4376	1.1824	-1.5607	0.1639	0.0730	0.2090	-1.0562	-0.6706	0.2893	0.6456	-2.5992	-0.6873	-0.2266	-0.1413	-0.3229	1.0140	0.0545	-0.8016	0.1516	-0.2520	0.3487	-0.8855	-0.0393	-1.3840	0.3681	-0.3524	-0.1267	0.3036	-1.0491	1.1131	-0.2231	1.0051	-1.4082	0.3693	1.5059	0.0204	0.0388	-1.1492	-0.7512	0.5328	-0.2709	-0.5640	-0.8887	-0.0484	1.9114	0.3465	-0.3895	2.3241	0.0075	0.3159
-0.0154	0.2621	-0.4538	-1.4270	0.9287	-0.7632	0.6280	0.1080	-0.0894	0.0174	0.1089	-0.3689	-0.3564	-0.2572	1.0372	0.2360	-0.0348	0.0242	0.7289	0.1026	0.9333	-0.5119	1.5899	0.8145	-0.0327	0.9038	0.7255	-0.0060	-0.0238	-1.1045	-1.4196	-0.8178	0.8052	-0.6403	-0.7259	0.4183	-1.6736	-1.1570	0.0285	-1.0390	0.2908	-0.2628	-1.0606	1.2848	0.8815	1.4578	0.8639	0.1769	1.3676	0.2609
0.9528	0.4433	0.0989	-0.0710	1.6162	1.6327	0.3345	-0.2036	-0.8379	1.1090	-0.3852	-1.2650	-1.1370	0.2925	-0.1420	-0.1214	-1.0458	1.3110	0.7993	1.6524	0.0518	-1.6727	-0.1512	1.0089	-0.4611	0.8229	-0.0537	0.6359	-0.8199	-1.2923	-0.7133	-0.1688	-2.6790	0.7151	1.2334	0.5618	-0.2901	0.2940	-1.7389	1.6808	-0.3484	1.2203	-0.7724	-0.4454	-1.5026	-0.4907	0.0991	-0.6047	1.2041	0.4565
-0.4974	-0.1814	-0.7851	1.8899	2.0360	0.2510	0.6405	-0.3765	0.7076	-0.2111	0.2346	1.0697	0.1350	1.9737	0.8497	0.5906	-0.5415	0.1758	1.2947	-1.3098	-0.1852	0.1530	-0.3821	-0.5694	-0.1438	0.2587	1.0193	1.3020	0.4089	-0.8863	-0.6958	-0.5964	-1.9772	-0.2923	2.4776	-2.0952	-0.7672	-0.2875	1.0546	0.5770	0.1109	0.8278	-0.4587	2.6428	-0.4717	0.7807	-0.2281	1.5953	0.3255	-1.0387
-1.6879	-1.9344	0.5631	-0.3834	-0.4586	-0.2810	0.4283	0.3147	0.2762	0.2205	-0.5738	-1.2512	-0.5206	-0.0332	-0.7179	0.7457	-0.2408	1.2521	1.1235	-1.4156	0.0908	1.4164	-0.4412	0.5681	2.1393	0.1421	-0.3823	0.6431	-0.4544	0.3398	0.5987	0.0621	-1.9654	0.8134	-0.3897	-0.8318	0.6952	-0.8280	-0.0984	-1.9096	0.4375	-1.7492	0.3982	0.8404	0.5866	-0.1345	1.5498	-0.6057	-0.4927	-0.5747
-1.5528	0.6634	-1.3974	0.7953	0.8443	-0.0731	-1.2864	-0.7069	-1.1628	-0.6203	-0.5504	1.3492	-0.1535	-0.4638	0.6308	0.1354	-0.6375	1.1018	-2.0252	-1.0992	-0.4402	1.5441	-0.1887	-0.2624	-0.5689	1.2054	-1.6080	0.8913	-1.2499	-0.3101	-1.9138	1.1152	-0.8455	-0.1856	-0.0117	-0.8186	0.0359	1.1044	-1.5311	0.0157	0.8524	0.5207	2.0261	0.8665	1.8039	-1.5665	1.1299	-1.4720	0.5142	-0.4919
-1.2440	0.5910	0.5871	0.8435	-1.8154	-1.9039	-0.6382	0.8948	0.9215	0.7239	0.7592	-1.9906	0.5367	-0.6066	-0.2528	-1.4386	-0.0310	0.1706	-0.1373	-0.2095	0.4484	-0.1735	0.6644	0.6706	0.6879	0.1390	-0.8300	-1.3284	-0.1647	-0.5612	-0.9591	0.7194	-2.0146	-0.3781	-3.2548	-1.4134	-0.5001	-0.1221	-0.6194	0.3794	-0.3511	-0.4646	-0.4148	0.5927	1.2880	-0.1595	-0.0884	0.9019	-0.4638	-1.7050
0.4564	-0.5343	0.2079	-0.4654	0.7133	-0.0448	-0.2092	0.1285	-0.3740	1.0192	-0.7657	0.2375	-1.1335	-0.3948	-0.7960	-1.2420	-1.1994	-0.2856	-1.2459	0.6071	-0.0065	-0.4515	-0.4843	-0.9221	-1.1705	-0.4896	-0.2678	0.3741	1.4162	-0.9079	0.1992	1.5709	0.6349	-0.2086	0.9540	0.5643	0.2872	-1.7204	-1.0005	0.5112	-0.6062	-0.1542	1.2471	-0.6086	0.3879	0.2605	0.3331	-0.8986	0.0666	0.4490
-0.4737	0.0592	-0.0496	0.6381	-0.6474	-0.4325	-0.2719	-0.6270	-0.1589	-0.8810	-1.3184	1.2097	-1.6199	0.5254	0.4171	-0.4369	-0.8988	-0.0041	-0.6168	0.3670	0.9951	-0.1680	0.0541	-0.0136	1.8307	1.3966	0.3677	-0.1028	-0.9422	-0.4381	0.1200	1.1984	0.7585	-0.9883	-0.1020	0.6523	1.6426	0.6176	0.1999	0.8455	-1.3197	-0.2829	-1.4939	-1.9108	-0.6465	2.0817	-0.8872	-0.0862	-0.1609	-0.5177
0.5447	0.0580	0.5210	0.6928	1.1989	-1.3344	0.7903	2.1457	0.9761	0.9698	0.6230	-1.0795	-0.8241	-0.3821	-0.1439	1.0893	1.2656	0.0188	0.8065	-1.9423	-0.9079	-1.1850	-0.7914	-0.3861	1.0267	-1.2837	-0.1359	1.4525	-0.9364	0.1033	0.0879	1.0089	0.5144	-0.8481	1.7866	0.3008	-1.5903	0.5123	-1.8935	1.0241	-0.1854	0.1915	0.3724	-0.5522	0.1057	-0.9670	-0.2027	-0.2178	-0.4100	0.9385
0.2090	-1.5072	1.5297	-0.4426	-0.2153	0.6727	0.7446	-0.7837	-0.7915	-1.1681	-0.4293	0.4195	1.2883	0.9125	-2.0036	-0.4718	0.3172	-0.1645	-0.1538	-1.0612	-1.3199	-0.0244	0.7874	0.5794	0.6870	-2.5179	-0.7128	1.1583	-0.1305	-1.4641	-0.7742	1.3526	0.8355	0.2989	0.7013	-0.6747	-0.1553	0.9419	0.2843	0.7438	0.9244	-0.3620	0.1325	1.1376	1.3127	0.5222	-1.6932	1.4152	0.3158	-1.4812
-0.2989	0.7941	-0.0291	1.8985	0.1169	0.6715	0.4085	0.7131	0.4903	0.5832	1.5453	1.3377	1.1841	0.5874	0.7772	2.5018	-0.9181	0.7250	-1.8225	1.5195	-0.8007	1.5128	0.2886	0.1547	0.0233	-0.5664	0.1706	1.6752	-2.3817	-0.2058	0.2029	0.1187	-1.6670	-0.2870	-1.4610	-1.8179	-0.5214	1.6174	2.8947	-1.9115	-0.3084	-0.3775	-0.0610	0.2780	-0.4961	-0.8574	-0.5357	-0.8560	-0.8886	0.9291
-1.2685	-1.5646	0.4782	-1.0422	1.7384	-0.3077	-0.7920	-0.1837	-0.3042	-0.2095	-0.3608	0.1299	0.4360	0.5078	0.2276	0.7414	-0.5610	-1.5165	1.0390	0.4207	-1.1911	0.4064	0.1899	1.8691	0.5783	-0.4639	-0.6443	-0.2870	-0.6263	0.4634	-1.4424	-0.0514	-0.2490	1.4999	-1.5609	-0.5605	1.2647	0.4973	0.4537	0.0256	-0.2599	-1.3908	1.0198	-0.3743	-0.8401	0.1535	2.2146	1.4089	-0.0804	-0.3932
0.8706	-1.8444	1.8082	0.0021	0.9544	1.9450	-1.3973	-1.6840	-0.5029	-1.8370	1.4989	0.2619	-0.1460	0.9756	-0.7067	-1.5314	-0.8306	1.4730	0.0354	0.1319	-1.6029	-0.6264	1.0005	-0.3770	-1.4049	-1.4545	1.7957	0.4309	-2.0589	-1.5248	-0.5695	0.2191	-0.4025	0.6313	-1.2864	-0.4075	1.7640	0.8448	-0.6246	0.4249	-0.0673	1.1266	-0.1744	0.2790	-0.3512	0.8275	-0.8049	-0.8038	0.1762	0.4150
0.2441	-0.9128	-0.8841	0.0887	-1.3802	1.0558	0.8408	0.0119	-1.3314	0.9747	-0.4747	0.0026	0.6767	-0.8316	-0.2346	1.2433	0.7114	0.2606	-0.5774	-0.1267	0.5669	-0.3542	1.0800	-0.2659	0.2547	-0.2707	0.1678	-0.0514	0.4803	0.9124	1.0390	-0.9242	0.3758	-0.7479	-0.4524	-0.0155	1.7125	-1.5438	0.2205	-0.4231	1.1866	0.6227	-0.0664	0.3948	-0.1568	-2.7928	1.9606	0.7613	0.3076	-1.5360
1.7348	-0.7825	1.0481	0.1476	0.5768	0.4940	1.6457	1.0295	0.2921	-1.3283	0.4804	-0.4520	-0.0199	0.6057	-0.8924	0.6836	1.7616	1.0532	-0.8762	-1.0439	-0.2175	-0.3134	-0.2544	0.4251	-1.5369	-0.1118	-1.6435	-1.7137	-0.6191	-1.2429	-1.2276	0.0365	0.0373	-0.5684	-1.0523	-0.5135	1.1038	-1.2183	-3.0055	1.2397	-0.4484	0.4551	1.2086	-0.3118	0.5796	-0.2569	0.5363	1.1128	-1.0795	-1.7082
1.3184	-1.0968	1.0141	0.4332	0.7795	-0.0163	-0.0718	0.8008	0.0398	1.2448	1.6569	0.2650	-0.9845	-0.7766	-0.5945	-1.3821	-1.6178	0.8219	-0.3789	1.2043	1.4923	-0.7133	-0.1994	1.4953	-1.5193	2.0677	1.0549	-1.1399	-0.2386	-0.5691	-0.6754	-1.4342	-0.3118	1.7488	0.0340	0.5847	1.5992	-1.0752	-0.5874	2.0607	-0.9622	-0.2032	-0.1963	0.8600	0.3301	-0.2386	-2.1662	-0.8095	0.6679	-1.0719
0.7726	0.5825	0.4406	-0.2916	-1.3772	-1.0711	-1.1006	-1.0887	0.7808	0.8263	-0.9915	-1.1989	1.5812	2.2037	-1.1260	-0.4309	0.3807	-1.5871	-0.1301	-2.3585	0.7946	0.0971	-0.8378	-1.1289	-0.8642	-0.8408	-0.9733	0.0646	1.0610	-0.3583	0.8238	0.6549	0.0596	0.0911	-0.2931	0.1476	-1.4229	1.2821	0.9939	1.1439	-0.9702	0.2625	0.2848	-0.0386	-0.1581	-0.7814	-1.4893	-0.5054	-0.9644	-3.5660
0.5499	0.6258	-0.7762	0.8862	-0.8800	-0.8874	-0.4685	-1.1582	0.3044	-0.6562	1.0880	-0.7497	-2.1166	-0.2994	0.5343	1.1714	-1.7097	0.3105	1.0749	0.8335	-1.0729	1.2808	0.4178	0.1420	-0.6857	0.0047	0.3507	-0.0929	-1.3692	-0.8904	-1.1908	0.0972	-1.9627	-0.3305	-0.9624	-0.1738	1.0912	0.9349	-0.7113	-0.3507	0.1484	-1.6500	-0.7202	0.4485	-0.4020	-0.1723	1.5184	1.9505	0.2409	-0.2899
-2.1016	-0.6242	-1.5147	-0.0129	1.2965	-0.5125	0.7234	1.3296	0.3730	-0.2133	0.5894	-0.5494	-0.1988	-1.5004	-0.4915	0.1540	1.0960	0.5510	1.6623	0.8897	-1.0409	0.4141	1.0462	-0.5115	0.8072	-0.6145	1.0251	-0.0326	-0.5314	-1.0769	1.0209	-0.3807	-1.3565	-1.7110	-1.1924	0.8284	0.4096	-1.4216	0.0973	0.3938	1.6233	-1.1318	-1.2089	0.7866	-0.9571	0.3514	-0.2792	0.8996	0.9034	-0.9677
2.3781	1.4203	-1.7593	-0.2112	0.1200	-0.6203	-0.2602	2.0974	-0.2709	0.1788	-2.1045	0.3527	-1.5807	1.1316	0.7443	-1.2533	0.2333	1.1807	0.9797	-0.5679	2.2644	-0.3363	0.5640	-0.5091	1.6147	0.0031	-0.9193	0.6463	1.0983	-1.3898	-0.5280	-0.5028	1.6467	0.4739	-0.4711	-0.5131	-0.2787	-0.5689	1.2015	1.3260	1.9314	0.6622	-0.2188	-0.8392	1.9646	0.0356	1.3302	0.5405	0.1190	0.5921
-0.9157	-0.0151	0.8879	-0.1406	-1.7054	1.0916	-0.3333	0.6101	-0.0120	0.3589	0.2659	0.8445	0.4439	-0.9884	0.5952	-0.1158	-0.7069	1.8666	1.6408	-0.2278	0.4278	-1.4076	1.0441	0.4036	1.6938	-0.0882	0.0907	0.3925	-0.1873	-0.2501	-0.1506	-0.9898	-0.4850	-0.2343	-0.5708	-2.3949	0.3481	0.2935	0.0799	1.4308	-1.0359	1.4844	0.2118	-1.3437	1.3113	2.5442	-0.5824	1.7343	0.1829	0.9940
1.6016	-1.0155	-1.9731	-0.0826	0.0927	-0.9468	0.4222	-0.2956	-1.8001	-0.9152	0.0856	-0.9392	-0.1393	0.7702	-0.9748	0.4583	-0.8954	0.2707	0.8887	-0.0610	-0.2206	-0.5808	0.5754	0.3373	0.2942	-1.2533	-1.0550	-0.6249	-1.0329	-1.2426	0.8151	0.1447	-0.3078	0.2818	-0.5979	0.6338	-0.5112	-1.2186	0.2182	0.4967	-0.0828	-0.0670	-1.5044	0.2122	0.0556	-1.3692	0.2546	-1.8141	-0.5627	-1.5279
-0.1007	-0.7594	0.5707	1.1167	-0.2605	0.4990	1.1804	-0.2193	-0.4845	-0.4320	0.0162	0.3969	1.3827	-0.4924	-0.6000	0.1238	-0.1238	0.8586	-0.8884	-1.8739	-0.4375	-0.5002	0.3374	-2.0567	-0.5254	-1.4877	0.7808	0.1413	0.7781	-0.7629	-0.0979	-0.0833	0.5324	-1.3540	2.2663	2.0228	0.3901	2.0717	0.5045	-0.3078	0.3618	0.6888	-0.5773	-0.1577	-0.7062	-0.7863	1.1604	-0.6281	-1.2619	0.1803
-1.0799	0.2081	-0.7723	-2.1965	-0.1804	1.0656	0.5277	0.7969	0.1188	-1.4826	-1.6543	-1.2405	-0.5333	-0.2823	0.1912	-0.0319	1.7048	-1.5899	0.2869	-0.8518	-0.1460	-0.4693	0.4479	-0.9746	-0.2591	-1.0183	1.3990	1.6832	-0.2640	-0.4437	1.0799	-0.1778	0.5884	0.5184	0.3149	-2.8597	-0.8741	1.5400	-0.8962	0.2180	0.8225	0.5071	0.6617	-0.8688	0.5928	0.2377	0.7282	-0.3014	-0.0863	0.0840
0.7997	0.9112	-0.3830	-0.8300	1.4467	0.4802	-0.0009	0.3408	1.0573	0.2227	0.2645	-1.2198	1.8204	-0.1506	-0.4614	-1.8846	-0.7099	1.4093	1.2228	-0.2954	-1.7557	0.8125	-0.0209	0.7199	1.3528	-0.4212	-2.5075	-1.0414	-0.0844	0.1493	-0.8722	-1.0105	0.1965	0.5328	0.2265	-1.0552	0.7653	0.2386	0.3701	0.0210	2.4873	-0.6398	0.0586	0.5153	-0.5235	-0.2382	1.5023	-1.4224	-0.7635	-0.5821
1.2006	-0.0413	0.0194	1.0280	-2.2599	-0.5379	0.6512	-1.3633	-2.2155	0.5510	1.4589	-1.4638	-1.1826	0.9985	0.3466	0.1440	-0.7460	0.7953	0.2770	-0.3013	0.7132	1.3388	0.0145	0.0072	0.4325	-0.2408	-0.7436	0.1160	-0.1616	0.8591	-1.3291	1.5955	-1.7728	-1.3765	0.9177	1.1878	0.1343	0.4893	0.3540	-0.8369	-1.5166	1.0333	-2.3113	-0.3463	-0.7346	-1.3550	-1.5752	-1.0812	-2.2157	-0.2233
-0.6065	2.1983	-0.4725	0.1783	0.4595	1.0006	1.2112	-0.7979	-0.8237	2.1376	0.5199	-0.0770	0.6641	2.2013	0.5625	0.1645	-0.9794	-0.0952	-0.4271	0.0638	2.3464	-0.1919	-0.4806	-1.4876	0.5218	1.8151	-0.2782	0.0593	-1.2150	1.4237	-0.4060	0.1074	0.3787	0.0074	-0.5467	-0.6429	-0.7355	-0.6318	2.1522	-0.7647	0.6642	0.0249	1.3630	1.3163	-1.3935	1.8233	-1.0516	-1.3498	-0.1634	1.1226
-0.7474	-0.5687	1.6580	0.9457	0.2251	0.2128	-1.1483	-0.1483	2.3196	0.4616	-1.1111	2.1771	-0.2410	-0.1189	0.3772	0.2488	-1.1438	0.5398	1.1587	1.1910	-0.2791	0.0670	1.5196	-1.3121	-0.6366	0.5472	1.3689	-1.4090	1.7645	0.8568	0.3457	1.5639	0.2978	0.2652	-0.3759	-0.3742	-1.1484	-1.2985	0.0675	0.9254	0.8762	-2.4972	0.9170	0.2774	-0.0456	0.3320	0.8270	-1.5011	0.4454	-0.7839
-0.7573	-0.4960	-1.9177	0.6102	-0.2662	-1.0249	1.1531	1.0316	-0.0298	-0.1514	-0.1945	1.5066	-0.4542	-0.0985	-0.9899	-1.1259	-0.1170	2.1016	1.3221	-0.5005	-2.8796	-0.8888	-0.1174	-0.0253	0.4595	0.5196	0.0938	0.0036	0.3489	-1.7180	-1.0084	1.4137	-0.6683	-0.1915	1.2209	-0.6689	1.3661	0.0529	-0.5343	0.1726	-0.5247	-0.7023	-2.1664	0.0709	-1.3330	-1.5848	0.0881	0.8068	-0.3127	-0.0090
0.2824	0.1495	0.1327	-1.1149	-1.0941	0.1920	-2.0055	-0.5053	0.4402	0.4123	1.4108	0.1058	-0.8378	-1.1909	0.7424	-0.6917	-0.0868	-2.2765	-2.3441	1.7294	-0.0479	1.9158	0.3524	-0.4447	0.8471	0.5878	0.8811	1.4803	-1.1139	-1.2644	-1.3851	-0.7157	0.4957	-0.2065	-0.8606	-1.5606	0.8487	-1.0020	0.7022	-0.4466	-0.4120	0.1677	-0.2586	-0.2281	1.3239	0.4192	-0.3729	-0.5840	-0.7973	0.2078
0.8739	-0.6671	1.3724	0.8741	0.5906	0.0899	1.0729	-1.0704	0.6372	0.0915	-0.7798	-0.5948	-1.8571	-0.6981	1.0064	0.7224	-0.5302	0.9591	-0.1865	-1.1568	-0.7287	0.7714	-0.5271	0.2584	-0.6199	-1.9441	1.4256	0.1005	0.4787	0.1943	-0.1974	0.5692	-1.3361	0.1591	-0.6385	0.6125	1.1755	1.7872	-1.8812	0.4689	0.2007	-0.9652	-0.7625	0.5498	1.3011	-0.3585	1.5475	-1.8579	1.6729	0.1019
-0.2341	0.2976	-0.2621	1.7262	-0.6159	-0.2804	-1.0307	-0.1957	-0.8992	0.2397	1.2715	-1.1120	0.3195	-0.2085	-0.2374	-0.7302	-0.3083	0.3082	0.4797	0.4406	0.1582	1.5745	0.7281	-0.8469	-2.4070	1.6678	-1.7349	0.6594	1.7237	0.7163	-0.2878	0.8460	0.7381	0.1729	-1.3965	-0.1527	1.4186	1.1760	-0.8164	-1.2302	-0.1229	-0.5115	0.3596	1.7510	1.4778	0.2334	-1.6029	1.6670	-0.2410	-1.2766
-0.3477	1.1550	-0.4892	1.6194	0.6689	0.6249	0.3834	-0.2485	-0.9449	0.8741	-0.1421	0.5476	0.3870	0.0210	-1.9538	0.6985	-0.1905	-0.4312	0.7911	0.0662	0.1997	-1.8297	0.8766	0.4211	1.5037	0.8095	1.9578	-0.3601	0.7475	1.0288	1.1067	-0.7626	-1.6357	-3.7597	-0.9443	0.0470	0.2463	0.8990	-0.1799	-0.1751	-0.0898	0.1573	-1.5183	0.7688	1.3144	-0.0543	1.2413	-0.0013	-0.3350	-0.4278
-0.8244	-0.3424	2.0769	-0.8900	1.8629	-1.1399	0.8096	-0.0315	0.1840	-0.2898	0.0327	-1.3978	1.6061	-0.8345	-0.1892	1.6592	-1.8433	-1.0990	-0.2072	-0.1674	0.4504	0.1164	-0.5106	-1.5340	-1.1767	0.6476	-1.8378	-1.4511	-0.7646	0.2667	-0.6591	0.7784	0.8246	1.6893	1.7732	0.1297	0.7237	1.6907	-0.3332	-1.1996	1.0169	2.2609	-1.8268	-0.3030	-0.9480	-1.6352	-0.4861	-0.7480	-0.1363	0.4557
0.1298	0.8393	0.4665	0.6479	2.3359	1.0919	-0.8686	-1.6503	-1.0066	-0.1268	0.5416	-1.3329	0.6204	-0.5783	-0.4742	-0.0287	-0.2382	0.0230	0.7175	-1.0307	1.0013	0.7030	-1.1738	0.9052	0.1541	-0.0649	-0.6510	-0.3174	-0.8661	1.2903	-2.1817	0.2681	1.3911	0.4523	0.2043	-0.2985	-0.8850	-0.5906	0.8559	-0.9904	1.2226	0.1897	-0.1219	-1.0537	1.0773	-1.7424	-1.0151	-2.5117	1.2179	0.0842
-0.0761	-0.8667	0.0553	-1.9694	-1.1238	-0.1818	-0.3121	-0.2150	-1.1173	0.1411	-0.6681	-0.8090	0.4819	0.7671	0.4272	-0.4288	0.8514	-1.1307	0.3338	1.0421	0.6728	0.1670	1.4453	0.5835	0.4854	0.4813	0.1419	0.7610	0.0548	-1.0098	0.1422	-0.6439	0.8104	-1.8009	1.7050	-0.9727	0.1418	-0.9558	-0.6026	1.1802	-0.3547	0.7676	-0.8620	0.9514	-0.1513	0.1269	2.1024	-1.0537	-0.2407	1.0747
1.4640	2.5363	-1.3440	0.0648	1.0918	-0.9985	0.4696	1.1741	-0.1335	0.3402	-0.5296	-0.3728	0.0198	1.3813	1.4207	0.0253	-0.7229	-0.0044	-0.7935	-1.2014	-1.9306	0.2865	1.0282	1.0321	-0.3101	-0.1371	1.9142	-0.3046	-0.0234	1.1081	0.2861	-1.0410	0.1121	-0.3016	-0.7272	-2.2621	1.0526	-0.5862	-0.0192	0.1875	-0.1675	-1.1063	-0.4624	0.1186	-0.8961	0.4018	0.3014	0.6161	-0.8928	0.7072
-1.0671	-1.0338	-0.0372	0.3511	0.6792	-0.5117	0.4291	0.0177	-0.4545	0.1066	2.2444	0.2517	-0.9523	-0.5123	-1.4005	0.0730	-0.9504	-0.0142	-0.4698	0.3587	-0.4858	-0.1400	1.0176	1.3157	1.7030	0.0007	1.7005	-0.6591	0.1548	-0.2803	0.0592	-0.8875	0.4886	1.6137	0.0684	-0.0106	-0.4235	1.1075	2.1878	-1.1337	-0.0744	-0.2432	-0.2716	-0.0819	0.8343	0.5030	-0.6106	1.3301	0.2620	0.1097
1.1334	0.6641	1.7795	-0.7732	-1.6297	0.3297	-1.2297	0.4896	0.2598	-1.6968	-0.4036	0.4105	-0.2384	-1.1237	-0.0756	-1.2445	0.2930	0.5484	-0.1678	-1.0029	1.8237	0.5738	0.8431	-1.1987	-0.6416	0.0253	-1.7054	-1.8795	0.2508	-0.6561	-0.0616	-0.8653	-0.0821	1.4535	-1.7289	0.4022	0.4979	-0.4610	-1.4900	-1.5579	0.1721	1.1849	0.7652	1.0747	-0.4218	0.6316	0.1961	-0.0041	-1.5565	-0.9356
0.0229	0.6230	0.3427	-0.7547	-0.3507	-1.1784	0.8113	-0.3643	0.0936	1.8679	-0.5206	0.0599	-1.6030	0.7684	-0.8590	-1.6240	-1.8217	0.0058	0.6389	-0.5649	0.6944	-0.9802	-0.1597	-0.2776	-0.5084	0.4028	0.4609	1.4569	-0.1692	1.7186	-1.5031	-0.3725	-0.5068	0.7289	-1.7493	-1.2746	-0.1729	0.5756	1.4748	0.1603	-0.9100	0.6855	0.9718	0.8493	-0.6003	-1.7249	0.2151	1.6548	0.4467	-0.0515
1.1123	1.7657	-0.3052	0.3394	0.0216	0.0361	-0.9526	-0.6312	-1.0605	-0.5992	-1.1541	1.2985	1.6035	0.7172	0.0671	-1.6290	-0.4835	0.2665	0.6218	0.3590	-0.0051	0.3269	-1.4691	-1.0632	0.0387	-0.8242	-0.3995	0.3888	-0.2199	-1.6820	2.0976	0.1565	0.0148	0.4931	-0.2088	0.7437	0.3179	-0.1165	-0.4352	-0.0933	-0.2832	-0.5926	0.4669	0.0199	-1.0875	-0.0280	0.1957	0.5387	1.8776	-0.6614
0.6221	0.4358	0.2135	0.2888	0.9599	0.7881	0.5163	0.4618	0.8919	1.2660	-0.5053	0.7760	-2.1705	-0.1721	0.8391	-0.5467	-1.3195	1.3849	1.2432	0.4698	-0.0369	1.0037	-0.3748	0.5487	1.8734	1.2171	-1.0186	0.1293	0.9607	-0.3299	0.4530	-0.3230	0.4600	1.1783	-0.3404	1.1841	-0.1850	0.2449	-1.1623	0.1015	-1.8104	0.2988	-0.6387	-1.5569	1.6515	-0.2548	-0.7354	-0.4178	-0.9191	0.0372
1.4481	0.4743	1.5387	0.0201	1.5731	0.5538	0.0180	1.2286	1.2391	-0.6822	-1.2202	-0.7321	0.3696	-0.0181	-1.1276	1.2571	0.6551	-1.1004	1.7613	-0.0909	-0.0432	-0.7477	-0.2439	0.0874	-0.2439	0.8940	-1.0840	3.0825	1.7675	1.2284	0.7369	-0.0347	-1.4705	-0.9633	0.8143	0.1621	-1.8917	0.5675	-1.6475	0.5823	0.2200	0.7093	-0.8139	-1.1337	-0.5872	-0.8488	0.7559	2.2725	-1.8809	1.4477
2.2450	0.0346	0.8714	0.5172	-1.4536	-0.1251	-0.0335	0.5285	-1.1839	-0.1807	1.6450	-1.3225	1.1980	0.0202	-0.1862	-0.7649	-1.4635	-0.2828	0.4963	0.7978	1.2734	2.7599	1.5816	1.2125	0.7418	0.9990	0.9809	-0.2451	-0.7731	0.2209	0.5618	-0.2428	0.6176	-0.7481	0.5619	0.6108	0.7282	-0.8929	-0.0644	-0.5290	-0.6651	0.5148	-1.3482	0.7013	1.0424	1.2088	-0.0492	-0.7417	1.1572	0.0248
-1.7894	0.6392	-0.0268	1.8635	0.5173	-0.4683	0.3133	0.2186	-0.4722	0.5867	-0.0435	0.5653	-0.0888	1.2041	0.6481	0.5855	0.6051	0.1911	-0.7687	1.0869	-0.8849	0.7517	1.3071	0.2207	0.1021	-0.4555	-0.4693	1.4049	-0.5709	1.8436	0.8099	0.6123	0.2137	-1.7863	-0.4535	0.9886	-0.8645	1.0577	0.8332	0.3949	0.4294	-0.7548	0.3541	0.4671	-0.7949	0.9153	-0.4482	1.1795	1.7916	-0.5742
-1.5929	0.2095	1.0047	-0.9146	1.4923	0.2923	1.7796	1.4057	0.3294	0.3726	-2.4692	-0.2830	0.2785	0.9480	-2.9607	0.9012	1.7469	0.6347	1.8278	0.4129	0.6282	-0.8231	-1.0781	-1.3002	1.1806	0.2805	1.4072	0.3642	-0.1264	0.2560	-0.9834	-0.4830	1.2436	-0.0710	1.2612	0.0237	-0.7276	1.0462	0.0105	-0.3182	-0.7696	-0.2815	0.8358	-0.8572	-0.7969	-0.2709	1.2497	0.0769	-0.0513	-0.3767
-0.1870	-0.1749	-0.5265	0.8199	0.0182	-0.7558	-0.5292	-0.6981	0.2929	-0.5788	0.8294	0.2749	0.5077	0.6753	-0.2978	-1.0240	0.3259	0.5308	-0.2813	-2.2459	0.1279	-1.0103	-1.2203	-1.4798	0.3903	-0.8856	1.0952	-0.2101	1.1218	2.5247	0.5513	0.7009	1.1075	-0.8759	-0.9306	-1.3690	-0.1141	1.0674	-0.9446	0.0206	-0.2780	0.0461	0.8435	-0.0874	1.1789	0.6520	1.0981	1.1871	2.2566	-0.7899
0.0654	0.6347	0.3925	-0.4354	-0.2346	-1.3615	-2.7697	-0.7157	-2.1494	-0.7205	-0.4373	0.6675	1.3108	0.3431	-0.2902	0.2657	-1.0709	0.9494	-1.2013	0.2572	0.9053	-0.5798	-0.3993	0.7084	-0.8529	1.5868	2.0836	-0.2308	-1.2055	-1.0809	-0.1470	-1.0467	-0.8942	1.4739	2.5681	-0.3801	0.1845	-0.4335	-0.0070	-1.0755	-0.1502	-0.5764	1.3025	-1.2432	2.5020	0.7148	-1.6119	1.0654	1.4320	0.7625
-0.3754	-0.7263	-1.3551	-2.9292	0.4598	0.1274	0.6692	0.9022	-3.5109	0.0551	0.1858	0.8532	-1.1301	1.4185	0.5607	-0.0089	-1.7400	-0.8268	-0.2993	-0.9755	-0.3302	0.9523	-1.5691	0.7023	-0.0766	-0.1625	0.0194	-0.5129	0.0465	0.4237	-1.4046	0.7033	0.3463	-0.9160	-0.1229	-0.3895	1.9568	1.7068	0.3521	-1.6039	-0.5690	0.9047	0.6670	1.3188	0.9832	0.7012	0.8211	-2.6983	-1.7069	0.1984
1.0244	1.4736	0.1860	-0.3826	-1.0862	0.7551	-0.2311	-0.6494	0.9676	1.5484	0.3409	-1.1757	0.2553	-1.1452	0.7539	1.0133	1.8872	0.3124	-0.1835	1.6294	-0.5339	1.2607	0.3617	-1.4362	-0.6649	0.2336	-0.8371	-0.5939	-0.2304	-2.6478	-1.6767	-0.4758	-1.3976	-1.5650	1.4717	-0.0331	1.4581	0.3151	-1.6814	0.9792	0.1812	0.2172	0.0515	-0.4062	-0.1174	0.0906	0.7630	0.4748	0.5188	-0.4316
0.2444	0.5385	-1.4662	-0.3788	0.2143	1.8603	-0.6817	0.6234	-1.6800	0.1154	-0.1623	-0.6349	0.5008	-2.2888	-0.4163	-0.3624	0.2428	1.7103	0.4666	1.1497	-0.5515	1.1555	-0.1406	0.1546	0.4259	-0.5418	0.7887	-0.4239	0.2002	1.3772	0.1473	-0.7647	-0.8065	0.6181	0.5102	-1.5185	-0.5815	2.4448	1.1026	-0.9346	0.3103	-0.3918	-1.6332	-0.9824	1.2699	0.2247	1.0776	1.8722	-0.2275	1.7552
2.2886	-0.0218	0.7646	0.3679	-2.0810	1.2668	-2.0172	0.2133	-0.8358	0.6064	-0.4826	-0.8913	-1.3909	-1.2152	-0.8699	2.3851	-0.8472	0.3300	1.2413	0.3454	-0.3341	0.2508	0.4865	0.9781	2.3502	-0.1801	0.0940	2.4728	-0.0477	-0.6628	0.0776	-0.7802	-2.2075	-0.1739	0.9741	0.9031	0.1669	1.8184	-0.2759	0.1721	1.1410	-2.2653	0.1152	-0.1636	-0.6371	0.3579	-0.6724	-0.1869	-1.3560	1.2806
0.0956	0.3597	2.1352	-0.3060	-0.3449	-0.2424	0.4722	-0.9685	-3.0729	2.0718	0.8665	-0.7116	-0.4957	-0.6698	-0.7620	-0.1502	-1.0596	0.6021	0.0165	-1.1639	-0.5622	0.2664	-0.3738	0.8350	-0.4842	0.3242	0.5400	0.0698	-2.3232	0.0216	-0.6957	-1.4266	0.7079	0.0862	-0.6033	0.0275	-1.1431	0.8499	0.8750	0.9101	0.5603	-0.1742	0.0443	1.0613	0.7861	0.4634	1.3486	0.4845	0.0361	0.7982
0.3423	0.4575	-0.4175	0.1176	-1.5241	1.8606	0.7908	0.0956	1.1765	1.5578	-1.0748	0.4807	1.2987	0.0066	2.2368	0.1841	-0.6083	0.2960	-1.5915	-0.9505	-0.8904	0.2820	0.2103	0.4710	-0.3975	-1.4032	0.5474	-0.9346	0.7288	1.3306	-0.6980	0.0006	-0.3457	-0.6356	1.9085	0.3115	-0.7747	0.6012	-0.6215	-1.0643	-0.0756	0.3375	0.7996	0.8448	-1.3629	0.9784	1.8854	-0.6585	0.9257	-0.7048
1.1567	-1.7010	-1.1549	-0.2374	1.0636	0.7370	0.6169	-0.9664	0.9034	0.6120	-0.3267	-1.6297	-0.8010	-1.0189	-0.4469	0.2281	0.6669	0.5739	-1.7282	-0.0842	-0.7117	-1.0811	0.4197	0.0844	-1.1087	-0.0498	0.3924	-0.5682	-0.9885	-0.3726	-2.2363	-1.2538	-0.7201	0.4275	1.8487	-0.1489	0.7881	0.9843	0.6282	0.4837	-0.4207	-0.0748	0.6373	0.7808	1.2553	-0.9521	-0.0249	0.5394	-0.0313	0.4168
0.0487	-2.0911	-0.4040	2.3974	-0.2882	0.6998	0.1301	-1.4280	2.1558	-1.3550	1.6901	0.6075	-1.2959	1.3999	1.3805	-0.3287	-0.1534	-0.7926	0.2587	1.5963	-1.7494	2.1321	-0.3531	1.7725	-1.6826	-0.2376	-1.6773	0.5962	-0.0959	-0.0221	-3.2074	0.1191	-1.5606	-1.2281	0.2898	-0.6699	-0.2583	0.8804	0.5051	-1.3219	-1.4047	-0.7871	0.4789	-0.6811	-1.0292	-0.2051	0.5633	-1.0824	-0.9948	-1.3525
-0.3229	0.2852	-0.3416	-0.3061	-0.9329	0.0984	0.7036	-0.2174	0.0678	-1.7927	1.5223	1.9476	-0.2437	1.3969	1.4978	-0.3527	-1.7011	-0.3739	0.9389	-1.4711	-0.5190	-0.7808	-0.4007	-0.3043	0.3183	-1.7261	-0.2273	-0.6875	1.8551	-0.9268	-1.8168	-0.6282	0.5288	0.3135	-0.1664	1.1564	0.0943	-0.1780	-1.2734	0.0434	-0.0999	-0.8537	0.6880	-0.7518	-0.2211	0.2337	1.9617	-0.9687	-0.5273	-0.9261
0.2038	0.7583	0.8405	-0.5907	0.7619	2.4555	-0.4428	0.6399	1.2565	-0.4820	-1.4064	-0.4518	-0.0399	0.1627	0.2326	-0.4717	-1.0023	0.4007	1.5087	-2.1353	1.5809	-2.1085	0.3079	-0.8128	-1.4476	-0.9090	1.2322	-0.8263	-0.0276	-1.1217	1.7033	-0.9480	0.1050	-0.2838	0.8822	-0.2888	-1.5601	0.1074	-2.5680	-0.5810	0.5192	1.3334	0.0517	-0.5715	0.1496	0.8348	0.2826	1.7422	1.0718	0.2867
0.1150	-0.5351	-0.3875	0.7379	0.1671	0.4756	-1.0751	1.0565	1.6410	-0.0043	0.0491	-0.1998	-0.1391	1.3302	0.6692	1.2308	-0.4491	-0.5927	-0.0512	-1.8826	-1.7983	0.3964	-1.8934	0.3302	2.4894	-1.4666	-1.1587	1.0116	0.6461	-0.8147	0.9645	-0.4726	0.3289	0.0236	-0.8951	0.5256	1.4023	0.6745	0.0294	0.7308	0.8276	0.0288	-0.2010	1.3516	0.6491	2.4607	0.0820	1.7504	-0.0696	-0.5850
-1.7814	-0.7044	0.4274	-0.5359	-0.7395	-0.2071	-0.7789	-1.2941	-1.9486	0.0947	1.5936	-0.7741	-1.4863	-1.6761	0.5749	0.2689	-0.3292	-0.2812	-1.3762	2.0753	1.0199	-0.1190	-0.0740	-0.4973	-0.3709	-0.4021	0.9072	1.4101	-1.2941	-0.6049	1.9236	-2.4084	-0.2486	-1.4967	0.6048	-0.1337	-0.7140	2.4176	-1.3004	-0.0993	0.5555	1.3904	0.0275	-0.0278	0.2986	-0.4746	1.3455	-1.2253	-2.0313	0.4498
-0.4359	0.1585	0.5733	-0.7766	-1.1136	-0.0016	0.7005	0.7788	-0.2348	-0.4844	-0.0958	-0.5926	1.8385	-0.8611	0.3426	0.0524	0.0025	1.9109	-1.0680	1.2820	-1.1008	1.1673	0.9207	-2.2169	1.3105	0.3215	-0.3577	-0.9164	1.2009	-0.3874	0.2091	-2.2978	0.5953	-0.0112	-1.4871	0.0599	-0.4493	-0.4465	0.7059	1.2937	0.8951	0.7901	0.4976	0.2666	-0.3952	-0.1208	1.3646	0.0991	-0.7546	-0.6448
-2.2944	-0.0934	0.6038	0.7945	1.5935	0.5966	-0.0132	1.1705	2.4600	-0.4639	2.1481	-1.6179	-1.4778	-0.3117	-0.2327	0.0427	-0.7109	1.6961	0.3479	-0.1755	0.3258	0.1787	0.8989	-1.2951	-0.0839	-0.3232	0.3872	0.5726	0.0604	-1.2430	1.3904	0.7183	0.8876	0.9046	1.1667	-0.6925	1.2097	-0.1416	-1.0859	-1.2631	0.1735	1.0943	-0.5725	-0.1466	-2.0085	0.7144	0.3264	1.7329	-0.0759	-0.1407
-0.5109	0.4912	1.4695	-0.4536	-1.4839	-0.6921	-1.3705	-0.1687	0.5043	0.7625	0.5936	0.6611	0.3110	-0.0826	0.2212	-0.1999	0.7078	-1.7037	1.6273	0.7619	1.2530	0.4725	0.2323	1.3217	-0.6912	-1.7576	0.5293	-1.7083	0.1523	-0.3674	0.7568	0.3660	1.5100	0.5712	1.3645	-0.8193	-0.1575	0.0461	0.4748	-1.0550	0.3661	0.7843	1.4926	1.1372	0.4889	-1.3525	1.3937	1.4108	-2.0194	-0.0517
1.2581	-0.1698	0.1250	-0.3597	-0.5587	-0.1269	0.3370	0.7038	1.2588	1.0621	-0.0478	0.0225	-0.1500	-1.0564	0.2794	0.0919	0.5713	0.1590	-1.6767	0.7757	-0.6984	0.3410	1.6703	-0.2810	-1.2100	1.4913	-2.1170	0.1700	-0.4146	-1.6221	0.4872	-1.0764	0.2073	-1.5128	-0.5563	0.1205	-1.0479	-1.1633	-1.0726	0.2885	0.0454	-0.6213	-1.9886	-0.9838	-0.3547	-0.0709	-0.3422	-0.6032	-0.8298	-0.0523
0.6821	-0.1359	1.5610	-0.5177	0.8181	1.7478	-0.7175	-0.8646	-1.0300	0.7874	0.8170	1.0009	-0.6116	-0.1457	1.6033	-0.7787	-1.1304	1.2847	-0.5553	-1.3443	-0.8057	-0.7889	-0.4811	0.8515	0.2275	-0.0714	-0.3118	-0.9695	-1.2996	0.1426	-0.4810	-0.5386	-0.2604	0.3038	1.8497	-0.2323	-1.6560	-0.0984	-0.5657	0.5541	-0.9063	0.1621	-0.4832	0.1765	0.5374	-1.5955	0.4563	0.8792	0.5004	-0.9912
-2.4285	0.4254	-0.4191	0.1029	-1.7212	-0.2360	0.2244	1.0390	0.8278	0.8204	-0.3650	-1.9938	0.8403	-0.4500	0.5690	-0.3078	-0.8591	-1.8119	-0.6046	0.4354	2.0004	-1.5010	-0.9127	-0.1466	-0.7015	-0.7443	-0.9914	-0.0678	-0.4433	0.7295	1.9565	1.2366	0.9265	-0.7157	-1.4118	-0.3413	-0.1945	0.2885	1.4311	1.4895	0.6932	-0.5925	-1.6618	0.7891	1.1701	1.4172	0.6993	-0.5875	0.6398	-2.0000
-0.8154	0.9815	-0.9003	-1.5740	-1.2987	-0.3215	-1.2104	-1.5867	-1.4013	-0.9871	-0.2112	0.2967	0.8085	-1.2507	0.6368	-0.3376	-1.5334	0.1522	-1.1502	-1.4524	-0.6294	1.8546	1.1937	0.9419	1.5957	-1.5910	0.7404	1.2282	1.1310	-2.1108	1.0921	-0.4607	-1.1648	-0.1492	0.1846	1.2813	0.1143	-0.2892	-3.0977	-1.1476	-0.0003	0.5250	0.2983	-1.0442	-0.3547	-0.6994	-0.3022	-1.0962	1.5981	-1.3967
0.4480	1.4127	-1.5050	-0.9748	-0.6377	-0.7102	-1.7604	0.1164	0.8662	-0.8243	0.4435	-0.6193	1.9139	-1.8486	-0.0506	-1.7240	-0.1102	-0.4537	-1.2916	-0.0421	0.1586	-1.2431	-0.9304	0.2406	-0.3444	0.4673	-0.6556	-1.3205	-1.5651	0.0223	-1.8927	-0.6023	0.4881	1.8333	0.0851	-0.4093	0.4662	0.5018	1.0305	-1.2488	-1.0590	1.5986	0.1106	2.1512	1.2181	-0.7161	1.0113	-1.9399	-1.7411	-0.5258
0.6953	-2.1777	-1.3831	-0.6552	-0.4659	0.6828	0.7449	0.9679	-0.0710	-1.2221	0.3911	0.5833	0.0868	-1.0433	0.2337	0.8455	1.4194	1.3325	0.8678	0.6172	-1.6524	0.1665	1.5558	0.1970	0.1310	-0.1608	1.2425	1.1397	1.0794	1.9658	-0.7407	-0.5191	0.1492	-0.6723	0.1794	1.9959	0.3419	-0.9299	0.4586	0.2677	-0.8040	-0.5730	-1.2292	1.0810	1.0664	1.5589	-0.6906	1.6080	-0.2431	-0.9403
0.3096	-0.2256	1.1738	1.8891	-0.0880	0.5611	-0.1584	-0.9025	0.1278	-0.8356	-0.0714	0.8419	-0.1752	-0.6018	1.7433	-0.9232	-0.3948	-1.3098	1.6015	-1.0326	0.3943	-0.0560	-0.3370	-1.5100	-0.5968	0.0610	1.0614	-0.5542	-0.1796	-2.6944	-1.8338	0.7061	1.2288	1.4237	0.5663	-0.6447	0.8086	0.3246	-0.1244	0.0831	1.8364	1.6763	-1.2464	0.1340	0.6014	-0.6758	-2.0241	-0.0551	-0.0923	1.6699
1.2994	0.0854	0.1334	0.5377	1.1449	-0.7567	0.5602	-0.2343	0.7416	0.6919	-1.7512	0.1527	1.8256	-0.4774	-1.8703	1.0165	-0.2671	0.9057	-0.4252	0.3730	2.4065	0.9967	1.5311	1.0883	-0.9612	0.0383	-0.7608	0.5349	1.3210	0.5184	0.7028	1.1392	0.4369	1.5196	-0.6010	0.5273	0.6456	0.5825	0.5334	-1.7913	0.7696	-1.7091	-0.2409	-0.0599	0.4437	1.5778	-0.3167	0.2773	0.8188	0.0594
-0.3655	0.9195	-0.1431	0.1547	1.6469	0.4283	0.7820	-0.5157	0.2798	2.6812	0.2876	0.0363	1.0708	-0.2821	1.3001	-0.7952	0.5614	-0.8473	1.0562	0.2050	-0.8190	-0.3926	-0.2481	0.0080	0.3021	0.4692	1.3218	-0.0407	-0.2045	0.2793	-0.5030	-2.1255	0.5569	-0.6279	-1.4732	-0.4560	-0.0696	-1.3105	0.7751	1.2752	2.3396	-0.8504	1.0569	-0.2948	-1.1645	-1.2581	1.7793	-0.7973	0.3765	0.3220
-0.6673	0.4002	-0.6876	1.2506	1.4858	0.4192	-1.7998	-0.9925	0.2399	0.6903	-1.8377	-0.3371	-0.2036	1.1832	0.3803	-1.7494	-1.2321	-0.4686	0.4297	-0.5016	-0.8974	0.6762	-0.5913	-0.4057	-0.6199	0.3089	0.6583	0.0950	0.1555	0.4166	-2.0097	0.0930	-0.2414	0.2783	-1.1165	0.2633	0.5003	0.3100	0.2444	0.1283	0.2255	1.8131	-0.3101	0.9697	-1.5971	0.4000	0.9972	-0.3889	-0.7857	0.2722
0.4297	-0.3451	1.1441	1.3053	0.4257	-1.0205	1.3722	0.5567	1.0982	1.7475	0.0969	1.8322	0.5374	-1.0052	-0.0206	0.5806	0.6601	0.0786	-0.4864	1.7170	0.5982	0.1749	0.6526	-0.3330	0.0872	-0.5131	-0.4793	2.3259	-0.7571	-0.6655	1.0605	-0.5682	1.8979	-0.1729	0.0910	-0.3647	-0.0922	1.8961	-0.0919	-0.0186	-0.7168	-0.2847	1.8510	1.3899	-1.5860	0.2993	-1.1511	1.6408	-0.3352	-0.9201
-0.7994	-0.3490	-0.5650	0.4506	-0.4233	2.9283	0.4619	-0.3575	-0.0692	-0.2201	2.2037	1.0647	-0.5484	-0.0519	-0.9304	0.0632	-0.1986	-0.6300	-1.2306	1.3796	-0.1662	-1.3967	0.4299	-1.0056	0.9484	-0.9355	0.2251	-0.8778	-1.2197	-0.6235	1.6691	-2.9681	1.5704	-1.5478	0.6866	-0.6882	-0.4231	1.2193	1.1774	-1.4263	0.3636	1.1494	0.5687	0.2101	0.9371	1.1480	0.1734	-2.0482	-0.0339	0.0398
0.1517	-0.7749	1.0269	-1.6188	0.2936	1.8646	-0.8759	0.2306	-1.2237	0.2768	0.0373	0.2138	1.0423	1.1252	-0.4988	0.2855	-0.6017	1.1907	0.0683	-1.2432	0.0670	2.1721	0.7657	-0.9785	-0.0193	-0.7998	-0.3889	-1.0362	0.0971	-0.8270	2.0625	1.3920	-0.5650	0.5068	-1.7722	-0.2362	-0.5927	0.8042	1.2985	-0.0577	0.6538	-1.3838	-0.3876	-0.0144	0.0006	0.1961	-1.0947	1.0414	-1.3576	-1.0781


