
X1	X2	X3	X4	X5	X6	X7	X8	X9	X10	X11	X12	X13	X14	X15	X16	X17	X18	X19	X20	X21	X22	X23	X24	X25	X26	X27	X28	X29	X30	X31	X32	X33	X34	X35	X36	X37	X38	X39	X40	X41	X42	X43	X44	X45	X46	X47	X48	X49	X50
0.2943	1.0071	-1.2755	2.5634	-0.9475	0.5357	0.7840	-0.5329	-1.0353	0.6216	0.0120	0.4500	-2.0941	-1.4379	0.6225	1.4711	1.3159	2.0435	0.1589	-0.1018	-0.9262	0.9891	-0.5119	0.0503	-2.4877	-0.3500	-0.2506	-0.9297	-1.5588	0.0953	0.3282	0.9892	-1.1391	-1.1441	0.1620	0.4692	0.9299	-0.0912	-0.9589	-1.3290	-2.0315	-0.2651	-1.5095	0.3659	0.5027	0.8655	-1.0558	-0.5210	0.2272	0.4566
-0.3029	0.1856	-0.6563	-1.4150	1.1383	1.6291	-0.7293	0.6154	0.0931	-1.5032	0.2743	-0.7855	0.3154	-1.2333	0.6729	1.9129	-0.1669	-0.0459	0.8785	-0.4015	-0.1914	-0.2945	0.4717	-1.2783	0.0272	0.6358	-0.9379	2.2576	0.4369	-1.5421	1.3098	1.8084	-0.0947	-1.4786	0.0307	1.2099	1.6640	-0.5789	0.5073	0.8753	0.7457	-0.7526	-1.4988	0.1493	-0.1988	3.1051	0.9293	-0.1789	-0.3125	1.3759
-0.2566	-0.2953	0.8212	0.5702	-0.3481	-0.4674	0.9541	1.5437	1.2338	-0.0860	0.5786	-3.4711	-0.2736	-0.2717	0.4856	-0.0307	0.8891	-0.5067	0.0612	-0.2585	0.8257	-0.3762	1.2976	0.4487	0.4800	1.1386	-2.5261	-1.5287	-0.9104	0.8962	0.6172	-0.3361	0.3882	-0.8826	1.1774	-0.1183	-0.8384	0.2288	1.0334	-0.6264	-0.8329	-0.8218	0.6486	-0.9415	-0.0801	0.9555	0.1180	-0.4286	-1.0696	2.4000
-2.1421	-0.1667	-0.1553	-0.7985	-0.0491	0.0880	0.8920	-0.9223	2.3000	0.2608	-1.8302	1.0071	0.6598	0.6183	-0.1266	0.9491	-0.5927	1.9604	0.2987	-0.6495	-0.6760	0.4990	-0.4466	-1.4142	1.8869	1.2933	0.0613	-0.9233	0.2699	0.4166	0.5814	1.6925	-2.1876	0.3476	-0.8171	-2.7390	0.2451	-0.0530	0.3782	-0.3492	0.0406	-0.1218	-0.3108	-0.2063	0.5978	0.3493	-1.0122	-0.3349	-0.7883	0.1158
0.5442	-0.9521	1.3951	-1.2885	0.4828	0.7184	1.3364	0.0990	-0.3423	-1.4885	1.1306	1.9843	-2.1494	0.5583	0.3349	-0.0953	0.5042	0.1919	-2.8326	-0.4796	0.6363	1.1434	0.2928	-1.1712	0.1703	0.4578	1.1863	-0.7933	0.3136	1.4255	-1.0046	-0.1353	-1.3372	-1.0202	-0.3742	-0.1544	0.7030	-0.0749	0.5485	-0.0675	-0.1630	-1.6125	1.2724	1.1454	-0.5819	0.8015	1.0390	1.9813	-0.4672	-0.6952
0.6140	0.4444	0.3469	0.1056	-0.4782	0.5102	0.4269	-1.5843	-1.5620	0.1909	0.0595	-1.6393	0.7225	-0.8618	0.8842	1.2943	-0.3851	-0.4390	-1.6553	0.8207	1.5615	-0.0929	-0.5215	0.5497	1.0652	0.1269	1.2632	-0.0808	-1.4148	1.9304	-0.5608	0.5078	0.2759	-0.1692	1.4442	0.2654	1.7629	-0.5899	0.1528	-0.5859	1.9773	-0.7022	0.2194	-0.3622	-0.4171	-1.3321	-0.6559	-0.3817	1.2389	0.1006
0.7289	0.0148	-0.9407	0.7531	-1.0300	0.7992	-1.7786	0.8480	-0.6493	-1.2205	-0.8656	-0.5757	-0.3821	-0.9064	0.1482	0.9854	-1.2927	-1.4557	-0.1692	-0.9173	-1.0610	-0.8439	-1.8394	-0.3961	0.1077	0.3032	-1.3944	0.5146	-0.3618	-0.2542	0.6602	0.1242	0.8106	2.4716	-0.2912	-0.3542	0.4138	-0.8106	-0.6510	-0.3427	-0.1300	0.1226	0.4284	0.7958	-0.2366	-0.4906	-0.1857	0.7986	1.6468	-0.2478
0.6298	0.0213	0.0822	-0.8522	-0.6574	0.9573	-0.6120	1.7440	0.4802	1.3217	-0.3256	-0.1663	-0.1676	-0.0194	-1.3867	-0.2079	0.6760	-1.2729	-0.1780	0.0457	0.0598	0.3146	-0.3739	0.6054	-1.3349	0.8757	-2.4572	1.1936	-0.7954	0.2470	2.4310	-0.1774	-1.2263	1.3042	1.0297	-0.5504	1.1907	-0.1865	-0.4539	-0.5449	0.6208	-0.5616	1.7449	-0.6767	1.2993	1.1905	0.0269	0.8409	1.5740	-1.9585
0.4604	0.6892	0.6958	-0.5367	-1.2304	0.5045	-0.6734	1.3724	-2.3670	0.3492	1.7963	1.8031	0.3298	-0.9636	-0.4925	-0.8345	-1.3414	0.0269	0.3311	-1.1778	-1.3732	-0.6227	0.9457	0.0775	0.3644	-0.2679	1.5624	0.2992	-0.0887	0.6164	1.4659	0.7207	-0.8645	0.4991	-1.6550	1.0143	0.2748	-1.1120	0.8120	-0.7823	0.7515	-0.0112	0.5262	0.3295	1.4767	-0.3137	-0.1003	0.0465	-0.1301	0.5436
0.5532	0.9661	-0.7457	-1.3118	0.1843	0.1492	1.2563	0.1919	-0.0399	1.4840	1.0047	0.9703	-0.4766	0.7320	0.2369	-1.3244	-0.4234	-1.8627	-0.7700	-0.5932	-0.6031	-0.3995	-0.6471	0.3108	-2.2332	0.0497	-1.8342	1.4884	-0.7206	0.4267	-1.2040	-0.0298	0.0203	-0.2865	-0.2818	-0.3813	-0.8618	-0.4067	-0.2839	0.1313	0.7712	-1.2536	-0.2448	-0.7207	1.0653	1.7395	1.2699	1.0098	-0.2446	0.0847
0.0832	-0.4559	-0.8466	1.5239	0.9733	-0.3099	1.0147	-0.4546	0.0401	-1.8887	-1.2529	2.6104	0.7230	-0.3795	1.1265	0.7069	0.0355	0.0055	1.2869	-0.1645	1.5302	-1.0929	1.0116	-1.3793	-0.5053	-0.2835	-0.7358	0.0141	-2.9708	1.0841	-1.4710	0.3088	-0.9470	0.6030	0.4495	-1.2120	1.3078	-0.3797	0.3353	0.0682	0.5649	-0.1414	0.3687	0.7236	0.2500	-0.0875	-0.5067	-0.6814	1.0659	1.0942
-0.1338	-0.0607	0.0642	1.8501	0.8930	0.8736	1.3371	-0.4492	0.9762	-0.0188	-0.7486	-0.6160	0.4913	-0.3149	0.2714	0.3160	-0.6555	-0.4306	-2.0216	0.8509	-0.6519	-0.8487	-0.0243	-1.1180	0.1980	1.4885	0.8678	-0.8844	1.9519	-0.6523	1.2999	-0.3488	-0.2909	-0.2362	-0.3205	-0.2161	-0.5139	-0.8490	0.2887	-0.3511	0.1551	1.0644	0.8578	-0.5861	0.6336	1.0056	-0.7590	-1.1195	-1.1137	0.7611
-1.0539	-0.7968	0.3104	-1.5693	2.1440	1.6920	0.6772	0.5262	0.8717	-0.4293	0.6717	0.0794	0.2732	1.2511	-0.3383	0.0488	0.1109	0.3287	-1.1286	0.5367	-1.6331	-0.1869	1.1287	0.0477	1.3098	1.6324	0.3400	-1.1495	-1.0088	-0.5556	0.4727	0.0392	1.3646	-1.9937	-1.6382	0.2676	-0.8773	-1.4148	-0.4696	-2.4749	0.9662	0.1469	-0.0527	-1.2867	-1.3226	0.7595	-1.4173	-0.7575	-0.0484	-0.2590
2.5018	-0.8510	-0.4328	-0.5108	1.1581	-0.3324	0.6885	-0.4528	-0.7598	0.2980	-0.6695	-0.5386	0.6886	0.1203	-0.1070	-0.7609	0.7502	0.4126	1.8053	1.1642	0.2082	-0.1713	0.8457	0.2594	0.0136	0.4851	0.2491	0.5733	-0.8720	-0.1046	-0.5889	-0.9753	-1.8258	-0.6747	1.3639	-1.3769	-1.4050	0.7763	1.3841	-0.0742	1.3240	0.1853	0.2903	-1.0089	0.3198	0.8014	-1.8174	0.1848	0.3753	-0.4941
0.7039	0.7304	1.7630	-0.4122	0.4848	-1.7107	0.8281	0.6720	-0.2670	1.3005	0.5467	0.3601	-1.0140	0.7800	0.4955	-0.5521	-0.5525	-1.1824	0.1355	0.2432	1.2717	-1.2512	0.5799	1.1147	-0.1518	-0.1690	-0.0150	-1.0232	-0.3729	-0.7795	-0.4638	-0.7491	1.6431	-0.8387	0.4403	0.7333	-0.9286	1.9873	-0.7332	0.5608	0.8042	-0.2913	1.1273	-1.3943	-0.2090	-0.6140	0.1879	-1.3972	-0.5965	-0.1947
-0.7297	-0.3019	0.6222	-0.9332	0.4784	0.9530	-0.7874	-0.9084	0.6582	1.5463	0.2516	2.1326	0.3879	-0.4922	-0.6622	0.6020	1.8617	0.7743	-0.2822	-0.7569	-0.3667	-0.9010	-0.0425	-0.4219	-0.6241	0.4535	-0.5285	0.0924	-0.0700	0.1503	0.2150	-0.3117	-1.3846	-0.3859	-0.6881	0.1159	-0.7573	-1.7017	-0.2787	-1.2795	-0.9405	-0.9173	-0.5275	-0.2324	-1.7034	-0.9993	-1.2462	1.3019	0.8156	-0.0156
0.5265	1.2179	-0.7955	0.1996	1.4502	0.8526	-2.0583	1.2695	0.5113	-0.6640	0.5572	0.2658	-1.6764	1.6556	-0.0347	0.2120	-1.0472	0.0678	-0.8168	-0.7187	2.0014	-0.7499	-0.3073	-0.8007	-1.6248	-0.5571	-1.4587	-1.0194	1.6582	-0.1365	-0.3443	0.4673	-0.5972	1.5400	1.3851	0.8700	-0.4103	-0.0892	0.1709	0.4862	0.1637	-0.0991	-0.8510	-1.0127	-2.5811	-0.1149	-0.1712	-0.5331	0.5406	1.2146
-0.3357	-0.0894	1.0010	0.2172	2.1501	1.1957	0.2171	0.4147	1.4713	0.8844	-1.1043	-1.5078	0.7108	-0.5773	0.8727	0.0938	1.4017	-1.6998	-0.2987	0.4760	-0.5193	-0.9069	0.0154	-1.4280	-0.1428	-0.3308	0.2748	-0.6221	-0.5037	-0.2352	0.7471	-0.2121	-1.2863	-0.6810	-0.2745	1.1605	2.2183	-2.9703	1.0745	-2.1409	0.0616	1.3105	0.0752	-0.3374	1.0988	1.0347	-0.1858	0.3705	0.7809	-0.7936
-0.6247	0.9188	0.1969	-0.5734	-0.5119	-0.0115	-1.1933	-0.5429	-1.4697	0.1026	-0.0419	-1.2704	0.1647	-0.3333	-0.1652	1.5506	0.8059	2.2309	-1.5954	-0.1633	-0.6581	-0.1228	0.5354	-1.3167	1.2016	-1.9945	-0.7869	0.4189	-0.6120	0.2502	-1.5379	-1.4850	0.1527	-0.4452	-0.1803	0.7672	0.7750	0.2476	-0.3411	-0.5264	-1.3900	-0.2848	-0.9920	0.1913	0.9979	1.4748	-1.2191	0.2064	0.6992	0.0573
-0.7999	1.9057	1.7466	-0.6782	0.5347	0.2559	0.1639	1.2719	0.9625	0.8402	1.3484	0.1051	1.7043	0.3475	-0.3147	0.6110	0.7369	0.8751	-0.8250	0.5429	0.6956	0.6270	0.5073	1.5134	0.6042	0.5406	0.8105	-1.8986	-0.3428	-0.8090	-0.7054	-0.2423	0.8686	-0.8473	-0.5522	1.4342	0.4479	0.2449	1.7635	0.0769	-2.0881	-0.2710	-0.1728	-1.2426	0.5389	2.7370	-0.9895	-1.4625	-0.5100	-2.5251
1.0356	-0.2664	0.6835	0.4331	0.6193	0.6260	-0.6903	0.3716	0.4937	1.0845	-0.0040	0.5602	2.2024	-0.1129	2.1948	1.5096	0.0572	0.8108	-1.7745	0.0910	0.1743	-0.0058	0.0106	0.4360	-0.4118	-0.7210	0.2251	-1.8498	-1.8062	-0.9867	1.7404	-0.6500	-0.4082	0.5707	-0.3662	2.0084	2.2382	-0.0067	-0.4317	1.3779	0.8411	0.0533	0.3137	-0.5846	0.8164	1.5371	0.0878	0.3750	0.8033	1.8893
0.6392	-0.1655	0.5090	-0.6504	-1.7464	1.0883	0.4750	1.9394	-1.5042	-0.5997	-1.7514	1.0548	-2.6610	0.1312	0.1804	0.4033	-1.2800	0.2899	-0.6286	-1.5239	-0.6499	1.0736	-0.5224	0.2134	1.5380	-1.4728	0.8904	0.4839	0.1709	-0.7831	-0.9139	-0.1479	-0.2944	0.2436	-1.1978	-0.9599	0.2395	0.2796	-0.2911	-0.1534	-0.8372	-0.8377	1.6128	0.6393	1.2671	-0.1552	0.7929	-1.1863	-0.4604	-0.7347
0.2017	0.2965	0.2601	1.3382	0.2214	-1.6523	0.7237	1.3924	-0.0840	-1.1807	-0.0531	-0.2421	-0.7170	0.8648	-0.3322	-2.2044	-0.3062	0.0981	-0.4776	1.1447	-0.8058	1.1946	-0.1855	-0.3211	0.9622	-1.6504	-0.6599	-0.3188	-0.3455	0.9308	0.1226	0.4055	0.6808	-0.4143	-0.0474	-0.4918	1.2739	-0.9531	0.4651	1.0313	0.5243	1.4599	0.3475	-1.3801	0.6771	0.4830	0.0408	-0.0317	-0.2493	0.0772
1.1972	-0.0710	-1.0269	0.2477	0.8349	0.9817	-0.1115	-0.5681	-0.3709	-0.2010	1.2697	0.1439	0.8932	-0.0648	-1.9336	-3.0424	1.0045	-1.1022	-1.3919	0.5983	0.4700	0.9567	0.2065	0.1194	-0.1813	0.7181	0.2616	-1.5789	-1.7125	0.3333	0.2883	-0.3831	0.2900	-0.2514	0.3379	-1.2398	-0.7360	-0.1723	0.6847	-0.7315	-0.1220	-0.6554	0.0099	0.5248	0.3181	0.3626	-2.0787	-0.3343	0.3115	0.0137
1.1429	0.3554	1.5986	-1.2293	-0.4857	0.8263	-0.5015	-0.2978	0.8281	-0.0058	-1.0533	1.0305	0.2255	-1.4422	-0.2192	2.2983	-0.9978	0.3444	1.3109	-0.5939	-1.2823	-0.4489	-0.1719	-0.6348	-0.5913	0.9044	0.3182	-1.0061	-2.3143	0.5234	0.4264	0.1892	-0.0522	-0.3994	-0.4890	0.7333	-0.8710	1.9090	-0.7424	-1.7437	-0.0559	1.6564	0.8546	1.2872	0.9386	-0.3879	0.4768	0.7841	1.2718	0.6085
-0.0460	-0.0599	0.4894	0.1417	0.5798	-1.6853	1.1093	0.9540	0.4530	-0.3834	1.3514	0.6153	-0.3421	1.7223	-1.6645	-0.4271	-0.4532	1.7010	-1.8659	-0.5073	1.9650	-1.5943	1.2339	-2.3692	-0.0576	0.8972	0.5474	-0.3450	0.8447	-0.4397	0.9943	1.3447	1.8982	0.3354	0.7962	0.3561	0.8922	0.5733	1.1532	0.2322	1.4265	-0.4238	-0.7959	-0.9813	-0.1800	1.2297	-0.6402	-2.0640	0.4345	-1.2280
0.6958	1.2587	0.5433	-0.6059	0.4265	-2.3469	0.1499	-0.0951	0.4123	-0.0048	-1.5695	-1.0568	-0.0824	0.1331	-0.2420	0.3897	-1.6498	-3.4048	-0.2517	-1.4004	1.1452	0.7266	-0.4275	0.3597	-0.4179	-0.9325	0.6714	0.6219	0.2239	-0.0810	0.5456	0.2609	0.1841	0.2266	0.9780	0.2493	-0.2485	0.8088	-0.5067	0.2165	-0.3698	-1.0880	-0.6848	-0.0180	-1.0350	-1.3229	-0.1411	1.5339	-0.8278	-0.4191
-0.2627	0.1967	-0.5696	0.0207	1.4827	-0.2543	-0.3004	0.1587	0.5278	-1.2109	0.1573	0.0533	0.5573	-0.6554	-0.5322	-0.9638	-0.0843	0.3847	-1.5631	-0.2840	1.0970	0.3013	0.2570	0.9216	-0.3065	-0.8920	-1.4125	-2.0517	1.1867	1.2041	0.1001	-0.5080	0.8922	-0.1911	-0.0233	-0.1592	-0.0257	0.2532	-0.2784	-0.8991	-1.1643	-0.6267	-1.0329	-0.1149	0.1857	-2.4695	0.7591	-0.6556	0.3497	1.1754
0.3978	-0.4012	-0.3311	2.3498	1.5832	1.4378	-2.3250	-0.1864	-0.0990	0.6247	1.3849	-0.3308	-0.7560	-0.3489	-0.0132	0.3571	1.0797	0.0487	-0.1922	0.3284	1.4551	-0.9259	-1.5061	0.4468	-0.3488	0.1602	-0.4218	0.7973	0.0671	-1.8695	0.3139	-0.2585	-1.7715	0.2268	1.0716	0.5522	0.1496	-0.5121	0.8997	0.0659	-0.3888	-1.0363	0.7004	-1.3911	0.6994	0.3789	-1.7869	-1.3667	2.1615	-1.2368
-0.5448	0.9917	-0.5771	-1.0197	0.0800	0.6298	-1.3102	0.5067	-0.3423	-2.0023	-1.3376	0.3730	-2.0006	1.1487	-1.0865	-0.0269	-0.7196	0.7611	-0.8024	-1.2324	-0.1973	1.1456	-1.8261	2.3874	-1.8582	0.2853	-0.2128	-0.2894	1.3849	0.1355	0.4761	-1.0146	-1.4041	0.2631	-2.0515	-1.4864	0.6576	-2.1243	-0.8126	-0.4907	0.2378	0.8380	0.3156	0.6519	-1.0625	0.2559	0.8052	0.4948	-0.6855	-0.0503
0.1325	0.4768	0.3550	-0.7472	1.5889	-2.1588	0.3747	1.6871	-0.8967	-1.2804	1.2086	-1.3599	1.0573	-0.6595	1.2496	-1.1124	0.3979	-0.9948	0.0187	0.9135	-2.2717	-0.2306	-1.9073	-2.0757	1.5335	-0.4908	-0.5527	0.9642	-1.2632	-0.1812	-2.7801	-1.9599	-0.1594	2.4567	1.3020	0.1979	0.0047	1.8668	-0.2357	0.0454	-0.8993	-1.8570	0.6785	-0.3273	-0.7378	0.0858	-1.2919	1.3659	1.4736	2.2072
0.6140	-0.1898	-1.1619	1.2136	-1.6697	1.4166	-0.8015	0.5910	0.0910	-0.7749	-0.4397	0.0757	0.4548	-1.6120	-0.2528	-0.3050	2.0181	-0.6168	0.5287	-0.1706	0.3987	-0.1647	-0.9609	2.0394	0.3435	0.5270	1.2587	1.3609	0.6611	-1.8556	0.7680	-1.0902	1.2386	-0.4254	0.3665	-0.4170	0.0627	0.9409	0.2236	0.7991	0.0709	0.5539	1.1083	-0.5015	0.4565	-0.0990	1.5328	-0.8118	0.3733	0.6248
-0.7259	-0.6333	0.0499	1.1229	-0.6330	0.0902	0.1860	-0.7716	0.2432	-1.0291	-0.6468	-1.9362	-0.4533	0.1441	1.6416	1.5879	0.0569	-2.4814	-0.0468	0.7119	-1.1577	-0.5243	1.0545	-0.3069	0.0042	-0.2079	0.8234	1.0071	-0.0029	0.7015	0.6876	0.0812	-0.2582	1.3410	0.0670	0.2331	-0.6914	-1.3384	-0.5513	0.0755	0.1763	-0.2932	-0.1788	0.6775	0.1070	-0.0254	1.6761	-0.8791	-0.3854	0.6738
-1.1374	0.0070	1.3215	1.2136	-1.8427	-0.3168	0.7391	-0.1985	1.6822	-0.8393	-0.7347	0.6936	0.7459	0.2267	1.6762	-0.6682	-0.6213	0.1159	-1.3397	0.7389	0.4808	-0.6600	1.2174	2.2209	1.1431	1.6572	-0.5627	0.1510	1.6036	-1.2839	0.1115	0.5960	0.5770	0.2990	-1.4623	0.9609	-0.9701	0.0408	-0.0748	0.1479	1.5473	0.3168	-0.9791	-0.5122	1.2568	-0.5520	0.6876	0.9969	-0.1652	-1.0565
0.6739	-0.8805	1.5642	-0.9083	-0.2669	0.4328	0.2423	0.7303	0.8553	0.2549	-0.7861	-0.1994	-0.5361	-1.4728	0.6567	1.0621	-1.9758	0.9922	1.9115	-0.4589	0.4043	-0.0977	-0.5695	0.7736	1.8811	1.5436	-0.0919	-0.6362	0.1349	0.2160	-0.5513	-0.0196	2.3662	0.8326	-0.2833	1.6711	0.8861	0.6009	-2.5297	-1.9338	0.0736	1.7709	1.2476	-0.0750	-1.1665	-1.0330	0.7693	-1.1543	-0.4820	-0.3105
-0.4398	-0.4717	2.6457	1.6247	1.9305	0.3663	0.4272	-1.1673	-1.2175	-1.8962	0.0568	1.1156	0.9475	2.2549	0.1116	-0.8097	0.2869	-0.6258	0.1226	0.4829	-0.0374	-0.8476	-0.9400	-0.4718	0.5811	1.0190	-0.3235	0.2867	-0.1492	0.9673	-1.2050	1.3580	0.0079	-0.8485	-0.6569	1.1526	-0.1086	0.9187	0.4375	0.8447	-2.3731	0.6520	0.5269	0.9358	-0.0153	0.0214	-0.3055	-1.5537	-0.5922	0.5115
-1.3363	0.0733	-0.0859	0.4095	-0.5095	-0.4498	-1.3517	-1.8492	-1.0086	0.0246	0.5429	-0.8829	0.1680	-0.1761	-0.1928	-0.9667	-0.1099	0.5508	-1.2142	-1.3224	-0.8482	-1.4446	-0.5296	1.5906	-1.6384	0.1800	-0.8522	-0.5713	0.3369	0.8133	0.3265	-0.1386	1.1098	-0.6949	1.0085	0.3793	0.4746	-1.3409	1.3251	-1.0503	0.0764	-0.7044	-0.1092	-2.3254	-0.2444	-1.6005	-0.4796	-2.0088	-0.9600	-0.5630
-0.4049	0.1738	-0.5625	-0.1431	-0.4762	0.5939	0.0482	0.3968	-0.7435	-1.1579	-0.0452	0.4829	-0.2880	-0.8649	1.3146	1.7945	-0.1996	-0.3884	-0.8096	1.4861	-0.4566	0.2294	0.7976	-0.0640	1.5142	-1.4764	-0.0685	-2.2745	1.0205	0.7491	-0.0235	-0.5938	-0.5096	1.3220	-0.8559	-1.3700	0.3590	-0.4840	1.2744	0.3289	0.2298	-1.1003	1.5453	0.4977	-0.4722	1.1842	-0.3953	-0.4410	1.0957	0.5761
-0.5792	0.1479	-0.6114	-0.4679	-0.0798	-0.6777	0.2558	1.1670	-0.4745	0.8973	-0.0851	0.0347	1.4175	-1.1908	1.4421	-1.1234	-0.7737	-0.9892	1.1284	1.1246	0.2599	-0.3677	-1.0316	0.3194	0.3146	-1.1673	-0.2745	1.1711	-0.4351	0.0592	0.4170	-0.1397	-0.6471	-0.3197	1.2538	-0.8905	0.9812	0.9109	-0.1376	0.7964	0.5390	2.0238	0.8981	-0.7310	-0.1612	-1.2727	-0.3703	-0.3794	0.6996	0.3961
0.8019	-1.6955	0.8592	0.3908	1.4854	-0.1184	0.7951	-0.5151	-0.1921	0.8409	1.9773	-0.7455	0.1061	0.0567	1.4733	1.1265	-0.6970	0.7908	-0.6506	-0.8501	-0.3413	-0.3705	-0.3204	0.2313	0.6932	1.9241	0.0364	1.8482	-0.3855	-0.0521	-0.0888	0.4003	-0.1393	-0.9957	-0.2453	-0.0912	0.1421	-1.9235	-0.1942	0.9750	0.8050	-1.0886	0.0238	-0.6916	1.1879	-0.2805	1.3610	0.0211	-1.2389	-2.1356
0.3965	-2.0819	0.2570	0.6996	1.4445	0.1131	1.6916	-0.5001	-0.3784	-0.2034	0.1260	1.9634	0.6275	-1.1540	-0.8956	-0.6812	-0.0319	-0.4831	0.9594	-1.7814	-0.2557	0.0663	2.3605	-0.0936	-1.5423	-0.0950	1.0992	0.3638	0.1451	0.1738	1.0012	0.4640	1.2977	0.4636	1.3785	-1.7913	1.1416	0.2029	-0.3670	0.2756	0.3165	0.7616	-1.1833	0.0507	1.1383	-1.2968	1.0088	1.1285	-0.1930	1.1570
0.5562	-0.8564	0.1442	-0.6376	0.8330	-1.4420	1.2009	-1.5829	1.4841	-0.0837	1.9778	0.5756	1.1101	0.3126	-1.0358	-0.3557	-0.9695	0.2814	-0.1320	0.3186	1.0575	-0.2883	0.3806	-1.8197	0.5141	-1.2495	0.6040	-2.0186	1.9085	-2.6493	0.0091	0.7572	-1.1114	-2.3323	0.9986	1.2890	-1.3133	1.4742	-0.4309	-0.4256	-0.6312	-0.6621	0.6768	0.8725	-1.8803	0.6113	-1.0220	0.5391	-0.5763	-0.5159
-0.2219	-0.0696	1.1555	-0.2742	0.3304	-1.5938	0.5382	-0.0607	0.3431	-1.0368	0.8495	-0.6366	-1.5498	0.7722	-1.6947	-1.3732	-2.5256	-1.5004	1.8230	0.1385	-0.3201	-0.7430	1.9693	-1.1124	-0.6830	-0.2202	-0.9597	0.7082	-0.2938	0.3958	-1.3043	-1.5228	0.2565	0.4975	0.5050	1.7075	-2.0106	-0.5134	0.7875	0.8426	1.1324	-0.7839	-0.5893	-1.1330	-0.6678	-0.6005	-0.5783	0.1002	1.9804	-0.1230
-0.9200	-1.7792	-1.0577	-0.2460	0.4495	-0.4263	-1.4300	-0.9990	0.3213	0.7611	1.6610	0.2433	-0.8976	1.3709	-0.0036	0.4402	0.3698	-1.4525	-0.1451	-1.8180	-0.7990	1.4058	0.0974	-1.3470	0.2969	0.4064	0.0315	1.3769	0.6848	0.9864	-1.3181	0.5495	1.6724	0.2760	-1.0319	-2.3413	-0.1586	-1.8669	-0.5582	1.2693	-0.0610	-0.4868	1.0200	-0.1266	0.1520	-0.7332	-0.0220	0.1081	0.5741	-0.8727
-0.2683	0.5691	-0.2064	0.8921	-0.9711	-1.0139	0.5580	1.1712	-1.0391	0.8743	0.8128	-2.4055	1.1118	0.0036	-0.3032	0.9234	-0.4419	-0.3259	-1.7940	-0.5442	0.4682	0.9137	1.4626	1.1158	-0.2308	-0.0733	0.5646	-0.4691	1.0759	-0.4630	0.4359	2.1918	0.6548	1.2839	0.2822	-0.6310	0.4037	-0.8991	0.5821	0.2496	-0.1221	-0.1798	-0.6902	0.1064	0.1523	-0.7792	-1.5743	3.2580	0.3680	0.3679
0.5786	-2.1973	-0.3066	0.5241	-0.3187	0.0531	-0.5270	-0.5944	-0.8110	-0.8228	1.5938	1.1819	-0.5913	2.6520	-0.6248	-1.3340	1.1768	-1.4175	0.6729	-0.1412	1.1562	-1.7262	-1.0736	1.6913	-1.3669	0.1354	-0.4456	0.3592	2.5433	-0.0599	1.1351	0.3121	-1.0426	1.1455	2.0988	0.8756	2.9802	0.8097	-0.7364	0.5242	-0.0404	-0.2650	1.1582	-2.7038	-0.8649	-0.0454	0.2326	1.4742	-0.2172	-2.0192
0.9789	-0.1415	0.7862	0.5954	0.3043	-1.3504	2.4158	0.8018	-1.5912	0.4025	-2.1934	-0.5365	0.1848	0.8437	1.1984	-0.4082	-1.0673	0.7401	-1.3729	0.0753	-1.4675	-0.1193	0.0793	-0.4513	0.6305	0.5721	0.7961	-0.2085	-0.2459	-0.9382	-0.6740	-0.7561	-0.0716	-0.8167	0.4180	-0.8550	-0.0454	-1.4207	-0.5467	-1.0250	-0.1767	1.8753	-0.9805	0.2689	-0.1896	0.0560	0.2466	-0.0015	-0.5845	-1.3379
1.5139	-0.6686	-0.8116	1.2557	-1.0895	0.3677	-0.2750	0.7753	1.4438	0.3116	-1.3796	0.0725	0.6999	0.2909	0.8125	0.2754	-0.8506	-1.6379	-1.5285	0.9040	0.2711	0.4285	0.6737	-1.5071	-0.7274	2.8282	-1.3869	-0.4247	0.5387	0.0759	1.5038	0.4448	0.6101	-2.2226	-1.5035	-1.7478	0.2998	-0.0175	1.2394	0.0722	0.5299	0.8595	-0.6975	0.3421	1.7164	-0.7237	0.3474	-0.6709	0.4497	0.0202
-0.3260	-1.6661	0.7606	-2.0263	-0.4585	-0.4359	0.4569	1.1872	-0.8524	1.1444	-0.2125	0.3709	0.9579	-1.1110	0.7770	0.4157	-1.4232	-0.9645	-0.5611	-0.6223	0.5996	-1.1314	-0.2878	-0.3699	0.7257	1.0490	-0.9776	-1.0379	1.3912	-0.0166	-0.3150	1.4264	0.1582	0.7152	0.3112	1.1412	1.1334	-1.4689	-0.2787	0.0026	-1.9394	-1.3641	0.0249	-1.7222	2.4020	-1.2306	0.3214	-0.0081	-0.0191	1.2125
0.3204	2.4267	-1.6143	-0.4597	-0.2154	0.4082	1.9808	0.1996	-1.1126	-0.0665	-1.4589	1.9956	0.6873	2.3069	-0.6328	0.3537	1.8661	0.0912	0.1046	-0.9497	-0.4188	0.0600	0.5766	1.7851	-1.1982	-1.6003	-0.5973	-0.2928	1.1530	-1.0367	-0.4465	-0.9412	1.0690	-1.0710	0.7489	-1.1061	-0.2522	-0.8052	-0.2805	-0.2433	1.1038	-0.1406	-2.7602	-1.2427	-0.7311	-1.2455	-0.6267	0.3429	0.8181	-0.9777
-0.1989	0.1183	0.8658	1.9004	-0.5760	1.7219	-1.0692	-0.7192	0.6807	0.3353	0.0517	2.0619	0.0728	0.8494	-2.1728	-0.9476	-0.1787	0.7279	0.5366	-1.1103	0.5271	1.0150	1.6094	1.9271	0.1903	3.4556	0.6125	0.1951	-0.3846	1.0043	0.0602	0.3304	0.2322	-0.8558	1.2607	-0.3404	0.0217	0.4810	-1.2767	-2.0494	-0.5991	1.0496	0.0605	0.2191	-1.4599	0.2326	-1.0013	0.9425	-1.9666	0.0816
2.4432	-1.1912	1.0993	-1.7549	-1.0603	-0.4821	-1.1594	-0.0274	0.8895	0.7255	-0.0691	2.5197	0.3465	-0.1625	-0.8443	1.8988	1.4349	1.3640	1.0656	1.9170	0.7041	-0.2061	-0.0869	-2.3968	0.5872	0.8652	-1.6152	1.2680	0.9592	0.7776	0.3081	-0.7599	-1.3323	-0.6083	0.5327	0.5196	0.1385	-0.6834	0.2223	-0.4927	0.8810	0.1929	-0.3177	-0.5137	-0.6491	-0.4081	-0.1664	0.0008	-0.2627	0.3567
0.2402	0.9479	0.4346	0.3493	-0.8975	-1.2267	-0.2784	-0.1855	-1.1276	-1.2878	-0.1637	-0.7958	-0.8547	0.3344	0.4608	0.2929	-0.8247	0.6140	-0.2528	1.5327	0.2351	-1.6738	0.3711	-0.4324	0.0426	0.3758	0.6624	0.3195	-0.0063	0.4743	-0.3522	0.0485	0.1289	0.9994	1.2967	0.9359	1.0937	0.3378	-1.1695	-0.3539	1.2218	0.3720	0.6309	0.0286	0.0806	0.3685	-0.0403	1.5566	0.2972	-0.2853
1.3478	0.1896	-0.4764	0.5967	0.9229	0.9762	-1.7576	-0.4344	-0.8371	0.4586	1.1597	0.0680	-0.2535	0.2545	-1.3606	0.0877	1.1187	0.0016	-0.6234	0.2999	-0.3500	-0.7058	0.5415	1.3311	0.3063	0.6984	0.3750	0.9360	0.3322	1.3995	-0.5380	-0.7276	-0.0972	0.2286	1.5814	-1.9955	1.2317	0.3299	0.8019	0.5259	-0.7941	-0.0745	0.1522	-0.3968	0.8953	0.0837	0.7375	-1.8835	-1.1339	-0.6963
-0.0280	1.2671	-1.3121	-1.1400	-0.6855	0.0732	-0.8683	1.3462	0.6475	0.1779	-1.1864	0.9692	-1.2218	-0.1273	0.2924	1.2635	0.9843	0.0080	-0.8486	0.6965	0.6460	-0.4307	-0.9881	0.4363	-0.4674	0.0076	1.0728	0.2913	-0.9355	0.3242	-0.4003	-0.4102	0.9262	0.4073	-0.6094	-0.6276	0.0220	1.0302	1.5098	0.5454	0.2764	0.8122	-1.6332	1.4952	1.6031	-0.7195	-0.8613	-0.8345	-0.6668	0.8691
0.8490	0.8527	0.1519	-0.3868	-0.3883	0.5791	-0.5547	-0.7661	0.3872	0.3978	0.1909	-1.6691	-0.5101	1.4600	0.3325	0.1953	1.9398	0.6999	0.2847	0.2645	-0.5564	-0.1689	-0.0372	1.1266	-0.2051	-0.4445	-0.7601	-2.0692	-0.8797	-0.3406	-0.3198	0.9275	-0.1228	-0.7425	-0.5481	0.5163	0.3470	0.5781	-1.5803	0.9154	1.2834	0.6153	-0.2151	-1.2378	0.6384	-1.7848	2.6943	-2.1208	1.1551	-1.4043
2.9044	-1.3855	0.0889	0.8969	0.3471	0.6249	-0.6556	-0.5763	-0.9447	-0.1434	0.3448	1.0426	0.7122	0.5876	0.7441	0.3148	-0.2852	-1.5283	-0.8879	1.1795	-1.7536	0.8940	-0.7499	-1.6935	0.4519	-0.0198	-1.4393	0.1219	-1.4497	0.1229	1.5752	-0.3297	-1.3028	1.1054	0.3133	-0.9348	0.9441	-0.8679	0.0087	0.3200	-1.7117	-0.2983	1.3385	-0.3350	-1.0548	0.0797	-1.2033	0.7859	-0.1806	0.7331
-0.5690	-0.3616	-0.9905	1.3323	-0.5940	0.5089	0.7013	-1.2247	0.9827	-0.4167	-0.4458	-2.0480	-0.8390	1.1010	0.7125	0.7106	-0.6392	-0.3224	1.2498	0.3668	-0.1348	-1.0826	-0.0658	-0.5848	0.4528	0.3333	-0.0955	-0.2182	-0.7415	0.7707	-0.5783	-0.8012	-0.9241	0.3917	-0.7084	0.5950	-0.1089	0.5048	0.1459	-1.0470	-0.7769	0.4171	1.2045	-0.3318	1.1490	-0.2471	-1.1908	-1.4988	-1.6400	0.5917
1.5702	-3.3698	0.2775	0.3438	1.5219	-0.6993	2.7245	0.0651	0.0829	1.1290	-0.2107	-1.4771	-1.6008	-0.0881	0.9727	0.9420	-0.4386	-0.0476	0.6132	1.2751	-0.6607	-0.4047	-0.7335	-0.3157	0.3126	1.1028	-2.1398	0.4297	0.8483	-1.2613	-1.0223	0.2516	0.5558	-0.4974	-1.2215	0.4954	-1.6597	0.5168	-1.1144	1.6142	0.2090	-0.8841	0.4812	-1.7163	1.0840	0.6182	0.6363	-0.7899	-0.7752	1.0877
-1.6929	0.0081	0.4112	0.4027	-0.5309	-1.6733	-1.0555	-0.4238	0.3384	-0.2338	-1.5032	1.1982	0.1052	-0.0008	0.8353	-1.0618	0.1331	0.6471	0.0309	0.1862	0.6552	0.3386	-0.5263	-1.0483	-0.1883	-0.2969	-0.0785	-0.0007	-0.2530	0.9149	-0.1181	0.9862	0.6509	-0.2788	-0.7293	-1.1157	1.4587	-1.7229	0.8896	-0.2076	1.2813	0.6152	-0.0701	-0.1235	0.0654	-1.4027	1.3791	1.1623	-1.9111	1.5044
-0.3350	0.7789	-0.0181	-1.0437	0.2682	0.6777	0.5009	0.8517	-0.2754	0.3045	-1.2384	-1.1878	-0.8036	-0.5358	0.5274	0.3507	1.3712	-0.1628	-0.7254	0.7546	-0.6339	1.6894	0.8250	-0.8368	0.8979	-0.9003	1.9736	1.1420	0.6291	0.2092	-0.2094	-1.6629	0.7687	0.4915	0.4554	-2.3493	-1.5722	0.6630	0.8411	-1.5108	0.9764	1.5296	-0.3352	-1.4190	2.0136	-1.0126	0.4026	1.8632	0.4031	-1.7588
0.6007	0.3650	-0.3593	-0.9726	-0.5820	-0.4983	-0.0450	0.4177	0.2094	-0.2861	0.7204	0.6849	0.2279	-0.9323	1.4761	-0.3404	-1.4359	0.9595	0.5565	-0.4745	0.4979	0.0314	-0.3697	0.7174	-0.3886	0.7383	0.3855	1.5197	0.5142	-1.1365	-1.2597	-1.7787	0.5004	-0.1512	-0.2330	0.7238	-0.5322	1.3148	-0.7292	-1.0918	-1.9397	1.1977	0.3192	1.2436	0.2565	0.4754	0.7189	-0.4649	1.3278	-0.8197
0.6706	1.7170	0.5350	-1.3660	0.1884	0.6312	-0.1961	0.2870	-1.2745	-0.6163	0.8212	-0.5779	-1.0295	-0.0022	-1.1041	-0.2401	0.4273	-0.2556	-1.1562	0.7785	1.7066	0.2127	-1.6963	-0.7131	0.6874	-0.1863	0.3497	-0.6086	0.8908	0.0349	-0.3648	2.2485	0.6071	0.4073	0.1711	-1.8243	-0.1187	-2.2442	1.8399	0.5286	0.6968	0.0330	1.2585	-0.0273	3.8249	0.5107	1.7172	0.6732	-1.7048	-0.5552
0.6378	-1.2641	-0.8323	-0.1619	-0.3582	0.4856	-0.8778	0.0791	-0.2669	-0.2104	0.4572	0.1154	-0.5370	0.5654	-1.8155	-0.3544	-0.1092	-0.3803	2.0513	-0.2367	-1.0960	-2.4991	-0.7658	1.5557	-1.8902	-0.7080	1.0224	1.1283	0.7362	0.7011	-1.1359	1.0149	-0.4343	1.1072	-0.1399	-0.9819	-1.1046	0.8236	-0.5629	1.1916	1.3532	0.9761	0.4979	-0.8005	1.2890	0.9495	1.7200	0.6859	1.5069	0.7600
1.1222	-0.3130	1.0488	-1.5987	0.4899	-0.5409	-1.0982	-1.3117	-0.0149	-1.6360	-1.6216	0.2963	0.6520	1.0832	-0.0440	0.8048	-0.3201	-0.4582	-0.3218	-0.4401	0.7010	-0.4174	-1.1952	-0.4674	-0.8929	-2.0559	1.2646	-0.6833	-0.2121	0.3049	-0.5774	0.6930	0.3113	-2.5300	-0.4482	1.2313	-1.0382	0.1670	0.8938	1.4236	-0.0435	-0.1478	-0.2519	-1.4084	0.8994	1.7204	1.0477	-0.8485	-0.5522	-0.7211
1.5269	2.7248	-0.3335	-0.5760	-1.3359	-0.7033	-0.4652	-0.1344	-0.0306	-0.8028	-2.0357	0.9407	0.6439	0.1415	1.2651	-0.6897	-3.9490	-0.0137	1.1186	0.4480	0.4768	-0.3186	0.7902	1.5639	0.4607	0.8145	-0.0145	2.0503	0.1986	-1.0223	0.1715	-1.0475	1.3451	0.7517	-1.0630	0.7218	0.0691	-0.6331	-1.2672	0.2837	-0.1874	0.3698	0.5825	0.1333	-1.4649	-2.0818	0.7121	1.0321	-0.2118	1.2538
-0.3270	2.3066	0.7826	-0.2266	2.0104	0.1596	1.0525	-0.3299	0.7565	-1.4662	-2.3929	-0.6750	-0.4337	1.0242	0.3501	1.6491	-2.9396	0.1339	-0.1757	-0.9454	-0.2788	0.6338	-0.7668	1.3320	0.1376	-0.1319	-1.4291	-0.2506	-0.2683	-1.2677	0.4580	-0.1948	0.9626	-0.4987	-0.3412	-0.7947	-0.5374	-1.5664	-1.4279	0.0638	0.1407	0.0706	-0.3505	-1.5350	2.0172	1.6084	0.8243	-0.9393	0.5604	-0.2795
-1.7015	0.3935	0.4267	-0.1829	-0.3559	1.0093	0.3456	-0.0527	-0.1820	1.3988	0.9938	-0.1965	-0.7906	-0.9376	0.9539	0.0332	-1.7424	-0.9761	-1.3922	-0.0300	-2.2041	0.0904	-0.0735	-1.2918	1.4333	-1.1465	1.0468	0.4177	0.2463	0.1106	-1.1120	-0.1798	1.5971	-0.8547	-0.6699	-0.6885	1.0243	-0.5289	-1.0618	-0.3822	0.7243	-1.9169	0.5591	-0.0803	0.3707	1.5951	0.7058	2.8757	-1.9447	-0.6546
1.1258	-0.3661	0.3012	-0.0058	-0.1918	0.7724	1.8588	1.2115	0.1449	-0.2832	-0.4061	-1.8635	0.4743	-0.0173	-0.3374	0.4266	0.6496	1.1117	-0.8319	0.3325	0.0596	1.2163	-0.1766	-0.2180	-0.8020	0.2213	0.5271	-0.8329	-0.2921	-0.2719	-1.0127	-0.3576	0.4958	-0.5458	0.3286	0.9397	1.1028	-0.1348	-1.6392	1.2325	0.3141	0.0227	0.6408	0.4391	0.8694	-0.5123	-1.2389	-0.4766	1.0478	-0.4575
1.3124	0.2493	-0.6776	0.1024	-0.2217	-1.2428	-0.4556	0.3818	0.1231	-0.4183	0.4963	0.6309	-1.4824	-0.6404	1.2626	-1.1059	0.9908	0.3160	0.0458	0.6049	-0.1693	-0.2518	0.7514	-1.8882	-0.8139	-0.1417	-1.8820	0.1444	0.6957	-0.4513	0.9231	-0.0676	-0.8181	1.2652	-0.8479	1.3915	-1.2608	-0.9910	0.0205	1.0579	-0.1577	1.3144	-1.1872	-0.3046	-2.6959	-1.5738	0.5990	-1.4019	-0.0146	0.9306
-1.5910	-0.2755	0.2391	0.0054	-1.7975	-1.4904	0.2739	-0.7096	-0.2055	-0.4194	0.2306	-0.4692	-0.2391	-1.4227	-0.7146	-1.0656	1.3863	0.9010	-0.0397	1.1365	0.4739	-0.7794	-1.7781	1.3249	1.0505	0.8475	-1.0643	-0.3114	0.3074	0.8602	-0.8930	-2.8965	-0.1471	-0.6891	-1.6014	1.4863	-2.1831	-0.7934	0.3282	1.0430	0.2061	0.5335	-0.2048	0.3618	-0.9455	0.2488	1.7275	1.0913	-0.2888	0.3260
-0.0916	0.9888	-1.1235	-0.1326	0.0007	-0.3010	-0.1915	0.7601	-0.5781	-1.0622	-0.6050	1.5387	-1.0971	-0.9263	0.6168	1.0504	0.7386	1.0892	-0.5625	1.4811	0.1210	-0.0737	0.3849	-0.2319	1.4142	-0.2276	0.0723	-0.4847	1.4110	0.2045	1.1387	-0.8147	0.7279	-0.5836	1.4348	0.2612	0.7994	-0.7379	0.0582	-0.4341	0.1435	1.3628	0.6022	1.0371	-0.4605	0.4121	0.9749	1.6060	0.8459	0.0037
-0.0096	-1.0152	-1.1191	-0.6020	0.6240	-0.1535	-0.8915	-0.5662	1.1457	-1.9635	0.8594	-0.3907	-1.4612	0.9351	-1.8256	-0.0988	-0.7143	0.9768	1.1385	0.3712	1.2514	-1.9992	-1.3882	0.7395	-0.0550	1.3096	-0.4126	-1.5602	-1.4883	1.5153	-0.7135	-1.5141	1.0381	0.5514	0.3864	0.1764	0.6828	0.5549	-1.6144	-0.6452	-0.3054	-0.7808	0.0032	0.1657	0.1998	-0.8572	-0.0124	0.6092	0.2499	0.7945
-2.4216	-1.5584	-0.0290	1.4322	-0.3327	-0.8199	-0.3370	-0.8369	0.3864	-2.7939	-1.1760	-0.8595	0.0036	-0.4766	0.0588	1.6332	0.3503	0.2185	-0.0589	-1.8257	-0.6730	0.4513	-0.9083	3.0163	0.0422	-0.5010	0.9365	-0.6828	-0.2174	0.4066	-1.5660	0.4183	-0.6659	1.0496	0.0918	-0.8790	0.0912	-0.4947	1.1123	-0.3475	0.8013	-1.4251	0.2969	-1.0332	0.1580	0.9764	1.4170	-0.3946	0.5845	0.1110
-1.3098	0.3198	-0.2848	0.4596	-0.2358	1.6380	1.5701	-2.1790	0.3292	-0.9280	-0.0896	0.9544	-0.3110	1.2989	-1.1779	1.0886	-1.5793	-1.9307	0.5682	0.6788	-0.2602	1.0387	-0.4064	-0.8341	0.5413	0.3132	0.4248	2.2520	0.2456	-0.9821	0.1473	0.1531	1.7788	1.1493	1.5986	0.0427	-0.8124	-0.9538	-0.4312	-0.1191	-0.7897	-0.8193	1.6094	0.0595	-1.8275	-0.2581	-0.3548	-0.6722	-1.2605	-1.3989
0.0645	-1.3111	-0.6148	1.8687	1.5353	-0.6937	-1.1606	0.2558	0.8638	0.5329	-0.2406	0.3036	-0.1345	0.8686	1.8075	1.3295	0.6697	0.5462	-1.8034	-1.4087	-0.6177	-0.8776	-1.8242	1.2648	-1.6184	2.5204	-0.0399	-0.1361	-1.2077	-0.4671	-0.3942	-1.1218	-0.4319	0.8181	-1.6149	-0.5827	-0.1833	0.1087	1.5187	0.7737	-3.0554	-0.4603	0.8226	-0.2796	0.4717	2.5495	0.8010	-0.9264	0.5772	1.2082
0.6897	0.5890	-0.7779	-1.3587	0.1752	0.9414	0.5526	-2.1730	-0.1274	0.4308	0.6687	1.4072	-1.3070	-0.1942	-0.6663	1.7186	0.2539	1.5713	-0.4208	1.4104	0.4706	-1.7663	0.8723	-2.9893	0.4400	-0.4383	1.4469	-0.4439	-1.3906	0.8838	-0.3197	-0.5214	-0.7995	-0.8067	-0.3708	0.3181	-0.3382	0.2095	-1.2445	0.0867	-0.3678	0.8196	-0.7704	0.1995	-0.1803	-0.0357	0.5738	-0.0678	2.6651	1.0094
0.4014	0.5990	0.2511	-1.0923	0.7525	1.9044	-0.2386	0.9711	1.0306	-0.1878	-0.8078	0.2733	0.3548	-0.5937	-2.0166	0.5280	-0.6484	0.3015	0.4468	-0.9373	0.4248	0.5021	0.9885	1.0871	-1.0809	-1.9913	-1.0561	-0.6570	0.1916	-0.5851	1.5294	0.9483	-0.1941	2.1701	-0.0322	-0.4050	1.0544	1.5343	-0.3034	1.6341	-0.6613	0.1893	1.0609	-1.5755	-1.3174	0.9368	-0.6213	0.5363	-0.0867	-0.4061
0.0175	-1.0554	0.6790	-0.3972	-0.5715	-0.2321	-0.5159	-0.4596	-0.1089	0.2677	0.7609	-1.6832	-0.7734	-0.2445	1.3298	-0.8262	-0.5490	-1.2874	0.0532	-1.5719	2.1082	0.2567	-0.3053	-0.5452	1.3142	-2.8032	-0.8824	-0.8791	-0.7389	-0.5064	1.5687	1.6272	0.2716	-0.0433	2.3280	0.1075	0.0339	0.1806	1.1082	0.5685	1.1067	1.3901	0.4849	-0.4662	0.8698	-2.0961	0.1828	0.5047	-2.3494	1.2011
-0.3412	-1.8057	-0.5039	-0.1903	-2.3253	0.4055	0.9688	-0.1168	-0.3423	-0.6059	-0.4915	0.5067	-2.1135	0.8430	0.5813	-0.4816	0.1805	-1.0862	0.3579	-0.4239	0.0307	-0.6391	0.4832	-0.9261	-1.7869	0.5694	0.4450	-1.0071	0.7838	0.8584	-1.5583	1.1379	-2.1865	-0.9158	-0.1928	-0.9021	-0.4220	0.5930	0.1885	-0.6923	-0.2017	-0.9910	2.1375	0.3504	0.8970	0.3181	-0.7588	-0.7874	0.4458	0.3608
3.1155	-0.0459	-0.3467	1.0216	-0.1417	0.9336	0.8687	-0.1140	-0.8500	0.5291	0.5823	-0.0380	-0.0036	2.0361	1.1493	-0.3619	-1.6929	-0.9734	1.1281	0.9399	-0.4631	1.3419	-0.3052	2.0432	-1.6055	0.4000	-0.3432	0.3666	1.2327	-1.5305	1.3878	-1.1877	-2.3016	0.4761	0.7485	-1.1190	-0.2288	-1.3041	-0.9259	0.7200	-0.6248	-0.3330	-0.4190	0.7566	-0.7533	0.0434	-0.4920	0.4440	0.4933	-1.0137
-0.8084	-0.8917	1.1842	0.3013	-0.4250	0.2796	-0.0610	1.6749	1.0939	-1.9890	-0.8061	0.6128	1.6060	0.7944	-1.3976	-1.2431	0.1952	-0.2466	1.3005	-0.4114	-0.0815	0.3406	1.2189	-0.3943	-0.5679	-0.6780	-0.9217	0.3321	0.5960	1.4107	1.3790	0.7325	0.2750	-0.9905	0.5466	-0.9203	-0.7493	-1.0511	0.0088	-1.1297	-0.6411	-0.0713	0.4565	0.3659	0.0520	0.3195	-0.9545	0.7612	-0.2003	0.7290
1.0354	-0.3948	-0.0972	-1.5500	0.1609	-1.0965	0.4517	1.3332	-2.5262	0.6396	-2.0230	0.6775	0.2260	-0.7388	0.9859	1.2825	0.3809	-0.1246	0.6106	0.1561	-0.7145	0.3445	1.4303	0.4165	-0.1090	0.7365	-0.9074	0.9514	0.5344	1.0675	-0.3410	0.1147	-1.8296	1.9707	-1.0047	0.2353	-0.2385	0.3301	1.3620	-0.0989	-0.5664	-0.9132	-0.2392	-0.1923	0.7293	1.2193	1.6792	1.1876	-0.4713	-0.6035
-0.2983	-1.6976	0.3640	-0.2342	-0.9737	0.9238	-1.3217	-0.9429	1.2603	0.8521	-0.8513	0.9895	0.0730	1.0086	-2.5011	0.1200	1.1597	0.3579	-0.8737	0.0284	0.1590	1.3621	0.3759	-0.0458	-0.3149	1.2992	0.8828	-0.9515	-2.0526	1.7742	1.0975	-0.3749	2.1172	1.2472	-0.7122	-0.7341	0.4441	0.8105	1.1258	-0.7712	0.8950	1.0703	-0.6704	1.1920	-1.4101	0.3597	1.5044	-0.8176	-0.5762	-1.1563
0.3069	0.2584	-1.1153	-0.7103	0.2320	1.0287	-0.9926	0.7970	-0.7228	0.9177	0.2098	0.1010	0.8597	0.8698	-1.6057	-0.6237	-0.1185	-1.3807	0.6841	0.7143	-1.5429	0.2749	0.0389	0.0229	-1.1034	-0.0633	-1.7926	0.2266	1.3766	-0.0924	-0.0744	-0.9353	1.3421	-0.9693	0.3843	0.2127	0.2265	1.2031	0.9062	-0.0633	-0.0758	0.1040	1.1050	0.7014	0.5888	0.9768	0.6420	-0.8058	-0.3326	-1.1363
1.2048	-2.2795	0.7175	1.4581	0.3635	-0.0383	-0.7057	-0.3046	-1.4483	-1.2382	0.7921	1.5777	0.4201	-2.5406	0.1068	1.6253	1.9915	-0.5621	1.1137	-0.1490	-1.0930	1.0010	0.8532	0.5950	0.4349	-0.2079	-0.8108	1.4838	0.1163	0.0409	1.6887	1.2894	-0.7301	-0.7890	-0.3422	0.2229	-1.8298	1.5138	-1.1812	-0.5064	-0.4439	-0.1431	-1.0840	0.5307	-1.2896	-1.3294	-0.1571	-0.5744	1.4483	2.3146
0.0552	0.4835	-1.8277	-1.8310	-1.5066	1.0405	0.9459	-0.7214	-1.2841	-1.0158	-0.4150	0.7455	0.5758	-0.7051	0.1225	-1.2944	-0.2069	0.5258	0.0405	-0.4640	0.2285	-0.0338	-0.1358	-0.4913	-0.4685	-0.3223	-0.3727	1.3610	-0.5436	2.6141	-0.0087	-0.3977	-0.5851	-0.6668	0.9158	-0.5464	0.0624	-0.5738	0.5355	-0.2021	0.0493	-0.9232	0.0994	1.0010	0.1505	0.5947	-0.4518	-1.6818	0.1336	0.5642
-0.6522	-0.6309	0.0941	1.4682	0.3195	0.3986	-0.6079	1.6510	-0.4967	0.7123	-0.5380	-2.0055	0.2557	0.9446	-1.6978	1.3948	0.6176	1.0006	-0.2049	-0.8099	-0.4421	-0.7767	-1.0290	2.2526	-1.7755	1.8167	1.4978	0.5701	0.5728	-1.7642	-0.6545	0.7082	-1.8860	-0.3552	-0.3879	-1.6211	0.8557	-0.5825	-0.1323	0.3162	0.0480	-0.1724	-0.6376	-0.3737	-0.2071	1.5027	0.0458	0.5038	0.6190	-0.3531
0.2158	-0.0801	-1.9389	-0.5115	-1.0379	0.6702	-1.1540	-1.5189	-0.8341	-0.5614	0.0448	2.9263	1.4840	2.1368	0.2769	-0.5091	0.7913	0.5349	-0.3126	1.0267	1.3639	1.2577	0.1437	-0.1538	0.9868	-1.3610	-1.2820	0.5705	-1.6816	0.1414	0.0051	-0.1046	-0.2578	0.0639	-1.4869	0.0865	-0.3908	-1.0995	-0.0846	0.9575	0.2138	0.7011	-1.4227	2.8031	-1.0746	-0.0054	-1.1595	1.2958	-0.5719	-1.5145
-1.0495	0.2762	-1.7273	0.7776	-0.2875	0.2013	-0.7773	-0.0974	0.8806	0.4957	-0.0505	-0.1774	0.9538	-1.3089	-0.1828	1.0374	0.2054	0.8771	0.5202	-0.2817	-0.5513	-0.4831	-1.4427	-0.8161	-0.2940	-0.8309	-0.5896	-0.1684	-0.4844	-1.0826	0.4595	-0.3923	-0.6543	1.4990	-1.5546	-1.4659	-0.5597	-0.1575	-0.8467	-1.1779	-1.3501	-0.9245	-0.8546	0.3015	-1.7035	-0.6965	0.2407	-0.6020	0.3686	-0.0523
0.3198	1.1972	1.4968	0.3118	0.8396	0.1909	0.0172	-1.3002	0.1923	0.4533	1.0787	0.9293	-0.3671	-1.6338	-1.8263	1.0787	-0.6637	-0.1149	-0.9685	-0.1687	-0.8887	0.5132	1.2964	-0.2763	-1.9591	-3.1221	-0.2811	-1.3248	0.8565	-0.7661	-0.6346	1.1622	0.3829	-0.0005	-0.1092	-0.1599	1.6396	0.4724	0.5398	0.3674	-1.4953	0.2634	0.4012	0.1342	-0.2911	1.1955	-0.1537	0.1335	-1.1028	-0.5639
-0.7569	1.1539	-0.2096	-0.6837	-1.0030	0.2662	0.7646	0.0842	-1.8923	1.0936	0.1875	-0.6172	0.4151	-0.4571	-0.2934	-0.5518	-0.0515	-1.0837	-0.2587	-0.1251	0.9235	-1.7628	0.8008	-0.6434	-0.6361	-0.4318	1.3145	0.8165	1.8392	0.8295	-1.6662	-0.9581	-0.4986	0.3808	-1.2678	1.3811	-1.9349	-0.0126	-1.2624	0.2533	-0.2170	-1.1037	-0.4424	1.0494	1.0106	-0.9660	-0.1600	0.1464	0.0010	-0.3678
0.4310	0.1247	-2.2167	1.2239	-0.3567	-1.5511	0.0138	-1.0735	-1.3794	-1.7277	2.3975	-0.0848	0.3876	-1.2918	0.6182	0.8534	-0.6997	-1.8402	-0.7522	3.1545	0.0221	1.4209	0.1543	0.4207	-0.6405	1.4531	2.6491	-0.4878	0.3769	-1.4247	-0.1626	-0.6583	-0.9741	0.7679	1.1183	0.5192	0.1582	-0.6971	0.2949	0.2659	2.8126	-0.3164	-0.5200	-1.7344	-0.8970	-0.6491	0.4512	-1.7725	0.4211	-1.4841
-0.1895	0.8957	-0.1991	0.7612	-1.2425	-0.2518	-1.8744	-0.0180	1.1900	1.2910	2.0068	0.1269	0.8657	0.0116	-1.3390	-0.6084	0.6061	1.8581	-1.1526	0.6249	0.1087	0.0290	0.4342	0.2030	0.1125	0.0714	0.7577	0.3772	-0.2032	0.1437	-1.7269	0.2006	-2.1547	-1.0786	-1.5448	0.3888	-0.0679	1.2138	-0.4691	-1.8995	-0.1083	0.3790	0.8576	0.6370	-0.7234	-0.8248	-0.5471	-0.0657	-1.5583	-0.8081
-1.3600	-0.7387	-1.3184	-0.5595	-1.0087	-0.0694	-0.6301	1.2653	-1.4269	-0.0321	-0.0034	1.1729	0.8933	0.4067	-0.9287	0.1803	-1.4402	1.6725	0.1596	1.4312	0.2387	-0.7806	0.1035	0.1096	-0.7103	0.6153	1.4272	1.1077	0.5868	1.9293	-0.1706	-2.2616	1.1547	-2.6312	-0.1408	1.1882	0.7753	0.9911	0.3072	-1.3726	1.0389	1.4803	-0.0424	1.7474	0.3032	-0.4912	1.5716	1.0977	0.5096	-1.3924
-1.0071	0.2601	0.3275	1.5429	-1.7981	-0.7191	-1.0928	-1.4012	-1.3381	0.0717	1.0771	-0.9033	1.5335	0.8770	-0.7436	1.3479	-0.6824	-0.2092	0.8258	1.2667	1.1149	-0.8338	-0.3185	-0.8960	-0.8130	-0.1085	-0.7834	0.0878	-0.5380	0.8336	0.5694	-0.3333	-1.4242	-1.5840	-1.4551	-0.2619	0.9818	-0.9248	-2.2003	0.6263	0.9701	-1.2376	-1.3222	0.6324	0.4645	-1.3035	-1.1729	0.0474	-0.1845	-1.0088
-0.1826	0.2079	0.5460	1.1217	0.3629	0.8437	-1.1162	1.2105	0.9993	0.3848	0.9099	0.2812	-2.3191	-1.7304	0.0484	1.5119	1.6343	-0.3699	0.7988	-0.5681	-0.6621	-2.7966	-0.2533	-0.9396	0.2076	0.3018	0.7530	0.7409	0.3270	-0.6686	-0.4573	-0.0414	-1.1223	-0.3023	0.4428	0.1587	-0.2850	-1.1668	0.2468	0.8867	0.5154	1.1689	0.7791	0.7308	0.8354	0.3746	-0.0290	-1.4277	0.5143	-0.2489
0.6742	-0.6419	-0.5692	-1.3795	-0.4745	2.4775	-0.1133	0.3662	1.5640	1.2278	-0.8285	1.3300	0.6560	1.5176	-0.9347	-1.9688	1.2406	1.0713	0.7870	0.8161	-0.2299	-0.7773	-0.1339	-1.4907	0.0194	-0.1722	-0.6440	0.1195	-0.0338	1.1198	-0.3860	0.7729	0.3858	0.1287	-0.2434	0.3740	-1.4149	-0.0121	0.3350	-1.6709	-2.0786	-1.3233	-0.8977	-0.4773	0.6873	-1.2954	0.5087	0.3689	-0.6603	1.2365
1.4756	0.5692	-2.7970	0.5462	1.3324	0.1004	0.2211	0.4347	0.2350	0.8308	0.1738	1.5028	-0.6163	0.8713	0.1009	0.1143	0.7779	0.7922	-0.7898	-1.0621	-0.5564	-1.8489	0.5873	0.7460	1.6891	0.4167	1.5993	0.1258	-0.2858	-0.0857	0.2231	0.6347	-0.2230	-1.6211	0.4707	-1.8607	-0.0054	1.8348	1.7233	0.9967	0.3594	0.2420	0.0963	-0.3358	-1.3311	-0.1895	-0.5301	-0.5224	-1.0525	0.1026
0.9042	0.9822	0.7923	-0.5009	0.7953	-0.2766	0.0885	0.5701	0.6636	0.9996	0.2537	0.3120	-0.6564	-0.6754	0.2496	1.1021	1.3290	0.6153	-0.6503	-0.5449	-0.1218	0.9161	0.6797	-1.0035	0.6683	0.2571	0.4070	-0.5853	0.1833	0.9571	0.2656	1.4816	0.1671	-0.3170	-0.8002	-1.6740	-0.8630	-0.3490	0.8437	-1.2414	1.4003	0.3008	-0.0440	-0.9242	0.7751	0.1944	0.1249	0.3830	1.2166	-0.0393
0.5095	1.4041	-0.9294	0.0530	0.8669	-0.0447	0.9624	-0.3332	-0.7419	-0.9797	-1.7156	1.6442	-1.1446	-0.1083	-1.6273	1.8637	-0.9915	1.6323	-0.9176	0.2280	2.0744	1.1738	0.3671	0.9545	0.3529	-1.3140	-0.3465	-0.1812	0.0801	-0.7188	0.4523	-0.6787	-1.4064	-0.1320	0.4892	1.3114	-0.5526	0.7045	0.3898	-0.1411	-0.0881	-1.0727	0.7222	-1.3534	-1.2327	0.0091	-1.4714	-1.0420	0.0961	0.2735
-0.5051	-0.5663	1.6784	0.9627	-0.9433	1.0866	-0.6097	1.4326	-0.5739	-0.4070	0.5851	0.7995	0.3398	-0.8894	-1.1879	0.8239	0.4455	1.3173	0.3026	0.1695	-2.4914	-0.2721	-0.1847	-0.1055	1.0426	0.2920	0.1230	-0.0348	-0.2876	0.0037	-0.5470	-0.2446	1.0761	0.1386	0.0905	1.7546	0.0871	-0.5794	1.0171	-0.2245	-0.0542	-1.3301	1.5589	0.8968	-0.5918	-0.1225	0.1360	-0.2843	0.5021	0.2412
-0.2709	0.1183	1.5896	-0.5633	-0.2312	-1.4532	-0.2246	0.1557	1.1329	0.3997	0.7821	-0.9633	1.7215	-0.6563	1.2666	0.8290	0.7557	0.8831	-0.6174	0.0831	1.3156	-0.6926	-1.4539	-0.7480	-0.4203	-1.2590	-0.9650	-1.0158	0.5595	0.0594	-0.2544	0.4302	-0.9954	0.7167	-1.2029	-1.3584	0.3429	1.1413	1.4603	1.0176	0.5958	0.9816	0.9061	1.4057	-1.5856	-0.8920	1.9966	-0.4517	0.8767	0.3065
-1.6675	-0.3834	1.2297	-1.6156	-1.6623	0.8043	-0.3135	0.0531	-0.6443	1.1525	0.1786	-0.8628	0.8025	-0.7605	-0.5804	-0.2428	1.7014	2.0215	-0.7423	0.9948	0.1445	-1.6579	-0.7038	-1.2780	-1.7474	-0.4514	2.1111	-1.5346	-1.4016	-0.9254	1.8589	1.8105	-1.3529	1.1236	0.1680	-0.0822	-1.8999	-1.4440	0.8519	-0.1859	-0.5383	1.9728	-0.3484	-0.4334	0.5087	-0.3639	-0.6952	1.3741	-0.9400	-2.3793
-0.9787	0.6187	-1.0534	1.3889	0.4404	-0.3908	-0.0952	0.2113	-0.7191	-0.4824	0.3253	0.7673	0.2875	0.1419	-0.6329	-1.5509	2.0160	2.1126	-1.4172	-1.0179	-0.5795	-0.4846	1.6122	0.2274	0.1749	0.9317	2.0760	0.4836	1.2568	-0.3295	1.6567	0.4988	0.5072	0.0473	1.1539	0.1010	-0.7268	-0.3245	1.1505	2.4932	1.2913	1.7202	-0.0949	-0.3119	0.3223	-1.0256	0.6754	0.4557	0.3327	-0.0393
-0.4929	-0.5496	0.7411	0.4319	0.5151	0.2930	0.4246	0.1449	-0.1901	-2.0638	0.9904	-0.6472	1.4308	-1.6670	-1.3609	1.0591	0.6822	-0.5430	-1.4105	0.7554	-0.2580	0.1394	-0.4264	-0.8368	0.5554	-0.3296	0.2703	0.4177	1.6261	0.0992	0.5057	2.1213	1.2082	-0.1058	1.3891	0.5737	-2.3752	0.0067	-0.3220	-0.0733	-0.9144	-0.6139	-0.5341	0.3499	0.6246	-0.4898	-0.6336	0.4331	-0.9747	-0.1542
0.5851	0.1209	-0.6795	-0.3880	-0.5669	0.6830	-0.0863	-0.0409	1.1315	0.2574	-0.7470	-0.0616	-0.6734	1.4198	-0.4350	-0.4633	-1.8122	2.7719	0.6972	-1.7774	-0.2159	1.2101	0.5545	0.6300	-0.5993	0.9897	0.4380	-1.1719	-0.3039	0.0395	0.3705	-0.6809	1.2911	-0.9266	-0.0781	-0.9059	0.5095	-0.4274	3.3438	0.9922	0.3939	-0.2249	1.3146	0.1068	0.2935	1.2309	0.8513	-0.5323	-1.6427	-1.2141
0.5866	1.8522	0.7390	-0.4365	0.0948	-2.0818	-0.1477	-1.5836	-1.3408	1.8701	-0.8414	-1.1187	-2.5903	0.5567	-0.6822	-0.4044	-0.0361	-0.4187	-0.0744	-0.3756	0.6801	3.1925	-1.7042	0.1204	-0.8220	2.1017	0.1754	-0.4211	-0.5410	0.9835	-0.4777	0.5305	-0.8567	0.4686	0.4488	0.6571	0.6469	-0.4495	0.6391	0.6515	-0.6955	1.5460	-0.5184	0.8074	0.4821	0.4991	0.3177	-0.1973	0.6929	0.6592
-0.3862	1.0674	1.0355	0.4123	-0.7008	-0.4868	0.8029	0.1664	1.1051	-1.0616	-1.0016	-0.0082	-0.0591	-0.6987	0.3608	0.7260	0.7581	0.5907	-0.4249	0.1525	-0.2875	-1.5529	0.1193	-0.6399	0.0896	-0.8030	0.1069	1.5251	-2.3263	-0.2045	-0.0029	1.0676	-0.1440	-0.1796	0.6525	0.6865	-0.5261	-0.0113	0.8809	-0.4098	-0.2467	-0.2019	-1.7584	1.8124	-1.6434	1.3400	-0.1726	-0.8518	-0.7268	-0.7399
1.2652	0.5883	0.6217	0.8782	0.8244	0.4097	-0.6043	-0.5611	-1.2925	-2.3356	-1.8318	-0.8425	-0.5693	-1.4069	0.0758	-2.1684	-0.1568	-0.6806	-0.7789	0.1484	0.3498	0.3049	-1.2114	0.0264	1.3788	0.9045	-0.0822	-0.7458	-2.1765	-0.3472	0.0056	0.8479	0.6786	0.3686	0.3664	0.4834	-0.7006	0.6854	-0.6059	0.4955	0.0224	-0.9687	-0.3434	-0.5697	1.6860	-1.6678	0.6355	0.3343	1.0503	0.0188
0.1913	-0.4647	-0.6985	0.8243	1.0501	-0.5175	-0.3488	2.4008	0.8236	-2.4241	-0.6263	-1.3433	-0.1939	-0.6231	-0.6210	0.7322	-0.1789	-1.2318	-0.4622	-0.0758	-0.4676	2.6817	1.2698	-0.8907	0.4040	0.2925	0.3916	-0.9685	-0.2521	-0.1356	-0.2336	1.3128	0.1235	0.0248	-0.3676	1.4774	0.2411	2.4667	0.2928	1.1834	-2.1838	2.3937	-0.2221	1.5568	0.0049	-2.2179	0.9883	1.0038	1.0890	1.0190
1.1708	1.6137	1.6305	0.7137	1.1720	0.8705	0.6143	-1.0341	-0.0565	-0.1453	-1.1060	-1.4179	-0.9699	-1.0340	0.8614	-1.2112	0.1679	-0.0906	1.4775	-0.3495	-0.1410	-0.9576	0.3509	-0.0816	0.8379	0.4398	-0.1658	-0.6686	0.4119	0.7075	0.7543	-0.6247	0.6170	-0.9018	-0.8218	0.8476	0.2127	0.5942	-0.9545	-1.3087	0.9308	-1.5304	-1.8183	-0.4129	1.7097	2.8805	-1.4099	0.4363	0.2842	1.0585
-0.2509	-1.1968	0.0681	1.1872	-1.3545	0.5026	-0.8458	0.1947	0.5866	-0.2762	-0.0542	-0.5781	-0.1183	0.8847	-0.0184	-0.3380	1.3120	-1.2087	-1.8585	-0.3147	-1.5665	0.8618	-0.7506	-0.1599	-2.2240	-0.1625	0.3695	0.8848	-0.4275	-0.8361	0.1748	0.6945	-0.4194	1.1490	-0.5103	0.0206	-0.0350	0.2323	-0.1756	1.5250	0.1777	-0.1880	-2.3611	0.5741	-1.6306	0.3700	1.0661	-0.3663	0.5069	0.3194
0.7941	-0.2561	-1.0210	-1.5163	0.5832	-0.7375	0.2693	-0.8470	-1.9852	0.0193	1.0717	-1.3203	0.6837	-0.9644	1.1122	-1.0094	-0.1857	-0.8351	0.2148	1.3405	-1.6097	0.2153	3.2404	0.7983	1.1994	0.4486	0.2194	-0.4314	-0.0858	-0.7100	-0.1248	1.0080	-0.7549	0.5891	-0.4615	1.4803	-0.4469	-0.5507	0.2147	0.5473	-0.7404	-0.5231	1.4257	0.6967	0.2255	-0.4438	-0.0512	-2.0299	0.9307	-1.0213
-1.5143	0.8265	0.1560	0.3083	0.2896	0.1228	0.7425	-0.6141	0.4762	-0.1610	0.3918	0.1118	-0.9920	-0.8262	0.2670	-1.3345	0.3730	-1.1714	-0.6218	-2.3433	0.7391	-0.3202	1.5414	0.0753	0.7476	1.2751	-0.2663	0.5234	-0.0147	-1.3696	-0.2164	-0.4174	-1.1050	0.3629	-0.9881	1.6473	1.1115	-0.8117	-0.4542	0.2727	1.5007	-1.1070	-1.4659	0.5009	-0.2028	-0.3606	-0.1876	0.7612	-0.7574	1.4939
-0.5575	-0.5565	0.1303	0.3994	0.0157	-0.6226	-1.0731	-1.1952	1.6437	-0.0897	-1.2638	0.8556	0.9680	0.9420	-0.3566	-0.0440	0.2434	1.1234	2.2721	-0.5627	-0.1620	1.1492	0.9983	-1.1116	-0.3327	-1.2230	-0.5437	1.0497	0.9333	-1.1976	0.7374	0.0813	0.2366	-0.0513	0.1863	1.3586	-0.8093	0.9056	1.4285	-1.3989	-0.0007	-0.1244	-0.1988	-0.6312	0.3206	-0.7464	2.3359	-0.9998	0.6465	-0.3220
0.6793	1.2343	0.9540	0.9674	0.8325	1.7626	0.0009	0.0593	1.3349	-0.2432	0.7197	0.3241	-0.8164	0.7610	-0.6052	1.2296	-1.1487	0.4464	-0.7166	0.3374	-0.5657	-0.9811	3.0065	0.1085	-0.5390	-1.0043	0.3250	-1.2388	1.0134	0.4807	-0.0957	-0.7302	1.3533	0.9891	0.0655	-1.4114	-0.2984	-0.9144	-0.3761	1.2333	-0.6292	-0.9755	-1.4479	0.7382	0.4146	0.7942	-0.9411	0.7490	-1.2587	-0.3598
-0.1822	-1.2599	-0.6572	0.6919	0.7796	-0.6117	-0.9523	0.0660	1.4170	-0.7674	-0.4542	-0.3696	1.1596	-1.8102	-0.9359	-1.7382	0.2512	-0.6553	-0.5123	0.4255	0.5450	0.0664	0.3199	0.3659	-0.6287	0.8626	-0.7798	-1.2969	-0.0284	1.0449	-0.4988	-1.5596	0.3585	1.8634	-0.8551	0.7657	-0.6497	-1.5498	0.8566	0.8886	1.9191	0.8292	0.0181	-0.5125	-0.4366	0.6750	-0.2460	-1.3336	-0.9599	0.2534
1.0953	0.1669	1.0525	0.2137	0.8843	1.9310	1.5310	-0.0096	0.5342	-0.3038	2.0687	-1.6374	-0.0669	-0.0265	-0.4844	0.0879	-0.1868	2.3024	-0.3972	-1.7032	-0.9132	-0.8679	-1.4370	-2.3729	-1.1624	-0.3838	0.3516	0.6918	-0.1087	-0.6731	0.4111	1.1476	0.9067	0.7719	0.4967	0.7444	-0.7011	-0.4102	-0.8949	-0.3067	-0.3966	1.4575	-0.6136	0.6451	-0.8841	0.1169	-0.2132	0.4521	0.9413	-1.9137
-2.1843	-0.9284	1.0708	0.1049	0.8252	0.5493	-0.9238	-0.7094	0.4759	0.3329	-0.5038	-0.0632	-1.0412	1.5415	-1.0953	0.3773	-0.0195	-0.3078	1.4505	-0.8164	0.7532	0.0357	-0.2846	1.1904	-0.0853	-0.5314	0.5527	-1.2522	0.0120	1.0204	-0.4462	0.7934	0.8000	0.8722	-1.3759	0.1535	1.3224	0.8140	-0.4074	0.2359	-1.5297	0.5118	0.9682	2.7271	0.4357	0.4596	0.0334	-1.4235	1.2616	0.2222
-0.5539	1.2352	-0.9413	0.3711	0.6658	-0.6701	0.7559	-1.1428	-0.3467	-1.3579	-0.0102	-0.7043	0.5653	-0.0981	1.4972	0.8217	2.5958	-1.0444	1.1890	-0.3282	-0.0119	0.1417	0.4946	-0.6104	0.6531	-0.1007	-0.5547	0.4288	-0.4228	-0.3200	-1.1032	-0.8636	1.7837	-0.4042	0.1213	-1.3057	-0.3240	-0.5466	0.0013	0.3185	0.0966	-1.4541	-0.7603	1.5342	-1.1404	-0.9823	-0.5724	0.2137	-0.4409	-0.5706
-1.1888	0.1011	0.5893	0.5032	-0.7381	0.1208	-0.0926	0.4101	1.5303	-0.4164	0.4619	-1.3425	0.7901	0.3329	0.9024	0.9417	0.5867	0.0579	-1.1225	0.6122	-1.1898	-1.1772	1.6513	1.9771	0.4741	2.0907	-0.2841	-1.1643	-0.2056	0.5040	1.8878	-0.6803	0.6062	-2.0658	0.1975	-0.0523	0.5698	-2.3595	-0.9650	1.1185	-0.4598	0.7703	0.7617	0.9004	0.3051	-0.4621	0.8792	0.8059	-1.7033	-0.5793
-0.3913	-2.5458	-2.7927	-0.3696	1.2677	-0.8304	-2.4385	-0.2840	0.2266	1.4249	-0.8839	-0.2467	0.9956	-0.6041	0.7331	-0.7660	1.4055	0.8843	-0.3400	-0.2101	1.0096	0.4137	-0.0976	0.7803	0.2181	-1.0486	-0.3402	-0.5743	-0.1887	1.4056	-0.5687	-0.0071	-1.7260	-0.1203	0.7281	-0.2054	-0.7941	-0.0115	-0.3209	0.7230	-2.2877	1.9010	-0.2473	0.0762	0.3269	-0.1498	0.1492	0.2762	-1.3603	0.9159
-0.9359	-0.5979	-1.5300	-0.4186	0.5870	-0.2649	-0.2366	-0.5160	-1.2352	-0.3535	-1.7219	-2.3048	1.1379	-0.3110	0.1532	1.1598	-0.3998	-0.3036	2.1401	0.2496	2.6575	-1.5101	0.5398	0.8344	0.9778	-0.4332	-0.2361	-0.7595	-0.8353	0.0789	0.8716	-1.2047	0.5070	-1.8192	-1.8536	0.4970	0.8048	-2.3813	-1.1192	-0.9010	1.6299	-3.1298	0.4994	1.4130	-1.0564	-0.2501	1.0013	0.7177	0.6255	0.0990
0.6250	0.8629	-2.3913	-0.1859	0.3284	-0.3816	-0.9278	2.0345	-1.6342	-1.3070	-0.0872	0.6413	0.4120	-2.1958	0.4101	0.2263	0.4094	-1.5680	-0.9664	0.7465	-1.3546	0.2698	-0.0365	0.2507	-2.2233	-0.2238	-0.3991	-1.3258	-0.6819	1.3085	-1.0041	-0.1312	-0.4037	-2.4568	0.2383	-0.6751	0.4287	-0.9568	-1.4706	-0.2856	-0.8177	1.1657	-0.1345	1.3922	-0.3594	-0.1269	-0.0720	0.0889	0.0246	-0.6447
-0.4179	0.0468	-0.4871	1.8821	0.4893	0.6313	-0.2046	0.9354	0.2409	-1.1892	-0.4677	-0.2454	1.2468	0.3371	2.4989	0.7621	0.8413	0.3505	-1.9232	1.7082	1.7483	-0.5001	0.2114	-1.5646	-0.7082	-0.4014	-0.3130	2.7094	1.3840	0.9381	0.7835	-2.1389	0.7840	-1.3612	1.4302	0.8212	-0.5688	0.3393	-0.9722	0.6506	0.2524	-0.7590	-1.1237	0.5485	0.3545	0.2963	0.0231	-0.5277	1.2285	0.0114
-1.9208	-0.7940	-0.3017	0.2559	1.7716	-0.5882	-0.4757	-0.3190	-0.6743	-1.4961	-0.6382	0.4753	0.2449	0.7495	-0.0636	0.2189	-0.1458	0.6042	0.5952	0.6574	0.2347	-0.6476	1.7095	-0.2944	-1.1655	1.2736	0.7371	0.5845	-0.6247	-0.5031	0.0827	-0.4076	1.1392	-0.2631	0.9463	-0.5547	1.0337	0.3607	-0.8883	-0.3293	-0.1605	0.0203	-0.2862	0.1404	-1.0690	-1.0778	0.3832	1.2986	1.3986	-0.3385
0.0707	2.2513	0.2303	0.1490	-1.7066	-0.5954	0.6028	-0.6878	0.7939	-2.1629	-0.1591	-0.7871	0.8902	2.2855	0.6050	-0.6132	0.8770	0.2647	1.1973	-0.3959	-1.3492	-0.7737	-0.5498	-0.7637	-0.9334	-0.5539	-0.7742	0.6936	1.3076	-0.7981	0.3357	-1.0500	-0.7490	0.8690	-1.9525	1.0137	-1.3141	-0.8620	0.2225	1.1229	-0.3750	-0.1234	0.2288	-0.9109	1.4923	-0.0037	-0.5972	-0.1385	0.3817	-0.2993
0.9089	0.0196	1.2557	0.1795	-0.8197	3.0916	0.2191	0.4777	-0.7747	0.1528	1.8294	0.6604	-0.1167	-0.0822	-0.8734	-0.8401	-0.8289	-1.1312	-0.7687	1.4391	-1.4951	-1.1252	-0.0764	-0.4706	-0.8437	-0.9783	0.7178	0.3258	-1.5293	0.3758	-0.1551	-0.5832	-0.2373	-0.4639	-0.2081	-0.2607	-0.7959	1.1301	-1.3689	0.3720	-0.3650	1.1822	-0.7280	-0.2761	0.2238	-1.1322	-0.3267	1.5545	1.9540	-1.3505
0.2895	0.1157	-0.2402	0.2720	1.3936	-1.9270	-0.4920	-1.5633	0.2760	-0.2976	-1.6877	-0.9491	-0.0446	-0.4105	0.5298	-0.9430	0.7681	-0.0841	-0.0474	0.6986	1.6911	-1.5208	1.6026	-0.1834	1.0466	-0.4022	0.3929	0.9667	-1.6692	0.9313	-0.7505	0.3168	-0.4857	-0.2431	-0.2989	0.6004	1.1329	0.5372	1.1936	-1.1745	0.7277	-0.2612	0.1564	0.7450	0.1310	-0.1252	1.3253	0.5016	0.9175	-3.4008
-0.5462	-0.3269	-0.0319	-0.2527	-0.7622	-1.4033	-0.6199	-0.3133	0.6662	-1.8369	-1.6445	1.7576	0.5825	0.9784	-0.5691	0.4310	-1.1336	1.4636	-0.0911	-0.5076	0.7923	-0.2901	0.7460	-1.6086	-0.3514	-0.0231	-0.6207	-1.6759	0.4077	-0.0156	-0.8137	-0.2468	0.5894	-0.9431	-0.3363	-0.0074	1.2909	-0.2589	0.8940	-1.0838	-0.3423	-0.8709	-1.0933	0.4079	-2.2896	-1.8855	-0.8678	-0.9809	-0.7589	0.4209
0.8931	0.4486	-1.3675	-0.4222	-0.6564	1.2181	0.5325	-0.6205	-0.1191	2.0344	0.2438	-0.2732	0.1465	1.5533	-0.9415	-0.7546	0.6022	0.1672	1.2867	-0.0045	1.9718	1.8558	0.6825	-0.2458	0.8533	-1.8039	-0.6290	0.2504	0.7079	1.1138	0.9237	-0.1773	0.4398	-0.3005	1.8877	-0.7532	1.1680	0.4013	0.5335	-0.1798	-1.8404	1.4274	0.1946	-1.3552	0.4864	-0.6340	1.6873	-0.7567	-0.5435	0.1201
0.1441	-0.2127	0.8562	0.1454	0.4330	1.7514	1.7697	2.0697	0.2432	-0.4716	0.3395	0.3813	1.9272	-1.7888	0.6909	-0.9151	2.0149	-0.2280	-0.2551	1.2693	3.0679	-0.8825	-1.2617	0.5914	0.4073	0.0160	0.0382	1.0920	1.5123	0.4215	0.0806	0.6036	0.4667	-0.9625	0.2366	1.5013	-0.8096	0.3825	1.2403	-1.4578	-0.6723	-0.2324	0.3980	0.0432	0.9199	0.6021	0.7319	2.5223	-0.2715	0.2540
0.6376	-1.1690	-0.5309	0.1005	0.8950	1.0909	-0.1140	-0.7517	-0.4995	-0.7669	-0.7363	-0.5974	-0.8333	-0.1385	-0.6132	-1.4791	-0.3193	-0.2502	-1.1896	0.7321	-0.6571	-0.4737	1.0707	-0.7887	1.0367	-0.8244	0.4273	-1.4747	0.5560	1.8535	-1.6719	0.3296	1.8320	2.2767	0.3724	1.7310	1.4393	-0.5072	0.3287	0.1330	-0.2229	-0.1745	-0.7508	2.6019	-1.1071	0.0823	0.4855	-0.5555	-0.4667	-0.0289
0.6272	0.1949	1.3999	0.7523	-0.4539	-1.0435	-1.6676	0.2522	-1.1228	-1.6980	0.7436	0.4158	-0.6464	-1.1690	0.6093	-0.0352	-0.6524	0.6768	1.1173	-0.9467	-0.2194	1.4035	-1.2350	0.8600	0.5377	-0.2283	-1.0923	-0.2240	-0.9734	0.7208	-0.5897	-0.6904	-0.7766	-0.3465	-0.8627	0.8023	-0.3301	0.4178	0.1865	0.7016	-0.5223	1.4819	-1.7619	-0.0271	1.2153	1.7065	1.9767	-0.6629	-0.5853	1.3081
-0.4540	-0.0743	-0.1977	1.3700	-0.8318	-1.4351	0.0121	-1.4045	-0.5962	1.8993	0.5066	-1.2429	0.4823	-0.5630	2.1366	-0.0751	-2.0522	1.2972	-0.1214	-0.5263	-1.1182	-0.5269	-0.2469	0.4473	0.9291	-0.5221	-0.4343	0.6214	-0.1456	-2.4776	-0.5057	-0.1842	1.5417	0.0192	-1.4567	0.2424	-0.1836	0.4532	1.1512	0.3929	0.9697	0.8022	-0.7531	0.3421	0.2609	0.3619	1.3802	-0.7761	-0.1595	0.4300
1.3395	2.3303	-1.0829	0.2443	-3.4562	1.8738	1.3434	0.6407	-0.3290	-0.3764	2.3405	0.6138	-0.7283	-0.2036	-0.8030	0.5092	0.9268	-1.1782	0.5342	1.4765	-0.0279	-0.1312	-0.4438	0.4741	-1.9480	0.6037	-1.2660	-0.5333	-1.6034	0.1024	-0.4314	-1.1028	0.0327	-0.4477	-0.5186	1.7974	-0.0377	-1.8642	-0.6166	-0.4730	-0.5812	-2.1932	0.5030	-0.9785	-0.1044	0.7867	1.1186	1.7582	0.9662	-0.2870
-1.3608	-0.3072	0.9732	-0.1896	-1.9851	-0.9046	1.6598	-1.0512	0.4697	0.2354	0.3393	0.1378	0.1327	-0.2332	1.0045	-1.2507	0.6444	-0.6537	-1.4859	0.4751	-0.7110	0.2362	-1.2829	-0.7093	0.3609	-1.2138	0.2462	-0.0038	0.7492	1.6621	0.1960	0.4059	-1.4593	-1.7239	0.6376	-0.4383	0.1258	-0.0970	-0.6576	-0.3052	0.0129	0.0970	-0.2144	1.7000	1.5985	-1.4104	-0.8163	0.8172	-1.2982	-0.9861
0.6064	-0.9228	-1.0845	-0.3336	0.0459	1.9699	0.1271	-1.3745	1.7023	-0.1168	0.2182	0.0883	1.7303	-0.2986	-0.5518	-1.2689	0.8998	0.8962	1.3093	1.2809	0.7046	1.5887	0.5500	-1.8144	-0.5355	-1.2385	-1.6315	0.0145	-0.9892	1.0306	0.7264	-1.0482	0.7904	1.3168	0.0641	0.8649	-1.3282	-0.3962	0.1573	0.8892	-0.8995	-0.3690	0.2122	1.4848	0.1020	-1.5568	-0.5350	0.8417	0.7186	0.5703
0.5525	-0.5289	-1.1279	-0.0500	0.4335	-1.0916	0.1248	-0.9165	0.2282	1.1001	-1.2972	1.3369	0.2443	-1.1189	0.0368	1.3874	-0.3583	-0.6696	-1.4348	0.1783	-0.0609	-1.4019	1.2263	0.4630	-1.7465	0.9573	-0.1968	-0.1392	-2.6687	-0.8248	2.2697	2.6721	-1.1568	2.2113	-1.7809	0.2498	0.5613	1.4764	1.7413	0.1921	-0.5910	-0.2575	-0.2905	-1.0026	0.0751	1.9582	0.8957	1.1301	0.1157	1.2702
-0.4021	0.6983	-1.2213	-1.0586	-1.5003	0.2817	-0.4552	0.3053	0.5758	-1.9443	-0.2886	0.9986	-0.3071	1.1049	-1.3639	-0.8166	1.2975	-0.1042	0.8676	1.7193	2.1221	-0.3954	1.4649	-1.5490	1.8891	-0.8353	0.3063	-0.1891	0.2257	-1.3998	1.2635	1.3816	-1.4036	0.0290	-0.7302	-0.6685	0.5100	-0.0172	-1.3358	0.3013	0.5617	0.3329	-0.4652	-1.2921	-0.4910	1.9426	-0.4789	1.3672	-0.0074	-1.1272
1.0430	0.4551	0.7439	0.9387	-0.2150	-1.3782	1.3739	-0.1631	0.1246	-0.8219	-0.0306	-0.5713	-1.6537	0.0561	-0.9159	1.2351	-0.1190	1.1634	0.0634	-1.0169	-0.5392	1.5351	0.2828	0.1287	-0.2501	-1.8921	-0.1888	1.2722	0.3800	-0.6504	0.8687	-0.4200	-0.5708	-0.7924	0.2907	-0.5273	0.8958	-1.3612	-0.9707	-0.8409	0.6919	1.1006	1.0136	-0.7681	-1.1093	1.6675	0.9658	0.4089	-0.8416	0.6853
1.2117	-0.8492	0.9902	-2.7162	-2.5052	-0.0852	-0.1786	-0.6371	-0.0996	1.1693	-1.5560	-0.0169	-1.8903	0.0014	1.5113	-0.0755	-0.1266	0.5263	0.0871	-0.8143	-1.1665	0.1893	-0.5002	-0.5721	-0.4221	-0.5730	-0.7083	-0.3523	0.3667	2.5284	2.3076	-0.0153	-0.3620	-1.0910	0.8280	-0.6114	-0.6861	-1.4011	0.8883	-0.9857	-1.0672	-0.6077	-0.4377	-0.0122	-1.0029	1.4449	1.3009	-1.0172	2.3197	-1.3637
-0.7886	-1.2622	0.1616	-0.6629	-0.9390	0.6322	1.7699	0.9849	-1.0353	-0.8351	-0.4703	1.3328	0.3291	0.3076	2.0778	1.4904	-0.8050	-0.6980	-0.0820	-0.3837	-0.4665	2.1297	0.4650	-0.8342	-1.2010	-0.0227	-0.3323	-0.2342	-0.1865	0.2936	-0.5627	2.1705	-1.4726	0.2134	0.7143	-0.9204	-2.3327	0.7699	-0.9240	0.3060	-0.5788	0.3817	-1.5452	2.2423	-1.1581	-0.1703	1.0136	0.4226	-1.0481	0.7055
0.9432	-1.4101	-0.8106	0.5902	-0.1215	-1.3772	0.0789	-0.8736	-0.0829	-0.5931	0.9464	0.7750	0.4912	-1.9852	-0.2358	0.3915	0.8563	-1.0705	0.4918	0.1938	-1.1496	0.3491	-0.2275	1.1150	-0.4905	0.9963	0.4289	1.2392	-0.7050	-0.2222	0.7680	1.1998	0.1559	-0.0279	-0.1707	-0.1277	-0.1759	-0.1478	0.7970	1.5601	0.1881	0.6546	-1.2325	-0.6147	0.2449	-0.2529	0.1820	2.4435	-0.4855	-0.3322
-0.2030	0.8577	-0.0272	-1.1279	-1.0227	0.8424	0.0199	0.0082	-0.7905	-0.1059	-1.7882	-1.3781	-1.3389	0.2031	1.2614	-1.6467	0.6575	-0.8873	1.3285	-0.2257	-0.5469	-0.7602	0.7726	0.8840	-0.4131	-0.6579	-0.8095	2.3104	0.1187	-1.3050	0.3909	0.1996	0.0662	1.7295	-1.3700	-0.8889	-1.3063	-0.4823	0.6013	1.1612	-1.5294	0.2618	-0.7321	-0.8989	0.1410	0.6585	1.0400	-0.4980	0.3525	0.9103
-0.4196	-0.5675	0.0959	-0.4826	0.8190	-0.8267	1.5800	-0.2005	1.6782	0.2094	-1.1462	1.1384	1.9239	-0.7237	-2.1445	-0.0555	-0.8282	-1.3046	-1.0779	-0.4747	0.6228	1.3792	-0.0991	0.5691	1.1910	0.5269	1.7215	-0.5379	0.9884	-0.2478	-0.2748	0.5143	1.1544	1.5905	-0.2788	0.7089	0.6472	-1.4101	-0.9541	-1.7461	-0.2865	-0.6245	-0.1626	0.7026	-1.3033	0.7667	0.1915	0.0862	0.2981	-0.4406
0.9610	-2.4461	-0.8856	0.4664	0.3930	-0.5103	-1.5193	-0.1187	-2.3116	0.9828	-0.0806	0.0711	0.5485	0.0246	-0.6002	1.8527	-0.7161	-0.1832	0.0927	0.6650	0.8163	0.9054	-0.4345	0.7612	-0.4672	1.6303	0.5439	-1.5087	-0.7943	-1.0246	-1.2674	-0.1841	0.0671	1.1562	-2.0416	0.4938	0.5172	0.4212	-0.2273	-1.4239	-1.2986	0.8944	0.1868	0.6408	0.9036	-0.5549	0.6201	-0.1858	-1.4691	-0.0281
-1.1259	0.0033	-0.2589	-0.3374	-0.7853	-0.2770	0.3194	-0.8752	1.0813	1.3671	-1.0895	-0.6439	0.7254	0.3070	-0.0626	-0.0111	-0.6359	-1.4979	-1.3903	-1.0727	-1.7022	-0.2950	-0.8270	1.0320	0.4172	-3.2513	0.5017	-0.1861	0.4262	0.6279	-1.1769	-0.5386	0.7820	0.7253	1.8579	-0.2557	0.1036	0.5302	0.5915	0.0311	0.9939	0.4270	0.0705	0.9949	0.2461	1.0490	-0.5031	0.6355	-0.0075	1.1377
0.3350	-0.2420	0.6584	0.4652	1.4183	0.3213	1.3305	0.5423	1.6254	1.2660	1.1623	-0.1193	-0.4733	-0.6258	0.1898	-0.5943	1.6323	0.5347	-0.9921	-0.3108	0.9690	-0.1585	0.5488	1.5945	-0.1939	1.6974	0.4824	-0.0777	0.1427	-1.0781	-0.2544	-1.1861	-0.0832	1.0402	-0.2854	0.2741	0.0067	0.8318	2.7993	-0.8616	-0.3086	0.7696	-0.9859	-0.2223	0.0356	-0.4790	0.3629	-0.1730	1.1968	1.1640
-1.2240	-0.8539	-1.3508	-1.1918	-0.3069	0.0344	-0.0243	-0.0701	0.7744	2.2556	0.6761	0.0324	0.6470	0.2408	0.9213	1.2276	-0.3505	-0.8660	0.9412	-0.9322	-0.3453	0.5023	0.2076	1.0951	1.2904	-0.7737	-0.2674	0.8001	-0.0278	-0.5052	0.4192	0.4090	0.5775	1.5919	-2.2082	0.2900	-1.9521	0.7531	-0.9450	0.8329	1.5571	-1.9046	1.4303	-0.6922	-0.2483	-0.9413	0.2970	-1.3627	-0.5333	-0.2623
-0.7827	1.2961	-2.3682	-0.1591	-0.8935	-1.1079	0.5759	-0.4721	2.9957	-0.4065	-0.0850	0.3597	-0.1734	-0.7790	-0.1333	0.4191	-0.9649	0.1184	0.0194	0.0655	1.4993	0.2614	0.8260	0.3616	0.1693	-1.0186	0.2459	-0.4574	0.2115	-0.3034	-0.2788	-1.0248	-1.7038	-0.6203	-1.0967	0.2549	-0.2562	-0.8067	-0.0256	0.6592	-1.4536	-0.2837	-1.0342	0.2815	-1.2003	0.9414	0.5446	0.4654	-0.0457	-0.4885
0.2076	-2.3694	1.6941	-1.0168	1.8066	0.8155	0.6497	-2.4170	-0.7837	-0.4968	1.1390	-1.8183	-1.0371	-0.0425	1.6149	-0.4405	-0.3531	-0.8466	-1.2334	1.1111	0.8161	0.1652	1.1851	-0.7380	-0.5578	0.1409	-0.7876	-0.1498	0.5693	0.4225	-0.2701	-1.7027	-2.0618	-0.6303	0.2638	0.8601	0.0492	0.4052	0.1872	-0.8631	1.2065	-0.9815	1.2188	-1.1859	0.7513	1.8409	1.5944	2.1700	0.0803	0.2746
-0.4922	1.2914	-0.0835	0.3530	0.3922	0.3433	0.1237	0.9905	1.0374	-0.6749	1.0645	-1.0014	0.9065	-0.3512	-0.4792	-0.0559	-0.0738	2.0203	0.1891	0.4961	0.6354	0.9967	-0.4030	0.7655	-0.1721	-1.1302	0.2726	0.4307	0.6560	-0.9243	0.5360	0.1295	0.1050	2.0881	-0.5011	0.7752	-1.4503	1.0424	1.3445	0.5038	-0.4658	-0.2547	-0.6527	1.8517	-0.7015	-0.8029	-1.6347	-1.5180	-0.1632	0.7231
-0.0996	0.1836	-0.4523	0.4809	-0.4951	-0.5938	1.3178	-1.4648	1.6496	1.0603	-1.0575	-0.4876	-1.2724	0.0906	1.0775	0.5379	1.4142	-0.5215	0.9612	1.1194	1.1618	0.4197	0.1977	-0.1921	0.6059	0.4049	-0.0729	0.6920	-0.7257	0.2282	0.0729	-0.9671	0.7829	0.4373	0.3024	-0.2455	0.9972	-0.0297	-0.4285	-0.3427	-0.2605	-1.1263	-0.7074	-0.5138	0.2398	0.8438	-0.9640	-0.4637	-0.4073	-0.0705
-1.3589	0.5128	0.3726	-0.4619	0.0028	-1.8056	1.2632	0.0251	-0.2997	-0.7991	0.6788	0.1424	1.3616	1.1994	0.5432	-0.3688	-0.8928	0.8734	0.2525	0.7073	-0.6723	-0.0916	-0.0257	1.6187	1.0748	-1.1984	0.2378	0.3646	0.6351	-0.6315	0.6784	-1.1089	0.2789	1.1230	-0.7602	-0.2142	1.0564	-0.8227	-0.6133	0.1977	-1.8945	-0.6800	1.8718	0.3415	-0.4929	0.0621	0.0722	-0.0899	-0.4252	-1.1357
-0.7896	1.5725	-0.7637	-1.0235	0.1458	0.0815	-0.9985	0.4208	-0.6881	-0.7331	-0.1777	-0.4193	-0.2157	0.9978	-0.3787	-0.1683	-0.3321	0.7506	-0.4072	-0.6724	1.0061	-1.9493	-1.1529	1.6189	-0.8081	-1.8025	-0.3718	-1.1818	-1.0156	2.1518	0.9908	-0.1744	-0.7182	-1.3057	2.8692	-0.9261	0.8814	0.9366	1.1300	1.8285	-0.4557	2.5408	1.3045	0.3315	-0.0510	0.7595	-0.2998	1.0939	0.5017	-0.6110
-0.1252	0.2525	1.0725	-0.2158	0.5299	2.3855	0.4210	0.9268	0.3625	-0.9391	-0.6480	0.9287	0.6250	0.8221	-0.1981	-0.2471	1.7672	-0.5865	-0.9498	-0.5442	0.3031	-0.3101	-1.4713	-1.3338	0.5958	-1.2438	-0.8531	1.0356	-0.7376	-0.8964	0.7107	1.1456	-0.4060	-1.2501	-1.0363	1.9455	-0.6558	-1.2019	-0.9275	-0.2231	2.0156	0.5334	1.1785	0.7590	1.3137	0.6118	0.7067	-1.2078	-0.0585	-0.5283
0.4397	0.7156	-0.3054	-1.4578	1.0258	1.5761	0.0842	-1.2738	-0.7127	-0.2392	-1.5312	0.1444	1.0915	-1.2555	-0.2907	0.8997	1.4116	0.0078	-0.1626	0.4911	-0.0963	-0.1190	0.8322	-0.4264	-0.0215	-0.9946	2.1060	0.6410	-0.5601	0.9896	0.7753	0.3643	0.3291	0.0103	0.1580	1.0376	0.1533	0.5219	0.0311	1.0702	0.4901	0.8042	0.3341	-1.9045	-2.6481	0.2802	-0.2025	0.4201	0.5771	-1.2388
0.2132	0.6700	-0.4920	0.4274	0.2449	1.4137	-0.8609	-1.6174	0.0385	1.0650	-0.7438	-1.5335	0.5749	0.3920	1.9528	-1.5512	0.3438	-1.0670	1.9850	-0.1788	-0.1437	0.4380	2.0260	0.9059	-1.4997	0.9017	0.5229	-0.3552	1.5169	1.3470	0.6191	2.0285	-0.1977	1.3858	0.3456	-1.5588	-0.2765	-2.0123	-0.3161	0.1866	0.1600	-1.4493	0.8476	0.2036	0.6974	-0.4052	0.8140	0.7719	1.8390	1.1788
-0.4907	-0.8461	-0.3417	0.7983	-1.3540	-0.2795	0.7506	-0.2630	0.1105	-1.0461	-1.2521	-0.3513	-0.1479	-0.2000	-0.1196	0.3225	0.5088	2.1763	2.0600	1.3766	-2.4005	-1.7938	1.0734	1.1280	-1.4729	-0.9794	1.5300	-0.8002	-0.7971	-0.1855	0.6505	-0.0239	1.6834	0.4293	-0.5440	-0.1160	0.0932	0.3670	1.7261	1.7043	-1.7334	-0.2386	0.1054	0.9361	-2.4059	0.0102	0.0700	0.0273	-1.7300	-1.0795
-1.5084	-0.6367	0.0048	-0.3859	1.5947	0.5498	-0.4346	0.5259	-0.0067	0.6933	-0.8969	-0.1774	1.3410	-0.3829	2.7116	0.8648	-0.1077	2.2605	1.3945	-0.5619	-0.0320	-0.0776	0.1293	-1.8305	-0.4826	-1.8947	0.4914	-0.5867	-0.5266	-1.7260	0.5180	1.1542	-0.6484	-1.4651	-0.5466	0.2166	-0.4533	-0.9000	-0.9387	-0.8876	-1.1132	-0.2935	0.5890	-1.0334	0.5027	-0.0446	0.3403	0.5258	-1.7783	-0.0734
0.2098	0.6097	1.7841	1.5002	-0.6809	0.4843	0.3796	-0.9224	1.2296	-1.6334	0.1495	-0.2205	-0.2283	1.6180	0.9847	-0.8244	-0.4774	0.9489	-0.8069	-0.3994	1.7620	-0.5739	1.4160	-0.5031	-1.5735	1.7151	-0.4026	-0.4575	-0.7473	-0.3510	0.3215	-1.7266	0.9785	-0.7416	0.1756	-2.1094	-0.3241	0.0612	0.4983	-0.6382	-0.6346	-0.7673	-1.2825	1.3126	-0.5517	0.1595	-0.6052	-0.6933	-0.1475	1.2633
0.2868	1.7308	0.6229	-0.0547	0.4039	1.4100	1.1050	2.0577	-1.6119	-1.0919	0.7097	-1.6972	-0.5199	0.8460	-0.3909	1.0067	-0.9901	0.4456	0.2405	-2.0710	1.6582	1.2096	-1.2224	-0.9852	0.8566	-0.5066	-0.9338	-0.9879	-1.3815	0.3557	0.5002	0.0251	0.0632	-0.4253	-0.0645	1.8453	-2.4410	-0.2351	0.4133	-0.1371	0.5469	-2.3092	-1.0865	0.4906	-1.0571	1.4130	-1.8844	0.1173	-0.1553	0.9563
-1.2278	-0.2121	0.4803	0.6211	-0.0227	-0.7351	1.5736	-0.4445	0.1047	1.6536	-0.5080	-1.8490	-1.7780	-0.6874	1.9988	0.1179	-0.6372	0.2692	2.0898	0.4660	-0.1832	-0.5527	1.0468	-0.8740	-1.9622	-0.6975	0.8958	0.2297	-0.6814	0.9016	-1.1667	-0.0196	-0.3211	-1.0706	0.1647	0.9403	0.9545	-0.9522	0.6305	-1.3580	-0.5437	-1.0649	0.6402	0.1058	-0.5719	0.6608	-0.2933	1.5253	0.4555	0.6906
-1.2471	0.2341	0.9425	0.3705	-0.6088	0.4814	0.3692	0.0013	1.0111	-0.9144	-0.0175	-2.6745	-1.1530	0.6541	0.6554	1.8137	-0.6754	-0.8278	0.7132	0.3845	-0.0615	-0.4119	1.7101	0.1214	-1.5171	-0.0768	1.0358	1.4517	-1.1598	0.3226	1.6389	-1.2981	0.6808	0.2712	0.4645	0.2446	-0.9036	0.8632	-0.3526	1.0466	-0.5494	-0.5879	-0.0854	-0.5368	0.8074	0.2146	-0.4190	0.1103	-0.9827	-1.1224
-0.4098	-1.3668	-0.1937	1.6056	-0.6781	0.5750	-0.9559	-1.7653	0.1301	1.4377	-0.6349	0.3287	1.3786	0.3208	0.8467	-1.8774	0.6904	-0.5369	0.1324	-1.3271	-1.9039	0.7712	1.8998	0.2855	-0.8953	0.0396	-0.8601	0.9443	-2.6099	0.0644	-0.0447	-0.2045	-1.0114	-0.2919	1.8499	-0.4544	1.2702	-1.1629	1.9303	-0.3249	-0.3556	-0.2199	1.4652	-0.3432	0.8849	-0.7898	1.5974	-0.7285	-1.1773	1.2747
0.0650	-0.1960	1.3711	-1.1186	1.5296	-1.8913	-1.2475	-0.4339	-0.5614	0.9742	1.3429	0.1294	0.5344	-0.2543	-0.2828	-0.0785	2.5938	-1.3230	1.3415	0.4545	-0.5899	-0.0811	-0.2514	-0.1286	-0.6132	-0.1699	0.7176	1.4797	-0.5412	-0.4450	-0.1916	-1.4892	0.6310	-0.4343	-0.3108	-1.0321	-0.7627	2.5769	-0.1794	-0.9625	-0.3350	0.8985	1.5567	-0.8616	-0.8100	-1.1980	-1.8532	1.2858	-0.6422	-2.0275
0.6938	-0.1660	-1.1123	0.5820	-0.0342	-0.4679	1.4682	0.2378	0.0509	1.1982	1.2613	1.7010	2.0386	0.3152	0.8793	-0.2737	0.3748	0.0570	0.5739	-0.8109	0.5385	-2.6705	-0.6905	0.6320	0.6624	0.9718	-0.5528	1.0803	-0.0871	2.1561	-0.6274	-0.7214	1.9386	0.9134	-0.1614	-0.4395	-0.7954	0.5986	0.8680	-1.0654	-0.1973	-0.2595	0.5843	-0.2414	-0.9082	0.7567	1.2939	-1.2891	-1.3540	-1.6228
-1.0748	-0.5714	-0.0771	0.4522	1.4060	0.4545	0.0325	0.8592	0.5586	-0.3651	-0.1410	-1.9168	0.6535	2.0671	-0.3677	-0.5620	-0.5983	-0.7571	-1.1299	-0.4392	0.6755	-0.5284	0.5928	0.9298	0.3291	-0.3807	0.4808	1.6210	1.3161	-0.5484	1.1974	-1.0551	-0.6753	1.2108	0.4261	0.5802	-0.0644	-1.0150	-0.4555	-0.2697	-0.5191	0.3879	0.8276	1.7610	-0.3663	-0.5082	-0.6022	0.2661	0.7185	-0.5578
-0.0207	1.6903	-1.5755	1.1852	-0.8215	1.7500	-0.5005	-1.4394	-0.4996	-0.5546	-1.1893	0.6015	-1.7913	-0.2983	1.2505	1.8807	1.5443	1.5330	-0.5512	-2.0557	-0.3907	0.2858	0.6475	-0.6048	-0.9145	0.4435	0.2582	-0.1902	-1.9286	0.2111	1.1810	-0.0963	-2.5225	0.9459	-0.4550	1.4470	1.0374	-0.5783	-1.1408	1.0508	-0.9285	0.3268	-0.0795	-0.3002	0.1200	-0.7185	-1.9109	-1.2255	-0.0080	1.3917
-0.1413	-0.5413	0.3259	-0.7301	-2.1806	-2.1547	-0.5136	-0.5995	0.0486	1.1820	0.1726	-0.9153	-0.8704	-0.7875	0.9924	0.9769	-0.1495	0.3110	-0.9207	-0.2789	-1.6603	1.4545	-0.6261	-0.9337	0.3218	0.8366	-0.1590	-0.2334	-1.1082	-0.4580	-1.1963	-0.7449	-0.7724	0.8657	-0.4784	-0.4992	-0.6381	-0.9164	-0.3170	0.0984	-0.0622	1.9270	-0.6152	0.9327	-0.2260	0.1708	0.1444	-0.2193	1.7179	0.4320
0.7546	0.4717	0.7618	-1.5910	-0.3058	-1.0894	1.5850	-0.2144	0.4228	-1.3771	1.2430	-0.1529	0.5609	-0.7793	-0.1041	0.3094	-0.1082	-0.1692	0.6313	0.3319	-0.6811	0.9474	0.3427	0.6331	2.5876	-0.0980	-0.3158	1.1757	0.6954	-0.3370	-1.3899	0.5072	0.3012	0.2169	1.4430	0.1013	1.5681	0.3706	0.5116	0.8717	-0.7838	1.8128	1.3969	1.2869	-1.4760	0.2060	-0.9533	-0.5215	-0.6776	-0.4947
-1.8820	1.4231	0.2638	1.1928	1.6292	0.5706	-0.4490	-0.9064	-0.0508	1.4823	-1.1984	0.8844	0.3291	-1.2663	0.1318	0.6285	-1.3114	-1.0612	-1.5106	0.3884	-0.6954	0.0826	-0.0785	0.4749	-1.0734	-0.9003	-2.0187	0.2937	-0.0372	-0.4092	0.1219	-0.9233	-1.5823	-1.8196	-1.0873	-0.5143	-0.1236	-1.8979	-0.9064	-1.5897	0.4425	1.2897	1.8229	-0.8439	0.6687	-0.7974	1.1720	-0.6962	-1.6230	-0.8100
0.7273	-0.5345	-0.1791	-0.7426	1.0294	0.8444	-0.7965	-1.4194	-1.4270	-1.2141	2.2706	0.0024	-0.6754	0.0347	1.6742	-0.4174	0.3967	-0.2727	1.1490	-0.5254	0.1313	0.8075	-0.2082	-0.9965	0.5153	0.9048	-0.6671	0.7416	-0.4448	0.8165	-2.0200	1.2488	0.6233	0.2275	0.4555	-0.7974	-0.6577	-0.3031	1.2808	-0.0486	-0.0475	0.5729	-0.9040	-1.7256	-0.1681	-0.4935	-1.8693	0.2037	-0.9342	-0.2403
1.3681	0.7730	0.6565	1.3025	-0.4191	-0.8076	1.5636	-1.0303	-0.4414	0.2156	0.9519	0.3077	-2.6200	0.5555	-0.5955	1.2619	-1.4605	-0.2725	0.6209	-0.0155	-0.6835	0.6139	-0.6579	-1.5577	2.2756	1.4300	-0.5260	-0.3921	0.9172	0.8200	0.4630	0.1558	-0.0252	0.5175	-0.7077	1.2587	0.5926	0.1614	0.1587	-1.7686	0.9203	0.1603	-0.4134	0.6984	0.7926	-0.4915	-1.4840	1.8433	-1.1335	-0.9741
0.5439	0.9776	0.0008	0.9867	-0.2860	-0.6513	-1.5542	0.4644	0.0017	0.9387	0.3983	-0.1728	-0.4138	-1.1157	1.8501	0.1563	-0.1480	1.3747	-0.0402	-0.9700	0.5214	-1.2995	0.1197	0.1967	-0.5254	0.0712	-0.2105	0.7291	2.0665	1.2578	-0.2577	1.4493	1.4615	-0.4086	0.9945	0.3057	-0.2200	0.9375	-0.2058	-0.5481	-0.2879	-0.2463	-0.3821	-0.6765	1.6873	-2.0416	0.2553	-0.3111	-0.5896	-0.9023
-1.2623	0.9609	-0.5129	2.1174	-0.2627	1.8157	-0.4561	-0.4049	1.0446	1.1225	0.1986	-1.2253	-1.0414	-0.1397	-0.8889	1.4094	0.2560	-0.3638	-0.5946	0.0109	0.2164	-1.7766	0.0120	0.1507	0.2658	-0.1972	2.5515	1.5311	0.1343	-1.3257	-1.5984	-0.7236	-0.4755	0.5914	-0.8032	-0.1153	-0.7235	-1.4717	-1.3916	0.6928	0.0743	0.9375	-0.9897	-1.0879	-0.4799	1.2705	-0.2267	-0.7245	0.3674	0.0302
-0.5488	-0.0645	0.2293	-0.6111	-0.2334	0.4867	-0.4036	-0.9430	0.4540	-1.1437	0.9229	-0.5659	-0.3112	-0.0569	-0.8461	0.6705	-0.1707	0.3243	0.3299	0.2251	-0.7676	0.4736	-1.2500	-0.1234	-1.2824	1.1659	1.9075	1.9237	0.3654	-0.5637	0.1017	-0.0045	-0.6612	0.1907	-1.0303	-0.1512	0.4358	0.4598	-0.7803	-1.1111	-0.0623	0.0392	1.2477	-1.0880	0.9783	-1.0013	0.5644	0.9317	-0.7383	-2.2019
-1.4146	-0.9655	0.8342	-0.1268	1.2933	-0.6723	-0.7871	1.5520	-0.6852	-0.5729	2.2670	-0.5194	-0.4392	0.2790	-1.3068	-0.1136	-0.7833	0.4748	-0.6772	-0.6360	0.2390	-0.7912	0.4931	-0.8846	1.4868	0.0530	0.6444	-0.9300	-1.4209	0.0953	0.1090	-1.3085	-1.3933	-0.7228	1.8536	-1.8975	0.1371	-1.1284	1.5809	-1.3134	-1.7753	1.8413	-0.9332	1.1041	-0.6224	0.0651	1.0852	-0.4418	-1.8387	-1.1681
0.2290	0.7487	-1.6714	0.3623	0.2509	0.2492	0.1044	0.2857	-0.2430	-1.1029	0.3804	-1.3931	0.1617	-2.3061	0.1811	0.4730	0.9977	1.2247	1.0844	-1.0864	-0.0729	1.1042	-1.6130	-0.7251	0.1586	2.0250	-0.9476	0.3358	-1.5303	-0.8199	1.6991	-0.4519	-0.3005	-1.7192	0.3783	-0.6687	-0.4600	1.2205	-0.3323	-1.2900	-0.4375	1.4089	-1.1958	0.0220	0.8856	-0.6893	0.0394	-0.3608	0.9008	0.9760
0.4273	0.5144	1.4248	0.5020	-1.3210	1.2573	0.4751	-0.6844	-0.5145	-0.1129	0.9317	-0.0009	1.9084	0.6677	1.7653	0.1980	0.5814	-0.5689	1.7725	0.9757	1.3051	-0.7278	0.7128	0.2887	0.2354	1.0452	0.1126	-0.9997	0.1289	0.8915	-1.4051	-0.8037	0.6228	-0.2565	0.5575	-1.1075	0.9298	0.3658	0.2033	-0.3466	0.0427	1.5144	-0.4927	0.0246	-0.8559	-1.3893	0.5780	0.7448	0.0619	2.3960
0.3763	-0.3672	1.1613	0.8450	-0.7002	-0.7911	2.8757	-1.6712	-0.7550	0.4135	1.4512	1.5562	-0.0208	1.2968	0.2311	1.7847	0.1530	1.3470	-0.6254	-0.0406	0.2951	-0.3318	0.4733	-1.1600	2.0253	0.7940	0.3774	-0.4649	0.4572	-0.0428	1.2251	-1.6008	1.0257	1.6154	-0.8344	-0.8727	-1.7390	-0.9739	0.4205	0.3363	0.3336	-0.6952	-1.2857	0.8036	-0.1337	-0.5995	1.0932	-0.5861	-1.2301	-1.0508
-1.1973	-1.4600	-2.1897	0.4583	-0.6456	-0.3298	0.0614	0.0532	0.7575	0.5481	-0.5868	0.3423	-0.2821	-0.7759	0.2490	0.3841	-0.2894	-1.0710	0.6057	-1.5503	-1.7837	-1.9210	0.9910	-0.0826	0.1241	0.8220	0.2024	-0.4182	0.7929	0.1330	-0.4132	0.6377	-0.0327	-2.1176	-0.5267	0.9754	-0.1700	0.2640	0.5682	-0.7225	-0.6236	1.6057	1.0742	2.0803	-0.3487	-1.6501	-0.3310	0.2185	-0.4504	1.4836
-0.1957	0.1636	-0.5466	0.8289	2.1423	0.4621	0.5116	0.1201	-0.6691	2.2307	-0.5322	1.0314	1.8889	1.5247	0.4369	-0.3941	0.0145	-0.6913	-1.1939	-0.7421	1.0043	0.2262	-1.5350	0.2881	-0.0790	1.0850	1.8536	-0.0764	0.8725	-1.8088	-0.5965	0.7771	-0.0865	0.1723	-0.5131	-0.7798	-0.5364	-0.1475	-1.5483	-1.7009	0.2718	1.8864	-0.3254	-0.1475	0.1195	-1.1197	-1.1718	-0.0013	-0.4697	-0.1332
-0.6988	-0.3324	0.6306	-0.5605	-0.2851	0.3733	-1.7058	-0.8576	0.5592	0.4116	-0.0312	-0.3140	-0.2469	-0.6614	0.7332	1.2520	0.7615	0.5124	-0.7862	-0.6305	0.3946	2.1184	-0.8698	-0.0025	0.7118	0.8595	-0.0152	0.6075	0.8359	0.8786	-0.2064	0.3805	0.8610	0.5201	0.0158	0.0200	-0.8727	0.9003	-0.8559	0.4046	0.5371	-0.3761	0.8788	2.3077	-0.3011	1.3524	-0.8646	0.1098	0.4153	-0.1706
-0.8707	0.9742	0.0493	1.1022	-0.3431	0.1489	-0.1283	0.6039	-0.7525	-0.1886	-0.3849	0.0408	-0.4607	-2.5556	0.2453	-0.4493	-0.0504	-0.2956	1.0850	-1.5829	0.6313	0.3519	0.6252	-0.6770	-0.7198	0.6541	-0.2878	-1.1383	0.2686	-0.1631	0.1483	0.2884	0.1970	1.0689	0.5027	1.0916	-1.0365	-0.6505	-0.6228	0.2764	-0.6361	-0.1411	0.0299	-0.0788	0.7902	0.6376	0.8045	-0.3137	-1.3978	-0.8540
-0.3075	-0.2433	0.8848	-0.3792	-0.1728	-0.1666	-0.1268	0.6980	-0.5465	0.1984	1.1080	1.5125	0.1559	0.6960	-1.5088	-0.7541	1.1617	0.2787	0.1997	-0.0298	1.1118	0.4767	1.4800	-1.3075	0.2294	0.0887	0.9179	0.7235	1.4187	3.2519	0.6790	0.7227	-2.3030	-0.3035	1.7274	-0.0719	-0.5121	0.2213	-0.0124	1.3868	1.3483	0.9110	-1.6167	0.9278	0.0274	0.2096	0.4501	-1.6927	-0.6628	0.3476
-0.7917	0.6207	0.8363	-0.7565	0.2493	-0.3017	-0.8817	0.6510	-2.1143	-0.8719	-0.0859	-0.3295	-0.8533	0.1856	0.0026	0.7172	-0.2773	-0.8285	-1.1986	0.7025	-0.5342	1.1725	0.2306	-0.2576	-1.4601	-0.7707	-0.4600	-0.8768	0.5390	-0.0333	0.4988	-0.3084	0.4195	0.2748	-1.2725	-0.2177	1.3262	-0.9120	-1.6160	-0.4808	-0.7833	-0.4868	1.1302	-2.2076	1.1067	-1.1469	0.3250	0.4565	-0.5724	-0.0507
1.3946	0.7413	0.2185	-0.4956	-0.6419	-0.9473	0.0231	-1.5795	0.1576	-0.3040	-0.5915	-0.4000	-1.0594	0.0337	0.0406	0.4643	0.6528	0.6171	0.2791	-1.7667	-0.5556	-1.0050	0.8457	1.5840	0.4742	0.8770	-1.4273	-0.4906	1.1356	1.3239	0.9793	0.0010	-0.2000	0.7598	1.2477	-0.2317	-0.8588	0.6562	0.7564	-0.6759	-1.0571	1.1363	0.7751	0.7221	-0.6314	-0.9587	-0.4780	-0.8204	0.8489	-1.6403
1.1813	0.4619	1.1121	-1.2585	-0.1840	0.1840	-0.2708	0.3866	0.8058	0.3192	0.7555	0.4782	0.9168	0.1089	0.4139	-0.2744	0.5608	0.4461	-1.4615	0.3365	1.8565	0.5127	-0.6549	0.6509	0.7776	0.9905	0.0527	-0.6326	0.7173	-0.0105	2.1341	-1.2312	-0.4933	-0.9786	1.0293	-1.7011	-2.2778	3.1779	-0.9735	1.4138	0.8470	0.2243	-1.4433	-0.4064	-0.1738	-0.0890	0.2435	0.8600	1.2411	1.4665
0.3378	1.8642	1.9892	-0.0492	-1.0220	-1.5517	0.7490	2.3510	0.4785	-0.2899	-0.2622	-0.1336	1.3295	1.6231	-0.3301	-0.4612	-1.8607	0.9150	-2.0833	0.2532	-2.8198	-0.1419	0.2656	-0.9930	-0.3084	0.4310	1.8018	-0.1266	-2.4002	1.7505	0.2712	0.4750	0.9259	-0.1685	-0.5815	-1.1169	-0.7790	-1.1654	1.1533	-1.1780	-1.2251	-0.0049	1.0246	-0.9109	-0.0592	-0.4210	0.9458	-1.0299	-0.0262	0.5390
1.2144	-0.1326	1.0754	0.1367	-1.9943	0.9749	-0.4813	0.5123	0.4426	-1.9900	-0.0363	0.5963	-1.0415	-2.0268	-0.1709	-1.3191	1.8384	-1.1571	-1.2379	0.0185	-0.6699	-0.4003	-0.6769	1.1536	1.4050	-1.0095	-0.7503	0.8939	1.0642	-0.8198	1.1239	0.7221	0.1665	-0.6484	-1.5059	-1.1632	-0.1507	-1.5080	-0.6803	-0.7888	-0.6268	0.1464	-0.8566	-0.7413	-1.5500	-0.7842	-0.8068	0.3159	-1.2834	-0.3784
-0.8591	0.7874	0.1892	0.4399	-0.4717	-0.6589	-0.0537	-0.0198	-0.0338	1.0785	-0.6981	1.9106	-1.6885	-1.6016	-0.0521	0.7052	-0.4278	0.4698	0.1868	0.2090	1.3161	0.0105	0.1893	0.3774	0.5981	0.8846	0.6795	-0.0499	-0.2420	0.3999	0.7339	1.2062	-0.6919	0.8000	0.5644	-0.8806	0.6695	-0.5136	-0.5659	0.2327	0.6072	1.4933	-0.5806	1.5109	-0.4551	1.4737	-0.1112	-0.2333	-0.2247	0.5725
0.8251	0.7236	-0.3528	-0.1964	-1.3252	-1.5947	-1.9218	0.5723	-1.4129	-0.7932	0.5261	-0.0406	0.7168	0.5449	-0.3422	1.1934	1.1705	-1.6188	-2.2362	-2.0266	0.8473	-0.0954	-0.1286	0.6985	-0.8688	0.1538	0.4014	-0.4607	-0.8625	0.1583	0.9840	0.1190	-0.4051	-0.0521	-1.0156	-1.3134	-0.8240	0.6047	-0.9368	1.7431	-0.0609	0.1904	-0.3588	-1.7902	-0.0814	-0.7174	-0.8042	1.0982	0.2768	-1.0025
0.7630	0.1314	0.8578	-0.8024	0.8696	-1.1699	0.5816	0.4531	-0.8258	-1.1155	0.8115	1.2707	-0.7512	-0.6967	-0.1592	-0.8784	-0.7571	-1.8626	0.0835	-0.5196	0.0423	-0.1986	0.8473	-0.1940	0.7137	-1.4971	1.0481	-0.9829	-0.4374	0.1456	-0.0428	-0.3063	0.9606	-1.7729	-0.5911	-1.4559	0.8951	1.2633	0.4302	-0.6184	-1.4755	-1.5146	0.0205	-0.0037	-1.8705	-2.0003	-1.7965	1.3160	1.0085	2.0236
0.0088	-0.0865	0.7045	-0.9574	-1.0290	0.8683	0.3829	-1.9103	1.1292	-0.5868	0.3765	-0.6228	0.2529	0.2815	-1.6742	-0.1008	0.2238	-0.6215	-0.3582	-1.2742	0.1054	1.7427	0.6363	-0.9400	0.8916	-0.3993	-0.1379	-2.2236	-0.0275	0.7467	-0.6028	-0.9119	0.7578	0.7189	0.3492	-0.2317	-2.0762	0.9156	-0.2888	-1.1784	-0.0119	0.3836	-0.6515	-1.0896	0.1344	-0.4233	1.2150	1.0153	0.7855	-1.1758
0.6717	1.2138	0.3428	0.1542	0.0458	-1.0913	0.7144	-0.1696	-0.9255	-0.7757	-1.0149	0.9008	-0.1313	-1.0774	0.2543	0.0593	0.6080	1.3746	0.7352	-0.3565	0.6145	-0.7422	-0.2126	-1.4390	-0.8445	0.5758	0.1125	0.8097	1.8888	0.6763	0.4948	-0.7611	0.0952	-0.0337	-0.5457	-0.9018	-1.0927	-1.2361	-0.4963	2.2628	-0.1155	-1.1666	0.5577	-0.2026	0.7613	0.5642	0.4978	0.5176	0.8277	-0.0270
-0.7911	-0.0818	-0.8305	0.7391	-0.1411	0.3320	-0.7176	-1.0491	-0.6988	-0.5938	2.4596	0.1117	-0.3047	-1.1934	-0.3228	0.0847	-1.0136	0.0899	-1.2817	0.3698	-0.9794	1.5434	-1.0621	0.9072	-0.0357	0.6961	-0.9564	1.0349	1.3486	0.8768	0.1221	-0.1626	-0.3736	-0.1446	-2.4191	-0.9738	0.9475	-0.8593	-0.9470	0.1897	-0.3338	0.8601	0.8010	-1.5811	-0.2933	0.4848	-1.3453	-1.2372	-1.4116	-0.3176
1.1842	1.1084	0.9942	0.3642	-0.9179	0.6616	0.8504	0.8334	0.9851	0.7189	0.1056	-0.6308	1.6001	-0.0338	-0.9409	1.7008	-0.2812	-1.3806	-0.4495	-0.4390	-1.0771	0.0103	-1.4547	1.0876	0.1002	0.8442	-0.2803	-1.5018	-0.1335	0.7555	-0.1794	1.3182	-1.5390	-1.2461	-0.4330	-0.1809	1.0180	-0.4845	0.8766	0.2577	0.5365	-0.5357	0.0805	0.4105	-0.1256	-0.5123	0.4738	-0.9891	0.2207	1.2931
-0.7467	-0.2422	0.2499	1.1040	1.1594	0.4048	0.5536	-0.0797	0.6553	1.4544	1.0784	-0.8330	-1.1319	0.1634	0.6827	-0.7740	1.5823	-2.2746	-1.6129	1.3147	1.5942	-0.1773	0.9497	0.1988	-0.0858	1.5757	-0.0987	0.3372	1.5292	-0.1561	1.5131	0.0999	-1.6043	-0.0036	0.4484	-0.0192	-0.0390	-1.3525	-0.8618	0.0123	-0.2836	0.2599	-0.5853	0.6822	0.2766	-0.6226	0.2219	-1.7572	0.6591	-0.1769
-0.8503	0.9989	-0.7112	-0.1737	1.4121	0.6086	-0.3035	-0.4538	0.5742	1.3672	-0.4534	-0.5727	0.0027	-1.3463	0.4134	-1.1492	-0.7431	-1.7376	-0.3445	-0.6534	-0.3909	0.7307	-0.8715	0.7345	0.0316	-3.0694	0.4338	1.2028	0.1883	0.1672	-1.2789	-1.2777	-0.1022	0.5303	-0.4521	0.0786	1.7601	0.4577	-0.1532	-0.7242	1.5804	-2.1800	1.0423	-1.0933	-0.9676	-0.2576	0.0712	-0.0928	-1.1804	1.1245
0.0064	-0.6225	0.3029	1.0462	-0.5932	0.8505	-1.2767	-1.0780	0.2114	1.0905	0.4365	0.9624	0.1245	-0.8267	-0.1153	0.4071	-0.9985	-1.7695	-0.2989	-1.6990	1.5247	0.2069	-0.4319	-0.3707	2.5319	-0.4538	1.8775	0.8461	0.6703	-0.7666	-1.1746	1.5040	0.3765	-0.2626	-0.2446	1.5983	0.7019	1.0044	1.4287	-0.9355	1.5707	0.2077	0.9507	-1.2049	0.8696	-0.3963	0.7609	-1.3738	-2.2403	1.1455
-0.2990	1.7459	1.4091	-0.5067	-0.4749	-1.7088	0.5653	0.1628	2.1746	2.6551	1.2390	0.0811	-1.6743	-0.6284	0.8842	-1.4041	-1.3877	1.3935	0.0672	-0.5075	0.1111	-0.1223	-1.0872	0.7361	0.5456	-0.7766	-1.0023	-0.8717	-0.7649	0.7521	-0.3847	1.2848	0.1037	-1.2747	1.0056	0.9300	-0.5566	2.0042	-1.8389	0.0508	-0.1831	0.7682	-1.2019	-1.0017	1.5578	0.6789	-0.8350	0.7475	0.4147	-1.1342
1.7649	0.8937	0.4143	-1.0261	-0.8585	-0.1457	0.8615	1.5800	-1.7466	-0.5340	-0.3466	-0.3600	-0.7208	0.8103	0.4292	0.0109	-1.3603	-1.0262	2.0227	-1.9978	0.6746	1.5933	-1.4295	-1.3407	-1.6470	-0.6664	-0.3802	-0.6598	0.4195	-0.2419	1.6208	0.2522	0.6910	0.8628	-1.2062	-0.3695	-0.4743	1.3592	-0.4794	1.1325	-1.3368	-1.2444	0.8487	-1.4443	2.2376	-0.0067	-0.3661	-0.7295	0.1683	-1.8005
2.0270	0.4159	-1.1416	0.6724	-0.3051	-0.8426	-1.4146	0.1227	-0.6444	-1.3214	-0.9455	0.4777	-0.1206	-0.0269	0.4709	1.3163	-1.0909	-0.9711	-0.6578	2.4230	-0.6048	0.2086	-0.0404	1.4931	0.5183	-1.0296	-1.1503	-0.9526	-0.7349	-0.8629	-1.2340	0.1623	-0.0785	0.6214	0.7478	-0.5919	1.0229	0.1823	2.2171	-2.1258	0.0244	1.1602	0.8203	-1.5266	-0.3853	1.3790	1.6327	1.6702	-2.6996	-0.5983
-2.0639	0.0595	0.2197	0.7778	0.4694	0.2243	1.3908	-0.3240	-0.3287	1.2118	1.1580	1.3853	0.5107	0.2207	-0.0330	0.9819	-0.5208	0.5500	0.2200	-0.5338	0.2467	-0.3749	1.3307	0.8733	1.0207	-0.1026	1.3117	-0.0962	1.8042	-2.6089	-1.3713	-0.1157	0.1707	-0.7014	3.2152	-1.0728	-0.3677	0.3271	-0.5892	1.6993	3.3841	-0.5066	1.0065	0.8621	-1.8075	0.6803	2.2883	0.5065	-1.3373	0.7473
-0.2800	-0.4739	0.8966	-1.0098	0.6251	-0.5444	-0.1424	2.5077	0.4109	-0.4812	1.6557	1.3179	0.2769	-0.1642	-0.4739	-1.9541	-1.0268	-0.0210	2.0646	0.3188	-1.3503	-0.0226	2.4567	0.3076	1.1568	0.6092	0.0323	0.9240	-0.0959	-1.1412	-0.6996	0.3163	1.0232	-1.1720	-0.8859	0.4952	0.3700	-0.7251	-0.6028	0.4645	0.5745	0.2515	0.5325	-0.4805	0.8975	-1.7362	-0.9701	0.3160	-0.7274	0.5213
-0.0686	0.8893	0.7681	-1.0298	-1.2829	-0.1963	-0.6853	-0.6025	-1.5034	-0.1788	-0.5026	-0.5035	0.8435	0.4196	-1.4476	-2.1247	0.1986	-1.8763	-0.3516	-0.7753	2.7940	-0.1199	-0.3679	0.8854	-0.9694	0.0331	0.4353	0.7691	-0.7834	-0.4321	-0.0458	0.2212	0.4173	0.8217	-0.9186	0.4468	-1.8939	0.9608	0.4658	0.9661	-1.7940	1.0069	0.4839	-1.0811	1.8448	-1.6850	-0.6370	0.4124	-0.1158	0.4084
0.0725	0.4156	0.5455	1.2426	-1.5142	1.0275	-0.8645	1.0741	1.7537	-0.0543	0.5993	-0.0106	-2.2207	-1.0973	-0.1598	0.4564	0.3411	-1.9959	0.1325	-0.5545	-0.3424	0.1972	-0.2337	-1.0271	0.2407	0.5521	1.1077	1.8138	-1.1274	0.1970	-0.2085	-1.9618	-0.5251	-0.6583	0.4379	-0.1107	-0.0774	0.8353	0.9053	0.5706	0.3607	-1.4621	-1.2701	-1.0245	0.8338	1.2185	-0.4465	-0.6894	-1.2131	0.0331
-0.0794	-0.9197	-2.2400	0.7259	-0.2491	2.2848	-0.1774	-1.4282	0.9593	-0.1800	0.3276	1.0062	-0.6705	0.7106	-0.9212	-0.7071	1.9636	0.4949	1.4426	0.0094	-0.3683	-1.7048	-1.6822	1.0532	-1.0000	-0.6498	0.7044	0.5220	-1.9607	0.8315	-0.1776	-0.5768	-0.2706	1.4425	1.1629	0.8254	0.1437	-0.7548	0.5415	-0.3750	-1.0879	1.6899	0.4666	0.1230	-0.8168	0.9852	-0.4573	-0.1795	-0.2156	0.5736
-1.6864	1.0071	0.8493	-1.6369	0.2003	0.1191	-1.3672	1.8944	0.3249	-0.0246	1.0778	-1.1300	-0.6445	-0.1762	0.2203	-0.2714	1.1789	0.7927	-0.3061	0.0720	-0.3370	0.6367	0.9724	-0.1598	-0.2379	0.2902	-0.2995	0.3831	-1.8531	-0.3237	1.0751	-1.4295	0.3658	0.0063	-1.5821	0.0675	-0.9739	-0.0763	2.7803	1.6019	0.3622	-0.8076	0.3631	-1.0101	-0.7001	-1.1196	0.4695	1.1861	-0.6841	0.4370
-0.0313	0.1241	0.4257	-1.0106	0.3224	-0.4086	-1.5194	1.2289	0.0945	-0.6865	0.3757	-0.3203	1.9473	-1.1961	-1.1841	-0.5908	-1.3107	-0.9974	1.0363	1.5901	-2.0297	-0.0574	-1.9018	0.3115	0.5203	0.0157	0.2192	-0.3079	-0.9584	1.4666	-0.6870	0.8844	-0.5295	-1.7382	0.6087	-0.3482	0.4503	0.0516	0.8166	1.3361	0.4638	1.2523	1.3929	0.3059	-1.6045	-0.7036	-0.6378	0.6942	0.2704	-0.5548
-1.9746	-0.6391	-0.9566	2.4348	-0.7678	-1.2286	-0.8708	0.3634	1.0710	-0.7111	0.8162	1.0084	-1.1931	1.3452	-1.5254	0.1569	0.9575	1.0817	-0.1196	-0.8411	-1.2555	0.4350	-0.5038	-1.6417	0.4271	-1.1977	-1.1330	-1.6116	-0.2508	-0.9588	0.3907	-1.2900	0.2801	-1.5352	2.1896	2.2821	0.2269	-0.3708	-1.3951	0.8488	-0.8077	0.3046	0.3105	2.1382	0.1818	-0.2396	-3.1892	1.0614	0.4753	0.4092
-0.1062	-1.0230	2.0433	0.2336	-1.4318	-0.8158	0.0341	-1.4935	-0.5980	-0.1563	0.3510	1.4879	0.6795	0.2172	-0.9493	-1.6443	-0.0543	0.1545	-1.0119	1.1660	-0.9191	-1.0965	0.0028	0.0765	-1.3372	0.0174	-0.9384	0.8156	0.8282	0.2439	0.4655	0.5840	0.7190	-0.0501	0.0691	-1.6986	0.7612	0.3771	-0.5396	0.9313	0.3285	-0.2169	1.4482	-1.0458	-0.0352	1.9362	-0.8520	-0.4414	-0.4304	-0.8194
-1.5059	-1.1156	-2.4958	-1.4851	-1.0989	1.4995	-0.4432	-2.3592	-1.3586	-0.6320	-0.0426	0.1615	0.2448	-0.2431	-0.8802	-0.3272	0.3184	1.1998	1.4789	0.3171	-1.2879	0.4729	-0.4218	-1.0847	1.5560	-0.6844	2.5514	-0.6812	-0.8964	-0.6703	-1.8077	-1.4710	1.7622	0.9630	-0.7199	-0.8880	1.5601	1.2663	-0.3271	0.6064	0.3989	-0.6105	-0.0366	0.8202	0.3728	-1.6150	-0.4575	-0.3716	-0.3845	0.1018
-0.0636	-0.3507	0.9535	0.1589	2.6660	-0.1705	1.2777	-1.7714	0.0726	1.5983	0.5550	2.2945	-1.1620	0.8452	0.3680	0.4481	1.5329	-0.3930	-0.5325	-0.2325	-0.6352	-0.1182	-1.5185	0.0700	-0.7748	-0.0660	0.2337	0.2898	0.4371	-2.2699	-0.3978	0.3537	-0.3301	-1.9256	1.3188	-0.8107	-0.9659	0.7379	-0.2320	1.3810	1.1538	0.5302	1.0853	-0.6381	1.5235	0.4794	2.5044	1.0570	-1.0335	-1.9807
0.2511	0.6172	2.1762	1.5743	-1.4546	0.2465	1.2953	0.6641	0.1404	0.3223	-0.1087	-1.9686	-0.5726	0.4154	0.5866	-0.7290	0.5961	-0.1222	0.7934	-0.1264	0.8176	0.7921	-1.2683	1.2634	0.6580	1.2509	-0.3116	-0.0020	1.3647	-0.1956	-1.6294	-0.2362	-1.5912	-0.1946	-0.4630	-0.5274	1.8649	-0.4663	-0.7374	0.6940	0.7646	1.0696	-0.6860	-0.6708	0.1041	2.4176	0.2802	2.0527	0.3122	0.1569
0.9317	0.3191	1.4311	0.6808	-0.8809	-0.3873	1.1308	-1.7105	-0.2059	-1.3610	0.8555	0.5189	0.5321	-1.3542	0.5837	1.6923	-0.7133	0.3268	-0.9210	0.9745	-0.2040	0.1113	0.7806	0.0754	-1.1784	1.4072	0.7448	-0.9111	1.5772	0.3051	1.1344	0.5189	-0.8998	-0.4101	0.4591	-0.2120	-1.1559	-0.3001	-0.5102	0.9514	-1.5858	-1.1374	-0.4671	-0.8705	0.0145	-0.0637	-1.1424	0.9592	-0.7441	1.1334
-0.6415	-0.6360	1.5076	-0.0904	-0.6131	0.2076	1.4858	-0.8747	-1.1418	-1.8366	-0.4887	0.9642	0.1334	0.5029	0.1383	-1.5271	-1.1781	-1.3830	-0.4578	-0.9092	0.2340	-2.5304	0.7716	-0.6904	-1.9875	0.5289	-1.9641	-0.8959	-0.0055	0.8102	1.7694	-0.8916	0.3767	1.0887	1.0254	0.1052	0.8763	0.8087	1.1817	0.2012	2.5057	-0.0998	0.8290	-0.1546	0.0425	-2.0659	1.6413	0.2112	0.1392	-1.7573
-0.0528	-0.5276	0.6381	-1.6950	-0.5601	0.8544	-0.6670	-0.5625	-0.5367	-1.4981	-0.7367	-0.7929	0.6341	0.3082	-1.3143	-2.5708	0.5587	-1.1948	1.3585	1.5678	1.1550	0.5370	-0.7977	0.7528	0.1489	1.6337	-2.5100	0.9265	0.0861	-1.0640	-0.1949	1.3453	1.2704	1.4915	1.1676	-1.5299	0.4100	2.5283	0.1578	-1.4124	0.3155	0.4879	0.6965	-0.0716	-0.0914	0.3739	-0.4907	-0.4216	-0.4243	-1.2995
1.6018	0.1854	0.1208	0.5187	-0.2998	0.9585	-0.0131	-2.6270	-0.8566	-0.9943	1.6360	1.0570	1.3769	-0.5891	0.7087	-0.3603	-0.0010	1.1853	-2.3057	0.5255	1.7735	0.0811	0.9698	-0.2347	0.0075	1.7645	1.3934	0.5659	-0.2464	0.6147	-1.5164	0.4870	-0.0380	0.4177	-0.6279	-0.5192	0.5217	0.2444	0.1672	-1.5618	0.6973	-0.1099	1.6464	-0.6738	-1.2244	-0.9661	1.6176	-0.9181	-1.2838	-0.8300
-1.3738	-0.0105	-0.0214	-0.3781	0.3578	-0.5973	-1.7802	-0.4712	-2.1025	-0.7404	0.6501	-0.8325	0.4159	1.5058	1.2888	-1.5696	-0.2690	-0.2871	-0.5909	0.1766	0.2277	-0.5250	-0.6090	-0.2173	1.7214	-0.7517	-1.1476	-0.9592	1.5012	0.8337	-0.0235	-1.4271	-0.5585	1.1584	-0.2482	0.9957	-1.0197	-0.3925	0.4445	0.2012	-0.5305	-1.5337	-0.4585	0.6574	-0.6180	-0.1233	-0.3387	0.7838	-1.0558	0.2603


