
X1	X2	X3	X4	X5	X6	X7	X8	X9	X10	X11	X12	X13	X14	X15	X16	X17	X18	X19	X20	X21	X22	X23	X24	X25	X26	X27	X28	X29	X30	X31	X32	X33	X34	X35	X36	X37	X38	X39	X40	X41	X42	X43	X44	X45	X46	X47	X48	X49	X50
-0.6572	0.4008	0.4916	-0.2372	-1.4931	0.0203	0.3526	-0.1038	-0.9629	-0.4413	0.2170	-0.7192	3.2259	-0.6386	-0.5336	1.4425	0.9516	0.4808	-0.3095	0.7837	0.4068	0.7820	1.2216	0.3953	1.6925	-0.8218	-0.3952	2.2429	0.8259	-0.3849	0.8777	-1.6116	-0.6974	1.3002	-1.6514	-0.0370	1.1698	-0.6304	1.0973	0.7048	-0.1191	0.6188	1.0524	-2.1136	1.3765	-0.7205	0.7257	-0.2122	0.8642	1.7188
-1.4827	1.2489	-0.0283	0.3584	0.1484	0.4340	-0.9333	0.3525	1.6874	1.0563	1.0197	-0.1691	0.5363	0.8377	-0.0896	-0.6834	0.2359	0.6531	-1.6549	-0.4393	0.4902	0.8925	1.3454	1.1254	-0.7697	0.1085	0.7937	0.0990	-0.5504	0.7173	0.8424	-0.8206	-0.4558	-0.0221	0.2573	-0.4168	-0.9726	-0.8203	-0.7024	-0.0606	0.9019	-0.3540	-0.1075	-0.1673	-0.7881	0.2718	0.4758	0.6110	-1.0191	-0.8213
0.2237	0.9536	0.1251	-1.1615	-0.1375	1.1003	0.3908	-1.3393	-0.9904	-0.6639	-0.1141	-0.2101	1.0140	1.0573	-1.1994	-0.6458	0.4768	-0.1396	0.0974	-0.5504	-0.0129	-1.0509	-2.2750	0.6565	0.6451	1.4530	-1.4968	0.1489	-1.2945	-1.4132	0.3101	0.3813	-0.6278	-0.0121	-1.2768	0.2069	0.5389	0.9229	-0.4234	-0.9529	-0.2505	0.7958	-0.4537	-0.5702	0.1732	0.6037	0.5184	0.4441	-0.8994	1.4941
1.4712	-0.5319	1.6436	0.8348	0.5634	-0.4053	0.1679	-0.4269	-0.6007	-0.7132	-1.3018	1.4408	0.6905	0.5316	0.3944	0.1084	0.8172	1.1362	-0.3611	-1.1194	0.2560	-0.2872	1.4025	-0.2548	-1.1732	0.3617	-0.0430	-1.0352	-0.9130	-0.4397	0.9351	-0.9673	-0.3659	-0.8772	-0.8405	-0.3694	-0.8906	0.3913	-0.0108	1.2508	0.7432	0.2245	-0.2280	-1.2914	-0.9831	0.4839	0.0484	0.0587	0.1604	-1.1550
-0.4296	1.7758	1.5006	-1.1366	-2.0725	-0.4439	-0.7886	-1.2603	-1.2950	-1.0740	-0.4031	-0.3546	-0.3690	0.2094	-0.5550	-3.4490	0.0533	-0.1249	-0.2781	0.9772	1.7674	-1.6302	2.2248	0.4931	0.6439	-0.7297	-0.5523	0.7593	2.3248	-1.3225	-0.4664	0.5937	1.3593	-1.0679	0.7153	2.1658	1.0236	-0.3757	0.9725	0.1693	0.2765	-0.4321	-0.6420	-2.1252	-0.6638	1.6069	-0.1067	0.8820	1.5743	-0.0091
-2.1547	0.9538	-0.7627	-0.9009	0.3219	-0.3949	0.6172	-0.5702	-0.1750	-0.3143	-1.5963	2.4285	0.7830	-1.3651	-0.9201	-1.3758	-2.0942	0.1144	-1.1323	0.0008	0.5473	-1.4796	0.0179	-0.8644	-1.0678	0.7977	-0.1816	0.0288	-1.0356	-0.2184	-0.3754	-0.4081	0.8498	-0.2212	0.7869	-0.8654	1.9327	-1.4480	0.2948	0.2429	0.9707	-1.3069	0.5611	1.7426	-0.6137	-1.1081	0.1173	1.6668	-0.1293	0.5721
1.4269	-0.5028	0.7939	0.1200	-1.2841	1.0352	-0.6648	-1.5727	1.1625	-1.7217	-0.4778	0.0863	-0.5463	-0.4326	-0.3459	0.5709	0.4009	0.1122	-0.7795	0.0260	0.3101	-0.7873	-0.2301	-1.4378	-0.3455	0.5064	0.6449	-0.0810	1.2002	-0.3167	-0.8127	1.4418	0.0557	-0.9904	0.1190	1.4704	-1.2589	0.5901	0.8088	-0.3162	-1.6219	-2.9613	0.6328	-1.4141	-0.6950	-0.2645	0.3714	-1.2058	1.0566	-0.4206
0.4833	0.2263	0.2706	1.3339	-0.7402	1.0493	0.2851	-0.6030	1.3570	0.6852	0.1801	-0.3194	0.1950	0.1092	1.0647	-0.9368	-0.5141	0.4218	0.8430	-0.4427	-0.4784	1.1247	-1.3516	-0.4328	-0.5190	1.9577	-0.3213	0.9204	-0.3856	-2.8182	-0.3225	0.2786	0.9385	2.0448	-0.2845	-0.0080	-1.6172	0.4631	-0.4706	0.7705	-0.1126	0.4374	0.5713	-0.8763	0.8559	0.3449	0.2348	-2.7316	-0.0734	-0.3733
-1.4370	0.5393	0.0973	-0.1013	-2.2117	0.7379	-1.3766	0.2970	-1.0388	-0.8896	0.5366	-0.3852	-0.8078	-0.4439	-0.1253	0.3512	-0.5548	-0.6316	0.2344	-0.6281	0.5297	0.8231	-0.2537	-0.8659	-0.0153	0.1274	-0.4933	0.1635	1.1726	-1.1432	-0.1013	0.0314	1.1776	-1.1419	-0.0501	0.6178	2.0886	0.6750	-2.1787	0.2454	0.1729	-0.1945	-0.4624	0.0529	0.2234	0.1250	0.4135	0.5278	0.0045	0.9289
-0.0471	0.5310	-1.1202	-0.2284	1.0213	0.5899	1.4545	-2.1366	0.3989	-1.0500	-1.0291	1.3246	-0.2001	-1.1907	-0.0162	0.7766	-1.2488	-3.0011	0.9140	-0.1085	1.1556	1.0262	-0.1048	-0.7817	1.0423	0.2847	-0.8087	-1.2850	-1.4748	0.3415	0.5301	0.3451	0.3168	-0.9687	1.2928	-0.1935	-0.9598	-2.5071	-0.8076	-0.1291	1.3247	0.1348	0.8488	1.3009	-0.2858	-0.6282	1.6508	0.7343	0.6973	0.0729
-1.1743	-0.2930	0.5944	-0.4629	-0.7691	1.8279	1.1165	0.8893	-0.1898	0.0742	1.5578	0.9293	-0.6508	0.1758	0.5190	-2.0700	0.7322	-2.2988	0.5594	0.7047	-0.3753	1.0601	0.2779	-1.3567	-0.7432	-0.5530	0.4218	1.7260	0.8926	0.7482	0.7626	1.2298	-1.7069	0.0787	0.3088	0.4260	-1.5811	-0.1609	-0.1630	0.9368	0.3382	0.0434	-0.9013	-0.9811	-1.0819	-0.1403	1.2160	-1.1659	1.0619	1.5326
0.6323	0.0015	0.9394	1.3274	-1.5940	-0.8111	0.2100	1.6976	0.7900	-1.2792	-1.1003	1.1348	1.1300	0.3831	0.8688	0.2171	-0.4455	1.1845	0.7548	0.8416	0.4447	0.3867	-0.6334	0.9613	0.6580	-1.2909	0.2118	0.0070	0.1754	-0.6657	0.4525	-0.3654	-0.3911	-0.3752	-0.5361	0.7890	0.1668	0.2841	0.7837	-1.3614	0.7770	-0.0078	-2.5292	0.7347	0.1554	0.7139	1.3176	-0.0267	-0.2552	0.0991
2.1250	1.8625	0.9099	-0.6406	-0.5699	0.5675	-0.2744	-0.9898	0.1751	1.1744	0.9792	0.6659	-0.0129	-1.2195	0.2430	-0.1914	0.6027	-0.2917	-1.1960	2.3155	1.2360	-1.1374	-0.2762	0.2570	-0.7048	0.6927	0.3525	-0.2520	-0.3067	0.3919	-1.3872	-0.9395	0.5102	-1.4676	-1.0300	-0.3031	0.5559	-1.5948	0.0196	0.3929	1.1252	2.8446	0.7997	0.0047	0.6051	0.2210	1.2184	1.3384	-1.1224	1.8341
-0.5540	-0.3216	-0.1846	1.3385	0.4496	1.9693	0.5487	0.4995	0.2730	-1.2058	-0.1437	1.4996	-0.3516	0.4832	-0.6042	-0.3378	-1.4905	-0.4445	-0.4348	0.7699	-0.9919	1.0649	1.0658	-1.4207	0.3614	-0.7425	0.0270	0.2374	-0.4315	-0.3715	-1.2178	-0.7366	-1.1072	-1.8672	0.3081	-0.6879	-1.2825	0.2510	0.2175	0.2147	-1.3455	-0.2708	-1.3701	-0.2144	0.0292	0.4343	-0.4546	-0.4795	-0.0813	0.1099
-0.7251	-0.4447	-0.1444	-0.4001	1.8505	-2.0359	0.9934	0.7774	0.7331	-0.1672	-0.4918	0.8176	0.0204	-0.8753	-1.0850	-0.9487	-0.4218	-0.9412	0.3410	0.3910	-1.6191	-0.4073	-1.3112	-0.2120	0.5134	0.1492	0.3697	-0.3832	1.2332	-0.6699	0.4731	0.6928	1.0648	-0.5185	-2.5233	-0.9994	0.8588	-0.9342	1.2349	-0.3613	0.5664	0.3029	0.9752	0.3136	1.2747	-0.2506	0.4182	0.5212	-0.7044	0.0388
-1.4887	0.4096	1.8196	0.3732	-0.1448	-1.4588	0.2724	1.5669	0.8790	-0.1054	0.4837	1.1605	0.4680	0.7496	-0.2534	-0.6214	-0.8627	0.5186	1.3792	1.8060	1.8708	0.2699	0.9633	0.1895	1.5531	-0.9626	-0.3128	0.3578	-0.4916	0.3355	-0.8369	1.6645	-0.0368	2.1869	-0.2180	0.2883	-0.7203	0.9621	0.4793	-0.8941	0.6327	-0.2804	0.6808	0.0134	-1.3961	0.6480	0.8733	-0.2307	0.5060	-0.2817
-0.8442	-0.0881	0.9221	-0.4263	2.1363	0.3771	1.6781	-0.8321	-0.4295	0.1086	-1.4190	1.2165	0.1223	0.9321	-0.1316	1.5780	-0.3631	1.5499	2.2859	-0.8476	-1.2004	1.4904	0.9802	-2.0621	1.6190	-0.0686	0.5572	-0.9406	0.5925	-2.1702	-1.7660	-0.0489	-0.5980	-0.1489	-0.9002	-0.5614	1.0878	-0.0090	1.1602	0.0765	0.6330	0.4879	0.0984	-0.0534	0.1815	-1.7948	-1.7956	0.2496	0.9989	0.0533
-1.2131	0.5481	-1.0563	-0.2721	-2.5357	0.7321	1.2588	0.8022	0.9076	-0.8219	1.0473	0.2635	-0.6451	-0.0946	-0.6006	0.7223	0.5357	-2.1764	0.4285	-0.5729	-0.4233	-2.4723	-0.6422	-1.1825	-0.1390	2.3778	0.4213	0.2322	0.2376	-0.8370	1.4459	0.6239	1.5705	0.0141	0.3798	0.4567	-0.3368	1.5919	0.0767	1.7904	0.4392	-0.0275	-0.8253	0.0021	0.5330	-2.9647	0.4835	1.1089	1.3551	-0.2281
0.0608	0.4632	1.3384	-0.5170	-0.7412	1.5062	0.1404	1.0081	-1.4623	0.9785	1.7788	-0.2345	-0.6637	1.0449	2.0325	-1.0247	-1.4422	-0.2452	-0.6965	-0.7327	-0.6058	-0.0479	-1.5188	-0.7308	-1.0047	1.5858	-1.0882	-0.0025	0.0419	-0.0893	-2.0160	1.3339	-0.1879	-0.9941	-0.3996	0.4797	0.7314	-0.2268	1.1608	-0.3973	0.2704	-0.3707	0.2904	0.5984	0.2166	-0.0304	-0.0870	-0.8980	0.1441	1.0053
0.0279	-0.3532	-0.4960	0.8675	-0.3702	1.8644	1.5510	-0.8135	-0.2075	-0.1052	0.6777	-0.3493	-0.3510	0.3641	-0.2931	-0.7724	-1.1953	-0.8544	0.7373	-0.3747	-0.4435	0.0597	0.3025	1.8389	-0.6129	-0.9651	1.4038	1.3143	-0.3745	-0.6293	-0.3529	0.4732	-0.2384	0.9217	0.5370	0.2753	0.0096	-0.3824	1.1424	0.6714	-2.0658	-0.1391	-0.7631	-0.1032	-2.4900	0.4629	1.2042	-1.0674	-0.9057	-1.2954
-1.5283	0.5781	0.8266	1.1323	-0.2907	0.6897	-0.7509	-0.9826	-0.0326	0.1533	1.7055	-0.8827	-0.6255	-1.1735	0.8474	0.2900	-0.1536	0.1910	0.8772	-0.3373	-0.7380	-0.9240	-1.0085	0.9646	-0.1168	0.6580	-1.2662	0.6913	-0.3336	0.1752	-0.6093	0.6549	-1.2465	-0.8297	1.5191	0.3199	1.3663	-0.8467	1.2724	1.4021	-0.3121	-0.1338	0.2856	-0.0404	0.5489	-0.6200	-0.4087	1.0700	0.6553	0.9678
0.6084	0.6659	1.7557	-0.8963	-0.3001	-0.2442	1.6036	0.2378	0.7581	-0.2697	-0.3928	-1.5258	-0.0310	0.9005	-0.1973	0.5777	-1.0175	-0.4826	-0.4031	2.2593	0.6708	-0.3150	-1.0822	0.0393	0.1810	1.3681	-1.0172	0.4596	-1.4744	-0.6075	0.0941	1.0506	1.4382	0.3980	-0.7607	-0.2532	-0.1217	0.2177	-0.5395	-0.5176	0.9781	-0.0434	-0.4606	-0.3485	0.3936	0.5201	0.2269	-1.6455	0.4288	-1.8846
0.2575	0.5969	1.0840	1.5588	0.6987	-0.6578	-1.2376	2.5035	-0.0059	0.5693	1.5142	1.0264	0.1689	-0.0987	0.2881	-0.6269	-1.6203	0.0588	-0.3072	-1.5659	1.6938	-0.6453	-1.1300	0.6845	-3.1307	-1.0152	-0.0017	0.6427	-0.8719	-1.0067	-1.3153	0.6570	1.1176	-0.2117	0.2596	0.5573	-1.4349	1.0752	0.8301	-0.2865	0.9775	-1.3216	-0.9823	-0.4714	0.9389	-0.5454	0.3999	0.2256	1.5871	-1.0431
-0.4409	0.1633	-0.7986	-1.6616	0.5106	0.1125	-0.1184	1.8355	-0.8653	1.0435	-0.0332	-0.4158	0.2111	-0.3863	0.7640	-0.7517	1.6184	0.0402	0.6220	-1.3174	-1.2492	-0.5713	0.0536	2.8601	0.7647	-0.3942	1.4245	-0.9528	0.2202	-0.7168	-0.3700	0.5272	0.9590	-0.3427	0.0194	1.4398	0.5033	-0.8475	-0.7568	-1.0985	-0.2949	0.0130	0.7880	1.6965	-0.3291	-0.9341	-1.5793	0.2901	1.2758	0.2822
-0.4878	0.7599	0.3656	0.7491	-0.0282	1.8167	-1.0619	-1.3717	0.8791	1.6872	1.1383	0.9408	-1.1093	-0.6180	0.7466	-0.8203	0.6747	0.8286	-0.6769	-0.5506	-2.0170	-1.7417	0.0535	-1.4826	0.2302	0.4979	0.6283	-0.2716	-0.7625	0.4708	1.8790	0.1934	-0.7143	1.3384	0.2181	-1.1297	-0.0516	-0.9277	-1.3872	1.1650	-1.8055	-0.6008	1.4395	-0.6548	2.0366	-0.6738	-0.8070	-0.0426	-0.0104	-1.2129
-0.0403	0.3926	-0.2016	-0.2485	0.1145	0.6811	-0.1461	0.0489	-1.8612	1.5323	0.3884	0.0809	0.8116	0.5230	0.4889	-0.5539	-0.1924	-1.0608	0.5767	-0.2997	-0.4685	1.6420	1.3698	-0.8698	-1.2147	-0.2786	-0.0216	-1.3012	-1.1509	-0.0716	-0.0770	0.3179	-0.4645	-0.4882	0.3992	1.2996	-0.9808	1.2914	0.0640	1.3682	0.2203	-0.6185	0.4488	0.2867	-0.1373	1.4111	-1.3829	0.4788	1.4158	1.6718
0.3391	1.1613	0.2579	-0.9742	-0.7124	0.1981	1.7736	0.7066	-0.8821	0.8114	-0.3336	-0.0260	1.3203	1.1920	-0.6586	0.5404	0.1138	0.1724	-0.0433	0.1697	-0.0900	0.9356	-0.3615	1.5982	-0.9347	-0.8390	-2.2153	-1.2109	0.7458	0.0417	-0.2314	-0.9180	-0.5374	-0.5187	0.1578	1.4376	-0.0874	0.0858	0.0303	1.6904	-0.4573	-0.2071	0.3318	-1.9593	2.8360	1.5140	2.2639	0.0612	-0.3867	0.5955
0.0033	-0.3653	2.9768	0.4060	0.0435	1.0150	0.9374	0.4678	1.0063	-0.1150	0.3920	0.5971	-0.0612	0.7231	0.0060	0.6745	1.8668	-0.2820	-1.1647	2.1012	-0.3826	-1.2940	0.9081	-0.1935	0.5088	0.0109	1.0652	0.0947	-0.4177	-0.3276	-1.0779	0.6056	-1.7449	0.8084	-0.0930	-0.6469	-1.2969	1.6586	-1.8893	-1.6412	-0.1469	0.5613	-0.8961	-0.1301	0.2782	0.7712	1.9700	0.9481	0.9168	-0.6772
0.7697	-1.9098	1.1985	-0.6476	-0.6336	-0.3185	-0.2065	0.4055	0.1377	0.5856	1.8688	0.1184	-0.8488	1.3669	-0.4267	-1.4031	1.2352	-1.0218	-0.1657	-0.7622	-0.6158	1.0708	-3.1471	-0.0927	-0.4425	-1.3411	0.3367	-0.3453	0.8969	1.4141	-0.2584	-1.0828	0.0791	0.5132	1.4602	0.3041	0.2841	1.0200	0.0657	-1.2098	-0.6768	-1.6281	0.0672	0.7190	-0.1603	-1.3181	-0.8923	-0.3487	0.5377	0.9391
0.2712	0.7154	-1.8128	0.8962	0.2204	0.5278	-1.5915	-0.0153	0.5882	1.4215	0.3656	1.0046	-1.2393	-0.5548	-0.8887	-0.7485	1.0635	-1.1131	-1.5047	0.6827	-0.9180	1.2651	-0.6879	0.6188	1.1000	-0.5747	-1.2644	-0.1657	2.1581	0.4037	0.8903	1.7968	0.2206	-0.7508	-3.1216	-2.5076	-0.5521	-0.7472	0.0137	0.5614	-0.1134	-1.5940	0.1533	2.2717	-0.5557	-0.0292	1.1045	-1.6324	-0.7235	-0.3603
-1.3966	1.8190	-0.5465	1.4145	1.1842	1.9003	2.6796	-1.9231	-1.3756	-0.9080	-0.3119	1.9066	-1.4052	-1.6262	1.3726	-1.1631	1.2180	1.9980	-1.0943	0.6064	-0.4191	-0.8017	0.4232	0.3265	-0.1782	0.3532	0.5958	1.6435	0.6792	-1.1274	-0.2671	-0.5147	0.0681	-1.2558	0.0870	1.1892	-0.2503	0.3980	-0.6950	0.6881	-0.8633	-1.2358	-1.5024	0.5565	0.9572	1.1107	-1.7937	-0.7165	-0.4057	1.1244
-0.4420	-2.1899	-1.7109	0.8686	-0.6315	0.7892	-1.0818	-0.7364	1.0511	-0.8777	1.3915	-0.7348	0.3021	0.1484	1.1230	-1.4534	-2.0128	-1.9951	1.7609	0.4300	-0.6069	0.3897	-0.4383	-0.4468	-0.1441	-0.1746	1.8285	-0.4000	0.3853	-0.3509	0.1573	-0.7064	-0.5466	0.7224	-0.0441	1.6682	0.0901	-0.2246	0.3419	0.4456	0.0750	-0.2516	-0.1635	0.5488	-0.1000	-0.3113	0.3536	-1.6869	-1.5522	-0.3560
-0.0410	-1.3595	1.1356	-1.3278	-0.6609	-0.2773	1.8288	-0.7590	-0.1581	1.0824	-0.4689	0.4711	-0.1754	-2.1633	0.5580	-1.8055	0.3228	0.9181	0.6763	-0.8691	-0.9292	0.2896	-0.4389	-0.8293	0.7296	-0.4503	0.5625	1.7476	-1.3089	0.5190	-0.0245	-1.2140	-0.2926	-0.6755	0.1628	0.4873	1.4926	0.1984	0.4615	-1.0380	-1.8838	2.0073	-0.9696	-1.6660	0.4281	-0.3091	1.5376	1.4475	1.9278	1.2279
-0.6601	-1.0476	-0.9722	-0.7892	0.1259	0.4957	0.5035	2.0816	1.9515	0.8745	-0.2086	-0.6293	-0.1793	-0.0086	-0.8501	1.1635	-0.3220	-1.4418	0.8032	1.4638	-2.0005	-0.0128	-1.0792	1.0767	0.1491	-0.5154	-0.2323	0.4946	0.9897	0.3750	-1.3513	-1.6799	1.2733	-1.8949	0.4783	0.1632	0.6729	0.3732	-0.8217	-0.1884	1.0734	-0.4302	-1.3558	-0.8601	1.4151	0.6117	0.0183	1.1019	-1.3230	0.0927
0.2866	-0.3878	-0.0329	1.1452	1.3102	1.1422	-0.9917	-0.4041	-0.1382	0.8350	-0.3709	0.3479	0.7128	1.5992	-0.3133	0.9431	-0.7536	1.2477	-0.6966	1.3645	1.2003	-1.1508	-0.2092	-0.5140	1.0894	-0.0702	-0.6900	1.7801	-0.1297	0.3910	0.5717	-1.1521	-1.2399	-0.3473	-0.5523	-0.8153	-2.4014	1.7773	1.1570	-0.6384	0.1217	0.2701	-0.2775	-0.9125	0.4780	-0.8968	-0.3080	0.9095	-0.3626	0.6047
-0.4069	1.2638	-1.2761	0.6325	-0.6997	0.5772	-0.0612	-0.2710	1.0590	-0.6555	1.9345	0.0469	1.0865	0.5763	-0.9914	1.4539	-1.1623	0.8319	-0.3049	-0.5452	-0.8522	-0.2660	-0.1119	-0.7565	0.7034	-0.4904	0.7579	0.1458	0.7100	0.4467	0.4241	-0.5164	-2.9608	-0.1951	-1.3927	-0.7259	1.0474	-1.6592	-1.4271	-0.1488	0.3926	-1.0739	-1.9487	-1.5591	1.6904	-0.3933	-1.8563	-0.3133	0.2714	-0.9522
-0.6087	-0.8395	-1.1560	1.0681	1.4656	0.4528	-0.8010	0.0060	-0.5559	-1.3285	-0.8700	-1.4383	0.1205	1.0453	-1.5428	0.5904	0.3537	-1.7953	-0.7973	-1.5713	1.0774	0.3487	-0.0539	-1.2086	1.0212	-0.4415	0.5468	0.3775	-1.7887	1.4927	-1.2154	-0.6480	-0.4471	0.6423	0.4718	0.5864	0.4271	-0.8714	-0.9253	-0.0873	-1.0878	-0.2982	0.1044	1.0712	-0.8530	0.3605	0.3679	-1.0846	0.6361	-0.4799
-0.2461	0.4663	-0.7627	0.4485	-0.5020	-0.0927	-0.4187	0.0348	-1.3538	0.8845	0.4351	-1.5933	-0.8786	-0.4697	1.7381	0.4959	-0.9349	-0.4325	0.4028	0.1282	0.0671	-0.6158	2.3141	-1.1017	-0.0332	-0.2052	-0.5450	-0.5453	0.3989	-0.5676	0.3582	-1.7155	-1.6600	-0.1094	0.2691	-0.1083	-1.4563	1.0184	0.5214	1.9303	0.5288	-0.8128	-0.3648	-0.0375	-0.3638	0.5344	1.6936	-0.5992	-1.0496	-0.9182
1.6431	-0.2696	0.8373	-0.4669	0.3681	0.1391	0.7543	1.2981	1.6964	-0.4312	1.5588	-1.0119	-0.6479	0.4973	0.5214	2.1473	-0.5704	-1.8041	-1.7289	1.9517	1.5552	-0.4208	-0.5939	1.2775	0.0072	1.1535	1.2905	0.0821	-1.5247	0.5999	-0.5607	1.4580	1.7721	0.1048	0.1644	1.9218	0.8185	0.6032	-0.9629	-0.5326	0.3876	1.2027	1.5305	-1.0568	-1.1494	1.2603	-0.6593	0.3521	1.1157	-1.3422
-0.8106	-0.1524	-2.3091	1.7012	-1.5089	1.0158	0.0461	-0.4302	-0.0465	-0.2643	0.3041	0.7418	-0.9554	2.4928	-0.1065	0.0897	0.1003	1.8338	0.4492	0.9203	-0.7063	-2.0535	-0.0379	-0.5937	-0.0683	-0.5853	-0.9806	0.3000	0.6003	0.4720	0.8745	-2.0535	-0.9996	-0.6628	1.9708	-0.4820	-0.1506	0.9619	-1.7076	0.2756	-1.6922	-0.4703	1.6101	0.8564	2.0586	-0.1079	-1.2605	-0.4730	0.1837	0.2870
-0.4464	-0.1449	0.2158	-0.4142	0.6043	-1.8123	-1.1048	0.1857	0.2097	1.2748	1.1821	-1.6512	-0.2948	1.0292	1.7357	-0.1872	1.3701	-1.5295	-0.4562	1.3128	-0.3664	0.2930	1.1521	-2.7349	-0.6764	-0.2518	-1.6199	-1.1273	1.2063	0.3187	1.0238	0.3014	-0.4453	0.1754	-0.5918	-0.1323	0.4185	-0.2500	0.6787	-0.0474	-0.6158	0.3954	-0.3333	0.2803	-0.4550	0.2328	-0.9018	-0.1723	0.1197	0.1222
-0.7471	-0.7575	0.4865	0.8417	-0.4613	0.8315	-1.3310	0.3881	0.8533	-0.5073	0.4900	1.4810	0.2629	-0.8385	-0.1198	0.1736	0.5716	0.4419	-1.2383	-0.1837	-0.4120	0.0105	0.9555	0.8402	-0.2647	0.1326	1.5176	0.4035	0.4225	-0.9241	-0.2688	-0.0583	-0.4115	-0.2084	-1.0531	0.4782	-0.2408	0.3684	-0.8772	0.5047	0.2182	0.0880	-1.7489	-0.8962	1.2811	0.5953	0.1845	-1.6205	-0.2521	-1.3179
-1.9215	0.4495	0.6123	0.3573	-0.8486	-1.5406	0.5796	1.5502	-0.2782	1.4462	1.2696	0.7180	0.9006	-0.3208	0.2520	-0.0815	-0.7550	-0.5718	1.0687	1.0131	-0.9376	1.5979	-1.3986	0.7567	0.9935	-0.1916	-1.1751	0.9988	0.8035	0.2062	-0.2672	0.6332	-1.0985	0.0373	1.6857	1.2566	1.6368	-0.6545	-0.2218	0.3248	0.0429	2.0275	-1.6183	-0.0860	1.1733	0.3530	0.1447	0.2821	0.4069	0.9635
2.0931	-2.1877	0.2503	-0.4083	-1.0918	-0.6457	1.4585	-0.7808	-0.4476	0.5975	-1.2005	-0.5916	1.3187	-0.5898	-0.3152	-0.6771	0.4293	0.3741	-1.0911	0.5405	-0.9865	2.0853	-1.1045	-0.5202	-0.5327	0.4130	1.4732	-0.4538	0.1531	0.8304	1.4762	-0.2253	0.4731	1.6506	0.0895	-0.1329	1.3094	-0.5933	-0.2168	-1.8928	-0.5954	-0.2443	-0.6560	-1.2608	1.5840	-0.0174	0.7799	-0.2051	-0.4781	1.7245
1.4103	1.0431	-1.5855	0.2782	-0.3863	-2.6769	0.7690	-0.7926	-1.2167	-1.4185	-0.8780	-1.6280	1.3835	-0.7485	-1.3544	1.3325	0.4622	0.5787	-1.2232	-0.4238	-0.0360	-1.0417	-0.2947	-0.3306	-0.1597	1.3822	0.7518	0.9198	0.6379	1.3760	0.5567	-1.2272	-0.1970	0.1094	-0.4147	0.4097	-1.5943	1.5797	0.4038	0.6029	1.2821	0.0218	-1.7294	-1.4523	0.5150	1.2556	0.1228	-1.7825	1.6723	0.5480
0.7204	1.2235	0.4278	1.3351	1.0255	0.6524	-0.0545	0.7451	0.9928	-0.8962	-0.9196	-1.2447	1.2546	-1.5168	0.7071	0.0080	0.1397	0.1460	1.9460	0.2299	-1.9370	-0.2392	-0.1886	-0.5637	-0.3476	-0.3733	1.9317	0.7769	-0.0864	-1.4748	0.6097	0.6167	-0.6916	-1.0271	0.1722	-0.0445	-0.2854	0.7757	0.9877	-0.3758	1.5304	0.4220	-0.0703	-3.0873	-0.2603	-1.3437	0.7933	-1.3930	0.3954	-0.2210
-0.3104	-0.6594	0.1223	0.4443	0.6623	0.4484	-0.7533	0.3328	1.1697	0.0378	0.3835	0.2263	1.5874	-0.1973	-0.3178	-0.5049	0.6996	0.0928	0.9967	-0.5276	-1.2230	0.2159	1.6522	0.8380	1.1003	-0.8626	-1.0055	-1.7532	-1.9646	-0.6224	1.0424	-0.5295	-0.8715	-1.0044	-0.2900	0.0222	1.0120	-0.3163	0.8659	0.2580	0.8604	-0.0677	0.9056	2.9603	0.8942	-0.7455	0.3385	2.1361	-0.1539	0.1462
-0.9094	-0.7837	0.4633	-0.1864	-0.8446	0.3441	-0.7676	-0.9024	0.1983	-0.5448	2.2966	0.4345	0.1955	0.3182	-0.3944	-0.5139	0.4030	0.0318	1.8508	-0.4373	-1.1703	0.3423	-0.6099	-0.8071	0.0982	-0.0385	-0.9836	-0.1736	-0.8074	2.8875	0.5399	-1.3315	-1.1166	-0.7661	0.0010	1.6910	1.0039	-1.7697	0.3136	1.6260	1.6314	0.9496	0.5841	0.7893	0.6697	1.0390	-0.0540	0.3872	1.4257	-0.3393
-0.3043	-1.0467	-0.6139	-0.5976	0.2136	1.3531	-0.5287	0.7235	0.6191	1.0339	-0.1795	-1.7489	0.0483	-0.9643	-1.6865	-0.7085	-2.8072	0.5309	1.4948	-0.9527	-2.7605	-0.5352	0.0940	0.9249	1.5526	2.3351	-0.3991	2.1063	-1.0571	-0.1254	-0.9916	0.9232	0.0320	-0.3523	0.5791	0.0153	1.0172	0.3029	-1.0507	0.2677	-1.0205	0.4236	1.2845	0.9146	0.7800	1.6006	0.5336	-0.6193	0.7226	0.9114
-0.6911	-0.9977	-0.3848	-0.2101	0.5974	-0.0679	2.7022	-1.3406	0.4478	-0.4569	1.7938	0.4665	0.3663	2.5136	0.8788	-0.7341	0.2043	0.4283	0.2708	-1.0002	-1.2434	-0.0420	0.6172	1.1808	-1.3381	-0.2045	0.4966	-0.9802	1.3428	0.7705	-0.6170	0.7001	0.1684	-0.6137	-0.1459	-2.3663	-0.4824	-0.1346	-0.2677	-0.4422	1.5438	-0.4299	1.3514	-0.6133	1.1667	0.0679	-0.0794	0.4339	0.7493	-1.1203
0.1565	1.6009	-1.3570	-0.3379	-0.1757	0.8616	0.3568	0.8421	0.8030	1.4431	1.3282	-1.3651	-1.1340	-1.4365	-1.3232	-0.3593	0.3592	0.7886	0.7004	-0.2465	2.2792	2.1368	0.3815	0.3549	2.1561	-1.3886	-0.5649	0.5701	-0.3933	1.9080	0.5832	0.4584	0.1141	0.3892	1.0207	-0.0430	-0.6266	1.4110	1.4543	0.8773	-1.5525	-0.5585	0.0726	0.4592	0.0055	-0.3652	0.3230	0.9252	0.0205	0.8732
-1.1412	1.1473	1.4547	-1.9675	0.2168	0.9788	-1.6196	0.0204	-0.5758	-0.7241	-0.0297	1.0450	0.9970	1.1587	2.6188	-0.1972	-0.2658	-1.6285	-0.7615	-0.0657	0.9966	-0.1739	0.1476	-0.3698	0.1589	1.1936	0.5562	-0.6690	-0.3170	0.4340	-3.0444	-0.5307	-0.2549	0.2413	-1.3085	-0.5065	-1.0491	0.8017	1.2794	1.1876	-0.2895	0.7880	-2.6322	-0.3356	0.1946	0.4827	0.1298	-0.4633	0.6284	-1.9566
-1.1411	0.0602	-1.0934	-0.5542	0.3230	-0.6561	-0.3384	-2.2428	-1.2465	1.9466	0.1685	0.2569	-0.0844	-0.8912	-1.7830	0.4254	-1.6358	-0.9159	1.0139	0.9542	1.4666	0.0348	-0.6853	0.4839	-1.6451	-0.6747	0.3140	-2.1608	-0.8945	1.3054	0.3836	0.4947	0.0015	2.4580	0.9732	-1.1488	1.1264	-0.0769	-0.2802	-0.1662	1.3704	-1.0354	0.3161	0.6943	0.4759	0.1567	0.3393	0.5256	-1.3916	-0.0388
0.2311	0.9427	0.9561	1.1579	-1.0309	1.3954	-0.2614	-0.9268	-0.0511	-0.2360	1.0106	1.5267	-0.6500	0.1648	1.9549	-0.4700	-0.4745	1.6860	0.8804	-0.8145	0.8634	0.4461	-0.0479	0.4148	0.9857	0.4699	0.3736	-0.5391	0.6347	1.4992	-0.0223	-0.8185	-0.1422	0.7601	0.1722	-0.2687	0.7593	-1.2571	1.2799	-3.9562	-0.7632	-1.3374	-0.1377	-2.0880	-1.3626	-1.5670	0.0752	0.7382	-0.8393	-0.8048
-1.7757	-1.7901	-0.6725	1.6715	-1.8947	2.1334	0.9445	0.3370	0.3237	0.4843	0.2087	1.0716	2.3217	-0.8761	0.5722	-1.5066	0.0241	-0.0624	-0.2787	-0.0432	-2.0956	-1.4442	0.4993	-0.6048	1.2696	-1.2103	0.4483	0.8914	0.1131	-0.5454	-0.3645	1.1520	0.3361	1.2622	-1.6147	-0.3601	-0.7801	-0.9163	1.0058	-0.7509	0.1998	-1.4642	0.1052	-0.0756	1.3307	1.6516	-0.0440	1.5525	0.1951	-0.2886
-1.8818	1.2193	-1.9790	0.3980	-1.0987	-0.6362	-0.4121	-0.2570	-0.5542	0.4456	-1.4928	-1.1107	1.2091	1.4984	-0.7393	1.2227	-1.1543	0.1996	-0.3378	2.0886	-0.0891	0.9984	-0.6604	0.3733	-1.3583	0.4326	-0.8268	0.3094	-0.7310	0.8641	-0.3640	0.3062	-1.7116	-0.4426	-1.2693	-0.4602	0.0583	-2.2384	0.2187	-0.4540	-0.1801	-0.3809	-0.4110	1.2845	0.1863	1.7065	-0.6123	1.9871	-1.2208	1.7864
1.2165	-0.6807	-1.2079	-1.2241	-1.5263	-0.6483	0.8970	0.1709	1.3784	-0.6791	0.1298	-1.0291	-1.2531	1.8655	1.4806	-0.7528	0.7749	0.2375	-0.0394	-2.2409	-1.4464	-0.4566	0.8779	0.3683	1.1960	2.0008	-0.0571	-1.4206	-1.1888	0.0306	0.1139	0.0675	1.6177	-0.3004	-0.0969	-0.3703	-0.5488	-0.7261	-0.0757	-0.6916	0.4944	-0.9926	0.3012	-0.5000	0.5437	-1.5079	0.9663	-0.3786	0.1291	0.3297
1.0534	-0.1981	-0.3909	0.5789	0.9844	-1.0752	0.0436	0.7027	-0.3995	-1.6171	0.1168	-0.0551	-0.6353	0.5713	-0.6661	0.6839	-0.4914	0.0529	1.0158	0.0563	0.4146	-1.6418	-0.0070	0.7228	0.7074	-0.6691	0.8573	0.9061	-0.0094	0.0513	0.0520	-0.3350	-1.2015	-0.4897	-0.8143	0.9744	0.2501	-0.8413	0.5711	0.8037	-1.3959	0.5352	1.2541	0.8333	-0.1467	-1.2662	0.0233	-0.1596	-1.4510	1.1678
-0.2162	-0.8004	-1.5282	0.6498	0.4466	-0.3021	0.0975	0.3211	0.4657	-1.0039	-1.0843	0.8044	0.0147	0.6847	-0.7686	-0.8168	0.4470	-0.9514	0.7853	-0.7798	0.5647	-1.3835	0.0253	-0.1037	0.5040	-0.1630	1.1042	-0.1562	-0.1072	-0.6022	0.6056	-1.9586	0.4934	0.8855	-0.9774	-0.2688	-2.2302	0.1221	-1.4386	-0.8608	-0.3319	0.3386	0.2318	-0.3780	0.5189	-0.2062	-1.5022	-1.8670	-0.0028	-1.5826
0.0455	-1.0592	-0.5483	-0.2850	-0.4088	1.0828	0.1340	1.2780	0.0635	-1.1047	0.5369	0.3824	-1.0223	0.7334	-1.1531	-0.0629	0.2283	1.7241	-0.5726	0.2827	0.4962	-1.3151	-1.1132	0.3234	0.0678	-0.1739	1.3361	0.0586	-0.7165	-0.1017	1.4697	1.1950	-0.5358	-0.0768	-1.0967	-0.1707	0.7191	-1.3308	0.0150	0.4362	0.9428	0.6908	0.1018	-0.5362	0.6903	1.6613	1.4191	0.3769	0.3171	-0.4477
0.1669	0.2006	0.3413	-0.0091	0.0966	1.0545	0.2554	-0.0723	1.0197	-0.6668	0.5436	0.8641	0.3590	0.2967	-0.1260	2.1187	-0.6351	-0.5610	0.1179	-1.4736	0.3744	-0.4909	0.3383	-0.4198	1.9229	-0.9172	0.8047	-0.5552	0.9045	-1.9155	-1.4741	-0.6743	-0.8388	-1.1531	-0.1825	0.9180	0.8675	1.1183	-1.8478	-0.6099	0.6077	0.2605	-1.5639	-0.2915	1.1340	0.4822	0.2413	1.0207	0.9788	-0.7397
1.5065	-0.7247	-0.0133	-0.1402	-0.4363	0.4971	-0.6674	0.1057	1.8802	0.6886	0.1471	-0.0001	0.1011	0.4746	0.7468	-0.3480	-0.7744	1.0267	0.0670	0.0904	1.6219	-0.6326	-1.0747	0.0511	-0.1542	-1.1742	-0.3583	-0.4846	1.1190	1.8798	-0.8934	-1.0625	0.6045	0.4854	-1.0360	0.0294	-0.9074	0.4435	0.5156	-1.0770	-1.7883	-0.0317	1.4373	1.3946	-0.8357	-1.9298	0.6470	-0.5379	0.0621	2.0731
0.2347	0.8323	-0.0235	0.9590	0.4496	1.7331	0.0776	0.7977	0.6700	-0.2180	-1.6547	0.9425	-0.7404	-0.4666	0.8078	1.9099	-1.4769	-2.3131	1.5398	-0.2019	0.3041	-1.2342	-0.5703	-0.5391	0.6576	-0.7603	2.3598	-1.0636	-0.2040	1.1102	0.5802	-0.7547	1.1167	-1.6317	-0.3676	-1.7547	-1.0677	-0.1906	-0.4722	0.6548	-1.3559	1.5705	0.3229	1.2477	1.3006	0.8391	-0.4716	1.0391	0.5278	-1.7956
0.3352	-2.0286	0.1270	0.3770	0.7235	-0.6030	-0.7033	2.0666	-0.0983	-1.2703	0.3888	0.0553	1.1406	-0.3817	0.6596	-0.2651	-1.1283	0.1662	-0.5212	-0.9471	0.0128	0.1422	0.2397	-0.7694	-0.7162	-1.2463	-1.6984	1.0640	0.7081	0.6718	2.2391	-0.3702	0.7655	-0.1122	-0.3302	-0.7719	-0.1707	-0.3709	-0.6046	0.2982	-0.6455	-0.0435	-0.0063	-0.5187	0.8277	0.0416	0.0703	1.2161	1.0607	0.3858
-0.9507	-0.1104	0.2862	-0.4977	-0.1038	0.2765	-0.5445	0.4307	0.2626	0.8592	0.0253	-0.6536	0.6871	0.2258	0.1604	1.3998	-1.3738	-1.3084	0.8857	-0.8417	2.0783	1.5741	2.4332	0.1601	-0.0132	0.3405	0.8816	0.4443	-0.8153	-1.7583	0.0642	0.7936	0.0548	0.6093	-1.2795	-1.9461	2.1081	1.1262	-0.0303	3.4053	0.2902	-0.8242	-0.0746	-1.0424	-0.3706	1.1482	-1.0912	0.6734	-0.0303	-0.0357
1.5346	-0.7206	-0.5042	1.4821	-0.5099	1.3893	-0.5637	0.4388	0.2611	-0.3419	-0.1950	-0.6774	-0.4446	-1.8401	2.0074	1.1064	-0.7698	-0.2972	1.7872	-0.8321	0.2112	0.3026	0.0257	0.6667	-1.1333	-0.0951	0.8303	-1.9154	-1.1112	-0.7344	-1.8437	0.3412	-0.8414	1.1709	1.3372	1.2456	-0.9944	-2.1550	-1.5487	0.4665	0.5875	1.7794	-1.0632	0.3603	-0.8533	-0.3439	0.6109	-0.6230	-0.1121	-1.0567
-0.0686	-0.9128	-1.8545	0.4867	0.5949	-0.8240	0.5643	0.7296	-0.3284	1.3442	-0.2703	1.0840	0.0446	-0.7194	-1.0238	-0.5914	0.4774	-1.4926	-0.0207	-0.3810	1.1595	1.4059	-0.4095	-0.0236	0.6275	2.0479	0.6211	0.7717	1.3507	0.5327	0.1761	0.8409	-1.2676	0.4070	-0.6874	1.8941	-0.7153	-0.4555	0.4388	2.5814	-0.7221	-0.1380	1.7437	-0.4259	0.1266	-0.4789	-1.3298	1.1309	-0.1625	-0.5086
-0.0147	1.1288	-0.6046	0.5809	1.2220	-0.1756	0.3620	0.0619	-1.7577	0.3194	0.3885	0.8405	-0.0243	0.4654	-1.0683	1.1599	1.3474	0.9540	-1.8308	-0.7470	0.4600	-0.2402	-0.2343	0.9049	-1.4486	1.0104	-0.3685	-0.7992	-1.0020	-0.2132	1.4326	-0.6117	0.3209	1.0867	0.2317	1.6597	0.1957	1.1517	-1.2463	-2.2111	-0.9973	1.0956	-0.4484	0.6382	-0.1850	-0.8669	-0.8124	1.6137	-0.2331	-1.0267
-0.3204	0.5218	-0.9604	2.0345	-1.0549	-1.2839	0.0540	-0.7596	-1.3935	1.2001	0.8781	-1.1591	-0.6307	-0.8962	-0.1612	-0.6144	-2.5279	2.4977	-1.1034	0.3815	0.2896	1.2150	0.8192	2.2537	0.4418	-1.6316	-1.8906	-0.8401	0.8143	-0.6613	-0.6542	-0.1616	1.2080	-0.5834	-1.8630	0.8947	-1.1719	-0.3513	-1.1533	-0.5183	0.6367	0.2974	-0.6636	0.8363	1.8108	0.0120	-0.6634	0.4542	-0.4584	-0.7462
-0.6412	-0.8109	0.5314	0.2099	-0.7782	0.5292	0.4222	-1.5690	-0.9699	1.8944	1.3624	1.5899	-0.9007	0.6708	1.3551	0.8443	-0.7179	0.3114	-1.1946	-0.9587	-1.5754	-0.8540	0.7152	1.7103	0.3059	1.4702	-0.7287	-0.3280	0.0141	-0.7265	2.0726	-0.5900	0.9417	0.0872	2.0024	0.1902	1.4699	-0.7042	-1.2393	1.2142	0.4695	0.2280	-1.7136	1.6147	-0.0426	2.2153	0.6334	0.6614	-2.5598	1.1738
-0.6339	-1.4272	-0.0104	-1.7918	-0.5558	2.3794	-2.6196	-1.6855	-1.7240	1.1739	-0.2157	-0.7799	-0.2105	1.6493	-1.5220	0.7458	-1.6630	-1.2414	-0.5821	-0.4603	0.6662	0.2142	-0.8232	-0.9698	-1.7479	2.4829	0.6681	0.4788	1.0635	-1.0470	0.0344	-0.0306	1.5877	-0.8961	-0.5546	0.9440	0.1328	0.2204	-0.5649	0.7988	-0.4121	0.9185	-0.2100	0.3703	0.4154	0.6592	1.2484	2.9055	-0.2934	-0.6574
0.1574	0.4222	2.0648	-0.3446	0.4979	-0.6654	1.2005	0.8082	0.3938	-0.3075	0.0697	-0.7011	-0.7475	0.1897	-0.7254	1.6513	-0.6065	0.5700	0.8584	1.1303	0.4809	-0.9293	-1.6900	0.7902	0.8163	1.3653	0.1689	-0.4585	1.3070	-1.5206	0.6752	-0.6009	0.4341	-1.1387	0.4616	-1.4627	-0.3936	0.2003	-0.9350	-0.3177	-0.9045	-0.3731	0.3578	1.6844	-0.1039	1.5848	0.2110	0.2795	0.4695	-0.4027
-0.5961	1.0995	-1.0845	-0.1967	0.3382	-0.7775	1.7777	-0.5518	0.0317	0.2430	-0.0329	-0.3219	-0.8582	-0.7505	2.1795	-0.8493	0.0434	0.1627	-0.0151	1.2753	0.0660	1.2802	1.1521	-0.1672	0.1385	0.8704	-0.1468	0.8338	-1.6492	0.1439	0.8643	-1.3359	-0.8008	0.1421	1.2232	-0.1990	0.4912	1.2002	1.4605	-0.9119	0.7429	-0.4448	0.9449	-1.0161	0.0049	-1.3572	0.5915	-0.7125	0.8615	0.0924
-0.0748	-0.9588	1.5746	-0.8380	0.6507	0.9329	-0.6904	-0.1631	0.5685	-0.6754	-0.1818	-0.5078	-0.7836	-0.4195	-1.1760	0.5073	0.0050	0.0128	1.4961	0.1145	1.7129	-0.2267	0.9235	-1.4033	-0.4359	0.7509	0.0401	0.5148	-0.4710	-0.1735	0.2538	-1.0400	0.7353	-0.7164	-0.0035	-0.6289	-0.5541	-1.5065	-0.1876	0.4961	-0.5636	-0.1045	-0.4385	-0.4327	0.6286	2.0020	-0.5417	0.1533	1.1120	0.4775
0.5504	1.0075	-0.9833	0.8926	1.3387	0.2446	-0.4075	-0.0513	-0.8660	0.2021	0.4865	1.4285	-0.8046	1.1770	0.5220	0.0262	0.1290	-1.5676	0.8136	0.6254	-0.4585	1.7543	-1.2247	-0.7779	0.4343	-1.3411	-1.0312	0.6652	-0.7964	0.3712	-1.5062	1.0841	1.0871	0.7232	1.6755	-0.7198	-1.2881	0.9896	-0.2562	0.1364	2.1852	0.7484	-0.4863	0.1016	-0.8680	1.2713	-0.9037	-0.9939	-0.1511	-0.9186
-1.0552	-0.3491	-1.3671	-0.1086	0.0466	0.7492	0.1507	-0.1739	-0.9090	-1.1559	-1.0808	1.0071	-0.5118	-1.2308	-0.6229	-0.5564	-0.7629	2.0831	-0.5130	0.7987	-0.4948	-0.8508	0.1698	-0.4281	1.2990	0.7952	-0.8346	-2.7337	-1.6020	2.6027	-0.3928	-0.4501	-0.2135	0.2584	1.0612	1.2295	2.7428	-1.2514	0.5634	-0.4081	0.0102	1.8638	1.0416	1.5829	0.5686	-0.0130	0.1746	0.7456	0.3618	-0.4387
-1.7884	1.4877	0.1272	0.5689	1.0642	0.1848	-1.7602	1.4094	0.2103	1.5312	-0.4687	-0.1786	-1.3423	-1.0253	-0.1900	-0.5749	0.4487	-0.8108	-0.7842	-0.4725	-0.2625	-1.4706	-1.7430	-0.6961	0.5596	-0.3063	0.5664	1.3778	-1.3369	0.9902	1.1181	-1.2309	2.0196	-0.0227	-0.6473	-0.9536	1.9739	-1.8819	-0.5515	-0.3636	0.3920	1.6461	-1.1132	0.4398	-0.3862	-1.7439	0.9708	-0.6886	2.3146	0.3712
-0.4470	-0.3698	0.3842	0.0962	-0.6385	-0.6801	0.7236	1.2499	0.6556	-1.1146	-2.0300	2.3813	-0.2052	-0.7339	1.1927	0.4134	0.5420	1.0250	-0.3527	-0.7458	0.1997	-0.0225	-0.4678	-1.5791	1.0823	0.1010	-1.0262	0.1123	-1.6777	1.0484	-1.0122	0.6349	0.1465	1.1095	-0.1210	-0.2788	-0.1794	-1.4261	-1.0186	1.2104	1.0068	1.0296	1.3490	-0.3997	-0.5755	-0.0050	-0.4869	-1.5191	0.7875	-0.9216
-1.3803	-0.0254	-0.3954	-0.7762	0.1218	1.1674	-0.5743	-0.3302	-1.4824	-0.2733	-0.1426	0.7679	1.5796	1.0250	2.4331	0.3061	-0.7564	1.0206	-0.3479	-0.0962	-0.2318	-0.3078	0.3308	1.5669	-1.0508	-1.1218	-1.4083	0.9509	1.3381	-0.5925	-0.6311	-1.9340	-0.3272	-0.2951	-0.5278	0.7638	0.9365	0.4331	0.3924	-0.5410	-1.2672	-1.5638	0.7830	0.5737	-0.3034	0.9846	0.5332	-0.8674	1.1497	1.0899
-0.8159	0.7362	-0.3057	0.2506	0.6734	-1.5026	-1.3471	-0.7390	0.0760	-0.6939	0.1007	-0.8622	-2.4564	-0.3918	0.6265	-2.5701	0.6888	-0.1223	-1.0851	1.6996	2.1266	0.5612	0.5385	-0.1494	0.8678	-0.5240	-0.8844	-1.4439	0.2710	0.1803	0.3768	0.6416	-0.1967	-0.9417	-0.3029	0.8739	1.3129	0.5690	-0.1619	-1.1245	-2.0184	-0.7450	-1.3800	0.2798	-0.5716	0.4827	0.2986	0.1591	2.4134	1.2113
-0.0894	-0.8286	0.4631	-0.1032	-0.3351	-0.1680	0.4681	0.2058	-1.1846	0.2574	-0.4313	-1.4217	-0.3142	-0.8739	-2.0446	-1.8813	-0.4230	-0.0864	1.1769	-0.0971	0.5415	-0.9532	0.8485	0.9239	-0.5020	-0.8141	-2.2820	0.4529	-1.4022	-0.6199	1.7627	-0.3611	0.9044	-1.4782	1.3953	-0.9101	-0.4432	0.1804	0.5440	2.2086	1.8831	-0.5436	-0.6980	-0.4746	1.1576	-0.8471	-1.7307	0.3986	-1.8668	-0.7528
1.5090	-0.4735	-0.4785	0.5248	0.7343	0.8564	-0.8280	0.0603	0.4357	1.5361	-0.1468	-0.0860	-1.0823	-0.3113	0.6213	1.1575	-0.9187	-0.4107	-1.0525	0.3070	-0.7748	0.3007	-1.1418	0.2419	-0.8697	0.1851	1.2195	-0.3980	-0.4449	-0.6373	-1.0573	0.6874	-0.6986	1.0472	0.2518	-0.2379	0.7778	0.4928	2.0986	0.6568	0.6221	-0.6339	-1.6812	0.2121	0.1267	-1.4770	0.5717	0.6910	-1.2392	1.0680
1.3042	-1.7664	0.0366	-0.4244	-1.7999	0.3554	0.6573	1.5658	0.9584	-0.0746	-0.6723	0.1202	2.3486	0.1602	-0.1156	0.7636	1.1336	0.9888	-0.0695	-0.8099	-0.3859	-0.5459	0.7107	-0.5626	-0.6284	-0.5236	-0.1080	0.9363	0.4491	-0.7620	0.3452	1.1767	1.3344	-1.8702	-0.8952	-0.2617	1.4697	0.7746	0.4604	-1.8328	-0.7612	1.1011	1.1490	-1.2819	0.1148	0.5813	0.7907	1.2566	0.4336	-0.0690
-2.3169	-0.9682	-0.7678	0.4624	-1.1224	-0.4923	0.5134	0.3471	-1.2156	0.9738	-1.0795	0.8872	-0.4227	0.3921	0.7752	1.0844	0.1807	-0.3432	1.5962	-0.0247	-0.0144	0.4263	0.7763	1.5550	1.3061	-0.1666	-1.0532	0.2708	-1.0056	-0.1514	0.4283	0.3731	-1.8286	0.0014	-0.5013	-0.7255	-0.7070	0.0512	0.4614	-0.2417	-0.8666	-0.4561	0.0584	-0.6125	-1.1250	0.7475	-0.7697	0.3981	-0.0255	0.7674
-1.8748	-2.2493	1.7211	0.4250	0.9810	-0.8548	0.0405	0.4507	-0.3747	0.3979	-1.7659	0.8992	0.5113	-1.4931	-0.4192	-0.0980	0.0529	-1.1406	-1.3650	0.5210	1.0466	0.4470	0.7033	-0.1811	-1.5697	-0.8467	-1.6315	0.1501	0.2887	-0.8979	-0.2030	-0.1889	-0.2810	-1.3075	-0.5450	1.2318	-0.3365	-0.6786	-1.7399	-0.9502	-0.8898	0.1314	-1.2053	0.6738	-1.1495	0.3697	2.4059	0.2033	-0.8921	-0.3585
1.3314	0.2966	0.3996	-0.0431	0.5724	-0.3688	0.2751	-0.8074	-0.8249	1.2165	-0.2415	-0.9575	1.2917	0.2842	1.3013	1.9484	-0.3317	0.2455	-0.8505	-0.8854	0.7963	1.0199	1.0481	-1.7051	-0.2096	0.4229	-1.5681	1.2002	1.4291	-0.6053	-1.4117	1.0651	0.8598	-0.9071	-0.4610	-0.5657	0.2868	2.9070	-1.0257	-1.6855	0.1516	-0.2643	0.4976	-0.6033	-0.2428	0.7100	-0.1622	-0.5960	1.0681	-0.3663
-0.5947	0.7415	-0.3995	1.4891	-0.1249	0.1043	0.7907	-0.3310	1.9096	0.7447	-0.9248	-1.0998	0.7833	-0.2179	1.4552	0.0412	1.6796	-0.0347	0.6775	-0.7984	-0.3116	-1.4482	-0.7513	-2.0901	0.4218	-1.5651	-0.0471	-0.0901	0.3697	-0.4599	0.1470	0.3273	-1.6927	-1.8031	-2.3953	-1.3857	-0.7294	-1.0245	-0.1174	-0.3169	1.1410	-1.5976	0.4823	0.6233	-1.0713	-1.5527	-0.1927	0.4560	-2.2333	-0.6065
0.5696	-0.0568	-0.9022	-0.9679	-1.2025	0.4208	0.6361	-0.7799	0.1244	-1.0229	-0.6180	0.3717	0.5977	0.3921	0.3757	-0.8170	-1.8409	0.4016	-0.0924	-0.2138	-1.8642	-0.3623	-1.0128	-0.5012	-0.7728	-0.2056	-0.1796	1.4887	1.2950	0.4655	0.8269	-0.9947	0.4141	2.1450	-0.1739	-0.4131	-0.1337	-0.4107	-1.1881	1.7223	-0.2001	0.4721	-0.5704	-0.5919	-0.0683	-0.3614	-0.3673	-0.8583	-0.2788	-0.4524
-0.5453	-1.3775	-1.8534	0.7334	0.6534	-1.7604	-0.0580	-1.1305	0.0391	1.2246	-1.7412	-0.8798	0.7603	0.9048	-1.6139	-0.2090	1.3459	-1.9497	-2.2041	1.4223	1.4341	-0.2282	-0.4269	0.1843	0.7189	0.4353	-0.6712	-2.0587	-0.0760	-2.2809	-0.1154	-0.7435	1.4358	-0.6526	1.4153	-0.7556	0.6883	0.8781	-1.6342	0.2985	1.0588	0.4176	1.3593	-0.3229	0.0309	-0.0282	0.4082	1.2924	-2.1896	1.0569
-0.0358	1.0094	-0.2210	0.0800	-0.3466	-0.5066	0.2872	-1.2848	1.1970	0.8430	-0.0306	-0.1884	-1.4819	0.2364	-0.2577	-1.0118	-0.2303	1.5451	0.2961	1.0378	1.0370	0.0730	-2.4830	-0.6402	-0.6088	-0.9416	2.0472	-0.0225	0.2469	1.3342	0.1131	0.0827	-1.7008	-0.6260	0.9643	0.1619	0.4810	1.4369	0.0296	0.0496	-2.5265	-0.0489	0.3739	-0.1160	-0.6761	1.6140	-0.1099	0.6240	-1.1648	-0.6210
0.4908	-1.4618	0.6569	-1.0769	-0.5098	-0.4782	-0.6797	1.0277	1.0519	0.3556	-0.5019	0.3781	0.9126	0.4468	-0.1272	-0.5644	0.9263	-0.1904	-1.3392	2.0605	0.9327	0.3258	0.2117	-0.5082	0.8540	-0.9787	0.5671	1.1250	-1.6392	0.9830	-0.1662	-0.2358	0.7185	0.2411	-0.4847	0.7753	0.6492	0.2578	-0.6427	0.6751	-0.6014	0.1943	-0.0161	-0.3262	-0.8983	-0.1344	-0.6054	-1.3799	-0.9553	-0.4694
-0.7982	0.0964	1.1960	2.0412	1.4513	-0.7556	-0.6284	-1.5525	-0.2325	-0.2358	0.7135	-0.8365	-0.5643	-0.7797	0.2241	0.1733	1.5911	1.2120	-0.1654	1.0863	-0.0146	0.0129	0.3541	0.1947	-0.3430	0.1614	0.6077	-0.8967	0.9627	-0.9334	-0.1914	-0.1535	-0.1905	-0.6600	-0.0117	-0.9350	-1.5715	0.8634	-0.3636	0.4328	-1.3977	0.7830	1.4928	0.8472	0.2558	-1.6490	0.7669	0.5979	-0.8097	0.3010
0.4264	-1.3522	-1.7849	0.9188	0.4358	-0.3291	-1.9476	-1.1683	0.2228	-0.5328	1.4361	0.0639	0.0634	1.9128	-0.0460	-0.1191	2.3393	0.3588	1.0099	-1.4643	-1.2689	0.0078	1.8601	-0.9147	1.2922	0.4061	0.1630	0.9769	2.0950	0.2193	-1.9708	1.0167	-0.2660	0.9337	0.9512	0.0097	-0.2667	-0.4996	-2.0242	0.1380	1.5034	0.6955	0.5628	0.9735	-0.7487	0.2928	1.2234	1.1067	-0.7485	-0.7842
-0.8446	0.6435	-1.0651	1.0627	0.8159	-0.4798	-0.6957	-0.5005	1.5477	0.2096	1.0288	0.0649	-2.1172	-1.3652	0.1908	0.4171	-0.3696	-0.3051	-0.5761	-0.2555	0.0423	-2.7381	-0.4536	1.0466	0.4728	-0.3594	0.4063	0.2935	-0.1967	-0.9924	1.0224	-1.5100	-0.7915	-0.8132	0.7582	0.1824	0.1235	0.0334	0.0985	0.9095	-0.9518	-1.1849	-0.5148	-0.6793	-1.5233	-1.2163	0.3314	-0.5450	1.2952	0.2545
-0.4726	-1.1875	0.3600	0.1012	0.1627	1.0627	-0.5246	-0.3074	-0.4886	-0.5359	-0.5107	-0.9017	0.0072	0.4099	0.3396	-0.3254	0.2333	2.0663	1.7130	-0.9357	1.6912	1.2236	0.5367	1.7030	-0.6317	1.4975	-0.4387	1.4819	1.7143	-0.6510	0.7432	0.0392	-0.4130	0.3621	-1.1236	2.0099	0.1134	-1.0682	-0.7464	0.4450	-0.0017	0.0900	0.9229	-1.3601	1.1417	1.5506	0.1487	-0.2158	1.8112	-0.3858
-0.4694	2.6968	0.4031	0.3202	0.1322	-0.1292	1.1644	-1.0043	1.5455	0.8651	-1.2349	1.3383	-0.9540	-1.0640	-1.2678	-0.4007	-0.6125	1.1485	-2.1905	-0.1149	-0.2456	2.4892	-1.3657	-0.7072	-0.4480	-0.0834	1.4827	1.7103	-0.8360	-0.3635	-0.6811	0.3027	-0.5540	0.7462	0.3433	-1.6693	1.0973	-0.6963	-1.4440	1.2229	2.3940	-0.1674	1.4225	-2.1811	1.2299	-1.0340	-0.7711	-0.8596	-0.2867	-1.0295
-0.3559	0.8692	0.9583	0.4106	-0.2245	1.0032	0.9969	0.2898	-1.8175	0.4780	-1.0180	-1.7425	0.5472	0.6358	0.8757	-0.6307	0.3725	0.0685	-0.7959	0.9371	0.7817	0.3786	1.0932	0.1026	1.0456	0.3261	0.3721	0.8723	-2.1443	1.2757	0.3183	0.5377	0.6078	1.2450	0.6285	-1.3891	1.1636	0.1259	-0.1113	-1.8355	0.6838	0.1146	-1.7680	-0.5766	-0.6918	0.3489	-0.0248	0.2799	-0.6214	-1.2334
0.2821	1.1146	0.4464	0.6037	-0.5552	1.5230	-0.6999	-0.1073	-0.8178	0.8335	0.3067	-0.0890	-0.4822	-0.7779	-0.0765	-0.4156	-0.5632	-0.7240	0.7681	-0.8179	0.5400	0.7915	-1.5134	-1.8433	0.4356	-0.0440	-1.1556	0.8352	0.4443	-1.2751	0.4950	-0.4950	2.0303	-0.2202	1.2762	-0.2880	1.1947	-0.6691	-1.4794	0.6277	1.2397	0.8955	2.0239	-0.7667	1.5030	-1.6501	-0.0310	-2.0175	-0.0434	-0.3609
0.2453	-0.2663	-0.2181	-2.5477	-2.7853	-0.0297	-0.1900	0.7251	0.0847	0.8819	1.9229	1.2955	-0.2315	0.7289	-1.0519	0.1529	-0.3618	1.4373	0.5742	0.2199	0.8292	-0.3127	-0.8796	-1.2812	-1.1190	1.2990	-0.3413	0.8619	1.3260	0.9899	0.0816	0.0140	-0.8739	0.9413	0.7202	0.9142	-0.4216	-0.4502	0.8574	-0.8471	-0.8400	-1.5016	0.6592	1.3077	0.2404	0.4795	-0.8587	-1.1291	-0.7928	0.4601
-0.6417	1.4386	0.0858	-0.6736	1.4222	0.5845	0.5384	-0.1673	0.3461	0.0466	-0.4933	0.1618	1.6680	0.1784	0.1792	1.4494	0.0380	-0.2236	-0.7750	0.9967	-1.0831	0.7067	-0.0981	-0.8925	1.0391	0.0144	-0.9125	0.8739	-0.0507	-1.1109	0.9745	-1.1733	-1.0303	-0.1491	-1.4066	0.3350	-1.3445	1.1781	-0.5155	0.0427	-0.3420	-0.9371	-0.6545	1.6197	-1.6459	1.0768	-1.3645	-1.4197	1.0855	0.7502
-0.6575	0.5108	2.0383	0.0271	-1.0946	1.6337	0.5103	0.9330	0.4097	-0.3177	-0.6852	1.1999	1.1409	0.1446	1.1186	-0.8581	1.0423	1.6397	0.4254	-0.0470	-1.4381	-1.0569	-1.2762	0.0969	0.5763	-0.7335	1.6177	0.3782	-0.4823	0.3110	0.0858	0.2883	1.4617	-1.3664	0.0727	-0.3341	0.3619	-0.6763	-0.5053	0.6746	-0.6184	-0.9527	0.3991	0.4909	-0.0149	-1.2737	-1.1348	-1.1740	1.1912	-0.2584
-0.2596	-0.3156	-1.3184	-0.6603	-0.0548	0.5429	1.1748	0.0226	-1.7448	0.7493	0.7210	0.4127	-1.1387	0.8323	-1.8422	-0.0954	-0.0200	0.3457	-0.5869	0.4680	-1.1219	-0.7841	0.1096	-0.3117	1.5391	2.4112	0.4749	-2.3801	0.1387	1.3014	-0.2266	-1.7577	-1.4345	-1.8855	-0.3048	-2.1588	0.6086	0.7576	-0.1944	0.6806	-1.2557	0.6513	1.1922	0.2036	-0.2755	0.1869	-0.0454	0.8374	-1.1783	0.8894
0.1197	2.2746	0.8933	-0.8029	-0.0996	1.0721	-0.3544	-0.2176	0.1750	-0.6842	1.0099	1.0649	1.0408	1.3473	-0.0504	2.0502	0.2065	-1.0870	-1.6871	-1.6335	-1.2209	0.3780	-3.0275	-0.1331	-0.9400	0.4648	-0.5702	-0.0596	0.2525	-1.2682	0.4687	-0.5864	-1.6995	0.4308	-0.5349	-0.6371	1.2766	-0.6813	1.1464	-1.0961	1.2151	0.5308	1.1993	-0.1848	0.7247	-0.5650	1.4212	-0.3011	0.2120	-0.7742
0.3878	2.6614	0.4525	-0.8164	-0.3868	-0.4850	0.3426	-0.1216	-0.8501	-0.8541	-0.2461	0.4981	-0.1191	0.3086	-1.3994	0.8318	-0.3824	0.8108	-0.0298	1.1263	2.1942	0.2299	-1.3710	0.5836	-1.2178	-0.0196	0.2961	0.8128	-0.7455	-0.9632	-0.2755	0.9404	0.6054	-0.3887	-0.4617	0.7580	-1.3143	-0.3846	-0.6726	0.0081	-0.1938	0.0113	1.1659	-0.6354	0.7614	0.5022	-1.1390	0.0479	3.3992	-1.9704
2.1351	0.1783	0.6068	0.0857	0.1845	-0.5534	0.6240	0.7410	-0.7661	0.7997	-0.6018	0.7227	1.4593	0.3957	-1.3988	-1.2274	-0.8287	-1.5967	0.5703	0.2318	-0.9538	0.1648	-0.1537	-1.1300	1.3245	-0.6419	1.9539	-0.9709	0.7933	1.8054	-0.4444	0.1666	0.2418	0.4337	-0.2720	-0.2981	0.6389	0.7708	-0.7635	-0.2137	-1.2458	1.3138	-0.9370	2.1145	1.8339	-0.0657	0.0613	0.0560	0.0513	1.4944
0.5515	1.1425	0.0825	0.0014	-1.1021	0.5011	1.0653	-1.8234	-1.1338	-0.4736	0.2686	0.3626	1.1191	0.5122	0.1743	-0.0789	0.2101	0.2144	0.4802	-0.5765	-1.3635	-1.1874	1.1379	-1.0538	0.1126	0.5553	-0.4939	0.5410	-1.5550	-0.3179	0.8514	-0.2665	0.4344	-1.1658	-0.2549	0.0205	-0.1734	-0.4230	-0.1979	-0.0086	-0.9764	0.7667	0.5598	-0.4567	0.2590	-0.4707	-0.8209	-1.2623	1.3783	-0.2161
1.1135	-0.2144	-0.4525	0.4552	-0.2835	-0.0172	-0.9010	-0.4184	0.3371	-0.7598	-1.9426	-0.8205	-1.8840	-0.3088	-0.9172	-0.3370	-1.2527	-0.4474	-1.4351	0.3936	0.2052	-0.6620	1.6764	1.2472	-0.5994	-0.0455	-2.3483	-0.4138	1.5600	-1.1671	-1.1426	-0.3332	1.8084	-0.1963	-1.6253	0.1904	-1.2978	-0.1771	-1.1236	-0.3661	-0.2719	-0.7189	0.6650	1.1617	-0.1210	-0.9716	-1.2108	-0.2728	-1.5765	-1.2000
0.8086	0.1080	0.0432	0.6478	0.7083	-0.3062	-0.4830	1.1257	1.4108	1.2830	-1.3796	0.4391	0.5714	1.1262	-1.7207	0.1925	-1.3121	0.9420	-1.5241	-1.1819	-0.4322	-1.8275	0.0141	0.7121	-0.5317	0.2765	-0.6361	-1.0846	0.1331	0.0170	-0.3904	1.8038	0.1735	0.6572	0.8420	0.7280	-0.8866	-1.8338	0.2060	-0.4275	0.6742	-0.4703	0.5705	-0.9062	0.4546	0.6631	0.5392	0.2185	-0.1214	-1.3865
-1.8380	-0.1114	-1.1375	0.8124	0.1602	0.8434	-1.6505	-2.5382	-0.8597	0.0694	0.8493	-0.3882	-0.8094	-0.3944	0.1994	0.2119	-0.9298	0.0110	1.0114	0.4095	-0.0542	2.2391	0.0571	1.2082	-0.1933	0.6628	-1.8307	1.7361	0.0501	-0.2719	-0.5746	0.9100	0.8467	-0.6243	-0.3546	-1.5821	-1.1672	-1.3765	-2.6699	0.8951	1.5056	0.7106	0.2194	1.1206	-0.9979	-0.1250	1.5375	0.3642	1.7713	-0.7188
-2.1027	0.1172	1.0672	-1.0483	-0.5487	0.0580	-0.8349	-1.1452	-0.4089	-0.9075	-0.2084	-0.0037	-0.1566	0.7781	1.5332	1.0055	0.7454	0.9968	-0.0719	0.2942	0.9283	1.4209	0.3156	0.3446	0.6050	0.5505	-0.5836	0.1690	0.7308	0.5099	1.6046	0.6506	-0.4114	0.7614	-0.3232	-1.5299	0.0480	0.6180	-0.1612	1.9651	-0.0920	0.7338	0.6303	0.3148	-0.4700	-0.7589	1.5308	-0.9612	1.0653	2.8995
-0.3329	-1.0186	1.7185	0.7172	-0.4172	-1.6917	-0.4458	-1.8763	0.3117	0.1000	-0.0278	0.1453	0.7793	-1.3222	-0.6634	0.7260	0.9628	0.6221	-0.7870	0.4336	0.5471	0.1931	-0.1785	0.1640	0.1335	-0.8091	-0.0605	-0.5094	-0.4038	-1.5939	0.3447	-0.8206	-1.1168	0.3860	-0.3892	0.5043	0.1922	-1.2102	-1.2134	-1.8828	-2.2773	2.1178	0.7206	-0.6707	-1.2496	-1.4406	-0.2399	0.0613	0.3597	0.1041
1.5561	-0.1135	-0.2548	1.6597	-0.9676	2.2275	0.5048	0.2624	-0.1919	0.7310	0.9915	0.2246	1.7298	-0.4095	0.2439	-0.3078	0.8457	-0.4103	-0.5429	0.1589	-0.9298	-1.1158	-0.4117	-0.5312	-0.4671	2.7771	-1.4079	0.7290	0.7873	-0.3182	-0.9229	-0.5328	1.4481	0.0757	0.1703	1.2004	1.0223	0.1328	-0.2364	0.0662	2.7604	0.4169	-0.2729	1.0066	0.3413	0.2581	0.4712	-1.5506	-0.1393	-0.4265
-0.4448	0.1715	-1.4066	0.0513	-1.3980	-1.6898	1.9188	0.0280	0.7016	-0.5647	0.5698	0.2527	1.1863	1.0347	-0.1879	-1.3792	-1.0511	0.1762	-0.8424	0.1028	-0.5597	-0.7005	-0.8042	0.5283	0.0833	-0.6547	-0.3347	-1.6253	-0.1058	-1.6662	0.8779	-1.8742	0.7594	-1.5430	-1.4134	0.9836	-1.1406	0.5574	1.5154	0.9075	1.3531	0.7667	1.5470	-1.1691	-0.5737	-1.9631	-0.2363	1.3654	1.2149	1.1232
-0.7202	0.4372	-0.1576	0.4167	0.2904	0.1887	-0.3707	0.0065	-0.9271	-1.3752	0.3169	-1.0900	2.1880	1.5173	0.4466	-0.8626	-1.4741	-0.8836	-1.3499	1.6499	-0.6866	-0.1903	-0.6970	0.0408	-0.3658	0.1564	1.4658	-1.0869	0.8061	-0.4524	0.3239	-0.5665	1.0726	0.4628	0.1444	0.6520	2.2361	-0.7747	2.2667	0.4782	1.4372	-0.6419	-2.4339	0.1827	0.8624	-0.0355	1.0098	-0.1509	1.3234	-0.2595
0.1752	1.0945	-0.4561	-0.6371	-1.5220	0.0974	0.1702	1.6792	0.2060	-0.9068	-0.0256	-1.2863	-0.6204	-0.6648	-0.5366	0.2336	0.1432	-3.0628	0.1143	0.5731	0.2479	-1.7722	0.2443	-1.2199	-0.3162	0.1944	-1.1741	-1.6142	-2.5894	-0.5622	0.6952	0.6214	0.6930	-1.5916	-1.9478	-0.0987	-0.4110	-0.8307	1.8164	0.7791	0.5311	-0.1336	0.8096	-1.3598	0.8944	1.7700	-1.0114	-1.1411	0.8772	-0.5222
-0.5610	-0.0594	-0.6216	-0.7471	-0.3129	-0.1385	1.7117	0.8718	-1.0971	-1.0192	0.8644	-1.7895	0.5283	-0.2623	0.7664	0.1193	1.7764	-0.2518	0.6389	-0.8205	0.4021	-0.0323	0.0294	-2.6172	-0.3694	0.8555	0.4337	-2.6168	-1.6034	-0.0816	1.4667	0.0906	-0.9492	1.3042	0.1245	-0.8836	1.7766	0.7875	0.3280	-2.1944	1.0664	1.0428	-0.7514	-0.3460	-0.1736	0.6785	-0.0400	1.0964	1.9280	1.5113
-0.1920	-2.0777	-0.2793	0.3198	-0.2883	1.8701	-0.3228	-1.2881	-0.0237	0.2561	0.8011	-1.8905	0.3098	0.8840	0.2406	0.3845	-0.0085	0.0513	0.0770	-1.2391	1.0854	0.1959	-0.2959	0.1450	-0.1531	0.4318	0.0004	0.3185	0.6125	0.9222	0.5714	1.8458	-0.2674	-0.3801	1.3018	-0.8395	0.7335	0.3576	-0.9426	-0.2428	0.6363	0.3217	0.6407	0.7457	0.5302	-0.4723	-0.0643	-1.1082	-1.2224	0.7371
-0.1537	-0.4300	0.7696	1.3348	-0.7047	0.9242	0.2698	0.2156	0.4578	0.0878	-0.2394	1.0476	-0.4364	-0.0813	0.3237	1.4585	0.5300	-0.9237	-0.5748	1.0888	-1.4114	0.0774	-0.7284	-0.2560	1.2039	0.8815	1.1436	1.3323	1.2724	0.6704	0.0465	2.0397	-0.1129	-0.1353	-1.3983	-0.7392	0.8209	-0.8626	-1.6593	1.1698	0.4106	-1.3932	1.4057	0.2361	0.2747	1.4267	0.7369	-1.7788	-0.3798	-0.3209
1.2651	1.2175	-1.5031	-0.1995	-2.1312	-2.9003	-0.6851	-1.0541	0.4119	-1.0598	-0.6008	-0.9202	-0.2931	1.6641	-0.8902	0.8034	-0.8918	0.7324	0.2285	0.0721	2.0406	0.4132	0.6073	-0.3565	-0.6874	-1.1448	0.9403	0.9633	-0.6194	-0.0704	0.4828	-1.2239	-0.9407	-1.0186	-0.3521	-1.8226	0.5686	0.4717	-1.0068	1.6654	-0.9586	0.8888	-0.3965	0.0187	-0.2473	-2.2667	0.5476	1.8331	-0.8927	-0.8803
0.3619	-0.1897	-1.2798	0.3605	1.1622	-1.0557	-0.1749	0.3562	-0.0058	1.3486	-0.9361	-0.9309	1.7921	-1.3617	-0.8443	-0.3126	-0.1506	-0.1954	-0.5074	0.7586	0.0765	-1.0609	-0.0154	1.0557	0.9393	0.0085	0.3135	-0.3099	-0.0309	-0.8901	-0.0365	-0.5305	1.3060	0.2699	-2.4208	0.0252	-0.7012	-0.7953	1.1418	1.3737	0.3382	0.6089	-0.5825	-0.5739	0.4141	0.5202	0.3333	1.7860	1.5684	0.2839
0.7728	-2.2895	0.8368	-0.0178	-0.7185	0.7742	-1.0742	-0.1136	1.0126	-0.1296	0.1795	-2.6777	0.1529	-2.2396	1.0736	-0.4557	-0.7831	1.1195	1.7557	0.8366	-0.2605	-0.8274	0.7757	-0.4319	-0.6063	1.2905	0.3759	0.5867	1.4223	-0.8057	0.3462	0.8050	-1.3472	0.2632	0.7583	-0.0347	-1.3980	-1.2514	0.1398	-0.3061	-0.9912	-0.1481	0.9218	-0.3786	0.9843	0.4049	2.4432	-1.4262	-0.4036	1.4359
-1.9509	-1.3837	1.8330	-1.8610	0.9749	0.0919	-0.9166	1.8792	0.4745	-0.9108	0.4207	-0.5337	0.5463	-0.7243	1.2483	-0.0126	1.7553	0.8120	-0.6959	1.4102	-0.2683	1.0033	-0.3386	2.2565	0.4443	1.2102	-0.0098	0.1670	0.4815	-0.2575	-0.3130	-0.7952	2.2494	0.6184	0.9622	-1.3390	0.7325	1.2885	0.4048	-0.4670	-1.9499	0.5377	1.2433	0.3273	-1.1790	-0.5107	-0.1277	2.0291	0.7167	0.4625
-0.4278	0.8335	-0.5980	0.1892	0.9452	-1.4328	1.5848	-1.1655	0.7832	-0.3214	0.1078	1.4617	0.1884	0.8887	0.1767	-0.2015	0.0972	-0.1948	1.2063	-0.9345	-0.2310	-0.7391	2.6107	0.5782	0.1850	-0.1833	0.4060	0.8686	-0.6542	-0.3666	1.5995	-1.3246	0.4272	-0.8993	-0.6850	0.1997	-1.5756	-0.8743	-1.8020	-0.8221	0.1168	1.1937	-0.3170	0.6913	0.4527	0.0521	-1.0049	-1.0420	-0.6607	-0.2711
0.6763	0.6698	0.0829	-0.1664	-0.8987	0.2719	2.2187	0.5303	-0.9227	-0.5302	-2.6648	-0.9622	-0.4508	1.2106	0.0087	0.6819	-0.7299	-1.5810	-0.4098	0.1975	-1.2492	0.7511	0.5648	-0.0827	1.0499	1.1017	-0.9556	-0.7922	0.7211	0.5310	0.0938	-0.4356	0.8537	0.3732	1.4097	-0.3615	0.8566	0.1769	0.7895	-0.3198	0.0978	0.3754	-1.0396	-1.5680	0.9391	-0.6075	-0.3645	0.1900	-0.8955	-1.3326
-1.7270	-0.3781	-0.6512	0.2750	0.5349	0.1192	-0.5443	-0.9703	0.4017	1.4379	0.7309	-0.7864	-2.1763	0.3670	-0.2488	0.6219	0.2598	0.7506	-0.9107	-0.0065	0.6717	-1.4190	0.4172	-0.9522	1.2624	-0.6176	1.1917	1.7267	-0.4030	2.1342	0.0478	-0.1318	-0.4905	0.5055	-2.3674	0.7093	0.3417	-0.3544	0.1114	-0.0225	0.5528	-0.3794	-2.0029	0.0579	0.5543	-0.8828	-2.3517	0.2822	-1.0763	-0.6003
-0.0123	-0.8596	-0.7054	1.1265	-0.1261	-0.8892	0.0489	-2.0573	-0.4214	-1.1211	1.2555	0.6356	0.8109	-1.9402	0.6227	-0.9761	-0.7276	0.8527	-0.6399	0.8297	-1.1891	-0.9815	-1.2995	1.0144	1.1598	-0.0638	1.8091	1.6739	-0.8534	-0.4764	0.8263	0.0512	0.0353	-0.0640	-0.5336	0.5694	-0.7298	1.0497	0.7998	-0.2090	1.6063	-1.3139	-0.3955	-0.0159	-1.2998	0.8509	-0.0801	1.0686	1.4811	0.4670
-1.7186	-0.7099	1.1798	-0.8085	-2.0043	-0.2475	0.4176	-0.9304	0.9206	1.3118	0.3048	0.1285	-0.6210	1.0023	-0.1210	-1.4616	-1.4548	-0.1118	-0.3377	0.9270	0.3376	1.5983	-0.7478	0.6769	-1.0384	-1.2411	0.1373	0.0230	-0.2414	-1.4259	0.0535	-0.6822	0.5283	-0.7719	0.4073	-0.5732	-0.8410	0.7375	0.5750	-0.3134	1.4171	-0.5856	1.2332	1.3717	-0.1920	-0.2315	-0.9316	0.5163	-0.4992	-0.9591
0.1116	-0.3917	-0.1143	1.9057	2.4872	0.4014	-0.1304	-1.5393	-0.3427	0.0535	0.6783	0.1927	-0.0302	-0.2780	-1.7508	-0.1652	-1.5063	-1.2985	1.3811	0.8760	-0.5129	-0.9166	-1.1749	-0.6801	-0.4466	-1.4345	0.7806	1.4349	-0.5827	-0.0905	-0.9136	1.3927	-0.3352	-1.4283	0.2506	-0.1815	0.9379	0.6763	0.5836	1.6989	-0.9792	-2.3457	1.8299	-0.1631	-1.7924	2.2348	-0.0717	-2.2745	-0.4177	0.3640
-0.2259	-0.6095	-0.1493	-0.7553	0.1037	-0.6044	-0.0941	0.6978	-0.0165	-1.1767	-0.3544	0.2102	0.3752	-1.4364	-0.5975	2.1725	-0.0300	-0.0078	0.0764	-1.0438	-0.1562	0.7025	-0.5339	0.7393	1.2928	-1.2392	0.2369	-0.1103	-0.0676	0.5310	-1.9321	-0.7393	0.3720	-0.1253	1.2822	-0.2680	1.0562	0.4045	1.0517	-1.5558	-1.0180	0.5644	1.8389	0.2087	-0.2775	-0.7743	2.2116	0.5210	-0.6159	0.7302
-0.8272	0.9690	-0.1465	2.2763	-2.0286	-0.9627	1.1227	0.4600	-0.0122	1.7939	-0.3014	1.9892	0.8068	0.7942	1.4585	-0.0345	0.9218	0.7479	0.6541	-0.8580	-0.9794	0.2485	-0.1262	-0.4713	-1.0709	-0.1162	-0.4921	-0.8588	-0.1543	-2.2051	0.4433	-0.4606	0.6244	1.2914	0.1076	0.3465	0.6164	-1.0981	0.7112	0.7245	-0.0373	-1.2388	0.4338	0.4512	0.4135	0.0044	0.9069	-1.6177	0.8889	1.5945
-2.6376	0.8987	0.7705	0.2537	0.4789	-0.2764	0.6083	-1.0228	-0.6503	0.1554	-0.9638	-0.8930	-0.1023	0.7601	0.3496	1.3238	-0.5360	-1.3847	0.0714	1.1377	0.0949	-0.2503	0.8624	0.3278	-1.0487	-0.2256	0.3747	-2.9338	0.8263	-0.5621	-2.0361	1.5592	1.8673	-0.3659	-0.1768	-1.2542	0.2254	-0.9919	0.8992	0.8806	0.1743	0.9587	-0.7339	0.9124	0.3127	-0.0987	-0.0506	0.6410	0.2606	0.3274
0.7801	1.2091	-0.0204	-1.7558	-0.3055	0.3666	-0.0829	-1.4307	0.5999	-1.0713	-0.3104	1.9188	1.1742	-0.9548	0.0908	-0.0361	-0.8184	-2.0658	-1.3961	1.8339	-0.5502	-0.3699	0.9499	0.4030	0.4645	-0.4188	0.9355	0.0804	-0.3274	1.4222	0.4430	-0.8251	-0.7349	-0.6441	-0.4252	0.2474	-1.3261	0.8214	-0.4886	0.2904	0.6198	-1.7717	0.6784	0.5245	0.1299	-1.4933	-0.1692	-0.7824	0.5405	0.1601
0.9510	-0.2534	-1.0007	-0.1942	-0.4425	-1.1176	-0.1005	-0.8630	-0.7436	0.2407	0.1601	0.0607	-0.8369	-0.8712	0.1861	0.3267	0.6576	-1.2787	1.4292	-0.5915	-0.0901	0.5973	-0.1223	0.9958	-0.3373	0.9234	0.7761	1.8710	0.6916	-1.0099	0.6417	-1.0730	2.5205	0.3498	-0.3964	-1.0682	-0.6640	0.8470	0.9172	0.6149	0.3081	-0.4713	-0.5914	-0.4970	0.9635	-0.7787	0.1743	-1.3825	0.9326	-1.5400
-0.7720	-0.5003	0.4290	-0.4195	0.6938	-0.3034	1.6200	-1.1051	1.0004	-0.1963	-1.6845	0.5321	0.5844	0.3946	-0.9666	-1.1052	0.2397	-0.6369	-0.9152	-0.5836	0.7180	-0.1504	0.2358	0.1492	0.7854	-0.1648	1.5762	-1.2881	-0.2231	0.2106	-0.1952	-0.3524	1.6287	0.8753	0.7028	-1.1212	0.8379	-0.6634	0.1761	0.6143	-1.1816	0.3798	0.4895	0.6435	-0.0261	0.3477	-0.6957	1.6725	-0.6377	1.1268
0.0652	1.4318	0.1179	-0.1520	-0.9139	2.4492	0.6871	-1.3517	0.5945	-0.3218	-0.8772	-0.0272	-1.8858	0.1352	0.0243	0.6324	2.3935	0.9120	0.8523	0.0348	0.8855	0.3584	1.5868	0.9140	1.6287	-1.8120	0.3393	-0.0371	-1.0131	1.5525	-0.5150	-0.4894	-1.7077	0.1141	0.1923	-1.0263	-0.4261	-0.4235	-0.3832	0.0193	-1.3436	0.0873	-0.4088	1.2305	-0.5052	-0.3154	1.4346	0.1912	-0.2178	-2.2265
-0.7938	-0.2613	1.2886	0.5039	0.1869	0.8765	0.0024	-1.1786	0.2707	-0.1378	0.6897	-1.3678	-1.8223	-2.1240	0.2521	0.4793	-0.1950	0.9032	0.8092	0.3743	-0.0133	0.8791	-1.4952	1.5049	0.2920	0.7739	1.6428	-0.6383	0.5696	-0.4587	-1.4974	1.7379	-0.2086	0.0346	1.4241	-0.0542	-0.8620	-0.2247	-0.0630	0.6859	-0.4826	0.0769	-1.1869	-0.3831	0.0456	1.5367	-2.2234	0.6974	-1.6495	-2.0209
0.7720	1.3926	1.0880	1.7986	0.5364	0.6586	0.8126	1.2423	0.7797	-2.2617	0.5786	2.3616	-0.2761	0.1515	-0.1641	0.4943	4.1199	-1.4292	-0.0281	1.9197	0.1153	0.9567	-0.7811	-1.1241	0.0662	0.1270	2.0077	0.1383	0.1309	-0.2386	-0.6796	0.3411	0.7376	1.1136	1.7826	-0.5733	-0.7485	0.3403	-0.7851	0.2671	-0.2680	0.2643	0.0265	1.2852	-1.0654	-0.5717	-0.6044	-0.0111	-1.6783	-1.8723
-0.3654	1.1065	-1.0935	2.4590	0.3384	-0.3922	-0.5969	1.2957	-0.1531	-0.2688	1.2958	-0.8290	-0.4475	0.8283	0.3365	-1.2910	-0.7458	-0.0388	-1.1451	-0.7415	-1.4202	0.1831	-0.3362	-0.1569	-0.4457	-1.3085	0.2033	-0.4111	-1.2709	0.4619	0.7024	1.0019	-0.5667	-0.5314	-0.8629	0.5270	-0.4919	0.0962	-1.7184	-0.0282	1.3954	0.0751	0.5583	-0.5360	-0.4843	0.3886	0.9214	0.4539	0.6949	-0.6856
0.1040	-1.3753	0.3518	0.9992	0.1423	2.0656	2.2579	0.6415	-0.1944	0.1584	2.0216	0.8160	-0.4642	0.0081	-1.7136	1.0699	0.1692	-0.4555	-1.5427	0.1073	0.7013	-0.9021	0.8880	0.0948	1.3659	-2.4848	-0.0824	-0.5711	-0.0237	0.3064	-0.1404	-0.2934	0.6511	-0.5610	0.0023	0.8552	0.4152	0.4232	1.0290	1.4112	-0.7777	-1.4815	-0.1797	1.5054	-1.6188	1.0326	0.5905	-3.1228	0.1474	-0.7451
-1.4749	-0.0315	0.2698	0.7620	-0.3546	0.1075	-0.5109	1.7033	0.5113	-0.2790	1.5359	0.7300	0.6118	0.9275	-0.8694	1.4309	-0.0221	-1.7262	0.5746	0.6836	0.6324	-1.7457	-0.2128	-1.8672	-0.0073	0.4631	-0.4334	-0.1095	-0.1007	-1.5541	-1.8566	1.8662	0.0056	0.3171	-0.3528	-0.8869	-0.0277	1.9430	0.2858	-1.5283	-1.2154	-1.7239	1.3069	0.3386	-0.4078	0.2541	1.5363	0.5650	-0.9185	-0.4091
2.5374	-0.9186	0.7705	0.2397	2.5411	0.3556	-2.0337	-0.2835	0.2927	1.4465	1.0766	1.8915	-0.5529	-0.0560	0.2334	-0.6738	-0.7974	1.4320	0.6421	0.0264	0.8630	0.3180	0.1112	-1.2917	3.3276	-1.7236	0.6550	-0.1057	0.1338	0.2925	-0.4458	0.0248	-0.8580	0.4795	-0.1535	-0.0549	-2.2488	-0.7834	1.7476	0.0493	-1.6072	-1.6602	0.5829	0.2576	-0.4126	0.9403	-3.3671	0.3633	-0.3237	0.0587
0.5177	-0.6177	0.3652	-1.4483	-0.2580	0.6305	0.1373	-0.2497	-0.6184	-0.1897	-0.0286	0.1348	0.4474	-0.5088	-0.1485	0.2125	1.1266	1.1565	0.2324	-1.6317	-0.4931	0.4340	1.1320	-0.6917	0.1142	1.2408	0.0314	-0.6228	0.7607	0.4338	0.1397	-0.3850	0.0675	-1.5041	-0.3523	-0.2078	-0.1701	0.9016	-0.5891	-0.3523	-0.9822	1.0756	-0.0646	1.2262	-0.2913	0.0830	1.1645	-1.4944	-0.0236	0.0121
-0.6428	0.5648	-0.2482	0.2782	0.2105	-0.2770	1.7552	0.0632	-0.6950	1.4247	-0.3482	0.5782	0.4146	-0.0745	-0.1280	-1.0866	0.1452	-1.1785	1.3905	-0.2473	0.1769	2.0614	-0.9880	0.6293	-1.1483	0.4297	-2.4606	0.4634	-0.3058	0.8361	-0.0151	-0.3043	0.9894	1.3872	0.3000	-1.6786	1.8767	-1.8072	-0.5429	-0.2281	0.3310	-0.1549	1.1962	0.4970	1.3852	0.7260	0.9642	0.4316	0.3194	1.4036
0.6915	-0.8807	-0.7094	-0.0591	1.0034	-0.9814	-0.2721	-1.2550	0.2002	0.7263	-1.1081	2.4184	0.6049	-0.5005	-0.2970	-0.4877	-0.0548	-0.2613	-1.9616	1.0630	-0.2447	-0.6702	2.6881	2.0664	0.1597	0.2105	-1.6090	1.2436	-0.7716	0.8438	-1.1586	-0.8149	-0.2529	0.2387	-0.1308	-2.1046	-0.1161	-0.0716	-1.9304	-0.0017	0.9794	0.3299	-0.7024	-0.6080	-1.8212	-0.2123	-0.9481	-0.7615	-0.6335	-0.7282
-0.0524	-1.4747	1.0733	-0.4649	0.2240	0.8664	-0.2681	1.4506	0.5326	2.5819	-1.3529	-1.2873	-1.3960	-0.1719	1.9415	-0.5994	-1.0727	2.5942	-0.0862	-1.0290	0.1617	-0.5480	-0.9009	0.1946	-0.1259	1.3668	0.2996	1.4151	-1.1279	-0.1238	-0.7842	-1.1648	-0.8673	0.6639	-0.5127	0.5259	0.6310	-0.0954	-0.4011	0.7337	-1.5987	-0.3078	0.4858	-0.3079	-2.4799	2.1567	0.7981	1.6500	-0.9334	0.5780
0.5885	-0.0293	-2.3691	0.2083	0.1802	1.1799	-0.4095	-0.6463	0.0167	0.2433	1.3996	0.3516	0.7730	0.5369	-1.0024	-0.3132	0.2158	-0.5819	0.2202	1.6475	-0.3036	-0.2524	-0.2339	-0.9210	0.3057	-0.7910	0.5085	-0.2593	-1.1183	1.0999	0.4992	1.1120	1.0813	1.8332	-0.8973	-0.5206	0.2971	0.2028	0.0187	0.1159	0.3349	-1.6232	-0.6990	-0.1869	0.3068	0.8345	-0.5962	-0.5428	0.6032	-0.0042
0.2401	-0.2704	-0.5624	0.0773	0.3457	0.8186	-1.7376	-1.2046	-0.6491	-0.3049	-0.2818	-0.7387	1.3413	-0.3767	-0.9031	0.4682	2.6378	-0.2881	0.4447	-0.4603	-0.7971	-0.2771	-0.4583	1.5974	-0.3770	0.5924	0.9106	0.8453	-0.6753	1.3377	-0.9111	0.6496	-1.7516	-0.4141	1.1549	-0.4843	-1.1019	-2.3019	-0.0313	0.8635	-0.8642	-1.5583	-0.3872	-1.3890	0.1036	-0.0043	0.2404	0.6838	-3.4052	0.0960
2.5904	0.4197	2.3817	-0.1683	2.2884	0.0458	-0.7946	-0.4480	-0.1567	1.2179	-0.3030	-2.0058	1.2886	-1.0415	1.0838	1.0600	-0.2522	-1.0437	0.4089	0.4874	-1.9256	0.7429	0.6544	-0.5141	1.1066	-0.0584	2.1159	1.5849	-0.8840	-0.3668	-0.3077	1.2292	0.7962	-1.4572	-1.0994	-1.1110	0.3316	-0.5248	-0.8806	-1.4493	0.6180	-0.5095	0.1929	-0.8602	1.5698	0.9980	-0.0373	-0.0873	2.8852	0.4217
1.1146	-0.2952	-0.5702	-0.4217	-0.6988	0.9445	1.8306	0.5301	0.3719	0.3223	0.7021	-1.3202	0.0874	0.4092	-0.7576	-0.3909	-1.2257	0.7846	0.7977	0.5630	-0.4493	-0.2615	-0.4621	0.0564	0.5299	-0.1307	0.0671	1.2207	0.4052	0.9640	0.0526	0.4146	1.0056	0.0999	2.0422	-0.3465	0.7000	-0.5867	-0.1757	0.8608	-1.4153	-0.8581	1.4075	1.6239	0.6777	1.5438	-0.0058	-1.3077	1.5194	0.7744
1.7305	1.2716	0.3685	0.2328	-1.4677	0.1536	0.4918	0.0671	-0.9839	-1.0663	1.1559	-1.1596	-1.4226	0.4306	-0.1482	-0.4246	0.3955	0.8029	0.3952	-0.7999	-1.7037	1.5831	-0.6142	1.7733	-1.3879	-1.6136	-0.0836	1.0477	0.7579	-1.7543	0.5089	-1.0847	-0.2628	1.7556	-0.6555	-2.5092	-0.6748	0.6308	-0.8403	1.4853	-0.9826	1.3264	0.8290	-0.2596	-0.2850	-0.7791	0.5366	0.6584	1.4287	-0.3162
-2.5282	0.8604	-0.7131	0.3254	0.0473	0.4552	-1.5593	0.8686	0.8372	-0.7137	0.5697	1.4838	-0.5889	-1.5819	0.3172	-0.2602	-0.9585	-2.5471	0.5830	0.9062	-2.8620	0.9526	-0.0961	0.5123	0.4715	-0.5851	-0.6000	-0.7940	1.0354	2.2324	0.2327	1.2752	0.3783	0.2702	0.9405	0.4165	-0.7764	-2.8623	-0.1318	-1.2548	-0.4045	0.9919	1.3998	-0.2207	0.4619	-1.1271	0.9070	-0.4025	0.5267	0.6320
0.9284	-0.6456	-0.5688	1.1619	-0.9990	-0.6413	0.6184	-0.7881	-0.2170	0.0549	0.7971	1.4911	-2.3869	-0.5738	0.2838	1.4732	0.7310	-1.5253	-0.8616	-0.3026	0.5090	0.9090	-0.1303	0.0012	1.8504	0.3233	0.2509	-2.2779	0.3108	0.3659	-0.7862	1.2404	-1.6797	-1.0413	0.0392	1.2109	0.3262	0.0326	0.6800	-1.4820	1.5288	-1.5263	-0.7483	-0.4185	-1.7143	-0.9774	-1.9875	0.6154	2.0642	2.3688
0.6482	0.2179	-0.5427	-0.2627	-1.3202	-2.4392	0.9749	-0.4833	-0.8741	-0.8889	-2.8575	-0.4299	-0.8749	-0.2813	0.2390	0.5182	-0.7384	-0.8819	-0.7663	-1.2661	-0.2243	-0.6840	1.1577	-0.8924	0.3774	-1.4936	1.1347	1.3282	1.1048	-0.4621	-0.2870	1.1585	-0.2991	0.0110	-0.2269	-0.9572	-0.5976	-3.4089	0.0514	-1.0915	0.8647	1.0784	-0.2278	0.6385	0.2577	0.0946	0.0800	-0.3487	1.0356	-1.0005
-0.6286	0.3227	1.4058	-0.4650	-2.7312	0.2670	-0.6698	0.1447	0.3312	0.4307	-0.9123	0.4605	0.4033	-0.7910	-0.8297	1.6122	1.0404	-0.4755	-0.9706	-0.7562	0.3092	-0.1091	-0.5196	-1.3611	1.0297	0.1262	0.5286	-0.3785	1.3256	-0.6667	-0.3003	0.3628	-1.3461	-0.2562	0.3873	0.3008	0.1871	-0.2876	0.7509	0.4477	0.4412	-0.7550	-0.8734	-0.4178	0.7752	1.2272	-1.8219	-0.0599	0.4928	-0.5543
-1.8754	0.6286	0.7431	1.5196	-0.7853	0.6676	0.0534	1.6973	-1.0200	-1.8916	-0.1434	-0.2703	-0.6827	0.6956	0.1085	-0.5873	0.5813	0.1882	1.6835	1.8717	0.9700	0.5936	1.1460	-0.6587	0.5170	-0.7366	-1.0192	0.3742	-0.7178	-1.0769	0.1238	0.0539	0.2366	0.1195	0.2334	1.1194	-0.1142	-1.1271	1.6884	0.4759	-0.7297	-0.5464	-0.3345	0.8169	1.2730	-0.4721	-0.1319	-0.3609	-0.0532	1.1402
-0.2380	-1.0079	1.1199	-1.8519	0.1696	-1.2805	1.3112	0.4898	-1.1298	1.1045	-3.0317	-0.0711	0.5022	-0.7504	-0.9404	0.0580	0.1460	-0.8376	0.4960	0.1869	0.1180	1.0404	-0.8710	1.5293	0.4165	1.8136	-0.6327	0.7031	0.9337	-0.3116	1.4490	0.0257	-0.8332	-0.4746	0.6051	-0.2379	3.0113	0.0145	1.8108	0.6742	0.0930	-0.1449	-0.0147	-1.1859	1.7212	1.1097	-0.2799	-1.5787	-0.3008	0.5725
1.1302	0.1418	0.1696	-0.7071	0.9722	0.6672	0.5910	0.0181	-0.4309	0.5536	0.1129	0.8754	-0.3839	-0.3296	-1.1914	0.3306	0.0129	0.8393	-1.2708	-0.4614	1.7488	0.2324	-0.4813	-1.3926	-0.2859	-0.6816	-1.5928	-0.6164	-0.8667	-0.1414	0.4134	-1.3515	-0.0313	-1.7557	-0.2146	1.8651	0.7070	-1.4840	0.2891	1.6887	-0.3886	-0.2935	-0.7475	-0.5341	-0.3205	-0.7355	0.2037	0.4225	-0.7538	-1.0280
1.0888	0.3318	-0.1801	-0.2850	-1.7528	-1.1309	-0.1283	0.0251	-0.7946	2.2925	1.6355	-1.2382	-0.6128	-0.3935	-0.2587	-0.7427	2.1375	-0.3246	1.1870	1.0108	-0.6087	-0.3281	2.2526	0.1855	-0.6617	-0.9553	0.5697	-0.6999	-0.0970	-0.1069	-0.3282	0.2002	-1.4005	0.6603	-1.1712	-0.0416	-1.6823	-1.6979	-0.8032	-0.0028	-0.0217	0.3846	-1.6621	-0.4120	1.6701	-1.6806	-2.3852	-0.6216	0.3095	0.6339
0.1998	0.7400	-0.6550	0.1483	1.3677	0.0560	-0.5400	-0.6866	-0.5116	0.8773	0.8237	0.2074	0.3940	-0.6594	-0.3690	-0.1635	0.2764	-0.6399	1.0036	0.5572	0.1607	-0.8666	-1.7367	1.2355	0.4624	-1.1950	1.1086	-0.4347	-0.4967	-0.4468	0.1695	0.2786	0.6452	-0.8381	1.2588	1.3514	0.2098	0.3914	-0.4240	0.1802	1.0114	0.1154	1.0381	-0.9879	-0.8050	-0.7536	0.0918	0.4037	1.4635	-0.5799
1.1868	-0.2472	-0.1992	1.9260	-0.3774	0.7208	-1.7995	-0.2035	-0.4409	-1.3168	0.2583	-0.4391	0.3081	1.1861	-0.3417	0.0929	0.5481	0.1931	-0.1005	-0.9503	-0.0326	0.3850	0.2426	-0.0507	1.0327	-0.3152	0.0984	-0.6358	1.1414	2.1365	0.7374	-0.1199	0.1051	0.1079	1.6166	0.4362	0.6848	0.7733	1.0202	-0.5706	0.3273	-1.6564	0.1961	-0.6883	-0.5075	-1.2531	-0.1068	-1.1479	-0.5956	-0.4284
-0.9789	-1.7227	-1.8909	-1.0374	-0.7074	-1.6524	-1.2294	0.8385	-0.4344	1.5762	-0.7863	-1.4036	2.5423	0.4819	0.7099	-1.3609	0.2667	-0.0571	1.2693	1.0968	0.9143	1.2026	0.0981	0.0952	-0.7335	0.1595	0.4040	-0.5312	-1.1571	1.3845	-1.0274	0.2973	-0.6042	0.1511	1.0167	1.2043	0.9122	0.9795	-0.4416	-0.6255	0.7691	-0.4067	0.3094	0.7383	-0.0414	-1.3182	0.5264	-0.8603	0.1756	0.2681
-0.3882	-1.0255	-0.3326	1.5027	-0.3187	-0.2933	0.1192	0.3391	-0.1534	0.3227	-0.3784	0.3935	1.4962	-0.6633	1.1315	0.9991	1.2016	0.7623	-0.5251	-0.9723	0.0931	-0.9220	0.2955	-0.8436	-0.5593	0.5465	-0.7123	-0.7779	0.1875	0.9360	0.8613	-0.1979	-0.1472	2.0134	-0.3132	-1.9251	-1.1673	0.3805	2.1312	-0.1614	1.1052	0.1037	0.8446	1.3604	0.3887	-0.0484	-1.1381	-0.9135	-0.1108	-0.3618
-0.2549	-0.1151	0.5412	-1.1223	0.1919	-0.3124	0.6809	0.8032	0.9189	0.1587	0.5650	-0.4211	-1.3606	-0.4638	-0.7137	0.5174	0.4579	0.0961	0.6705	-0.5414	-1.1080	0.2019	1.5145	0.9176	-2.2929	0.9575	-0.7971	1.4049	-0.9746	0.6005	-0.1314	-1.3175	0.8373	-1.5153	0.1690	0.6032	0.3221	0.5427	-0.7323	0.8486	-0.9517	1.4159	2.4062	2.2493	-0.2927	-1.0250	1.1715	0.0698	-1.0550	0.4128
-1.2549	0.6393	1.7952	-1.3109	-0.9195	-0.0234	0.8654	0.5310	1.8071	1.0220	0.1925	-0.0742	0.4601	-1.6472	-0.2733	-2.0226	-0.6270	0.5949	0.5495	-0.7348	-1.4041	-0.8536	-0.3728	-1.0886	-0.2269	-0.8379	-0.7808	0.2155	-0.7853	1.0613	0.3900	-1.3498	-0.2672	-0.9652	0.4527	0.0952	-1.8851	-1.8799	-0.4349	0.4053	-0.0187	-0.1284	0.6171	-0.5350	-0.2280	-0.3157	-0.9626	-0.8759	-0.7131	0.5345
1.1946	-0.1314	-1.1742	-0.0924	-0.7208	0.3018	0.7608	-0.9675	0.4454	1.7594	-1.4622	-0.4944	-0.8375	0.8790	0.3107	-0.9278	0.3705	-0.1963	0.0742	-0.8660	-0.1723	1.2992	-0.4814	0.1434	-0.2671	1.6904	-1.2688	-1.9495	-0.9622	0.5778	0.2665	0.0405	0.0084	0.5378	0.6064	0.2514	0.6775	0.6382	-1.8922	-0.2251	-0.3941	1.1278	0.2355	-2.3378	-1.2980	1.4307	1.1791	-0.3575	0.0159	0.2463
1.0764	-0.4164	-0.3960	0.9502	0.3317	-0.6390	0.8984	0.1254	1.2482	-1.0913	-1.1474	-0.3309	-1.0906	0.0669	0.5534	-0.2137	0.5415	1.8635	2.2699	-1.0699	-0.3048	-0.7693	0.7941	0.1065	-1.8231	0.1272	0.8703	-0.4465	-0.7607	-0.2012	-0.8058	-0.3938	-0.4211	1.8170	0.1354	-0.6587	0.4344	-0.7555	0.8830	-0.7008	0.9592	-0.4766	2.5435	0.7961	-0.0267	2.8198	0.7365	0.5975	0.9309	-0.4002
0.1695	-1.1384	0.4226	-0.4055	-0.0466	0.9579	-0.7198	1.5615	-1.5558	-1.5789	1.9422	0.8301	0.2696	-1.1694	-0.9422	0.8672	-0.8958	1.2187	-0.1192	-0.9902	0.9111	-0.7780	0.4900	-1.6816	-0.3711	0.5056	-0.7339	-1.9334	-2.5443	1.8564	-0.4095	0.8238	1.7564	-0.0144	0.3800	-0.1214	1.1537	-0.1080	0.1489	-0.6412	-1.0253	-0.2819	-0.7403	-0.5238	-1.6475	0.1361	0.3113	1.6495	-0.2277	0.5001
-0.9523	0.7424	0.2551	-1.2208	-1.9549	-2.3484	1.1836	0.1551	0.9219	2.2468	-1.3474	1.0154	0.8924	0.6824	-0.8700	1.0286	1.1500	1.2212	0.0002	-1.1167	-0.1667	0.1426	-0.4093	-0.1502	0.4142	-0.4237	0.4308	-1.2511	1.2297	0.4964	1.4823	0.0512	1.1643	-1.1335	-1.1616	0.0328	0.3528	1.3689	-1.3359	-1.2696	-0.0804	-1.8039	1.7797	-2.4425	-1.2337	0.8814	-0.8983	1.9926	-0.3358	-0.7877
-1.6841	0.2313	1.2050	-1.0174	0.0718	0.4407	0.2024	-0.3424	1.0932	-0.1553	-0.1839	0.7775	0.9697	-1.3229	0.9871	-0.6062	-1.2245	-1.1477	-0.9901	0.6837	-1.8902	-0.3288	-0.4100	-1.1101	-0.0104	-2.1993	0.3477	-0.7129	-1.5212	1.1729	-1.3750	-1.4663	-0.6948	1.1778	0.7281	-1.6332	-0.7185	0.8236	-0.0369	-0.2325	0.2164	-0.2867	0.7989	-1.1313	-1.4826	0.4610	-0.8227	0.5300	0.2740	-1.1475
0.5831	-2.3843	0.0172	0.4056	0.3441	0.8729	-0.5292	-0.2184	-0.3523	-0.2644	-1.8611	-1.1688	0.5788	-1.3881	0.3910	-0.6202	0.3087	0.9636	-0.4323	-0.0960	1.9065	0.4096	-0.9325	-0.6019	0.9407	0.3026	-0.2592	-0.4837	0.0716	0.2403	1.4483	-1.1479	-0.2566	-0.1296	-1.5137	1.5616	-0.1946	-0.3807	-0.7524	-1.6949	0.2592	1.6544	-1.4831	1.1000	0.4892	0.5267	-0.4357	-0.2102	-0.2948	2.4324
1.9646	0.2941	0.8230	0.2901	0.2218	-0.5733	0.4392	-0.0531	0.6417	0.3050	-1.7369	0.5177	0.7563	-0.3843	-0.3241	0.1369	0.8334	-0.0449	2.0598	1.8652	2.8107	0.2674	0.0742	0.2139	-1.0924	0.8722	0.5707	-0.4261	0.5485	-0.0789	-0.6757	1.1932	-0.9481	-0.7304	1.1307	-0.1611	0.5886	-0.7966	-1.2496	-2.0728	0.0232	0.1718	1.0612	-1.1868	1.0277	-0.7059	0.0966	0.1966	-1.0020	-0.4289
1.8268	-1.0638	-1.1119	0.6071	-0.5078	1.0269	-0.1934	0.3903	-0.6104	-1.0106	1.0769	0.8014	0.4629	0.2898	0.3166	-0.3898	-0.6160	-1.3187	-1.6212	0.6751	-0.0189	1.2980	-0.0512	-1.5250	0.8382	-0.7004	1.7548	1.6524	-0.1025	0.6474	1.0268	-0.1155	0.0379	0.3060	-0.1905	-0.4858	0.5918	-2.2908	-0.4538	-0.1758	0.4101	-0.8092	-0.4498	0.0193	-0.1498	-0.1216	-0.0881	1.9480	-0.0634	0.7592
-1.3628	-0.7309	0.5967	0.2580	-0.7423	-1.0884	-0.8495	0.7564	-1.0257	-0.4281	0.5204	2.4356	-0.1568	0.3799	-1.1025	0.4816	-0.1934	-0.8806	0.4093	0.9912	-0.9271	0.5415	0.3165	1.4617	0.1417	0.8310	0.5249	-1.4693	2.0387	0.5653	0.9362	0.7662	-0.5786	1.3918	-2.1536	-1.2602	-0.2959	1.8145	0.2011	0.9257	-1.4008	-0.1571	-2.0488	-1.2955	-0.3813	-0.1591	0.4944	0.1625	0.4537	0.0504
0.1934	-0.5899	0.8527	1.2301	1.2073	1.7295	-0.0611	-0.0322	1.0288	1.1585	0.1108	0.4834	-0.4089	3.2925	0.2679	-0.4309	-0.0243	0.3528	0.2388	0.2889	0.6099	-1.3757	0.9669	1.1508	-1.2754	0.0541	-0.9433	-1.2227	0.9684	-0.0391	0.0317	-1.5137	0.8687	0.1762	0.5992	1.0389	0.3227	-1.5452	-0.7246	-0.0930	2.0976	0.0158	-0.0843	-1.1310	-1.1681	-0.5670	-0.3391	0.4289	-2.1308	-0.3887
-3.1879	0.1671	0.0737	-0.5026	-0.0994	-0.2220	0.1681	0.1608	1.0904	0.3792	0.5925	-1.7558	-0.5284	-0.6172	-1.0265	-0.2474	-0.9822	-1.0399	-1.0865	0.1281	0.5176	0.2642	-1.5060	0.3788	-1.7019	-0.0911	0.2307	0.5533	-0.3984	0.0771	-0.8344	1.6041	-1.4946	1.4640	-0.1551	-1.1447	-0.9268	1.8978	1.2640	-1.3986	-0.4044	1.4221	-0.4634	0.1498	-0.1600	-1.3640	-0.3724	0.4612	-1.0005	-0.3475
1.0658	-1.3685	1.3002	1.1382	2.0893	-0.5099	1.1794	-0.9458	1.1370	0.4832	0.6688	-1.0317	1.5273	-0.2113	-2.4373	-0.9523	0.7694	1.3987	1.0895	-0.0933	0.6091	-0.1282	1.1037	-1.4000	-0.0433	1.6580	-0.0325	-0.0930	1.2475	-0.1665	-1.2850	0.3026	1.7213	-1.2002	0.0196	0.5534	0.2625	0.9078	0.1640	-0.3630	1.0102	-1.4120	-0.4187	0.3091	-0.4502	-1.9315	0.2736	0.3107	1.7039	-0.4393
-0.9887	1.9001	-1.4724	-1.2640	0.3848	-0.2507	-0.0215	-0.3133	1.3698	0.2053	1.3572	1.8062	0.5410	1.3837	-0.4431	1.5865	-0.9363	0.2256	0.1384	0.8581	2.0213	0.4386	1.6401	0.8751	0.2282	-0.0874	-0.2886	0.4120	-0.3848	-0.5428	-1.7539	0.4092	0.0979	-0.5716	0.0077	0.6609	-0.4934	-0.5271	-0.2605	0.5860	-0.2665	-0.5022	-0.0888	-0.1596	-0.7024	2.1156	0.0962	-0.6141	-1.1837	0.1734
-0.1011	0.5557	-0.6664	-0.0070	-0.7011	1.9532	-0.6665	1.3026	1.1469	-0.5362	-0.0148	-0.1286	0.8708	1.1803	0.0463	1.1184	-0.0878	1.1407	-0.8072	2.1390	-0.2425	0.6962	-2.0023	0.0952	-0.6110	1.2905	-0.8004	-1.2386	0.4344	0.6204	0.5111	-0.0233	-0.1684	0.3265	2.3968	-0.1538	0.6071	-0.4954	0.6291	-0.7376	1.0183	1.1755	1.2912	1.7983	-0.5887	-0.6910	-1.5703	-0.2993	-1.7812	0.1726
1.9887	-0.4925	-0.3974	0.1755	1.7228	0.6908	0.6792	0.7994	-0.4259	0.9651	0.3239	-0.0763	1.5329	0.3979	1.1386	-1.6464	-0.2624	-0.4729	-1.3898	-2.6038	2.2874	0.1828	0.0540	-0.5360	0.4912	-1.5387	0.8228	1.0661	0.8705	0.0667	-0.8962	1.6372	-0.1031	0.3429	0.5551	0.6629	-0.7763	0.9167	1.6115	-1.8298	-0.6915	0.4821	1.3625	0.6876	0.6598	-0.0998	1.4609	0.0234	-0.7227	-0.4685
0.2978	0.2831	0.4334	-0.2843	0.2151	0.0632	0.4870	-0.6195	-0.8895	-1.7525	-0.0345	1.2651	-1.2785	-1.5705	0.0779	-1.8252	0.3788	-1.3462	2.8411	0.7801	1.3017	-0.0680	-1.2386	0.6992	-0.6126	-1.7268	0.3574	-0.4271	0.7698	-0.9276	-0.0276	0.0014	-0.4103	-0.0798	0.1751	0.1452	0.8292	-0.8217	-0.1244	-0.0916	1.3193	-0.9048	1.2715	-1.4137	-0.4766	-1.9406	1.1256	-0.5035	-0.8855	0.3760
-1.5700	-1.5823	-0.9945	-0.0484	1.0200	-0.5572	-0.9908	-0.3964	-1.4289	0.0660	-0.3043	0.0546	0.7337	2.0528	-0.4386	0.5419	0.2164	-0.4803	-1.2633	-1.6875	0.1907	-0.3754	0.8652	-0.3298	2.5225	1.3823	0.5146	0.2774	0.2566	0.5967	-1.2769	-2.1320	1.2133	-1.0009	-1.6802	1.1307	-0.4598	-0.2754	0.0855	1.9097	0.6949	-0.4772	0.2937	-0.6603	-0.1404	0.8694	-1.0911	0.6135	0.5843	-1.2336
0.3541	-1.4019	0.6692	2.1215	0.2955	-0.9302	-2.1852	1.0283	-0.1360	0.8564	-0.7243	0.2426	0.3789	1.2549	-1.1837	-0.9165	1.0999	1.9968	-0.4554	1.2430	1.7482	1.5656	-0.0955	-0.3610	-1.3430	-0.8504	0.6461	-0.7100	-0.6692	0.2130	0.7501	-1.1732	0.1873	-0.2412	0.4713	0.1605	1.3241	0.6175	-0.1518	-0.9358	0.9431	-0.9826	-1.0468	-0.9815	-2.1401	-0.1553	0.8904	-0.3366	0.9665	0.6161
-1.2096	1.0148	-1.6295	1.6988	-0.5797	-1.8180	-0.5512	0.3054	1.0996	1.5800	-0.7725	-0.8006	-0.0477	0.1819	-1.5316	0.9589	0.0393	-0.8191	1.2232	-1.1447	0.2336	-0.1159	-1.7297	0.9473	-0.4032	-1.9073	-0.1751	-0.5941	-0.3284	1.1496	0.5605	0.8448	0.5132	-1.2990	2.0245	-0.8706	0.6807	-1.5138	-2.9999	1.8643	-0.5302	-1.4244	1.1544	1.8959	1.2031	-1.2946	-1.3030	1.4254	0.7874	-0.8149
-0.7748	1.7622	0.9632	-0.0609	1.3474	-0.0651	-0.4216	-1.1041	-1.0786	0.9695	0.0285	1.2170	0.0371	0.8137	0.6338	-0.0704	-1.4149	-1.0206	2.4449	0.7318	1.4413	-1.0725	0.2577	0.5105	-0.6131	-0.4816	0.7051	-0.4889	0.8157	0.7098	0.5395	0.9498	1.4068	0.0502	0.3914	0.5441	-0.5354	-0.0657	1.2913	-2.2761	0.8861	1.4759	0.6285	0.8787	0.8049	1.4000	0.9326	0.7310	-1.4520	0.4660
0.0657	0.4543	2.9542	-0.3174	1.5343	-0.0396	-1.0357	0.2493	-1.3813	-0.5185	0.5495	1.5456	0.9889	-2.2531	0.4986	-2.0349	-1.4795	1.3808	-0.4702	-0.9872	1.4427	2.6335	1.4499	2.1236	-0.2427	0.1465	-0.0867	0.4192	1.8431	-0.3776	0.4817	-1.0542	-1.0715	0.5377	-0.6589	-1.0399	0.1084	1.3514	0.2603	1.0692	-1.0287	-4.4721	-0.6602	1.1276	-0.4970	-0.1805	-1.4344	-0.2872	-0.9850	-0.0819
0.7831	-0.2623	-1.6030	-0.3641	0.5315	0.8910	-1.0514	0.3783	-0.4468	0.5977	0.7988	-1.6626	-1.3774	0.2033	-0.5157	0.2167	-0.2120	-1.4450	-1.9153	-0.5835	-0.3170	-1.5645	-0.4914	2.0131	0.0391	-1.2109	0.1954	1.1894	0.8516	1.3169	-0.9127	1.0716	1.6326	0.5131	-0.1894	0.7100	-0.9035	-0.0132	-0.2960	-1.6852	1.3947	1.1280	2.9679	0.3651	-1.1044	0.6720	0.4924	-0.9914	1.4296	1.3692
0.3659	-1.3375	1.1456	1.7521	-0.3413	0.6702	0.0425	0.1698	-1.3024	0.4275	-2.4143	-0.4536	-0.9521	1.2334	-0.9280	-0.7735	0.6185	0.3294	0.2059	0.5446	0.7129	-0.2635	-0.4034	0.6119	-0.1172	0.2462	0.5444	1.0524	-0.7043	-1.0373	-0.4205	-0.2088	-0.1412	-1.4597	-0.1982	0.4325	-1.0141	-0.0549	0.8011	-0.0047	-1.5950	1.0330	0.3173	-0.2627	1.4882	-1.7433	-0.5801	1.2425	0.8674	1.1410
0.5709	-0.5325	-0.1484	0.4492	-0.9868	2.0488	0.5471	-0.2691	-1.0473	-2.1122	0.7827	-0.3334	-1.6219	0.1719	-1.1693	-0.9591	1.3883	-0.6607	-1.9881	-2.1687	-1.3986	-0.5751	-0.7805	-1.4953	-0.3398	0.6761	-0.7676	0.5892	1.9234	-0.8662	-0.7018	-1.4416	0.6739	1.2504	1.1640	-0.2212	-0.5808	0.8308	0.6060	0.4394	-0.6313	1.4299	0.0212	3.2101	-0.1430	-0.1824	0.9225	-0.0576	1.4647	-0.3939
-2.1318	0.2219	0.0148	-0.2284	0.9072	-0.9455	0.4127	-0.5330	0.2259	1.3717	0.5765	0.5238	-1.3645	-0.1214	-0.9485	-0.1648	-1.5969	-0.4906	-2.3803	-1.2830	-0.5944	-0.2287	0.3966	0.1600	-0.9104	-0.0397	0.7970	0.2263	0.6379	0.0302	-0.6320	0.2099	-0.5837	0.8177	1.9776	-0.0920	-0.8376	-0.0093	-1.1281	-1.5643	0.2962	0.1433	-1.5353	-1.5341	0.8249	-0.9918	-0.3071	0.0536	-1.2411	-1.8486
1.1856	-0.3316	1.8911	0.4343	-0.1831	0.9064	-0.3815	0.8774	0.0971	-1.3799	0.4034	0.2219	2.1458	0.5690	-0.2664	-0.2071	-1.6624	-0.7103	0.0606	1.5813	1.9856	0.0187	-0.2690	-0.7477	-0.0771	-0.5647	0.7499	0.6172	1.3315	-0.0855	-1.2434	0.7068	-0.0465	-0.3092	-0.0616	0.1097	-0.1240	-1.7534	-0.3751	0.9246	-0.3573	-1.1055	-0.5028	-1.3741	1.0197	-0.5873	-0.7119	-0.3138	-0.9272	-0.2643
1.6765	-0.1322	-0.3901	0.0659	0.0219	-0.2469	-0.5167	-0.3361	0.3945	0.6665	-0.4884	0.4032	0.9692	0.2044	0.4446	-0.3600	0.6339	0.2678	0.9466	-1.1770	-1.7125	0.1756	0.3804	-0.6320	-2.9239	1.2719	-1.0031	-2.3872	-0.3673	1.2733	0.7805	0.7083	0.6084	-0.5101	-2.1306	-0.8342	-1.2195	-0.0948	1.1986	-0.1442	-1.7658	0.8494	-0.1393	0.5589	-0.4568	1.5759	-0.0662	-0.4646	0.6236	1.2453
0.1048	-1.0640	-0.4246	-0.7447	-0.4239	-0.3950	-0.5274	0.0706	-1.7284	0.0522	-2.1964	0.7520	-0.1911	-0.0614	-1.5227	1.5492	-2.3058	0.4511	-1.0698	0.9658	2.6151	-0.1163	0.2684	-0.1996	-0.2246	1.0565	-0.7753	-1.2546	1.4880	-1.2688	-0.2524	-0.6471	0.2783	1.7486	-0.2506	2.5612	-1.2230	0.1168	-1.0547	-0.8004	-0.2396	1.1612	-0.2504	-1.0596	-0.2091	-0.0204	-0.4980	0.1432	-0.2371	1.9073
0.9310	-1.8050	0.3116	2.1320	-0.0814	-0.0768	0.0864	-1.0357	-1.4161	-0.0658	-0.9384	0.2039	-1.0971	0.8934	0.4420	0.2322	1.2504	1.0620	0.0564	1.5048	-0.1069	0.8579	0.5134	0.6426	0.2859	-0.6773	1.8384	-0.6078	0.9283	0.3293	0.1280	1.5863	-0.3795	-1.4302	0.1160	-0.7323	0.1932	-0.2329	0.5814	0.7194	-0.9240	0.3803	-1.2128	-0.8222	-1.4402	-0.8789	-0.5041	-0.4635	1.2225	1.2471
1.7356	0.6318	0.3381	0.5016	-1.1635	1.0401	0.9063	0.6734	-0.9888	-1.5464	0.8292	0.9909	0.3221	-1.2355	0.7843	-0.4546	1.0240	1.5046	-0.9680	-0.5245	-0.1375	0.9137	-0.7684	-0.9539	0.0529	-0.0175	2.1691	2.0814	-1.0952	0.2942	-2.4959	-0.0414	0.2823	0.8052	0.1709	2.1423	-1.5990	-0.1130	-1.1726	-0.6310	-1.2463	-2.4226	-0.5800	0.7877	0.0644	-1.3212	0.8325	-0.4563	-0.9979	0.7805
-1.5095	-0.2311	-0.0186	0.8979	-0.6647	1.3425	1.3851	-0.1003	0.6609	1.2872	0.3322	-1.6860	-1.3006	1.0764	-0.3322	-1.6433	0.8535	-1.1121	2.1202	0.4555	-0.2750	-1.3399	-1.4217	-1.0309	-0.1317	-0.4701	1.0444	-0.6478	0.4359	-1.2022	0.8078	0.4069	1.2959	-0.9679	-1.8595	1.0379	-0.4615	-0.3906	-0.1470	-0.8406	0.7186	-1.9407	0.7314	0.9003	1.6304	-0.8249	0.8866	0.1774	-0.3863	-0.0680
-1.2034	1.5563	1.4321	0.1712	0.2800	0.3672	0.1436	-1.7468	0.4373	-0.3008	-0.9362	-0.5392	-0.2181	-0.2321	-0.7665	1.3221	-0.2157	-1.0055	0.2730	0.7742	1.0780	2.1618	1.8660	2.3256	0.4222	0.8614	-1.2605	-0.7099	1.4039	-1.9245	1.0323	-2.4111	-0.4578	0.8113	0.6458	0.4926	0.1324	-1.1540	1.2837	0.0952	0.9887	0.1253	0.1480	0.0015	0.3089	-0.7229	0.8884	0.7897	1.3413	-0.6006
-0.0027	-0.0649	-0.0953	0.5963	-1.2668	-0.2176	-0.4209	0.3433	-0.7672	-2.7639	0.5592	-0.6026	-1.1412	-0.0971	0.7753	0.9139	1.0196	0.1424	-1.0335	-1.3732	-1.5607	1.5023	0.1032	-1.8474	-0.5042	-0.0831	0.1487	-0.7357	-0.5319	1.0825	-2.1343	-2.2049	0.2914	1.0804	1.6563	-0.9393	-0.1272	-0.4769	-0.5673	0.9989	0.5557	-0.4555	0.6322	-0.1918	0.9021	0.1697	0.7521	0.3553	-0.1554	-1.4646
0.3633	0.2718	0.4519	0.1708	-1.3134	1.2175	0.0988	-1.0043	-1.0168	0.9292	-1.1501	1.1401	-1.5113	1.0422	2.0189	-0.7503	0.6929	0.8831	0.3388	0.6179	-0.8978	-0.8525	1.1311	0.8199	0.9728	-0.0750	-0.4900	-0.9275	-0.4596	-0.9533	0.0231	0.3597	0.9228	0.2741	-0.0776	0.3559	0.8102	-1.1103	1.2037	-0.4982	-0.5884	-0.5264	-0.0652	0.5185	-0.6197	0.1221	0.6730	0.3234	0.6466	-0.8107
1.9510	0.1623	1.1015	-1.6839	0.3973	1.2688	1.2281	-1.0066	-0.7391	-1.0070	-0.1262	0.5115	0.0150	1.1966	-0.3426	0.2338	0.3785	1.2774	-0.0899	1.8496	-0.5282	1.0353	-0.8849	-0.5016	-0.3280	-1.0803	0.0763	1.1119	0.2336	-0.7769	-0.6638	0.9670	1.9855	0.2369	-0.0105	1.0406	1.0967	-0.3751	-0.3026	-0.1800	0.5834	-0.5095	-1.6916	1.4096	-1.3187	0.1097	-0.1318	-2.5134	-1.6229	-1.0668
1.4454	-1.1135	-1.5751	-1.0427	0.2746	-1.3753	-0.9881	2.3003	1.6134	-0.5492	1.4369	2.1149	0.9662	2.0702	-0.9242	0.7267	-1.9419	-1.1135	-0.3762	-1.2667	-0.7375	1.0479	0.7072	-0.1789	-0.7853	-0.1040	-0.1311	-0.1479	-0.5738	-0.8709	-1.1161	-0.1055	-0.9697	0.4102	-0.5807	2.2059	1.3288	0.8096	1.2283	0.4899	0.0153	0.4534	-1.7413	0.9592	1.1757	0.9866	0.4327	-0.6589	-0.2367	0.4848
0.9712	-0.1426	1.2464	0.7317	1.9975	-1.1651	-0.5930	-1.0225	0.0543	-0.9801	0.9193	-0.4427	-0.3110	-1.9979	3.2823	-0.3991	0.9795	-0.0199	0.0746	0.1974	0.2504	1.3774	-0.2044	0.1324	-1.8713	0.3750	-0.2207	0.1764	-0.1464	0.1678	-1.4928	-1.7965	2.0558	-1.3571	0.1907	0.5399	0.0339	-0.0603	-1.0658	0.6786	2.7475	0.1159	-1.2548	0.8743	0.4366	1.5206	0.2901	-0.9351	1.4260	-0.9886
0.6961	-1.8084	-1.2882	-0.6636	-0.3660	-0.9650	-0.6060	-0.6726	0.7009	1.7636	0.7911	-0.7576	2.7407	-0.6534	1.8389	0.6937	0.5189	0.2658	0.4886	-1.9933	-2.3528	-2.5422	-0.8814	0.4680	-1.0671	-0.2857	0.2399	-1.0960	-1.0457	-0.2506	1.5217	-0.0182	0.2925	-0.3401	0.5686	-0.7917	-0.7174	-0.1387	0.4332	-1.5336	0.6549	0.3104	-0.4020	-0.1324	0.9992	0.3614	0.3100	0.0626	-0.6228	1.4723
-1.0634	0.3519	-0.4461	-0.4270	-1.6489	-0.5577	0.8390	-1.5815	-0.8310	0.8791	0.8508	1.5021	0.8001	0.9759	-0.5510	1.4803	0.2825	1.3401	-0.4889	-0.3675	1.9654	-0.3797	1.6103	-0.0317	0.1334	1.5515	-1.3392	1.6584	-1.2125	-0.4170	0.4928	-0.5579	0.6730	-1.3783	-1.5126	0.1703	1.0876	-0.8740	0.7348	0.4105	0.1973	1.4977	0.8790	-0.3069	-0.4145	0.0311	-0.5245	-1.3071	-1.1556	2.0387
-0.0265	-1.0512	0.7010	2.1973	0.0933	0.1972	-0.3302	0.5162	1.4358	-0.0719	-0.6295	-0.2823	0.6807	1.7088	1.5124	-1.0177	0.9285	-0.4577	0.7993	0.2027	0.9370	-0.3998	-1.2378	0.1728	1.5233	0.1995	-3.3097	-1.1209	-0.4224	-1.0394	0.4034	-1.4801	-1.2546	-0.5583	-0.4141	-0.3038	-1.4202	2.4268	0.4318	0.3227	-0.8008	1.6351	-0.4990	1.0603	-0.7844	0.0252	0.8942	0.8143	1.4680	0.4991
-1.1031	0.2247	-0.5171	1.8992	0.3414	-1.0600	-1.0396	1.1843	0.6867	0.0061	-1.3935	0.6978	0.5231	-1.5694	0.0446	1.0004	0.5766	-1.2484	0.7497	1.4493	-0.3634	2.2953	1.3059	-2.0769	-1.9967	-0.0121	-0.7153	0.8215	-3.2244	-0.4521	-0.8458	0.3666	0.1456	-1.4345	-1.4837	0.4136	-0.3731	-0.9798	0.2312	-0.9645	-0.3173	0.3343	1.2239	0.0343	-0.0653	-0.8597	1.5546	1.2223	-1.1638	0.8888
-0.7461	0.0997	0.3072	0.6222	0.7480	0.1913	-1.6967	0.9906	0.3030	0.2597	-0.1452	-1.4537	0.8100	1.0199	0.5581	0.0543	-0.3305	0.1569	-1.7632	0.0733	0.2561	-0.8711	-0.9338	-1.1465	0.2562	-0.1665	0.1198	-0.7149	-0.2264	-0.7664	1.0365	-0.9956	0.2554	-0.1117	0.8090	0.0246	-0.2919	-1.5382	-1.6942	-1.1929	-0.6675	1.0231	1.0031	-0.9730	0.8676	-0.8586	-0.0146	0.2550	-0.3562	-0.9499
0.6278	1.4965	1.4124	-0.2609	-0.5191	-1.1219	-1.5048	0.4631	0.6894	-0.7264	0.6945	-0.9712	0.5707	-0.3598	-0.5899	-0.0655	0.0022	0.9291	-2.1235	-0.6558	-0.8998	1.4486	-0.9913	-1.0014	0.3971	0.7682	1.2812	0.2800	-2.0037	0.5184	1.6168	0.6377	0.7032	-0.7890	0.2149	0.4864	-0.2330	1.3324	-0.7629	2.4820	0.0236	0.2408	1.5581	1.9053	0.6568	1.8888	0.0852	0.9900	-0.7087	-0.6837
-0.9641	-0.4685	-2.0407	0.2335	1.1601	1.9303	0.7759	0.7728	0.5165	-0.2643	-1.2675	0.5571	-0.6564	-1.6690	0.4403	0.7662	1.2744	0.9389	-1.4157	0.4619	0.4390	-0.3338	-0.6089	1.0453	-0.1276	-1.6074	0.5492	1.2757	-0.9402	-1.0057	0.3357	0.2556	0.7013	0.1214	-1.2080	-0.9907	-0.0864	-0.2351	1.3269	-0.5033	0.2945	-0.8229	-1.8032	0.3433	-0.4331	0.2564	0.4941	0.5315	0.0630	1.8813
0.3188	1.4735	-0.9043	0.2013	1.2997	-1.6427	0.4675	0.2188	-0.0647	0.0616	-0.4410	0.7189	0.8564	0.1646	-0.5399	-1.3359	-0.0836	0.7500	1.6569	-2.1425	2.0996	-1.9714	1.1260	-1.2276	-0.5991	-1.7077	0.5403	2.6009	0.2161	0.5506	0.7038	-0.6832	-2.0158	0.7518	-0.0682	-1.2291	0.2657	-0.9806	-0.3230	-0.3358	-0.1777	0.4643	-0.9282	0.2485	-1.7590	-0.9836	0.7043	-0.3071	-0.0322	-0.1259
-0.1556	-0.1994	-0.5969	-0.0594	0.2241	-0.4337	-1.6440	2.4003	1.2480	0.2531	-0.9157	-1.0429	-0.4152	-0.0547	0.5380	-1.1511	0.7901	0.7470	0.9920	1.3149	-0.4965	-1.2003	0.5327	-0.9352	0.7865	2.5000	1.5020	0.7134	0.8761	1.5838	2.3120	-0.5404	0.3765	-1.4451	1.5085	-0.8055	2.2931	-0.3931	-0.6882	-1.7412	1.0596	-0.5414	0.4901	-0.0915	-2.5983	-0.9719	0.2526	0.2603	0.1871	-0.5473
-0.7675	0.0221	1.1757	-1.5585	-1.6006	-0.9228	-1.8230	-0.9894	0.9544	0.2724	-0.1714	-0.3330	-0.4819	-0.7995	0.6659	0.0742	-0.4631	-0.1262	-1.3867	0.1577	-0.3203	-1.3013	1.4978	-1.2784	-0.1121	-0.5445	-1.2955	-0.3114	-0.3248	-0.1116	-2.4549	-2.5156	-0.2348	-1.2558	-1.0402	-0.3269	0.3408	0.8987	0.6324	0.0416	-0.1976	2.4536	2.1229	1.5555	-0.5371	-0.0767	3.0196	-1.2814	0.7340	-0.3519
-0.2501	-0.7939	0.5220	0.2626	-0.6871	-1.2916	-0.7061	-0.0588	-1.1420	1.7384	-0.0159	0.4194	-0.5150	1.2635	0.0759	0.6148	-0.6904	1.7699	0.8706	-1.6127	-0.0727	1.1646	0.5853	0.2689	0.0849	-1.1753	-1.1462	0.7578	-0.3602	0.8419	0.5926	1.0332	-1.8667	-0.4146	1.4329	-0.8559	-1.1475	0.8259	1.9359	0.2029	0.1400	0.6345	1.2199	-1.0409	0.6880	0.3693	0.6033	-0.1810	1.5800	-0.7557
0.8059	1.3149	0.9785	0.3097	-1.0076	0.5685	0.5706	1.8772	2.6926	0.8192	0.0361	-0.9171	1.7534	1.4684	0.5385	1.2950	-0.3518	1.3744	-1.3850	-0.2912	0.1915	-1.7401	-2.4344	-0.0006	-0.9838	1.0106	-1.7373	-1.3837	0.5297	-1.5752	-0.8862	0.5653	-1.5763	1.2566	-0.2459	0.1094	0.0761	0.8343	-0.4174	-0.3663	-1.2154	1.1896	-0.3061	1.1364	-0.8499	0.0958	0.3566	0.9279	-1.2642	-0.2184
-1.2982	0.1347	1.0179	0.2001	-0.1609	-0.1171	0.7341	-0.7281	-1.2273	-1.7125	-0.6465	-0.1037	0.8179	1.6524	-0.1110	0.6829	0.4246	0.0210	0.1571	-0.8622	-1.5132	1.9145	-0.9925	-0.6692	-0.7282	-0.4501	0.2819	-0.2057	0.5217	-1.1794	0.5576	0.0400	-0.8853	1.0570	-0.1177	0.6313	-1.4364	0.8695	-0.0292	0.4463	-2.1470	-0.3674	1.6038	0.6421	1.2913	-0.2937	0.5976	-1.6555	-0.5027	0.4095
-0.6464	-0.8038	-0.5265	-0.8997	0.9775	-1.5289	-0.0561	-2.1043	0.2314	-1.9269	1.1233	-0.3772	-1.9121	1.0071	0.0778	-0.6697	-0.3673	0.0261	-0.5744	0.1670	0.3989	-0.4805	1.4853	-1.1369	0.3362	-0.2753	-1.3479	0.2593	0.4948	0.3011	0.2003	-0.3520	-1.7911	0.9267	-0.4630	-0.6171	0.9225	-0.0483	-0.1388	-1.3732	-1.4504	-0.8035	-0.1899	0.5272	1.6391	0.9210	1.7108	1.1853	0.1383	-0.6810
0.4706	-2.8722	-1.1924	-0.1351	1.6834	-1.5613	-0.2845	-0.4540	-0.2313	0.3190	-2.7589	-0.2449	1.2539	-0.2075	-0.4759	2.9289	-2.6681	0.2505	-0.5861	0.4915	0.1676	-2.0686	-0.4643	-0.3628	1.1294	-1.3943	-0.4703	-1.2299	-1.2016	-1.5537	0.0083	-0.5780	-0.1529	0.7280	-1.6593	-2.3085	1.1046	-1.2300	-0.3005	-0.4853	1.0225	0.7031	0.4748	-0.8061	-0.7285	-0.4342	-0.3274	0.0814	0.9115	-0.8984
0.0646	-0.3712	-1.8312	0.4515	0.1120	0.1989	-0.0753	-0.4515	0.8844	-1.5100	-0.1395	0.5747	-1.1997	-0.6946	-1.3125	1.4607	0.4389	0.9494	1.4490	-1.1140	1.2851	-1.1254	-0.7589	1.2668	-1.5405	0.6528	-2.7024	-1.1493	1.9403	-2.0705	0.0671	-0.4587	0.6596	0.2914	0.3134	0.6998	-0.8023	0.3664	0.9003	0.9091	2.0294	1.9261	-0.4398	1.0484	-0.0071	0.8046	-1.4247	-1.9078	-1.0153	-0.0334
-0.2293	0.1088	0.5997	1.2530	1.3588	-0.9702	0.8938	0.8584	0.5865	1.9669	0.4809	2.3811	1.0054	1.3227	-0.6012	-0.4951	0.2744	1.3701	-0.1263	1.2284	0.5324	-1.2674	0.9920	0.5224	0.5304	1.9046	-0.2244	-0.1163	1.2212	0.8107	0.0940	0.3994	0.0418	-0.1653	0.0086	0.6080	-0.9533	-0.5594	-0.5802	-0.5318	0.2025	-1.0006	-0.4297	-0.6406	1.1534	1.3670	-0.3458	-1.6306	0.6200	-0.5572
0.5755	0.2822	0.6575	1.2856	0.0989	-0.9494	0.2488	0.1844	0.2915	-1.6569	0.6593	-1.1671	0.1294	1.2339	1.2794	-1.0115	0.3556	0.6094	-0.2255	0.7675	1.5255	-2.1313	-0.7603	2.1614	2.0061	0.4328	-0.3142	-1.3136	-0.3909	0.5496	-2.6526	2.4342	1.6724	0.5800	0.4257	0.1418	0.7689	-0.0465	0.9390	-0.9576	-0.6913	-1.1574	0.5108	0.6750	-0.6372	0.8082	0.0493	-0.9848	-1.1390	-1.0016
-0.7371	0.8527	-0.6029	0.0084	-0.3915	1.6241	-0.0439	0.6378	-1.9058	-0.0241	1.0202	0.3326	1.8420	-0.9378	2.1611	-1.2486	1.1538	-1.1553	-0.5517	0.8048	0.7148	-1.0708	-0.0708	-0.8911	-1.0871	-0.0613	0.1943	0.3024	-1.2836	0.9746	0.1897	-0.1062	-1.1983	1.1081	-0.8806	0.5087	0.7386	0.5700	0.9577	0.8072	-1.0425	-0.3488	0.6490	-1.0778	-0.6191	1.4339	0.7771	-1.3240	0.3550	1.0800
-1.0674	-1.1155	-0.5455	-1.1524	0.4028	-0.9052	0.1029	0.6303	-3.5620	-0.6061	0.4611	-0.0735	1.3016	-0.8819	-0.7017	-0.1701	-0.4228	-1.2099	0.2410	0.6700	-0.4443	-0.4411	-1.3839	-2.7591	-0.2587	-0.6848	0.1476	-0.7374	1.1186	0.3227	0.2046	0.9181	1.1817	-0.2828	-0.5371	-0.3476	-2.3377	0.5243	0.4246	-1.0681	-0.8001	-0.5800	1.3123	1.8754	1.5375	-0.1899	0.6679	-0.7006	-0.2966	1.4586
-1.0755	-0.9473	-0.8486	0.2550	-0.5027	-0.2217	0.0123	0.1212	0.2232	-0.1291	-1.1604	-0.6134	0.4072	-1.6428	-0.7497	0.0554	-0.1906	-0.5939	1.1435	-1.5169	-1.0238	0.0041	-0.4247	1.0946	-2.0135	-0.5329	1.2587	0.7545	0.3568	0.4294	-0.1201	-0.8618	2.1120	-2.4855	-1.1220	-1.0338	1.4879	-1.2146	-0.1432	-1.3839	0.3008	-0.1290	0.3142	-1.2479	-1.3926	0.7904	0.0752	1.3673	-0.3962	-0.0019
0.2126	-0.4786	0.6157	1.5491	-0.4716	-2.5000	1.6845	-0.5102	-1.3180	0.9048	1.1262	-0.4014	-0.4754	-0.2373	0.4903	-0.7434	-1.2871	0.1668	0.7366	1.8153	0.4210	0.0568	-0.6785	-1.9836	-0.0773	0.3679	-0.1697	-0.8624	-0.8674	0.0496	0.2455	1.0318	0.1039	0.7507	0.9012	1.2116	-0.5869	0.7219	0.1010	0.5239	-1.1492	0.0708	0.5122	0.0793	0.3452	-1.0980	-1.2025	0.4315	0.5420	-0.4709


