
X1	X2	X3	X4	X5	X6	X7	X8	X9	X10	X11	X12	X13	X14	X15	X16	X17	X18	X19	X20	X21	X22	X23	X24	X25	X26	X27	X28	X29	X30	X31	X32	X33	X34	X35	X36	X37	X38	X39	X40	X41	X42	X43	X44	X45	X46	X47	X48	X49	X50
-0.3613	-0.9426	-1.7063	-0.0462	1.2399	-0.0656	1.0691	-0.0619	-0.1654	2.4286	2.1740	0.5490	-0.0395	1.7492	0.1385	-0.0923	-0.2866	-0.0366	-1.5323	-0.4628	-0.7160	-0.9167	0.9327	-0.6436	-0.5025	-1.1442	-0.3808	-0.7169	-0.4868	0.4286	0.6447	-1.0835	0.1004	-0.2611	-0.3990	0.8388	0.6156	-0.1129	-1.0000	0.9842	0.0706	-0.3145	0.3474	1.5409	0.3958	1.7765	1.2855	-0.4119	1.4993	-1.2670
-0.5363	0.1622	0.7280	0.3853	0.5689	-2.0752	0.8341	0.2778	0.1570	-0.2780	0.9137	0.4450	-0.8484	-0.5511	-0.7938	-0.4162	0.5978	-1.1989	-2.1624	0.5579	0.0161	-0.8128	0.2728	-1.1054	0.7996	-1.6817	0.1073	-2.2436	1.4945	-0.1920	-0.7202	-0.2440	1.1984	1.0084	-0.5850	0.5308	1.4523	-0.7531	-1.0657	-0.6698	0.7643	0.1784	-2.4132	-0.5000	-1.0792	0.5975	-0.1839	0.5417	0.4702	0.6066
-0.2811	-0.0504	-1.0082	-1.7587	-0.5695	-0.4633	0.6264	-1.2940	0.7417	-0.1800	-1.2987	-0.2136	1.3681	-0.1768	-1.6280	1.3762	1.0519	-0.6859	1.7508	0.5891	0.5335	-0.9357	-0.3812	0.7220	0.7678	0.9880	-0.5449	-0.6022	-1.9943	-0.0929	-0.1539	-0.8589	-0.2051	-0.0612	2.2576	0.5717	1.1817	0.2815	1.3225	0.2084	-0.1655	-1.4679	0.6388	1.9384	-1.6513	0.8859	1.1191	0.3627	-0.9071	-1.8717
-1.2897	-0.5623	-0.1045	-0.3620	0.9131	-0.8075	0.2383	-0.0771	-0.8748	-1.5961	-0.5546	-0.8171	0.2911	0.4752	2.3286	1.4551	-1.5308	-0.8172	0.9684	0.2815	0.7944	-0.7074	1.4369	-1.4352	1.3216	-0.0530	-1.0666	-0.2521	1.0611	-0.2188	2.5467	0.3064	-0.1065	0.0843	0.1919	-0.8392	0.7340	0.8589	-0.1311	-1.6353	-1.4996	-0.4210	0.3973	1.5821	-0.7338	-1.0276	0.5628	-0.9506	1.1639	-2.3735
0.7310	0.7242	-0.7705	-0.2543	1.5646	-1.1831	-0.3587	-1.2902	-0.7311	-0.6808	0.4219	0.1774	0.1041	0.2562	0.8766	-0.2165	-0.0527	0.1323	1.2090	1.5907	-0.1771	1.0606	1.3536	-0.7396	0.9867	0.3562	-0.1289	1.0491	-1.9447	-0.4552	-0.1978	-1.8720	-0.7661	0.1190	-1.9100	-1.3433	0.1041	0.5390	1.7971	-0.5136	0.5108	-0.9385	-1.2882	0.8421	-0.1914	-0.3480	0.8747	-0.1324	-0.3549	-0.1204
-0.8142	-0.7127	0.6186	-1.5270	0.2440	1.5628	-0.6417	-0.3007	3.0041	1.5075	1.4258	-2.2045	-0.6486	-0.1223	0.9441	1.5245	-0.5693	-1.6739	0.5100	1.5417	-0.2217	0.9983	0.4772	-0.9696	0.2443	-1.7482	-0.4042	-0.3474	1.4540	0.6578	-0.0923	-1.2761	1.2446	-0.1198	-1.6067	-0.9586	-0.3915	-1.8207	2.3114	-1.4310	0.0691	-0.4996	-1.0979	-1.4007	-0.0733	0.6950	-0.9661	-1.8111	-0.3856	1.9709
-1.4645	0.5043	0.8149	-0.6959	-0.1012	-0.2745	-1.0077	1.6209	-0.7101	0.7831	0.4447	-1.0279	-0.8324	1.0141	-0.8844	-1.3129	-0.2797	0.8568	-1.8704	-2.3203	0.4295	-0.4007	1.4207	0.5997	-0.0096	-0.3360	-2.6947	0.6441	1.8530	-0.8460	-0.1728	0.7051	-0.2491	0.7238	0.3989	-0.1894	-0.1426	-0.0487	-0.5901	-0.0122	0.4608	-1.7247	-0.7815	-0.6148	0.3560	1.8995	0.8264	-0.1810	0.1535	-0.0551
1.5976	-0.9649	-0.9287	-1.1268	0.6871	-0.8080	-0.7256	-0.7221	-0.3752	0.4081	-1.4169	0.1067	0.4051	-1.1123	-0.0582	-0.5598	2.3093	0.9967	-0.2418	2.5273	0.1764	-0.6428	1.1326	-0.5839	0.6689	0.8183	-0.8476	0.0125	0.1640	0.5259	0.4484	-0.8482	-0.4185	0.0315	0.4783	-0.1709	-1.6134	0.0068	0.1079	-0.4729	-0.1872	-0.7883	-0.2809	0.6462	0.4320	-0.7183	0.2826	-0.3278	0.7671	0.7741
0.7268	-1.4129	0.2662	-0.1213	0.8223	0.1653	-0.6056	0.1016	0.5494	1.0783	-0.3833	-1.5298	-0.0668	-0.4783	-0.0550	-0.6740	0.0177	-0.8568	-0.3696	-0.7831	0.3467	2.1138	-1.2389	0.3138	-0.8198	0.6768	-0.1472	1.1761	0.6283	1.8768	-0.6355	-1.2431	0.2603	-0.9556	1.5407	-1.0803	-1.2502	0.8141	0.4283	-1.5221	0.5417	-0.3177	-0.5230	-1.1898	0.7532	-1.0610	-0.1306	-0.6517	0.9781	-0.3101
-0.1564	1.5173	0.4373	1.7466	0.6965	-1.5324	-0.3957	1.4754	-1.6393	-1.0973	0.1537	0.4950	-1.8536	-0.7729	0.1310	0.9413	0.1685	0.1856	-1.3136	1.1777	2.6658	0.3575	-0.6069	1.1295	0.7701	0.7722	0.5688	0.6206	0.1046	-0.8348	-0.1370	1.7209	-0.0509	1.0406	0.8257	-1.2733	1.9503	-0.1666	-0.6119	0.8843	-0.2272	0.1192	-0.8570	1.5715	-0.2084	1.0673	-1.9312	0.1865	1.1601	2.2764
-0.2375	-0.8230	-1.0066	-1.0843	0.0406	0.4225	-0.0373	-0.8782	0.4541	0.1286	-0.6456	0.5846	-0.5026	0.5893	1.1631	2.4801	-0.1502	-2.2229	0.8364	0.3664	0.7491	-0.3860	-0.7370	-0.8997	0.8050	0.7398	-1.1145	-1.4335	0.6715	-0.5953	-1.2739	-0.3135	0.9609	0.7608	1.9386	-2.2326	1.8998	-1.8793	0.3766	0.6123	-1.6527	1.5833	-1.1069	1.2704	-0.7095	-0.8427	-0.7687	0.1178	0.2609	-0.9952
-0.3029	1.1170	-0.2786	1.3823	-0.7628	-1.4416	-0.5648	-0.1291	-0.0343	0.8846	0.6606	-1.1141	1.5176	0.8094	0.8009	-2.4510	1.5266	-0.2984	-0.0542	1.1150	0.4153	-0.9543	-1.6159	-1.0208	1.2540	-0.4139	-1.5538	-0.0017	1.7669	0.7093	1.6470	0.9451	0.0303	-0.4554	-1.3518	-0.4558	-0.0143	0.3457	-1.7999	-1.2759	-0.0283	0.9635	0.2495	-1.0589	-0.3380	0.5316	-1.6773	-0.0827	-1.0125	1.2029
-1.5771	1.1157	0.8814	-0.7129	0.3270	-0.1403	1.0332	0.2931	-0.2569	0.6898	-1.4056	1.0956	1.0765	-0.3951	-1.1878	0.8168	0.1146	-1.3206	0.1237	-0.4937	-0.4839	1.7940	-1.4671	0.0549	-0.7281	-0.3862	1.1641	1.9007	0.5330	-1.6590	-1.0698	-0.5120	0.6676	-1.2038	1.5631	-1.1054	-0.3630	-0.8991	1.2577	-0.0079	-0.7036	-0.6690	2.0007	1.4062	0.0242	-1.6182	1.7132	0.5833	2.5138	0.2529
-0.3543	-0.1398	-0.9453	0.4889	0.5589	1.8507	-0.5331	1.3346	1.3132	-0.3019	0.3114	1.4407	-0.6454	0.4514	0.0636	-0.4835	-0.4342	0.0942	0.1809	-0.0311	-0.3556	-0.1465	1.6124	1.8107	0.7684	0.8363	0.4260	1.2464	-0.6806	1.1085	-0.4549	1.4439	-1.3722	-1.3624	-0.6879	1.2292	0.8770	-1.6089	-0.2521	0.2440	2.5247	0.2889	0.7160	0.1843	-1.8793	0.4767	-0.2846	0.9950	1.4585	-1.4674
1.3420	-0.2383	1.2112	0.5122	-0.5302	-0.2844	-0.6178	1.2357	-0.5439	1.4328	-1.3879	0.6008	-0.8498	-1.5369	0.0171	1.3108	-0.3197	-0.8973	0.0367	-0.5280	-0.4198	1.0842	-0.2944	1.9546	-2.0507	1.4653	-0.1451	0.7549	-0.2148	-1.3977	-0.5071	-1.0984	1.2619	-0.2182	0.2060	-1.5281	-0.8305	-0.8873	-0.0624	-0.5490	-0.0113	-1.0058	-0.3020	-0.1612	0.8375	-1.9229	0.1727	-1.1026	2.0416	1.2779
0.0631	1.3188	-1.4612	0.8041	-0.1293	2.0782	0.3193	-0.1034	1.5443	-1.4446	-1.3121	0.4345	-0.1452	0.0054	-0.2647	0.2749	1.4211	-0.7149	-0.9863	-0.5033	1.0290	-2.4610	-0.2493	0.6098	1.3108	0.6364	-0.3142	0.6873	0.8362	0.3011	-1.2401	-0.8034	0.8463	0.6988	-0.3787	0.5701	0.7742	0.2982	-0.8076	0.3073	-0.7317	-0.3856	-0.2393	0.9716	1.1095	0.9635	0.3153	-0.0182	0.5208	0.0260
0.3473	0.4000	-0.6540	0.2516	0.1404	0.4889	0.3927	-1.3120	-0.3808	0.9514	1.1812	0.7513	-1.8618	0.3382	1.3982	1.4729	-0.1123	-1.7612	-0.6297	-2.4099	0.0197	0.5438	0.1429	0.7980	1.0102	0.6380	-1.4518	0.7816	-1.1058	0.0243	-1.4454	-0.0372	-0.4157	1.2410	0.3432	-0.0187	0.8327	-0.5730	-1.8663	1.1816	-1.7151	-1.2047	-1.1789	-0.3192	-0.4695	1.3196	-0.7732	1.6806	0.2438	0.3517
-1.5307	0.1608	-0.4096	-1.0415	0.0297	-0.6777	-1.3340	-0.4779	-0.0059	-1.2298	0.6918	1.0168	0.6764	0.3082	0.1854	0.8720	-0.2222	-1.3747	0.4774	-1.5737	0.1091	-0.1436	0.6069	-0.6312	-0.8196	-0.1457	-0.0461	-1.2757	-0.7640	0.5916	-0.5499	0.6313	-2.2837	1.8649	0.2320	-1.4088	-0.9270	-0.0221	1.6942	0.7634	-0.0219	-0.6019	-0.8937	-0.7628	-0.3037	-0.5153	-0.0904	-0.5401	1.4066	0.1811
0.1914	-0.2517	0.6848	-1.8506	0.5686	1.1027	-1.0082	0.0218	0.7540	-1.7800	-1.1911	0.8534	-1.4619	-0.8387	-0.6009	-0.1349	-0.6753	-0.2225	0.1410	0.7199	1.1681	0.1009	-1.1157	-1.8945	0.2573	-0.4221	0.5587	-0.4194	1.2898	-0.8159	-1.2466	0.1510	0.3358	0.4477	0.6580	0.4837	-1.9404	-1.4901	-0.1451	-0.3284	0.4850	0.0260	0.8653	0.2287	0.3994	-0.6166	-0.2766	0.3769	-0.6348	0.3470
-0.5040	-2.5670	1.9125	-1.2782	0.0171	0.5083	-0.9396	-0.4535	-0.7261	-0.4019	-0.7405	1.0159	1.0960	1.9505	-0.0683	0.4283	0.8800	0.3366	1.3861	2.5887	1.1704	-0.7326	-0.3837	0.2446	-0.9949	-0.1472	-1.4182	0.3289	-0.7024	-0.1669	-0.0210	-0.1035	-0.8594	0.9658	-0.1042	1.0225	0.0817	0.3330	1.3670	-0.3576	-0.7138	0.8629	1.5138	1.5016	0.5087	-0.4080	0.0139	-0.5331	-0.8077	0.0455
-0.1195	0.5087	-0.7229	2.7374	-1.0588	-1.5354	-0.6366	0.2962	0.2391	-0.7629	-0.5822	1.3874	0.3157	1.0226	0.9839	-1.0728	0.4514	0.3348	1.6176	-0.9276	0.6376	-0.0213	1.7874	1.2164	-0.5352	1.3884	1.0427	-0.6920	-0.0941	-0.4963	1.4766	2.7195	-0.4322	0.6048	-1.2836	1.5600	1.3201	1.3112	0.1900	-1.2315	-0.0174	-0.3711	-1.0914	1.1550	-0.5995	-1.6442	-0.9848	0.2448	-0.0938	-1.0304
-0.3551	-1.1851	1.1251	-0.7269	0.4120	-0.0687	0.8585	-0.0074	0.2271	-0.0883	-0.4947	0.6576	0.2182	-0.4270	-1.2882	-0.8031	0.9354	-1.1249	0.2665	-0.3451	0.4605	0.9835	-0.0899	0.6835	1.2157	-0.4086	-0.1824	-0.7953	0.8378	-0.6319	-1.0249	-1.6218	0.8876	0.0619	2.0132	1.8387	1.1133	-1.5099	-0.4457	0.6475	-0.0125	0.3234	-0.2527	-0.6610	0.0857	-0.3391	0.9516	0.1996	-0.6227	-0.1599
0.2040	1.9654	1.3294	-0.6701	0.9938	0.8565	-0.7490	0.2148	1.0301	0.7868	-2.2567	-1.1818	-0.3574	1.3910	-2.5884	0.2732	-0.2556	-0.8913	-0.9305	0.1900	-0.3364	-1.1803	0.0551	0.6188	-0.3196	-1.1384	-0.5679	-1.0193	-1.4840	1.3168	0.5836	0.5436	-1.6734	1.0070	1.3199	-0.8097	-0.0409	-0.6041	-1.1466	-0.1089	-0.9921	-0.7388	-1.6695	-0.1245	0.0687	0.4034	0.0880	0.0765	-1.0303	-1.7615
0.3694	0.1306	-0.2771	0.6529	-0.9657	-1.5533	1.3987	-0.0695	-0.4006	-0.6526	1.2069	-1.1224	-0.1320	-0.8170	-0.9833	1.0990	1.2970	-0.5267	0.3503	-1.0028	1.8771	-0.0373	-0.2613	-0.7811	0.0421	1.5752	-0.8139	0.8605	-0.7446	0.4402	-0.3243	-1.4534	0.2875	-0.4495	-1.7182	0.1678	-0.0901	0.2685	-0.2171	-0.2433	-0.2274	-1.0626	1.5553	-0.2448	-0.3731	0.6724	-0.2456	-0.0638	-0.4788	0.5015
-0.8904	0.3468	0.2281	-1.0411	1.4349	0.5948	1.8405	-0.8750	-1.4648	-0.1846	-0.8918	-1.1432	0.8690	-1.0373	-0.1929	0.9311	-0.8796	0.3107	0.8288	0.1425	-1.0066	-0.0075	0.0822	1.4659	-0.0188	-0.6196	-0.3966	-0.7336	0.8053	-0.3127	-1.2513	0.6304	-0.8153	0.6824	-0.9793	0.2047	-0.1013	1.0025	-0.7072	-0.3726	0.4711	-1.1848	-0.4957	0.5711	-0.5360	-1.0795	1.5475	-0.7454	1.5439	-0.9060
-0.0599	-0.7090	0.2208	-0.8653	-0.3530	-0.1120	-0.4839	0.5000	0.6470	-0.0806	-0.8423	1.0573	0.3204	1.8746	-1.4614	-0.5615	-1.6740	-0.3769	0.9936	2.1546	-0.5159	0.3526	-1.2794	0.0977	-1.3898	0.3975	-0.7078	0.2917	0.8021	-0.7983	-0.3348	0.6766	-1.2643	-0.4623	1.9523	0.1335	0.2613	-0.5571	0.6180	-0.0756	-0.5105	1.8782	-1.4198	1.0946	-0.7864	-0.8771	0.0381	0.4331	-1.3413	-2.5148
0.1358	-0.4747	1.1872	-0.3897	2.3029	-1.0198	0.5392	-0.0934	1.0507	-0.6824	1.2321	-0.1366	1.8666	-0.0245	-0.5827	-0.2780	0.5743	0.2469	-1.0069	-0.3985	-1.2578	-0.3624	-0.0514	0.4825	0.9657	-0.6145	0.7020	-0.7547	1.0989	-0.8449	1.6113	0.9097	0.9035	0.3564	0.4869	0.8408	-2.2929	2.7045	1.2577	-0.5443	-0.3761	-1.4659	-1.6231	1.2253	-0.5061	0.4556	0.0477	-0.7800	0.5602	1.4728
-0.4006	-1.3868	-1.0265	2.0816	-1.9957	1.1424	1.0551	-0.0710	-0.1201	-0.9231	0.9783	-1.2159	-0.7001	0.2988	-0.6474	0.1381	0.7371	-0.8415	2.7151	-0.1068	1.2521	0.7849	1.1751	1.8140	0.6743	1.3320	-0.7407	-0.1886	1.9671	0.6860	0.4649	0.1405	-1.9871	0.8411	0.3274	0.3210	-1.7124	1.4892	-1.2359	0.8883	-0.2648	-0.9396	0.5806	-0.2925	1.2750	1.0139	0.6648	0.5233	-0.8235	-0.3441
0.4374	0.3874	-2.5010	0.0420	1.1308	2.7565	-1.1989	0.2275	0.7099	-0.5969	1.1732	0.6738	-0.9393	0.0322	-0.2308	-0.4596	-0.7097	0.5062	0.6935	0.2716	-0.2916	0.7500	1.0433	1.5503	-2.9387	-1.0863	-1.8013	0.7704	-0.5364	0.9016	0.1581	0.6267	-2.1549	-0.9724	0.8471	-1.5703	0.8227	-1.6476	-0.2759	1.8008	0.2483	2.2145	-2.2866	0.2626	-0.7459	1.2737	0.6876	0.2237	0.6673	-0.7306
0.4733	-0.3761	1.0856	-1.0059	-0.0409	0.4320	0.0661	0.9422	-0.4944	-0.1488	-1.1085	0.5444	-0.7769	0.7340	-0.0838	-0.9930	1.7470	-1.0780	-0.0846	-0.8940	-0.6254	0.3162	-0.2830	0.1165	0.6361	-0.6100	-0.5683	-1.1161	-0.1976	0.7109	0.1245	0.8502	0.4725	-0.0865	1.5979	-1.0409	0.4140	-0.4717	1.1206	-1.1127	-0.9996	-0.6764	-0.6068	1.4472	-1.7036	0.7459	1.0158	-0.5263	0.0321	1.3403
0.2970	-0.3119	-1.5118	0.3191	-0.6070	-2.2926	-0.4520	-1.6856	-0.4735	2.0903	1.1448	-1.1924	-0.5258	0.6360	-1.8600	0.8429	-1.2706	-0.4339	-0.1929	-0.2713	0.4401	0.8108	-0.0876	-1.5060	1.8275	0.1274	0.5746	-0.3787	-0.5201	-0.5443	-0.4523	0.4403	2.0629	0.3308	0.8872	-1.4561	0.9601	1.5714	0.5072	0.4973	1.4299	-0.3753	-0.6696	-0.3847	-0.5303	0.2666	1.2651	-2.7552	0.8215	-0.0850
-0.3950	-0.4518	-1.0669	1.6597	-0.1544	-0.2017	-0.5056	-0.9403	-1.3081	0.3362	-0.5490	-0.6071	-0.0634	-0.2465	0.1757	0.5433	0.6336	-0.0145	2.5981	0.3147	-0.2996	-1.3577	-0.3117	-0.4191	-0.5371	1.6374	0.2213	0.2656	1.7539	1.0262	0.0161	0.1595	0.7921	-0.7818	-0.6932	-0.2832	-0.6096	-1.1956	0.4610	-1.5075	-0.1983	2.3916	-0.0608	0.3668	-1.7453	0.6731	0.6929	0.4025	0.3350	-0.1167
0.9762	-0.4396	0.4183	0.2099	1.5283	-0.4887	0.5053	1.0724	-0.9797	-0.2531	1.0716	-1.4517	-0.0224	-0.1928	0.3382	-0.5092	-2.4526	-0.4027	-0.3070	1.4007	0.5195	1.2519	0.0830	0.2035	-1.9820	0.4506	1.2516	-0.3358	-0.3050	0.1359	-2.1435	-1.5252	0.6307	0.3464	0.9195	-0.5684	-0.8131	-1.5584	-0.7445	-0.4667	-2.9521	-1.4399	0.3653	0.1396	-0.1451	-0.4392	-0.5940	-1.0837	0.2792	-0.6447
1.5994	-1.3060	2.0555	0.2365	-0.3023	2.1333	-1.2098	-0.6933	0.0611	-1.8784	-1.8109	0.5261	1.5871	-0.4895	0.6116	-0.2677	0.0712	0.0295	0.2800	0.5981	-0.5309	-0.6583	1.1858	1.4619	-1.6597	1.6657	-1.2659	0.1433	-1.5519	-0.6619	0.5806	1.2595	-0.4204	1.7304	-0.6130	0.8228	-0.1400	-0.2447	-0.6006	1.5907	1.6807	0.8340	-0.1348	-0.2293	-0.2554	-0.6065	0.1303	1.1411	-0.8628	0.1421
-0.0726	-0.1724	0.0298	-0.3290	0.7552	-1.1868	-0.2639	0.1036	1.7246	0.3048	-1.1320	1.7282	0.0319	-1.1998	-0.0251	0.1748	1.0631	1.0366	0.7093	0.3531	-1.1872	-0.6559	0.2630	-1.1021	0.0171	-0.3912	0.4578	-1.2237	0.7708	-0.0999	0.0161	0.3153	0.0591	1.0108	0.3508	-0.5648	-1.9952	-0.2070	0.7079	2.4672	1.0570	-0.5728	0.1430	-2.9203	0.2407	0.5485	0.2365	-1.6322	1.4531	-0.6609
1.9047	0.2447	0.4437	0.5007	-0.1493	-1.2166	0.8272	0.0692	0.4841	0.4553	0.1397	-0.3522	-0.9583	0.0972	-1.3678	0.1391	0.8095	-0.9404	-0.7027	1.6639	-2.8647	0.4379	-1.7794	-1.6657	0.9256	0.1460	0.4138	-0.5611	0.1910	1.5355	1.1265	-0.1523	0.9068	-1.1911	-0.2381	0.5030	-0.4450	0.0170	0.4363	0.9780	-0.3070	0.2836	-0.4561	1.6867	0.0376	0.9807	0.7137	-1.4910	0.6734	1.2818
-0.5519	-0.2215	0.1428	0.1934	1.0271	1.2989	-1.6645	-0.7208	0.4754	1.6852	-0.7538	0.5219	0.1604	-0.6191	1.9483	-1.8069	-1.0674	1.2716	-0.2947	1.4332	-1.7841	-0.5949	0.7907	0.8509	0.0904	-0.7738	-0.8793	0.3131	-0.1938	-0.3084	1.8585	0.4280	1.1162	-1.3234	-0.3990	-0.3357	-0.7583	-2.7263	0.9707	-0.4791	-0.8791	-0.2559	-0.4473	-1.5732	-2.2489	1.3932	-0.9129	-0.6739	0.7124	-0.3632
1.2462	-0.0526	0.9607	-0.6918	-0.4697	-1.7014	0.5606	0.3838	-0.1137	1.0254	0.5309	0.9863	0.5867	-0.9587	0.0200	2.2934	-0.0743	-0.0699	-1.6194	-2.0023	-0.0905	-1.1891	-0.1101	0.7800	-0.4277	0.6257	0.3899	-0.7070	-0.6821	-0.8142	-0.3656	-1.3256	-0.8560	-1.4790	1.1555	-0.7888	1.0786	0.3672	0.4305	0.3420	1.8942	0.6488	-0.4669	-0.5556	-0.2921	-2.4257	-0.0902	1.9074	1.1330	-0.6187
0.6484	2.0816	-1.7004	-0.3064	-0.9701	-0.4651	1.0306	-0.5650	-0.2332	1.4413	-0.3652	-0.1068	-1.3892	-1.4787	-1.0061	-1.1250	0.3061	-1.8242	-0.2114	-0.7514	-0.6614	0.9754	-0.8463	-0.4902	-0.6618	1.9615	-0.1255	0.7103	-0.9049	0.9002	0.2956	0.2403	-0.2540	-0.0859	-0.6458	-0.5158	0.2947	-0.0680	-0.1946	-1.1836	2.2709	-0.6576	0.1974	-1.6112	1.3818	0.1519	-0.5214	-0.9713	-2.1817	-0.9548
0.6980	0.0476	-1.0228	0.5637	-0.4565	2.1183	-1.2753	-1.5329	0.1108	0.8828	0.6455	-1.0347	1.8304	-1.3156	-1.0319	1.4993	-0.9634	-0.6465	1.9620	0.3588	-0.4456	-1.1614	0.9002	-0.0201	0.9333	0.6859	1.0975	0.4317	-1.5573	0.2987	-0.0363	-0.9078	-0.5401	1.2460	0.4040	-0.4837	0.2901	0.5333	-1.0950	0.8044	1.1993	0.2081	-0.0515	0.1632	-0.4594	0.4949	-0.4807	0.3736	-0.6698	0.1394
0.7748	-1.1063	0.5615	0.0650	-0.5515	-1.1546	-0.1442	2.4067	-0.0015	-0.8440	-0.3829	-0.7342	0.9565	0.8361	-1.1485	0.0670	-0.2426	0.6420	-0.0446	0.6677	-1.0907	0.2277	-1.6076	-0.4359	-1.0272	-0.3874	0.4497	0.0468	1.8491	1.5149	-0.2093	-1.1902	-0.5624	2.3494	-0.5357	-0.1075	0.9359	0.4346	-0.2938	-0.8021	-0.0806	0.2851	0.1691	-1.2033	0.4139	0.5097	-0.0189	-0.5241	-1.1530	-0.2873
1.2437	0.4513	-1.9412	0.3183	0.4958	-0.0380	-0.2523	-0.3170	0.5977	1.8341	-1.1247	1.7784	-1.0191	-0.8637	-0.9015	0.3625	-1.9613	0.4193	2.2548	-0.9239	-0.5874	-0.4201	1.2189	0.9746	1.9288	0.6484	0.3759	0.4054	0.1052	0.6419	-2.3093	1.4984	-1.0079	-1.0778	0.9963	-0.6185	-0.0483	-0.5043	1.0970	0.2288	0.2237	2.1157	1.3538	-0.0807	0.3478	0.2763	-0.5615	1.2644	1.0193	-0.2743
-0.0478	0.3226	-0.5699	0.1990	-1.3107	-0.7424	-2.0495	-0.8516	1.0849	-2.4095	-1.0805	0.8066	0.3626	-0.8837	1.2238	-0.6861	0.7614	0.2019	0.5910	1.2223	-0.4086	0.0825	0.2244	-0.5911	-1.1979	-0.9311	1.1723	-1.3253	-1.2510	-0.1442	2.5272	0.6928	0.7077	-1.0297	-0.8619	-0.6888	-0.8175	-0.2795	0.4028	-0.4610	-0.9288	-0.8449	0.0243	0.3294	-1.6410	1.2663	1.0010	-0.2383	0.8565	-0.8904
0.5886	0.1303	1.2928	-1.1428	1.7562	0.9212	-0.1641	-0.5306	2.0345	1.7515	-2.9568	-0.5691	-0.1246	-0.3888	1.6492	-0.1823	0.7353	0.2403	-2.5141	0.5073	0.6716	0.4857	-0.5370	-0.0446	-1.3767	-0.9264	-2.6305	1.5214	0.3664	0.4731	0.6182	1.5160	-0.9209	0.1885	0.2824	-0.0587	-0.1036	0.1897	-1.2761	-1.3446	1.2329	-0.1623	0.5592	-1.0712	1.3285	-0.5330	0.0532	0.2067	0.8675	0.9404
-0.0681	0.7550	0.7237	-0.8576	-0.7658	0.2192	-1.3872	-0.7150	-1.7515	1.2964	1.2951	1.8303	0.9257	1.1161	0.0349	0.9567	0.0118	-1.2549	-1.0118	0.5816	0.5044	-0.5425	-1.4539	-0.1227	1.2554	0.2926	-0.3057	0.3423	-1.2484	-1.8561	0.8585	0.4661	-1.3415	0.4591	0.6114	0.6316	-1.2451	-0.4125	-0.4413	-0.9643	0.3135	-0.0092	-1.1427	-0.4690	1.6354	0.2162	-0.5040	0.0515	0.2918	-0.0184
-0.4874	1.6343	0.2688	0.3350	1.2456	0.1860	-0.5621	-0.7180	0.1183	-2.0671	1.3044	0.0952	0.7999	-1.3789	-0.1462	-2.2501	-1.4290	0.2619	-1.6439	0.4182	-1.3559	0.3380	-0.8433	0.3309	-0.3247	-1.4201	1.4714	-1.5015	1.0475	-0.7036	0.1107	0.5637	0.5013	-0.7368	2.0193	0.5561	0.7127	-1.7386	1.4181	0.8833	0.8735	0.3457	-1.2345	0.1282	-0.5785	0.5397	0.8032	-0.9166	-0.1879	-0.3085
0.7157	0.6202	-1.2247	1.5126	-0.9600	-1.0474	0.5537	-0.0455	1.3581	1.1212	1.8826	-0.6874	-0.2997	-0.2032	0.7802	-1.5288	-0.2253	-0.2564	-0.7383	0.7587	-0.1893	0.2461	0.9497	-0.0539	-0.0339	0.7063	0.5472	-2.1474	0.3719	0.4444	-0.1867	-1.0462	-0.5096	-0.1041	0.0585	0.8144	0.1171	-0.5578	-0.4935	0.2762	-1.2817	-0.7631	-1.0048	0.1337	0.5177	0.0338	1.1463	0.5743	-0.2282	0.8013
-0.5292	1.3733	0.6408	0.1155	0.2055	0.3910	-0.3779	-0.9387	-0.0527	-0.6242	0.5302	-0.5811	2.0483	-3.0517	0.9177	1.0029	0.5644	-0.3180	-0.8259	1.6112	1.1570	-0.1155	0.4219	-0.7027	0.5561	0.3873	1.0196	-0.2136	-0.2532	0.8651	-1.3909	-0.3962	2.4136	-0.3528	-0.0410	0.9247	-0.6602	-1.1681	0.3432	0.1960	0.4718	1.6293	0.3082	0.3790	0.5944	0.5188	0.3277	-0.1719	1.0959	1.4270
-0.0501	0.4398	0.4825	0.1576	0.0935	-0.3285	1.6987	1.0406	0.0057	-2.2032	-0.5881	0.2728	-0.1718	0.7525	0.8009	0.2671	2.4367	-1.1238	-0.2134	0.9825	1.1086	-0.5910	-0.2027	-0.5454	-0.3970	0.3202	1.5107	0.1969	-0.1285	-1.1336	0.3937	0.7029	1.2939	1.4110	-0.6234	-0.1862	-0.7220	-0.9676	-0.7540	-0.5592	1.1555	-0.1311	-1.5124	1.0080	0.1496	0.6850	1.3905	1.2696	0.5414	0.4386
-0.9670	0.6685	-0.6824	-0.8555	0.2479	-0.8794	0.0512	1.4181	1.2097	-0.2394	-1.8791	0.6954	0.3383	0.4010	0.8496	-0.9481	0.2590	0.2063	0.3331	-0.3590	0.1800	-0.0133	0.2624	2.5053	0.8373	0.4921	-1.3608	0.1323	-0.7450	0.3167	-0.1357	0.5615	-0.6666	-0.8547	-0.3373	1.5710	0.1870	0.2868	0.3413	1.0713	1.3160	0.5750	0.5740	-1.2132	-0.9542	0.6838	0.6186	1.5304	-1.2076	1.3463
-1.5726	0.2380	-0.6933	0.5628	0.1465	0.4427	-0.1973	1.6801	-1.4109	-0.3117	-0.6187	2.4056	1.1881	-1.0876	-1.4233	-1.4770	-1.3676	-0.6807	1.0693	-0.4805	-1.0352	-0.1131	-0.9750	-1.2707	-1.1297	-1.1272	2.5874	-0.6622	-0.0119	1.2267	-0.3033	0.0511	0.7880	-0.3548	-1.1293	0.2096	-0.0796	0.7040	-0.5837	0.9426	1.6136	-0.2447	1.7232	-0.6647	1.1483	2.3080	0.7909	0.3451	-1.1790	-0.6286
0.0557	-1.3027	-1.4113	-0.9609	-0.0554	0.1987	1.2572	1.4732	0.6663	-0.4686	-0.3174	-0.1842	0.5694	-0.2597	-0.5929	0.8466	0.0460	2.2240	-1.6154	0.3897	-0.4842	-1.4492	0.3651	0.7616	-0.5379	1.1392	0.3255	-1.1844	0.4666	-0.8083	0.2091	1.2642	0.1407	1.7547	0.0641	1.2490	-0.4934	-0.0559	0.7340	0.4077	-1.6968	-0.0718	0.5753	-2.2277	2.2693	-0.0229	0.2037	0.8285	0.6639	0.9047
0.8616	0.0939	-0.3411	-0.6248	0.5580	2.1442	-0.0816	-0.4614	0.1067	-1.1923	1.4901	-2.0431	0.0448	-0.4140	2.2178	-1.3139	0.0456	-1.1216	-1.0771	-1.1420	-0.8622	-0.3679	-1.4069	-0.9007	1.2419	0.3564	0.3624	0.3294	0.6092	-0.3196	0.7002	1.1786	-0.5740	-0.0961	0.9654	0.2127	-0.2110	-2.2272	0.4561	-0.7520	0.5798	1.5258	-0.3049	0.4391	0.2110	0.9786	0.2291	0.0935	0.1083	-0.9580
-0.3066	-0.8433	0.7704	-1.7905	2.2647	-0.8114	-0.0191	1.7236	0.1890	1.2430	-0.1526	2.0099	0.0710	-0.7952	-0.4676	-1.5926	1.3613	1.0076	-1.7622	0.5587	0.9992	-1.9373	1.1156	-0.1708	-0.2950	-0.7002	1.5248	-0.7270	-0.5253	0.3130	-1.5200	0.7789	1.5739	-2.1129	-0.2321	-1.4782	-1.3362	-1.0523	1.5193	-0.3676	0.8173	-1.4862	-0.9633	0.3957	0.3774	0.5261	0.4167	-0.5108	-0.3601	-0.3632
-0.7183	-0.8108	-1.4531	-0.4552	0.5184	0.8441	0.6154	-0.9086	-0.5023	1.0693	2.2403	-1.2713	0.1099	-0.2087	-1.5029	-0.6870	0.0595	2.1470	1.8439	0.6818	-1.1130	1.4934	-0.8526	0.5946	0.6670	-0.9848	2.7175	0.3176	0.1790	0.5461	1.0285	-1.2255	-0.1892	-0.8771	0.1038	0.1482	-1.2146	2.7444	1.0072	1.6798	0.5659	0.1234	1.1819	0.2397	-0.6045	-0.1212	0.0605	0.0334	-1.1567	1.9254
0.0479	0.4562	0.4104	0.7744	0.3397	-0.0369	-1.8783	-1.4084	-1.2027	0.2416	0.1565	-0.9272	0.4403	-0.5774	-1.5871	-1.7290	2.4190	-0.1391	-0.3332	1.8887	0.1044	-2.6009	0.6263	0.9923	-0.8286	0.9862	0.8963	0.0104	-0.4512	-0.0370	0.0505	-0.9765	-0.0582	1.3493	0.2531	-0.5939	0.6192	0.6193	0.3486	-1.7684	-1.5477	-0.5073	0.8586	0.3219	0.1081	2.1938	1.3866	0.0358	1.0098	0.5979
0.7682	-0.1725	-0.0471	0.2910	-1.4484	1.0090	-1.0768	0.5418	0.8121	-0.5690	0.2395	-0.7398	-0.1960	-0.5297	3.0050	1.1902	-0.6954	0.1016	0.0078	-0.2214	0.3533	-0.6375	-0.1310	1.2695	-0.3474	-0.2732	1.8606	-0.0718	1.6717	-0.6979	1.4826	0.8194	1.0919	1.7048	1.2677	1.0608	0.7716	-0.1064	0.4001	1.0576	0.2496	0.6727	-0.0379	-1.6517	0.1666	0.1327	-0.6395	1.3601	-0.5335	0.7899
-0.3184	-0.3698	0.1968	-0.3330	0.5637	0.4069	-1.1385	-0.5597	-0.6633	0.2546	-0.4806	-0.2634	1.3246	0.6878	1.5530	-0.7428	0.9174	-0.4980	0.4026	0.0103	-0.1647	-1.1947	0.7084	-0.9049	-2.1279	0.7321	0.3072	0.9512	-1.9994	0.5674	-0.8311	-0.0130	0.7571	-0.0101	-1.2829	-0.2119	2.0824	-1.2010	-1.1993	1.0224	-3.3051	0.6382	1.1421	-1.1472	0.3266	-1.4678	0.3193	0.5870	1.1301	-1.6478
-0.2692	1.7553	1.9560	1.8930	0.4294	-1.0445	-1.1555	0.0097	-1.3464	0.9556	-0.8417	-0.3343	1.0552	0.0900	0.5950	-0.9097	-0.8570	0.2074	0.4737	0.5807	1.2043	2.0300	0.0726	1.1683	-0.4329	-0.8496	-0.3048	-1.2909	-0.4325	-0.3458	-0.1848	-0.8686	0.7132	0.1167	-0.9004	1.0267	-0.8283	-0.1190	-1.0133	-0.3939	-0.2346	-0.8024	-2.0024	-0.0038	0.8350	-0.4196	-0.4732	-0.0502	-0.3380	-0.1684
-0.6729	0.5487	-1.2692	0.6936	1.3515	0.3757	-0.6331	1.0049	-1.4409	1.8606	2.3300	0.0536	-0.3814	-1.5898	-0.3860	-0.8872	-0.4643	0.1618	-1.2352	1.7552	0.1049	-0.8165	-1.5406	1.5395	0.3065	0.3455	0.7570	0.1484	1.6720	0.1444	0.4156	0.6213	-0.4437	-1.2189	-0.7999	-0.1299	-0.9602	2.0801	-0.7042	-0.5125	0.4255	0.5588	-0.5483	-0.9671	0.5126	0.6873	-1.3631	-2.4969	1.1644	-1.2946
1.7027	1.2518	-0.2559	1.1559	1.1486	-1.3580	1.3349	0.5684	0.2720	0.0068	1.1714	0.7844	-1.1122	-2.1265	-0.5319	-0.2565	0.4452	0.6891	2.3624	-0.8206	0.2197	1.0419	0.6808	-1.3978	-1.1895	-0.5540	0.2140	0.5720	-0.1215	-1.0274	0.8667	-1.4214	-0.8004	0.4694	1.8554	0.4934	-0.0192	-0.6898	1.1360	0.5112	0.3895	0.6795	1.0006	1.9309	0.7712	1.4597	-0.1787	-0.7763	-0.3514	0.0946
-0.1383	-0.1163	-1.1229	0.4052	1.0374	0.6721	1.1252	-0.4550	-0.3353	-1.0871	-0.0459	-1.8858	0.8645	-0.0250	-0.0028	1.2146	-1.0365	1.4887	-0.3029	-1.1300	-0.7800	0.7050	-1.0643	1.1091	1.2392	-0.7297	-1.2752	0.4221	0.1266	-0.5823	-0.7364	0.0327	0.9379	0.9412	-0.0793	0.8611	1.1440	-0.1963	0.6807	-0.6369	-0.9981	0.0636	-0.3853	-2.1784	0.7217	0.9276	-1.0618	0.2847	-0.3554	0.1981
-0.7386	0.7201	0.4098	0.2267	1.5053	0.1716	-0.7920	1.6667	-0.5387	0.7102	-1.7318	-0.4278	0.0572	0.1551	1.4258	-2.5217	-0.8954	-0.6255	-0.4996	0.5459	0.5242	-0.9032	-0.0968	1.2447	-0.8230	-0.9584	0.5868	0.6395	-0.1527	0.2352	-0.7559	0.2517	-0.1527	0.6505	0.6147	0.1868	-0.7362	0.5419	1.1865	-0.9204	-0.3530	-0.5863	1.4831	-0.1893	-0.5726	-0.7670	-0.4498	-1.3475	-0.9349	0.3656
0.2619	1.8715	1.8868	1.8107	-1.5727	-1.0753	0.6630	-1.3291	-0.6895	-0.4090	-0.8176	-0.0658	-0.4248	-0.3349	0.5791	-0.9297	-0.0327	-1.0091	-1.2220	-1.4872	-0.2235	0.3119	-1.2784	-1.0154	0.8323	-2.2213	0.8833	0.7048	0.2705	0.3030	-1.4114	-0.9704	1.6523	1.5429	-0.5431	-0.1855	-0.2803	1.0445	-1.1583	-0.9164	-0.4831	-1.0629	2.2704	0.4635	0.9583	-1.2338	1.1448	-0.2575	-1.4734	-0.8034
-0.1643	-0.5023	-0.7596	-0.0813	-0.1905	0.1978	-1.6933	1.0097	0.3217	-1.6541	0.0382	-0.7686	-0.6526	0.1134	-0.0527	-0.4993	-0.1092	-0.2053	0.3514	0.2967	-0.0831	0.3392	-1.0870	-2.1837	1.3756	-0.0870	-1.1275	-0.0823	-0.8006	-0.9967	1.2409	1.4547	0.3159	-0.2071	0.1129	-2.2378	0.1398	-0.5217	0.6882	0.5208	0.5322	-0.3939	-1.3981	-1.8404	-0.4920	0.7450	0.5235	1.4977	0.3358	0.0198
1.3264	-0.1906	0.6985	-2.3066	1.3037	-0.9414	0.5561	-0.7578	0.3169	-0.6201	0.0099	0.5773	-0.4198	-0.1197	0.7031	0.6162	1.3111	0.0899	0.0204	2.6102	1.5279	1.3090	0.6206	-0.7518	-0.2968	0.2460	0.8986	-0.0648	-0.3261	0.2481	1.5929	-0.0229	-0.1169	-0.3594	-1.0103	0.8284	-0.6032	0.7571	0.2045	0.4051	0.1167	0.1291	-0.1290	-0.4216	-1.2252	-0.4390	-1.4607	-1.1152	1.5512	1.0162
-0.1161	-0.0074	-1.0906	0.2857	-0.0754	-0.7672	-0.9638	-1.0051	-0.7793	0.4958	-0.4785	-0.9231	-0.5087	0.3651	-1.5179	-0.2086	0.0540	-1.2048	-0.3177	0.1251	0.3361	-0.2919	-0.8459	0.8506	0.4710	-0.2686	-0.0790	-1.2632	-1.4438	-0.5630	0.1324	-1.3305	-0.0638	0.2629	0.9623	-1.3188	-0.3225	-1.8418	0.8739	2.2840	0.2827	-0.9073	-0.9380	0.3929	0.1409	-0.4185	-0.5004	0.3830	1.8694	0.8763
-0.6137	-1.5621	-0.2172	0.2066	-0.3636	0.2681	-0.7032	-0.9629	0.7437	-1.6189	1.3000	-0.9260	1.4408	-0.0474	-0.9143	-0.2566	1.1316	-0.1800	0.5672	-0.5432	0.3622	0.7483	-0.1100	0.2948	-0.3405	-2.4405	0.8302	-0.0634	0.0706	-0.4786	-0.6889	-1.7235	-0.0291	-0.9502	-0.4353	-0.0270	-1.1863	0.2560	0.6072	-0.1517	0.1612	-1.9885	-0.3687	-0.0592	1.5784	-0.6104	0.7924	-1.1126	-1.2010	-0.2395
1.2073	-0.6493	0.1834	1.3436	2.9006	-0.8188	-0.1610	-0.3875	0.0518	-0.2080	-1.2023	-0.2067	-0.2760	-2.3466	0.0608	0.7237	-0.2503	-0.9374	0.0622	0.9238	0.1041	-0.2543	1.4690	0.0049	-1.1802	1.3045	-0.2470	-0.7096	1.4747	-0.4134	-0.1641	0.7834	-0.9413	0.0180	-0.7691	0.3389	0.6749	0.1890	0.5473	0.5750	-0.5000	0.2271	0.8788	-1.1151	-0.4478	0.1627	0.1591	-0.1925	1.0207	0.4942
0.1486	-0.4718	0.1531	0.1789	0.1524	-0.4548	-0.3096	1.1014	-1.5829	-0.4514	0.9889	0.5348	-0.0909	1.1041	0.6519	-0.6460	-0.2275	-0.1496	1.6414	0.0057	-0.6756	0.3992	0.8137	-0.3736	-0.9473	-0.0924	1.5579	1.3924	0.2760	0.7487	0.2282	0.8114	1.0863	-1.1418	-1.1857	0.1707	1.9726	0.1830	0.7730	1.8941	1.6259	0.4086	1.0883	0.7376	-1.6593	-0.0467	1.3953	-1.0446	-0.6857	0.0876
0.3032	0.2687	-0.4930	1.1459	-0.2525	-0.1778	0.5617	-0.2338	0.0462	-0.5426	-0.3686	-0.2122	0.5145	-0.7664	0.0411	1.0677	0.1297	0.3579	0.3175	0.0262	0.6941	0.1043	-0.6578	0.5387	-0.2402	1.7295	-1.0573	-0.3182	0.3530	-0.0678	0.4299	0.7372	-0.9051	1.5750	1.1713	-0.9897	0.5833	-0.0142	0.1621	0.1951	0.0773	-2.0416	-1.8544	2.2197	-0.0331	0.6653	-0.9573	1.6552	-0.5123	0.5746
-1.2039	0.6953	0.9398	-0.9300	-0.5668	1.4399	0.9150	0.4682	-0.2293	0.8435	0.8288	0.4856	-0.0967	-0.8274	0.7107	-0.1547	0.7621	-0.3655	0.4940	-1.0920	-0.4814	0.1556	-0.8840	0.1595	-0.9486	0.0441	1.5459	-0.4487	-0.6967	0.3627	0.2504	-0.2056	0.3822	2.0309	-1.8201	-0.2542	0.0027	-0.1471	0.2291	0.9863	-1.0503	-0.3524	1.9675	0.6417	-0.7306	-0.1386	-0.6088	1.0198	-0.4750	0.1205
0.5530	0.1687	2.0543	-0.1017	-2.6734	0.6517	1.6037	-1.1331	-0.8767	0.8326	-0.1929	-1.5452	0.9894	-1.7991	0.1490	0.2578	0.1949	-1.5613	0.3403	0.3812	-0.5546	-0.0309	-0.3726	-0.9961	-0.3926	2.4761	0.0573	-0.3738	-0.0438	0.1329	-2.1261	-0.2889	-0.8716	-0.4015	-0.1620	1.0712	0.4606	0.3008	1.0142	-1.8509	-1.5559	0.3335	0.7279	-0.2595	-0.7855	-0.8983	0.3694	0.4950	0.1970	0.3074
1.5466	1.2893	-1.1435	0.0841	-0.6520	0.2141	-1.4939	-1.6738	-2.2022	0.1332	-0.0993	-0.0662	0.8558	0.9798	1.0759	1.5672	-0.2170	2.2156	-0.9956	0.7522	-0.1275	-1.2112	0.9960	0.1969	0.6348	-0.8660	-0.2216	0.1363	0.7028	-2.5696	0.8267	-0.2069	0.1195	-0.2554	-0.0463	1.2493	-0.4785	-1.2047	0.1570	2.4885	2.0173	-0.5796	-1.5212	1.3468	1.1537	0.1142	0.5178	-1.0426	0.1119	0.0378
0.0402	0.3980	0.4127	0.6762	-0.2912	0.3952	-1.7958	1.5256	1.1327	1.1414	0.8201	-0.0390	-1.8272	-0.5499	1.1408	1.2075	1.1702	0.3797	-0.2264	-0.5799	0.5080	-0.8539	1.4934	1.1014	0.0705	1.7018	0.0235	-0.0441	-1.3009	-1.7004	-0.2115	-0.6182	-0.3003	-0.4140	0.6935	0.3715	-0.6140	0.6793	1.9309	-0.9748	1.0088	-0.7116	-1.5458	0.8440	0.7902	0.0456	0.5700	0.0800	0.4436	-0.5833
-2.1049	0.1248	-0.7702	-0.2654	0.8794	-0.8550	-1.4968	0.6925	-0.6568	0.9907	-0.0694	-2.4276	-1.8773	-1.2084	1.6316	-0.3447	0.1226	0.9896	-0.0800	0.2525	-0.4558	0.3234	0.0094	-1.2958	0.0250	-3.5653	-0.9333	0.4254	-0.2995	0.8877	0.8673	-2.5437	0.5400	0.1299	-1.3035	-0.0695	-1.2878	-0.6967	-0.0837	-1.4349	0.3887	-0.5553	0.6700	-0.6188	-2.5963	0.6082	0.0178	0.2351	0.2187	0.6993
2.5856	-0.8271	1.5170	-0.0886	-0.2326	1.1502	-0.9147	2.1314	-0.4147	0.2754	-0.2328	0.1405	0.0692	-0.0798	-2.4787	-0.0827	1.0878	-0.1235	0.7592	0.6166	-0.9341	-1.6138	-0.6455	1.5879	-2.5324	0.6282	1.0081	-0.7528	-1.6696	2.5927	-0.9178	-1.1970	-0.1041	-1.3963	0.6372	-0.8949	0.7966	0.7118	-0.3423	0.4601	1.3510	-0.0512	0.6356	0.5270	-0.3247	-0.0041	0.9375	0.3075	-1.6498	0.7243
1.0287	-0.0202	-0.1285	-0.1472	0.6206	0.4274	-0.6058	-0.3849	-0.2925	-0.0524	0.4526	0.3461	-0.4821	-0.9773	-1.0940	0.9284	-1.2268	-0.3070	-1.1663	-0.4623	0.6494	-0.5088	0.2701	1.3998	0.4845	-1.5480	1.6801	-1.0086	-1.5216	0.4546	-0.2618	-0.8188	0.5275	0.5143	1.7524	-0.4766	0.2438	0.2782	-1.3735	0.7799	2.4664	-0.3391	-0.5420	0.7008	1.2586	-0.6843	-0.0520	0.5151	-2.0714	1.6709
1.0712	-0.3510	1.3762	0.5746	-0.0514	-0.0238	0.1531	0.1368	-1.4973	1.6933	0.1018	-0.1653	-2.7715	-0.8482	0.0148	1.4846	1.9865	0.0123	-0.0849	-0.0675	-0.8058	-1.2513	-0.1909	-0.8008	0.4948	0.5875	-0.9514	0.8477	0.7480	-0.5378	0.0189	-0.0405	-1.2780	0.6666	1.2793	0.1292	-0.3565	0.7966	-1.1097	0.8651	2.8821	2.1178	1.3611	0.0625	0.3551	1.0247	-1.2900	-0.7163	0.3545	-0.7500
-0.8761	-1.6354	1.7580	-0.4949	0.2325	1.1431	-1.6964	1.5611	-2.0776	0.6555	-1.3781	1.6138	-1.3188	1.1332	-0.4223	-0.4074	-1.9049	-0.7810	0.5295	-0.3494	0.2462	0.6563	1.0044	0.1316	-1.2218	0.8166	1.8841	-1.2048	-1.5437	-2.3403	0.2539	-0.8061	0.5801	0.4190	-0.2073	0.1310	-0.3266	0.7587	0.3328	-1.9154	-0.6210	1.2257	0.1110	0.8330	-0.7830	-0.8168	0.0648	-0.2050	0.0967	-0.3475
-0.5505	-0.8128	1.1781	0.4749	1.1969	1.0514	-1.0858	-0.5411	-0.3659	0.2588	1.0196	0.6856	-0.9019	0.0586	-1.3299	-2.1029	-0.2755	-1.2180	-0.1801	-0.4015	0.1513	0.4006	0.7740	-0.8623	1.1772	0.4359	1.0071	0.6745	0.1634	0.6621	-0.9280	0.0476	-0.5363	0.6764	-0.2501	-0.0972	-0.0008	-1.2672	-1.5645	-0.8734	1.1110	-0.3470	0.9584	-0.3559	1.1606	-0.1910	-0.9874	-0.7444	-0.2238	0.3346
0.0256	-1.6723	-0.2576	0.7101	-0.3229	-0.1458	0.7222	-1.1115	-0.1471	1.8867	-0.2800	-1.5497	-0.1616	-0.9820	-0.8313	0.1402	-0.5182	-0.4498	-1.6860	1.8457	1.3363	1.0113	0.6876	0.3930	-0.0671	0.1226	-0.4929	-0.3571	1.4547	0.9337	-0.4489	-0.0157	0.6328	0.0030	-1.1453	-1.0175	-1.9500	1.0248	-0.4469	-1.3681	1.3215	-0.2434	-0.0709	0.6530	-0.6644	0.4998	-0.6611	-0.3883	0.0717	-0.0979
0.6869	-0.7232	0.9782	-0.9062	0.8874	0.2984	-0.5363	1.2119	0.4721	0.6610	-0.6751	-1.9164	-0.8964	0.3728	1.6489	0.3915	-0.2400	0.3458	0.3289	-0.9905	-1.2479	-0.1348	-1.3389	-1.9967	-0.1916	-0.5499	-0.1309	-1.9028	-0.6315	0.6429	1.6722	-0.1384	0.0101	0.6060	-1.1005	-1.6537	-0.7058	1.1001	0.3134	1.2465	-0.4762	-0.0316	-0.0499	0.4338	-0.9726	0.1180	1.3920	-0.0655	-0.6001	0.7167
-0.8552	0.1557	-0.6301	-0.4182	0.2471	-1.0165	0.1262	0.4522	0.0887	1.0927	0.3784	1.4881	-1.5501	0.3203	-0.5163	-0.0682	0.4409	0.7725	0.3758	-0.7481	0.0530	-0.4483	-1.4511	1.4069	-0.7690	0.9011	-1.8401	-0.7224	-1.1553	-2.1196	-1.1304	0.5068	1.0363	0.2675	1.0303	-0.8778	-0.3442	0.7141	-1.7826	-0.3184	-0.2647	1.0359	1.0123	0.6304	0.5740	0.2634	0.2605	0.2404	-0.8304	-0.8851
-0.2503	0.7828	0.7328	1.9634	0.0835	-1.1196	0.6418	-1.3198	-0.7101	-1.5732	-0.4966	-1.9755	-0.5103	1.1585	0.0517	-1.3877	0.9784	-0.5845	-0.3147	0.2154	0.5476	-1.1406	0.9523	-2.4449	-0.4294	-0.2667	0.6143	-0.1568	-0.7491	0.4834	-0.3209	0.7129	-0.4969	-0.4831	0.5481	-0.2349	-0.9307	-1.6568	0.4081	0.3489	-0.6935	0.3694	-0.2534	-0.2525	0.7206	-0.7761	0.8404	-0.7222	0.6017	-0.8576
-1.1309	-1.2628	0.1396	1.4864	0.9097	-0.5984	1.6280	1.3047	0.7153	-0.6236	-0.5841	-0.9459	-0.5480	-0.6257	0.2164	0.2708	-2.1101	0.9902	0.8184	0.0707	-0.6233	0.1648	-0.5631	0.0185	1.0780	0.5948	-1.0891	1.1094	1.2425	-0.5820	-0.4967	0.7437	0.4703	-0.2705	0.8110	0.5616	-0.0179	0.9619	1.2339	-0.7416	0.6167	0.8766	0.4048	-0.4748	0.2759	-0.5785	1.2633	-0.0985	0.7166	0.2257
-0.4346	0.8793	0.3280	0.5964	-0.2669	-0.9502	0.0319	0.4562	-0.8913	0.9079	-1.1371	0.5033	1.9889	1.8349	0.6659	1.1333	-0.1960	1.9392	-1.5561	-0.7600	1.0035	0.0139	-0.0406	0.2731	3.5879	-0.6834	1.2733	-1.1818	-0.2480	1.1184	0.8957	-0.6104	2.0622	0.9170	-1.2043	2.1521	0.3330	0.1246	-0.4411	-0.8195	-0.3041	-1.9131	-0.7089	0.4261	0.0920	1.0947	-0.0771	-0.9337	0.3383	1.0107
2.4388	0.6500	1.1851	0.6962	1.2401	-0.6288	-0.7236	-0.2906	0.9967	1.1737	0.9299	-0.8588	1.2209	0.6912	-0.8244	0.1963	-0.9716	0.1034	-0.6173	-0.1083	0.5874	0.7054	1.9756	-0.9133	-0.1917	-0.6523	0.6264	-0.1116	-1.5144	0.7340	0.2947	0.8379	-0.6625	-1.9151	-1.0966	-0.0854	2.4102	0.5398	0.5285	0.7392	-0.5129	0.3654	-0.6046	0.8318	-2.4461	-0.5922	0.1497	1.0964	2.0190	0.4792
0.4518	-0.2489	1.1392	-0.0703	1.6820	1.5450	0.8196	1.0757	-1.7696	-1.4849	-0.7489	-1.0108	-1.2161	0.5250	-0.0200	0.9912	0.2456	1.1284	-0.9539	1.7581	0.7910	1.3451	0.5642	0.0861	0.9572	-0.7442	-2.7876	-0.4926	0.2837	1.8299	-0.6510	-0.2505	0.3383	-1.4928	0.8925	-0.7338	1.2055	-0.9473	-0.9411	-0.9252	0.5440	0.0363	-0.8092	-0.5285	-0.4699	-1.4812	1.1903	-0.7867	0.3295	0.7086
-1.9340	-0.8268	-0.4459	-0.9851	0.1994	0.4927	-2.0350	-0.8352	0.2721	-1.2067	1.0532	1.8180	-0.6752	-0.3288	0.0795	0.4915	-0.4086	1.9659	1.7206	0.7185	1.6664	-0.5820	1.1182	-0.1004	-0.3447	-0.6613	0.6997	0.9364	-2.5225	-0.3182	-1.0500	1.0001	-1.2550	-0.9029	-0.0509	-0.2736	-0.3117	-0.1952	-2.6239	0.1108	-1.1657	0.4020	-0.4793	0.9925	-0.1886	-0.7130	0.1430	-1.3522	-0.2426	1.0916
-2.2876	-2.5284	-0.9853	-1.2010	0.0551	0.8369	2.0435	-0.9558	-0.2452	1.2792	-0.3980	-1.8035	-1.8254	0.8914	0.4210	0.7057	-0.1159	1.9103	0.4682	-0.5843	-0.4948	-0.9132	-0.9284	0.2322	-0.2224	-0.4592	0.5637	0.0865	1.5167	-0.3400	0.4917	-0.9904	-0.1671	-0.7573	-0.6711	1.0191	-1.1137	0.6469	0.7080	-1.4185	-1.7880	1.3311	0.0042	-0.0028	-0.1204	0.4414	1.7840	2.2189	0.3102	-0.4731
-0.0355	-0.7670	0.1646	0.7115	0.0789	-1.3210	-0.3354	0.4498	1.6058	0.5200	-0.7190	-0.8127	0.6396	-0.2153	0.7538	-2.1402	0.0276	0.5548	-0.2335	0.2988	1.2482	1.5257	-1.4901	0.2233	0.9806	-1.1075	-1.4872	-0.5797	1.0885	-0.0811	0.5985	-0.5469	-0.8813	0.9754	0.9893	0.9077	-1.0728	2.1567	0.1967	1.0514	0.9374	1.7809	-1.6814	0.2536	-0.3530	-2.4592	0.2183	0.2413	0.4565	1.5421
-0.2464	-0.2370	-0.1389	0.6451	0.1763	-0.7203	0.8952	-0.6030	0.1612	-0.0131	0.9005	-1.3344	-0.4960	1.7041	1.1754	1.6967	-0.8224	-0.8950	-1.3242	-0.6844	-0.8994	-0.1956	-0.9958	-1.2662	0.9453	0.2049	-0.4440	-0.4919	-1.5703	-0.0482	-0.2997	0.7468	0.0455	0.6600	-0.3575	-2.2215	0.7998	1.4573	-2.1395	0.9743	-0.0292	0.0443	-0.5224	-0.8601	-2.1172	0.6809	1.0018	1.7803	-0.9158	1.5609
-1.1447	0.3028	0.1142	-0.8718	0.2425	-0.4066	-1.0513	0.2504	0.7076	0.6046	-0.2788	1.4414	-0.3416	-0.1659	-0.0651	0.4595	0.4483	-0.7106	0.0847	0.8522	0.9713	-1.1971	0.4544	2.1305	-1.3790	1.3269	-1.5743	2.0265	0.0404	1.6293	-1.1414	-0.5555	0.5881	0.0223	-0.8079	0.1237	0.0414	-0.3325	-0.6602	0.5120	0.0959	0.8012	0.8901	1.7538	-1.0217	0.2341	0.8837	0.2108	0.4411	0.9621
-0.5913	-0.0322	-0.5245	-0.1581	-0.9202	1.9493	-1.2789	-0.8946	-2.6644	-2.2916	0.3601	-0.4181	-0.5295	-0.0933	-0.1980	0.2605	-0.2831	1.1800	0.6197	0.4385	0.5845	0.2242	-0.6141	0.7818	-0.9068	0.5105	-1.3288	0.8198	0.1964	0.6233	-1.3598	0.8829	0.5026	-2.0323	0.7124	0.4176	-0.4163	-0.6686	-0.5963	0.0837	-0.1292	-1.1356	-0.9224	-1.9130	-1.5461	-0.0725	0.0938	-1.8371	-1.5313	-0.6828
-0.6361	1.0343	-0.9954	-0.4156	1.9364	-2.0364	0.0045	-0.6611	0.4165	-0.2161	0.7131	2.8887	2.1313	-0.1882	-0.8904	-0.0223	0.7603	-0.4866	-1.1851	-0.1890	0.8453	1.3253	-0.6287	1.8408	-0.7581	-0.2054	-0.7343	-0.7436	0.7699	-1.9699	-0.7902	-0.8608	1.1079	2.2297	2.0952	1.1698	0.2641	-0.3264	-0.2954	0.8121	-1.4453	2.1817	0.4937	-1.0981	-1.2378	1.3873	-0.0197	-2.1005	-0.2791	0.8397
-0.2460	-1.3613	0.1427	-3.0299	1.1123	0.5545	-0.4360	1.5858	-0.9475	-1.6086	-1.9215	-0.5243	-0.0568	-1.7184	-0.3684	-0.0373	-1.4832	-1.4764	-0.0005	-0.7703	0.5893	0.4595	-0.0271	1.9619	-0.8858	-0.8106	0.2319	-0.7325	-0.9034	1.7781	-0.1339	-1.5049	0.3399	-0.5116	1.4314	-1.1018	0.0153	-0.3556	0.6209	0.9417	-1.2639	-1.0058	-0.7332	-1.4067	-1.2798	-0.4443	0.3199	0.8068	1.4951	1.6741
0.6623	1.4365	1.0592	0.4446	-1.8981	-0.2537	0.6393	-0.5642	-0.5787	-1.6424	0.1809	-0.4447	-1.5683	-0.9903	1.1729	-0.7559	0.2439	1.5538	-0.8514	-0.4852	1.6895	-0.2951	1.4490	0.1302	-0.7532	0.1385	-0.4362	1.3027	-0.0531	0.6057	1.9924	-1.2710	-0.7356	-0.6021	-2.5873	-0.4695	0.8919	0.1506	-0.0778	-1.7910	0.6663	2.3575	-0.9608	0.0791	1.7007	0.1557	1.5841	-0.7195	-0.8369	-0.0623
1.1406	-0.0782	0.4180	-0.9736	-0.0924	-1.4856	0.1585	-0.1287	0.3511	1.7311	-0.7117	0.2179	1.0166	-1.3045	1.9542	0.7895	-0.2376	-1.3685	0.2057	1.3990	-0.2628	-0.3824	1.4522	0.0343	0.3940	-0.6325	-0.8551	-1.2202	0.7351	1.1659	0.4560	0.1903	0.9864	0.6734	-0.2958	-0.2595	-0.8506	1.3377	0.2842	0.5917	0.7692	-1.0016	1.4697	-0.9756	0.0018	0.1593	-1.2115	-0.6245	-1.1985	-0.2904
0.0010	1.4334	-1.7108	-0.1032	0.6673	0.5278	0.1740	-1.6018	-0.9865	1.6920	1.4543	-0.1704	1.3784	-0.6096	-1.2618	-1.8232	0.1963	-1.1738	-0.4783	0.8834	0.6833	-1.2198	-0.6810	0.5908	-0.7389	0.0673	-0.2439	0.7102	-1.1858	1.2627	-1.0819	0.4149	-1.9637	1.0297	-0.5138	0.9267	2.0195	-0.3428	0.9696	-0.2076	1.1104	-0.5817	0.1250	-1.4221	0.9313	-1.1359	1.8256	0.4743	-0.9923	-1.3835
-1.8581	0.7917	2.0135	1.2556	-0.8747	-0.6786	-0.5087	0.6232	1.3036	-0.1332	-0.8140	1.2991	0.0308	-0.2094	0.0084	0.3943	-0.4441	-0.2493	0.8611	-0.6319	0.7266	0.1557	-1.1423	2.4841	0.4485	-0.4146	1.3105	-1.5143	0.7931	0.3175	-0.0449	0.5155	1.5937	1.1064	0.6700	0.6857	1.2964	0.4307	-1.5617	-0.6725	0.9163	-1.2679	1.6146	-0.7014	-2.8515	0.5845	1.1136	-0.2743	-0.1353	1.6546
-1.1932	-1.1124	1.6648	0.0415	2.4161	1.0273	-0.2055	-0.8552	0.8019	-0.8593	0.1518	-0.9358	0.2044	-0.1327	-1.5074	-0.0707	0.4369	0.3676	0.2351	-0.1816	-0.6060	0.7531	-0.3379	-0.6627	-0.3612	0.0365	0.5119	-0.6211	-0.3990	-1.1283	1.7801	-0.8226	-0.3180	0.8603	-1.2800	1.5086	-1.7172	0.8574	-0.6605	0.5242	-0.8097	0.5528	-1.5922	-1.3856	-0.5486	0.3910	-0.9728	-1.1329	1.3105	0.4516
-0.4470	0.6258	0.0373	-0.5323	-0.2503	0.4168	1.7310	-0.2802	-0.5656	-0.0906	1.4582	0.0240	0.4876	2.8005	-0.0246	-0.6737	0.1546	-1.2807	-0.4011	-0.3716	0.2408	0.6203	-0.5592	-1.5143	-0.3387	-0.6715	-1.2570	-1.3889	-0.1880	1.2792	1.4604	-1.6424	-0.7823	-1.0719	0.2160	-0.4489	0.5327	-0.1114	2.3193	-1.0975	2.3072	-0.9818	0.5155	-0.3323	-1.0673	-0.2140	0.4035	2.3127	-0.7250	-1.2377
-0.7932	0.4812	-0.6643	0.8760	-1.5596	0.1909	1.2468	-0.5281	0.2642	0.0284	-0.1851	-0.5943	2.1520	0.6409	-0.4005	0.3431	1.3594	0.4775	1.7575	-1.1565	0.5530	0.0862	-1.5427	-1.5409	-0.2111	0.9040	-0.2480	1.1228	-1.0034	-1.9916	-0.6179	0.6898	1.0778	-1.8030	0.0463	0.2020	-0.9352	0.3810	1.4539	-1.4091	0.7654	1.5034	1.6365	0.6975	0.9464	-1.6786	0.6098	0.2783	1.2696	-2.4147
0.5051	-0.4511	0.4711	-0.8160	-1.2994	0.3351	1.2991	-0.0862	-0.4123	0.1310	0.7047	-0.5730	-0.1110	0.5482	1.0337	2.4560	-1.8356	-0.1649	1.1307	0.5878	-0.1761	1.1278	1.1630	1.2342	-1.0804	1.0378	-0.5346	1.4334	-0.3980	1.0395	0.1094	-0.0657	1.7503	2.0770	-0.2822	-1.4036	0.4092	0.3006	1.2654	-1.4319	-0.5108	0.5173	-0.4166	-0.2749	0.5196	-0.4924	0.8840	1.6961	1.7741	0.4204
3.0538	1.5185	0.8470	-0.3702	0.6770	0.4524	-1.4599	1.6647	1.5667	1.0044	0.0494	-1.3419	-0.3969	1.1247	1.8396	-0.9416	0.1527	0.3894	-0.0868	2.2424	1.6290	-0.3603	0.6618	0.7301	-0.3706	1.5212	0.5720	-0.0004	0.3183	-1.4635	-0.6049	0.4437	0.0880	-1.4267	1.1626	-1.0511	-0.8454	1.4380	-1.5763	0.6568	0.0769	-1.6075	-0.3599	1.8399	-2.3698	-0.3531	1.7718	-0.1494	0.9525	0.1274
-0.6729	-1.5807	1.3567	0.1643	0.6497	-0.9878	0.2210	-0.3920	0.4920	0.7833	-0.0091	0.1523	-0.0838	-0.0443	0.8220	-0.2018	-0.1162	-0.4271	2.5013	2.0095	0.8554	0.6207	1.3941	-1.2836	0.8816	2.2607	0.1279	1.1553	-0.9239	-0.2185	-0.8044	-0.9365	-0.4636	-0.3179	2.0805	0.5239	0.6560	0.5797	-1.2422	2.6333	1.5502	-1.6943	0.4321	-0.0089	-0.8890	-0.3079	0.0773	1.1377	-1.0490	0.3827
-0.7276	-0.0314	0.0157	-1.2978	1.5939	2.1669	-0.6592	0.3209	-0.7173	-0.1479	-0.3921	0.0817	0.5707	-0.9820	0.1924	-0.1590	-0.6563	-0.9652	0.4427	-1.8677	0.6902	-0.0677	0.3113	0.0317	-1.8558	-0.1748	0.6673	0.8707	1.0269	0.2118	1.5316	-0.3178	0.8825	-1.2479	-1.9870	0.3106	-0.7137	-0.9767	0.0752	1.2457	0.0977	-0.7258	1.2996	0.8922	-0.4878	-0.8335	-0.1491	-0.3487	0.5606	-0.3165
-2.0010	-0.4120	1.7270	0.1323	-0.1589	0.8749	-0.4256	3.1625	2.1798	-0.0807	-1.1418	-0.6214	-0.1353	-1.3507	-0.2490	-0.5262	-0.6078	0.9315	2.4030	-0.8809	1.1289	-0.0060	-0.5610	0.1186	-0.6912	-0.3742	0.6022	-0.4260	0.3074	0.0979	-0.8004	0.4600	0.2930	0.3039	1.1832	0.6191	-0.8654	0.1783	-1.0854	-1.4524	-2.0722	0.9128	-0.6957	-0.2966	-0.5524	-1.8995	-0.0052	-0.1048	-0.2932	1.4506
-0.0902	-1.3658	-0.0656	-0.9051	-0.4257	1.0656	-1.0079	0.5761	-1.2567	-0.3546	-0.2172	-0.8910	1.3019	-1.6158	-0.4144	1.5077	-1.9570	-0.7677	-0.2643	2.4665	-0.6789	0.6351	0.4416	-0.8630	0.8500	-0.0892	-1.1562	-0.9577	-0.7236	-0.9953	-0.7191	-0.0192	-1.3786	-0.3357	0.1324	0.2681	-0.6692	-1.8809	-0.4076	-0.4787	-0.4855	1.1809	-0.1425	-0.2345	-0.6733	0.1515	-0.5952	-1.3791	0.9957	-0.9204
1.9804	-0.6583	1.7020	0.7657	0.0350	0.5173	0.8337	0.3530	1.2448	1.1580	0.1123	-0.2883	-1.8538	-0.7189	-1.3960	-1.3352	-1.5760	-2.1480	0.4390	0.4191	-0.5372	-0.0572	0.1586	-1.4580	1.5555	-0.5295	-0.1435	0.7567	0.0247	1.7232	0.3068	0.5408	0.0709	0.6796	-0.9193	1.2304	-0.8667	0.8613	0.1729	-0.3682	-1.3775	0.7515	0.8267	-2.3086	0.2600	-0.2060	-0.4009	-0.9057	-0.3867	-1.4906
0.2302	-1.1413	0.3204	-0.1611	2.2339	-0.5706	1.3338	0.0767	0.6870	-1.2071	-1.0481	-0.0956	-2.2387	-0.7642	1.0517	-0.3926	-0.5778	0.8590	-0.0116	-0.3110	-0.1738	0.4513	0.4980	-2.3971	-0.5609	-0.3439	0.9300	0.9115	0.0086	-0.9313	-0.8334	1.1145	-0.4350	-0.1828	0.8300	-0.7467	1.5361	0.3344	-1.0031	-0.6878	0.0333	-0.3254	-0.1503	-1.1533	0.0175	-0.2668	-1.0660	1.0739	0.9102	2.3419
0.5536	0.7867	0.0301	-0.3871	-0.6976	-1.8784	0.4807	0.1519	0.1256	1.1824	0.2128	-1.6654	-0.0519	-0.5065	0.6009	-0.1689	-0.5060	0.8050	-0.4272	-0.1383	1.2309	0.3365	-0.2062	-0.7027	-2.6803	-0.4770	-0.4098	0.7133	0.5333	1.2301	1.1084	-0.1755	1.3012	1.5434	-1.3512	-0.7774	-0.3268	-2.1217	-0.4305	0.1491	-0.8143	0.2700	0.2365	-0.0655	-1.0377	-0.4168	-0.1506	0.6518	-2.0762	-1.5223
-1.5804	-0.8978	0.3227	0.3995	0.1136	1.0299	1.2509	-0.3889	0.1413	-0.4789	1.4087	-0.9065	-1.5687	1.2884	0.4553	0.7870	-0.9231	0.3583	-1.3471	1.2747	1.0227	0.6686	-0.1359	-0.8484	1.9215	0.2426	-0.2976	-0.0724	0.0670	-1.4728	-0.0424	-0.5349	-0.5636	1.4261	-1.0307	1.6178	0.1434	1.4516	0.6269	0.5689	1.0803	-0.8529	0.1675	-0.7897	-1.8175	0.1272	0.7040	-0.9034	-1.5070	-0.2671
1.2357	-0.9546	-0.9288	-0.1669	-0.2054	0.6870	-0.1363	1.2234	0.5961	-0.7034	0.2637	-0.7599	1.2294	-1.2695	0.7552	-0.1919	0.6277	-1.0566	-0.8471	-0.8913	-0.3794	0.5274	0.2368	0.3897	-0.7375	-0.2448	0.4450	-0.1469	0.5463	0.0027	0.2767	0.0752	0.0537	-1.0643	0.4474	0.6765	0.9058	0.9717	-0.5686	0.4939	-1.4921	-1.4560	1.3715	-1.4461	-0.0923	-0.5320	0.3567	0.4761	-0.4462	-0.0068
1.7869	0.0943	-0.1123	-2.1277	1.1737	-0.2452	0.1094	0.5235	0.3694	2.1049	-1.4771	1.3119	0.0738	-0.4559	-1.0430	0.8130	-1.5471	-1.1453	-0.6249	-0.3370	0.8373	-0.7909	0.5954	-0.2828	-0.0919	-1.3905	0.4884	0.9536	0.8812	1.7983	-0.0593	-0.9424	-1.2589	-0.9705	-1.7603	-0.6645	-0.0657	1.2354	0.3194	-1.8856	1.8464	-1.3059	-0.3329	0.8133	-0.6011	-0.7624	-0.8319	-1.5679	0.1136	0.4444
-0.6931	0.7718	0.6018	-0.2387	0.0629	-1.2793	-0.2189	-1.0192	-0.1866	0.7264	1.4567	-0.1601	0.9035	-0.3393	-1.0657	-0.9845	0.1277	-0.0375	-1.5535	-0.5226	-0.9734	-0.6187	-0.1803	0.8353	-0.8560	-1.4058	-0.0245	-0.3439	-1.4628	1.9393	1.3992	1.1191	-0.3881	-1.0661	-1.5852	0.6882	0.3108	-0.0676	0.2036	-0.8839	0.8101	-0.0199	1.0185	0.6700	-0.2303	-0.3590	0.0374	0.6504	-0.6361	-0.2830
-0.5825	1.4197	0.2184	-1.5631	-0.5992	1.0097	0.1771	-0.2854	-0.5950	0.5300	-1.7715	1.2916	-0.0790	0.5784	0.1282	-1.3178	1.4379	-1.1591	0.1940	-0.8586	0.6426	-0.7959	-1.8179	1.0141	2.8110	1.6264	0.9732	1.4162	-0.1713	0.0103	0.9312	-0.1049	-0.5940	-0.2619	-0.2214	-0.5008	-2.5512	-0.8957	0.1830	-0.0039	-1.6355	-0.2213	0.1208	-0.0720	1.5343	0.3632	1.3507	1.0054	-0.9857	0.9194
-0.7744	0.7548	-1.0787	-0.2349	0.9485	-0.9132	0.5666	0.2151	1.6962	-0.1961	-0.9958	0.3038	-0.4605	1.3570	1.4370	0.9794	-1.4527	-1.3691	-0.8081	-1.8052	-0.3617	0.2083	-0.7597	0.0241	0.5693	0.3878	-0.9596	0.1317	0.2028	-0.6977	-1.3316	0.3290	0.2611	0.5692	-0.7925	1.3924	-1.5436	0.5079	0.1891	-3.0564	1.9357	0.1191	-1.0749	-1.6850	1.4424	-0.2993	-1.0343	-0.6813	-1.0034	0.4264
0.3660	-0.3717	-1.4516	1.3117	-0.1049	2.1003	-1.7418	1.0267	-1.5694	0.4187	-0.2203	1.1606	-1.8724	-1.4383	-0.5920	1.4471	0.2571	-1.3012	2.4131	0.6444	-0.5741	-1.2739	0.1684	-0.3795	1.3699	-0.7194	0.0495	0.4179	1.1328	-0.3264	-0.9657	1.1349	0.2131	-0.4958	0.7555	0.1734	0.8201	0.8433	-1.1793	1.3338	0.3786	-0.3234	-1.0110	-0.1567	0.7199	-1.1044	0.5426	0.3621	0.6746	-0.6090
1.3572	-0.2807	-0.0823	-0.4426	0.0412	0.1778	-1.2469	2.2177	0.5789	-1.5532	-0.0847	-0.2697	-0.0536	0.8114	0.3690	-1.1842	0.5575	0.8644	-0.4312	0.9175	-0.2327	0.7572	-0.7555	0.9869	-0.4018	-0.4487	-0.8092	-0.0847	0.7615	-0.0828	0.4064	0.6041	-0.4099	-0.0845	0.3830	-1.0711	0.0314	0.6082	0.6340	1.5470	-1.2844	-0.4832	-0.4321	-0.4294	-0.3482	-0.8734	-0.3739	-0.4293	-0.5852	0.9902
0.1597	-0.4259	0.0802	0.2062	1.0201	-0.1908	0.2260	1.6622	1.0659	-0.0436	-0.1228	1.4927	-1.0639	-0.5521	0.4651	-1.0644	0.5819	-1.4711	0.3342	0.6474	0.1059	1.4450	-0.6759	0.2148	-0.2743	-0.9067	-0.3363	0.0225	-1.0503	0.3233	0.2274	-1.0580	-0.3590	1.1726	1.4233	-0.2114	-0.7833	0.0076	1.2265	2.5164	1.4313	-0.4843	0.3628	-0.4556	2.4721	0.1527	-0.6585	0.7824	0.7731	-1.3143
1.3343	-1.2597	1.8838	-0.3216	-0.6564	0.6537	1.1752	0.2449	1.2265	0.2341	-0.5129	-1.5752	-0.7183	0.1006	-0.4345	0.9750	-1.2012	-1.7871	-0.6677	-0.3035	0.3449	-1.1396	0.2623	-0.2168	1.8032	-0.6630	0.3655	-0.6787	0.8919	0.2792	0.0181	-0.3033	-2.0787	0.5096	-1.0671	-0.4412	0.6020	-1.2551	0.8303	1.1944	-0.5358	-0.7964	1.7619	-1.1912	1.7424	1.0673	0.1553	0.1241	1.3495	0.2099
-0.3946	0.8206	-0.1177	-1.4850	2.6195	-0.7761	-0.1988	1.0491	1.3906	-0.4535	0.2456	0.1993	-0.1090	1.3333	0.2225	1.3533	0.3915	-0.8210	1.6516	-0.8126	0.2571	-0.1588	2.3866	-0.1871	-0.9580	-1.3857	0.1929	0.0094	-0.6173	0.7178	-0.7033	-0.0296	-0.1780	-0.3480	1.1021	1.5705	-1.2678	0.6573	-0.4121	-1.1367	0.8130	0.8800	0.5182	0.0040	-0.9412	0.5168	-0.8078	-1.7346	0.1331	-0.3954
1.8593	-0.7277	1.2101	0.3487	-1.2272	-0.2630	-0.9673	-1.4139	0.3784	0.7835	-0.2352	-0.9297	0.6650	0.2162	0.7511	-0.4910	-0.6891	-1.2355	-1.0919	-0.3644	0.0562	-0.0913	-0.0823	2.2209	-0.7771	1.0854	0.0679	0.3888	-0.0883	-0.3992	1.8972	1.8221	-2.8058	1.1554	-1.1785	-2.5932	-0.5384	0.3744	-0.3055	1.0823	-0.3935	-0.1865	-1.2328	0.7244	-0.0411	-0.4908	0.7588	2.2019	1.0087	-1.1601
0.8675	1.5228	-0.3058	0.6408	0.1287	0.3287	1.1208	0.6690	0.1974	-0.1888	-0.4661	-0.5628	-0.2256	1.7034	-0.0853	0.4586	0.8277	0.9116	2.4875	1.2875	0.8187	-0.3735	-0.4629	-0.1338	-2.2798	2.3023	0.2060	0.2428	-1.4713	-1.0667	2.3304	-1.7314	1.6720	-0.2386	0.3818	1.6415	-1.1563	-0.0447	-0.3100	-0.7094	2.1668	-0.2809	1.3923	0.9669	1.3881	1.9025	0.7958	0.0913	-1.3546	-0.2423
1.3102	0.4250	0.5588	-0.1393	1.8042	0.5959	0.4709	1.0256	-1.6140	0.5951	0.6303	1.7289	-0.7607	0.0165	0.2758	-0.0669	-0.5812	-2.5484	1.4760	0.4162	-1.5638	2.3055	0.4854	-1.0235	-1.4076	0.3989	-0.3367	0.4470	0.1131	-0.0934	0.2663	2.2648	-1.2231	0.1996	-0.3556	-0.3195	0.0598	-1.2000	-0.5405	-0.7699	1.9524	1.3661	1.3502	1.9895	-0.4374	-1.6785	-0.6789	0.5886	0.3253	0.2667
-0.2843	-1.5449	0.0096	-0.1402	-1.0320	-0.0237	-0.5635	-0.3157	0.3002	0.1886	-0.3957	1.0147	0.6270	1.1155	-1.1611	-0.2990	-0.8637	-0.6128	1.9801	1.1278	0.2057	0.3402	-0.9458	0.0392	0.7656	-1.0818	-0.6629	-0.9694	0.7378	-0.1247	-0.4447	0.5570	1.0305	0.5002	0.3062	0.5308	1.1853	0.2667	0.4206	-2.1470	-0.1097	1.2265	-0.1165	-0.1333	-0.1769	1.0405	-1.1310	1.8760	2.0326	0.0544
0.7484	0.7722	-1.0827	-0.5722	-1.1436	1.6956	1.1800	-0.1948	0.1915	1.5997	0.3851	-1.4619	-1.0037	-1.6520	-0.8862	0.8113	-0.5036	-1.0783	-0.2258	-0.5032	-1.8757	0.6085	-1.9740	-0.7246	0.6023	-1.2026	-0.5249	-0.0640	1.0757	-1.3132	0.7296	0.7337	1.1771	-0.2273	1.0073	0.2347	-1.0661	1.3393	-0.5003	-2.8061	-0.9340	-0.5404	1.5946	1.2599	0.1788	-1.8994	-0.6310	-0.1209	0.5563	-0.7971
2.3076	-0.2537	0.8682	-0.3987	0.3037	-1.8094	0.7415	-0.1918	1.4468	-0.2105	-0.6802	0.4850	0.3893	1.5067	-0.6338	-1.5040	0.5072	-0.1215	0.5223	-1.2989	-1.6333	1.1148	1.0775	0.5143	-0.2177	0.2971	0.4085	-0.3151	1.3482	-0.6928	0.9437	-0.4316	-0.6375	-1.0233	-0.4482	-1.1340	-1.7530	0.4332	0.8306	-0.3192	0.3164	2.1453	1.2430	1.1951	-2.1361	-0.5081	0.0807	0.5135	-0.1358	1.4193
-1.5841	-1.3041	1.2117	-0.0820	-0.1066	0.2783	-0.0732	-1.5797	1.0388	0.4914	0.0035	0.7804	-2.3379	2.1744	-0.8303	1.5597	-0.5536	0.6694	-0.4916	1.3589	-0.5634	0.8242	-0.3617	1.4009	0.3944	-1.7442	0.8053	-1.7075	-1.0646	-0.0891	-1.0008	0.4585	-2.0044	-0.2226	0.7322	0.2553	2.0800	1.5412	-0.1577	0.1502	-0.4853	0.6809	1.0019	-0.3060	0.3996	-0.0980	2.5100	0.0251	0.1608	-0.7420
0.3196	-0.3596	0.7569	0.8686	-1.0004	-0.8249	-1.6004	0.1962	-0.5569	0.2952	-0.0436	-1.3028	0.4539	1.3212	-0.1524	0.0076	0.1376	-0.0129	-0.5102	-1.7840	0.3624	-0.0815	0.6064	-0.7112	-0.0120	1.4082	1.6647	-0.7085	0.3010	-0.1186	-0.4955	0.0766	-0.1566	0.6002	-1.6941	0.1446	-0.6542	1.6120	2.3778	-0.6062	-0.6759	-0.2156	-0.5820	-0.7952	0.7829	0.6036	1.2781	-0.2157	0.3669	1.3471
-0.4300	1.4067	-0.6639	0.2195	-1.2559	-0.5540	-0.8924	0.4818	0.5679	0.1875	2.3464	0.5968	-2.2078	0.0977	-0.1356	0.5582	-0.2050	-1.0075	1.0534	0.4244	-0.6573	0.2884	0.0047	-1.8352	-0.3914	0.1234	0.4230	-1.0416	-2.2463	-1.5510	-0.5643	0.4695	1.8040	0.3636	0.7489	1.7288	-1.1328	-0.3383	-0.1335	0.9404	-0.9757	-0.4051	0.2645	0.9298	0.3072	-0.6827	0.1202	-0.8886	-1.4241	-0.4718
-1.9382	-1.7093	1.2603	0.0162	-1.6384	-0.1329	-0.8873	1.5641	1.5846	-0.2963	0.7499	-0.0709	0.0961	1.1672	-0.7638	-1.6161	-0.1052	1.4760	0.9178	-1.9112	0.2947	0.3026	-0.3788	0.0643	-0.3225	-1.3971	-0.8984	-1.1251	0.2799	-1.7570	0.7342	0.1962	-0.6271	0.8607	0.6244	1.3639	-1.3305	1.0810	0.1725	-0.7949	-1.0703	-0.1323	-0.7664	0.5786	0.1698	1.5658	1.3683	1.4757	-1.5663	-0.3547
-2.0535	-1.3957	1.8908	1.8162	0.5146	1.0015	0.7910	-0.7582	0.2022	0.1524	0.4709	-0.7091	0.0070	0.3006	-1.0982	0.5326	0.7434	-0.8007	-1.7597	-0.4495	1.6505	-1.2303	-0.3107	0.9355	-0.6085	-1.3732	-0.5126	-1.3230	-1.1520	-0.2939	-1.7601	0.5345	-0.8087	1.9294	-0.8427	0.5681	-0.4962	-0.4367	-0.7029	-1.3784	-0.8803	0.2786	-0.1926	-1.4263	0.0552	-0.7850	-0.3070	0.1933	-0.9094	0.8505
-0.3437	-1.6628	1.1610	-1.0670	0.3347	-1.8812	1.6017	0.1514	-0.3481	-0.2594	-0.1207	-0.6957	-0.9506	1.9247	1.5945	0.1460	-1.1518	-0.2827	1.1442	0.1436	1.5079	0.7769	-0.2341	0.5508	0.1289	-0.5559	-0.0952	-1.3661	-1.0474	0.0197	0.0662	0.0509	-1.0576	-0.8292	1.4273	-0.9710	0.0483	0.2209	-0.8608	0.2238	-0.3912	0.9089	-0.6769	0.9195	-0.9155	-0.8924	-0.1338	-1.5390	-0.4070	-1.7778
0.3667	0.5785	0.8577	-0.4419	-1.4710	-0.3820	-1.0445	-0.1306	-0.6766	-0.8330	-0.2351	0.3499	-0.3857	0.4700	1.0431	-0.6181	0.9971	-2.1534	0.2461	1.2535	-0.2508	-1.9349	0.5462	-0.6235	-1.7017	0.8489	2.0113	0.1793	-0.2038	0.9395	0.3384	0.4393	-0.7205	-1.7146	0.3881	-0.7037	-1.2481	-0.1754	1.1022	-1.2432	0.8881	-0.3179	0.0207	0.8089	-0.8980	1.4043	-0.3281	-0.8857	-0.8849	-0.1360
1.5881	-0.4829	-0.2675	-0.2188	-0.1478	0.8068	0.7599	0.2419	1.1519	-0.0982	-0.9674	0.4509	-1.4090	-0.2319	0.6699	-0.2331	2.1543	1.4670	-0.6373	-0.3944	-0.4313	1.2956	0.3062	-0.2672	0.6382	0.0788	1.3274	0.8310	-1.0804	-0.2963	-0.8637	0.3656	1.1503	-0.4278	0.8166	-0.1766	0.6537	-2.0579	0.5242	-0.9473	-0.3542	1.4587	0.3970	0.8256	0.6542	1.6048	-1.8290	0.3358	0.4134	2.1236
0.0910	1.6813	0.6814	-0.5902	-1.5630	-0.9101	0.5718	-1.2422	2.3889	-1.5952	-1.0022	0.7662	0.4562	-1.6536	0.1903	-0.1913	0.9485	0.5938	-0.5807	0.2030	1.5602	1.8809	-0.6612	1.2846	-2.1551	-0.8334	1.2697	0.8576	0.9214	-0.8472	-1.1779	0.3128	-0.9552	-1.2447	0.5814	0.4974	0.5843	-1.1206	0.9338	-0.0272	-1.4363	-1.3628	0.8308	-1.3851	1.1844	-0.6054	-1.0659	-0.3799	0.7314	0.4981
-1.0373	-1.4113	-0.3126	-0.2593	-0.6735	-0.3041	-0.3533	1.3520	1.5938	-0.4622	-1.4529	0.6173	-1.1972	0.3817	0.8474	0.4475	-0.5708	-0.9359	-1.1576	-1.0595	0.0287	0.1329	0.5043	1.5080	-1.4011	0.0995	1.1895	0.1796	0.2981	-0.5348	-1.5248	-0.5849	-1.1392	-0.7101	2.2787	0.7467	-0.6076	-2.2235	-0.1015	-0.1366	0.2429	-0.7303	-0.6229	-0.1924	0.8786	-0.6049	-1.4156	-0.6874	-0.2555	-0.7312
0.0952	-0.2584	0.5807	1.1352	-1.8148	-0.6994	-0.3014	-0.0414	-0.1166	-0.2093	-0.1193	-1.0372	-0.3475	1.1080	0.3769	1.5070	-0.6715	2.1549	-0.8046	-0.0807	0.6654	1.1890	0.8733	-1.3153	0.4059	1.7784	-0.8563	0.2120	0.1221	-1.5541	-1.0561	-1.2427	0.7672	0.1095	-0.8516	-0.8135	0.2167	0.9582	1.1148	0.5406	-1.6391	-0.1901	2.7326	-1.3378	-1.4224	-0.4814	1.2894	1.3988	-0.8307	1.2364
0.9854	1.9525	0.0062	0.1941	0.3522	0.2673	-0.0513	0.0930	-1.2830	-2.4646	0.3841	-0.0380	-0.6561	-0.0597	0.1400	0.1815	0.1488	0.4770	-1.1268	-1.0596	-0.2240	-0.7403	0.3921	-0.3045	-0.2390	0.1064	-1.4475	0.9885	0.0068	-1.2451	-1.1663	0.2494	0.4179	-0.9918	-0.3626	1.6908	-1.4745	1.7313	-1.1107	-0.5688	0.0363	-1.5903	-0.4257	-0.0206	-0.4542	0.0855	-0.1462	1.1312	0.2028	-0.8969
0.5287	-1.3381	-0.9354	-0.0188	0.2697	0.2136	1.0755	-0.8011	0.2175	0.5003	-0.2289	-0.4021	0.6751	-0.3683	0.2991	2.2789	-0.2206	0.6996	-0.0765	0.0420	-2.3270	0.2014	-0.2507	1.8252	0.3276	1.5098	-0.5642	0.9421	0.9383	-0.1916	0.1321	0.0090	-0.3380	1.4757	1.1754	-0.0935	-0.7596	-0.3528	-0.8740	0.5652	0.4000	-0.1936	0.0035	-0.9232	-1.3811	-1.5124	-1.9261	1.6750	-0.3698	0.4469
-2.0191	0.3809	-0.4333	0.3449	-0.5246	-0.7794	-1.6610	1.3048	0.4790	-0.6455	-0.5314	2.0991	-0.8273	0.2053	-1.7097	-1.5704	0.2551	1.1450	-0.8903	0.7015	1.9387	-0.9219	0.6777	-0.4061	1.0170	-0.0165	-0.7464	0.5535	-1.1241	0.9623	1.4739	0.5249	0.0608	0.6387	0.8418	1.2186	0.1613	0.3688	0.6836	-1.6935	-0.2433	0.2305	0.6887	1.4096	-0.2301	-0.1714	-1.3946	0.4519	1.2602	-3.2974
-0.7553	0.0321	0.4371	0.3400	0.3553	-0.0132	-0.7321	-0.0842	-1.0998	-0.4951	-0.4505	-0.4041	0.9138	-1.0381	-0.6868	2.4985	0.0618	0.5997	-0.8040	-0.0032	-0.0747	-0.4810	1.5733	-1.2892	-0.8082	-0.5358	0.2786	-0.5825	-1.1343	0.1448	2.3054	-0.7658	-0.1702	0.7537	-1.1155	1.0639	0.7268	0.5613	0.2562	0.6527	-1.3529	0.2862	-1.3583	-2.2374	-1.2102	-1.4134	0.6291	0.9497	2.5302	-0.4917
-0.7053	-2.0300	2.6364	-1.3782	1.1365	-0.9515	-1.8550	1.8677	-0.2516	-0.2650	-0.0262	1.0921	-0.0531	-1.1491	0.3387	0.0905	0.9692	1.1319	1.1670	0.3688	1.5245	0.4645	0.6659	-2.7586	-0.1873	-0.3273	1.6724	1.3568	-0.5725	-0.5107	-0.7508	1.4762	-0.5208	-0.9526	-0.4220	-1.3219	-1.5080	0.9635	-0.7536	-0.6923	1.4073	-0.6141	0.7906	0.9696	0.7017	-1.9141	0.8311	1.8008	1.0878	-1.2630
0.7953	0.3815	0.5888	-0.4115	-2.0531	-1.1083	0.4107	0.9026	-0.3129	-1.0138	-1.6714	2.0063	-0.2478	-0.0779	0.8719	-0.3367	-0.4013	-0.7856	-0.7472	1.8007	-0.8219	-0.4640	-0.0911	1.3254	0.0281	0.7236	-0.6748	-1.3160	1.6711	0.7309	0.6273	-1.4778	-0.9177	-0.9307	-2.4246	-0.2928	0.7394	-0.2733	-0.9413	0.0507	-0.9383	-0.2758	0.2507	-0.0666	1.1074	-0.6765	0.0217	-0.5309	1.2549	0.9857
-1.3517	0.3282	-1.2073	-0.1080	0.0498	0.0357	-1.1647	-0.2998	-0.1983	-0.1302	-0.0057	-0.5985	0.4232	0.5583	-0.7317	0.4434	0.3696	-1.6982	0.9061	1.3439	2.4292	0.4549	-1.1693	-1.8749	1.7126	0.6327	1.5256	-0.4460	1.0819	1.5684	0.5043	-0.3229	-1.1922	-0.0088	0.9965	0.7585	1.2882	-0.9208	0.8502	0.5159	1.1573	-0.4606	0.3038	0.3582	-0.6512	1.2511	1.3283	-0.0098	-0.7037	-0.3611
-1.0429	1.5294	0.9706	0.0554	0.4356	0.6677	1.1721	-0.0594	-1.4005	0.1455	0.2753	-1.3008	-0.0073	0.6636	0.3024	-0.9854	-0.3511	1.1958	0.0307	-0.0693	-0.7387	-0.1257	-1.2274	1.1793	-1.3368	0.0918	-1.8394	-0.8658	-1.1467	1.3304	-0.7400	-0.1936	0.2678	0.1166	-0.8649	-1.6041	0.4049	-1.3010	0.3534	0.1622	-0.7130	-0.4714	1.1198	0.8876	-0.4395	0.2060	-0.4699	-0.6270	-2.4878	-0.1688
-2.4782	1.2453	1.1294	-0.0187	0.5162	0.6879	-0.2050	0.0128	-0.0104	-0.0191	-0.8459	-0.0122	0.5466	0.2409	0.3133	0.4808	-0.6532	0.7772	0.2232	0.6900	-0.0798	-1.8071	-0.1490	1.2880	-0.9860	-1.1087	-1.4956	0.3386	-1.6845	-0.3180	0.0990	1.2048	-0.3384	0.5801	-0.7646	-1.2150	1.1908	2.2643	0.5792	0.9092	-0.4085	0.6325	0.1887	0.4538	-0.4352	1.9528	-2.1761	-1.7225	-0.5310	0.6379
-1.2222	-0.7591	-0.5922	0.7890	1.4242	1.1339	0.2186	-0.3116	1.6900	-0.4688	0.4943	0.4046	0.9416	0.4831	-2.6770	-0.3990	-1.1624	-0.7719	0.3133	-0.2270	0.1534	-0.0421	-0.8520	1.2676	0.3575	-0.8936	1.2975	0.4814	-0.3056	0.0477	1.9800	1.5726	-0.4654	0.7179	-2.7923	-0.6153	0.9080	-1.8175	-0.4446	-0.2743	-1.7482	0.0282	-0.4577	-1.0256	-1.6043	-0.1161	-1.4856	-1.9581	1.6289	-0.0824
-2.8205	0.5605	-0.0607	-0.2623	-2.8696	1.4784	-0.4627	1.4428	-2.5981	0.6870	-0.3839	1.6245	-0.4341	0.1727	0.0773	-0.7504	-1.5646	0.1199	-0.7479	-0.4252	-1.4650	-0.3996	0.3343	-0.0964	-1.2834	-1.4964	0.3387	-0.7659	0.0798	-2.1120	-0.6086	0.8492	0.5309	0.5585	0.5420	-1.4995	1.3057	-0.5039	0.3494	1.0934	-1.5184	-0.5371	0.5996	0.3616	-0.2932	2.2455	0.3478	-0.6055	-1.3373	0.2941
1.0388	0.2661	0.5700	0.8646	-0.6779	0.6704	-2.1854	-0.2440	-1.3407	-0.2688	0.8279	-0.6244	1.7163	-0.9401	-1.1055	-0.1557	-0.5942	0.1688	0.3175	0.9033	-0.8028	1.7371	-0.4312	1.3521	0.9485	1.1893	1.2327	0.4657	0.3567	0.0954	-0.9317	0.6039	-0.4341	-1.1092	-0.9034	0.4951	0.1936	-0.1787	0.4589	0.6847	-0.9825	1.6511	-0.5351	-0.0264	0.6614	-0.7228	0.2215	0.7067	-0.4090	1.3272
0.8592	0.1403	0.4428	0.7292	0.5737	-0.1377	0.1719	-0.6249	0.0407	-0.1550	-0.2190	2.0129	0.6572	0.2836	0.4303	-0.0736	-0.7936	1.8847	0.4440	-1.0404	0.3042	1.0969	-0.1481	-0.8744	-0.9323	-0.7690	-0.3518	0.2759	0.3285	1.2309	-1.4890	-0.8635	0.5940	-1.7830	0.0927	-1.3388	2.7879	-0.1394	0.4097	0.8564	0.9761	-1.6896	-1.1361	-0.5827	-1.3960	0.2796	0.5031	0.1810	1.9717	0.1221
0.5078	1.7969	1.1070	-2.0862	-1.0530	0.7294	1.0109	0.9655	0.4790	1.5881	0.6469	-0.7350	0.4628	-2.3456	1.6952	0.4697	-0.5825	0.2316	0.4324	-0.6074	1.4646	0.6635	-0.7727	0.5172	0.0549	0.0815	0.6952	1.1903	0.8000	-1.8909	0.8543	-1.0082	-0.1261	-1.3819	-0.6972	1.3206	0.6742	-1.0735	-0.2598	0.6473	-0.6409	0.8976	1.7228	1.2437	0.2516	-0.6603	-1.6292	0.7240	1.8334	-0.2326
0.4223	-0.3987	0.9947	0.0739	-0.4390	0.6558	0.0032	2.0337	0.6936	-0.8269	-1.6522	1.5092	0.2696	-2.0661	1.5581	-0.1492	0.4022	1.3892	-0.1614	-0.9895	1.3258	-0.5866	-1.5506	2.1161	1.8035	0.3324	-1.2492	0.9745	1.6525	0.5061	-1.5618	-1.5834	-0.7167	-1.0446	0.8287	1.3955	0.9353	-1.0364	-0.4742	0.9227	-0.8642	0.2810	-2.4891	-0.5619	0.9161	-0.4039	-0.2030	-0.6124	-0.3736	0.9939
-2.3858	0.0202	0.4386	-1.9631	-0.5417	-0.5897	-1.7002	0.8245	-0.6602	0.5803	0.5637	-0.7321	-2.6870	1.6414	-1.4523	0.2270	0.7337	-1.4991	-0.8388	-0.3053	0.9678	0.0151	0.8135	0.0666	1.6767	2.2173	-0.6864	-0.3943	1.2133	-0.4325	0.7205	0.4007	1.1313	2.5115	-1.6385	0.1964	-0.2404	-1.0048	0.1156	1.6145	1.5473	-1.2605	0.4259	0.3192	-0.4825	0.7795	0.4653	-1.4515	-0.0663	-0.0372
-0.5764	0.7565	0.8838	-0.0429	1.0909	0.4943	-0.2107	0.9573	-0.1111	1.5390	1.3113	2.7651	0.4166	-0.8507	-0.3365	0.5281	0.2723	-0.5362	-1.0651	-1.4616	-1.3055	-0.6383	0.0324	0.3607	0.6854	0.9152	1.0444	0.8295	-1.6989	0.7414	-0.5629	-0.3078	0.1190	0.8594	-0.5687	-0.3832	1.0774	-0.5901	0.6803	0.4598	-0.1587	-0.7907	0.2197	-0.7871	0.4541	0.0004	1.1069	0.8068	-0.7132	-0.0040
0.4888	-0.4710	-0.3092	-0.2563	0.9120	-1.0768	0.5331	-0.4112	1.1115	-0.0312	-0.7996	-0.0661	-0.0784	1.2063	-0.0898	-1.1814	-0.7735	-0.0420	-0.1876	1.1533	0.1292	0.2197	0.9196	2.5630	-2.0484	0.3903	-0.5813	0.7558	-0.4184	-0.6351	2.0422	-1.5605	-1.3358	-0.1113	-0.3926	2.0751	-1.3845	1.7994	-2.6982	-0.8223	0.0726	-1.7901	-1.7156	0.9107	-0.6030	1.4847	-0.6168	-0.0370	0.0530	0.4157
1.0693	0.4517	0.6734	-1.7856	-0.0033	0.9061	-0.6143	-1.9962	1.3938	-1.0089	-1.4116	0.2607	1.6690	-0.1460	-0.0103	-2.5573	-2.3155	-1.5891	-0.7306	-0.0874	0.9641	0.4526	-0.2847	0.4878	-0.0996	0.2313	0.4267	1.9192	1.0099	-2.1625	0.0381	1.8998	-0.7331	-1.5998	-1.1178	1.1436	-1.0025	0.8421	-0.7203	-2.1083	0.6047	0.2282	0.9824	0.1324	0.7351	1.1841	0.7976	0.5225	0.2669	-2.9676
-0.0514	0.1091	0.4119	0.2543	1.3507	0.5149	-0.7451	-0.4416	0.4013	-0.7308	-0.6614	-1.1817	1.4622	1.3714	-0.2785	0.4387	0.5008	0.6381	0.7154	1.5378	-0.5132	0.6497	2.0409	-0.6769	-0.0295	1.8700	1.1672	-1.6248	1.3997	-0.4343	0.8817	0.6323	0.0404	-0.6283	0.3545	0.2416	-0.7701	0.2622	-0.6228	0.2945	-1.1786	-1.0520	0.4045	-0.4077	-0.3591	0.3249	-1.4989	-1.0652	0.4218	0.8451
-0.8842	1.6608	-0.9321	1.2112	0.6052	-1.3471	-0.3720	1.1000	1.2505	1.1813	-1.4399	-0.9108	2.2359	0.6638	-0.0198	0.2564	-0.1083	1.7808	-1.0574	-0.8074	-0.0805	-0.3375	-0.1990	-0.8300	-0.7239	1.6147	0.7785	1.3098	-1.1078	-0.2288	-0.2989	-1.7522	-1.4755	1.1294	0.7586	-0.1443	-1.3301	-0.1729	0.5067	-0.6911	0.3365	-0.7347	0.1457	0.8324	0.7452	-0.8853	0.3595	-0.3491	-0.1944	-0.6650
1.7915	0.6671	-1.1583	-1.8198	0.2388	-1.1123	2.4934	0.4763	0.6517	-1.1584	1.3007	-0.3267	1.1117	-1.0503	0.3083	-1.0136	1.9503	-1.3054	0.1757	2.8404	2.8894	-1.0048	0.7388	-0.0772	-0.4792	2.4273	0.6518	-0.2034	-0.6313	0.9971	2.3678	-0.6195	0.1892	-1.3534	0.9668	1.0391	-0.7778	0.6801	-1.4520	0.5586	1.0680	-0.4731	-0.6396	-1.3955	-0.5339	-0.9228	-1.0727	-0.1628	0.2013	-1.0376
1.1379	-3.4519	-1.9776	0.8042	0.1695	1.4666	1.2530	-0.6128	0.6239	-0.6645	-2.1202	1.9991	0.1034	0.8180	1.0153	-0.1670	-2.4154	0.0152	0.7835	-0.6613	0.0299	-0.5720	-0.5688	0.3115	1.2440	-0.7028	0.4831	1.8462	-0.3378	1.3464	1.3100	-0.9056	0.4263	0.1425	-0.5099	0.5541	-0.2068	0.0333	-0.4868	-0.0138	-1.3375	0.1865	-0.2344	0.9043	1.9177	-0.4508	-1.6989	1.2091	0.0199	-1.4994
0.0967	-0.2931	-0.6691	-0.5964	-1.2416	0.0641	-0.4439	-0.6491	-0.2390	0.8295	0.3079	1.2766	-0.3341	-0.6514	-1.2406	-0.5428	2.4032	1.1334	0.0808	-0.7838	0.3844	0.8640	-0.9000	-0.0030	0.8185	0.7389	-0.0866	0.7165	0.4768	0.6042	0.0623	-1.2103	-0.1344	0.2368	-0.1381	-1.2995	0.4807	0.3328	0.1860	-0.0190	0.0768	1.9572	0.4565	-0.8867	-0.8150	1.3655	-0.2340	0.2893	-0.2439	0.5108
0.2326	1.3716	0.3592	0.7860	-0.4132	2.2590	-0.6880	1.1359	-0.4791	3.2839	-1.9235	-0.3579	-0.3760	-1.3317	-0.0512	-1.6837	0.4401	1.5361	-1.4879	0.6797	0.7963	-0.6441	-0.3900	0.0272	-1.7119	0.1507	3.2349	-0.2593	-1.1597	1.7072	-0.4302	-0.2759	1.1850	-1.6123	0.6234	0.3129	0.3157	-0.0804	-0.0415	-0.5570	0.2953	0.4329	0.0591	-0.4703	-0.0106	1.1687	-0.6782	-0.3716	2.6651	1.2111
0.0924	0.7317	-0.7070	0.0131	-0.5458	-1.8636	0.9748	0.5667	0.6523	0.1692	0.9827	1.4137	0.1889	-1.0555	0.0169	-0.1889	0.3547	-1.3398	1.6287	-1.1494	-1.6110	0.5831	-0.6122	-0.4274	0.7721	0.9003	-0.9226	-1.1011	0.0020	1.3422	-0.4154	-0.2849	-0.9687	1.2991	1.0507	-1.3150	-0.5298	-0.7809	0.8741	-0.3305	2.1647	-0.2221	0.9053	0.2009	-0.5900	0.3549	1.8632	-0.4923	0.3274	0.6112
0.3573	-0.6139	0.1645	-0.1489	-0.2257	-0.6534	1.0121	0.7381	0.0394	-0.3133	0.5687	0.3103	-2.8758	0.7460	-0.6061	-0.9593	0.9842	-0.8034	2.1838	0.1437	-0.0885	-0.2644	0.4928	-1.1043	-1.5104	-0.8004	-1.1919	-1.6184	0.7931	0.3876	0.4711	0.9480	-1.5457	0.3046	-1.1166	-0.1022	-0.5404	-0.7631	-1.8285	-1.0144	0.5610	-0.1367	1.3040	-0.6847	-0.3055	1.0708	0.0818	0.4488	0.1319	0.4691
-0.2067	-0.2600	0.4474	0.9375	0.3851	1.5616	-1.0049	-0.5407	0.7247	-0.0174	-0.0275	0.2186	-0.0204	1.1179	-1.5612	-1.0489	-1.0108	-0.6002	-0.9356	0.5386	-1.2658	0.6754	0.7215	0.8767	0.4998	-0.8060	-0.6094	-0.0380	0.3262	-0.7387	0.5111	-0.0960	-1.0976	-0.1116	0.1583	-0.1185	0.1773	-0.3195	-0.8576	0.1388	-0.1460	0.7075	0.5135	-2.0986	0.5170	-0.6653	0.3260	0.4965	-0.2560	-0.2394
0.2738	2.1582	-0.1182	-0.5565	0.2450	-0.8590	0.0193	0.0701	0.7924	0.8044	-0.8379	0.1537	0.3363	-0.2431	1.9232	-0.2880	-1.9065	0.1506	-0.3964	0.9343	-0.0261	-2.1402	0.7223	-1.5875	-1.3983	-1.1734	-0.3428	1.1927	-0.5789	-0.6355	0.6138	-0.4709	1.3167	-2.0162	-0.1891	-1.1548	0.9793	0.4044	1.0701	-0.5365	0.5461	-0.3400	-0.5556	1.1848	-0.3020	0.1786	-0.1502	0.7572	0.1154	-0.5168
1.0767	0.3216	-0.4392	-0.6639	-0.4295	-0.7563	0.9697	0.8372	-0.6102	-0.2332	-0.8451	-1.2100	1.7666	-0.4278	-2.3857	1.8900	-0.6775	0.8665	0.1463	-0.9392	0.2431	0.2291	-2.3463	0.5797	-0.6937	-0.0732	1.1063	0.0897	1.8951	-0.9683	-1.3387	1.7122	0.0578	0.8466	-0.6038	-0.4134	-2.1900	-0.3519	-0.0410	-0.2094	-0.3318	-0.9276	-0.6658	2.3006	-0.1078	-1.1671	0.3304	-0.0636	-0.9033	-0.7615
-0.7689	1.0352	2.7037	0.7167	-1.8786	0.1375	-0.4358	2.9647	0.4893	-1.3276	-0.3573	0.1725	-0.0570	0.9234	-0.0489	-1.6518	-1.5517	1.4757	1.0323	1.3778	0.8006	1.2838	0.8841	-0.9584	-0.2430	-0.1642	-1.0854	1.4773	2.1483	-0.1530	-0.6546	-0.3817	-0.0272	1.7948	1.6360	0.6174	1.5192	-0.7265	0.6836	-2.1235	1.0403	-0.8895	-1.1342	0.4204	-0.4049	0.3342	-0.1484	1.8971	-1.7238	1.9262
-0.5713	-0.3969	-1.8168	-1.0953	0.0566	0.2279	-0.2824	0.4889	1.9319	0.6977	0.2431	-1.0801	-0.8418	0.2323	0.3366	-1.7085	-0.6163	0.1793	-1.3061	-1.2260	0.3380	-1.1307	0.0884	-0.2117	1.0638	-0.2765	0.2617	-0.1443	1.5459	-1.2021	-0.5978	-0.2687	0.5943	2.5741	0.0184	0.6804	-0.5194	0.1103	-0.1280	-1.2443	-0.4795	0.6524	-0.2807	-0.6601	0.9052	0.0177	-0.8958	-1.6044	-0.8287	-1.0687
-0.5668	1.2985	1.6860	-0.3196	-1.8604	-0.1886	-1.2558	1.2753	-0.8503	-0.7243	0.0696	0.0968	-0.3514	1.2085	0.0467	0.1494	-1.6550	0.4782	2.1728	0.3869	-0.9779	-0.0685	-1.0980	-0.2933	-0.6540	2.3076	0.1984	0.5729	-0.3167	-0.4209	-0.1837	2.3325	0.2684	0.0530	-0.4018	-0.2910	-2.0262	0.9411	1.1204	0.7547	-1.1567	-1.1087	0.8814	-0.4531	-0.6330	-0.1695	-1.6599	0.6418	-0.6876	-0.4235
1.7646	1.2992	0.6053	-0.2571	-1.4877	0.5386	-0.2211	1.0514	1.5678	0.5506	-1.7609	0.5058	0.1362	-0.2570	-1.9677	0.7330	0.8015	0.5125	0.4200	-0.0317	0.0657	0.4605	0.8877	0.3350	-0.8689	-0.5544	0.2952	-0.0421	0.7934	0.1279	-1.4599	0.9801	1.4689	-1.6982	-0.6556	0.2759	-0.0618	0.7735	-1.2246	-2.0084	-0.4440	-1.0847	1.4158	0.2772	-0.4135	-0.5312	-0.9697	-0.3683	-0.4897	0.3447
-0.3412	-0.5882	1.1591	1.0489	-0.3583	0.8905	0.0024	1.4660	-0.7381	0.5965	0.1697	-0.4079	-0.2420	0.3525	2.6768	0.9969	2.2539	-0.0541	-1.7882	-0.7572	1.0819	0.8934	-0.3104	0.8786	0.6639	-0.2573	1.4162	-0.0511	0.0449	-0.4350	-0.3835	0.2470	-1.3745	0.3761	-0.0345	-0.9617	1.0179	1.0805	-1.2303	-1.0749	-0.6420	0.0025	-1.2206	-0.5109	1.4998	-0.6039	-1.6272	0.9323	-0.6631	-0.5563
-0.6519	-0.6298	-0.4032	1.0882	1.2782	1.1521	-0.6883	-0.5883	0.2087	0.5530	-0.5272	1.2353	0.7849	0.7850	-0.4830	0.5293	0.3213	0.3989	0.6036	-1.1546	-0.5601	0.7215	0.8395	-0.1397	0.5332	0.7918	-1.5834	1.7148	1.8525	0.5047	-0.4633	0.8198	1.3668	0.9805	-1.8480	-0.3510	1.1424	-1.9436	0.5973	0.7811	-0.1135	0.2540	1.1162	1.1339	-0.0321	1.4740	-0.3450	-0.5211	1.0431	-0.0396
0.0037	0.7038	1.2637	1.6326	-2.2486	-0.2040	-0.5287	0.8619	0.2207	0.0916	-0.0542	-0.9880	-1.5133	-0.8527	-1.7568	-0.2538	1.2158	-1.0143	1.1934	0.4018	0.3698	1.3965	0.6722	-0.8440	0.8454	0.5388	-1.0924	0.6209	-1.1169	-0.1458	-1.0419	-0.2401	0.3956	0.1453	-0.6745	-0.2531	-0.2966	1.3287	0.1069	0.7158	0.1811	0.9390	0.8822	1.8391	-1.0343	-0.9454	0.2572	-1.6903	-0.2675	0.2501
-1.5627	1.2435	-0.9034	-0.9856	-1.3621	0.1981	0.2341	-2.1620	-1.1791	-1.7670	-1.3782	0.0596	-1.9620	-0.3657	1.6948	-0.1420	-1.7640	0.3490	1.1844	-2.6685	1.7819	-1.2501	0.3339	-0.5679	0.4372	1.5677	0.4927	1.0344	-0.3079	0.0399	1.4601	0.9707	0.8706	0.0845	-0.0967	0.8954	0.3522	0.4970	-2.0922	-0.0472	0.3705	-1.4325	-0.0140	0.0981	0.1013	1.1807	1.3867	-1.8707	-0.9824	-0.2756
0.2063	1.2029	-1.3422	-1.4591	-1.4684	-0.0476	0.2591	-0.3469	0.2729	0.9168	0.1514	0.4064	-1.0407	0.3240	1.8499	0.2851	-0.9294	-0.4358	0.7745	1.8260	0.1867	-0.8051	-0.2168	0.6227	-0.5750	-0.0920	1.5646	0.5353	-0.2481	-2.4292	0.2840	-0.7447	-0.2198	0.6342	-0.5954	-1.5577	0.7519	1.4304	1.2508	-0.5567	-1.2421	1.0175	-0.3435	0.4166	-0.0908	-0.9981	-0.0969	-1.0413	1.4663	-0.5673
-1.2743	1.1484	-0.5289	0.7268	-1.8794	-2.6953	-0.0911	1.1880	-1.2453	-0.2430	-0.4012	-1.5291	0.0229	-1.5584	-1.2216	-1.2417	-0.9587	1.2401	-0.2049	-0.4570	-0.3122	0.3544	0.5676	-1.0778	1.8094	1.6114	0.7281	0.7512	0.3308	0.4448	-0.5483	-1.3291	-0.5462	1.4411	0.2789	0.0394	0.5200	0.0174	-1.8857	-0.6177	0.5202	-0.6903	0.8750	-0.6142	0.6159	-0.6656	-0.8642	1.8484	0.3337	-0.8002
-0.8269	1.4678	2.1251	0.3000	0.7362	0.3231	-1.8809	-2.2745	-0.7691	-0.5501	-0.2541	-0.1431	0.1585	0.4297	-1.0042	-0.7623	0.1320	0.2035	-0.2004	0.8279	0.0367	0.2831	1.3133	-1.7138	0.2243	-0.7233	0.8730	-0.3148	1.3369	1.1621	0.3675	0.6915	-0.9831	1.5717	0.9630	0.7426	-0.5634	-0.5224	-0.2253	0.0842	1.3814	-1.1124	0.7214	-1.7244	-0.9978	-0.3648	0.3882	-0.4304	-1.2070	-0.7696
0.9205	-0.0074	1.3126	1.1920	0.3265	-0.1880	-0.3443	-0.3016	0.2379	-1.6906	-1.3000	-0.1773	0.9362	-0.5313	1.2508	1.7654	0.3912	1.0206	0.3280	-1.0068	-0.5684	1.2861	0.1090	-0.3495	0.6437	-1.3168	0.7539	1.1552	-1.6505	0.2688	-0.6378	-0.6731	0.6232	0.1390	0.0432	-1.2826	-1.4197	-0.2210	-0.2746	1.1750	-1.5517	-0.1082	-0.3469	-1.1603	-1.0472	0.3333	0.1223	0.1512	-1.6823	0.2706
-1.0011	0.3016	-0.7441	0.0753	-0.7340	-0.8924	0.8608	-0.0761	-0.4474	-0.8584	-0.9326	1.0190	-0.4828	1.4699	-1.0554	0.0331	1.2660	1.5261	0.2523	-0.7018	0.5671	2.3781	0.2864	-0.0575	0.9490	0.2487	0.5271	2.8312	-0.4524	-1.9615	-0.6688	1.5400	-0.8441	1.4079	0.2671	2.1772	-2.6425	-2.4714	0.8023	-0.6005	0.2575	0.5019	-1.3146	-1.6718	-0.0522	0.7794	0.7766	-0.2196	-0.1997	0.5037
-0.4333	0.1361	-0.9737	1.1194	-1.3964	-0.1344	-0.3900	-0.2611	-0.8980	0.3087	-0.3662	-0.2158	0.0573	-0.0785	-1.5041	0.0762	0.3295	1.8773	-0.4062	-2.2809	1.7648	1.2313	0.5203	0.3941	-0.7536	-0.8558	0.7323	1.5880	1.9959	0.2975	1.3095	1.7982	0.3494	0.9073	-0.0674	0.1443	-0.3780	-0.0645	-1.6074	0.1708	-0.8248	0.4613	-0.4929	-0.9506	-0.7672	-1.0911	0.1469	-1.8197	-1.4097	-0.1381
-0.2518	1.6068	-1.1164	-1.4839	0.3335	0.1165	0.4512	0.7165	-0.2869	0.7858	1.3487	-0.5937	-1.1084	1.2193	-1.4633	1.4805	-0.9357	0.3550	-1.2020	-0.3905	-0.2947	-0.3501	-2.0290	-0.1718	0.9008	0.3032	-1.8895	0.0325	0.8936	-0.7750	-0.6276	-1.7833	-0.9422	0.2157	0.1428	-0.6692	-1.8188	0.6549	0.4445	1.4246	0.7849	1.1822	-0.1934	0.2301	0.7795	0.9545	0.0530	1.0801	-0.4292	0.1171
-1.4932	0.4457	0.4961	0.0159	-0.0140	-0.6816	2.2770	0.5979	-0.1744	0.2435	-0.3394	0.2257	1.1809	0.9321	2.0292	-1.2721	-1.3567	-0.3208	-1.0106	-0.9599	-0.7393	0.1679	0.1037	0.0267	0.1798	0.0782	0.7612	0.0553	0.0282	-0.8251	0.0586	-0.3585	0.8319	-1.9466	1.9808	-1.1702	-0.7471	-0.7746	-1.8767	-0.6219	0.6052	-0.4683	0.3022	0.0555	-0.8729	0.0838	0.9124	-0.1624	0.2063	1.9274
-0.9493	-0.2379	-0.9020	-2.4846	0.1434	-0.4432	-0.4407	2.3121	-0.8765	0.2478	-0.1647	-0.2249	0.1526	0.2348	0.4004	-1.2930	0.2424	2.1618	0.8958	-2.5788	-0.1107	-0.5235	-2.3837	1.4292	0.3896	-0.7675	1.1190	-0.7513	1.0533	-0.2465	-0.4914	0.1387	-0.8670	-0.3528	-0.1120	-1.0981	-0.9683	-1.1067	0.4121	-0.2620	0.6803	-2.5204	0.2549	-1.4600	0.1714	1.7754	0.9170	-0.2326	-0.2996	-0.1465
-1.6330	-0.8560	1.0049	-1.3167	0.6226	-0.1908	0.6867	-2.0689	-0.8760	-0.1920	-0.5661	-1.7310	-0.2432	0.9488	0.5727	-0.3168	0.1220	1.3109	0.4526	0.9706	-1.3053	0.4509	-1.0724	-0.3358	0.5884	1.1851	-0.5730	1.0305	-0.8749	1.0313	-1.7595	-0.3414	0.0338	0.2319	-0.6648	0.7806	0.0180	-1.1150	0.5152	-0.2118	-0.3549	-0.7933	1.1643	-0.9081	-1.1948	0.9029	-1.0397	-1.2111	1.8945	-0.2004
-0.1487	-0.6888	-0.1985	-1.4942	-0.0733	-0.6486	0.8757	2.4850	1.5930	0.1964	0.6177	0.7299	1.4274	-0.6884	-1.3280	0.0121	0.3849	1.7709	-0.5640	-0.9907	-0.2932	-0.2500	1.0874	1.1497	-0.4835	-0.8837	-1.1171	0.1327	-1.4287	-1.4086	1.1391	0.6689	-0.2974	1.4076	0.5724	-0.9044	0.4019	0.4287	-0.0490	-1.3931	-1.5968	-1.0215	-1.5533	1.0177	0.2005	0.5224	0.1256	1.0206	0.9153	0.1042
-0.3411	0.1693	0.7143	-0.8828	0.2852	-1.0661	-0.1752	-0.5231	0.5099	-0.6343	-0.2236	-0.3486	1.5368	0.6169	-0.6068	-1.2781	1.4908	1.6324	-2.3573	-0.1840	1.0828	-0.0836	0.7664	0.8409	-0.8811	-0.1270	-0.5298	0.0447	0.6847	0.3997	0.8491	0.8115	-0.2476	-0.3091	-1.0384	0.3342	1.4774	-0.2202	-0.0002	-0.7296	-1.3276	-0.0097	1.0326	-1.0383	-1.9824	1.5743	0.4594	2.2755	1.2731	-0.7779
-0.0641	-0.2589	-0.4500	-0.6403	0.3844	-1.4542	1.0125	-0.1803	-3.3959	-1.2578	-0.9421	0.2586	0.8836	-0.3898	-1.2873	-2.3315	0.4076	1.0713	1.2869	-0.0691	1.8805	0.9161	-1.2716	-1.4318	-0.4095	-0.9477	-0.5749	0.7378	0.6338	-1.7103	1.0950	-0.8041	-0.5159	1.5873	0.3062	1.3501	0.1604	0.3864	0.4815	0.8454	-2.1491	0.1311	-0.0682	0.8260	-1.2007	-0.3546	-0.1693	1.0581	0.6118	0.2595
-0.9380	0.5952	-0.2207	-1.6383	1.4731	-0.3504	0.3116	-0.4968	1.0012	-2.4074	0.2135	1.0446	-0.4296	-1.4489	-0.6755	-0.1859	-0.0588	0.0347	0.0096	0.4302	-0.9606	-0.4661	-2.0982	-0.6666	1.5288	-1.2022	0.1649	-0.7076	-0.7802	0.4872	0.1339	-0.6011	0.6854	0.2866	0.7236	0.1747	0.7227	0.5901	-1.5795	0.0948	0.1412	-1.3814	-1.2582	-0.5196	-0.9875	0.1627	0.2920	2.8061	-0.6632	-0.0093
-1.2400	0.8990	-1.4445	-0.5414	0.5122	0.0605	-0.5976	0.7799	-0.6269	0.0043	1.4302	-0.8028	-0.5320	0.2113	-0.1149	-0.7597	-0.9819	0.2657	0.6758	0.6806	-1.9556	-2.9257	0.6809	-0.7937	-0.2321	0.6022	1.1757	-1.2297	0.4107	0.8695	-0.2885	-0.5528	-0.5174	-1.2427	-1.1550	-0.0097	-0.7745	-1.0422	0.9251	-1.2728	0.1925	-1.2224	0.6432	-0.0997	1.4336	0.1475	-0.5059	0.9693	0.3479	-0.2339
-0.1570	0.1791	0.8362	1.2972	-0.5253	-1.2739	-0.2653	-0.4264	0.8134	0.5409	1.1339	0.4262	-0.4238	1.3954	-0.3808	-0.6147	0.7069	0.2729	1.4602	-0.9465	0.5765	0.6385	-1.5690	-0.0741	1.3225	1.2309	-0.5643	-0.2414	-1.5880	0.0368	-0.2543	1.3535	-1.4440	-0.9866	-0.0316	1.0076	0.3642	-0.0356	-1.1242	0.6556	0.0488	-1.0229	-0.6029	-1.6839	1.2266	-1.5000	0.6889	1.1432	0.9225	-1.4093
-0.1351	1.1287	0.5022	-1.2598	-0.4115	0.5843	-1.2239	1.1399	0.1786	0.4314	0.1908	-0.5886	1.2817	0.3396	2.0974	-2.1191	-0.6798	0.1648	0.7649	-0.4779	0.5265	1.1174	-1.5914	-1.2619	0.3777	0.2485	0.4036	0.6437	-1.0111	0.7947	0.8080	0.1888	-1.3527	-0.6054	-0.6516	-0.1660	-0.8960	-0.3770	-0.3519	-1.6896	1.0114	0.5656	-0.0951	-0.3898	0.9156	1.0025	-0.2556	1.6576	-1.3700	0.4263
0.9346	0.0169	0.3930	1.9146	0.0765	-0.9593	-0.0395	-0.8351	-0.9424	-1.2573	1.5889	-3.1169	-1.3071	-0.6747	1.1075	-0.1853	-0.5943	-0.3266	0.6032	-0.9346	0.8590	0.8320	0.4322	1.4865	0.4314	-0.3198	-1.4444	-0.3999	-1.0169	0.1681	-1.7246	-1.2409	0.9477	-0.4372	0.7597	0.3788	1.2454	0.1698	-1.2328	1.1711	0.2526	-0.4677	0.0628	-0.5813	1.1139	0.0964	-0.5727	-0.6489	0.4245	-1.2452
0.1999	0.1288	-0.0962	0.3121	-0.3238	0.7454	-1.2847	-0.1561	-0.6061	-0.3257	-0.5597	-0.1764	-1.1293	0.4218	1.2188	-1.5609	1.2091	-1.8694	-0.0194	-0.7494	2.0714	0.8078	-0.3831	1.0114	-1.0469	1.0866	0.9334	-0.8034	-0.0902	-0.5838	-1.5658	1.1492	1.7645	-0.6276	-0.5346	0.7738	-1.6806	1.3829	0.5766	1.1495	0.0638	-0.0441	-0.3457	-0.5531	0.0795	0.1285	0.0944	-0.6462	-1.9571	-0.6688
-0.1024	-3.1700	-1.4208	-1.2181	0.7188	-0.1931	0.2260	0.8186	0.4383	1.3318	-1.2669	-0.0870	-0.7586	-0.0011	0.5065	0.8577	-0.6775	-0.4361	1.2315	1.5995	-0.0381	-1.2997	0.8773	1.9582	0.7879	-1.1520	0.1477	0.5720	2.2608	1.0997	0.0632	1.7389	-1.1365	0.3018	-1.0774	-0.2828	0.2821	-0.3742	0.0140	1.2923	-0.0708	0.4171	0.4821	1.1489	-0.0524	0.1320	-1.1048	0.4662	0.1361	-0.6531
2.3913	0.7653	0.0149	-0.1506	0.6399	0.0405	-1.2948	1.2862	-0.2435	-0.8546	-0.8749	-0.3364	0.9721	-0.1766	-0.3868	-0.0153	0.9227	-0.4769	-1.1864	-1.0504	-0.2264	-0.9315	-1.0918	-0.9783	-0.1618	-0.3374	-0.5843	-1.3191	0.2618	1.0070	2.0578	0.1812	0.7519	-0.2749	0.0881	1.3685	-1.3944	-1.9292	0.3305	-1.7103	0.5208	-1.7959	1.0159	0.2274	0.0337	0.0283	0.4139	-2.2218	-0.5341	-0.3041
0.4520	0.3752	1.9023	0.5783	0.0555	0.8287	-0.7423	0.6697	1.3840	-0.9777	2.2403	-0.0392	1.8600	0.4652	-0.6850	-1.3623	0.1898	-1.1722	1.4569	0.0464	2.0386	-0.5462	-1.1595	-1.1865	0.5436	1.0307	-0.8498	-0.8559	0.9337	-0.2524	0.7976	-0.3016	0.7311	0.4828	-0.3778	-1.5252	0.5472	0.7835	-1.0610	-0.8289	-0.6092	-1.4157	0.5209	0.5400	0.0756	0.1428	-0.7678	0.6330	-0.4766	-0.8709
2.2594	-0.3352	0.6757	0.8527	-0.7304	0.2892	0.2461	1.2074	1.1033	-1.8922	0.0734	-0.1304	-1.1888	0.7316	-0.4569	0.8244	-0.1655	0.2496	-0.2618	0.6294	1.1593	-0.3646	-0.3513	0.6612	1.1927	0.9985	0.3765	-1.0994	0.1783	-0.9784	-0.3811	-0.1671	1.8582	0.9728	-0.3047	0.6251	-0.2082	0.1590	1.0845	-1.0006	-0.1552	0.4502	-0.2443	-0.3447	0.7372	0.4912	-1.4838	-0.0273	1.8434	-0.1266
0.5031	0.7285	-1.1989	0.4111	-0.2130	-0.5774	1.9374	-0.9009	-0.9976	1.0139	0.3777	0.2154	1.4994	0.4424	-0.1102	1.0340	-0.7824	-0.6415	-1.1589	0.2362	-0.4200	0.6620	0.7982	-0.3605	0.5459	-0.9549	0.3839	-0.3523	2.1620	-2.1667	0.0732	0.0405	-0.8683	-0.0787	-2.4783	-0.8685	0.3137	-0.0066	-0.2981	0.5117	-1.3115	0.0809	-1.9765	0.0039	1.1890	-0.2106	0.9470	0.5058	0.6048	-1.1900
0.4804	-0.6600	-0.6036	0.5307	0.1059	-1.7488	-0.0130	-0.5995	-1.0303	0.7957	0.0282	-0.1579	0.9379	0.5017	-0.9277	0.4331	0.1718	1.8877	-0.3305	1.5877	-0.2935	-1.9541	1.4191	0.2658	-1.6138	-2.0181	-2.0220	-1.0611	0.1673	0.4446	0.8298	1.0866	-0.2552	0.0305	-0.2372	-1.9239	2.0430	-1.5508	-0.3182	0.3370	-0.7773	0.5954	-0.2701	0.7474	-0.0346	0.3873	0.0410	0.0737	-0.6930	1.6018
-2.0947	-0.5120	-0.6198	0.2857	1.7589	0.8399	0.1751	-0.6781	0.1719	-1.0612	-0.0232	-0.4593	-0.3495	-0.1514	0.1092	0.5105	-0.9632	0.9869	0.9568	-1.9188	-1.5120	-1.1758	1.6331	-0.4196	-0.5450	0.9021	1.7166	1.6188	1.1680	-0.3179	-0.5884	2.7128	-0.1251	0.5345	1.0687	-0.4010	-1.8768	0.2364	1.1778	0.1450	0.9568	-0.3208	-1.9818	0.7043	3.2297	2.3208	1.7595	-0.4124	-0.0135	-0.4255
1.8516	-0.1803	-0.6461	0.1627	1.4544	0.1923	-0.4055	0.4350	0.5262	0.3562	-0.9370	-1.6232	0.0650	2.1224	1.0781	-0.0127	1.4075	0.8406	1.5152	1.5317	1.6829	0.7129	1.0797	1.5687	-0.6451	0.1670	0.6841	-0.6834	0.3548	0.2554	-1.5690	2.0953	1.2461	-0.7498	-0.3543	0.4529	-1.2214	0.2037	1.8100	0.9467	-0.9558	0.2223	-0.5125	-0.4351	-0.2030	-1.0737	0.8153	0.2376	-0.6037	-0.1010
-0.5031	1.2964	0.3731	0.7930	-0.4150	0.1148	1.2569	0.7077	-1.1775	-1.1759	0.7330	-0.6036	0.5622	-0.6779	-1.1222	-0.6686	-0.7237	-0.1822	0.9838	0.9396	1.0153	2.2492	1.8415	1.0437	-0.1317	1.2592	-3.4509	1.3419	0.2010	0.9206	0.2922	1.6959	0.7767	0.1172	0.1869	0.6618	-0.8340	-0.2055	0.7785	-0.2675	-1.9299	2.6779	-1.6583	-0.4130	1.1008	0.6315	-0.0019	0.8763	0.9536	-0.4289
1.4558	0.3496	0.9126	-0.2036	0.3644	0.8770	0.5486	-0.8958	0.2292	0.7639	0.9373	0.5088	0.9515	1.3480	-0.5247	-0.6732	-0.5205	-1.3224	-0.3031	1.6169	1.5194	2.1623	0.0931	1.0852	0.1429	1.1073	0.1173	1.7560	-1.7887	-1.7596	0.6662	0.7825	-0.8211	0.3362	-0.6408	0.9571	-1.7357	-0.0991	-0.3573	0.9291	-0.0003	1.3709	-0.8957	0.2038	0.0361	0.9861	-1.2294	0.3395	2.1854	-0.5722
0.2700	-0.5545	-0.9584	-0.8107	-0.0839	0.8416	-1.7549	-0.1638	1.3376	0.7337	-0.3782	1.5149	0.5163	-0.6365	0.7109	0.2576	0.4717	2.2242	1.5233	1.7312	0.8465	1.2239	1.4102	0.0392	0.1507	0.3477	-0.4755	1.9703	0.1835	-0.8987	-0.3921	1.6029	-1.9834	0.6682	-1.0656	-1.9374	1.6170	1.1190	0.5923	-0.9538	1.8884	-0.1752	2.1000	-0.7252	-1.3572	1.3084	-1.1131	-0.0098	-0.6587	-0.9234
-0.4494	-0.0505	-2.3298	2.8243	0.5778	0.0282	-0.2114	-1.2161	-1.0456	0.3179	0.7807	-0.2848	-0.7983	1.6992	1.2323	-2.2724	-0.2152	-3.3418	0.9386	0.7996	0.5065	1.1936	1.7995	0.1468	1.3523	0.7182	-0.4472	0.0226	0.3709	-0.1048	-0.0815	-0.2321	0.5345	-0.7696	0.2899	-1.8059	-1.1722	0.4390	-0.0094	1.0167	-0.6249	1.6895	-0.1764	0.5888	-1.2091	0.8551	-2.5024	0.7945	-1.3433	0.3652
-0.2671	-0.0530	-1.8737	-1.4232	-0.0735	-0.7318	0.0897	0.6079	2.0055	1.6121	1.9673	0.3938	-1.5801	-0.9130	-0.3076	0.9040	1.1514	0.9093	0.4075	0.2763	-0.5451	-0.0197	0.4888	-0.3427	1.0895	1.0780	0.2429	-0.5357	2.2668	0.8537	-1.9995	-1.0671	-0.5483	-0.0695	-0.9558	1.1633	-0.5149	-0.5605	0.1217	-0.0294	-1.0585	1.5353	0.1161	-3.2032	-0.6342	0.4817	2.8022	-0.5497	0.4161	-0.6819
-0.0283	-1.4522	0.7091	0.8405	-1.5641	1.1715	0.3490	-1.4393	-0.2791	0.4261	0.2652	-1.0856	-1.2435	1.8643	-0.9724	0.8021	-1.2069	2.1046	-0.5434	0.6960	-2.1631	-0.1206	0.4169	-1.5676	-0.4483	1.5826	0.3414	-0.4017	-0.5087	0.7479	0.9871	0.0212	0.4756	-1.1796	-1.1756	0.0563	0.0221	1.2833	0.6582	0.5836	1.5319	0.9127	2.3884	-0.3074	0.4773	-1.1045	0.1288	2.0790	-1.7905	0.1824
-0.3271	-1.1521	2.0155	0.6854	-1.2160	-0.3991	-0.0816	-0.9866	-0.4475	-0.1270	0.0068	-0.4779	-0.3030	-0.4631	-0.0601	-1.1402	1.3433	1.0743	-0.9064	1.7496	-0.2416	-1.9293	1.7758	-0.4112	-1.8235	1.7960	0.5168	-0.1721	0.8189	-0.0559	-0.8164	-0.7616	-1.4406	-3.0746	-1.7158	0.1227	1.8503	0.7923	1.9115	-0.5114	0.7297	-0.4157	-1.9874	-2.3659	-2.7291	-2.3600	0.9756	0.2580	-0.2333	0.3284
-0.1542	0.0366	1.2829	-0.6925	-0.4648	-1.1012	-1.8793	-0.9891	1.8580	1.7983	-1.3928	0.9463	-0.3830	0.2644	-2.5883	0.9030	-0.2198	-0.2042	-0.7253	0.1454	1.2660	-0.7023	-0.3940	0.1387	0.6427	-0.5531	-1.9264	0.0482	0.2421	-0.6099	1.5307	-1.9147	-1.2028	-0.2880	-0.9061	-0.0890	-0.8319	-0.0707	-2.2647	0.5344	0.1078	1.5675	-1.5840	0.2202	1.2939	1.2638	0.9216	0.7572	-1.3438	-0.5976
0.1081	0.0174	1.0961	0.8649	0.1213	-0.1654	1.5339	-0.4085	-0.4456	1.9404	0.7733	-0.9838	0.2828	1.7037	-1.1543	-2.0568	-1.1046	0.7450	0.3889	-1.4147	-0.5284	0.5294	0.7962	-1.7342	0.1010	-0.9952	-0.6971	-0.0609	0.8903	-0.1623	-0.2658	0.9023	-0.6725	0.0893	-0.4905	-0.8613	0.0912	0.5505	-0.2800	0.8738	0.5251	-0.9735	1.3286	1.3653	1.3502	-1.7678	-1.5028	-0.2905	-0.9300	-0.2849
0.1287	0.5501	0.0152	-0.3152	-0.5344	1.9675	-0.5319	0.8053	1.1144	1.3088	-0.3251	-0.0618	1.0024	-0.4588	0.4279	1.3184	1.0342	0.6163	-1.6366	1.6235	-1.2139	-0.5703	-0.2474	-1.8602	-0.7443	0.0290	-0.1906	0.2762	-0.0815	-2.8869	-0.1073	-0.5470	0.4317	1.2248	0.4819	1.1660	-0.1452	-2.8812	-0.1952	0.7515	-1.4092	-0.7663	-0.7438	-1.2500	1.0074	-0.6937	-0.5057	0.4593	0.2152	-0.3959
0.2486	-0.7431	-1.2379	1.0418	-0.8639	0.8113	1.7435	-0.9685	1.4052	-0.6028	-1.4783	1.1368	0.4526	0.5411	0.5178	1.0301	-0.8918	-0.5143	-1.0468	-0.6999	-1.8648	-1.9263	-0.6261	1.0916	-0.2328	0.1224	-0.0672	-0.7871	0.3156	-0.9923	-0.0300	1.1894	-0.1582	0.6286	-0.7957	-0.3330	-0.1410	0.4544	-0.7237	-0.2426	-1.3064	-0.9469	-0.3890	0.0906	-0.8152	-1.2793	-2.0288	-2.0649	-1.1433	-1.8585
-1.6167	-0.1977	-0.0022	-1.2357	-1.4797	-1.3341	0.2000	-1.1264	0.0990	1.2726	-0.0136	0.3046	0.5959	0.5064	-0.3914	0.7113	0.4037	0.3810	-0.4385	1.2819	-0.8862	-0.9569	-1.1476	-1.6105	0.3174	-0.0035	0.6871	-0.4231	0.0539	-1.1205	0.1889	-0.2210	1.2934	1.5081	0.8507	1.3561	0.8136	1.0560	0.1554	0.8605	0.8280	0.1512	-0.8905	1.6865	0.9676	-1.2488	0.6492	-0.0119	0.2697	-0.9022
-0.3047	-1.0850	-1.6507	-0.5428	0.4560	-0.2051	0.7642	-0.1914	0.9028	0.4900	0.8897	0.9759	0.0361	-0.7054	-1.3185	-0.8152	1.1651	-1.3137	-0.0948	0.0870	1.0339	-0.3516	-0.4310	0.0882	0.4804	-0.3284	-0.8429	-1.0345	0.6857	0.1262	-0.4402	0.1452	-1.0199	-0.7432	0.3257	1.2166	-0.2697	0.2062	0.6018	-0.1681	-1.1112	-0.6492	-1.7696	0.2340	0.7837	-0.1203	-0.7581	0.5946	0.1860	2.4942
-1.7122	-0.8414	-1.1110	1.9398	-1.7613	1.5004	-0.4308	-1.0847	-0.6973	-1.5488	0.1313	-0.9252	-1.2623	-1.7621	-1.2073	0.8785	0.8300	0.6399	1.3168	0.6732	-0.4627	1.5936	1.7924	-0.6903	-1.9230	1.2320	-1.1856	0.1245	-0.2645	-0.3775	0.9240	-1.4419	-0.5673	0.5639	0.2019	-0.8671	1.0265	0.7155	0.4196	-0.7577	0.7497	0.0015	0.2883	-1.3070	1.9518	-0.2154	0.1533	-1.9552	0.8152	-0.0856
-0.2863	2.3270	0.7658	1.3092	1.0637	-0.7831	-0.4098	1.4477	0.7683	-1.2661	-2.5680	0.6681	-1.3343	-1.0508	-0.2924	-0.2952	-1.2857	-0.4497	1.8851	-0.1050	1.1333	-0.0616	0.5295	-0.2263	1.5225	0.9353	-0.8172	0.7988	-1.0999	-0.2335	0.8978	1.0556	1.2085	0.3441	0.0393	0.5154	-1.9315	-0.2396	0.3929	0.4249	-0.2816	-0.2937	0.1212	-1.1121	-0.2038	-0.4179	2.2863	0.8763	-1.1921	0.5307
-0.0071	0.2173	-0.0922	1.7645	-0.0918	-0.6620	-1.2469	0.6675	0.6501	-1.6583	-1.4134	-0.5397	-0.0564	1.3089	0.3117	-0.2429	-0.0931	-0.1877	-0.2100	-0.5492	0.2481	-0.0944	-0.2742	-0.8675	-0.2355	0.2964	0.3365	-0.8382	1.7808	0.3940	-0.4991	0.7422	-1.7977	2.0397	0.1975	1.0795	-0.6335	-0.3855	0.8009	0.2885	0.0278	0.0222	-2.3539	-0.6912	-0.2651	1.0718	0.4349	-0.4840	-0.7125	-1.4456
0.1257	-0.5887	-1.4235	0.7075	-0.2387	0.3071	-0.5621	-0.3442	-1.5119	-0.7113	1.0271	-1.3345	-0.2648	1.4511	-1.1545	0.9896	-1.7379	-0.2188	-0.8221	-0.2678	-2.0736	-0.4846	-0.4102	-1.1670	0.3923	0.6418	-1.2851	-0.3122	0.6198	-0.6045	-0.0307	-0.2251	0.6948	0.4258	-1.2814	0.2578	-0.6577	-1.2179	1.1116	-0.1110	0.2216	-0.8401	-0.5381	0.1256	1.1717	-1.9627	0.2494	0.2287	0.2166	0.0534


