
X1	X2	X3	X4	X5	X6	X7	X8	X9	X10	X11	X12	X13	X14	X15	X16	X17	X18	X19	X20	X21	X22	X23	X24	X25	X26	X27	X28	X29	X30	X31	X32	X33	X34	X35	X36	X37	X38	X39	X40	X41	X42	X43	X44	X45	X46	X47	X48	X49	X50
1.5419	0.3197	0.9215	-1.1159	0.4187	-0.8946	-1.0109	-0.2339	0.1985	-0.8973	0.0825	-1.1760	1.4338	0.6121	-0.1411	1.0663	-0.3570	-0.3100	-0.8481	0.9164	-0.9256	1.1351	1.2698	-0.6492	0.0984	1.1404	0.4815	1.0972	1.1149	-1.0656	0.1567	0.2999	-0.3931	0.4573	1.3906	1.4735	0.4125	-0.3331	-0.6385	-0.6776	0.2214	-0.0619	-1.7712	1.0469	-0.1319	-0.7027	-1.6672	0.4390	-0.7031	0.2847
-0.3283	-0.3214	0.1579	-1.2559	0.6695	-1.3143	1.3878	-0.6763	-1.1669	0.1404	1.5594	-0.3003	0.8648	-1.2535	1.0366	0.6648	0.9358	0.1486	0.3776	0.3177	0.1631	0.8114	1.0764	-1.2873	1.5282	-0.0077	-0.5251	-1.4562	-0.2457	-0.4478	0.1820	-0.1311	0.5081	1.2002	0.3932	0.4481	-0.9365	0.8196	0.4919	0.7842	-0.6500	0.7908	0.6974	-0.5352	-0.6124	-0.5642	-0.0727	1.4007	0.3911	-1.3538
-0.2303	0.5237	0.9997	0.9270	-0.3151	0.5248	0.4920	-1.7192	0.1682	2.3351	-0.1204	-0.9673	-0.9592	0.3568	-1.0634	-0.0562	1.3301	0.4412	0.4051	-0.4469	-1.1025	-0.8084	-0.9900	-0.5509	0.9309	-0.1492	0.2996	-0.5072	-0.5913	-1.9833	-0.8657	1.1523	0.2100	-0.6067	0.2919	-0.6698	0.0869	-0.9541	0.1655	-0.8371	-0.5546	-0.8356	1.3974	-0.3344	-0.0031	-0.3098	1.4280	0.3058	-0.5624	0.3347
1.7561	-1.0269	0.0370	-0.8518	-0.6535	-0.6922	0.9500	1.0833	0.1898	-0.3399	2.3459	0.5278	-0.3809	0.7971	2.0712	-1.8125	-0.0664	1.0820	0.7309	-0.7664	1.2115	-1.9168	1.8780	0.4721	0.0915	-0.0973	-0.1089	-2.0452	0.2081	-2.1800	0.7892	-0.4147	-0.5985	-2.1181	-1.3974	0.3413	-0.3382	0.2298	0.9488	1.3745	-0.4775	-0.2444	-1.3314	-0.6228	0.9756	-0.3565	0.3348	0.6732	-0.8658	0.4164
-0.0893	1.1187	0.5038	-1.6108	-0.8796	0.6079	-1.0195	0.4066	-1.1389	0.9918	-1.7908	-0.2087	-1.3047	-2.0755	-1.4603	-0.6882	-1.9633	-0.4435	0.3741	-0.1029	0.2339	-0.8601	0.1881	-0.2419	1.2677	0.4975	-0.2454	-1.5915	-0.7617	0.2252	-3.1420	-0.9088	0.8139	-0.2471	0.1531	-0.3310	2.3728	0.5004	-0.8860	0.4823	-0.7011	-0.8387	-0.7172	1.2857	1.2307	-1.9935	0.0802	-1.0402	-0.1686	-0.6073
-0.3367	0.3893	0.7133	-0.0833	-0.6484	-1.6046	-0.4580	-1.8303	0.8620	-0.5789	-0.5746	-1.3678	0.3715	0.0229	-0.2790	-2.0493	0.1412	-0.7854	-2.0157	0.8941	-1.6762	-1.0027	0.2859	-0.8361	0.7793	0.6441	-1.9090	0.2646	-0.2909	0.1122	-1.4807	-1.5459	-1.8114	0.3459	-0.0084	-0.0482	0.1764	1.6705	0.4743	-0.7237	0.0297	1.3755	2.2465	-0.1443	-0.9362	-0.2122	0.1862	0.1663	0.6992	-1.3171
-0.2920	2.2966	-1.0778	-0.7284	0.7518	-0.8289	-0.8410	1.1400	-0.9196	0.1017	0.2713	0.4644	-0.6031	-1.2268	0.2743	0.0564	-1.3125	0.0332	0.0104	-0.3748	-0.5196	0.2621	-0.8888	0.3386	-0.5729	-1.1677	1.0129	1.5935	-0.4216	0.7691	-0.1506	-1.2273	-0.8572	-0.2303	-0.1202	-2.0695	0.3595	-1.2586	-0.2925	-1.6714	-1.6478	0.4258	-0.5326	-0.0248	-0.4043	0.7433	1.0132	0.1711	0.5402	-1.4613
-0.6254	-0.3902	-0.8152	-2.3056	0.8000	1.3771	-0.2411	-0.9459	0.6089	-0.6364	-1.3584	-0.8916	-0.0206	-2.2968	0.8434	0.1593	0.0889	0.6016	0.7245	1.3575	-0.7170	0.9061	-0.6307	-0.9000	-0.9971	1.4024	0.0922	0.3183	0.3977	0.2223	-0.1011	-2.0666	-0.3174	-0.4089	0.5642	0.7866	-1.1230	-2.2831	-0.1784	2.0374	0.6573	-0.0806	-1.3369	-0.5385	-0.3775	-0.4270	0.8029	0.5354	0.2103	-0.0761
0.9147	0.0435	-1.0764	-0.3973	-1.1682	-0.5364	-0.6787	0.2434	-1.6372	0.2037	-0.4655	0.7684	0.5910	-0.6902	0.7585	-0.3156	-1.5359	-0.9087	0.9023	0.0403	-0.2639	-1.0636	-0.2466	0.9712	0.8071	-0.6743	-0.0802	-1.6991	-1.3765	-0.8254	0.6347	-0.1763	-0.2692	-0.7390	0.7366	0.5844	-1.7129	-1.1948	-0.3751	-0.7834	-0.3536	0.4132	-0.2376	-0.0104	-1.6318	-0.6016	-0.3622	1.1712	0.0691	0.1739
0.5481	0.5437	-0.2585	-0.2031	1.7452	-2.0429	-0.6264	0.9612	0.2632	0.6065	-1.2481	1.6535	-1.3460	-1.2909	-2.4527	1.1408	-0.1065	-1.5957	-1.2538	0.5047	-0.1405	-1.1700	0.4915	-0.9939	-0.3055	-0.4509	0.1055	-1.4737	0.0739	0.1022	-1.1210	0.8210	0.4292	-1.1068	1.3468	0.3076	0.0170	-1.9091	0.5012	-0.3259	0.6400	2.1558	0.6611	0.4020	-0.8562	2.3014	-0.1938	-1.7429	-0.9157	0.5010
0.4135	-0.1486	-0.0704	-0.7803	-0.4843	0.9541	-1.3854	-0.2020	-0.1032	-1.6977	1.2118	-0.9807	0.5777	-1.9791	-1.3235	-1.4266	0.7731	0.0810	-0.2156	-0.1122	0.1042	-1.3004	0.7947	-0.3683	1.6075	1.2456	-0.6563	-0.7431	1.0032	-0.0417	-1.3478	1.7304	0.3800	-0.0919	-0.8911	-1.8698	1.3964	-1.5571	1.8483	1.6921	0.3408	-0.2451	-0.6350	-0.0747	-0.5454	-0.3533	0.1513	1.2952	0.6371	1.1544
-0.3974	-1.3158	0.4262	-0.1455	-0.1340	0.5269	1.3561	0.4316	0.2161	-0.3565	0.8370	-0.2851	-0.4279	1.1026	-0.2790	-0.4271	-1.6139	-0.7212	-1.2655	2.3408	1.5941	-0.3780	-0.3402	0.3705	1.7348	1.0595	-1.3536	-1.4884	2.7250	0.6133	-0.3539	0.0880	-0.1209	-2.4349	1.2065	-0.2837	1.7059	0.2139	-0.0622	-0.5304	1.0177	-1.2101	-0.0985	-0.7266	-0.4445	0.1710	-0.3725	1.3947	-1.1996	0.0620
-0.3283	0.6042	-0.1725	-1.5180	-0.1544	-0.9959	0.2972	0.1263	1.7181	1.2250	-0.7575	1.0911	1.0710	-0.7358	1.4326	-0.2914	-2.6443	0.7719	-1.4092	-0.8225	0.0587	0.4472	-0.2640	0.2005	-0.1533	-0.9323	0.3968	0.8751	0.0530	-1.1466	1.2304	0.2164	0.0561	0.9253	-0.2127	0.1639	0.7688	-0.7415	-1.3317	-0.7272	-1.6708	-1.3643	0.3659	1.6175	-0.6201	-0.0719	0.5294	-1.4261	1.1369	-0.9901
-0.7569	-0.4606	-0.5626	1.0342	-1.6155	0.0812	1.7595	-0.7058	0.9398	2.3485	0.9564	-0.8243	-0.4029	-0.7466	0.9374	0.4512	-1.4815	1.6538	0.3756	-0.3947	1.5284	-0.8736	0.0561	-0.3266	0.2053	-0.8383	0.7302	0.4678	-0.0213	0.8064	0.9394	0.9952	1.1561	-0.0379	0.6561	-1.4866	1.6491	-0.9079	-0.3242	-2.1079	1.4793	-1.3419	-0.8010	0.2352	-0.9353	-0.0531	-1.5792	1.4073	1.4259	-0.8851
-1.1595	-0.6241	-0.5633	-0.1979	1.1207	-0.6804	0.2954	-0.8121	-0.3127	-0.5045	0.1305	0.6466	-2.8269	0.8892	-0.0312	-0.6193	1.0201	0.6626	0.3847	-0.3861	-1.0981	0.2404	1.3795	0.0483	-0.9014	-0.7029	-1.0786	0.8761	0.1325	0.6718	1.5822	-0.7567	-1.4986	0.3298	1.0187	-0.7009	0.5865	0.5217	1.9446	-0.6184	-0.0122	-0.9219	0.0193	0.1264	-0.6263	-0.8431	-1.0894	0.4338	0.9098	0.3867
-0.5582	0.8189	0.4210	-0.2384	-0.4934	0.8767	-0.3933	0.5304	0.2332	-0.0870	1.4251	-0.2041	-1.2944	1.2047	1.1917	0.7395	0.0446	1.3466	-0.8076	0.2131	0.1213	0.5912	1.5265	-1.6583	0.0497	-0.1572	0.6131	-0.3139	-0.8179	-0.3827	-0.4187	-0.6177	1.2732	-0.0853	-1.4617	0.5880	0.3302	-0.5720	0.6611	-0.8298	0.8272	-0.4696	0.9455	-0.8698	0.3058	-0.8751	-0.3068	0.1772	0.6157	-1.2936
0.8612	-0.1521	1.9336	1.6609	0.9985	-1.7711	-1.0052	1.1046	0.2295	-0.2436	0.5161	-0.3264	0.0814	-0.5891	-1.5787	0.0772	0.2060	-0.0794	0.1715	-0.3709	0.6606	-1.1333	-0.4810	-1.5116	-0.7423	1.9511	-0.7579	-0.4954	0.9948	-1.4862	-0.0904	-0.4995	0.9104	0.1785	-0.2139	-1.2105	0.5862	2.4265	-0.0792	0.2639	1.8985	0.6247	1.1518	2.0209	0.4821	0.0705	1.6345	-0.2312	0.0823	-0.8625
-1.9467	-1.3592	1.8754	1.5831	-0.7625	1.1047	-1.1375	0.2311	-0.5878	0.0459	-1.8997	1.2624	2.2392	2.4926	-0.1049	-1.7498	0.4681	1.0907	-0.8413	-1.1186	-1.5655	-0.7105	1.0512	-1.8689	-0.7070	-0.5343	0.1754	0.1836	0.7927	1.0491	-0.4277	-0.2483	0.0224	-1.1074	-0.1216	-0.0597	-0.5230	0.5085	-0.3694	0.7023	-0.1147	1.8715	1.1381	1.4248	0.5911	0.3378	-2.6597	1.4435	0.6031	-0.7985
-0.6417	-0.3024	-1.4570	0.5662	-0.7947	0.2309	1.7833	-0.2050	-0.5029	0.3617	0.6573	1.1666	-2.2739	-0.3489	1.2275	1.0285	0.0299	-0.8424	0.3049	1.1936	-0.3725	-0.8366	1.4745	0.1459	2.0172	2.4216	0.1545	-0.1967	-2.0364	-1.3687	-2.7156	0.0851	0.4841	0.3671	0.6424	-0.9347	0.0719	-0.4461	0.5582	-1.9712	1.5592	1.4083	0.1835	-1.5166	0.5306	1.4798	-1.9829	-1.1787	-0.4047	-1.3703
-1.4260	0.0632	0.4586	-0.1943	0.0526	0.2436	0.5145	-0.4780	0.0413	0.6525	-0.0733	0.2132	0.8116	-0.2944	0.3848	-0.2073	1.1063	0.4919	-0.0880	-1.1212	0.2425	1.3149	-1.6014	0.2156	-1.6301	-0.4066	-1.3125	-2.0514	-0.3687	1.8257	1.0982	1.1081	0.1375	-0.2932	-0.4766	0.1865	1.1374	0.4854	-0.8313	-0.6311	-1.3431	-0.8079	0.7674	-0.2431	0.1226	0.8174	0.6027	-0.4419	-0.1633	0.5127
0.7681	-1.0567	0.4440	0.6536	-1.8328	-1.4237	0.1559	-0.2086	-1.0708	0.5693	-1.2801	-0.3960	1.4197	-1.2787	1.4047	-1.0345	-0.5596	-1.4687	-0.4382	-0.9937	-0.0189	-1.1867	1.4132	-2.4022	1.0047	-1.0474	0.1079	-0.5983	1.0786	0.9868	0.6095	-1.1766	0.4725	-0.7252	-0.0147	0.6565	0.4848	0.2203	0.3643	0.5444	-0.1494	1.3837	-0.8275	-1.8101	0.8816	-0.6044	-2.8445	-0.6881	-0.9538	-2.1550
-0.0366	1.8513	-0.2352	1.0985	-1.0727	0.0769	-0.0854	0.7965	-1.2050	1.5160	-1.4756	-0.5055	0.3777	1.5412	-0.0284	-0.5738	-1.7526	0.5955	-0.9380	0.6191	-0.4160	-0.4291	1.3968	-0.6971	-0.6646	0.1922	-0.7876	-0.3334	1.7920	-0.4761	1.0721	-1.3901	2.6251	1.5608	-0.9337	0.0875	-1.3527	-0.7384	0.0153	0.0842	-0.8112	-1.1840	-1.7078	-1.1898	0.4482	-1.0405	2.4927	0.2490	-0.0727	0.3787
-0.1538	0.8809	-1.1640	-1.7363	1.1381	-0.3487	-0.5959	0.6902	-1.6289	1.2464	-1.3899	-0.1656	-0.3211	0.8186	1.2750	-0.8181	0.4033	0.4039	-1.0522	-0.6147	-0.1196	-1.2032	1.3179	-0.2866	1.4056	1.1087	-2.3412	-0.6204	1.9654	-1.2593	1.0131	-0.2106	-2.4417	-0.1417	-1.2227	-0.8171	0.6492	-0.0193	0.4835	1.5011	0.5700	-0.4251	0.0661	-0.0381	2.0613	-0.9257	1.0115	-0.5587	1.7706	-0.4376
-0.2863	-0.5951	-1.0047	0.6811	0.3247	0.0468	1.3868	-1.3235	0.3778	0.0068	0.6183	2.1597	-0.2049	0.9495	-0.0476	0.6054	-0.0717	-0.2669	-1.2391	2.5863	2.3027	-0.0072	-0.0195	0.7702	-1.0529	0.4975	-0.2627	-0.9617	-0.1803	-0.0353	1.2112	-0.5468	0.9973	-0.1728	-1.0378	0.7610	-0.6233	-1.1849	-0.6212	-0.6275	-0.2804	1.6430	0.0580	-1.1023	1.3524	0.9418	-0.9764	0.0626	0.5947	-1.2572
0.5473	-1.3402	2.9995	-1.7202	-0.9170	0.4646	1.6403	0.8374	-0.3618	-0.9210	-0.6877	0.4035	0.6676	-0.9090	0.9147	-0.3128	1.1041	0.5844	1.2870	-0.1301	-0.3442	0.7621	0.2352	-0.5362	1.5048	0.6454	0.2290	1.4365	0.4004	-0.0435	-1.0198	0.4192	1.8294	0.7635	-0.4006	-0.8383	-0.7129	-1.0401	-0.7626	-0.3238	0.7367	0.6367	-1.6960	1.3960	-1.4468	0.3967	0.2884	-0.8755	0.0594	-0.0248
1.8848	0.2983	0.1188	0.3766	-0.2444	-1.3734	-1.8465	0.2172	1.6219	0.2462	-0.9296	-1.2379	1.6467	-1.3838	0.3044	1.7453	-1.0188	-0.4539	1.0080	-0.6525	-0.9644	-0.4118	-0.4894	0.8494	0.8449	0.6340	2.2085	0.4624	1.8061	1.3866	-1.0473	0.1734	-0.4179	-0.6413	0.1004	-0.0039	1.8000	1.5795	-1.0138	-0.5415	-2.0584	-1.5207	-0.6348	-0.4081	-1.0713	0.2746	-0.8281	0.8703	-1.4208	-0.2385
-1.7254	-0.5913	0.8075	1.0213	-0.1684	-0.7129	-0.6757	0.6870	-1.0175	-0.4101	0.1970	0.5335	0.9595	1.2449	2.2414	0.0057	-0.4539	1.2861	-1.4385	-0.3492	-0.4179	-0.1143	-0.0233	1.3174	0.7462	-0.2317	0.3019	-0.2061	0.3097	0.2664	-2.0522	0.1572	1.4921	-1.2189	0.4745	1.1476	0.3374	-1.1867	-0.9532	1.9914	-0.0632	0.7732	0.9144	-0.9451	-0.7142	-1.2503	0.7116	1.0708	0.7805	-1.0127
1.0013	-0.1172	0.0124	2.5868	0.4569	0.9373	-0.0617	0.2233	0.5054	0.2446	0.9436	-0.5081	0.7002	-1.5000	0.5386	-1.0420	-0.0877	0.7845	-1.0090	-0.5417	-0.7131	1.0414	1.6352	1.3780	-1.1150	0.1646	1.3557	-2.2492	0.8421	0.3749	1.2162	-0.1910	1.8094	-1.0820	0.3152	0.3672	1.2160	-1.0682	-0.2814	-0.2874	0.2009	-0.6861	0.0360	-0.2710	1.3946	-0.6044	1.1393	-2.5374	0.6268	-0.6664
-0.2065	2.2868	-1.1183	-0.1519	0.1343	-0.7155	-0.0293	-1.5733	0.2819	0.1368	0.3584	-0.4646	-1.2842	0.8904	-0.0264	1.3729	-0.7220	0.4920	1.0190	-0.5088	-0.1522	-0.3487	0.0851	0.3616	-2.6394	-0.8488	0.3866	0.3832	0.3070	0.2817	2.2946	1.7369	-2.5702	0.5118	-0.6599	-0.5599	0.6593	-0.7779	3.4575	0.8747	-0.2547	-2.9846	-0.9595	-1.4182	-2.3379	0.8778	-0.7357	-0.2353	1.1039	0.3465
0.7567	0.1323	-0.0360	1.0520	-3.0844	-1.0201	0.4026	-0.7514	-0.0894	-1.9031	-0.5165	1.0526	-0.4498	0.9809	-0.6888	0.8886	0.2306	0.3087	0.6719	-2.0188	0.0225	-0.4868	0.2561	0.3979	0.6773	-1.2243	0.3066	0.2440	-1.6127	0.5261	0.0424	-0.3971	-1.3587	-1.3766	0.7396	0.7748	1.0721	1.3239	0.9051	0.0490	-1.0367	-2.5489	-0.5799	-0.3160	-0.3460	0.8057	-1.8595	1.1293	1.1029	0.1352
-0.8947	1.0765	0.9264	0.0993	0.2670	0.0769	0.7426	0.3781	1.0026	-0.6435	-0.7026	-0.6963	-0.9114	-0.3653	-1.0210	0.6771	0.5853	0.1499	-0.2796	1.8979	0.4065	-0.6632	-0.1207	0.8771	-0.2542	0.9713	0.7918	-1.0498	-0.4928	-0.0490	-0.6647	-0.6455	0.6896	0.5952	1.1990	1.0755	-1.4598	0.1614	0.0401	-0.3821	-1.2034	0.3504	0.9309	0.0622	1.6532	1.2067	-0.8556	0.0645	0.0410	0.8541
0.5594	0.1691	0.0749	-0.5098	-1.3759	-0.0351	1.5412	-0.4331	-0.7023	-0.5289	-0.5609	1.1484	2.0589	-1.3152	-0.7429	0.6006	0.2603	0.9066	-0.1809	1.8474	0.6422	-0.2401	-0.2738	-0.3097	0.5225	1.7932	-1.8930	-0.2288	0.9927	0.2723	0.1708	0.5873	0.6301	-0.4524	0.0915	-0.1873	2.4370	-0.0528	0.5330	-1.1717	0.2316	1.3917	0.2877	-0.3016	-1.0323	0.9627	0.9127	0.3533	0.5280	1.5317
0.1493	0.8961	-0.6184	-0.1332	1.2174	-0.9446	-1.8091	1.1062	-0.5947	-0.6617	-0.0205	-0.9637	0.6647	0.1127	0.0564	1.0894	2.7934	0.9159	0.9719	-0.1749	-1.4356	2.5995	0.0519	0.0458	0.5897	-2.4894	-1.1190	0.6278	-1.8514	-0.8683	-0.5487	-0.8486	-0.4176	-1.9975	-1.3723	-0.4105	-1.1716	0.1912	-1.5238	-1.3960	-0.3883	-0.2241	-0.4396	2.2380	-1.1993	1.0973	0.1299	-0.3754	0.2199	-0.2243
-0.3929	0.6038	-0.6110	-1.3831	-0.2130	1.3163	-1.7217	0.0701	-0.9490	1.0943	-1.0399	0.0269	-1.1399	0.1700	0.4478	-0.2408	1.9933	0.3180	-2.0224	-0.2728	0.9490	-1.8519	1.2544	-0.1277	-1.2219	-0.0629	-0.5551	-1.2623	-0.5940	-0.2731	0.6171	1.0439	0.9437	-0.7748	0.7204	0.0333	-1.0086	-0.0979	-1.8661	0.7387	0.7318	-0.4860	-1.5288	1.0861	-0.2525	-1.2903	1.3495	1.9245	0.6793	0.2737
0.1675	-0.3699	-1.0584	-0.0014	0.1244	-0.1642	-0.6920	-0.3013	0.1441	1.0706	-1.7187	-0.3919	-0.4048	1.0388	0.4527	1.8654	1.8084	0.3693	-1.4851	1.7620	-1.3646	0.5161	0.1358	1.6205	2.6450	-0.4121	0.1717	-1.1087	-0.3126	-0.0070	-0.7971	2.4205	2.0303	0.0458	0.0547	0.6945	-0.8833	-0.6450	1.2356	0.7763	0.2285	1.3386	-0.4454	0.5062	-0.0230	-0.3661	-0.2439	-1.4467	0.5610	-0.4531
-1.3442	2.0717	1.3246	2.0268	0.1167	1.9671	-0.3768	-0.8084	-1.3122	0.9517	0.2090	-1.6711	0.7304	-1.1968	1.4307	1.3485	0.9155	-0.1253	-0.1377	0.0392	-1.3712	-0.7108	0.0220	-0.1415	-0.4103	0.9911	0.2424	-0.3283	-0.2817	0.0845	-1.3346	0.5648	-1.6623	0.5353	-0.1835	0.8540	-0.8917	0.4782	0.9085	0.1553	-0.5306	-1.1436	-1.5304	0.5827	-0.1550	0.1734	1.3060	-0.4885	1.2968	2.0060
-0.3150	2.4550	-0.2498	-1.4010	0.6395	1.8260	0.0090	-0.5615	-0.0461	-0.3008	-0.1237	0.5517	-0.2701	0.7192	-0.5153	0.0570	0.5260	0.0988	0.4621	-1.0356	0.6342	-2.1976	0.0687	1.5897	0.9079	0.2183	0.5621	0.1869	-0.7027	0.3597	0.9882	-0.3984	0.9616	-0.0802	-0.0365	-1.3705	-0.4906	-0.4394	-0.0867	1.4803	-1.4160	0.8049	-1.8721	2.4907	-0.1006	-0.3981	-0.0461	-0.7303	2.7717	-0.8133
-0.2945	0.1264	0.7135	0.7314	-1.4629	0.7413	1.1860	0.2995	-1.5030	-0.2667	-1.1966	-0.3242	2.1138	1.0863	-0.4321	0.0047	0.5105	-0.5552	0.2494	-0.5185	-0.6281	-0.2852	-0.6321	-0.8423	0.0430	1.0318	-0.0251	-0.4722	1.8623	-1.4678	0.4025	0.8901	-0.0748	-0.6712	-0.6316	1.1749	-0.2697	-0.7437	1.1126	-2.1519	-2.1804	1.5471	-0.2900	0.5216	-0.3746	0.8945	0.9173	0.4691	-0.4892	1.4421
-0.4515	0.6832	-1.0256	0.0487	-0.8551	0.1464	0.5456	-1.1516	1.9026	-0.6341	1.5101	2.1259	0.3634	1.3783	-1.2963	0.7231	-0.6891	-0.6081	1.5804	0.0729	-1.3528	0.5656	0.7633	-0.0317	0.2381	-0.6083	0.4298	-0.4279	0.2158	1.6933	-0.8103	-1.4339	-0.7826	1.8651	-0.5193	0.3089	-0.3489	1.1977	-0.0858	-0.0035	-0.4340	1.4365	1.5280	0.3702	-0.4660	0.0169	-0.6626	-0.7314	-2.3064	-0.6242
0.8970	0.1638	-0.6219	-1.6335	0.0832	3.0134	-0.1374	-1.3684	0.5278	-0.6991	-1.2619	0.0753	0.6006	-1.1198	1.4034	0.4785	0.7616	-0.5023	-0.5745	-0.1762	0.5766	1.5823	-0.7494	0.5137	0.3706	-0.2629	1.7054	-0.4373	-0.3061	-0.5567	0.0457	-1.3095	-1.2242	-0.3668	1.7921	2.3510	-0.4616	0.5767	-1.9995	0.8072	-2.3219	-0.1657	-1.6337	-1.3732	0.3144	0.2627	0.7706	1.7987	0.6708	0.4818
1.0276	-0.9960	-0.1596	-0.5880	-0.1975	-0.5612	1.2397	-0.9582	0.9833	0.6621	-1.2623	0.0605	-0.6028	-0.0089	0.0747	0.5616	1.4576	0.8853	-1.2808	1.4158	0.0177	1.6128	-0.1624	-0.3295	-1.0347	-1.8876	0.5829	-0.3819	-0.2585	1.0621	-0.5293	-0.1115	0.9679	1.2529	-0.5839	1.8984	-0.2110	-1.1948	-0.0586	-0.3677	0.5738	-0.0305	-0.1072	-0.0245	0.6858	0.4330	-1.7837	-1.1686	-1.5643	1.0809
1.1159	-0.0353	-0.1756	0.7766	-0.4540	-1.0811	-0.1174	0.8310	2.3282	-1.0733	-0.6502	-0.6158	-0.4555	1.8170	-0.9655	1.5360	0.1810	-0.7615	0.7831	-0.1742	-1.1265	-0.0326	0.6081	1.6459	-0.6109	-0.5900	0.1640	0.0110	-1.9078	-0.6977	-0.0020	-0.0639	-0.8133	-0.2891	0.0264	0.2606	1.7483	-0.1656	-0.6112	0.8986	0.3691	-0.1189	1.6538	-0.4918	-1.0617	1.4893	0.1865	0.4749	0.5868	-0.3949
0.0001	1.1899	-2.1462	-0.1896	0.7738	1.4224	0.1834	-1.1418	0.0545	0.9151	1.6695	0.3141	0.0073	-0.7581	-0.0885	0.2010	0.7938	-2.0654	0.0627	-1.1096	-0.3001	0.1332	-0.0680	-0.6603	-1.5717	0.5005	-0.1908	-1.3164	-0.3725	-1.0184	-0.4934	0.5963	0.0653	-0.8644	0.1793	-0.4693	-1.9348	-1.0599	-0.4922	-1.1636	-0.5996	0.8346	0.2205	-0.2824	1.4728	0.0292	-1.2795	-0.1344	0.2249	0.2438
1.2960	1.3573	-1.0385	0.6019	-0.7628	0.0324	-0.5058	-0.6916	0.7188	-0.2617	1.6251	1.1888	0.2808	-0.8337	0.2768	-0.7669	1.0174	-0.0174	-1.4585	0.2949	-0.6697	-0.3651	-0.9692	0.1114	-1.4421	-1.8789	0.6072	1.1650	-0.3806	0.8437	-1.4384	1.4704	-0.5334	1.0815	-0.1294	1.1859	0.1211	0.9324	-0.1824	-0.2286	-1.3638	-1.1215	-0.1913	0.0976	0.4506	0.0446	-0.2390	-0.9102	-0.7333	-2.4221
1.3338	-0.1338	-0.2213	-0.9263	0.2469	-0.4119	1.0667	-0.6170	0.4218	-1.1029	1.6587	-1.1738	0.6517	0.7840	1.5671	-0.9917	0.2201	1.6383	-0.1317	-0.3674	0.3529	-1.7049	-1.0287	2.6154	0.8941	0.2148	-0.4475	1.2357	1.9693	-0.7412	-1.2793	-0.7351	0.1388	-0.6307	-1.1265	-0.5193	0.6846	1.2433	-1.6507	-0.5986	0.1313	0.6651	-0.8739	-0.7084	1.2939	-0.9668	-1.3851	1.0881	-1.4228	-1.2792
0.8537	-0.1671	-1.0148	-0.3588	0.6341	-1.2585	0.3519	1.1465	-2.2947	1.2037	1.0621	-1.2123	1.5390	-1.3392	0.7170	-1.9240	0.3909	0.6411	0.0391	0.8196	2.5640	-0.7286	-0.1200	0.4825	-0.3049	-0.1169	0.4354	1.9607	-0.4727	-0.3099	-0.6439	0.4071	-0.4291	-0.9156	2.2388	0.1942	-0.3110	-0.3320	0.1130	1.3157	0.8642	1.6413	0.6604	-0.8705	-0.2765	0.6044	-0.5920	-0.5627	0.0473	-0.7587
-1.2853	-0.4360	0.0111	1.2273	0.5773	-1.2745	0.5770	0.1944	0.4049	1.8242	-0.3558	1.5973	1.6526	-1.9569	0.1749	-1.0881	0.3772	1.3202	1.4142	-1.1269	1.2994	-0.4133	0.0200	-0.1971	0.4498	1.3231	-1.1934	0.5065	0.9947	-0.9168	0.0206	-0.4772	0.6181	1.5685	-0.2298	0.0230	-0.2643	0.6926	-1.0719	-1.0713	-1.8491	0.4526	1.5553	-1.4287	0.2868	-0.4530	-1.0514	0.2473	-0.0591	0.4842
0.2720	-0.2816	0.6065	-0.2463	0.4378	-2.0020	-0.0697	1.1025	-0.2749	-0.3935	1.6433	-1.5286	-0.4160	1.5278	-1.0357	0.8592	1.8209	-1.6403	0.3516	-0.0184	-0.8076	-1.6097	-0.4248	1.6876	0.4474	0.3780	-0.9866	0.5057	0.7254	-1.0545	-0.1287	-0.1426	0.8696	-0.0714	1.0590	0.7371	0.0554	-1.9823	2.8160	-0.4007	0.2134	-0.2809	0.1806	0.8707	0.3874	0.5762	-1.7540	-0.4485	-0.6519	0.4516
0.0105	-0.2082	-0.7718	0.6319	1.0169	0.7464	-0.3197	-0.7254	1.7711	-1.0843	0.6613	0.2275	-0.0748	-1.8430	-0.1514	0.2086	0.2539	-1.2937	-0.5524	-0.6770	1.1599	1.7193	0.1769	1.2366	0.2489	0.5887	0.1692	-0.8991	0.7704	-0.3815	-0.0884	1.0164	0.4580	-0.0252	-2.8004	-0.1188	-0.0440	-0.9045	-0.0130	-0.2249	0.1500	-0.3083	0.1509	-0.0108	0.1864	-0.1076	-2.0304	0.2261	-0.6205	-1.9923
1.9616	-0.2440	0.2067	0.2502	-1.3843	-0.1255	-0.0495	-0.9623	0.5436	0.9048	1.2661	1.1932	-0.9118	0.1870	-0.8394	0.6555	0.5104	1.2503	0.3818	1.6937	-0.9020	1.7621	-1.3363	-0.6544	-0.6646	0.0884	-0.9571	-0.8659	-1.2017	-0.0989	-1.2908	0.1822	0.4744	3.2379	-2.1295	0.8686	0.2927	0.1229	-0.8861	0.8115	1.2601	-1.1424	0.4040	-0.9725	-0.9741	-0.5042	-1.6654	-1.1987	1.3516	-0.5072
-0.1163	0.4188	-0.5040	-0.1321	0.3471	0.1910	0.8738	-0.0444	-2.1973	-0.3578	0.4341	0.8934	-0.1986	1.7287	0.4583	-1.4359	0.3127	1.0352	-1.3239	-0.6044	1.0191	-0.9528	1.5410	0.8845	-1.0774	-0.5802	0.5814	0.9257	0.4996	0.9317	0.6530	-0.1487	0.0678	-0.6848	-2.6294	0.8824	-0.6107	-1.3262	1.4503	-0.0769	1.2907	0.3685	2.4394	-0.0843	1.4633	0.5314	-0.9454	-0.7030	0.6214	-0.8607
-0.3482	0.8432	0.2128	-0.4648	-1.9838	1.0394	0.9925	0.2226	-0.0467	0.9909	0.9073	2.2675	0.9989	0.2537	1.5245	-0.9275	1.5378	-0.3550	1.8801	0.7792	-0.1947	-2.1957	-0.8595	2.6717	0.7775	-0.3239	-0.6022	0.7885	0.7316	0.6006	-0.5619	0.3686	0.4585	-0.8341	-0.4092	-0.7203	1.7464	0.0203	-1.7990	0.0677	-1.3497	-1.6371	0.6651	1.2752	-0.7462	0.9271	-1.1001	-0.3532	1.3548	-0.8854
-0.4550	-0.2455	-0.4626	-0.9867	0.3995	-1.0117	0.4678	1.1751	0.8670	-0.3214	-1.1930	-0.0163	-0.5976	0.9139	-0.9009	-1.4229	-0.1760	1.7008	-1.9630	-0.6069	1.6028	-0.1541	-0.8239	-1.6753	-0.3849	0.3302	0.1929	-0.0575	1.1031	0.5878	-0.7007	-1.2519	-0.7397	-0.4496	-0.5208	-0.0045	0.9075	-1.8106	-0.2070	-1.4099	1.5344	-0.1471	-0.0940	0.7635	-2.1125	2.1411	0.8529	0.9843	-0.6635	0.4105
-0.4966	0.2945	1.0664	0.4559	1.0830	-0.4942	0.9388	-0.1418	1.2641	0.6206	-0.9357	0.2868	0.4970	-1.0199	1.5840	1.7799	-0.9257	-0.0620	0.5568	-1.6250	1.9896	-0.0627	-0.1843	-0.0704	-1.4185	-0.2772	0.8962	-0.6251	1.4910	-0.3526	0.8683	-1.6992	0.8921	-0.2558	-0.6874	0.3044	-0.9588	0.7495	0.0846	0.8281	0.2232	-0.5881	0.7789	0.0188	0.2371	-0.1625	0.8674	1.5139	0.3760	-0.6595
-0.1590	-0.4062	-0.1103	-1.1228	0.1513	1.0901	-0.0270	0.6678	-1.8755	-0.6249	-0.2392	0.1621	-0.2188	0.9010	0.6471	-0.6332	1.2409	-0.3772	1.1405	-0.3455	-1.3421	0.1733	0.4210	-0.1665	-1.4770	-0.9371	0.9241	-0.1354	1.1473	0.6135	-1.1845	2.0076	1.3656	0.4594	0.0764	0.1613	-0.2176	-1.3848	-0.5421	1.2696	-0.8948	-0.6468	1.4553	-0.5039	0.6102	1.0716	2.8176	0.1485	1.0994	1.9212
1.9051	0.5426	-1.4231	-0.4277	0.7727	0.8120	-0.4811	-0.0204	-0.0326	-0.1217	0.0080	1.6748	-0.0503	-0.1686	0.1393	-0.5425	0.3147	0.3569	0.4964	-1.6808	-0.9844	-0.1627	-2.0520	1.4209	-0.3087	-1.5366	-0.0899	0.4707	0.5757	-0.3420	0.9344	1.1456	-0.5797	-0.4114	0.4032	2.7455	-0.6291	0.4332	-0.7125	-0.2472	0.9281	-0.1655	0.5380	0.8358	-0.3349	-0.4080	0.3006	0.1685	0.9047	0.0459
0.1497	0.4939	2.5766	0.2551	1.1790	1.6408	0.5414	-0.9433	-2.2514	0.2631	1.0671	0.7839	-1.4799	-0.9332	0.3489	-1.7613	-0.4596	-0.2684	-0.7329	1.0405	0.7462	2.7154	0.4375	-0.4705	0.7858	1.1584	-3.2800	0.5706	-0.4350	0.1250	-0.5119	-0.4833	0.2942	-0.5751	1.3819	0.9018	0.6936	1.3631	1.4250	-2.3497	0.6749	0.2954	-0.9307	-0.6691	-1.1359	-0.6272	-1.0737	0.0528	-0.8916	-2.6505
0.5941	0.7524	0.6742	-0.3650	0.3202	-1.6341	-1.2759	-1.9908	-0.2257	1.0245	-0.3450	1.6635	0.7234	1.7831	-0.8551	0.7137	0.1081	0.6365	-0.2835	0.2046	-0.4335	0.5910	-1.0285	0.0827	-0.0397	1.5271	-1.3954	-0.2381	1.5190	1.4046	0.9325	-0.2808	-0.6516	-0.1592	-1.0083	-0.8475	-0.4938	-1.1419	1.4478	0.9109	-1.5473	0.6521	2.1890	0.4683	-0.7045	1.9106	-1.1663	0.1142	0.4721	0.6178
-1.2676	0.4236	-0.5434	0.5619	0.5886	-0.2786	0.2023	-0.0047	0.8096	-0.6912	0.5423	-1.5182	-0.9722	1.2865	2.6896	-0.6065	-0.1708	0.1766	-0.3551	0.6959	0.7135	0.5280	-0.2619	-0.1609	1.6444	-1.5714	0.4956	-0.0522	-0.8237	-0.7160	-0.7443	1.4550	1.7443	1.0170	0.1337	-0.4868	-2.4663	0.6093	-1.9696	1.2188	-0.0493	0.4813	-0.3257	1.2667	0.7897	-0.0035	0.9784	-1.0060	-0.9726	-0.4315
2.4307	-0.8151	0.7431	-0.3792	0.4055	1.4747	0.8783	0.0599	-0.3930	1.6574	-0.1883	1.5294	-1.0469	-0.8786	1.1041	1.3597	-0.5305	0.9717	-1.2203	-0.9676	0.5358	-0.0120	1.0922	2.4381	-0.7199	-1.2026	-1.5885	0.3300	-0.9593	-0.5887	0.2535	-1.7728	-0.0736	-1.2856	0.3126	0.3454	-0.1338	0.4851	-1.3681	-0.9253	-1.4326	-0.0521	1.5137	0.2505	1.0938	-0.1427	-3.0153	-0.1033	0.4108	0.1536
0.0945	0.4444	0.5322	-0.0494	1.4855	0.5151	0.2513	1.0492	0.5641	-0.4289	-0.2014	1.7611	0.2433	1.5357	-0.4258	-1.7920	0.1914	0.2110	0.4924	0.0484	0.8790	-0.7971	0.5667	0.1316	1.2705	-0.9445	0.5015	0.0807	1.8270	-0.4705	-0.7170	-0.0975	0.1903	0.0154	1.1547	-1.2374	-0.3012	1.4314	0.0918	0.3177	-0.8390	-0.4049	1.0780	-0.3988	-0.6094	-0.7993	0.1729	0.6268	0.3423	0.0471
-1.3761	0.0454	1.0502	-0.9292	-0.8084	1.6355	-0.7374	1.7427	-2.0392	0.4281	0.5682	0.1205	0.9102	-0.2760	-0.1835	0.2700	0.0477	-1.0104	2.4200	0.1730	-1.2011	2.3276	0.1339	0.5574	0.1625	1.0158	2.0545	0.4394	1.0392	0.2640	-0.3251	-2.1262	0.0881	1.1140	0.2158	-0.3436	-0.6882	-1.0251	2.3092	0.3687	-1.2532	-0.2199	-1.8179	-0.0459	0.8824	0.5300	-0.2829	0.9835	-0.0746	3.5246
-0.9090	-0.8694	-1.8453	-2.1700	-0.0886	-1.0538	-0.7631	-0.5980	0.1380	-0.0383	-1.0229	0.3746	-0.6682	0.7937	0.2811	0.5208	-0.0023	-1.7414	0.2172	-1.1617	0.7146	0.7286	-0.7078	0.3084	0.6079	-0.6507	-0.2401	-1.4184	-0.2875	-0.1744	1.0690	-0.8591	-0.0237	-1.2552	-0.9224	0.9221	0.2082	-1.7034	0.2666	-0.6978	-0.4082	0.3872	1.2262	1.0031	-0.3144	0.3673	0.8539	0.9589	0.3567	0.1844
-1.2218	0.0890	-1.0646	-0.1169	-0.1436	-0.6356	0.3636	-1.1630	-0.0471	-1.4127	-2.7887	0.5337	-0.9193	-0.4899	-0.0513	0.3197	-0.0659	-0.4465	0.7833	-1.3874	1.1417	-1.5660	0.6081	0.8138	-1.8832	0.6858	1.5258	2.0572	0.8969	1.2662	0.8723	0.6854	-0.0565	0.3790	-0.3306	0.4815	-1.0524	0.8634	1.4209	-0.7149	-0.2962	0.6177	0.5339	-1.0454	0.0466	1.5025	0.3857	-1.2327	0.3391	1.2631
1.1540	1.5841	-0.3113	0.4724	0.6818	1.3070	-1.0540	0.3290	0.2999	-1.9740	1.4326	-0.2348	-0.5195	-0.4897	-0.0500	0.0865	-0.6189	-1.9437	0.9963	-0.7431	-1.4010	-0.1811	-0.7484	-0.9294	1.6106	0.4974	-0.8184	1.8187	-0.3347	0.2569	-0.2472	-0.9932	1.0034	0.2508	-0.9239	1.3160	1.0931	-2.3651	-0.6890	-0.9526	-1.1034	-0.3834	0.3725	-1.5151	1.8236	-1.3220	-1.0424	-0.7810	0.2406	-0.8389
-0.6339	-1.4078	0.6498	0.1902	-0.5103	-0.3647	1.5114	-1.2748	-1.8793	-0.2576	0.4413	0.6132	0.1492	0.8005	0.1838	-1.2045	-1.7410	0.1692	1.5369	1.0179	-1.1046	0.0935	0.4287	-0.2649	-1.3311	0.2957	1.1211	-0.6559	-0.3911	0.3205	-0.8688	0.3788	-0.5941	1.6856	0.6758	0.4594	-0.1703	1.8248	-0.1691	-0.9751	-1.0292	1.1675	0.6815	0.4315	-0.0860	-1.8090	1.7359	-0.4533	0.3305	-0.9219
-0.3473	0.9406	1.3279	0.0104	0.4041	0.1094	-1.0219	-1.6069	-0.6012	-0.7083	-0.1550	-2.0319	0.7579	-0.2889	1.7659	-0.1082	0.4864	-0.2399	0.3768	0.9321	0.7285	-0.2857	0.3780	-0.0983	0.2239	-2.0178	-1.3938	0.1397	2.0537	0.9749	-1.0952	-0.4187	-1.0724	-1.2490	-1.1877	-0.2462	-0.5145	0.0486	0.6592	0.7562	-0.2756	1.6659	0.9161	1.9213	0.0908	-0.7201	1.1792	-1.0901	0.2647	0.4814
0.8775	-0.5354	-1.4987	0.6366	-1.4295	-0.9892	0.1359	0.2822	-0.2632	1.1957	0.8082	0.8019	0.8533	0.3789	0.1471	1.1024	-0.0707	-0.8844	-2.8455	0.1085	-0.5884	-0.0268	1.7627	-0.0334	-0.5068	0.1183	-0.4686	0.6774	-0.0716	0.7171	-0.0076	0.2774	-0.9200	-1.9801	-2.0131	0.0052	0.4971	0.7077	-0.4351	-0.7284	0.4746	1.5245	-0.7176	0.4829	-1.0860	-0.2127	1.2648	-0.6282	-0.4020	-0.1397
-0.7896	-1.6497	0.2251	0.0956	-0.5237	-0.1020	1.9902	1.0141	0.2794	-1.2979	0.4177	-0.2549	0.7738	-1.2267	1.2486	-1.8081	0.3751	-0.7034	-0.0478	0.4213	-0.9936	-0.5940	-1.7958	-0.2417	0.5163	-0.2477	-0.7649	0.4923	-0.2735	-0.8457	0.7578	0.8950	1.0796	-1.1247	-0.1525	-0.1434	0.1627	-0.6765	-0.6862	-0.5843	0.7574	1.7507	-0.1946	0.3405	-1.8039	0.0267	0.8538	1.4448	2.1167	-0.2401
-1.1040	0.3755	0.4803	0.4468	1.4133	0.3561	0.5434	1.5322	1.2632	-1.1827	0.7095	0.7309	0.0945	-1.0852	0.2002	-1.1124	-1.4951	0.6448	1.5752	0.6469	-0.5924	-1.2578	-0.5458	1.0628	0.8179	0.2524	0.9079	0.2537	1.0562	-0.0036	0.5459	1.7796	0.4085	-0.9388	-0.0718	1.1968	-0.0832	0.5055	-1.2043	0.4595	0.1266	0.1323	-0.4895	0.5749	0.5091	0.8769	-0.5216	-0.7279	0.5484	0.9644
-0.9442	-1.1377	1.0824	-1.0764	0.8318	1.0243	1.8728	-0.0690	0.5450	0.1793	0.3401	2.1024	1.7993	-1.6859	-0.0278	0.5011	-1.6850	0.8659	-0.7372	0.5223	0.7110	1.0814	-0.1414	1.2583	0.3828	-1.5861	-0.6714	0.2806	0.6939	0.4366	-0.8055	0.8703	-0.7459	-1.5111	0.4319	1.2702	-0.9033	0.2950	0.4623	-0.2442	-0.4882	1.1665	0.5285	0.6451	1.0708	-1.3014	0.2534	1.6479	0.6598	-1.2039
-0.2970	-0.9834	-0.4443	-0.5858	-0.9106	-0.6262	0.0926	-2.0300	-0.5014	-0.1635	0.9951	-0.2713	-0.6529	0.1323	-0.8496	0.9205	-0.4230	-0.2289	0.3178	-0.4835	0.5536	1.4336	1.4019	-0.3656	0.5862	-1.6540	1.3721	-0.0897	0.3571	0.5109	-0.6614	-0.2258	0.3985	0.2377	-0.7702	-0.3338	-0.3968	0.2510	-1.2889	-2.0046	-0.0317	0.9117	-0.5234	-2.8278	-0.8174	-1.3385	-0.6047	-0.1110	-0.9172	0.2003
-1.0230	0.6504	-0.1797	-1.9765	0.4992	0.6481	-1.1750	1.9677	0.1866	-0.1282	0.0071	0.9366	2.3259	0.0405	1.0211	0.0099	2.3501	1.4705	-2.0197	-1.2663	0.2063	-1.7151	-0.5946	0.3076	0.7021	0.9633	1.5747	2.1384	-1.5993	-0.9918	0.2816	-0.4132	0.7675	-1.3090	1.3672	-0.4324	-0.6765	-0.0706	0.0958	0.8173	0.2492	0.1272	-0.7911	0.5816	0.8348	-1.5816	1.0009	0.0131	0.5033	-0.4023
1.2765	0.2408	-0.7183	0.4142	1.7374	-0.0716	0.8035	-2.1647	0.2620	-1.0967	-0.2884	-1.1575	-0.6481	2.4638	1.0601	-0.0900	-0.9212	-0.7197	0.2048	-0.2924	0.8652	0.9238	-0.3589	-0.5067	2.2607	-0.9450	0.6652	0.1691	-0.3353	1.1934	-0.9148	-1.8558	0.9955	-0.1521	0.0098	-0.7019	-1.1811	0.5227	-0.8851	0.7678	0.2337	-0.3221	-0.0588	-0.2028	2.4658	1.5246	-0.9816	-2.1130	0.7071	-1.2762
-0.2627	-1.0688	-0.1274	-1.5442	-1.2621	-0.6965	-1.4369	-0.0990	-0.4075	0.2553	0.3838	-1.2666	-0.8601	-1.5540	-0.7275	-1.4782	0.8742	0.0985	-0.7705	-1.0675	-0.1052	0.6255	0.9304	0.2047	0.3261	-0.2203	0.2484	0.5310	1.6467	0.2464	-1.1678	1.5613	1.7231	0.3401	-0.0620	0.5029	-1.3476	-1.1005	-0.4452	-0.4562	0.6480	-0.3914	-0.3539	0.0264	-0.3202	2.3274	-0.0503	0.4342	0.8903	-1.6543
0.5447	-0.6342	0.9245	0.4403	-0.5426	-1.0341	-0.6102	0.9045	0.7482	1.7599	1.6894	-2.9360	-0.8053	2.3109	0.9362	0.0480	1.0035	-1.0638	-0.7274	0.1906	0.7306	-0.4985	1.0927	-0.1507	-1.3291	1.8223	0.4867	-0.1493	1.2401	0.8751	0.5791	-0.1540	-1.1183	-1.1712	-0.1181	0.3595	0.6228	0.5155	-0.0949	0.2991	1.5982	0.6985	2.3953	-2.0405	-0.9717	-1.3487	0.1296	-0.7298	0.3081	0.2088
-1.3125	0.6840	0.6802	0.9476	0.2059	-1.5891	-0.9076	0.5165	1.8275	-0.4174	0.5705	-0.6422	0.8046	1.1205	1.6320	0.4091	0.9724	-0.3595	0.0778	0.1048	-0.9786	-0.0591	0.3407	0.1113	-0.1861	0.1846	0.3396	-0.5676	-0.4623	-1.4555	-1.7301	-1.5126	1.8718	1.2766	1.7215	-0.9699	-0.6592	-1.1755	-1.1520	-0.0388	1.3040	-2.2031	-0.4274	-1.5581	-1.0947	-0.6035	-0.6738	0.5762	0.7130	-0.9277
0.1286	1.3938	-1.5176	-0.5714	-0.9373	1.6890	1.6485	0.4137	0.8095	-1.4618	-0.0694	-0.5516	-0.5262	-0.2164	-1.5975	-0.2338	-0.0120	0.1055	-1.0963	0.4141	-0.7371	-0.3329	1.2987	0.9683	-0.9725	-0.5265	-1.5168	-0.3207	0.9270	0.1172	0.5879	-1.2476	0.7586	-0.8301	-0.7221	-0.5582	0.6192	0.0120	0.9900	-0.4123	1.0565	-0.8189	-0.9768	0.7263	0.0391	1.2881	-1.2027	-0.8958	0.1726	0.2393
-1.3307	-0.0039	0.7316	-1.8515	-0.9848	-0.3884	-1.3963	-0.7928	0.6067	0.9485	-0.7640	-1.0914	1.6444	1.5978	0.2069	-0.6696	-0.7538	-1.9115	1.1671	-0.2360	1.7753	-0.9467	-0.4103	0.0593	1.8799	0.6026	-1.3244	0.1165	-1.2372	0.6308	-0.4544	0.8245	0.0081	-0.8279	-0.3953	-1.3274	1.0885	-1.0860	1.0007	0.8661	-0.0268	-0.2333	-0.9275	0.0695	-0.6883	-0.7016	-2.0840	0.1356	-1.8418	-0.5492
-0.6210	-0.4224	0.9479	0.6524	-1.1145	1.3005	-0.3111	-0.4458	-1.1955	1.3818	0.9229	-0.4192	0.6272	-2.2220	0.7518	1.3890	0.8736	-0.7059	-0.4116	1.1258	0.6742	2.5141	-0.4317	0.3926	-0.4330	0.1087	-0.2135	-0.7823	-0.0768	0.4124	1.1569	0.8627	-0.5264	-0.5507	-2.4351	2.0019	0.5364	-0.3958	0.4350	-0.5719	0.5676	-1.0494	1.0815	0.6144	-0.4837	-0.3876	0.7895	1.5213	-0.3885	0.6376
0.0698	-0.4184	-1.9891	-0.6653	1.1542	-0.4827	0.8195	1.0288	2.0817	-0.8076	0.2010	-0.2559	-1.0143	-1.6222	-0.5761	0.8105	-0.4389	0.8648	0.6562	0.7464	-1.6813	0.9356	1.4073	-1.3717	0.5741	2.1398	0.6693	2.3566	-1.0619	0.4252	-0.0192	2.7899	0.4948	-0.5169	-2.2557	0.7102	0.4621	0.4895	1.0370	0.4451	-1.0467	-2.7268	-0.9146	1.3648	-0.6150	-1.9918	1.0143	-1.3258	0.4032	0.3000
0.2439	0.5797	-0.6449	-0.5963	1.7769	1.3390	-0.0950	-1.0006	-0.6131	-0.5703	-0.7175	0.2397	1.1592	-0.2830	-1.4523	0.8016	-1.5372	-0.6952	-0.5695	0.0750	1.1766	-0.4896	-0.8480	-0.2607	-1.9126	-0.0148	-0.9354	-0.4624	-0.2782	2.0359	-1.0765	1.3145	-0.0528	0.7173	0.4681	2.4627	-2.2056	-1.1376	-0.8895	-0.2622	-0.5615	-0.4065	-1.9529	-0.3624	-0.0264	-0.8821	0.0685	-0.1713	0.7158	-0.4909
-0.6358	-0.3067	-1.6980	1.3882	-1.3240	-0.2563	0.3411	-0.5417	-0.0288	-0.1679	1.4821	-0.7798	-0.1135	1.2798	1.3824	-1.7103	-0.2878	0.3685	0.4547	-0.1964	0.0308	-0.3749	0.3372	-0.4802	0.0579	1.1949	-0.5836	0.8429	0.9553	0.0380	0.6293	0.9162	2.3741	0.5459	-0.6693	0.5784	-0.0076	1.0721	-1.5928	0.8247	1.9434	-0.7190	-0.9070	0.4496	0.0556	-0.6798	1.0140	-0.3942	-0.6854	0.4722
0.9481	-0.1915	0.2282	-0.5340	0.5065	-1.0819	-0.3208	-0.4341	0.1890	0.7584	-1.1553	0.6379	0.5240	-0.3710	-0.7394	0.7760	1.5719	0.5152	0.9659	1.0998	0.3808	0.3328	0.5840	-0.0125	0.2299	-0.8596	1.6121	-0.5598	-0.1270	0.9903	1.8697	0.5380	-0.1079	-0.1225	1.3615	-0.2274	0.0596	-0.2230	-0.1634	2.0698	1.3619	-0.7946	0.4652	-1.1989	0.7664	0.0248	-0.5600	-1.5665	-1.8228	1.4023
1.3292	-0.2810	1.9013	-0.8088	-0.0129	1.4435	-1.0340	0.5077	-0.7740	-0.0408	-2.1661	0.1746	0.7540	1.2214	-1.1163	0.3391	0.8059	-1.3801	0.5087	0.2013	1.1809	0.1118	-0.7322	-0.8904	0.0362	1.2106	-0.1573	1.2700	2.3754	0.2821	0.3179	1.3832	0.0554	0.9625	-0.1067	0.1536	-1.7605	0.1994	-1.0484	-0.4294	-0.5768	-0.5597	-1.4277	2.0054	-0.0218	-0.1986	-0.7986	-0.4700	0.6156	0.7216
-1.3122	-0.3734	-0.6317	-0.9078	0.7965	-0.2556	0.7447	-1.1779	-0.6245	1.0870	-1.2440	1.1480	1.7321	-1.0466	-0.5505	-0.1890	0.2954	-0.2563	-0.0320	0.5654	1.0172	-1.7573	-0.9997	-1.7830	0.4919	-0.2285	-0.9400	2.2346	-0.0318	-0.7434	-0.7724	0.7476	0.4902	-1.4365	-0.3441	-0.7563	1.1631	-1.6081	0.4120	-1.0682	-0.7494	0.1896	-1.0819	-1.4073	-0.0140	0.4123	-0.1242	-0.5563	1.3510	-0.0126
-0.7175	0.4191	1.7803	2.9380	-0.2989	2.1020	2.0805	-1.1829	0.2722	-1.0715	1.6294	-1.3260	-0.3225	-0.0489	-0.4165	-0.3803	0.5620	-1.2042	-0.9624	-0.7574	0.2830	-0.0496	1.2431	-2.2884	-0.3439	2.4988	-0.7676	0.2629	-0.4854	-0.1863	0.3705	-1.3536	1.7797	1.1074	-0.4284	-0.8598	0.3061	1.3908	1.9690	0.4018	-0.5631	0.1785	-0.5582	-0.7211	2.4280	-0.5060	-0.2571	-1.0720	-1.1617	-0.2328
0.7999	-0.5674	-0.2862	2.4917	1.1785	0.8464	0.8384	0.5282	1.3910	-1.6630	-1.0876	-0.8775	0.1817	-1.0044	1.8602	0.2600	0.7554	1.0108	-2.2280	-0.7264	-0.6316	-0.5554	0.9330	-0.6273	0.9089	0.2380	-0.7059	1.0698	2.7879	1.3368	-2.0217	0.5604	0.1633	-0.0562	0.2765	1.1570	-0.0405	-0.3508	-0.6311	-0.1697	1.8407	0.7159	-0.3568	0.9368	0.1228	1.5068	-2.0466	0.3968	-1.2121	-1.0868
0.9543	-0.0082	-0.3577	0.7114	-0.5191	0.0976	-2.3855	0.4999	0.9782	2.0609	-1.6718	1.3493	-0.2664	-1.3744	0.4075	-1.1502	-0.3590	0.0740	-0.2244	0.0053	0.9818	-1.1601	-0.1485	-1.0972	1.7164	0.0321	0.3039	0.7176	-1.1311	1.7903	0.7688	-0.3791	0.4079	1.4977	0.4413	-0.6564	-0.2954	-0.7851	1.6360	-0.4468	0.5654	0.1886	-0.3286	0.1092	0.5377	0.9621	0.9295	-0.5764	-0.3741	1.0396
-1.5938	-0.9139	0.3423	-0.5589	0.3402	1.4793	-1.1795	1.5082	1.1670	-0.1484	0.5123	-1.3041	0.8432	-1.4295	0.3765	-3.0919	-0.0976	-1.0222	0.2400	-0.3484	0.7869	-1.6133	-0.7991	0.0447	0.7740	-1.0223	-0.5050	-0.7469	0.8114	0.1505	0.1196	-0.5486	-0.1040	1.0787	-1.5267	-0.5494	-2.1112	-1.1501	-0.6731	0.0587	-0.1830	-1.0168	0.5263	-0.4006	-2.3067	-1.0373	1.0090	-0.9407	0.2796	1.3416
-0.6969	-0.5213	1.2793	0.3967	-0.0255	0.3361	0.5444	0.7560	-1.5930	-0.8149	-0.5611	0.8993	-2.3400	0.2342	0.2811	0.8903	-0.5774	-0.7669	-1.7628	0.3674	1.2351	0.2148	-1.5403	-0.6563	0.6584	1.5142	0.0709	0.0752	1.0322	1.8666	0.8067	-1.8531	0.3545	-0.3230	1.9257	-0.0962	0.4946	0.2273	-0.3290	-0.2033	-2.6162	1.0986	-0.5768	-0.9647	0.1304	-1.6213	-1.2302	-0.0162	-0.4265	-2.6636
-1.3391	0.1998	-1.3734	0.7438	0.0518	-0.3188	-2.1596	0.1400	-0.0745	-0.7943	-0.1069	-1.0068	1.2529	1.0085	-1.7248	0.1493	-0.1894	-1.8544	-1.1639	-0.2870	-2.7753	1.4073	0.0195	0.3884	0.9292	0.4763	0.3721	-1.4232	0.3850	-0.9362	0.0433	-1.7303	-0.1215	0.0597	0.6580	-0.9928	-0.6492	2.1531	-0.5835	-0.2236	0.9616	1.1720	-0.3135	-0.1649	-0.0834	-0.4420	0.8383	0.2029	-3.0635	-0.3390
-0.4457	0.0380	1.5279	-1.4888	0.0348	0.1509	-0.3825	-0.5830	-0.8392	-0.1056	1.3031	0.7760	-0.5594	0.2461	-0.6135	0.1973	1.1275	0.2402	1.5622	0.4092	-0.1006	-0.1455	-0.3742	-2.0835	-0.6104	-0.0415	2.3888	0.5276	0.7845	0.5073	-0.0222	0.2648	-0.7124	0.5039	1.7741	0.7814	-0.0988	-0.6437	-0.9794	-0.3702	-0.2096	-1.2776	0.0220	-0.8343	0.7797	0.7181	-0.7157	-1.8863	-2.0847	0.3073
-0.0697	0.0874	-0.5642	-0.1357	1.4442	-0.7317	1.1582	1.1502	-0.7320	0.3384	0.7027	-1.3388	0.7712	-1.0396	-0.2355	0.5601	2.2662	-0.6384	0.3303	0.8659	1.0173	1.4791	-2.2483	1.0598	0.3646	1.4065	2.0357	-0.7233	0.1982	-1.1252	-0.6712	0.1880	-0.3635	-1.1518	-0.0019	-2.7417	1.0674	1.0767	-2.5322	-2.8179	-0.5551	-0.5371	-0.5894	-0.1551	0.2187	-0.9647	0.5482	-0.3833	0.0598	0.9248
-2.2995	-0.4417	0.4316	0.8395	0.5920	-0.0105	-0.5007	0.1704	-0.1271	0.1741	0.8441	-0.3455	-0.6152	0.8590	0.8323	-0.3864	-0.3464	0.1737	-1.6589	0.5395	-0.8832	1.0813	-0.1228	0.1115	0.8110	-0.2290	-1.9210	0.4061	-2.7662	0.9136	-0.5252	-1.2473	0.0416	-0.7656	0.0053	-0.0785	-0.2334	-0.3514	1.0999	1.3942	-0.5650	-0.1544	-1.6997	-0.1770	-0.3826	-0.0072	0.6857	0.7583	-0.8704	0.2298
1.4073	-1.1870	-2.1150	-2.2071	-0.4940	-0.2742	0.6148	-1.4783	-0.2684	1.7834	-0.6858	-0.1417	1.7290	0.3761	-0.1660	-0.3686	-1.2627	-0.4610	-0.5506	1.6106	-1.1116	1.0254	-1.2389	-0.0773	1.9126	-0.6690	0.6138	2.1107	1.8394	0.5578	-0.3821	-0.2746	-0.1161	-0.4109	1.3429	0.3186	0.3612	-0.3833	0.1439	-0.6253	1.3383	1.1846	-0.7210	1.1119	0.9227	2.6534	-1.2551	-1.0389	1.7179	-0.3754
0.9196	-0.5886	0.9484	0.7485	1.2733	0.8620	-0.2064	1.0545	1.6319	-0.0319	0.8925	0.9691	-0.4844	-1.1141	0.7264	-0.2093	-1.5483	0.8514	1.1191	-0.1199	-0.9249	-0.6387	1.7597	-0.7406	0.9164	0.4979	0.1324	-1.2823	-0.6970	-0.7487	1.3476	-0.4309	0.5777	-1.1345	-0.4369	0.6058	-0.4039	1.2913	-1.3860	1.1840	0.0247	0.2215	-0.4648	-0.2571	1.0709	-0.7673	0.5019	-0.2185	0.6756	-0.1477
1.6430	-1.0135	-0.2836	1.1656	0.5902	-1.4004	-0.1747	-0.0336	0.6076	0.0144	-1.2786	-1.6767	0.4629	-0.4754	-0.6868	-1.3993	-0.6061	0.2120	0.1447	-0.2877	-1.2989	-0.8494	-0.5044	-1.2183	-0.4056	-0.6605	0.6418	-0.0389	-1.2464	1.1320	0.4303	-0.2701	-0.5948	-2.0472	-0.0394	0.8371	-0.0079	1.6666	0.7842	0.9775	1.5934	-0.1612	-0.3158	-0.1514	-0.1939	0.9273	0.0182	1.3785	1.2022	-2.1227
-1.0356	-1.7205	2.3355	1.8211	0.9183	-1.4682	0.3365	0.3120	0.6076	1.2914	0.8142	0.2761	-0.4082	0.2488	-0.5345	1.3150	1.8266	-2.0514	1.5985	-0.0363	-1.2610	0.2601	-1.1883	-0.6063	0.5486	0.4633	1.1849	-1.3056	-0.3337	0.6160	-0.0240	-1.0695	0.2176	-1.5178	1.3930	-1.6139	0.4621	-1.8671	-0.2530	-0.3246	1.6419	1.3905	1.1027	0.4827	-0.3912	0.2672	-0.9806	1.4001	1.3630	0.8875
0.8284	1.6557	0.3152	-0.7574	-0.4912	1.0885	-1.1711	-0.6584	-0.4839	-1.5132	0.7322	-0.4869	0.0203	0.3567	-1.6151	0.5594	-0.4093	-0.4973	-0.4699	-0.3945	-1.1956	0.0941	-1.8496	0.2471	0.9355	0.2082	-0.5163	0.1529	1.2968	-0.1052	-1.2013	-1.0453	2.1395	-0.6867	-0.8565	-1.5839	1.0280	-0.5573	-1.0846	1.7249	-0.4383	1.0673	-0.3575	-1.7301	1.6064	0.1806	-0.2863	0.4720	-0.6522	-1.1669
-0.2618	0.0499	0.2107	0.2011	-0.8996	-0.6097	0.4391	-0.0612	0.9147	0.2482	0.3982	0.5268	1.1634	0.2441	0.9136	-0.3748	-0.1146	0.7643	-0.2743	-0.6794	-2.1363	1.0636	-0.0623	0.9330	-0.5219	1.9320	-1.1330	0.4721	-1.5845	0.9723	2.1924	-1.6038	-0.7092	-0.2820	0.3761	-0.6143	0.1805	0.9202	0.6400	-0.9774	-0.8129	0.2006	0.1932	-0.5262	-1.4384	-2.2973	0.4254	1.2665	-0.1777	-0.5478
1.2702	0.8207	-0.2535	-0.4886	-0.6566	0.3746	-1.4683	-0.1409	0.4490	-0.2923	0.7117	-1.8637	-0.4373	0.4417	1.4200	1.5129	0.5085	-0.2721	-0.6096	0.5502	0.5532	-0.4461	-1.2277	-0.7397	-1.3580	-0.8221	-0.0594	-1.0190	-0.1021	-0.6680	-0.3825	0.4307	-0.5479	0.2475	1.3354	-0.7274	-0.3777	0.1295	3.2594	-0.3521	0.8453	-0.2309	-1.6559	1.5879	0.8128	0.6089	0.4573	0.6452	-0.9224	0.6536
-0.6798	-1.2113	0.4838	1.2953	0.6262	1.0310	-1.2837	-0.6484	-2.0067	0.4703	-1.9220	0.0480	0.3300	0.7084	1.1269	-0.1481	-0.1100	-1.4968	-1.4444	0.3519	-0.2736	-0.2437	-1.5436	1.0537	-0.8028	-2.1045	-0.3089	-0.3464	-1.4345	-0.1665	0.2153	0.1766	-0.3649	0.5790	-1.1726	0.4072	0.9460	-0.7704	-1.1746	0.5037	-0.1659	-0.6428	0.0510	-0.7257	-0.1855	-0.3674	-0.5253	-0.1302	0.4448	0.9245
0.1025	-0.6610	1.9000	-0.2828	1.0470	0.0551	-2.0927	-0.1450	-0.9700	1.1757	-0.0003	-0.2483	-1.2235	-0.4465	-0.3045	-0.3629	-2.1275	1.1797	-1.1999	0.9709	1.4631	0.9241	-0.1040	1.7156	0.2646	2.0157	-1.2250	-0.1884	-0.6950	-0.8934	-0.6219	-0.5394	-0.3333	1.4116	-0.0756	-0.1141	2.8481	0.7040	0.7677	-0.2479	0.0384	0.4218	-0.0775	0.5123	1.5270	-0.1351	0.3558	1.0525	-1.9773	-0.4524
0.2103	-1.1900	1.4484	-1.0936	-0.1869	0.2389	-1.6410	0.0071	0.4406	0.4836	-0.8155	1.2512	0.4518	0.6783	-2.1595	-0.6870	0.4593	1.4298	0.2050	-0.6946	0.4781	-1.1524	-2.0051	-2.2908	-0.8516	0.6162	-0.8426	-0.7533	-0.4627	0.3536	1.3041	-0.6498	0.9659	-0.9786	-2.2145	-2.2447	-0.2264	1.2924	0.1434	0.3542	0.6681	0.1119	-0.6568	-0.6680	0.5321	-0.7640	-0.7247	0.7564	2.0980	0.2576
-0.0841	-1.1785	-0.3287	-0.5177	0.9735	0.2130	1.8796	-2.0045	-0.6215	-0.7667	-0.6973	1.3409	0.7484	-1.7062	-0.6916	0.8583	-0.6559	-0.1013	-0.3047	-0.4806	-1.3037	0.8751	0.4331	-1.4869	0.4616	1.4364	-0.6075	-0.0930	0.4190	0.5454	1.7236	0.1597	-0.5180	-1.6742	0.1113	-1.6526	-0.1583	0.6297	0.8698	-1.0624	0.3010	0.1337	-0.5080	0.0304	1.6111	0.2280	-0.0007	-0.2887	1.3616	2.0824
-0.1088	1.9283	-1.3774	-0.6014	-1.0327	-0.1031	1.3453	0.4764	0.1541	-0.0722	1.2072	-1.0783	-0.9760	0.6342	-0.4772	1.3807	-0.2455	0.3157	0.7247	-0.4337	-1.4490	-1.2132	1.8394	-0.8406	-0.5789	0.1785	0.8383	-1.0735	0.7285	0.5809	0.7946	-1.1090	-0.8882	-1.2826	1.0373	0.8459	1.9345	-0.6971	0.3873	1.3698	-2.2146	0.4850	-0.9247	-0.9599	-3.2329	1.5724	-1.2420	-0.2877	1.6572	0.5037
-0.0136	-0.4693	0.2101	-0.5623	-0.5340	-0.6648	0.1424	0.3748	-1.0051	0.1034	-1.0145	0.2350	-1.4688	1.9022	-0.4082	-1.4694	0.3242	0.9620	-1.3469	1.6685	-1.0367	-1.4046	-0.9495	-0.5195	0.3149	1.2218	0.0816	-0.4909	-0.0255	2.3087	1.1341	-0.3984	-2.1150	-0.9996	-0.0460	0.4240	-0.2334	2.0345	1.0323	0.7225	-0.9375	-0.0670	0.6750	-1.2284	-1.7126	-1.1070	-0.2687	-0.2804	-2.0455	0.5566
-0.0007	1.7950	0.8861	0.4763	-0.6627	-0.4989	0.4002	-0.0832	0.4839	-0.2629	-0.2666	0.4136	-2.6221	0.2464	0.3321	-0.8571	-1.5250	0.7605	-1.1047	0.2905	0.5246	0.0303	1.1360	0.1278	0.6959	0.4477	0.0289	0.4137	-2.4607	0.7422	-0.3209	0.2023	0.0669	1.6912	-1.0076	-1.3120	-0.1669	-1.1571	-0.7839	-0.8370	1.0078	-0.1904	0.7190	-1.7511	0.5712	0.7537	0.9109	0.3066	1.3050	0.3379
-0.0733	1.0763	-0.2036	-2.4147	0.4931	-0.7834	-0.4498	1.5064	-0.7098	1.7716	0.3573	-2.5609	-1.9045	1.0252	1.2049	-1.4341	0.0549	2.1247	-0.0020	-1.0207	0.2466	-0.3361	1.5422	0.2142	-0.0291	-0.0990	-0.7582	0.3788	0.6734	0.0799	-0.4920	-1.5163	0.8539	0.2357	0.3337	-1.9402	-1.9666	0.6515	-0.7064	1.0805	0.4996	-0.3458	-0.3408	0.3580	0.6754	0.6896	-0.2400	-0.9597	-0.8553	0.7734
-0.7663	-0.6760	-0.2802	0.4151	-0.3775	0.9049	0.1119	1.6323	-1.7454	-1.4120	-0.0518	-1.0358	0.0774	-1.2029	-0.8729	0.9570	-0.1646	1.9395	0.7727	1.4084	-0.3703	-0.1714	-0.3088	0.2670	-0.1009	-0.4358	-1.0202	0.3762	0.0011	-0.8122	0.7387	-1.9386	0.2468	2.0359	-1.8918	0.1302	-0.0538	-1.4423	-0.9194	-0.6321	0.5819	-1.2527	0.5198	0.4294	0.6470	-0.0828	-0.1162	1.7891	0.7279	1.0175
-0.7009	0.8676	-0.4532	0.9322	0.6486	1.1309	0.3035	0.7865	-0.5167	0.6240	-0.4734	-0.5196	-0.6280	-1.3714	1.7350	0.7845	-1.2324	1.3666	0.9621	-0.7663	-1.5972	-0.4651	-0.2083	-0.6995	0.5468	-0.2954	1.6255	-0.7369	1.4894	1.3024	-0.2224	-0.0856	0.5363	0.3590	2.0672	0.2939	-0.5788	-0.6984	0.7736	-0.5203	-0.2246	-0.5747	-0.4680	1.3189	-0.0068	-1.0359	1.5626	1.0222	-0.4455	-0.4715
2.2645	-1.0114	0.9901	-0.5782	-0.5832	0.5031	0.7175	0.5300	1.3560	0.1142	0.6231	-0.7352	2.0072	0.0272	-0.0182	-0.8666	2.1991	-1.0892	-0.5100	1.4116	2.1801	1.7131	2.4007	-1.0583	0.3557	-0.4542	0.7532	0.4532	-2.0947	-0.6062	0.3562	0.6023	-1.0338	-0.0623	-0.2895	-2.3468	1.3355	-1.1085	-0.9744	0.9452	0.4919	1.0611	0.1856	0.5020	-1.6184	0.2354	-2.2449	-0.6144	-0.5407	1.1170
0.8127	1.1337	0.3287	0.9259	0.8507	0.9760	-0.3038	-0.5821	-0.6454	0.5308	0.7584	-1.0222	0.1586	0.1493	-0.3724	-0.8350	-0.4401	-0.3616	1.4384	1.0555	0.2267	1.4752	0.5539	-0.3534	-0.2425	-0.6759	0.3879	0.3859	-0.0204	-0.4329	2.2041	-0.6762	0.4040	1.4286	-1.7586	0.6229	0.6661	-1.5644	0.8850	0.0863	0.9954	0.5019	0.5075	-1.0232	0.2142	1.7738	-2.2486	1.1072	0.4424	-0.8507
-0.1223	0.5570	0.0145	0.8493	0.7783	-0.3964	1.4268	-0.2841	-2.3244	-2.1088	0.4322	-0.4169	-0.0418	1.0950	1.3519	-0.3427	-1.3803	0.6360	-0.3594	0.2401	0.6661	-2.0023	2.1329	0.3866	1.4749	-0.6806	-0.1526	-1.2790	-1.1573	2.3846	0.2837	0.1628	1.0703	1.4125	0.4222	0.2354	-0.0505	-0.6217	-1.2537	-1.3252	-0.3261	0.0734	0.4568	-0.1298	0.6556	1.4257	-0.6787	-0.4343	-2.2236	0.5492
0.4096	1.1728	0.1432	-2.1429	0.5714	-0.4663	-0.1392	0.2353	-1.7886	-0.7514	0.4001	1.4549	0.4143	-0.6538	0.3954	-0.4010	-1.4576	-0.5893	0.5592	1.6204	-0.0009	-0.0105	0.2494	-0.5174	-0.2804	0.0940	-0.9323	0.2544	0.5065	0.9783	-0.6336	1.7995	-0.4193	-0.4033	-0.4098	0.7388	0.1593	0.1376	-0.4556	0.3313	-2.1013	-1.9451	-1.5090	0.0480	-0.0030	0.7114	-0.2494	-0.1243	-0.4969	-1.8119
0.1983	1.2297	-0.0973	1.6052	-0.1980	1.1922	0.2107	-1.1370	-0.3654	0.2415	-0.5280	-0.0881	0.4867	2.2476	0.8623	-0.6512	1.4917	-1.5180	2.8312	-0.2253	0.3451	-1.5327	-1.0160	1.0773	0.3077	0.7254	-0.1717	0.9440	1.1149	0.9436	0.2716	-1.3818	0.4624	0.5966	-0.7683	-0.5225	-0.3795	0.8495	-2.6375	0.2985	-0.3068	-0.8613	1.4717	-1.1453	0.8009	-1.2995	0.8760	-0.1369	0.8897	1.6223
0.7739	1.2817	-0.9592	-0.3743	-0.8828	1.8116	2.4831	1.0759	0.6389	-0.8661	-1.5366	-0.7367	-0.3514	0.4788	-0.8765	1.2199	0.1653	-1.3702	-0.4710	-0.1225	1.3218	0.4327	0.9192	-0.8020	-0.3373	-0.7760	0.1582	0.4605	-0.4239	0.4589	0.0847	0.9589	-0.8475	0.8205	0.8456	0.7148	0.1854	1.0013	-1.4507	1.1036	0.5720	0.5582	-0.8175	1.7473	-0.3636	-1.4203	-0.2902	-1.7207	-0.1419	-0.8429
-0.9345	-0.5499	0.8037	0.3719	-0.5572	0.0909	0.2960	-0.8183	-0.8150	-0.4053	0.3020	0.1716	-0.0944	0.3088	0.1183	1.2944	-0.3275	-0.5048	0.0602	-1.0110	-1.3964	-0.4796	0.1318	-1.4155	-1.0010	0.0472	2.4514	1.1924	-1.6764	-0.4677	-1.0094	-0.9805	-0.7822	0.6496	-1.0662	0.7327	-0.3835	-0.4420	-0.9184	-0.4278	0.1129	1.4456	0.1056	0.2093	0.5887	-1.1064	0.7315	1.4410	-0.8830	-0.5592
1.0573	-0.5145	1.4553	0.9386	0.5505	-0.3352	-0.1449	-0.9260	-1.2321	-0.1845	1.8339	0.0771	-1.1219	1.4784	-0.2068	-2.1287	0.9924	1.7079	0.3455	-0.5991	-0.5204	-0.1707	-0.0331	0.2530	0.7582	0.0474	0.3224	-0.4843	-0.9095	-0.9779	1.6309	-0.9839	-1.2930	0.1471	-0.7544	-1.8075	-0.9193	0.5509	-0.1309	1.0061	-0.2142	0.1170	0.1455	-0.1675	0.1236	-0.4482	-0.7177	0.7566	-1.0154	-0.2525
0.0874	0.0104	0.3430	0.1131	-0.2782	-0.6231	1.7703	-0.4603	-1.7875	0.7022	-1.7658	0.2881	1.9521	-1.0981	0.7090	-0.6606	-0.2971	0.6198	0.0277	-1.1018	-0.2743	-1.6391	-0.2682	-1.4825	-0.3570	-1.3588	0.4296	0.7316	-0.8819	1.5813	0.1347	-0.4040	-0.6014	-0.4243	-0.7578	-0.0829	-0.8450	1.1974	0.1371	0.4324	0.8674	1.8909	-0.4865	0.8104	0.0747	-1.1502	0.4286	1.2883	-0.6090	-0.4512
0.5884	0.9433	0.7520	1.5443	0.0276	1.1263	-0.7236	-1.1947	0.6297	0.2541	0.7291	-0.0946	-0.6863	0.6907	-0.7688	2.3763	1.5923	-0.3609	-0.4175	0.8632	0.2976	0.6089	1.6261	-0.7899	-1.0700	1.2918	1.0473	0.9206	-0.1257	0.9262	1.2384	0.3996	1.2641	0.9890	-0.5002	-1.3132	0.5543	-0.1827	0.9246	-2.0043	0.4790	1.4756	0.5460	2.4752	1.3855	-0.6190	0.0775	0.0317	1.7711	-0.0461
-1.8156	-0.7617	0.7896	-0.2462	-0.8136	0.1061	-1.2520	0.7098	0.3383	-0.1138	0.8771	-0.8573	0.1026	-0.9639	-0.0158	1.1816	0.9974	-0.0807	0.3354	-0.9151	-1.0973	0.6490	0.2408	-0.0176	1.0756	0.2195	0.3266	-0.0135	0.7902	1.0734	-0.6936	-0.4627	0.5402	-1.2370	-0.3660	0.3410	0.9529	1.1559	0.0672	-1.1286	-0.0722	0.6999	1.7108	-0.6017	0.0080	-0.1790	-0.1335	-1.4119	-1.4798	-0.1934
-0.8606	1.0414	0.7274	-0.0433	0.2095	-0.6594	0.0671	1.1048	-0.9630	-2.1226	-2.1807	-1.5045	-0.4930	0.0282	-0.3198	0.5549	0.9589	0.3313	1.3560	-1.4667	-0.1445	-1.0889	0.7450	-0.1152	0.4170	0.4612	0.3498	-0.6880	-0.3098	-0.6251	-0.8149	1.1001	-0.3352	0.7162	-1.7090	-0.7102	-0.1710	0.7532	-0.2047	-1.6310	0.2976	0.5030	0.3192	-0.9567	-0.9732	-0.0696	-0.2908	-0.2791	-1.3937	0.9203
-0.4761	-0.4230	0.4879	0.2483	-0.0474	1.3352	0.2205	1.0250	0.1968	0.0946	1.1210	-1.6573	0.2798	-1.2977	-0.0240	-1.5708	0.0488	0.6727	-2.4045	0.0106	1.2406	-0.1300	-0.3280	-0.1443	-0.7533	0.0565	-0.6859	1.5559	-1.5803	-0.2823	0.3396	-1.5732	0.0229	-0.8849	-0.1808	0.5341	0.6156	-0.2221	-1.0484	0.1683	0.2603	0.3853	-0.0540	-1.4092	-0.1845	0.7129	-0.6240	-1.3733	0.3556	-0.0469
-1.1591	0.0754	-0.4339	0.5063	-1.5183	-1.0943	0.4338	1.0238	-0.7840	-0.5346	-1.2551	0.2452	1.2399	-0.0196	1.2514	-0.8048	0.2510	-0.0526	1.1392	-0.5594	0.2141	-1.0678	0.8095	1.2430	-1.4253	-1.4029	0.4937	0.1617	0.0056	-0.8796	-1.3906	-0.0512	-2.0770	1.3133	-1.4841	-0.7476	0.8133	-1.6895	0.1823	0.3049	0.6789	-0.8069	1.3452	-0.4012	-0.4633	-0.5785	0.4199	1.1557	0.1576	-1.3220
1.8477	-1.5589	1.0900	1.0489	-0.9914	1.4378	-0.2035	-1.3300	0.4902	2.0202	0.2196	1.4410	-1.6142	-1.4205	0.9341	-1.2433	-1.0275	-1.3741	-0.6895	0.2865	-0.2271	-0.9435	0.3176	-2.3082	1.4345	-2.1438	-0.3761	-1.8073	0.6940	0.4401	-1.0483	-0.3919	-1.4303	-1.1254	-2.0578	0.0565	2.2766	2.2407	1.3575	1.0421	0.0423	-0.9139	-1.5599	0.3060	-2.8177	-0.8590	0.7944	2.3199	0.7253	-0.3724
-0.4247	-1.2502	-0.4065	-0.4827	1.4749	0.5599	1.7682	-0.1670	-0.9848	-0.2952	-0.3173	0.0732	-0.9271	-0.1631	-0.7073	0.0585	0.4146	-0.0155	0.6977	1.2786	0.2276	0.4632	0.3053	0.0775	-0.3862	-0.9299	-0.3780	0.1076	0.7046	-0.6138	0.6112	1.7121	0.5677	0.9671	0.4703	1.4693	-0.6856	1.7865	0.3362	-0.8286	2.0488	0.6988	0.6691	-1.4866	-0.5097	0.0908	-0.3916	-0.3377	0.4517	-2.8713
0.2866	0.7219	-0.6583	1.3149	0.1981	-0.8131	-0.7867	-2.0382	1.7315	1.6179	-0.3250	-0.0199	1.2779	-1.6684	0.5430	-0.0971	-0.6900	-0.9139	-0.0879	-1.0642	-0.5265	-1.5350	0.1425	-1.3168	0.3495	-0.7271	1.3315	-1.3949	0.2538	-0.8865	-0.5276	0.8677	-0.4478	0.5279	0.1738	1.2556	1.8346	-0.1197	-1.1750	-0.9900	0.1030	0.5756	0.7010	-0.6952	-0.5365	-0.4698	-0.0598	-0.4602	-0.6425	-0.4921
0.9892	0.8948	0.7663	-0.2044	1.3138	1.1405	0.7763	0.7228	0.4973	-0.0331	0.2232	0.2989	0.3378	0.7344	0.0695	-0.6267	-0.3176	-1.1800	0.1756	-0.3071	1.2652	-0.0406	0.7562	-0.6177	-0.3905	-0.0635	-1.5511	1.7581	0.3773	-0.2171	-0.0027	-1.6471	-1.3866	0.5673	-0.5289	1.3266	-0.7231	0.5678	-0.2961	1.1310	-1.0125	-0.8076	-1.1517	-1.7330	0.1004	2.0993	0.4218	0.3140	-0.3473	-0.3239
0.5349	-0.3011	-1.7569	-0.2822	-1.4552	-0.1519	-0.1035	1.5582	0.0312	0.0835	1.0130	0.3006	1.0493	-1.4921	-0.5036	-2.0962	0.6456	1.3814	0.3544	0.2213	0.1566	0.6268	0.9530	0.2909	-0.4611	-0.3133	0.6915	-1.0269	0.1367	-1.2415	0.8221	-1.1341	0.0011	0.5706	0.4875	1.3436	1.2043	-2.1914	-0.0254	-0.1055	0.7496	-0.8910	-0.1776	-0.6656	0.4496	-1.2627	-1.6455	1.4923	1.3703	-0.2914
-0.3702	0.1744	-2.0397	-0.5299	-0.5763	1.1852	0.2009	0.4236	0.1920	-1.4378	-0.0988	-0.1721	1.6325	-0.2816	-1.3113	-1.2377	-0.7958	-0.0111	-0.4435	1.1344	-1.1262	0.1190	-0.0151	-0.4669	-0.0157	-1.1341	-0.4653	0.4217	-1.8235	-0.0781	-1.6906	0.7400	-1.8676	-0.2919	-0.4094	0.8224	2.6782	-0.0613	-0.7373	0.8484	-0.5313	0.1626	-0.1264	0.0991	0.1425	0.1397	0.7006	-1.1440	-0.2636	-0.9855
-1.3562	-0.5425	-0.2134	-0.9802	0.1677	-1.4328	-2.1634	-0.9903	-1.3561	-0.6109	0.1858	-1.4332	-2.7075	0.3103	0.2046	-0.8966	-0.0225	0.2694	-1.0744	-1.0800	1.0172	0.6554	0.3541	-0.0528	-1.3417	1.4162	-0.2657	-0.3348	-0.1189	-1.0798	0.0942	-0.6216	-1.0484	-0.1085	2.3003	0.4000	2.2535	-0.6967	-0.1124	0.4440	0.3399	-0.9483	-0.8689	-2.4232	-0.2292	-1.2574	-0.3652	0.0977	-1.4858	0.7368
-1.2888	0.4042	-0.4519	-1.5907	-0.4954	-0.9715	0.5644	0.8915	0.1902	-0.9535	0.0857	-0.9804	1.2626	0.7565	-0.8449	0.0319	0.0879	1.0268	-0.2006	-0.3797	-1.0057	0.1141	-0.7923	0.3969	0.9009	-2.7060	0.2313	0.3160	-0.5091	0.8073	-0.4885	-0.9861	-0.1066	1.4135	-1.2193	-0.6849	0.4243	0.3782	-0.4165	-1.3317	0.2690	0.5640	1.1553	0.6357	0.0163	0.3516	0.9093	-0.2452	1.8224	-1.3912
-1.7922	-0.6532	1.0406	0.2017	-0.6046	0.0430	-0.8275	-0.4672	-0.6277	-0.3829	0.2979	1.3865	0.3055	-1.1407	0.8748	0.0529	-0.7053	-2.0219	1.1961	1.1576	-0.3473	0.1251	-1.2752	1.6346	-1.3572	-0.3058	-0.7791	0.3655	-0.0641	-0.8651	0.4412	-1.0789	0.4707	-0.2492	1.1613	-0.3991	0.1057	0.3204	-0.4319	0.4798	-0.2116	-0.6951	-0.3873	-0.9367	1.2173	0.0910	-1.4907	-0.9997	1.1888	0.0658
0.9580	-0.0908	0.7730	-1.4878	-1.1065	-0.8994	2.2526	0.0923	-1.3555	0.7718	-1.1266	-0.7105	1.5021	-0.1512	-0.7668	1.5234	-0.6740	-0.8337	-1.3314	-0.1248	0.1728	-0.3769	0.4283	0.4477	0.0313	-0.6580	0.9048	-1.7295	0.1464	-0.5455	-1.1715	-0.5661	0.0236	1.0284	-1.1656	-0.2274	0.5054	0.9205	-0.8460	0.0920	-0.4533	1.4735	-0.9433	0.7701	0.9454	-1.5561	-0.1033	0.3232	-0.1556	0.4044
-1.4349	-0.9555	0.8903	0.6630	0.4741	0.0830	1.0655	2.1816	-0.2017	-0.7139	1.1648	0.5296	-1.5557	0.1155	0.5381	1.0685	1.2792	0.6998	-0.6108	1.2953	-0.9245	0.4232	-0.9781	-0.8799	-0.1753	0.6360	-1.6561	-1.1668	-0.2320	-1.6872	-1.1096	-2.1624	-2.0755	0.8840	1.2403	0.0381	-0.3217	-0.4677	-1.6044	1.5952	0.5290	-0.1166	-0.1803	2.2126	1.5633	-1.3180	-0.1256	-1.0663	0.1109	0.1743
0.0578	-1.9074	-0.8478	-0.6257	-1.5530	-0.4689	0.3269	0.2582	-1.1236	0.1193	-1.4445	-0.0227	-0.6232	-1.5569	-1.8497	-0.5032	-0.6493	-0.3362	2.1314	-0.2541	-0.0865	-0.0900	-0.3662	0.3541	-0.2078	-1.4366	0.2566	0.0447	1.2634	-0.8047	-1.2113	-0.3523	0.8324	-1.5854	-1.0984	-0.1108	-0.6175	0.5577	-0.0919	1.2427	0.7785	-0.4336	-1.6011	0.6667	-0.0862	-0.4887	-1.7592	-0.4787	-0.5984	0.5010
-2.3207	-0.0365	-1.6715	-1.3257	0.7141	0.4163	-2.0491	-0.1301	-2.1311	1.1804	1.0506	1.0231	-0.0335	0.8173	0.4254	1.3693	-0.3267	-0.4406	-0.5761	0.2195	-0.0134	-1.2304	0.2574	-0.3868	1.7207	-0.1840	-1.6428	-0.0895	-1.1537	0.6407	1.3800	0.4182	0.8682	0.0870	1.5623	-1.3181	-0.4883	0.9446	1.2320	0.0628	-0.6282	0.8986	0.5374	-0.5666	-0.5387	-2.2606	0.4702	-0.6094	0.8995	-0.6978
0.6556	-0.0144	-0.5550	-0.0256	0.3955	-0.6675	0.8648	-1.0464	-1.0150	1.8595	-0.5624	0.1151	0.8912	0.9012	-0.5462	-0.4880	-1.8674	2.3037	0.2586	2.1147	1.7084	-0.5073	-1.3629	0.4033	2.5943	0.4003	1.5666	-0.0107	-1.6526	0.6273	-0.5086	1.5579	0.3068	0.5653	-0.6437	-0.1890	-1.2444	-1.5157	-0.4015	-0.3043	0.3851	-0.4436	0.9800	0.2611	-1.4720	0.1945	0.4751	1.1276	-0.4209	1.2078
-0.7696	-0.4020	-1.0511	1.3852	-1.5952	-0.2652	0.0077	1.7350	0.8242	-1.0625	0.8720	-2.0666	2.8270	-0.2553	0.6211	-0.1482	0.6767	1.3750	-0.1462	0.4059	-0.7540	-1.9536	0.8963	0.2486	0.4602	0.2270	0.5863	-0.5686	-0.7454	-0.8127	-0.5453	-2.0653	-0.8444	-0.0505	-0.4534	0.6766	1.2200	0.9236	-0.2457	0.6878	0.5957	-1.3487	2.2201	-1.0254	-0.2006	0.6886	-2.2357	0.2890	0.2284	-0.7122
0.7044	-0.1918	1.3498	0.4702	0.4216	-2.7064	-0.1686	0.1816	-1.6832	-0.9615	-0.1200	-0.7122	0.1527	0.0598	-1.3328	0.0304	0.7585	0.5268	-0.8569	0.0781	0.2679	0.7017	1.2222	0.2470	0.3534	0.0952	-2.5090	-2.0933	0.8964	-0.8446	-0.3065	-0.5300	-0.0672	-0.6144	0.8240	0.2961	-0.8274	1.8821	0.5419	0.5373	0.7169	-1.5862	0.6417	-1.1378	-0.7545	-0.5849	-0.7030	-0.6349	-0.1652	0.0988
0.7377	0.1595	0.3272	-1.6277	1.2401	1.1610	-0.3022	-1.0548	1.3305	-0.0558	0.0136	-0.1313	-1.2331	-0.2769	1.9943	1.7987	-0.2243	-0.2236	-0.0697	-1.8580	1.8981	2.2998	1.3961	-2.0137	2.0441	1.3384	-0.9012	2.1984	0.1833	-1.5892	0.0242	1.7432	1.4110	-0.0739	-0.8921	0.4336	0.1307	-0.8889	-0.1652	-0.7768	-0.9374	-1.3231	1.6378	0.0912	-0.6883	-1.3293	-1.4479	0.0634	-0.9233	-1.4306
0.4963	0.3417	-0.2068	-0.2746	-2.7492	0.8828	1.0953	-0.4431	0.4210	1.8088	0.0382	-0.8598	-0.2503	0.0994	-1.3928	-1.1501	-0.4240	1.1623	1.1256	2.1611	0.0908	-0.0825	-0.6721	-0.0542	-0.5622	-0.0105	-0.7648	-0.2308	-0.1420	0.6777	0.2491	-0.1089	0.7065	-0.7420	-0.4437	-1.5509	-0.1692	-0.3355	1.2885	-0.9130	-1.1948	-1.6675	0.2192	-0.8924	0.3777	-0.8634	-0.2166	-1.5635	1.3866	-1.6488
0.0792	-0.1125	0.4897	0.2750	0.4619	0.6705	-0.0384	1.1768	-0.7756	-0.3964	-0.3502	1.8250	1.1032	-0.4356	0.5678	-0.5631	-0.0256	1.4221	-0.5080	-1.2434	0.3201	-0.1792	0.2955	0.4542	0.6264	-1.2713	0.9670	0.7841	-1.6712	-0.1650	0.3599	0.4785	0.7670	0.3972	2.1349	-0.9329	-1.3688	1.7870	0.6069	-2.0142	0.6151	-2.1795	0.5793	0.6120	-0.1214	-1.2300	0.0580	0.3100	-0.5935	-0.1322
2.3322	0.2966	0.9359	0.8051	-0.2945	1.9210	0.3344	0.6091	1.0910	-0.3740	3.0703	0.5931	-2.2999	0.7280	-0.0680	0.0255	-0.4327	-0.5411	-0.4426	0.0570	-1.0566	-0.7407	-1.5784	-1.4072	-1.3841	-2.0869	-0.7973	-0.7330	0.6280	-0.7046	-0.1032	-0.1513	0.7736	0.4071	0.0846	0.8928	1.3763	0.1037	0.1799	-1.8916	-0.6255	-3.0676	-1.0465	-0.9845	-0.7535	0.7491	1.3190	0.0327	0.2170	-1.4184
-0.2387	0.2527	-0.2407	0.0866	-1.3185	0.7747	-0.0542	0.4596	0.7652	-1.3459	0.6077	0.0959	-0.9406	-1.2185	-0.3928	0.2218	2.0293	0.7288	0.1530	0.1603	1.6848	-1.5490	-0.1272	-0.7434	2.6712	1.9775	-0.6549	-0.9527	-0.4521	0.9438	1.4073	-0.4349	-0.6697	0.9450	-1.2563	-0.5295	-0.2116	-0.7178	-0.3573	0.6216	0.1420	-0.3578	0.7171	-0.1742	-1.4129	1.4374	1.4416	-0.1854	1.5499	-0.9000
-1.3009	1.9812	1.1099	1.7172	-2.1217	0.4013	-0.5136	-1.7198	1.4715	-0.3658	0.4982	-0.0402	-1.2575	-1.6843	-0.0909	-0.3724	-0.3827	1.2165	-0.2372	0.7637	-0.2502	-0.4779	-0.1159	-0.2424	1.2116	-0.7799	-0.4036	0.3039	0.7367	2.8702	-0.8422	-2.0579	0.7230	-0.1418	-0.8757	-0.1512	0.0196	-1.9360	-0.0151	0.1818	-1.1530	-0.4564	-0.2890	-0.5386	0.6648	0.4701	-0.7423	0.0178	-0.7427	-0.2253
1.7539	-0.4933	-1.0181	0.6962	0.8686	-0.4151	-0.7307	0.1318	0.3619	-0.2047	0.2069	0.2031	-0.4175	-1.2249	0.8315	-2.1177	-0.3918	-0.2992	0.1220	0.0042	-0.3765	1.4423	0.6209	-0.8181	-1.3981	-0.4777	-0.6889	0.5783	1.2135	2.3806	2.0318	1.2520	-0.2248	-0.6529	-0.2824	1.5802	1.9379	-1.0230	-0.6250	-1.4403	-0.0186	0.2432	-2.5550	-1.1751	0.6621	0.4608	1.7070	0.5135	0.6038	-0.4218
1.0037	1.1941	-0.3021	0.4494	-0.1571	-0.7277	-1.6992	-0.6081	0.1100	0.4590	2.6285	1.5716	2.3834	1.0157	0.0227	0.3385	-1.1906	-0.7237	0.1555	0.8942	0.3425	0.2935	-1.5955	-0.1766	-1.4744	-2.3554	0.9690	0.2905	1.3955	-0.9341	0.5127	-0.2602	-0.8571	-0.0040	0.4809	0.0310	-0.0042	-1.4293	-1.1513	-0.7501	1.6784	0.8379	0.0746	-0.5840	-0.2675	0.7793	0.3498	0.2602	-0.2374	-1.3740
0.1173	1.1011	2.5646	0.0346	1.6166	0.5774	0.2426	-0.4637	1.1613	-0.2638	-1.1058	1.6220	0.7562	-0.9294	-0.0765	-0.5630	0.5301	-0.7622	-1.6818	0.7194	-0.3706	-0.8838	0.3183	0.0075	2.5457	0.9017	1.7235	0.9475	0.6687	0.5456	-0.5441	1.7015	2.5267	-0.0052	1.0700	-0.6156	-0.3908	0.6792	-0.5140	-0.1178	0.2542	-0.3746	0.5997	0.5649	1.3321	-1.8561	-0.6658	1.6823	-0.8029	1.4557
0.3239	-1.9781	-0.4862	0.7920	0.8012	-2.1268	-1.5031	-0.4884	-2.1893	-0.8698	0.8605	-0.5493	-0.2629	0.0096	1.2222	-0.9156	1.8649	0.5322	-0.2616	-0.4174	0.9503	1.4207	-2.1005	-0.5343	0.0634	1.7489	1.0693	-0.3492	-0.7212	-0.6744	0.3034	-0.9556	0.5743	0.5973	-1.1378	1.4315	0.4276	-0.8448	1.3521	0.4240	0.6904	0.4340	-0.7907	1.2291	-0.4940	0.4048	0.4357	-0.2608	0.9012	-0.1848
-0.8379	0.8098	1.4522	0.5521	1.5378	-2.7147	2.1606	-0.6446	-0.9238	-0.7564	0.5758	0.7732	-0.9269	-0.2602	-0.0870	0.4395	0.5414	0.2365	-1.1868	1.2090	-0.1903	-0.5874	-1.7944	1.2433	-0.1601	-2.7498	-0.7304	-0.7013	-0.1222	1.9247	1.1893	0.9966	1.7854	0.9468	-0.4051	0.2926	0.7975	-1.1400	0.9518	1.7900	1.0931	0.4104	0.7685	-0.5574	2.1199	-1.1733	-1.1610	0.3162	0.8810	0.4758
-0.3340	-1.5214	-0.8326	0.5669	-0.5963	0.0028	-0.7537	-2.4502	-0.7924	-1.6043	0.9267	-0.1692	-0.1114	3.0041	1.6913	0.2120	-0.3141	0.2815	0.9169	1.0265	0.3031	-0.1096	0.7885	1.5218	2.1237	-0.7420	2.4884	-0.5210	-0.9557	0.5128	0.0552	-0.5824	1.1065	-1.3509	0.0206	-1.0139	0.3568	-0.2420	-0.4888	-2.2474	-0.9761	-0.8010	0.1128	0.6073	-0.5293	-1.7551	0.3936	-1.2008	-0.3199	0.9062
1.4717	0.1656	-0.5530	1.1107	0.9527	1.1623	1.0051	0.5029	1.1612	1.9141	0.5985	0.1069	-0.7235	-0.7168	0.0528	-0.7513	-0.2725	0.3250	0.1008	-1.3878	0.4522	0.8458	-1.9264	-1.0869	-0.1402	0.2483	-0.7744	0.4263	-0.4474	-0.6329	2.4138	0.2056	0.0107	1.2849	0.1255	0.4615	0.9726	0.1112	2.1927	0.8334	0.9153	0.3003	0.3515	-0.9157	-1.7707	0.5457	-1.7196	0.4914	-0.4070	0.9851
-0.2634	0.1412	0.2187	-0.0022	-0.3077	-1.6639	-1.2489	0.1092	0.1717	0.0588	-0.1612	2.3316	0.3312	-0.1424	0.4651	-0.1893	-0.0145	-0.1738	-0.0726	0.5672	-1.0403	0.1038	-0.0493	-0.0116	0.2739	0.2491	-0.9612	-0.5568	-0.3090	-0.1440	1.0384	0.0956	-0.2678	-0.3299	0.9702	-1.2674	-0.3654	-0.9582	0.0582	2.4021	-0.9047	0.4773	0.1536	-1.0001	1.3917	0.0121	0.6005	0.3379	-0.2744	0.0512
-0.1347	0.2243	-0.1053	0.6382	0.0030	-0.4567	0.9963	0.3236	-0.0876	0.7128	-0.2735	-0.3001	0.1045	1.1716	0.8465	0.3708	0.3856	-1.2372	-0.2107	-1.0645	0.5808	-0.0222	-0.9777	-0.1201	-2.2870	0.3080	0.8230	0.8681	0.0090	-1.6729	-0.2059	-1.0619	0.0718	-1.9747	-0.5488	-0.8320	0.8354	0.7182	0.2376	0.9386	0.1468	-0.0949	0.9498	-0.1801	-0.1128	-0.2953	0.1785	-0.6096	-1.8890	-0.7923
-0.1095	1.4593	2.0872	-1.4644	-0.1737	-1.2332	0.6869	0.3216	-1.5373	-0.2548	0.9737	0.6449	-1.8954	-0.3994	1.6505	-0.5719	0.3469	0.2776	1.0241	-0.1963	0.7052	-0.2879	1.0561	-0.5065	-1.7790	-0.4681	-1.1189	-0.7373	0.1449	-0.4480	2.0239	-0.8902	0.1937	1.0222	-0.3510	-1.0853	0.5671	1.3032	0.1931	0.7121	1.0622	1.0239	-0.3458	0.8289	1.2784	1.3675	0.4353	1.3385	0.8546	2.3509
0.9828	-0.7753	1.0314	1.3419	-1.0220	0.9442	-0.5171	-1.1767	0.9524	-0.3105	0.3512	0.0760	-1.9767	0.5922	-0.1344	-0.3306	-0.2920	0.7751	0.8618	0.6724	-1.1162	-0.1121	-0.1954	-0.3507	0.1511	-0.0995	-1.1513	0.8506	0.3756	0.3895	-1.8648	-0.9352	-1.7140	0.4554	1.7369	-0.4212	1.4767	1.6732	-1.8339	0.5695	0.7547	1.0393	-1.1513	-0.7237	0.0805	0.5728	-0.9327	1.9394	-1.2117	1.4070
0.0560	-0.4870	-0.3795	-0.8488	-0.9875	-1.4363	-0.1592	0.1107	-0.7736	0.1149	0.5208	-0.6340	-0.1942	0.2029	1.2659	0.3469	0.0102	-0.3133	1.0277	0.1113	0.4647	-0.2166	-0.6996	0.4864	-0.8417	-0.0794	-1.1677	0.5681	0.8732	-2.8075	-0.5796	0.5593	1.0000	-0.4005	0.2234	-0.5849	-2.0241	-0.5793	-0.1371	-0.4984	-0.0365	-1.4383	2.3586	-1.1070	-0.5859	-2.2787	-1.2525	0.0268	-0.3751	0.5917
1.4879	2.0271	0.9652	0.5974	0.8101	1.2900	-0.0484	1.0039	0.4273	0.2256	0.2043	0.4283	-0.2525	0.1658	1.6836	-0.4676	-0.0816	-1.4133	0.6566	1.1121	1.2417	-0.8274	-2.2709	0.5918	-1.7425	-0.7070	2.2307	0.0168	0.1513	0.1751	-1.2437	-0.7494	-0.1158	-0.6856	0.7781	-1.7576	-0.8259	-0.3651	-0.9718	-0.3119	1.1887	0.2496	-0.0385	-0.3132	0.0429	-0.2443	0.3077	-0.3718	1.7854	2.9885
0.3864	0.3437	0.2373	-0.4099	0.3657	-1.0230	0.1383	0.0251	1.3302	-0.3899	-0.5378	0.1623	1.7081	-1.8823	-0.1112	1.4832	-0.1398	0.2660	-0.3830	0.8098	-2.7884	0.3284	0.2436	0.3863	-0.4812	1.2116	-0.8690	-0.2131	1.1388	-0.5199	-0.2873	0.0810	-0.6964	-1.8847	0.0857	-1.9468	0.6818	0.8688	0.1841	0.3624	-0.6795	1.3427	1.2281	-0.5444	-1.1653	-0.5930	-2.7362	0.1530	0.6318	-0.5724
-0.2006	-0.7969	0.8005	-0.2210	-1.2815	-2.0484	0.1222	0.9732	0.6537	-0.1585	-0.1026	-0.5251	0.3028	0.0136	0.0985	0.3985	0.4646	0.8665	-0.6266	0.1682	-0.7416	0.9269	-0.1566	2.3726	-0.1372	1.2357	-1.9365	-0.0009	-0.9661	0.0865	-0.3268	0.7313	-1.6604	-0.9472	-0.5002	-2.0990	-1.9550	-1.0039	-0.4112	-1.0001	-0.8331	-0.8257	-0.4293	-0.4654	0.3473	-1.6892	0.6206	-0.2964	0.4744	-0.0952
-1.4716	0.7386	1.1600	1.1240	-0.5212	1.0972	-0.9049	-0.3123	0.6303	-0.2613	1.1158	0.0628	-1.4098	-0.9840	0.5256	0.0903	0.9429	-0.0052	2.3531	0.0846	0.4388	0.5112	0.4390	0.4726	0.5723	-0.7539	1.4854	1.1078	-1.4463	-0.5016	-0.0241	-0.9376	0.8202	-0.3127	0.1471	0.5431	-0.3723	1.6002	1.2372	0.9827	-0.0153	-0.8574	-0.1051	-0.6163	0.6439	2.5240	0.5949	0.7823	-0.3502	0.4806
-1.4457	0.1370	0.5919	-3.0223	-2.4846	-0.9548	0.7004	-0.3691	0.8226	0.6285	-0.4107	1.4193	0.0731	0.0018	1.3546	0.8457	0.6450	-0.6272	-0.3643	1.1538	-0.1884	1.6402	1.6259	-2.5556	-0.8685	0.5359	1.8140	0.2819	0.5062	0.3634	0.5483	2.8684	-0.4401	-0.6259	0.6497	-2.8620	-0.0587	2.4388	0.1268	0.5393	0.0919	-0.6214	0.1573	-1.3287	1.7019	-0.5589	-1.7803	-1.5811	0.1432	-1.0724
0.5503	-1.3360	-0.5655	0.0819	-0.2456	-0.2304	-0.3223	-0.7966	0.5757	-0.2815	0.0610	-0.8653	-0.6005	-1.2599	-0.9758	0.1850	2.7070	-0.3377	-0.3957	0.0381	-1.6134	0.6514	-2.7599	0.5785	-0.3692	0.8404	1.1911	-0.4769	0.0484	-0.9477	-1.1891	-1.3632	-1.4157	1.0514	1.1901	0.2605	0.4027	0.2810	1.2139	0.4923	0.4760	-1.1266	0.2749	1.4965	-0.1888	1.7742	0.5583	-0.4574	0.5288	0.4146
0.1520	-0.9214	1.3061	0.4811	-0.9331	-0.4169	-0.1422	1.3330	-0.7005	0.2528	-0.1102	0.8940	0.9021	2.0547	1.0456	-1.5283	0.5673	-1.9073	0.9587	-0.4675	-0.4568	-0.3436	-0.7804	-1.0097	-0.7184	-1.2066	-0.1553	0.8736	0.2217	1.1057	-0.8092	-0.1491	0.4674	0.6255	0.6800	0.4983	1.7912	-0.2408	0.6057	0.9173	-0.8361	0.4480	-1.1932	-0.3830	0.5700	-1.0769	-2.5958	-0.9686	-1.8405	1.8021
0.4761	-1.1315	-1.1728	1.0735	-1.1961	-0.5943	0.2864	1.1229	0.3723	-0.6519	-0.6534	-0.1121	-0.6261	0.1538	1.1382	0.3063	-0.5465	0.9717	-0.3957	0.8221	0.0406	1.2683	-0.1951	0.0591	-0.3059	0.3277	0.8722	0.1246	1.5061	1.3072	-1.0762	-0.7643	-1.4590	-0.2507	-0.0170	-0.4880	0.5366	-0.3576	0.2214	-0.8889	0.5742	-0.7901	0.3789	1.9594	1.7598	-0.4673	-0.1479	-1.5888	0.9824	2.3736
-0.8468	0.2304	-0.1884	1.0225	0.7621	0.6985	0.5548	1.1497	0.2031	0.4338	1.9336	0.0460	-0.9435	-0.5164	-1.2012	1.7645	-0.9975	0.0768	-2.0354	1.8092	1.3442	0.4968	-2.2583	-0.0997	1.8740	0.4552	0.5529	1.9290	1.7032	-0.2863	-0.6915	-1.1594	0.2578	0.8721	-0.4708	-0.3067	-1.2619	0.2189	-0.5352	-0.9132	-0.2102	-0.9863	1.7729	0.6703	0.4197	-0.4236	0.2614	-0.6919	0.8003	0.5305
0.5831	-0.2314	-1.7961	-0.6353	-0.2467	1.2584	1.3435	1.8736	0.2678	0.1386	0.0141	0.5736	1.9546	2.1091	0.0901	-1.6026	0.3446	-0.6596	0.5788	-1.0088	0.6464	-1.2339	0.9932	1.1222	0.2186	-1.7700	0.5218	-1.7130	-0.4607	0.3365	-0.5224	0.0403	1.1976	-0.4619	-1.5472	1.8485	0.7216	1.3351	-1.1610	0.3290	0.5027	0.2833	1.0875	-1.3728	-1.4742	-2.1544	0.3194	-0.1647	-1.0063	0.2773
-0.7544	-1.2294	0.1945	0.5453	0.1847	-0.9256	-0.7139	0.5886	1.2429	-0.8463	0.1301	0.2463	1.2193	-0.2334	0.1062	-0.5591	-1.3968	-0.9707	-0.2844	-1.3645	0.7943	0.4867	-0.5224	0.4197	1.5680	1.4035	-0.9007	0.2256	-1.0816	-1.6188	-0.6814	-0.0673	-0.5100	0.9949	0.5450	-1.0157	-1.3933	-1.5419	-0.0789	0.4398	0.6784	0.4768	-0.3892	0.0115	-0.3169	-0.0877	0.3820	1.1000	-1.8450	0.5450
-1.1924	-1.4564	-0.3974	2.6130	0.2424	1.7268	1.4203	1.3176	0.7686	0.7839	1.0783	-0.2965	-0.7956	-1.5481	-0.2422	-0.0074	1.1085	0.8823	1.5926	-0.1313	1.2595	-0.2687	2.3535	-1.3570	0.5246	1.6163	-0.9166	0.3834	-0.7888	-1.0904	0.4052	0.6522	-1.1980	-0.2004	-1.3575	0.3811	0.3954	1.2252	-0.2929	-0.5962	-0.3589	0.2202	-0.2547	-0.7866	-1.2179	-0.7468	-1.5878	-1.2609	1.2242	0.4194
1.5952	0.3924	-0.3693	-1.5272	1.3403	1.4734	1.1069	0.5827	1.2095	-1.0730	1.6241	1.1656	1.1125	0.0220	0.4137	1.6417	-0.1194	-0.2167	0.6255	0.9452	-0.8858	1.1564	-1.4720	0.4157	-1.8325	0.2675	-0.6390	-1.1481	-1.4234	-1.1938	1.8318	-0.0505	0.8068	-0.7819	1.4914	-0.3479	0.1689	-0.2466	1.6193	1.7953	0.0819	-0.1272	-1.6009	1.5706	1.0613	-0.4758	-0.4048	0.0184	-0.9756	-0.0775
0.8372	1.2534	0.1487	-0.5279	1.5022	-0.7527	-0.4836	-1.2429	-1.0145	0.0745	-1.2767	-0.0628	-0.7039	-0.0759	-0.3284	-1.5402	1.1770	-0.7842	0.1753	1.7178	0.0851	-0.3278	0.0519	0.6212	-0.5527	0.1044	-0.3233	0.1506	1.9574	0.8344	1.0260	0.5641	-0.2769	-0.6761	0.5177	2.5846	-0.5078	1.2009	1.1955	0.4456	-0.9498	-0.8168	1.6355	-0.9725	-0.4153	0.3295	-0.1506	0.3870	1.1465	0.2731
0.6798	0.5587	0.6153	-0.1172	-0.8197	-1.4183	-1.5030	0.0294	-0.4166	-1.2892	0.1639	1.2864	0.1185	0.3428	1.3896	0.5339	0.0869	0.3435	0.0115	-0.3176	-0.8468	-0.2057	-1.2993	-0.3438	-0.4338	-1.0026	0.2770	-0.3330	0.7252	0.0219	-0.6809	-1.7585	-0.4686	0.5965	0.8688	-0.4314	0.8277	1.1104	0.1384	0.8760	-0.4200	1.1308	2.2770	-1.1004	-0.0784	1.1521	0.5163	1.3559	0.9172	1.7493
0.1622	-0.9385	0.5344	-0.7437	0.6357	0.1164	-0.7615	0.6020	-0.0878	0.2540	-0.6621	0.8559	0.3837	0.2928	-0.5642	0.5169	-2.6903	0.5247	-0.1398	-1.0476	-0.3219	3.1466	2.7428	-1.0731	-0.8496	0.2570	-0.2222	-0.4519	-0.4519	-1.2756	-0.6475	1.9732	0.6908	-0.5789	-0.4083	0.0401	-0.1744	0.6522	0.0603	0.1929	-0.3225	-0.4846	0.8903	-1.0863	0.5838	0.1118	0.6089	1.5649	1.2729	-2.3934
1.2072	-1.3923	-1.5611	0.7306	1.5139	0.1791	-0.4064	-1.3851	-1.9113	1.9244	0.1297	2.0040	0.3018	1.3189	1.7612	-0.2889	0.2443	1.9761	-0.4237	0.1693	0.1055	1.6924	-0.8428	-1.8804	-0.6331	1.0770	-0.3210	0.8074	0.3278	-1.4053	1.7363	-2.4341	-0.6328	-0.9926	-1.1372	0.0059	3.1150	-2.5203	-0.5704	0.8829	-1.7693	1.1134	-0.2365	0.1555	0.9243	-1.0648	-0.4987	0.2944	0.9186	0.6647
-0.7122	-1.1194	-0.0734	-0.7153	-1.9640	2.2936	0.4466	0.3945	0.8579	-0.6073	1.0202	-0.7238	0.0815	0.0232	-0.6507	1.2692	0.0053	-1.8147	0.2862	-1.2549	1.7774	-0.5874	-1.2775	1.1734	-0.8182	1.0863	0.3536	-0.9606	-1.5420	-0.3785	0.7485	-0.3235	0.0037	-0.4291	0.7840	0.9133	-0.3765	1.7451	-0.8784	-0.8659	-0.5270	-0.7508	-0.9945	-0.8204	0.1513	-0.8858	0.1765	0.9085	0.9682	1.6624
0.0427	-0.2942	-0.7906	0.4153	0.0345	-1.7607	-1.8705	2.5549	-0.3666	-0.9614	0.5150	-2.1168	0.7606	-0.6387	-0.1954	0.2559	-0.5987	2.3453	0.7607	0.5854	0.7216	0.4071	-2.0469	-0.2989	-1.4059	-2.3640	1.6875	1.0536	-0.6957	-0.9311	-0.1471	1.1692	-0.1906	-1.2916	2.4230	-1.4702	-0.4933	-0.5079	0.2593	0.4863	0.0492	0.4090	-0.5701	0.5217	2.2388	0.3660	0.0529	0.6057	0.4033	-1.4648
-0.2388	3.1706	-0.3516	-0.0597	0.2058	0.8596	0.6586	-0.5000	0.8730	1.6305	0.9767	-0.8599	-0.3699	1.0462	-0.5602	-0.5390	-0.1802	1.3726	-1.0304	-1.0090	-1.3261	0.8778	0.3678	-0.7474	0.5933	-0.1666	1.0706	-1.5126	-0.3900	-0.6258	-0.4608	0.2652	0.3093	-0.4955	-1.4119	1.6443	-0.4547	0.6316	-0.3935	0.2445	0.2957	1.3175	0.1280	-0.2284	0.2780	0.9203	-0.3362	0.2903	-0.6001	0.6443
-1.1228	-0.5593	-0.1348	-1.0013	0.1541	1.5545	2.1432	0.0374	0.5532	0.6295	1.6405	0.0434	-0.8522	0.1494	0.9258	0.0550	-1.0911	0.4404	0.6282	2.7758	1.3277	1.0129	0.4197	1.3101	-0.9192	-0.7350	-1.1774	1.3567	0.6544	-0.8657	-0.2135	-1.8423	-0.7700	-0.1579	2.2141	1.0803	-0.0749	-0.5233	-0.8758	1.3407	1.1512	0.4236	1.2921	-1.3491	0.6891	0.7711	-0.3834	-1.4198	0.2803	-0.1255
0.1950	0.6597	-0.5967	0.0770	0.0747	-0.0439	-0.4617	0.6386	1.0177	0.4543	-1.3144	1.4464	-0.2057	-1.3646	-0.9333	-1.8440	-0.7963	0.0742	-0.1560	-0.5774	-1.6789	-1.2014	0.7771	-0.9033	0.3272	0.8281	-1.7577	0.6930	-0.1010	0.2911	0.0307	-0.4646	-1.1493	0.0194	-0.9779	-0.3944	-2.3161	1.6465	0.5062	-0.3112	1.2312	-0.8878	1.2268	-0.0024	-0.1676	0.4487	-0.8825	-0.0527	-0.2123	0.0054
0.1928	-0.3525	1.1015	-0.1971	0.5410	0.8567	0.1098	0.4610	-0.4294	-0.3147	-1.5063	0.4798	-0.3242	-0.0767	0.2147	-0.9581	-1.2637	-0.7169	-0.4376	0.9065	-0.3498	0.8881	-0.1259	0.8711	-0.6522	1.3002	0.7059	-0.0794	-0.6189	0.9573	0.2612	1.8101	-0.4000	-0.3195	-0.0260	-1.0536	-0.2475	-1.1562	0.8764	-0.8656	-1.5767	-0.4070	-0.7792	1.0515	0.0064	0.4166	2.0702	-0.9939	0.5100	-1.3939
1.7716	1.3407	-0.3267	-1.0260	0.2436	-1.0436	-1.7546	-0.1806	-0.3950	-0.7761	-0.2266	-0.0635	0.1436	-1.1080	-1.0517	0.3871	0.5655	1.6761	-1.2250	0.3739	1.0960	2.6317	0.8496	-2.0138	-0.6491	-0.0884	-0.4331	-1.3295	0.6060	-1.1527	2.4858	1.1663	-0.7796	-0.5540	0.8208	0.9538	1.3117	-0.3111	0.2624	-0.9070	-0.2488	-0.8861	-1.6532	-0.3694	0.1218	-0.1374	0.5119	-0.5453	-0.8694	-0.4045
0.3812	0.4597	1.8636	0.7982	-1.1254	0.9567	-0.3258	-0.3612	0.9158	-0.4528	0.4170	-0.3712	-0.5945	0.0047	0.1652	1.9365	0.1808	0.4637	0.9271	-0.9167	-0.2511	-0.7252	0.9108	-0.8741	-0.0613	-1.6863	1.1956	2.1471	0.9104	-0.0418	-1.2227	0.0275	-1.8913	1.2687	1.2267	0.3532	0.2098	-0.3341	-0.2084	0.5276	1.4875	-0.9110	-1.9799	1.0202	1.5408	-1.4965	-0.0509	-0.5106	1.5303	-0.3908
1.0124	-0.4482	-0.7661	1.0271	-0.1821	0.1763	-0.4786	0.0923	-0.3451	-0.7687	-1.2356	-0.1734	-0.5632	-0.0027	1.2484	-0.9642	-0.8890	2.3182	1.2937	-2.8816	-0.4820	-0.2976	0.9573	-0.6646	0.2648	0.3080	-1.0669	-0.0706	0.3832	-1.3589	1.8075	0.5962	0.3328	1.0321	1.9093	-0.5751	0.2451	1.2186	2.1676	1.0154	-0.2447	-0.2684	-0.0106	-0.7323	-0.9783	0.4354	0.2472	0.2381	0.5669	-0.5464
0.1505	-0.2854	1.4816	1.4531	1.3479	-1.7225	-0.0956	1.3087	-0.5042	0.2703	0.3427	-0.0104	-1.2551	0.4458	-0.6469	-0.1847	0.6114	0.5212	-1.3474	0.0889	-0.1206	0.9085	2.2088	-1.0351	1.0738	1.3793	-0.3810	1.0862	-1.7758	0.6926	0.6623	0.9020	1.3198	1.9549	0.7640	0.6325	-1.0847	-0.5845	-1.0908	-1.1257	-0.2905	-0.2003	-0.1708	-0.2233	-0.2318	-0.4063	0.7601	-0.8408	0.1061	-0.0979
-1.5883	-1.1984	-1.3788	0.1344	0.3780	-0.6537	-1.8345	-0.7087	1.1159	-0.6191	0.5152	-0.0672	2.2555	-1.1592	0.2883	-1.1384	-1.8304	-1.2674	-0.5159	0.2767	0.7542	-0.2239	-0.5054	0.1930	1.3564	0.0557	-0.5192	0.4452	-0.6334	-0.5975	1.4246	1.2091	-1.0288	-0.4428	0.4571	0.7364	0.0057	-0.6441	0.0985	0.8936	0.8018	0.2982	1.1923	1.2916	0.7796	0.0642	-0.0900	0.8936	-1.0263	-2.0509
1.4435	2.6836	0.1436	-0.8084	1.0290	0.0540	1.5645	-1.2884	-0.1317	-1.0033	-0.6991	-0.9873	-0.3253	-0.9753	0.5550	-1.4396	0.2824	-1.6119	0.4997	-0.3357	0.0590	1.3145	-0.1337	0.6969	-0.5715	-0.8333	1.1477	-0.6710	-1.3936	2.1699	1.4521	0.3391	-0.5085	-1.3520	1.0483	-0.6659	0.2818	-0.4922	0.6344	2.7461	-0.4214	0.3512	-0.2197	-0.6076	-0.9165	-1.2116	-0.0401	-0.2872	-0.5243	0.7486
0.4718	-1.8924	-0.7816	-0.3349	-1.2063	0.0154	0.3168	-0.7233	0.6572	-0.5238	0.2589	-0.4692	0.8700	1.7989	0.8340	-1.0727	1.1838	0.5584	-1.5501	-3.0301	0.4526	-1.1114	-0.6705	1.5529	-0.9295	1.4433	0.1944	0.0907	0.7130	-1.8624	-0.5430	-0.1723	0.6534	-0.5841	0.2320	-0.1791	-0.5578	1.5672	0.3412	-1.0111	1.9549	-0.0316	-0.0426	-0.3961	0.4086	0.5126	-0.2500	-0.9094	-0.0606	0.6447
1.7116	0.8671	0.4738	-0.3121	-1.8459	-0.5560	-1.1396	1.1473	1.0986	-1.5410	-0.0794	-0.2892	-0.3675	0.8083	0.6906	2.0137	-1.6612	-1.7488	-0.8011	0.5805	0.7756	1.4541	-0.3732	0.0744	0.1277	1.2682	1.2134	1.4834	-0.8315	-0.0105	-0.0729	0.4685	1.4454	0.0545	-0.8509	1.0386	-0.5464	-0.9344	0.4795	-0.8411	-1.6657	-0.3255	-0.9159	-1.0288	-0.3348	-0.4733	-0.4406	-0.0787	0.4519	0.6243
2.3704	-0.9922	2.6326	-0.6904	-0.4680	-0.7869	0.5979	-0.8902	0.8576	-0.1201	1.2259	0.0701	0.6316	-0.7620	0.5869	-1.4400	-0.9788	-1.0159	1.2522	-0.5191	-0.2104	-0.1613	0.5428	-0.2726	0.2795	0.6902	1.8332	0.6104	0.6683	-0.0049	-0.4862	-0.8965	1.1661	0.0458	0.5036	0.7609	1.3895	1.7662	1.3710	0.1834	0.2638	-2.0213	0.7103	0.3112	-2.0519	0.0909	-0.3233	0.8800	-0.1922	0.8998
0.3119	0.1151	-0.5423	1.9082	1.0676	0.3788	1.4735	-1.2737	1.1787	0.0342	-1.0020	1.0615	0.5184	-0.6202	1.2185	-0.4291	0.6436	1.0544	-1.5765	0.3113	-0.4681	-0.8907	0.3085	-1.3354	-0.7459	0.7599	-0.2557	-1.1091	-0.1293	-0.1558	0.3232	0.5845	-0.0653	-1.6144	1.5056	0.0533	0.3031	-1.1930	0.3484	0.0151	-0.8819	-0.0094	-0.5927	0.3370	-0.5581	-0.7277	-0.1856	1.2581	-0.1903	0.5748
-0.3648	1.8642	-0.0456	-1.8760	1.0978	-1.1123	-1.1339	0.5837	0.5643	-1.0284	-0.8574	-0.1837	0.6327	-1.7754	-0.6511	-1.0112	-0.3892	-1.0133	0.0652	0.2848	-0.8170	-1.1364	0.3193	1.1525	0.3733	-0.0792	1.2343	-1.9052	-0.5184	0.7331	-0.3080	0.2130	-0.0118	1.7964	-0.3780	0.1052	0.5188	0.9296	0.9322	0.0397	-0.1718	-0.0169	1.5099	-0.3900	-0.5651	-0.5126	0.1407	1.5949	1.1309	1.3365
-0.3471	0.7465	1.5466	0.4717	-0.6114	-2.1381	1.0262	1.2794	1.4145	0.4735	1.2237	-2.4361	0.6719	-0.7413	-0.1508	2.2798	1.7503	0.7277	-0.5674	1.9233	1.0360	-0.8698	0.2195	0.2572	-0.8945	0.2399	0.3640	-0.6057	-0.3361	-0.0628	1.0173	-0.1895	0.2155	0.5400	-0.0308	-0.6869	-0.3017	1.0750	0.6455	2.2285	0.3522	0.6534	-0.1147	0.7957	-0.6981	0.9240	-2.0467	-0.5879	0.2279	0.6145
-0.9547	0.3361	0.4999	-0.8079	-0.2330	-0.0672	0.7815	0.4301	-0.7345	0.6446	0.9310	-0.2060	-0.8740	-0.9474	2.0360	-1.6350	1.0136	-0.8979	1.8215	1.7434	-1.0287	0.5709	0.4657	-1.5296	0.5547	-1.9280	-0.0749	0.7688	1.2421	-1.3496	-1.3992	0.0637	0.4498	0.3229	-1.6998	-0.9200	-1.9336	0.3342	0.9400	1.2359	1.5856	-0.6304	-0.7603	0.4320	0.6788	1.4731	-0.4875	-0.6636	0.6188	-0.9699
2.6432	0.2698	-0.1914	1.1470	2.0860	1.0728	0.5503	0.7596	-0.8325	1.7074	-0.7794	-0.5408	0.3970	-0.3178	-1.1934	0.1549	0.1369	-0.7161	0.8031	0.3063	-1.5581	-0.1478	0.9859	0.0935	0.2490	1.4101	1.1768	0.9200	0.6823	-0.8312	-1.4716	0.0228	-0.8803	0.8577	-1.1985	-1.7370	0.0489	0.1695	-0.9137	-0.6218	0.5418	-0.9539	0.1237	-0.4540	-0.6489	0.4713	0.3492	-1.0772	0.9084	-0.1518
1.7125	1.0228	0.6847	-0.1206	0.1127	-0.1011	-1.2512	0.9142	1.6436	-0.9081	-1.5880	0.2298	-1.6791	-0.1527	2.9359	0.7793	-0.4838	0.6236	-0.9847	0.5155	-1.0893	0.1844	1.7110	1.5338	-0.1362	-1.1086	0.2510	0.1915	0.0513	-0.4736	2.0513	-1.1306	0.2721	0.5336	1.7914	1.9548	-0.4330	-0.7754	-1.0580	0.9189	0.6397	-1.8739	0.8912	-0.5525	-0.2889	-0.3848	1.0373	-2.3618	0.4475	-2.1468
-1.6962	1.0791	-2.3843	-1.2056	-0.4244	0.4798	0.5417	0.9937	-0.7145	0.6860	-0.4186	0.0783	0.9835	-0.5143	0.5936	0.8499	-0.2707	1.8444	-0.7307	-0.2813	-0.0733	-0.2581	0.9014	0.5014	-0.0809	-1.9910	1.5183	1.4753	0.9162	1.1998	-0.4027	-0.9654	2.1604	-0.6566	-0.2762	-0.1035	1.1772	-0.9387	0.9211	1.6730	-0.4898	-0.0065	-2.3117	-1.1617	-0.8908	0.4962	0.4158	1.3043	-0.2289	1.2150
-0.7416	-0.7222	-0.0334	0.9944	0.1021	-0.4930	-0.8136	-0.0290	2.0384	0.8637	-0.8858	1.3252	2.1266	-0.6736	-0.1501	-1.4637	0.0542	2.1671	0.9001	0.2434	0.1444	0.7999	1.1519	0.8488	0.3545	1.3286	0.9238	0.7130	-0.1865	0.4707	-2.2308	0.8535	-0.5426	-0.1028	-1.6804	2.3805	1.2188	1.1201	-1.1719	-0.4905	1.5253	0.5007	-0.0183	-0.5565	-0.7232	-0.2996	1.0174	-0.7415	-0.8373	1.4983
1.6189	-0.4403	-1.1972	-0.5661	-0.0254	1.2296	-0.8975	1.4159	0.1867	0.2399	1.4429	0.9860	-0.4481	-0.6553	0.0733	1.2148	-0.0975	0.1416	-0.1607	1.0867	-2.1690	-0.3283	1.7165	0.5726	0.7168	-0.1091	-0.4265	0.5091	-0.5203	0.8240	1.1468	-1.7196	1.0458	-0.5129	-0.3128	1.3296	0.0993	-2.2186	-1.1624	0.8771	-0.3116	0.6924	-0.2345	0.5655	0.6187	0.9500	-1.2177	-0.6876	0.6248	-1.2204
-1.4241	0.5674	0.3614	-0.4873	-1.6648	0.2160	-0.5331	0.0716	0.4233	-2.3763	-0.3457	0.3757	1.1829	-1.4345	-0.5666	-0.1932	-0.8375	0.8589	0.0049	-0.2251	0.0731	-0.1209	-1.6984	0.5285	-0.3379	0.2472	0.5029	-0.8598	0.9592	-0.1611	0.1086	-0.3486	-0.7019	0.4362	-0.2932	1.4265	-1.4926	0.2073	-1.4559	-0.4754	0.6101	0.3165	-0.9802	1.3862	-0.3929	0.8186	-0.2376	-0.3126	0.1430	-0.1514
-0.2930	0.6622	0.9851	-0.9195	-0.8606	1.7318	-0.2938	0.8991	1.0196	-0.6466	-0.9898	0.0329	-0.1466	-0.3485	-0.2727	-0.1869	-0.5602	-0.8178	1.5583	1.2887	-0.1852	1.6056	-0.8825	1.2336	1.5907	0.6133	-0.8037	-1.4500	0.4653	1.8175	-1.2079	-0.4634	1.0705	0.4520	-0.1753	-0.9026	-0.8413	1.9863	-0.3122	0.9912	-0.2151	0.3275	-0.1399	-1.3698	-2.0188	0.6354	-0.3522	0.5027	-0.5566	0.3427
0.5657	0.2025	-0.5894	0.0409	-2.7213	-0.0818	0.7315	-0.3012	-1.1794	-0.4362	-1.1205	-0.1753	1.7664	-0.0499	-0.6240	-1.6966	0.6934	-0.7106	0.9413	-0.1916	-0.9576	0.0915	1.6351	0.5347	-0.5975	-0.6540	1.0662	-0.7081	-0.5337	-1.2718	0.4898	-0.1580	0.2613	2.0944	1.5332	-0.2707	0.4277	0.0564	2.2144	-1.2587	0.9478	-0.0559	-0.3202	0.6364	1.8550	0.3207	-0.7212	-0.9944	-2.1375	1.6350
0.7675	-1.5122	-1.2327	0.0154	-1.4354	0.8498	0.4369	0.6030	1.7347	0.3835	0.0628	0.5775	0.4518	0.6801	-0.0224	-0.1907	0.5488	-0.2832	-0.4722	-0.1983	-1.6289	-0.6114	-1.7179	1.4593	1.2191	-0.0762	0.5853	-1.0103	0.0990	2.2579	1.2520	0.2383	-0.7285	0.2885	0.1679	-0.4227	0.3332	0.5290	0.2606	-0.0627	-0.7268	1.1052	1.6890	-2.3660	0.1883	0.5961	0.5172	-0.1743	-1.2263	1.7329
-0.4419	-0.1003	-0.0360	-0.8214	0.8991	0.4362	-0.0500	-1.8827	-1.5090	-0.0877	-1.9629	0.7275	-0.1512	-0.2835	0.1471	0.2429	-1.1595	-1.3789	-0.0541	0.2679	-0.8495	-0.1844	1.0921	-1.0947	-0.5027	-0.2421	-0.7464	1.1135	0.0303	0.8842	0.8878	0.4677	1.5373	-0.8461	0.7005	0.7611	-1.0297	-1.0717	-1.3844	-1.4107	-1.4441	1.1781	-0.9647	-1.1937	2.2822	-1.4856	1.7503	1.1334	0.9590	1.4133
0.0984	0.5451	-2.5574	0.7054	0.1003	-0.7453	0.3761	0.2272	0.3454	-0.1571	0.5701	-0.5916	-1.3394	0.9613	0.3017	1.1947	1.2445	-1.2550	-0.0450	-0.6055	1.6107	-0.2768	0.4522	0.6531	0.0912	-0.9180	-0.6284	-0.2533	0.8665	-1.1174	-0.1681	-0.1419	1.3265	-0.4788	-1.4109	-0.8802	0.8549	2.0144	-1.4228	0.2594	-0.0783	0.9402	-0.8574	0.5570	-2.4255	0.3959	0.6205	-0.3200	-0.4268	-0.7106
0.0388	-1.5355	-0.5619	2.1435	-0.3044	1.5766	-0.5853	-1.5628	0.4455	-1.8519	0.7459	-0.0898	-1.0415	-1.3411	0.5803	-0.0547	-2.5085	0.2655	-1.4837	1.0607	0.4727	-1.1438	-0.2817	-0.1592	-1.0155	-0.6652	-0.6842	1.3964	-0.6009	-1.5520	0.6297	1.9673	0.9450	-1.1531	1.8258	1.0177	0.9332	-0.3649	-0.2119	0.4272	0.6800	1.7412	0.3777	0.4156	-0.8777	-1.8774	0.0292	0.5464	0.7205	1.4394
2.1121	0.3322	0.6909	-0.4783	-0.0608	-0.0102	2.4437	2.1482	1.2746	2.5820	-0.2766	-0.0883	1.4507	-0.6773	-1.9483	-1.0948	-0.1725	-0.6882	-0.6532	-0.6013	-0.0869	0.0958	-0.8959	0.0130	0.7732	0.2119	-0.6364	-1.2928	0.0456	1.1667	1.2642	0.5905	-0.0279	0.9779	-1.3955	-0.2823	-0.5730	0.1408	-0.7043	-0.1525	-0.5090	0.0615	-0.5503	-0.7128	-1.4418	0.9499	-0.5259	1.2333	0.0181	0.2660
1.7633	1.5152	0.0301	-0.3358	0.4384	-0.7368	-0.2001	-0.1435	-1.1123	0.9842	2.5533	-1.5407	-0.2679	-0.0871	-0.4885	0.9574	0.2589	0.4010	0.7559	-0.9761	-0.1375	2.0671	-0.6840	1.4469	-0.1330	-0.2074	-0.2511	1.9417	1.1533	-0.9895	-0.3493	-0.0810	-0.2827	0.1119	-1.7333	1.6757	0.0735	-1.1330	-0.5205	-0.4450	-1.1109	-1.1490	0.0104	0.8931	-0.2083	-1.5978	-0.5038	-0.6695	-0.0382	0.5861
1.4271	1.0712	0.2576	-1.2879	1.1888	1.3019	0.8613	0.1900	-1.0996	0.4153	1.2905	-0.6982	-0.3005	1.6265	0.5916	-1.2131	0.8906	1.2969	-1.0200	0.5714	-0.7264	0.6444	-0.1478	-0.5777	0.5783	-0.2213	-0.9657	-1.7825	-1.7776	-0.3867	0.0570	-1.2117	-1.5570	1.2863	0.7107	-1.7913	0.6410	-0.4431	0.0847	1.2024	1.0786	0.3222	0.5102	-1.2421	-0.6511	-0.4601	0.5075	0.5639	0.1698	-1.1524
0.0689	-1.3889	0.5555	2.2989	-0.6887	-0.0900	-0.0961	-0.1425	-1.2348	-1.5656	-0.6724	0.1441	0.9067	0.9411	-1.1388	-0.1642	-0.6360	0.8500	-0.0985	1.3034	0.7859	-0.5246	-0.5014	0.4168	0.4859	-0.2906	0.7908	0.6169	-3.3093	-0.4806	0.4778	0.1479	-0.6077	-1.1889	0.5904	0.2156	1.4737	0.3391	-0.6718	1.3472	0.9155	-1.3359	0.4325	0.6164	0.9593	1.2873	0.0822	0.6027	0.3503	-0.5591
0.1195	-0.9048	0.7314	1.4990	0.4819	0.8838	-0.2758	-0.9031	1.5623	-1.0875	-0.1470	0.3779	0.8133	0.3921	-0.6909	0.3162	-0.3440	1.5269	1.5826	-1.9879	0.0074	-0.0290	0.5832	0.4256	-1.1288	-0.3723	0.6052	-0.8165	0.9734	-0.3013	-0.7728	-1.5023	-0.6055	0.8481	-0.8245	2.1709	-0.9024	0.3697	0.8820	-0.1650	-0.3857	0.9586	1.1347	-0.8290	-0.2225	1.0109	-0.8975	0.1230	0.2606	-0.7584
0.6645	-1.0399	2.7098	0.8693	1.6306	0.7677	0.2484	1.2518	0.6418	-1.8531	-1.7510	-1.8837	-0.9428	0.3816	-0.0272	0.0396	-1.1959	-0.6718	-0.7871	-0.2778	0.3390	-2.1180	1.3911	0.6131	-0.2010	0.0211	1.4468	-0.4758	-1.8106	-1.2626	1.2443	1.3659	1.6265	-0.0557	0.5759	0.3646	0.2432	0.0274	-1.2586	0.6911	-0.3408	0.7775	-1.0762	-1.5260	0.0243	1.0308	-1.4680	0.1099	1.8467	-0.6624
-0.0158	1.7755	-0.6627	0.1506	1.0859	-0.9396	-1.2066	-1.4849	-0.4661	-0.5994	-0.3384	1.4759	0.3731	-0.5922	2.9632	1.1185	-0.2529	0.4485	1.3455	-1.6895	0.1361	0.9650	-0.4097	0.4792	-0.5962	0.2461	-0.9057	-0.5245	-0.4294	-0.2699	-1.1211	0.4779	0.1863	-1.3707	-0.8820	-0.5101	0.3060	1.8482	0.4065	-1.2279	0.1932	-0.0094	0.4387	0.2156	-0.8057	2.4586	1.9218	1.8316	0.4878	-0.2318
-0.0892	1.8129	-1.7700	0.6553	2.0105	-1.1260	0.3995	0.3243	2.2732	1.1203	0.7920	2.4432	0.4303	-0.4628	0.1049	-1.7994	-1.7146	-0.1145	-0.1371	-0.4894	0.5434	-1.4635	-0.8232	0.3433	-1.5228	-0.2091	1.0374	1.1158	2.9271	-0.4146	-1.2754	0.8660	1.1781	-0.7571	0.2688	2.0796	0.8742	-1.2053	-1.1014	0.4673	0.1028	2.2093	0.0045	-0.5704	0.1771	0.1991	-0.9498	1.1610	-0.0565	0.0267
-0.8892	-0.6698	0.4293	0.2895	-1.6030	1.1122	-0.9494	0.5662	-1.2555	2.2120	-0.1584	0.4828	-0.6003	1.1274	1.0199	-0.9364	0.5777	-0.9369	2.1308	-2.1745	-0.0859	-0.2464	-0.5164	-0.3729	-0.3449	-0.0511	0.9812	1.3839	-0.5063	-0.5547	-0.3632	-0.5049	-0.1638	0.6522	2.0429	0.1612	-1.0642	1.1274	0.7873	-0.7145	-1.0790	1.5930	-1.4863	1.1772	0.2278	0.6564	1.2767	-0.7978	2.2261	0.3523
-0.3826	-0.3860	-0.5027	1.4283	0.6606	-1.2921	-0.0862	0.0252	0.5494	0.5473	0.2517	-1.2747	-0.5686	-0.5615	0.2513	-0.6736	-2.1876	-1.0119	1.1673	-1.2324	-0.1131	-0.5021	0.0550	-0.4510	0.4870	-0.5700	-1.5726	-0.1181	-0.9772	-0.8627	0.4190	0.0301	-0.1250	-1.8086	0.2311	-0.8582	0.1121	0.7938	-1.0183	3.1620	-0.6258	-1.4819	-0.2050	0.3982	0.0361	0.5531	0.0982	-0.2974	0.6334	-0.0371
-1.0731	0.4031	-0.2939	0.2738	-1.0095	-1.2167	-1.3021	0.4293	-1.1856	1.2305	-0.7645	0.2046	-0.2659	-1.0532	-0.4787	0.0154	2.4867	0.8744	0.8903	0.2568	-0.5261	-0.9422	0.9593	-0.2134	-0.1276	0.1740	-0.4172	-0.8378	-1.3544	0.2740	-0.6988	1.0141	-1.0156	-0.2712	0.2408	-2.1005	-0.8907	-0.6134	-1.2794	0.5348	-1.9169	-0.4543	0.3229	0.1091	-0.4843	-0.2805	1.7005	1.1653	-0.5674	0.1708
0.0266	-1.2561	1.7902	-0.7774	0.8104	-1.2947	0.9344	-1.3792	0.7917	0.3660	2.0593	-0.2476	-0.0743	-1.2190	-2.0347	0.0927	-0.7909	0.4335	2.3370	0.4480	-0.1078	0.1265	1.1214	-1.1469	-0.0275	1.7036	0.5829	0.5793	-0.5868	-0.9697	-0.5170	0.6863	0.3902	-1.3875	0.1296	0.5888	1.7394	-1.1764	1.4647	-0.8292	-0.1371	1.0121	-0.5616	0.6005	0.7771	0.2220	0.7042	0.6717	1.0017	0.4588
-0.8022	0.6959	-0.3515	0.5529	-0.4009	0.2209	-0.6210	1.0645	-0.0812	-0.4589	1.0346	-0.1840	-1.0183	1.4005	-0.1047	-1.0821	-0.6112	-1.1717	0.7923	0.3393	2.5445	1.1748	-1.5565	1.1949	-0.1613	0.6327	-0.2584	0.9559	-0.8672	0.4946	0.9194	-1.5916	0.5388	0.7962	1.1249	-0.7846	-1.3145	-0.0716	-0.3283	-0.7687	0.3379	0.4558	-1.3644	1.6211	-0.3742	2.6188	1.9476	-1.1125	1.3195	0.9100
-1.0778	0.0923	-2.1132	-0.9802	-1.4315	-0.4224	0.9547	1.6193	0.0945	0.5251	-0.3822	0.9977	-0.0494	1.3470	-0.3917	0.0152	-0.5752	-0.2531	0.1896	0.6952	-1.0957	0.5700	-1.8450	0.2899	1.6589	0.1845	1.7629	-2.2613	-1.1463	0.9383	0.7811	-1.8181	-1.6936	-1.5981	0.5751	-0.1571	0.4162	-0.3188	0.4136	0.3082	-0.8358	-1.7880	1.4657	-0.4037	-0.1353	-0.7290	0.3235	-1.1980	0.9670	1.3677
-0.7528	-0.1656	-0.7258	-0.6195	0.2801	0.8745	0.5505	0.0455	1.1276	1.3722	0.6448	1.2741	1.8658	-0.5827	1.2762	-0.0551	-0.3253	-0.2462	-0.6701	-1.2748	1.6377	1.6046	-0.4132	-0.3897	0.0814	0.0152	-0.9298	-0.7499	0.4843	-0.7483	-0.9444	1.8970	-3.6497	-0.3948	-0.9908	2.3082	0.0185	-1.8721	-0.6371	0.3544	-0.6995	0.9744	-0.8118	1.0549	-2.2762	1.9482	-0.0566	-0.8741	-0.5612	0.4694


