
X1	X2	X3	X4	X5	X6	X7	X8	X9	X10	X11	X12	X13	X14	X15	X16	X17	X18	X19	X20	X21	X22	X23	X24	X25	X26	X27	X28	X29	X30	X31	X32	X33	X34	X35	X36	X37	X38	X39	X40	X41	X42	X43	X44	X45	X46	X47	X48	X49	X50
0.5105	1.6748	1.3318	-0.9260	-1.2981	-0.7424	-0.4026	-2.2917	-0.5137	1.6810	0.9455	0.3161	0.9572	1.3850	-2.0456	0.5800	1.1653	0.0344	-1.8306	-0.2112	0.1066	0.0654	1.3628	-0.1869	0.3353	1.3161	1.0086	-0.5947	-0.2150	1.8213	0.3855	-0.0699	-1.3369	-0.8335	-0.2167	-1.0558	-1.6922	1.1525	0.0747	-0.3979	-0.3291	-1.3251	0.5692	0.3018	-0.6017	0.1282	-0.9723	-1.4105	-0.0726	1.5331
2.0948	1.3185	-0.2070	0.1171	0.0312	0.7941	-0.6541	-0.0052	-0.2164	1.0194	-1.8628	0.9002	0.0336	0.3491	1.1185	-0.6451	-0.7794	1.3387	-0.0710	1.3430	0.0149	0.3284	-0.2478	-0.8733	-1.1082	1.5524	0.4182	1.3552	-1.8442	-0.2644	-1.5856	-0.0639	-0.5040	0.3649	-0.3202	0.8349	-0.3603	-1.3054	1.1169	-0.2100	-0.4265	0.3027	-0.2045	-0.1646	0.0133	-1.3162	0.5529	-0.9698	0.3432	0.3588
-0.2494	0.2466	0.0168	0.3151	1.2826	-0.7445	1.6935	-1.1744	-1.0962	1.0766	-1.1349	-0.2635	-0.3006	-0.0154	-0.2516	-0.3135	-0.3361	0.7536	-0.0257	0.1384	-0.1864	-0.4592	-0.8652	-0.0472	0.5028	-0.6251	-0.9448	0.1666	0.5761	-0.8305	0.0767	-0.9217	0.8790	-0.8778	0.9622	2.0258	-0.0161	1.1870	0.5359	-0.5586	-0.0856	0.1511	-0.0428	-1.0729	1.2107	-0.7832	-0.2374	-0.9211	-0.1824	0.8212
1.3395	2.3303	-1.0829	0.2443	-3.4562	1.8738	1.3434	0.6407	-0.3290	-0.3764	2.3405	0.6138	-0.7283	-0.2036	-0.8030	0.5092	0.9268	-1.1782	0.5342	1.4765	-0.0279	-0.1312	-0.4438	0.4741	-1.9480	0.6037	-1.2660	-0.5333	-1.6034	0.1024	-0.4314	-1.1028	0.0327	-0.4477	-0.5186	1.7974	-0.0377	-1.8642	-0.6166	-0.4730	-0.5812	-2.1932	0.5030	-0.9785	-0.1044	0.7867	1.1186	1.7582	0.9662	-0.2870
-1.2623	0.9609	-0.5129	2.1174	-0.2627	1.8157	-0.4561	-0.4049	1.0446	1.1225	0.1986	-1.2253	-1.0414	-0.1397	-0.8889	1.4094	0.2560	-0.3638	-0.5946	0.0109	0.2164	-1.7766	0.0120	0.1507	0.2658	-0.1972	2.5515	1.5311	0.1343	-1.3257	-1.5984	-0.7236	-0.4755	0.5914	-0.8032	-0.1153	-0.7235	-1.4717	-1.3916	0.6928	0.0743	0.9375	-0.9897	-1.0879	-0.4799	1.2705	-0.2267	-0.7245	0.3674	0.0302
1.5139	-0.6686	-0.8116	1.2557	-1.0895	0.3677	-0.2750	0.7753	1.4438	0.3116	-1.3796	0.0725	0.6999	0.2909	0.8125	0.2754	-0.8506	-1.6379	-1.5285	0.9040	0.2711	0.4285	0.6737	-1.5071	-0.7274	2.8282	-1.3869	-0.4247	0.5387	0.0759	1.5038	0.4448	0.6101	-2.2226	-1.5035	-1.7478	0.2998	-0.0175	1.2394	0.0722	0.5299	0.8595	-0.6975	0.3421	1.7164	-0.7237	0.3474	-0.6709	0.4497	0.0202
-1.9387	-1.5899	1.6037	-3.3444	-0.5783	-0.1877	0.4210	-0.5023	1.0396	-1.3935	0.9982	-0.6729	-0.3606	-0.3653	-1.3420	-2.2581	-0.2761	0.0120	0.2212	-0.2903	1.0342	-0.3032	-0.8942	-0.7427	1.1574	-0.3146	1.8919	0.2994	-1.3801	-1.9103	1.4127	0.3861	-0.1775	0.5991	0.3709	0.2834	0.4110	-0.5430	-0.3082	1.5106	0.0235	-0.8366	0.1516	0.1045	0.3353	1.1454	1.2715	-0.4452	-0.0760	0.5435
-0.2337	-1.9087	0.7561	0.9283	-0.9926	-1.0153	-1.0424	0.1396	-1.3280	0.1655	-0.8588	0.3060	1.0727	-0.1380	-2.7511	1.2371	-0.6149	-0.0418	-0.3661	-0.7268	2.0879	0.4662	1.5347	-0.3351	-0.0487	1.0249	-0.5273	-0.8558	-1.9924	0.0287	-1.4479	-0.4883	-1.8557	-0.9640	0.4598	0.8032	-0.2336	0.9922	-0.4586	-1.1149	-0.3999	0.6717	1.3839	-0.0203	-0.7511	-0.3901	1.3355	1.6923	-0.2673	-0.9492
-1.5084	-0.6367	0.0048	-0.3859	1.5947	0.5498	-0.4346	0.5259	-0.0067	0.6933	-0.8969	-0.1774	1.3410	-0.3829	2.7116	0.8648	-0.1077	2.2605	1.3945	-0.5619	-0.0320	-0.0776	0.1293	-1.8305	-0.4826	-1.8947	0.4914	-0.5867	-0.5266	-1.7260	0.5180	1.1542	-0.6484	-1.4651	-0.5466	0.2166	-0.4533	-0.9000	-0.9387	-0.8876	-1.1132	-0.2935	0.5890	-1.0334	0.5027	-0.0446	0.3403	0.5258	-1.7783	-0.0734
-0.7886	-1.2622	0.1616	-0.6629	-0.9390	0.6322	1.7699	0.9849	-1.0353	-0.8351	-0.4703	1.3328	0.3291	0.3076	2.0778	1.4904	-0.8050	-0.6980	-0.0820	-0.3837	-0.4665	2.1297	0.4650	-0.8342	-1.2010	-0.0227	-0.3323	-0.2342	-0.1865	0.2936	-0.5627	2.1705	-1.4726	0.2134	0.7143	-0.9204	-2.3327	0.7699	-0.9240	0.3060	-0.5788	0.3817	-1.5452	2.2423	-1.1581	-0.1703	1.0136	0.4226	-1.0481	0.7055
-0.2800	-0.4739	0.8966	-1.0098	0.6251	-0.5444	-0.1424	2.5077	0.4109	-0.4812	1.6557	1.3179	0.2769	-0.1642	-0.4739	-1.9541	-1.0268	-0.0210	2.0646	0.3188	-1.3503	-0.0226	2.4567	0.3076	1.1568	0.6092	0.0323	0.9240	-0.0959	-1.1412	-0.6996	0.3163	1.0232	-1.1720	-0.8859	0.4952	0.3700	-0.7251	-0.6028	0.4645	0.5745	0.2515	0.5325	-0.4805	0.8975	-1.7362	-0.9701	0.3160	-0.7274	0.5213
-0.3270	2.3066	0.7826	-0.2266	2.0104	0.1596	1.0525	-0.3299	0.7565	-1.4662	-2.3929	-0.6750	-0.4337	1.0242	0.3501	1.6491	-2.9396	0.1339	-0.1757	-0.9454	-0.2788	0.6338	-0.7668	1.3320	0.1376	-0.1319	-1.4291	-0.2506	-0.2683	-1.2677	0.4580	-0.1948	0.9626	-0.4987	-0.3412	-0.7947	-0.5374	-1.5664	-1.4279	0.0638	0.1407	0.0706	-0.3505	-1.5350	2.0172	1.6084	0.8243	-0.9393	0.5604	-0.2795
1.0430	0.4551	0.7439	0.9387	-0.2150	-1.3782	1.3739	-0.1631	0.1246	-0.8219	-0.0306	-0.5713	-1.6537	0.0561	-0.9159	1.2351	-0.1190	1.1634	0.0634	-1.0169	-0.5392	1.5351	0.2828	0.1287	-0.2501	-1.8921	-0.1888	1.2722	0.3800	-0.6504	0.8687	-0.4200	-0.5708	-0.7924	0.2907	-0.5273	0.8958	-1.3612	-0.9707	-0.8409	0.6919	1.1006	1.0136	-0.7681	-1.1093	1.6675	0.9658	0.4089	-0.8416	0.6853
-0.6181	-1.7641	1.3848	-0.8172	-0.4868	-0.5638	-0.4626	0.6117	-1.6896	0.4416	-0.5833	-2.3448	1.2295	2.8787	-0.2602	1.2553	1.4113	-0.0990	-0.6031	-0.2427	0.1784	0.1042	-0.6368	-0.5199	1.5370	-0.6658	-0.9176	-1.9318	0.6403	0.5030	0.2731	-0.3878	0.6899	-2.1944	-1.7366	0.4910	-0.7975	1.0174	1.2229	-0.3696	0.7405	-1.1980	0.4187	-0.8112	1.4406	0.9783	-0.1761	0.6581	-0.6309	-1.3940
-0.4747	-0.6587	0.0324	-1.4395	1.2415	-0.1180	1.8373	0.4566	-0.6706	-1.7270	-0.8337	-0.3519	1.7875	0.7415	1.4572	0.6180	-0.8002	-1.2698	-0.1792	-1.8171	-0.7248	0.3266	-1.2474	0.3994	1.3916	-1.0485	-0.5266	-1.0111	-0.9586	-0.7182	-1.7872	0.4718	-1.2733	1.6730	1.2154	1.6906	1.2017	0.0616	-1.8164	-0.9313	0.0064	0.7181	0.6471	1.0109	1.7351	0.9274	0.8605	1.1259	1.1110	-0.4533
0.1325	0.4768	0.3550	-0.7472	1.5889	-2.1588	0.3747	1.6871	-0.8967	-1.2804	1.2086	-1.3599	1.0573	-0.6595	1.2496	-1.1124	0.3979	-0.9948	0.0187	0.9135	-2.2717	-0.2306	-1.9073	-2.0757	1.5335	-0.4908	-0.5527	0.9642	-1.2632	-0.1812	-2.7801	-1.9599	-0.1594	2.4567	1.3020	0.1979	0.0047	1.8668	-0.2357	0.0454	-0.8993	-1.8570	0.6785	-0.3273	-0.7378	0.0858	-1.2919	1.3659	1.4736	2.2072
-0.1049	-0.7032	0.1725	-0.2177	0.3997	2.0390	-0.1831	-0.2604	-1.0963	0.8211	-2.0070	2.0707	0.8304	0.8614	0.3355	-0.3580	-0.1438	1.0587	-1.4046	0.6254	0.3893	0.6372	-0.5159	1.3129	-0.0521	1.1337	-0.9403	-1.5114	-0.8582	0.0275	0.4328	-0.1036	-1.0487	-1.3377	-2.2112	-1.4885	1.2405	-0.1608	-0.7681	-0.7107	1.0209	-0.1582	0.8641	-0.6704	-0.0204	1.0894	0.4338	-0.2863	0.6423	-0.1372
0.8437	-0.8504	-2.0734	-0.1558	-0.4764	1.0901	-0.3322	-0.2543	0.2047	0.6054	0.0635	-0.3131	-0.2844	0.3014	-0.6685	-0.5595	-1.5907	-1.3804	-0.0791	-1.2895	-0.0028	0.3879	-1.1936	-0.0191	-0.5566	0.4371	-1.2484	2.1748	-0.2963	0.3796	2.9988	0.0082	2.9553	-0.3209	-0.3062	0.5074	0.0277	-0.2444	-1.3391	-0.5353	-0.8179	-0.4636	-2.6282	0.5455	0.2172	0.5708	0.4459	0.5231	-1.0909	1.6535
-1.3600	-0.7387	-1.3184	-0.5595	-1.0087	-0.0694	-0.6301	1.2653	-1.4269	-0.0321	-0.0034	1.1729	0.8933	0.4067	-0.9287	0.1803	-1.4402	1.6725	0.1596	1.4312	0.2387	-0.7806	0.1035	0.1096	-0.7103	0.6153	1.4272	1.1077	0.5868	1.9293	-0.1706	-2.2616	1.1547	-2.6312	-0.1408	1.1882	0.7753	0.9911	0.3072	-1.3726	1.0389	1.4803	-0.0424	1.7474	0.3032	-0.4912	1.5716	1.0977	0.5096	-1.3924
1.0322	0.3468	1.1017	2.1803	1.9982	2.0589	1.4408	1.3055	1.1395	0.4100	-1.2166	0.1723	-2.5341	1.3605	-0.4998	-1.4181	0.0872	-1.1685	-0.4028	1.1663	-1.1703	0.7773	0.6064	-0.3802	-0.4273	-0.7947	0.0669	0.8545	0.8010	0.7078	-0.2962	1.7608	-0.3830	-0.0923	-0.9096	0.5137	-0.0778	0.7038	0.3033	-0.2448	0.3983	-0.0389	-0.1259	-1.0950	-0.6586	0.1045	-0.2340	-1.3573	-0.2739	-1.0482
1.1503	-0.0334	0.8515	-1.1520	-1.5264	1.3120	1.3781	1.2620	0.1176	0.6806	0.9284	0.4654	0.7126	0.4331	-0.5036	0.7401	-0.2480	0.1897	0.5286	0.8283	-0.1046	-0.7490	-0.4215	1.8458	0.6944	-0.2415	0.3241	0.3572	1.9643	0.5621	-1.1815	-0.5875	-0.6801	-0.1374	-0.1815	0.2106	-0.0525	-0.4159	-2.0226	-0.2643	-0.4470	-0.0939	0.8715	-0.4703	0.0693	-1.8683	0.1223	-0.2734	0.0106	-2.0124
0.0442	-0.1201	-0.9365	-1.8922	0.0742	-0.2155	-0.3704	-1.0681	-0.6981	0.9666	-1.3045	-0.2579	-0.6826	0.7872	0.6184	-0.1659	0.2968	-1.9871	-0.3584	1.0693	0.6845	-1.5399	-2.1819	1.0915	1.4354	0.6835	-0.9005	-0.6158	1.6303	-0.1066	-0.3188	-0.2475	-0.3656	-1.4480	2.0496	-0.6562	-0.2970	0.3898	-1.1193	-0.4653	0.2150	0.7918	1.1557	0.5598	0.5011	0.4433	0.1990	0.8642	0.3779	0.4781
-0.7827	1.2961	-2.3682	-0.1591	-0.8935	-1.1079	0.5759	-0.4721	2.9957	-0.4065	-0.0850	0.3597	-0.1734	-0.7790	-0.1333	0.4191	-0.9649	0.1184	0.0194	0.0655	1.4993	0.2614	0.8260	0.3616	0.1693	-1.0186	0.2459	-0.4574	0.2115	-0.3034	-0.2788	-1.0248	-1.7038	-0.6203	-1.0967	0.2549	-0.2562	-0.8067	-0.0256	0.6592	-1.4536	-0.2837	-1.0342	0.2815	-1.2003	0.9414	0.5446	0.4654	-0.0457	-0.4885
-0.2235	0.2838	-0.4547	-0.9201	-1.6858	0.6599	-0.1572	-0.2325	-0.6248	-0.5885	0.0847	2.6963	-0.8465	-0.3544	-1.3283	0.0096	0.6264	-0.5988	-1.3509	-0.7138	-0.0090	-0.2722	-0.2860	-0.5919	0.0783	-0.2095	-0.7745	0.0264	0.0917	0.2420	-0.8604	-1.2720	2.2695	1.7292	2.3361	-0.2903	0.5079	-0.8128	-0.0668	0.6721	-0.5081	0.7650	-0.7489	-0.2394	0.3127	0.6053	-1.1881	-1.0370	0.9714	0.0199
0.7551	-1.1803	-1.2098	-0.5624	-0.2201	-0.3685	-1.3788	-0.3643	1.3733	-0.1852	1.7614	-1.5602	0.5063	0.2601	-1.1241	-0.4807	0.3724	-0.4131	-1.2655	-0.5399	-0.4425	-0.4737	1.0936	-0.7483	-1.2445	-0.2038	0.0220	0.4565	-0.1226	-0.3253	1.0416	-0.3523	-0.2695	0.5802	-0.3147	0.1744	-0.2672	1.4068	1.2533	-0.9854	0.6366	0.1508	-0.6982	0.6432	-0.6609	-1.1687	0.7481	0.7650	-0.4350	0.3780
0.9610	-2.4461	-0.8856	0.4664	0.3930	-0.5103	-1.5193	-0.1187	-2.3116	0.9828	-0.0806	0.0711	0.5485	0.0246	-0.6002	1.8527	-0.7161	-0.1832	0.0927	0.6650	0.8163	0.9054	-0.4345	0.7612	-0.4672	1.6303	0.5439	-1.5087	-0.7943	-1.0246	-1.2674	-0.1841	0.0671	1.1562	-2.0416	0.4938	0.5172	0.4212	-0.2273	-1.4239	-1.2986	0.8944	0.1868	0.6408	0.9036	-0.5549	0.6201	-0.1858	-1.4691	-0.0281
-0.2709	0.1183	1.5896	-0.5633	-0.2312	-1.4532	-0.2246	0.1557	1.1329	0.3997	0.7821	-0.9633	1.7215	-0.6563	1.2666	0.8290	0.7557	0.8831	-0.6174	0.0831	1.3156	-0.6926	-1.4539	-0.7480	-0.4203	-1.2590	-0.9650	-1.0158	0.5595	0.0594	-0.2544	0.4302	-0.9954	0.7167	-1.2029	-1.3584	0.3429	1.1413	1.4603	1.0176	0.5958	0.9816	0.9061	1.4057	-1.5856	-0.8920	1.9966	-0.4517	0.8767	0.3065
1.0354	-0.3948	-0.0972	-1.5500	0.1609	-1.0965	0.4517	1.3332	-2.5262	0.6396	-2.0230	0.6775	0.2260	-0.7388	0.9859	1.2825	0.3809	-0.1246	0.6106	0.1561	-0.7145	0.3445	1.4303	0.4165	-0.1090	0.7365	-0.9074	0.9514	0.5344	1.0675	-0.3410	0.1147	-1.8296	1.9707	-1.0047	0.2353	-0.2385	0.3301	1.3620	-0.0989	-0.5664	-0.9132	-0.2392	-0.1923	0.7293	1.2193	1.6792	1.1876	-0.4713	-0.6035
0.8490	0.8527	0.1519	-0.3868	-0.3883	0.5791	-0.5547	-0.7661	0.3872	0.3978	0.1909	-1.6691	-0.5101	1.4600	0.3325	0.1953	1.9398	0.6999	0.2847	0.2645	-0.5564	-0.1689	-0.0372	1.1266	-0.2051	-0.4445	-0.7601	-2.0692	-0.8797	-0.3406	-0.3198	0.9275	-0.1228	-0.7425	-0.5481	0.5163	0.3470	0.5781	-1.5803	0.9154	1.2834	0.6153	-0.2151	-1.2378	0.6384	-1.7848	2.6943	-2.1208	1.1551	-1.4043
-0.2219	-0.0696	1.1555	-0.2742	0.3304	-1.5938	0.5382	-0.0607	0.3431	-1.0368	0.8495	-0.6366	-1.5498	0.7722	-1.6947	-1.3732	-2.5256	-1.5004	1.8230	0.1385	-0.3201	-0.7430	1.9693	-1.1124	-0.6830	-0.2202	-0.9597	0.7082	-0.2938	0.3958	-1.3043	-1.5228	0.2565	0.4975	0.5050	1.7075	-2.0106	-0.5134	0.7875	0.8426	1.1324	-0.7839	-0.5893	-1.1330	-0.6678	-0.6005	-0.5783	0.1002	1.9804	-0.1230
-1.7081	0.2575	-0.0836	0.4367	-0.7635	0.8877	-0.2767	1.7282	0.9385	-0.7869	-0.9184	-0.1151	0.6071	-0.3002	1.3009	-0.2162	-2.7820	-0.6519	0.6839	1.1790	0.1742	0.2621	-0.0122	-0.3993	-1.0300	-0.9651	-0.8778	1.0894	0.2648	-1.2987	-2.0063	-1.0970	1.0328	0.3474	-2.4908	-0.9029	0.9031	1.0895	0.7861	-0.6128	0.1884	-0.7380	0.7667	-0.8858	1.4599	0.5436	-1.8216	-0.3077	-0.2364	2.1259
0.8931	0.4486	-1.3675	-0.4222	-0.6564	1.2181	0.5325	-0.6205	-0.1191	2.0344	0.2438	-0.2732	0.1465	1.5533	-0.9415	-0.7546	0.6022	0.1672	1.2867	-0.0045	1.9718	1.8558	0.6825	-0.2458	0.8533	-1.8039	-0.6290	0.2504	0.7079	1.1138	0.9237	-0.1773	0.4398	-0.3005	1.8877	-0.7532	1.1680	0.4013	0.5335	-0.1798	-1.8404	1.4274	0.1946	-1.3552	0.4864	-0.6340	1.6873	-0.7567	-0.5435	0.1201
-0.1486	-0.7299	-0.8772	-0.5621	0.5434	1.2691	1.8508	-0.6495	0.8620	0.9335	-0.1435	0.1297	-0.5112	-2.3446	0.9445	1.1321	0.1562	1.2087	-0.0798	-0.5999	-1.6578	0.5343	-0.2674	1.9493	1.3347	-1.0211	0.0193	1.8800	0.9580	0.2190	0.7504	-0.7511	-1.2202	-2.7336	-1.0613	0.1457	0.1702	-1.6735	-0.1433	0.5305	0.7324	-0.5607	-0.6731	-1.0682	-0.7689	1.1189	-0.2672	-0.6426	-0.7935	-0.1100
0.0088	-0.0865	0.7045	-0.9574	-1.0290	0.8683	0.3829	-1.9103	1.1292	-0.5868	0.3765	-0.6228	0.2529	0.2815	-1.6742	-0.1008	0.2238	-0.6215	-0.3582	-1.2742	0.1054	1.7427	0.6363	-0.9400	0.8916	-0.3993	-0.1379	-2.2236	-0.0275	0.7467	-0.6028	-0.9119	0.7578	0.7189	0.3492	-0.2317	-2.0762	0.9156	-0.2888	-1.1784	-0.0119	0.3836	-0.6515	-1.0896	0.1344	-0.4233	1.2150	1.0153	0.7855	-1.1758
0.3378	1.8642	1.9892	-0.0492	-1.0220	-1.5517	0.7490	2.3510	0.4785	-0.2899	-0.2622	-0.1336	1.3295	1.6231	-0.3301	-0.4612	-1.8607	0.9150	-2.0833	0.2532	-2.8198	-0.1419	0.2656	-0.9930	-0.3084	0.4310	1.8018	-0.1266	-2.4002	1.7505	0.2712	0.4750	0.9259	-0.1685	-0.5815	-1.1169	-0.7790	-1.1654	1.1533	-1.1780	-1.2251	-0.0049	1.0246	-0.9109	-0.0592	-0.4210	0.9458	-1.0299	-0.0262	0.5390
1.1066	-0.5491	0.0947	0.4764	0.0300	0.2498	-1.1355	-0.7182	1.2855	-0.2290	-0.4483	-0.0339	0.9513	-0.0310	-0.0024	0.0626	-2.0817	-0.2805	0.5878	2.0589	0.5270	1.8727	-0.5141	0.6098	0.5140	-0.4566	-0.2770	-0.8871	0.5663	-0.5899	0.4187	1.8368	0.1805	1.0008	1.6894	2.3026	1.1295	-0.6868	0.5707	1.4024	-0.6401	1.6091	0.0259	0.2690	1.1291	0.2651	0.4694	0.2424	-1.0594	-0.4063
0.3386	1.6750	-0.3040	-0.8911	-0.1698	1.9421	-0.3617	-0.4923	-0.6597	0.1668	1.1212	0.5140	-1.4618	-0.3737	0.6459	-1.4877	0.3904	-0.9603	2.8959	0.0208	-1.0948	-0.1128	1.6996	1.2435	1.3621	0.8055	1.2215	0.3053	-0.1361	-1.3602	-0.1089	0.1069	1.8760	-0.3408	-1.4866	0.3323	2.6682	0.5388	-0.1553	-0.2642	0.1842	1.9899	-0.2943	1.7605	1.4723	-2.0000	0.3707	0.2611	-0.6369	1.0319
-1.8820	1.4231	0.2638	1.1928	1.6292	0.5706	-0.4490	-0.9064	-0.0508	1.4823	-1.1984	0.8844	0.3291	-1.2663	0.1318	0.6285	-1.3114	-1.0612	-1.5106	0.3884	-0.6954	0.0826	-0.0785	0.4749	-1.0734	-0.9003	-2.0187	0.2937	-0.0372	-0.4092	0.1219	-0.9233	-1.5823	-1.8196	-1.0873	-0.5143	-0.1236	-1.8979	-0.9064	-1.5897	0.4425	1.2897	1.8229	-0.8439	0.6687	-0.7974	1.1720	-0.6962	-1.6230	-0.8100
-1.4775	1.2776	0.7723	0.2268	0.1965	1.2133	-2.1944	-1.0068	0.7771	0.3192	-0.4010	0.4701	1.9060	0.2509	-1.4604	-0.3020	2.4937	-0.4915	-0.7712	0.2686	-0.3097	-0.5366	1.7161	-0.1246	0.9732	-1.7249	0.2877	1.0954	0.6736	-0.4948	-0.9359	-0.6876	0.5188	-1.3551	0.5422	-1.1907	-0.7781	1.0930	0.0128	-0.9168	0.3969	-1.6101	2.2449	-0.1669	1.3091	1.3825	1.9530	-0.5178	-0.1434	0.9743
-1.1954	-0.5768	-1.5392	-1.9625	-0.7868	-1.1570	0.4567	0.1330	-0.1119	1.0203	0.4899	-0.6215	1.2517	0.7612	2.0721	-2.2934	0.4852	-0.2085	-1.2225	-0.7461	-0.9878	0.6290	-1.3837	0.2040	-1.2275	-1.1748	-0.4860	2.0221	0.5135	0.4727	0.4680	0.9645	-0.0232	0.4886	-0.6524	-0.9921	-0.6933	0.5362	-0.7915	-2.5257	0.3907	1.4017	-1.2456	-0.4484	0.0863	-0.1661	0.2576	-0.5468	-0.4761	0.7078
-0.0211	-0.2020	-0.0528	-0.1889	-0.2329	-0.2991	-1.1656	-0.2877	0.5273	-0.4247	-0.0501	0.2436	0.0029	0.4117	1.1489	0.2601	0.7696	-0.5534	0.4968	-0.3623	-0.7234	0.1384	0.7765	-1.5208	0.5036	1.4133	1.7195	0.3965	1.2053	-1.6152	-1.4913	-1.1060	0.0126	1.2503	0.1194	-0.2226	0.9741	-0.3455	1.0435	-2.3370	1.3279	-0.3460	-0.8359	2.2528	-0.2022	-1.1778	0.5101	0.8977	-0.9538	-0.3605
1.3681	0.7730	0.6565	1.3025	-0.4191	-0.8076	1.5636	-1.0303	-0.4414	0.2156	0.9519	0.3077	-2.6200	0.5555	-0.5955	1.2619	-1.4605	-0.2725	0.6209	-0.0155	-0.6835	0.6139	-0.6579	-1.5577	2.2756	1.4300	-0.5260	-0.3921	0.9172	0.8200	0.4630	0.1558	-0.0252	0.5175	-0.7077	1.2587	0.5926	0.1614	0.1587	-1.7686	0.9203	0.1603	-0.4134	0.6984	0.7926	-0.4915	-1.4840	1.8433	-1.1335	-0.9741
0.7798	-0.2940	1.3926	0.9925	-0.3491	-1.8983	-1.3699	0.9053	-1.2577	-1.7953	0.3336	0.4300	-1.2795	-1.6978	1.6769	0.1958	-0.1293	-0.2605	-0.2281	0.6192	1.3744	1.0014	-0.3129	0.1141	1.8707	-0.7423	1.4432	0.8124	1.7112	0.6531	-0.0342	0.8950	0.0025	-0.0904	-0.1511	0.1114	0.6602	-1.8169	0.7462	1.0213	-0.1332	-0.8200	-1.2869	0.3001	0.1496	0.4229	-0.3766	-1.0446	1.5918	-1.5847
-1.2278	-0.2121	0.4803	0.6211	-0.0227	-0.7351	1.5736	-0.4445	0.1047	1.6536	-0.5080	-1.8490	-1.7780	-0.6874	1.9988	0.1179	-0.6372	0.2692	2.0898	0.4660	-0.1832	-0.5527	1.0468	-0.8740	-1.9622	-0.6975	0.8958	0.2297	-0.6814	0.9016	-1.1667	-0.0196	-0.3211	-1.0706	0.1647	0.9403	0.9545	-0.9522	0.6305	-1.3580	-0.5437	-1.0649	0.6402	0.1058	-0.5719	0.6608	-0.2933	1.5253	0.4555	0.6906
-0.1957	0.1636	-0.5466	0.8289	2.1423	0.4621	0.5116	0.1201	-0.6691	2.2307	-0.5322	1.0314	1.8889	1.5247	0.4369	-0.3941	0.0145	-0.6913	-1.1939	-0.7421	1.0043	0.2262	-1.5350	0.2881	-0.0790	1.0850	1.8536	-0.0764	0.8725	-1.8088	-0.5965	0.7771	-0.0865	0.1723	-0.5131	-0.7798	-0.5364	-0.1475	-1.5483	-1.7009	0.2718	1.8864	-0.3254	-0.1475	0.1195	-1.1197	-1.1718	-0.0013	-0.4697	-0.1332
0.2653	-0.5775	-2.6298	1.4315	0.4119	0.4901	1.1249	0.2304	0.4774	-0.6724	-1.0194	0.0264	1.0664	0.5546	-1.2093	-0.2253	-0.1516	0.5984	0.1584	-2.6517	-0.0822	-0.0502	-1.7242	-0.5956	-0.5410	0.2594	-0.2894	-0.9958	-0.2526	1.1598	1.1030	0.1138	0.0083	-1.9650	-0.5935	0.5416	0.5072	-0.9340	-0.4300	-0.0212	0.6495	0.0517	-0.9135	0.1673	-0.8934	0.4177	1.7000	-0.8210	-1.0848	-1.1248
0.6030	-0.1043	-0.3136	0.6049	0.5135	0.2996	-0.4902	0.2664	-0.1306	0.1083	-0.6158	0.8090	-1.7654	-0.8981	1.3090	-1.3451	1.2585	-0.8286	1.0156	0.8631	0.0105	0.8117	-0.7522	-0.7310	-0.7626	-0.7884	0.1121	-0.9975	-0.5067	2.2358	-1.2555	-0.7616	0.7024	-0.0459	1.2516	-0.8833	1.0981	-1.8255	-0.3640	-1.0992	-0.5867	2.2317	-1.3930	-1.6948	0.0648	1.0708	1.5728	-0.6413	-0.4782	0.4818
0.5439	0.9776	0.0008	0.9867	-0.2860	-0.6513	-1.5542	0.4644	0.0017	0.9387	0.3983	-0.1728	-0.4138	-1.1157	1.8501	0.1563	-0.1480	1.3747	-0.0402	-0.9700	0.5214	-1.2995	0.1197	0.1967	-0.5254	0.0712	-0.2105	0.7291	2.0665	1.2578	-0.2577	1.4493	1.4615	-0.4086	0.9945	0.3057	-0.2200	0.9375	-0.2058	-0.5481	-0.2879	-0.2463	-0.3821	-0.6765	1.6873	-2.0416	0.2553	-0.3111	-0.5896	-0.9023
-1.1935	-0.4681	-1.8928	1.2127	1.0672	-1.2830	-1.1108	-0.0056	1.3550	0.8537	-0.3028	-0.1307	-2.5567	-0.6987	0.7762	0.7317	-0.6675	0.9016	-0.3930	-1.2308	2.1953	0.0056	0.6602	0.3821	0.4413	0.1580	0.3260	-0.9128	-0.0270	-1.8293	0.0306	-0.4282	2.4821	-0.9740	-1.3490	1.4018	-2.6835	-0.5770	0.5025	-0.2231	-1.2379	-0.5728	-1.9397	-0.6149	0.1433	-0.7770	-0.6251	0.4176	1.5599	0.3741
-0.0528	-0.5276	0.6381	-1.6950	-0.5601	0.8544	-0.6670	-0.5625	-0.5367	-1.4981	-0.7367	-0.7929	0.6341	0.3082	-1.3143	-2.5708	0.5587	-1.1948	1.3585	1.5678	1.1550	0.5370	-0.7977	0.7528	0.1489	1.6337	-2.5100	0.9265	0.0861	-1.0640	-0.1949	1.3453	1.2704	1.4915	1.1676	-1.5299	0.4100	2.5283	0.1578	-1.4124	0.3155	0.4879	0.6965	-0.0716	-0.0914	0.3739	-0.4907	-0.4216	-0.4243	-1.2995
0.8776	-0.5685	1.1109	-0.7712	-0.3203	1.4682	0.0142	0.6366	-1.3123	1.1943	-0.1837	2.3181	-0.0761	0.4455	0.3603	0.2896	0.6106	-1.6677	0.7616	0.2433	-1.2825	0.7690	-0.4625	0.8394	-0.5598	-0.5766	1.4125	-0.7611	1.1936	0.6138	1.6498	0.3727	-1.5646	-0.8245	-1.8872	-0.7140	-0.8163	-1.3586	-0.3127	-1.2700	0.5605	0.6675	0.2376	0.0894	0.7091	0.5142	0.6566	0.8435	-0.3015	0.9893
-0.3862	1.0674	1.0355	0.4123	-0.7008	-0.4868	0.8029	0.1664	1.1051	-1.0616	-1.0016	-0.0082	-0.0591	-0.6987	0.3608	0.7260	0.7581	0.5907	-0.4249	0.1525	-0.2875	-1.5529	0.1193	-0.6399	0.0896	-0.8030	0.1069	1.5251	-2.3263	-0.2045	-0.0029	1.0676	-0.1440	-0.1796	0.6525	0.6865	-0.5261	-0.0113	0.8809	-0.4098	-0.2467	-0.2019	-1.7584	1.8124	-1.6434	1.3400	-0.1726	-0.8518	-0.7268	-0.7399
0.4273	0.5144	1.4248	0.5020	-1.3210	1.2573	0.4751	-0.6844	-0.5145	-0.1129	0.9317	-0.0009	1.9084	0.6677	1.7653	0.1980	0.5814	-0.5689	1.7725	0.9757	1.3051	-0.7278	0.7128	0.2887	0.2354	1.0452	0.1126	-0.9997	0.1289	0.8915	-1.4051	-0.8037	0.6228	-0.2565	0.5575	-1.1075	0.9298	0.3658	0.2033	-0.3466	0.0427	1.5144	-0.4927	0.0246	-0.8559	-1.3893	0.5780	0.7448	0.0619	2.3960
-0.2566	-0.2953	0.8212	0.5702	-0.3481	-0.4674	0.9541	1.5437	1.2338	-0.0860	0.5786	-3.4711	-0.2736	-0.2717	0.4856	-0.0307	0.8891	-0.5067	0.0612	-0.2585	0.8257	-0.3762	1.2976	0.4487	0.4800	1.1386	-2.5261	-1.5287	-0.9104	0.8962	0.6172	-0.3361	0.3882	-0.8826	1.1774	-0.1183	-0.8384	0.2288	1.0334	-0.6264	-0.8329	-0.8218	0.6486	-0.9415	-0.0801	0.9555	0.1180	-0.4286	-1.0696	2.4000
1.1222	-0.3130	1.0488	-1.5987	0.4899	-0.5409	-1.0982	-1.3117	-0.0149	-1.6360	-1.6216	0.2963	0.6520	1.0832	-0.0440	0.8048	-0.3201	-0.4582	-0.3218	-0.4401	0.7010	-0.4174	-1.1952	-0.4674	-0.8929	-2.0559	1.2646	-0.6833	-0.2121	0.3049	-0.5774	0.6930	0.3113	-2.5300	-0.4482	1.2313	-1.0382	0.1670	0.8938	1.4236	-0.0435	-0.1478	-0.2519	-1.4084	0.8994	1.7204	1.0477	-0.8485	-0.5522	-0.7211
0.5532	0.9661	-0.7457	-1.3118	0.1843	0.1492	1.2563	0.1919	-0.0399	1.4840	1.0047	0.9703	-0.4766	0.7320	0.2369	-1.3244	-0.4234	-1.8627	-0.7700	-0.5932	-0.6031	-0.3995	-0.6471	0.3108	-2.2332	0.0497	-1.8342	1.4884	-0.7206	0.4267	-1.2040	-0.0298	0.0203	-0.2865	-0.2818	-0.3813	-0.8618	-0.4067	-0.2839	0.1313	0.7712	-1.2536	-0.2448	-0.7207	1.0653	1.7395	1.2699	1.0098	-0.2446	0.0847
0.3420	0.7387	-0.1991	1.0913	-0.3262	0.7844	1.5847	0.8644	-0.0172	-0.0950	-1.7955	0.0736	-1.2731	1.0659	2.2426	-0.6344	-0.3576	-0.4424	0.2280	1.4562	0.1194	1.7233	-0.0845	0.9563	-0.0046	0.8727	-1.7231	0.5184	-0.4326	-0.1067	0.6852	-1.6069	0.2757	0.2020	1.2086	-0.0978	-0.2892	-0.3759	-0.6380	0.4200	-1.1950	1.1560	1.0701	0.6200	-0.3694	0.6612	-1.9132	-0.1458	-0.0238	0.1178
0.0832	-0.4559	-0.8466	1.5239	0.9733	-0.3099	1.0147	-0.4546	0.0401	-1.8887	-1.2529	2.6104	0.7230	-0.3795	1.1265	0.7069	0.0355	0.0055	1.2869	-0.1645	1.5302	-1.0929	1.0116	-1.3793	-0.5053	-0.2835	-0.7358	0.0141	-2.9708	1.0841	-1.4710	0.3088	-0.9470	0.6030	0.4495	-1.2120	1.3078	-0.3797	0.3353	0.0682	0.5649	-0.1414	0.3687	0.7236	0.2500	-0.0875	-0.5067	-0.6814	1.0659	1.0942
-1.7615	-0.1055	-0.5812	-0.1866	1.0891	-0.7643	1.7466	-1.9896	0.6780	1.9296	-2.6945	-1.7748	-0.2948	-1.9631	-0.5483	-0.2866	-0.5184	-0.5576	-0.0866	-0.1656	1.6095	0.4128	0.3674	-1.4639	-0.3721	-0.2550	0.3259	-0.6774	-0.0833	-1.2808	0.2112	-0.6957	-0.3225	-1.7919	-1.0659	0.1643	-1.1542	0.2650	0.2340	-1.4698	0.7084	0.6880	1.1714	1.8798	-0.0368	-1.4958	-0.2280	-1.3777	-0.4071	-0.2334
-0.4922	1.2914	-0.0835	0.3530	0.3922	0.3433	0.1237	0.9905	1.0374	-0.6749	1.0645	-1.0014	0.9065	-0.3512	-0.4792	-0.0559	-0.0738	2.0203	0.1891	0.4961	0.6354	0.9967	-0.4030	0.7655	-0.1721	-1.1302	0.2726	0.4307	0.6560	-0.9243	0.5360	0.1295	0.1050	2.0881	-0.5011	0.7752	-1.4503	1.0424	1.3445	0.5038	-0.4658	-0.2547	-0.6527	1.8517	-0.7015	-0.8029	-1.6347	-1.5180	-0.1632	0.7231
0.7767	1.0615	0.1725	0.0466	0.3205	-0.1161	1.3403	1.0674	0.4896	1.7060	-1.9411	0.2898	-1.4833	-0.8282	-0.8692	-0.2069	-0.3226	-0.1449	1.3458	-1.2385	-1.3992	-0.9073	-0.4110	1.1261	0.7621	0.3695	-0.8663	-0.0740	1.4198	-0.4613	-0.5457	-1.2598	-1.3523	0.2258	0.7769	1.1346	-1.5810	1.7553	1.2083	0.2311	-1.1293	-0.1850	3.3029	-1.3919	-2.0601	-0.8500	1.1966	-1.7922	-0.2851	0.6216
0.6272	0.1949	1.3999	0.7523	-0.4539	-1.0435	-1.6676	0.2522	-1.1228	-1.6980	0.7436	0.4158	-0.6464	-1.1690	0.6093	-0.0352	-0.6524	0.6768	1.1173	-0.9467	-0.2194	1.4035	-1.2350	0.8600	0.5377	-0.2283	-1.0923	-0.2240	-0.9734	0.7208	-0.5897	-0.6904	-0.7766	-0.3465	-0.8627	0.8023	-0.3301	0.4178	0.1865	0.7016	-0.5223	1.4819	-1.7619	-0.0271	1.2153	1.7065	1.9767	-0.6629	-0.5853	1.3081
-0.7911	-0.0818	-0.8305	0.7391	-0.1411	0.3320	-0.7176	-1.0491	-0.6988	-0.5938	2.4596	0.1117	-0.3047	-1.1934	-0.3228	0.0847	-1.0136	0.0899	-1.2817	0.3698	-0.9794	1.5434	-1.0621	0.9072	-0.0357	0.6961	-0.9564	1.0349	1.3486	0.8768	0.1221	-0.1626	-0.3736	-0.1446	-2.4191	-0.9738	0.9475	-0.8593	-0.9470	0.1897	-0.3338	0.8601	0.8010	-1.5811	-0.2933	0.4848	-1.3453	-1.2372	-1.4116	-0.3176
-0.0313	0.1241	0.4257	-1.0106	0.3224	-0.4086	-1.5194	1.2289	0.0945	-0.6865	0.3757	-0.3203	1.9473	-1.1961	-1.1841	-0.5908	-1.3107	-0.9974	1.0363	1.5901	-2.0297	-0.0574	-1.9018	0.3115	0.5203	0.0157	0.2192	-0.3079	-0.9584	1.4666	-0.6870	0.8844	-0.5295	-1.7382	0.6087	-0.3482	0.4503	0.0516	0.8166	1.3361	0.4638	1.2523	1.3929	0.3059	-1.6045	-0.7036	-0.6378	0.6942	0.2704	-0.5548
-2.5197	2.0374	0.3894	0.0590	-1.1420	1.2173	0.0489	-1.6677	1.1177	-2.0045	-0.2428	0.8962	-0.0173	0.5002	-1.1730	-0.1229	1.5544	-0.9253	0.9262	0.5166	-0.1996	2.1141	-0.7964	-0.1559	-0.4385	0.6158	0.1049	-2.8059	0.1569	0.1578	-0.1379	1.2066	-0.4345	-1.2156	-0.4305	-0.6809	-1.1556	0.5856	-0.1256	0.8676	3.1450	-0.0053	-2.7266	0.0130	0.7134	0.0062	-1.0693	0.3829	-0.1233	-0.8367
0.2290	0.7487	-1.6714	0.3623	0.2509	0.2492	0.1044	0.2857	-0.2430	-1.1029	0.3804	-1.3931	0.1617	-2.3061	0.1811	0.4730	0.9977	1.2247	1.0844	-1.0864	-0.0729	1.1042	-1.6130	-0.7251	0.1586	2.0250	-0.9476	0.3358	-1.5303	-0.8199	1.6991	-0.4519	-0.3005	-1.7192	0.3783	-0.6687	-0.4600	1.2205	-0.3323	-1.2900	-0.4375	1.4089	-1.1958	0.0220	0.8856	-0.6893	0.0394	-0.3608	0.9008	0.9760
1.3560	0.0150	-0.1667	0.8148	-0.9123	-0.4599	1.1163	0.1591	0.2288	-0.3842	-0.8537	-0.5620	2.2964	-0.3422	-0.5441	0.3352	0.2938	-1.4238	0.5663	1.1664	1.1666	-0.4565	-2.4745	-0.9034	-0.3542	0.1681	-1.0706	0.8838	0.2481	0.8948	1.2832	0.1250	3.5295	-0.3708	-0.5501	-0.6016	0.0258	1.7507	0.7036	-0.4097	-0.4415	-0.2007	0.5927	-0.0868	2.2348	0.5222	-0.1445	1.6267	0.3501	0.7612
-0.6522	-0.6309	0.0941	1.4682	0.3195	0.3986	-0.6079	1.6510	-0.4967	0.7123	-0.5380	-2.0055	0.2557	0.9446	-1.6978	1.3948	0.6176	1.0006	-0.2049	-0.8099	-0.4421	-0.7767	-1.0290	2.2526	-1.7755	1.8167	1.4978	0.5701	0.5728	-1.7642	-0.6545	0.7082	-1.8860	-0.3552	-0.3879	-1.6211	0.8557	-0.5825	-0.1323	0.3162	0.0480	-0.1724	-0.6376	-0.3737	-0.2071	1.5027	0.0458	0.5038	0.6190	-0.3531
2.8135	0.8955	-1.4325	1.2537	0.4935	0.9022	-2.2556	-0.4152	1.0887	-1.0334	0.0545	-0.2096	-1.1164	-0.3362	0.2929	0.6030	0.7238	1.0912	0.8182	-1.0367	0.2222	-1.3084	-1.0418	0.4715	2.5225	1.0564	-1.3262	-1.7722	0.4594	-0.9291	1.2985	0.7641	-0.3799	0.3750	0.9128	-1.1664	-0.0480	-0.8901	0.0635	-1.5116	-0.4422	0.6109	0.4860	0.0327	-0.6946	0.3939	-0.4063	1.2088	0.8531	-0.3517
-0.8591	0.7874	0.1892	0.4399	-0.4717	-0.6589	-0.0537	-0.0198	-0.0338	1.0785	-0.6981	1.9106	-1.6885	-1.6016	-0.0521	0.7052	-0.4278	0.4698	0.1868	0.2090	1.3161	0.0105	0.1893	0.3774	0.5981	0.8846	0.6795	-0.0499	-0.2420	0.3999	0.7339	1.2062	-0.6919	0.8000	0.5644	-0.8806	0.6695	-0.5136	-0.5659	0.2327	0.6072	1.4933	-0.5806	1.5109	-0.4551	1.4737	-0.1112	-0.2333	-0.2247	0.5725
0.5649	-0.0241	0.5234	-0.1528	1.0026	-1.0625	1.2881	0.4594	-0.8759	0.0510	0.6009	-0.9962	1.1094	-0.3404	-1.1464	1.5642	-0.4035	0.3535	-0.0538	1.2627	-0.8955	-0.4196	-0.8474	2.6527	-0.4528	0.7528	0.0805	0.2154	1.2216	0.7769	0.5348	0.1760	0.1162	0.0093	0.0963	1.6824	-0.5016	0.4998	0.4953	0.3816	-0.0586	1.7250	-0.2283	0.3574	-0.0476	-0.2736	-0.2029	-0.6535	0.1513	0.1882
-2.0272	-0.7637	-1.0234	2.2514	0.5392	0.6033	-0.0431	-0.6629	-1.8393	-0.2680	-0.0507	1.3692	-0.6629	1.3627	0.6946	-0.3521	-0.3790	2.3840	1.3092	1.0754	0.1406	-0.2968	-1.6387	-0.5383	1.4147	1.5874	1.1184	-0.3805	1.2680	0.6066	1.0192	-0.9087	-0.9184	-1.4344	-1.2582	0.4389	-1.7534	2.0474	-0.7013	-0.4734	-0.3214	0.5178	-1.8594	1.6893	-0.3321	1.7062	1.4624	-0.6853	-1.4075	-1.5479
-0.1078	0.6733	-1.2032	-0.1928	-0.2658	-0.6803	0.5308	-1.8501	0.2197	0.2494	-0.5034	-1.5197	-1.1497	-0.2671	-1.3028	0.0785	-0.0430	-1.8100	-0.1436	0.7158	-0.1361	-0.1745	-0.9055	1.6396	0.6956	-0.2663	-0.3775	0.6520	0.2530	0.2777	-2.7997	0.6054	-0.6545	0.8369	0.5315	-0.8961	0.7482	-0.8940	0.5868	1.2283	0.3276	1.2334	-0.9545	1.6806	-0.1453	1.5425	0.5772	-0.9014	-0.3198	-0.5676
0.6493	-2.2487	0.1108	1.3399	-0.2237	-1.3175	2.0140	1.5557	0.8379	0.7658	0.5561	1.1678	-0.9789	-0.1255	0.2949	-0.2173	-1.1389	-0.7939	0.4042	-0.3896	2.1915	0.1622	0.5451	0.2358	-0.4631	-0.5427	-0.7548	-0.3256	0.2789	-0.0200	-0.7581	1.2624	1.4342	-0.7635	0.9548	-0.2696	0.7517	1.4532	0.8435	0.1993	1.2007	1.6848	-1.2589	-0.3294	-1.1575	0.7678	-0.2828	0.2515	-0.0334	-0.8893
-1.1973	-1.4600	-2.1897	0.4583	-0.6456	-0.3298	0.0614	0.0532	0.7575	0.5481	-0.5868	0.3423	-0.2821	-0.7759	0.2490	0.3841	-0.2894	-1.0710	0.6057	-1.5503	-1.7837	-1.9210	0.9910	-0.0826	0.1241	0.8220	0.2024	-0.4182	0.7929	0.1330	-0.4132	0.6377	-0.0327	-2.1176	-0.5267	0.9754	-0.1700	0.2640	0.5682	-0.7225	-0.6236	1.6057	1.0742	2.0803	-0.3487	-1.6501	-0.3310	0.2185	-0.4504	1.4836
-1.0710	0.7132	1.6542	-2.0152	-0.2136	0.6123	1.0094	0.1713	-1.2139	0.7135	0.0170	-1.4430	-0.0396	0.8731	0.1402	-0.1094	1.1452	0.6805	0.5297	-0.2797	-1.5635	-1.2934	-0.1979	1.3094	1.2024	1.1919	0.3059	-0.7397	-0.5592	0.4860	1.4384	0.9523	-0.3207	-0.3851	0.6080	-0.9457	-1.6045	1.1902	-0.8293	-0.3967	0.8597	-2.4440	0.0916	-1.0509	0.1595	1.4476	-1.9283	1.4934	2.1925	-1.4340
-0.3260	-1.6661	0.7606	-2.0263	-0.4585	-0.4359	0.4569	1.1872	-0.8524	1.1444	-0.2125	0.3709	0.9579	-1.1110	0.7770	0.4157	-1.4232	-0.9645	-0.5611	-0.6223	0.5996	-1.1314	-0.2878	-0.3699	0.7257	1.0490	-0.9776	-1.0379	1.3912	-0.0166	-0.3150	1.4264	0.1582	0.7152	0.3112	1.1412	1.1334	-1.4689	-0.2787	0.0026	-1.9394	-1.3641	0.0249	-1.7222	2.4020	-1.2306	0.3214	-0.0081	-0.0191	1.2125
0.4452	-0.5311	2.1754	-1.3397	0.0493	0.1816	-0.1428	0.9806	-0.2703	-0.3918	0.8891	-0.1026	0.9458	-0.2512	0.3515	1.1215	-0.2202	-0.2178	-0.4685	1.7622	-0.4177	1.0763	-2.9251	0.6652	-0.3710	1.1364	-1.0643	0.2461	1.4912	-1.9415	-0.0589	0.2599	1.1382	0.7911	-0.0986	-0.1805	-1.0505	0.2227	0.1513	0.0697	-0.1174	-1.3600	0.4269	0.4275	0.1753	1.3175	0.1161	1.2437	1.0746	1.5727
1.1304	-0.0878	-0.8329	-0.2388	1.4484	0.3485	0.6364	2.5462	0.9814	-1.0634	0.2142	-1.2838	0.1713	-0.6888	-0.5597	-0.7144	0.5231	-0.5227	1.5945	0.3639	1.6767	0.2926	-0.5657	-2.4659	0.0150	2.3544	-0.6176	-0.2841	0.3011	-2.0963	-1.8840	1.5320	-0.6414	-0.7650	-0.7750	-0.7677	1.3802	-0.3483	-0.0316	-1.0923	3.3055	0.0914	-0.5550	0.3117	0.9274	0.7414	-0.2475	0.4686	-1.3159	-0.5271
-0.3338	0.7363	-0.1399	-0.9287	1.0610	-1.1111	1.1800	0.3233	-1.5855	0.1344	0.5824	-0.9464	0.1470	1.3724	-0.6603	-0.2016	0.5069	-0.0222	0.7429	0.1170	0.0622	-0.2950	-0.6241	0.9081	-1.5484	-0.2844	0.6962	0.8908	-0.6946	-1.0080	-0.7559	-0.3031	-0.6237	-0.4852	1.6304	0.2030	0.6414	1.2846	-1.1034	0.2339	0.9992	1.3389	-0.8813	-0.8952	-0.6649	-0.9729	0.8778	0.0735	-1.5129	0.1777
0.4604	0.6892	0.6958	-0.5367	-1.2304	0.5045	-0.6734	1.3724	-2.3670	0.3492	1.7963	1.8031	0.3298	-0.9636	-0.4925	-0.8345	-1.3414	0.0269	0.3311	-1.1778	-1.3732	-0.6227	0.9457	0.0775	0.3644	-0.2679	1.5624	0.2992	-0.0887	0.6164	1.4659	0.7207	-0.8645	0.4991	-1.6550	1.0143	0.2748	-1.1120	0.8120	-0.7823	0.7515	-0.0112	0.5262	0.3295	1.4767	-0.3137	-0.1003	0.0465	-0.1301	0.5436
1.0498	-0.0231	-2.3191	0.5839	-0.7812	-1.2107	0.2891	-0.3558	0.0059	0.0729	-1.4844	-0.1960	0.6956	-0.4853	1.3788	0.0963	-1.4175	1.6701	-0.7529	-0.0916	0.5675	0.6324	-1.8632	0.0171	-1.5264	0.4953	1.6172	-0.6459	0.6555	-0.3284	1.5995	-0.2191	0.0936	0.7847	-0.3469	0.8023	0.4121	-0.3583	-0.2002	-0.7720	-0.9627	-0.4498	-1.4332	-0.9546	0.0725	-0.4256	0.0988	-0.8678	-1.6531	-0.7358
0.0824	2.7602	1.1303	0.8053	-0.8032	-0.7291	-2.3295	-0.6795	-0.7767	-1.8145	1.0557	2.0400	0.9778	1.4372	-0.1032	-1.6585	-0.8694	0.1611	2.8767	0.3989	1.2326	-0.2326	0.9513	-2.0662	0.1909	-1.5328	1.2801	0.9503	1.6472	0.1111	-0.5820	0.3993	0.1690	-0.1126	-1.1117	1.7323	0.9641	-0.5226	-1.9522	1.1083	1.2218	-0.0752	-0.6605	-0.0729	-1.4036	1.4857	-2.7264	0.5563	0.7247	-1.3164
0.8019	-1.6955	0.8592	0.3908	1.4854	-0.1184	0.7951	-0.5151	-0.1921	0.8409	1.9773	-0.7455	0.1061	0.0567	1.4733	1.1265	-0.6970	0.7908	-0.6506	-0.8501	-0.3413	-0.3705	-0.3204	0.2313	0.6932	1.9241	0.0364	1.8482	-0.3855	-0.0521	-0.0888	0.4003	-0.1393	-0.9957	-0.2453	-0.0912	0.1421	-1.9235	-0.1942	0.9750	0.8050	-1.0886	0.0238	-0.6916	1.1879	-0.2805	1.3610	0.0211	-1.2389	-2.1356
-0.1062	-1.0230	2.0433	0.2336	-1.4318	-0.8158	0.0341	-1.4935	-0.5980	-0.1563	0.3510	1.4879	0.6795	0.2172	-0.9493	-1.6443	-0.0543	0.1545	-1.0119	1.1660	-0.9191	-1.0965	0.0028	0.0765	-1.3372	0.0174	-0.9384	0.8156	0.8282	0.2439	0.4655	0.5840	0.7190	-0.0501	0.0691	-1.6986	0.7612	0.3771	-0.5396	0.9313	0.3285	-0.2169	1.4482	-1.0458	-0.0352	1.9362	-0.8520	-0.4414	-0.4304	-0.8194
0.7771	-1.0968	0.4821	-0.5404	0.5855	-0.3016	0.8742	-1.7461	2.0853	-0.8710	0.9614	-1.6340	0.5510	-0.0653	-0.6769	-0.7818	0.6351	-0.7105	1.0580	0.9729	-1.0341	-0.4739	-0.4608	0.2142	-0.8163	-0.2683	-0.2408	-0.5227	-1.6022	1.2407	1.3832	-1.7675	1.4096	-1.1284	0.6641	-0.5300	0.1118	-0.4443	-1.2396	1.1004	0.0488	-0.4086	0.1154	3.3608	-0.9622	-0.8088	0.4689	0.5323	-0.1878	-0.2251
0.6298	0.0213	0.0822	-0.8522	-0.6574	0.9573	-0.6120	1.7440	0.4802	1.3217	-0.3256	-0.1663	-0.1676	-0.0194	-1.3867	-0.2079	0.6760	-1.2729	-0.1780	0.0457	0.0598	0.3146	-0.3739	0.6054	-1.3349	0.8757	-2.4572	1.1936	-0.7954	0.2470	2.4310	-0.1774	-1.2263	1.3042	1.0297	-0.5504	1.1907	-0.1865	-0.4539	-0.5449	0.6208	-0.5616	1.7449	-0.6767	1.2993	1.1905	0.0269	0.8409	1.5740	-1.9585
-0.5462	-0.3269	-0.0319	-0.2527	-0.7622	-1.4033	-0.6199	-0.3133	0.6662	-1.8369	-1.6445	1.7576	0.5825	0.9784	-0.5691	0.4310	-1.1336	1.4636	-0.0911	-0.5076	0.7923	-0.2901	0.7460	-1.6086	-0.3514	-0.0231	-0.6207	-1.6759	0.4077	-0.0156	-0.8137	-0.2468	0.5894	-0.9431	-0.3363	-0.0074	1.2909	-0.2589	0.8940	-1.0838	-0.3423	-0.8709	-1.0933	0.4079	-2.2896	-1.8855	-0.8678	-0.9809	-0.7589	0.4209
-1.0173	0.0647	-0.4142	-0.6636	1.4583	1.0555	-0.3772	0.2795	-0.5180	1.2722	0.7846	1.0667	-0.8647	0.9143	1.2734	1.5005	-0.3874	0.6862	-1.2275	-0.0600	0.3471	-1.6930	0.4284	-1.3869	0.6847	-1.1552	2.3994	0.0877	0.1832	-0.5486	-0.0721	-0.7951	0.0045	0.1516	-0.3433	0.3065	-0.5129	0.2482	1.2604	-0.8886	-0.2914	0.3054	1.2211	-1.7712	-1.2606	1.2150	0.7375	-1.5020	1.5270	0.1130
0.0552	0.4835	-1.8277	-1.8310	-1.5066	1.0405	0.9459	-0.7214	-1.2841	-1.0158	-0.4150	0.7455	0.5758	-0.7051	0.1225	-1.2944	-0.2069	0.5258	0.0405	-0.4640	0.2285	-0.0338	-0.1358	-0.4913	-0.4685	-0.3223	-0.3727	1.3610	-0.5436	2.6141	-0.0087	-0.3977	-0.5851	-0.6668	0.9158	-0.5464	0.0624	-0.5738	0.5355	-0.2021	0.0493	-0.9232	0.0994	1.0010	0.1505	0.5947	-0.4518	-1.6818	0.1336	0.5642
-0.1356	-2.3786	0.6412	-0.5573	-0.1102	-1.0419	-2.0622	1.7767	-0.7151	-0.0064	0.3313	0.6263	-0.0912	-2.3711	-0.8457	-0.9519	-0.1530	1.6861	0.8421	0.5705	-0.9962	0.1324	0.9288	-0.9435	-0.7903	-1.8813	0.0329	-1.0510	1.3723	-0.3620	0.4503	0.6432	-1.3893	0.1866	0.1044	-1.8786	-0.9996	1.2401	-1.3497	-0.3609	-0.1383	0.5360	0.0589	0.5720	0.0967	0.2744	-0.8145	-0.7755	-1.4630	1.8317
-1.0174	0.1324	0.6908	2.0432	1.9463	1.4345	1.0863	0.1971	-1.0634	0.5659	0.8770	-1.3001	0.8096	0.1436	-0.0228	1.2248	-0.0487	2.9417	0.4776	0.0694	2.1270	-0.0012	1.0436	1.4572	-0.6502	1.5104	-0.1668	0.4060	-1.8361	-0.5600	2.1991	0.2349	0.9831	-0.7855	0.6634	-0.2078	-0.0965	0.0003	0.2613	1.2791	0.6973	-1.1778	0.9128	1.8517	-1.7276	-0.3231	-0.6836	-0.6093	-0.1150	-1.0629
0.7140	0.6280	0.3028	0.2847	1.2947	0.9742	-0.4504	1.9528	-1.4830	-0.5064	0.2014	0.4880	0.8588	0.0617	-0.6064	0.4939	-0.8138	0.1108	1.7515	1.8200	2.1519	-0.1432	0.1443	-0.9549	1.6739	-0.3853	-0.4356	0.0439	1.1324	-0.2614	-0.1181	0.0788	1.7410	0.9700	1.8801	-1.5350	1.5181	-1.1781	0.2867	-0.5525	-0.6674	0.6035	-1.6239	0.4552	-0.8585	-0.4427	-0.3939	-0.9987	-0.5956	-0.0110
2.3810	0.2879	-0.3594	0.6356	1.1386	1.2494	0.3443	-0.7498	-0.4843	-0.0698	-0.2980	-1.5170	0.2900	0.9697	0.0356	1.4523	-0.3972	-2.1226	0.0488	0.1653	-0.5113	-0.7563	0.6742	-1.3492	1.0862	-0.6530	-0.3098	-1.7110	-0.8463	-0.4513	0.3424	1.1878	-0.5007	0.7164	0.9061	0.2542	-2.6215	-0.2723	1.3131	-1.1117	-0.2311	0.8463	0.2491	-0.1103	-0.7559	-2.0920	-0.7713	0.8203	1.3132	-0.2937
0.3965	-2.0819	0.2570	0.6996	1.4445	0.1131	1.6916	-0.5001	-0.3784	-0.2034	0.1260	1.9634	0.6275	-1.1540	-0.8956	-0.6812	-0.0319	-0.4831	0.9594	-1.7814	-0.2557	0.0663	2.3605	-0.0936	-1.5423	-0.0950	1.0992	0.3638	0.1451	0.1738	1.0012	0.4640	1.2977	0.4636	1.3785	-1.7913	1.1416	0.2029	-0.3670	0.2756	0.3165	0.7616	-1.1833	0.0507	1.1383	-1.2968	1.0088	1.1285	-0.1930	1.1570
1.3202	-0.0653	-0.3556	1.8533	0.5513	0.8535	-0.3849	-0.6807	-0.7505	1.2790	0.3710	-0.3662	0.3480	0.7454	-1.5849	-1.0468	0.8459	1.1676	-1.4686	-2.2730	-1.5289	-0.5437	-0.6458	1.2109	-1.0518	1.2678	-0.1642	0.6222	0.8172	-0.0742	1.7303	1.1088	-2.0915	-1.0353	0.9715	-0.5110	-0.6710	-1.0713	-2.1768	1.0700	0.0126	-0.4277	-0.2591	0.1549	1.4535	0.2642	1.6316	-0.3231	1.0431	-1.3463
1.3365	0.1123	1.6299	0.0345	-0.7227	0.5920	1.3934	0.4489	-0.0837	-0.0414	0.5277	0.8247	1.9367	-0.8601	-0.6569	-0.1886	-1.0603	-0.7676	0.1501	-1.7580	0.4826	-0.5592	0.1296	0.9866	-0.5851	1.3330	-0.3188	-1.5394	-0.2400	-0.0484	-0.0516	-1.2002	-0.8285	0.1293	1.2876	0.9878	0.2299	0.7044	1.4014	-0.1489	0.1845	-0.8576	1.8342	0.0151	-0.7176	-0.7868	0.3932	1.4106	-0.6162	0.6191
-0.2071	0.3729	-0.6797	1.4056	0.7548	-0.9688	-0.6040	0.7041	0.8597	0.2702	0.0608	0.0759	-1.2611	-1.2948	1.2395	0.1400	-0.8588	0.5229	1.4088	-0.5387	0.2114	-1.4994	-0.1484	0.6110	0.9162	-0.0530	-1.0179	-0.2677	-0.0451	-1.3858	0.3188	0.0965	-0.7427	0.8901	-0.5865	0.7699	-1.6237	2.0030	0.0392	0.2784	-0.0201	1.4955	-0.9725	1.9201	1.1528	0.5115	-1.4317	0.6032	-0.2446	-0.7251
-0.4021	0.6983	-1.2213	-1.0586	-1.5003	0.2817	-0.4552	0.3053	0.5758	-1.9443	-0.2886	0.9986	-0.3071	1.1049	-1.3639	-0.8166	1.2975	-0.1042	0.8676	1.7193	2.1221	-0.3954	1.4649	-1.5490	1.8891	-0.8353	0.3063	-0.1891	0.2257	-1.3998	1.2635	1.3816	-1.4036	0.0290	-0.7302	-0.6685	0.5100	-0.0172	-1.3358	0.3013	0.5617	0.3329	-0.4652	-1.2921	-0.4910	1.9426	-0.4789	1.3672	-0.0074	-1.1272
0.0618	1.4189	0.5777	0.8290	-0.2469	0.2132	-0.3391	-0.7429	-1.0718	1.6454	-0.0024	-0.4298	-0.3723	-0.3557	-0.4618	-1.2732	0.8901	-0.6219	1.2529	0.6113	-0.2303	0.9520	0.0999	0.3459	0.5181	0.4250	-0.1654	-0.6504	1.8534	-0.1928	-2.4757	-1.4349	0.2866	0.3867	0.7760	-0.7755	-1.4636	-0.2587	-0.7082	1.5295	-0.1975	-1.3509	0.6994	1.6680	0.3740	0.2131	0.3593	0.2739	1.0543	0.5322
-0.4658	-0.8143	-1.4291	0.9572	1.5284	1.5660	0.4128	1.0681	0.3495	1.3544	-0.6316	0.0575	1.0419	1.2931	1.0907	0.8924	-1.9514	0.5255	0.2632	-1.7939	0.8852	-1.9324	0.4219	-0.7955	-0.6558	-0.6713	1.1116	0.4723	-0.1451	-0.2223	-1.8999	0.5690	-0.1977	-0.2245	-0.5395	-0.8542	-1.2079	-0.7051	-1.8173	-0.5027	1.0691	-0.0973	0.7924	0.7209	0.4177	-1.6693	1.3679	-0.4954	0.2399	-0.9032
1.9610	-0.6754	0.3284	0.5832	-0.3503	-0.0604	0.5497	-0.6617	0.5888	0.6751	0.1220	-0.2351	1.4248	0.5441	-1.4687	1.4245	-1.6541	0.7684	1.5188	1.4727	2.5347	-0.5874	-0.8861	0.1302	-0.1413	0.6234	-0.1228	0.7828	-0.4457	-1.4383	-0.3343	-1.5237	0.6080	0.3134	0.6788	-0.3408	1.0180	2.6359	-0.1058	-0.6811	1.9898	-0.0250	2.0687	-0.0960	0.4275	-0.2041	-0.7511	-1.1400	0.7115	-0.5033
1.6018	0.1854	0.1208	0.5187	-0.2998	0.9585	-0.0131	-2.6270	-0.8566	-0.9943	1.6360	1.0570	1.3769	-0.5891	0.7087	-0.3603	-0.0010	1.1853	-2.3057	0.5255	1.7735	0.0811	0.9698	-0.2347	0.0075	1.7645	1.3934	0.5659	-0.2464	0.6147	-1.5164	0.4870	-0.0380	0.4177	-0.6279	-0.5192	0.5217	0.2444	0.1672	-1.5618	0.6973	-0.1099	1.6464	-0.6738	-1.2244	-0.9661	1.6176	-0.9181	-1.2838	-0.8300
0.2322	0.5350	1.5747	-0.3356	-1.5961	0.3047	-0.5572	0.2673	0.7807	0.4019	0.0670	-0.4390	-0.8545	-1.6361	-0.0017	1.3145	0.7492	0.0841	-1.3889	0.4163	-0.5859	1.3426	-0.6201	-1.5046	0.9318	0.9895	1.5389	-2.7089	0.7918	-1.0130	-2.2902	1.0847	-0.0550	-0.0504	0.2815	-0.4978	-0.7800	1.0103	-0.4724	-1.6453	2.4643	1.5703	1.0093	0.3760	-1.7833	-0.8731	-0.1912	-0.0607	-0.1711	0.9298
1.3925	1.4898	-1.5470	0.0929	-0.0590	0.1664	1.9255	-0.0605	0.0253	-0.1612	2.2238	-0.2575	-0.5180	1.9974	1.3549	0.5037	0.7478	-1.0426	0.8256	1.3555	-0.5140	-0.7192	-0.4801	-0.9193	0.2894	0.4663	-2.0272	-0.4283	-1.2540	1.8518	0.2410	0.3158	-0.4438	-0.3113	0.1921	1.2523	0.4296	0.6019	0.3955	0.3246	-1.5780	0.3352	1.8351	0.1832	0.3191	-1.1669	-0.7782	-1.0681	-0.6916	1.3262
-0.9200	-1.7792	-1.0577	-0.2460	0.4495	-0.4263	-1.4300	-0.9990	0.3213	0.7611	1.6610	0.2433	-0.8976	1.3709	-0.0036	0.4402	0.3698	-1.4525	-0.1451	-1.8180	-0.7990	1.4058	0.0974	-1.3470	0.2969	0.4064	0.0315	1.3769	0.6848	0.9864	-1.3181	0.5495	1.6724	0.2760	-1.0319	-2.3413	-0.1586	-1.8669	-0.5582	1.2693	-0.0610	-0.4868	1.0200	-0.1266	0.1520	-0.7332	-0.0220	0.1081	0.5741	-0.8727
0.3029	-0.3862	0.4170	1.0057	0.5398	0.8841	1.3536	-0.2117	-1.2106	1.2653	-0.3025	-1.1449	0.6190	1.0636	0.1128	2.0448	-0.4920	0.4106	0.4914	0.5565	-0.0535	-0.8013	1.3872	-0.1889	1.2138	-0.1006	0.7776	0.2629	0.1233	-0.8982	-0.5136	1.0017	0.3901	-0.8027	-0.3292	-0.7141	0.9711	-0.0002	-0.9676	-1.1059	-0.5695	-0.5157	-0.6362	0.2304	0.2222	0.1201	0.2710	0.8071	-1.4760	-0.3724
-0.2683	0.5691	-0.2064	0.8921	-0.9711	-1.0139	0.5580	1.1712	-1.0391	0.8743	0.8128	-2.4055	1.1118	0.0036	-0.3032	0.9234	-0.4419	-0.3259	-1.7940	-0.5442	0.4682	0.9137	1.4626	1.1158	-0.2308	-0.0733	0.5646	-0.4691	1.0759	-0.4630	0.4359	2.1918	0.6548	1.2839	0.2822	-0.6310	0.4037	-0.8991	0.5821	0.2496	-0.1221	-0.1798	-0.6902	0.1064	0.1523	-0.7792	-1.5743	3.2580	0.3680	0.3679
-0.8967	-0.9931	-1.4982	0.5898	-1.2186	-0.2455	-1.1050	-0.3348	0.0239	-0.1568	1.5138	0.3564	2.6713	0.8762	1.0885	-0.6424	-0.8005	0.7131	-0.3003	-0.3520	1.8458	-1.8851	1.7527	0.6947	-0.6909	0.9309	1.4283	0.4444	-2.3875	0.9983	-0.0413	0.0211	0.6610	-0.5494	0.0371	0.6001	0.8365	1.0400	0.5144	-0.9574	-1.4074	0.4267	0.4760	-0.5910	-1.7882	-0.4473	-0.5287	-0.3464	0.0520	0.3461
0.3720	0.7592	-0.3440	-0.1258	0.5719	0.5543	0.2144	1.2386	-0.3033	-0.1660	1.0983	-0.2939	-0.0538	1.6952	0.7610	1.1971	-0.2864	0.7029	0.8926	0.7458	1.3724	0.4202	0.6263	0.4682	-0.6973	1.4365	-0.3032	-0.3335	0.1255	-1.4252	0.8973	1.6515	-1.0906	-1.5914	-0.0152	-0.4585	-0.8561	1.2707	-0.6158	0.7281	0.1429	1.5483	0.3656	0.7388	0.6737	0.0316	1.1081	-0.5635	0.4046	0.6781
0.7273	-0.5345	-0.1791	-0.7426	1.0294	0.8444	-0.7965	-1.4194	-1.4270	-1.2141	2.2706	0.0024	-0.6754	0.0347	1.6742	-0.4174	0.3967	-0.2727	1.1490	-0.5254	0.1313	0.8075	-0.2082	-0.9965	0.5153	0.9048	-0.6671	0.7416	-0.4448	0.8165	-2.0200	1.2488	0.6233	0.2275	0.4555	-0.7974	-0.6577	-0.3031	1.2808	-0.0486	-0.0475	0.5729	-0.9040	-1.7256	-0.1681	-0.4935	-1.8693	0.2037	-0.9342	-0.2403
-0.6187	0.2847	-1.5317	0.4905	0.7906	-0.7598	1.0999	-0.6018	-1.4802	0.6988	-0.1674	-0.2790	-0.6791	-0.5681	-0.2247	0.4335	1.0774	0.4854	-0.6006	-1.4683	-2.1738	0.9525	-0.4478	-1.1754	0.8835	0.2627	1.1884	-0.0066	-1.0607	-1.9951	0.1345	0.6074	-0.5177	-0.3194	0.7189	0.1641	-0.0450	0.7058	-0.9142	-0.2860	-0.5453	-1.8061	0.2426	-1.8602	-0.5696	-0.2318	-1.6137	-0.4735	-0.0027	0.0024
-0.8689	-0.0824	-1.7646	1.6862	-0.1439	-0.4203	0.1569	1.4838	-0.7039	0.6019	-0.3709	1.0989	-0.3768	-0.7565	-0.4681	0.7757	0.7858	0.1249	0.9480	0.0288	-0.8158	0.5391	0.0057	-0.3620	-0.8704	-0.3217	-1.6915	-0.3690	-0.5356	1.9916	0.6781	-0.3456	-0.3351	-0.8341	-1.4292	-1.2459	1.4644	-0.6810	0.2813	1.4966	-0.1123	0.1262	-1.8515	1.2479	-0.3676	0.8131	-0.7005	1.1307	0.7840	0.8532
-1.3169	-0.6681	0.5892	-0.3609	0.5327	-0.3162	-1.3601	0.1232	2.3980	1.2475	-0.1174	-0.6284	0.1466	-0.9843	-1.5808	-0.9436	-1.0575	-0.4446	2.1566	0.1582	-0.3903	0.8355	-0.3989	0.8289	1.0144	0.0559	-0.2499	0.4539	1.6180	0.9964	-0.4537	0.7237	0.8433	1.2745	1.5512	-0.6523	-0.6771	-0.7414	0.1849	-0.7311	-0.7021	-0.0688	-0.4494	0.2924	2.5677	0.7109	0.5055	0.9986	1.5704	-0.7025
0.0064	-0.6225	0.3029	1.0462	-0.5932	0.8505	-1.2767	-1.0780	0.2114	1.0905	0.4365	0.9624	0.1245	-0.8267	-0.1153	0.4071	-0.9985	-1.7695	-0.2989	-1.6990	1.5247	0.2069	-0.4319	-0.3707	2.5319	-0.4538	1.8775	0.8461	0.6703	-0.7666	-1.1746	1.5040	0.3765	-0.2626	-0.2446	1.5983	0.7019	1.0044	1.4287	-0.9355	1.5707	0.2077	0.9507	-1.2049	0.8696	-0.3963	0.7609	-1.3738	-2.2403	1.1455
0.5798	-1.1994	0.5907	-1.0785	0.1754	-0.3892	0.7515	1.2631	1.2595	0.7705	-0.3162	-0.1274	-0.5371	-0.3394	-0.2160	-1.4583	-0.2575	1.8721	0.9105	-1.6781	2.3774	2.6701	-1.6122	-0.6847	-0.8866	0.7366	-0.5771	0.8183	-0.3666	1.5542	-1.4959	0.1786	-0.9979	0.9196	-0.2362	-0.6385	-2.7283	-0.5739	1.5502	-0.1849	-0.7742	0.1979	-0.6201	0.9435	0.1656	-1.0449	0.7866	-0.2533	-1.5505	-0.2783
1.5742	-1.3014	-0.4924	0.3719	-0.6320	0.1731	-1.4727	-0.3534	-2.0289	-0.0973	-0.6877	-1.0982	-0.4447	-0.2388	0.3842	-1.4495	0.8957	0.9502	-0.4916	-1.1184	0.4431	-0.6382	-0.3290	-1.3494	1.6014	0.8852	-1.4485	-0.1867	0.8807	0.1161	-0.1357	0.7207	0.0547	-1.3972	-0.7170	-0.5791	-0.7677	-0.9622	-0.5806	0.9447	0.3719	-1.2471	0.0965	-1.1133	0.1063	0.2622	1.9034	0.3403	-0.3525	-0.8089
0.5824	0.2549	0.6143	0.2631	0.3692	-1.9526	-1.1050	0.7920	-0.2973	-0.7307	-0.4916	-0.5920	0.3237	1.1159	-0.1887	0.0546	-0.7174	0.5941	-1.1052	0.7666	-1.4495	1.2845	0.4138	-0.5183	-0.6292	-1.0732	-0.0255	0.9851	-0.3703	-0.0711	-0.0794	-2.1041	0.2400	1.2849	0.5493	-0.8121	1.8085	0.3511	-0.4652	0.8133	0.0701	1.0512	-0.5785	-1.8655	1.5662	0.4992	-1.4413	0.2414	0.2180	0.2855
-0.4049	0.1738	-0.5625	-0.1431	-0.4762	0.5939	0.0482	0.3968	-0.7435	-1.1579	-0.0452	0.4829	-0.2880	-0.8649	1.3146	1.7945	-0.1996	-0.3884	-0.8096	1.4861	-0.4566	0.2294	0.7976	-0.0640	1.5142	-1.4764	-0.0685	-2.2745	1.0205	0.7491	-0.0235	-0.5938	-0.5096	1.3220	-0.8559	-1.3700	0.3590	-0.4840	1.2744	0.3289	0.2298	-1.1003	1.5453	0.4977	-0.4722	1.1842	-0.3953	-0.4410	1.0957	0.5761
-1.1950	-1.3933	-1.1668	2.0111	-0.3330	-0.3671	-0.2899	0.1161	0.3288	0.2036	-0.1007	-1.2531	-1.8383	-1.7877	-0.8930	-0.7138	0.7766	0.1107	-0.5404	-0.3456	0.1093	1.1251	0.8665	-0.3154	0.9551	-1.1415	1.1391	0.6689	2.3042	0.8979	0.3408	0.4777	0.0000	-0.1770	-0.1920	-0.7966	-1.2438	-3.0432	0.9830	1.7647	-0.2973	-0.5013	0.8287	0.3997	-0.7472	0.9667	-0.7939	2.4490	0.3592	-0.9075
-0.0686	0.8893	0.7681	-1.0298	-1.2829	-0.1963	-0.6853	-0.6025	-1.5034	-0.1788	-0.5026	-0.5035	0.8435	0.4196	-1.4476	-2.1247	0.1986	-1.8763	-0.3516	-0.7753	2.7940	-0.1199	-0.3679	0.8854	-0.9694	0.0331	0.4353	0.7691	-0.7834	-0.4321	-0.0458	0.2212	0.4173	0.8217	-0.9186	0.4468	-1.8939	0.9608	0.4658	0.9661	-1.7940	1.0069	0.4839	-1.0811	1.8448	-1.6850	-0.6370	0.4124	-0.1158	0.4084
-1.6675	-0.3834	1.2297	-1.6156	-1.6623	0.8043	-0.3135	0.0531	-0.6443	1.1525	0.1786	-0.8628	0.8025	-0.7605	-0.5804	-0.2428	1.7014	2.0215	-0.7423	0.9948	0.1445	-1.6579	-0.7038	-1.2780	-1.7474	-0.4514	2.1111	-1.5346	-1.4016	-0.9254	1.8589	1.8105	-1.3529	1.1236	0.1680	-0.0822	-1.8999	-1.4440	0.8519	-0.1859	-0.5383	1.9728	-0.3484	-0.4334	0.5087	-0.3639	-0.6952	1.3741	-0.9400	-2.3793
0.6660	-0.0947	0.4233	-1.8559	0.3303	1.7078	0.1781	0.4823	2.1005	0.8136	0.5765	-0.0723	1.0714	1.7394	1.2410	0.7573	0.5262	-1.3338	-1.8905	0.0626	-1.6546	-1.3824	-0.3929	0.2118	-0.3228	-0.7566	-2.0996	-0.8480	-0.3392	0.4347	-1.5746	1.6285	-0.9260	-0.7636	0.3255	-0.6795	0.7716	-0.9700	-0.1972	0.8543	0.7213	-1.7096	-0.1861	0.0628	-0.4633	-0.1598	1.1030	-1.5435	-0.3449	-0.2474
-1.3589	0.5128	0.3726	-0.4619	0.0028	-1.8056	1.2632	0.0251	-0.2997	-0.7991	0.6788	0.1424	1.3616	1.1994	0.5432	-0.3688	-0.8928	0.8734	0.2525	0.7073	-0.6723	-0.0916	-0.0257	1.6187	1.0748	-1.1984	0.2378	0.3646	0.6351	-0.6315	0.6784	-1.1089	0.2789	1.1230	-0.7602	-0.2142	1.0564	-0.8227	-0.6133	0.1977	-1.8945	-0.6800	1.8718	0.3415	-0.4929	0.0621	0.0722	-0.0899	-0.4252	-1.1357
0.3978	-0.4012	-0.3311	2.3498	1.5832	1.4378	-2.3250	-0.1864	-0.0990	0.6247	1.3849	-0.3308	-0.7560	-0.3489	-0.0132	0.3571	1.0797	0.0487	-0.1922	0.3284	1.4551	-0.9259	-1.5061	0.4468	-0.3488	0.1602	-0.4218	0.7973	0.0671	-1.8695	0.3139	-0.2585	-1.7715	0.2268	1.0716	0.5522	0.1496	-0.5121	0.8997	0.0659	-0.3888	-1.0363	0.7004	-1.3911	0.6994	0.3789	-1.7869	-1.3667	2.1615	-1.2368
-1.3853	0.9469	-1.1231	0.8257	0.2839	-0.2014	1.0255	1.1753	1.2233	1.3894	-1.8769	1.8286	-1.7686	1.0353	-0.6960	-0.1726	0.4424	-0.7576	0.4552	1.4693	-0.3128	0.1119	0.0519	0.6973	-0.5995	-1.2727	0.0830	-0.9813	0.9959	-1.6253	-0.5778	-1.6628	0.7112	1.1422	1.6232	-0.1962	-1.8795	-0.2613	0.6546	-0.5514	0.2225	-1.9036	-0.3080	-0.6738	-0.9539	-0.2649	0.0855	-0.9223	0.4948	0.5996
-0.4291	-0.8409	-1.5652	-0.6221	0.4976	0.4254	0.1476	-0.3898	-0.0843	-1.6957	-1.7975	0.8921	0.8465	0.2725	0.7269	-0.3169	-0.7612	2.0938	-0.1526	-1.2066	-1.1393	-0.3103	-1.6874	0.3261	-0.1393	-0.0039	1.9461	-0.5982	-0.2087	-0.4716	-2.0146	-1.7708	-0.4032	0.7440	-1.3609	1.0068	1.0806	-0.2231	0.1886	-0.3311	-0.0360	0.9843	2.2944	-0.9662	0.0054	0.6239	-0.3147	-0.7074	0.8831	0.0272
-0.3412	-1.8057	-0.5039	-0.1903	-2.3253	0.4055	0.9688	-0.1168	-0.3423	-0.6059	-0.4915	0.5067	-2.1135	0.8430	0.5813	-0.4816	0.1805	-1.0862	0.3579	-0.4239	0.0307	-0.6391	0.4832	-0.9261	-1.7869	0.5694	0.4450	-1.0071	0.7838	0.8584	-1.5583	1.1379	-2.1865	-0.9158	-0.1928	-0.9021	-0.4220	0.5930	0.1885	-0.6923	-0.2017	-0.9910	2.1375	0.3504	0.8970	0.3181	-0.7588	-0.7874	0.4458	0.3608
-0.2875	1.1711	0.7711	0.3984	-0.1616	-1.1886	0.4977	0.1850	0.7939	-1.0284	0.8224	0.8198	-0.7480	0.4995	-0.8681	0.1022	-0.3647	-0.1968	-0.9323	0.1474	-0.5562	1.3619	0.4736	0.3959	1.0316	-1.7399	-0.7243	0.7074	0.0395	-0.1877	0.1699	-1.1081	-0.1289	-0.1490	1.0438	1.5360	-0.1203	0.2735	0.5788	-0.3310	0.0462	-1.3746	0.3661	-0.5753	-1.4605	-0.4875	0.3705	-0.5037	0.1274	-2.2549
-1.3363	0.0733	-0.0859	0.4095	-0.5095	-0.4498	-1.3517	-1.8492	-1.0086	0.0246	0.5429	-0.8829	0.1680	-0.1761	-0.1928	-0.9667	-0.1099	0.5508	-1.2142	-1.3224	-0.8482	-1.4446	-0.5296	1.5906	-1.6384	0.1800	-0.8522	-0.5713	0.3369	0.8133	0.3265	-0.1386	1.1098	-0.6949	1.0085	0.3793	0.4746	-1.3409	1.3251	-1.0503	0.0764	-0.7044	-0.1092	-2.3254	-0.2444	-1.6005	-0.4796	-2.0088	-0.9600	-0.5630
1.0601	-0.1997	-0.2527	0.9218	0.3317	0.0038	-0.0210	1.4261	1.3678	0.0479	0.0334	0.2945	-1.3064	-0.0655	-0.5880	1.2364	0.2523	0.0532	-0.1168	-0.0694	0.8092	1.5111	1.5285	-0.6573	-1.9543	0.1412	-0.4296	-1.5304	1.8531	-0.4793	1.4419	-0.6055	1.3944	-0.8579	0.0006	-0.5555	-1.0269	-0.2424	-1.5689	-1.3730	0.1099	0.3527	-1.8314	-0.0054	0.6451	0.1183	-1.3874	-0.1729	0.2206	1.1633
1.1258	-0.3661	0.3012	-0.0058	-0.1918	0.7724	1.8588	1.2115	0.1449	-0.2832	-0.4061	-1.8635	0.4743	-0.0173	-0.3374	0.4266	0.6496	1.1117	-0.8319	0.3325	0.0596	1.2163	-0.1766	-0.2180	-0.8020	0.2213	0.5271	-0.8329	-0.2921	-0.2719	-1.0127	-0.3576	0.4958	-0.5458	0.3286	0.9397	1.1028	-0.1348	-1.6392	1.2325	0.3141	0.0227	0.6408	0.4391	0.8694	-0.5123	-1.2389	-0.4766	1.0478	-0.4575
-0.2983	-1.6976	0.3640	-0.2342	-0.9737	0.9238	-1.3217	-0.9429	1.2603	0.8521	-0.8513	0.9895	0.0730	1.0086	-2.5011	0.1200	1.1597	0.3579	-0.8737	0.0284	0.1590	1.3621	0.3759	-0.0458	-0.3149	1.2992	0.8828	-0.9515	-2.0526	1.7742	1.0975	-0.3749	2.1172	1.2472	-0.7122	-0.7341	0.4441	0.8105	1.1258	-0.7712	0.8950	1.0703	-0.6704	1.1920	-1.4101	0.3597	1.5044	-0.8176	-0.5762	-1.1563
1.5269	2.7248	-0.3335	-0.5760	-1.3359	-0.7033	-0.4652	-0.1344	-0.0306	-0.8028	-2.0357	0.9407	0.6439	0.1415	1.2651	-0.6897	-3.9490	-0.0137	1.1186	0.4480	0.4768	-0.3186	0.7902	1.5639	0.4607	0.8145	-0.0145	2.0503	0.1986	-1.0223	0.1715	-1.0475	1.3451	0.7517	-1.0630	0.7218	0.0691	-0.6331	-1.2672	0.2837	-0.1874	0.3698	0.5825	0.1333	-1.4649	-2.0818	0.7121	1.0321	-0.2118	1.2538
1.3946	0.7413	0.2185	-0.4956	-0.6419	-0.9473	0.0231	-1.5795	0.1576	-0.3040	-0.5915	-0.4000	-1.0594	0.0337	0.0406	0.4643	0.6528	0.6171	0.2791	-1.7667	-0.5556	-1.0050	0.8457	1.5840	0.4742	0.8770	-1.4273	-0.4906	1.1356	1.3239	0.9793	0.0010	-0.2000	0.7598	1.2477	-0.2317	-0.8588	0.6562	0.7564	-0.6759	-1.0571	1.1363	0.7751	0.7221	-0.6314	-0.9587	-0.4780	-0.8204	0.8489	-1.6403
0.7039	0.7304	1.7630	-0.4122	0.4848	-1.7107	0.8281	0.6720	-0.2670	1.3005	0.5467	0.3601	-1.0140	0.7800	0.4955	-0.5521	-0.5525	-1.1824	0.1355	0.2432	1.2717	-1.2512	0.5799	1.1147	-0.1518	-0.1690	-0.0150	-1.0232	-0.3729	-0.7795	-0.4638	-0.7491	1.6431	-0.8387	0.4403	0.7333	-0.9286	1.9873	-0.7332	0.5608	0.8042	-0.2913	1.1273	-1.3943	-0.2090	-0.6140	0.1879	-1.3972	-0.5965	-0.1947
-0.2070	0.5333	-0.9139	-0.2058	0.2326	2.6122	-0.4710	0.8034	-1.7272	-0.9950	0.4045	1.6375	-0.3310	-0.6621	-1.0506	0.2632	-0.2340	1.8903	1.8496	0.7410	1.9810	-1.2998	0.0170	-2.4433	0.2376	-0.5467	1.0487	-0.5546	1.7180	0.2523	0.1300	0.4708	0.8986	-0.4851	-0.8602	-1.2300	-1.2010	-0.3978	1.1457	-0.4259	-0.3924	-0.2182	-0.4379	-0.4838	-0.1322	0.9885	-1.5405	-0.0585	-1.1230	-1.1826
-0.6718	-0.7348	0.5319	-0.7389	0.0527	2.4268	-0.1434	-1.5558	1.3671	0.1581	0.3172	-1.0774	0.8296	1.2253	-1.2288	-0.1741	-0.3682	0.3208	0.4819	0.5083	-0.6759	-0.2754	-0.3807	0.2781	-1.4282	-0.1678	-0.0341	-1.6671	-1.1869	-1.3030	-0.1881	-0.3871	0.6529	1.2553	-0.8432	-0.4156	0.1460	3.4824	0.1184	0.6293	1.0678	0.2168	-1.6846	-1.2635	0.9997	0.3108	0.4988	-0.4485	-0.1742	1.3976
0.5338	-1.4048	0.6555	0.9444	0.9985	0.4660	-0.5032	-0.7709	-0.9360	1.8539	0.6856	0.5030	0.6340	-0.1537	1.1441	-0.4594	0.6833	-1.1545	-1.5805	1.0262	0.7674	0.4122	-1.2533	0.3549	-0.6282	-0.3819	1.8405	0.9078	-0.5978	1.4826	0.1775	-0.0643	-1.0714	-1.4342	0.4895	0.8520	0.4255	-0.4269	0.9318	-0.4534	-0.3015	1.1179	1.1658	1.9990	0.8363	-1.6338	-0.1099	-0.3612	1.4312	1.3783
-0.3736	0.4617	1.0843	0.8589	-0.5664	-0.4149	-0.8039	0.9792	1.9653	0.1342	0.7792	-0.6364	-0.2306	0.5713	-0.7502	-0.0437	0.0538	-1.2886	-0.7773	-0.8129	-0.7370	2.1129	1.2479	0.9935	-0.4588	-0.9484	0.0615	1.4298	1.2062	0.8744	1.0248	2.0581	0.2455	-1.8223	-1.5918	-0.1716	0.2013	-0.5755	0.9737	-0.1825	-0.8025	-0.2414	1.8367	0.8736	0.3301	-0.9943	0.5995	0.2148	-0.4853	0.6849
1.0482	0.7006	-1.1343	0.4814	-1.3062	0.5903	2.0350	-0.9341	0.2720	2.1841	-0.8430	0.0292	-1.4150	0.3807	2.2425	-0.6495	0.0410	0.6348	0.9379	-0.2321	-0.7837	-1.2866	1.7654	0.6918	-0.4042	-0.9711	-0.3816	-0.2199	-0.3779	-0.2222	1.0530	-0.3869	1.0547	0.5195	-0.5979	-0.0555	0.6160	0.3334	-1.4588	-1.4240	-1.3063	-0.0906	-0.3536	-0.5494	0.3229	-1.8247	-1.0810	0.5448	0.8303	0.3774
1.6528	-1.2186	-0.6361	-1.5069	-0.1434	0.5053	0.4846	0.2578	1.3476	0.4585	-0.8052	0.5798	-0.7664	-0.1107	-1.2853	0.3087	0.1715	1.3112	-0.2264	0.6959	-0.0442	1.4042	0.9289	0.5888	1.8470	-0.0569	-0.9438	0.3999	0.3098	0.3880	-0.7601	-0.3401	-0.5294	-1.2180	-1.4297	1.9856	-0.2879	0.0960	0.0220	0.4913	0.5206	0.8819	-0.8885	1.2997	1.8421	-0.4379	-0.1143	-0.0910	-0.6750	0.7964
0.3204	2.4267	-1.6143	-0.4597	-0.2154	0.4082	1.9808	0.1996	-1.1126	-0.0665	-1.4589	1.9956	0.6873	2.3069	-0.6328	0.3537	1.8661	0.0912	0.1046	-0.9497	-0.4188	0.0600	0.5766	1.7851	-1.1982	-1.6003	-0.5973	-0.2928	1.1530	-1.0367	-0.4465	-0.9412	1.0690	-1.0710	0.7489	-1.1061	-0.2522	-0.8052	-0.2805	-0.2433	1.1038	-0.1406	-2.7602	-1.2427	-0.7311	-1.2455	-0.6267	0.3429	0.8181	-0.9777
-0.1413	-0.5413	0.3259	-0.7301	-2.1806	-2.1547	-0.5136	-0.5995	0.0486	1.1820	0.1726	-0.9153	-0.8704	-0.7875	0.9924	0.9769	-0.1495	0.3110	-0.9207	-0.2789	-1.6603	1.4545	-0.6261	-0.9337	0.3218	0.8366	-0.1590	-0.2334	-1.1082	-0.4580	-1.1963	-0.7449	-0.7724	0.8657	-0.4784	-0.4992	-0.6381	-0.9164	-0.3170	0.0984	-0.0622	1.9270	-0.6152	0.9327	-0.2260	0.1708	0.1444	-0.2193	1.7179	0.4320
0.2079	1.3992	-0.8156	-2.3832	1.1003	1.3314	1.6194	-1.0268	0.3160	-0.6046	0.8058	0.1507	1.8294	-0.8656	-0.1395	-0.7996	0.5069	-0.5964	0.1616	0.2104	0.3097	-0.7084	0.5548	0.0593	-0.7561	-0.2729	1.5209	-2.0124	-1.5014	-0.3447	-0.4668	-0.3335	0.2993	-0.9448	-0.8437	-0.3961	0.5264	1.4117	-0.1810	-0.2474	2.9480	-0.7163	1.6854	-1.7388	-0.0121	-1.7704	0.4474	-0.6761	-0.3391	-0.9906
-1.3738	-0.0105	-0.0214	-0.3781	0.3578	-0.5973	-1.7802	-0.4712	-2.1025	-0.7404	0.6501	-0.8325	0.4159	1.5058	1.2888	-1.5696	-0.2690	-0.2871	-0.5909	0.1766	0.2277	-0.5250	-0.6090	-0.2173	1.7214	-0.7517	-1.1476	-0.9592	1.5012	0.8337	-0.0235	-1.4271	-0.5585	1.1584	-0.2482	0.9957	-1.0197	-0.3925	0.4445	0.2012	-0.5305	-1.5337	-0.4585	0.6574	-0.6180	-0.1233	-0.3387	0.7838	-1.0558	0.2603
0.0645	-1.3111	-0.6148	1.8687	1.5353	-0.6937	-1.1606	0.2558	0.8638	0.5329	-0.2406	0.3036	-0.1345	0.8686	1.8075	1.3295	0.6697	0.5462	-1.8034	-1.4087	-0.6177	-0.8776	-1.8242	1.2648	-1.6184	2.5204	-0.0399	-0.1361	-1.2077	-0.4671	-0.3942	-1.1218	-0.4319	0.8181	-1.6149	-0.5827	-0.1833	0.1087	1.5187	0.7737	-3.0554	-0.4603	0.8226	-0.2796	0.4717	2.5495	0.8010	-0.9264	0.5772	1.2082
1.1842	1.1084	0.9942	0.3642	-0.9179	0.6616	0.8504	0.8334	0.9851	0.7189	0.1056	-0.6308	1.6001	-0.0338	-0.9409	1.7008	-0.2812	-1.3806	-0.4495	-0.4390	-1.0771	0.0103	-1.4547	1.0876	0.1002	0.8442	-0.2803	-1.5018	-0.1335	0.7555	-0.1794	1.3182	-1.5390	-1.2461	-0.4330	-0.1809	1.0180	-0.4845	0.8766	0.2577	0.5365	-0.5357	0.0805	0.4105	-0.1256	-0.5123	0.4738	-0.9891	0.2207	1.2931
-0.8707	0.9742	0.0493	1.1022	-0.3431	0.1489	-0.1283	0.6039	-0.7525	-0.1886	-0.3849	0.0408	-0.4607	-2.5556	0.2453	-0.4493	-0.0504	-0.2956	1.0850	-1.5829	0.6313	0.3519	0.6252	-0.6770	-0.7198	0.6541	-0.2878	-1.1383	0.2686	-0.1631	0.1483	0.2884	0.1970	1.0689	0.5027	1.0916	-1.0365	-0.6505	-0.6228	0.2764	-0.6361	-0.1411	0.0299	-0.0788	0.7902	0.6376	0.8045	-0.3137	-1.3978	-0.8540
0.4111	1.0702	-0.9541	0.2589	-0.5219	-2.0513	0.5245	1.3990	-0.4735	0.6953	-2.3085	0.6042	-0.4490	0.0065	0.4649	-0.7546	2.1421	-0.0993	-0.9336	-0.3246	-0.4609	-0.3547	-0.9272	1.7674	0.1780	0.6746	0.5212	0.6041	0.1926	-1.8069	-0.4817	0.4003	0.2013	-0.3986	-2.1628	0.5012	0.7650	0.4354	0.4841	0.5220	0.9507	-0.7803	0.4573	-0.3659	1.0880	0.0954	0.7475	-1.1126	-0.9707	-0.3388
0.3069	0.2584	-1.1153	-0.7103	0.2320	1.0287	-0.9926	0.7970	-0.7228	0.9177	0.2098	0.1010	0.8597	0.8698	-1.6057	-0.6237	-0.1185	-1.3807	0.6841	0.7143	-1.5429	0.2749	0.0389	0.0229	-1.1034	-0.0633	-1.7926	0.2266	1.3766	-0.0924	-0.0744	-0.9353	1.3421	-0.9693	0.3843	0.2127	0.2265	1.2031	0.9062	-0.0633	-0.0758	0.1040	1.1050	0.7014	0.5888	0.9768	0.6420	-0.8058	-0.3326	-1.1363
-1.0628	0.5348	-1.0323	0.3021	0.1846	-0.5993	1.1395	-0.1569	-0.1201	-0.2510	-0.7117	-0.7234	0.7900	-0.4240	1.2561	0.1696	1.4102	0.5636	1.0415	1.3114	-0.3229	0.3403	0.2573	-0.4273	0.4956	0.1313	1.6035	-0.9754	1.9786	-0.0041	-1.0524	1.9140	-1.1375	0.0403	0.7824	-0.0685	1.0759	0.7757	0.5399	-0.3525	-1.2802	-0.0838	0.2722	-0.1508	0.4274	0.6626	1.6395	1.0460	-1.4353	0.4546
-0.2030	0.8577	-0.0272	-1.1279	-1.0227	0.8424	0.0199	0.0082	-0.7905	-0.1059	-1.7882	-1.3781	-1.3389	0.2031	1.2614	-1.6467	0.6575	-0.8873	1.3285	-0.2257	-0.5469	-0.7602	0.7726	0.8840	-0.4131	-0.6579	-0.8095	2.3104	0.1187	-1.3050	0.3909	0.1996	0.0662	1.7295	-1.3700	-0.8889	-1.3063	-0.4823	0.6013	1.1612	-1.5294	0.2618	-0.7321	-0.8989	0.1410	0.6585	1.0400	-0.4980	0.3525	0.9103
1.5406	-0.0183	0.7408	-0.6351	-0.0292	-1.0251	-0.1218	-0.4685	0.5231	-0.5575	0.0433	-0.6438	0.9197	0.4339	0.7050	-2.3421	0.2540	1.3883	-0.4018	0.9963	1.2761	0.6445	0.1366	0.9443	0.6184	0.7823	0.3174	-0.2490	-0.0357	0.3477	1.2508	-0.2207	1.5565	0.1882	-0.5033	2.1743	1.4107	0.8097	0.6454	-0.3713	-0.2347	0.7458	-0.3663	-1.4972	-0.0718	1.7312	1.1447	0.2535	1.4420	1.2469
1.6218	2.0258	0.4294	0.1864	-1.8268	0.4734	-0.1586	0.0084	-1.0968	1.3604	1.0170	0.8583	0.8989	-1.0079	-0.8516	-0.4885	-0.1802	0.0543	0.3117	1.3578	-0.1793	0.0281	0.1397	-0.1982	-0.8304	-0.8426	-0.6636	0.4266	-1.4968	0.7382	-1.3914	0.7327	-0.0021	2.4912	1.5924	0.5254	-1.5894	2.5617	-0.6792	0.2983	0.0411	-0.6555	-0.4001	-1.0967	-0.0979	-0.8784	1.2059	-0.8016	-1.4623	-0.7938
1.0503	0.8408	1.1046	-0.5648	0.2768	-1.8688	-0.3935	-0.5823	-0.2645	0.4377	0.4026	-1.5086	0.1292	1.9951	0.2511	-0.7726	0.9022	-0.2222	-1.7275	0.3184	-0.1672	-2.1037	-1.5659	-0.8913	1.3846	0.8363	0.8966	0.1821	-1.0611	-1.7982	1.4619	-0.7752	-1.0608	-0.2477	0.8298	-0.8559	0.6261	-1.3281	-1.0285	0.6822	1.8139	-0.3471	-0.4353	-0.6057	-0.3125	0.0455	2.3346	-0.7287	-0.2966	0.8959
1.2117	-0.8492	0.9902	-2.7162	-2.5052	-0.0852	-0.1786	-0.6371	-0.0996	1.1693	-1.5560	-0.0169	-1.8903	0.0014	1.5113	-0.0755	-0.1266	0.5263	0.0871	-0.8143	-1.1665	0.1893	-0.5002	-0.5721	-0.4221	-0.5730	-0.7083	-0.3523	0.3667	2.5284	2.3076	-0.0153	-0.3620	-1.0910	0.8280	-0.6114	-0.6861	-1.4011	0.8883	-0.9857	-1.0672	-0.6077	-0.4377	-0.0122	-1.0029	1.4449	1.3009	-1.0172	2.3197	-1.3637
-0.0188	-1.8866	-1.7978	0.2434	0.0121	0.1993	0.3625	0.0441	1.9070	-0.5675	0.7920	0.1194	-0.0528	1.0164	-0.1652	1.7278	-1.2613	-2.0958	-0.1167	-1.6029	1.4941	-1.0683	-0.5949	-0.0082	0.5736	0.6969	0.6801	0.1194	-0.3419	-0.7141	0.0137	0.0133	0.2393	-1.0920	0.2326	-0.1958	-0.2399	-0.2220	-2.1202	-1.3623	1.9289	-0.3043	0.2479	-0.5312	-0.8789	0.7743	0.7451	-0.4418	1.1987	0.8926
-1.5027	0.7999	-0.5856	1.0776	-0.4790	-0.3704	0.2235	-2.1656	1.4356	1.5899	-1.2413	1.0852	-0.5580	0.5568	0.9278	-1.0657	-0.0086	0.0903	-0.5766	0.8100	0.9348	2.5180	2.2811	1.6067	-1.7185	-1.9110	0.4740	-0.9003	-1.2551	-1.1614	2.4827	1.1641	0.2054	-0.7982	0.0616	-1.3332	-0.0303	0.4538	0.3229	-0.6319	0.7020	0.1672	-1.0169	0.2404	2.8269	-0.2996	-0.5103	-0.3940	-0.5960	-2.1187
-0.8645	-0.4814	-0.0005	-0.6457	-1.3112	-1.3380	0.4118	0.2034	0.8094	1.2083	1.5062	0.9977	-0.2010	0.2165	-0.3802	-0.0509	-1.5910	0.6974	0.1469	-0.0956	-1.0594	0.2046	1.7716	-0.2814	-1.7251	-0.6699	1.0969	-0.2144	-0.1294	-0.0351	-0.1499	-1.5066	0.6638	1.4435	2.0962	1.4475	0.8596	-0.6763	0.0951	0.8816	-0.8934	-1.6884	0.3999	-0.4737	-0.9512	0.6773	-1.4526	-2.5253	-0.0310	-0.8202
1.6338	0.5079	-0.1638	-0.3881	1.7290	-0.8289	-1.0885	-0.3051	2.4318	0.2044	0.1845	0.5758	0.2422	1.1565	-1.0071	-0.3246	-0.8188	-0.5682	-0.3279	0.4750	-2.7462	-0.0443	0.4282	-0.3481	-0.9078	0.4398	2.1225	0.6304	0.2804	-1.6857	0.1351	0.0391	-0.3638	0.8211	-0.0868	0.3287	-0.6284	-0.4662	0.8583	0.5403	-0.5088	-0.1785	-1.0599	-0.1738	1.3349	0.7786	0.5959	1.0948	-0.6899	0.3983
0.6140	0.4444	0.3469	0.1056	-0.4782	0.5102	0.4269	-1.5843	-1.5620	0.1909	0.0595	-1.6393	0.7225	-0.8618	0.8842	1.2943	-0.3851	-0.4390	-1.6553	0.8207	1.5615	-0.0929	-0.5215	0.5497	1.0652	0.1269	1.2632	-0.0808	-1.4148	1.9304	-0.5608	0.5078	0.2759	-0.1692	1.4442	0.2654	1.7629	-0.5899	0.1528	-0.5859	1.9773	-0.7022	0.2194	-0.3622	-0.4171	-1.3321	-0.6559	-0.3817	1.2389	0.1006
-0.2262	0.1564	-1.1064	-0.3015	-1.1109	-0.3269	0.2929	-1.6790	-1.7258	-0.4839	-0.8622	-1.1209	-1.0954	2.3807	0.5135	-0.2514	0.1073	1.6133	0.4803	0.1279	-0.4805	-1.1379	1.9910	1.2092	1.0317	-0.0548	-0.3277	-0.8244	-1.4281	-0.0702	-1.3585	-1.1991	2.5841	0.4715	0.9866	-0.1528	-0.2972	-0.2185	1.5172	0.3451	1.4686	1.0955	1.0311	0.2375	0.0478	-1.1100	-1.2265	0.7295	0.9086	0.3592
-2.9542	-0.9114	-0.8163	0.6598	0.3516	-0.2819	0.8980	0.8263	0.5020	-0.9518	1.9041	-0.0622	-0.0835	-1.3875	-0.4844	1.9398	0.2178	0.0906	0.8787	1.1510	-0.8970	-0.1144	-0.4918	1.1688	-1.3892	0.3665	1.5382	1.0167	0.7522	2.0669	-0.9556	-1.5326	0.2787	-1.3714	-0.1572	0.4483	-0.8402	-0.3178	-0.0515	-0.3970	0.4733	0.7718	0.8509	0.2293	-0.7845	-0.3423	0.3606	-0.3131	-0.0728	0.2310
0.0650	-0.1960	1.3711	-1.1186	1.5296	-1.8913	-1.2475	-0.4339	-0.5614	0.9742	1.3429	0.1294	0.5344	-0.2543	-0.2828	-0.0785	2.5938	-1.3230	1.3415	0.4545	-0.5899	-0.0811	-0.2514	-0.1286	-0.6132	-0.1699	0.7176	1.4797	-0.5412	-0.4450	-0.1916	-1.4892	0.6310	-0.4343	-0.3108	-1.0321	-0.7627	2.5769	-0.1794	-0.9625	-0.3350	0.8985	1.5567	-0.8616	-0.8100	-1.1980	-1.8532	1.2858	-0.6422	-2.0275
-1.9746	-0.6391	-0.9566	2.4348	-0.7678	-1.2286	-0.8708	0.3634	1.0710	-0.7111	0.8162	1.0084	-1.1931	1.3452	-1.5254	0.1569	0.9575	1.0817	-0.1196	-0.8411	-1.2555	0.4350	-0.5038	-1.6417	0.4271	-1.1977	-1.1330	-1.6116	-0.2508	-0.9588	0.3907	-1.2900	0.2801	-1.5352	2.1896	2.2821	0.2269	-0.3708	-1.3951	0.8488	-0.8077	0.3046	0.3105	2.1382	0.1818	-0.2396	-3.1892	1.0614	0.4753	0.4092
1.4321	-1.4857	0.8732	-0.1334	0.3013	1.5536	0.4756	-0.9479	0.7368	-0.9867	1.1701	1.5791	-0.2816	0.2637	-1.2504	0.4416	-0.3823	-0.3247	0.4340	0.5953	-0.5043	-0.7048	0.8342	0.7769	-1.0006	-0.1322	2.1522	0.3169	0.7134	0.4057	-0.0629	-0.6007	-0.2512	1.4818	0.7152	-0.2516	-0.2554	0.5232	-0.3964	0.5341	-0.3532	0.4489	-0.0493	-1.1022	1.3109	-0.3368	0.3008	-0.9060	1.7418	1.3540
0.8251	0.7236	-0.3528	-0.1964	-1.3252	-1.5947	-1.9218	0.5723	-1.4129	-0.7932	0.5261	-0.0406	0.7168	0.5449	-0.3422	1.1934	1.1705	-1.6188	-2.2362	-2.0266	0.8473	-0.0954	-0.1286	0.6985	-0.8688	0.1538	0.4014	-0.4607	-0.8625	0.1583	0.9840	0.1190	-0.4051	-0.0521	-1.0156	-1.3134	-0.8240	0.6047	-0.9368	1.7431	-0.0609	0.1904	-0.3588	-1.7902	-0.0814	-0.7174	-0.8042	1.0982	0.2768	-1.0025
0.9432	-1.4101	-0.8106	0.5902	-0.1215	-1.3772	0.0789	-0.8736	-0.0829	-0.5931	0.9464	0.7750	0.4912	-1.9852	-0.2358	0.3915	0.8563	-1.0705	0.4918	0.1938	-1.1496	0.3491	-0.2275	1.1150	-0.4905	0.9963	0.4289	1.2392	-0.7050	-0.2222	0.7680	1.1998	0.1559	-0.0279	-0.1707	-0.1277	-0.1759	-0.1478	0.7970	1.5601	0.1881	0.6546	-1.2325	-0.6147	0.2449	-0.2529	0.1820	2.4435	-0.4855	-0.3322
0.9317	0.3191	1.4311	0.6808	-0.8809	-0.3873	1.1308	-1.7105	-0.2059	-1.3610	0.8555	0.5189	0.5321	-1.3542	0.5837	1.6923	-0.7133	0.3268	-0.9210	0.9745	-0.2040	0.1113	0.7806	0.0754	-1.1784	1.4072	0.7448	-0.9111	1.5772	0.3051	1.1344	0.5189	-0.8998	-0.4101	0.4591	-0.2120	-1.1559	-0.3001	-0.5102	0.9514	-1.5858	-1.1374	-0.4671	-0.8705	0.0145	-0.0637	-1.1424	0.9592	-0.7441	1.1334
3.1155	-0.0459	-0.3467	1.0216	-0.1417	0.9336	0.8687	-0.1140	-0.8500	0.5291	0.5823	-0.0380	-0.0036	2.0361	1.1493	-0.3619	-1.6929	-0.9734	1.1281	0.9399	-0.4631	1.3419	-0.3052	2.0432	-1.6055	0.4000	-0.3432	0.3666	1.2327	-1.5305	1.3878	-1.1877	-2.3016	0.4761	0.7485	-1.1190	-0.2288	-1.3041	-0.9259	0.7200	-0.6248	-0.3330	-0.4190	0.7566	-0.7533	0.0434	-0.4920	0.4440	0.4933	-1.0137
0.6485	-1.4092	-1.0836	-1.1487	0.6956	-0.9695	0.2875	-0.3903	-0.0536	0.2672	1.7656	0.5771	0.2506	-0.6587	0.0269	-0.7649	-0.5977	-0.9746	0.7960	1.1463	0.0092	1.5640	0.2083	0.7668	0.3293	-0.3482	0.5074	0.1250	0.6222	-1.3918	1.1494	-1.1621	0.0276	-0.8011	0.8127	-0.1048	-0.8049	-0.5888	-0.2640	0.8398	-0.0284	-0.7148	-1.4237	1.2742	-0.5658	-0.9856	1.1511	-0.1547	-0.3524	-0.5638
-0.8503	0.9989	-0.7112	-0.1737	1.4121	0.6086	-0.3035	-0.4538	0.5742	1.3672	-0.4534	-0.5727	0.0027	-1.3463	0.4134	-1.1492	-0.7431	-1.7376	-0.3445	-0.6534	-0.3909	0.7307	-0.8715	0.7345	0.0316	-3.0694	0.4338	1.2028	0.1883	0.1672	-1.2789	-1.2777	-0.1022	0.5303	-0.4521	0.0786	1.7601	0.4577	-0.1532	-0.7242	1.5804	-2.1800	1.0423	-1.0933	-0.9676	-0.2576	0.0712	-0.0928	-1.1804	1.1245
-0.0369	-0.9581	0.2161	2.0347	-0.6222	-0.7806	0.2537	-0.6477	-1.3644	1.3605	0.7311	-1.6168	-1.5026	-1.2551	-0.5151	0.0064	1.3467	1.6602	0.5336	1.5275	0.6957	2.2858	1.1590	-1.3053	-0.9585	-0.2953	0.0064	-1.0271	-1.2030	1.1937	-0.6251	0.7090	-0.1017	0.5006	0.7025	0.0681	0.2240	1.2413	0.7780	-0.1955	-0.8106	-0.8673	-0.8536	0.8711	1.4382	-0.6968	0.5198	-0.9166	0.5030	-1.7779
0.9777	0.4895	0.0654	-0.8591	1.6566	-0.1724	0.4425	-0.6375	0.7081	0.0883	0.5385	0.2381	-0.1764	0.5021	0.8920	-1.0270	0.5698	0.2485	-0.3893	0.8279	-0.8787	1.8008	-0.2083	0.5353	-0.5166	0.9676	-0.3049	0.0546	-0.7408	-1.1346	-1.7345	-0.1085	0.1668	-1.1432	0.7868	0.5381	1.2779	0.2892	-1.0734	0.6324	0.7704	0.8828	1.9936	1.4706	-0.1390	-0.4261	0.3531	0.6094	-0.6979	0.2993
0.4099	-0.0752	-0.4930	0.0345	1.1704	0.9853	1.1879	0.1439	-1.1246	-0.0262	-1.0343	-1.7586	0.7368	0.6451	0.9025	-0.0607	-2.3353	-1.8926	0.2338	0.7089	0.5819	0.1670	-0.4551	-0.3806	-1.1080	0.2062	-1.2869	0.4525	1.1614	0.1669	0.3799	0.7150	1.2136	1.1026	-0.5271	-0.4850	1.9557	-1.2992	-2.0449	0.3715	-0.5586	0.2560	0.4590	0.7136	-0.5515	-1.5376	-2.0171	1.9809	1.5793	2.0774
-2.4555	1.9246	0.7890	-1.5346	0.5774	0.6915	0.5592	-1.4243	-0.6809	0.0305	1.2622	1.8959	1.4593	0.5190	0.5302	0.4994	-0.4433	0.1133	0.5295	-1.4693	0.1864	0.3632	-0.3051	0.3199	-1.1745	-1.7783	-0.3106	0.6013	1.3695	1.0071	0.9677	-0.1229	-0.1598	0.3676	0.4176	-0.3982	-0.5085	1.2626	-0.3162	0.5106	1.4598	-1.1125	-0.2325	-0.1609	1.0210	0.0344	1.1774	-0.5366	0.7550	-1.6058
0.6007	0.3650	-0.3593	-0.9726	-0.5820	-0.4983	-0.0450	0.4177	0.2094	-0.2861	0.7204	0.6849	0.2279	-0.9323	1.4761	-0.3404	-1.4359	0.9595	0.5565	-0.4745	0.4979	0.0314	-0.3697	0.7174	-0.3886	0.7383	0.3855	1.5197	0.5142	-1.1365	-1.2597	-1.7787	0.5004	-0.1512	-0.2330	0.7238	-0.5322	1.3148	-0.7292	-1.0918	-1.9397	1.1977	0.3192	1.2436	0.2565	0.4754	0.7189	-0.4649	1.3278	-0.8197
0.2076	-2.3694	1.6941	-1.0168	1.8066	0.8155	0.6497	-2.4170	-0.7837	-0.4968	1.1390	-1.8183	-1.0371	-0.0425	1.6149	-0.4405	-0.3531	-0.8466	-1.2334	1.1111	0.8161	0.1652	1.1851	-0.7380	-0.5578	0.1409	-0.7876	-0.1498	0.5693	0.4225	-0.2701	-1.7027	-2.0618	-0.6303	0.2638	0.8601	0.0492	0.4052	0.1872	-0.8631	1.2065	-0.9815	1.2188	-1.1859	0.7513	1.8409	1.5944	2.1700	0.0803	0.2746
-0.3794	2.0254	-0.3785	0.2120	0.9880	0.5367	0.8793	0.6615	-0.9501	0.9101	-0.8252	-1.4651	-2.3455	0.4063	-0.7426	-1.2602	-0.1380	-0.6710	0.1377	0.9657	-0.5645	0.3716	1.8472	1.3589	0.9895	0.9454	-2.0809	0.3752	-1.4744	-0.3749	0.6355	1.6273	0.3075	-0.5906	-1.6023	1.8419	-0.2715	-1.5021	-0.0490	2.6194	-0.1168	0.3797	1.6286	-0.4144	-0.4229	0.4036	0.6736	-0.1697	-1.4607	-0.3039
-0.7259	-0.6333	0.0499	1.1229	-0.6330	0.0902	0.1860	-0.7716	0.2432	-1.0291	-0.6468	-1.9362	-0.4533	0.1441	1.6416	1.5879	0.0569	-2.4814	-0.0468	0.7119	-1.1577	-0.5243	1.0545	-0.3069	0.0042	-0.2079	0.8234	1.0071	-0.0029	0.7015	0.6876	0.0812	-0.2582	1.3410	0.0670	0.2331	-0.6914	-1.3384	-0.5513	0.0755	0.1763	-0.2932	-0.1788	0.6775	0.1070	-0.0254	1.6761	-0.8791	-0.3854	0.6738
0.3513	-1.2512	0.2103	-1.4520	1.6429	0.5983	-0.0064	-0.3839	-0.8474	0.5810	-1.1442	0.8345	-0.0495	1.9443	-0.0172	-0.1910	2.8960	0.3692	0.2420	0.1258	-0.1587	2.0139	1.2784	0.0989	1.0366	0.5579	0.0061	1.2020	-1.4301	0.1427	1.1360	0.6915	2.6199	-0.7876	2.0184	-0.1166	0.8275	0.6564	-2.0131	0.3947	1.4217	0.2361	-2.1438	-0.0765	-0.3189	-0.4672	-0.3028	-2.2890	-0.3875	-0.9915
0.9042	0.9822	0.7923	-0.5009	0.7953	-0.2766	0.0885	0.5701	0.6636	0.9996	0.2537	0.3120	-0.6564	-0.6754	0.2496	1.1021	1.3290	0.6153	-0.6503	-0.5449	-0.1218	0.9161	0.6797	-1.0035	0.6683	0.2571	0.4070	-0.5853	0.1833	0.9571	0.2656	1.4816	0.1671	-0.3170	-0.8002	-1.6740	-0.8630	-0.3490	0.8437	-1.2414	1.4003	0.3008	-0.0440	-0.9242	0.7751	0.1944	0.1249	0.3830	1.2166	-0.0393
-0.8084	-0.8917	1.1842	0.3013	-0.4250	0.2796	-0.0610	1.6749	1.0939	-1.9890	-0.8061	0.6128	1.6060	0.7944	-1.3976	-1.2431	0.1952	-0.2466	1.3005	-0.4114	-0.0815	0.3406	1.2189	-0.3943	-0.5679	-0.6780	-0.9217	0.3321	0.5960	1.4107	1.3790	0.7325	0.2750	-0.9905	0.5466	-0.9203	-0.7493	-1.0511	0.0088	-1.1297	-0.6411	-0.0713	0.4565	0.3659	0.0520	0.3195	-0.9545	0.7612	-0.2003	0.7290
0.2915	0.4713	-0.1678	0.2291	-1.5735	0.1286	0.0555	0.6265	0.8227	-2.0058	-1.4562	-0.9338	-0.2156	-0.6440	0.2444	0.4958	-0.3985	-1.0429	0.6451	0.8536	0.0561	0.7311	-1.7707	2.3613	0.3251	-0.3124	-0.9976	-1.0657	0.0331	0.0453	1.1163	-1.1980	0.0574	-1.0363	0.3901	-0.2020	-0.0007	-0.7278	-0.9397	0.1803	0.1219	0.1121	1.1765	1.2144	-0.3597	0.7838	-0.6441	-1.7256	0.0816	-0.6431
-0.6775	0.8650	-0.0638	-1.4892	0.7730	-0.0691	-0.7468	-0.1374	-2.0344	0.7701	1.1648	1.2750	1.2913	-0.2634	-0.4623	1.3233	-0.3651	0.8415	0.7754	-0.5765	0.5649	0.6113	-1.2699	0.5412	-1.0902	-1.4867	0.0151	-0.2664	-0.1072	-0.2000	0.5652	-2.7644	0.0333	0.4086	-1.0290	0.6341	0.8522	-1.0033	-0.3406	-0.2235	1.0923	-0.9684	0.2710	-0.8697	-0.1403	-1.3981	-1.8432	-1.9647	0.0665	0.4290
0.7289	0.0148	-0.9407	0.7531	-1.0300	0.7992	-1.7786	0.8480	-0.6493	-1.2205	-0.8656	-0.5757	-0.3821	-0.9064	0.1482	0.9854	-1.2927	-1.4557	-0.1692	-0.9173	-1.0610	-0.8439	-1.8394	-0.3961	0.1077	0.3032	-1.3944	0.5146	-0.3618	-0.2542	0.6602	0.1242	0.8106	2.4716	-0.2912	-0.3542	0.4138	-0.8106	-0.6510	-0.3427	-0.1300	0.1226	0.4284	0.7958	-0.2366	-0.4906	-0.1857	0.7986	1.6468	-0.2478
0.7546	0.4717	0.7618	-1.5910	-0.3058	-1.0894	1.5850	-0.2144	0.4228	-1.3771	1.2430	-0.1529	0.5609	-0.7793	-0.1041	0.3094	-0.1082	-0.1692	0.6313	0.3319	-0.6811	0.9474	0.3427	0.6331	2.5876	-0.0980	-0.3158	1.1757	0.6954	-0.3370	-1.3899	0.5072	0.3012	0.2169	1.4430	0.1013	1.5681	0.3706	0.5116	0.8717	-0.7838	1.8128	1.3969	1.2869	-1.4760	0.2060	-0.9533	-0.5215	-0.6776	-0.4947
1.4956	-0.0698	0.6502	-2.6582	-0.3351	-1.4031	-1.5942	-0.8656	2.9913	-0.3819	0.5297	0.5192	0.0590	-1.7702	-0.4118	0.3729	-0.6773	0.2043	1.8449	-0.0797	0.4314	-1.7936	0.0313	-0.9473	-0.7711	0.1626	-0.6966	-1.7386	0.3804	1.0669	-1.3508	1.1880	0.0367	0.9138	-1.0894	-1.0940	-1.3880	-0.4698	0.4987	0.0843	0.0878	0.1616	-0.7001	-0.0513	-0.0683	0.3907	0.7226	-2.6120	-0.9238	1.3447
0.1364	1.4255	-0.6702	0.9905	0.8955	-0.1597	-0.6244	1.0739	1.3349	0.3417	-0.5092	0.2101	-0.9172	0.2798	0.8189	0.8407	-0.4631	0.0543	-0.3630	-0.5609	0.1242	0.8642	0.0662	-0.7372	-0.8473	-0.4469	-0.0693	1.2816	-0.0381	-1.7831	-0.0484	1.9478	0.7966	0.1453	2.0193	0.4561	-0.0723	-0.2548	1.4662	1.7365	0.7356	-0.2223	1.9249	-1.4210	0.7676	-0.9756	2.7794	1.2175	-0.2041	0.2915
0.1468	-0.3156	0.0412	0.0030	0.4579	-0.4218	-1.3511	-1.0642	0.5277	-0.9538	-0.5388	1.2261	0.5892	1.6807	-1.0122	-0.4439	0.3406	0.8865	-0.9150	-0.5045	0.3165	-1.2654	1.3085	-0.7440	0.6046	-1.5909	1.0103	-1.1863	-1.7039	-0.3708	-0.9336	-1.4134	0.9628	-0.1479	-0.8521	0.7526	1.7861	0.3735	-0.8385	-0.8827	-0.3367	-0.0541	0.6586	-0.5480	-2.1570	0.0948	0.4659	-0.1910	0.0893	-1.2228
0.5182	2.2824	-0.3713	0.8803	-1.4446	0.6540	-0.3291	-0.8535	-0.2394	-1.3098	1.0840	-0.9991	-1.3935	-0.8678	0.5679	-0.5751	-0.2655	1.6915	0.5367	0.0145	-0.4635	-0.2983	-0.9020	0.8090	-0.5762	1.0365	0.6159	-1.2243	-0.3500	-0.4827	0.6905	-0.1065	-0.6885	-0.7586	-0.4369	-0.6093	0.0270	-0.6530	-0.1603	0.6725	-1.7342	0.4648	-0.1111	-0.8275	-0.8079	0.1118	0.1787	0.5935	1.8710	0.0709
0.5265	1.2179	-0.7955	0.1996	1.4502	0.8526	-2.0583	1.2695	0.5113	-0.6640	0.5572	0.2658	-1.6764	1.6556	-0.0347	0.2120	-1.0472	0.0678	-0.8168	-0.7187	2.0014	-0.7499	-0.3073	-0.8007	-1.6248	-0.5571	-1.4587	-1.0194	1.6582	-0.1365	-0.3443	0.4673	-0.5972	1.5400	1.3851	0.8700	-0.4103	-0.0892	0.1709	0.4862	0.1637	-0.0991	-0.8510	-1.0127	-2.5811	-0.1149	-0.1712	-0.5331	0.5406	1.2146
0.6742	-0.6419	-0.5692	-1.3795	-0.4745	2.4775	-0.1133	0.3662	1.5640	1.2278	-0.8285	1.3300	0.6560	1.5176	-0.9347	-1.9688	1.2406	1.0713	0.7870	0.8161	-0.2299	-0.7773	-0.1339	-1.4907	0.0194	-0.1722	-0.6440	0.1195	-0.0338	1.1198	-0.3860	0.7729	0.3858	0.1287	-0.2434	0.3740	-1.4149	-0.0121	0.3350	-1.6709	-2.0786	-1.3233	-0.8977	-0.4773	0.6873	-1.2954	0.5087	0.3689	-0.6603	1.2365
0.8357	-0.4682	0.0400	0.1971	0.7544	-1.5079	0.0736	-1.0737	0.4832	-2.2642	-1.4470	-0.1626	1.0473	1.4622	1.1313	-0.4797	-0.5474	-0.4009	0.9455	1.2574	-0.5408	-0.1621	1.3108	2.6147	-0.1104	-0.1083	0.5116	1.3186	0.4709	1.6995	-1.0524	-0.0850	-1.0104	-0.9263	-0.7938	-0.5282	-1.0219	0.3389	-1.1840	-1.4273	-0.0169	-0.3139	0.8288	0.4764	1.3921	-0.8096	1.2274	0.9296	-1.2153	-0.9789
-1.6929	0.0081	0.4112	0.4027	-0.5309	-1.6733	-1.0555	-0.4238	0.3384	-0.2338	-1.5032	1.1982	0.1052	-0.0008	0.8353	-1.0618	0.1331	0.6471	0.0309	0.1862	0.6552	0.3386	-0.5263	-1.0483	-0.1883	-0.2969	-0.0785	-0.0007	-0.2530	0.9149	-0.1181	0.9862	0.6509	-0.2788	-0.7293	-1.1157	1.4587	-1.7229	0.8896	-0.2076	1.2813	0.6152	-0.0701	-0.1235	0.0654	-1.4027	1.3791	1.1623	-1.9111	1.5044
0.2143	-0.4272	-0.4412	-0.6416	1.2635	-0.9270	-1.3363	1.4846	-0.8547	1.1107	-0.6604	0.0134	-0.4326	-1.0592	0.3932	0.7919	2.4137	-0.3359	0.1481	1.0410	0.5723	-0.1269	-0.1198	-0.4034	0.5076	0.4354	0.6368	-1.3416	0.3393	-0.4958	0.1535	-0.1564	0.2218	0.7123	1.2416	0.7555	0.0184	-0.7413	0.5400	0.1746	-0.7703	0.3376	-0.9224	1.9496	1.4553	-0.5149	1.7590	0.8394	-1.1263	0.8547
0.6897	0.5890	-0.7779	-1.3587	0.1752	0.9414	0.5526	-2.1730	-0.1274	0.4308	0.6687	1.4072	-1.3070	-0.1942	-0.6663	1.7186	0.2539	1.5713	-0.4208	1.4104	0.4706	-1.7663	0.8723	-2.9893	0.4400	-0.4383	1.4469	-0.4439	-1.3906	0.8838	-0.3197	-0.5214	-0.7995	-0.8067	-0.3708	0.3181	-0.3382	0.2095	-1.2445	0.0867	-0.3678	0.8196	-0.7704	0.1995	-0.1803	-0.0357	0.5738	-0.0678	2.6651	1.0094
-0.9847	1.5487	0.6668	-0.5027	0.3276	1.7190	0.2672	0.4303	-1.0361	1.1024	0.4512	-0.1892	0.4594	0.2858	1.3762	-0.7207	1.6533	0.1926	0.0428	-0.6291	0.3249	0.5567	-2.1334	-0.0771	1.0498	0.6829	2.3627	0.8073	-0.4438	-0.8068	1.0223	0.5707	-2.2087	0.8053	-1.2493	-1.5717	0.5209	0.8202	1.2715	1.1421	0.8085	-0.5586	-0.8650	0.4045	-1.2489	-0.0042	2.4433	0.3666	0.2217	-0.3607
-1.1314	0.5863	0.1977	0.0076	-0.2523	0.3108	-1.0368	-0.1811	-0.7389	-0.7594	-0.5353	-0.9074	-0.4083	-0.7374	0.4993	0.1788	0.9216	-0.7852	-0.8552	0.1238	-0.3320	1.3493	-0.4629	2.1226	0.9202	1.1007	0.0716	-1.8837	0.1322	1.2535	-1.5873	0.4863	-0.7298	-0.3295	-0.2608	-0.4075	0.1189	0.7418	2.6394	-1.6188	-0.5549	-1.1607	1.3769	0.4260	-0.9452	1.5189	-1.0754	2.5436	0.8454	1.2559
-1.8746	-0.4256	-0.3170	0.6429	1.3216	-0.7797	0.0393	-0.5506	0.6429	-0.0442	1.3745	-0.1919	1.0368	-1.1995	-0.8421	0.6116	-0.7909	-1.0873	-0.1360	0.3737	-0.9146	-0.6004	0.4991	-0.5869	-1.8495	-1.5814	1.2033	0.3219	0.1447	0.1468	0.6199	0.7937	-1.0822	1.3248	0.9116	-1.4284	0.5679	-0.1643	-0.7160	1.1838	3.2939	-0.3381	-0.1442	0.4232	-0.6051	0.1571	0.7588	0.2365	-1.7941	0.2429
0.7483	0.7846	-0.5224	-0.1530	-0.9526	0.9856	1.0481	-0.0836	0.8098	-0.6479	0.3039	-0.4027	0.4017	0.9852	1.0385	1.9296	-0.5314	0.0750	1.2926	1.3578	-2.0127	0.2964	-0.3004	-0.5080	1.1174	0.0103	-0.4425	1.0824	0.2052	1.1244	-0.4029	-0.1555	0.8497	0.7103	2.0659	-2.2004	0.8747	0.6529	-0.2881	-0.6785	-1.6608	2.3323	-0.9605	-0.3105	0.2309	-1.8207	0.0681	1.3650	0.3744	-0.3438
0.9089	0.0196	1.2557	0.1795	-0.8197	3.0916	0.2191	0.4777	-0.7747	0.1528	1.8294	0.6604	-0.1167	-0.0822	-0.8734	-0.8401	-0.8289	-1.1312	-0.7687	1.4391	-1.4951	-1.1252	-0.0764	-0.4706	-0.8437	-0.9783	0.7178	0.3258	-1.5293	0.3758	-0.1551	-0.5832	-0.2373	-0.4639	-0.2081	-0.2607	-0.7959	1.1301	-1.3689	0.3720	-0.3650	1.1822	-0.7280	-0.2761	0.2238	-1.1322	-0.3267	1.5545	1.9540	-1.3505
-0.6320	-1.2333	-0.5088	-1.8043	0.8425	0.5774	-0.8141	0.3563	1.9785	-0.9952	2.3219	0.9947	-0.3011	-0.4890	1.6173	0.7800	-0.0225	-0.3561	-1.0558	2.0713	-0.4565	-1.6543	-1.8630	1.2151	2.6257	0.1283	-0.5933	-0.8357	-0.3755	-0.8829	0.0527	-0.4863	0.0988	1.4584	0.2994	0.1219	1.6307	0.8181	0.8994	-0.3932	-1.0727	-0.6956	1.6694	-1.0598	0.7003	0.4085	-1.8605	1.4729	-2.0714	0.7614
-0.8022	0.5716	1.5494	-0.5294	1.1218	-0.2323	-0.5705	-1.8815	-1.5483	-1.0608	0.3561	-1.7092	-1.6199	1.1304	0.3723	-0.8351	0.0579	1.1234	1.0146	-1.2701	1.7150	-0.5850	-0.2845	1.2168	-0.7846	-0.4777	-1.2074	-1.0903	0.5320	0.5697	-0.1353	-0.1925	0.4688	-0.0520	-0.7709	0.9640	1.5487	-0.1969	-0.1248	0.7986	0.0262	-1.5105	0.8561	0.2811	1.6669	0.2306	-0.1280	-1.1635	-0.2825	1.3066
1.1429	0.3554	1.5986	-1.2293	-0.4857	0.8263	-0.5015	-0.2978	0.8281	-0.0058	-1.0533	1.0305	0.2255	-1.4422	-0.2192	2.2983	-0.9978	0.3444	1.3109	-0.5939	-1.2823	-0.4489	-0.1719	-0.6348	-0.5913	0.9044	0.3182	-1.0061	-2.3143	0.5234	0.4264	0.1892	-0.0522	-0.3994	-0.4890	0.7333	-0.8710	1.9090	-0.7424	-1.7437	-0.0559	1.6564	0.8546	1.2872	0.9386	-0.3879	0.4768	0.7841	1.2718	0.6085
0.0945	-0.3808	0.2850	0.5161	-0.3201	-0.0024	-0.1988	0.5927	-1.3220	0.3200	-0.8640	-0.1905	1.2860	-0.1696	-2.7597	-0.5174	2.2175	1.1402	-0.1619	-1.4747	-0.7345	0.4178	1.7377	-0.0970	1.2068	1.5076	0.0337	-0.4839	1.6662	0.1011	-0.6092	-1.3121	-1.2315	0.1077	0.0108	-0.7063	1.0013	0.4704	1.0367	-0.0997	0.5609	0.1143	-0.4092	-1.0904	-0.5253	-1.6056	-0.4916	1.6037	-1.3370	0.1898
0.3860	0.3644	-1.3899	1.7095	0.2473	0.9823	1.1362	-1.8383	-0.8034	-0.2441	-0.4207	-0.0824	0.6307	-0.5633	0.6268	0.7819	1.7930	1.8203	-0.6853	0.5683	-0.9394	0.1436	-0.5435	-1.0838	-0.3719	-0.2227	-2.6787	1.2360	-0.4033	-1.8573	-0.5877	1.9722	0.4987	1.0780	1.0312	0.9111	1.7072	-2.5234	1.3480	1.1416	-0.7620	-1.6351	1.4669	-1.7242	-0.9269	0.1310	-0.3255	2.3397	0.0008	-0.2219
-0.6988	-0.3324	0.6306	-0.5605	-0.2851	0.3733	-1.7058	-0.8576	0.5592	0.4116	-0.0312	-0.3140	-0.2469	-0.6614	0.7332	1.2520	0.7615	0.5124	-0.7862	-0.6305	0.3946	2.1184	-0.8698	-0.0025	0.7118	0.8595	-0.0152	0.6075	0.8359	0.8786	-0.2064	0.3805	0.8610	0.5201	0.0158	0.0200	-0.8727	0.9003	-0.8559	0.4046	0.5371	-0.3761	0.8788	2.3077	-0.3011	1.3524	-0.8646	0.1098	0.4153	-0.1706
-0.3029	0.1856	-0.6563	-1.4150	1.1383	1.6291	-0.7293	0.6154	0.0931	-1.5032	0.2743	-0.7855	0.3154	-1.2333	0.6729	1.9129	-0.1669	-0.0459	0.8785	-0.4015	-0.1914	-0.2945	0.4717	-1.2783	0.0272	0.6358	-0.9379	2.2576	0.4369	-1.5421	1.3098	1.8084	-0.0947	-1.4786	0.0307	1.2099	1.6640	-0.5789	0.5073	0.8753	0.7457	-0.7526	-1.4988	0.1493	-0.1988	3.1051	0.9293	-0.1789	-0.3125	1.3759
-2.4216	-1.5584	-0.0290	1.4322	-0.3327	-0.8199	-0.3370	-0.8369	0.3864	-2.7939	-1.1760	-0.8595	0.0036	-0.4766	0.0588	1.6332	0.3503	0.2185	-0.0589	-1.8257	-0.6730	0.4513	-0.9083	3.0163	0.0422	-0.5010	0.9365	-0.6828	-0.2174	0.4066	-1.5660	0.4183	-0.6659	1.0496	0.0918	-0.8790	0.0912	-0.4947	1.1123	-0.3475	0.8013	-1.4251	0.2969	-1.0332	0.1580	0.9764	1.4170	-0.3946	0.5845	0.1110
-0.1534	-0.7498	-0.9715	-0.8028	-1.9727	0.8014	0.5409	-2.0548	1.0968	-1.7030	-1.8689	-1.5804	2.4842	1.5583	0.0463	0.0296	1.3119	-0.2388	-2.0610	0.2440	-0.2642	2.7499	-0.2173	1.2210	1.6207	1.1193	-0.8092	-1.9901	-0.2358	-0.0692	0.6347	-0.4345	-0.0746	-1.4294	0.3465	0.6936	0.7532	-0.9565	0.2259	-1.6397	1.1997	-0.7732	-0.5505	-0.6139	0.0029	0.4794	-0.6947	0.0926	-0.7777	0.3303
-0.8356	-0.2705	1.0965	-0.0114	-0.0817	0.6353	-0.2789	-0.0719	0.6255	0.1278	-0.0349	-1.0516	0.5482	-0.3676	-1.4903	1.3620	1.5132	-0.1986	-1.0593	-0.1923	-0.4523	-0.8802	0.2758	-0.3152	1.2803	-0.4825	-2.0021	0.9477	0.8903	0.0578	0.6909	-1.5012	1.0718	1.0825	-0.8040	0.3797	0.7112	-0.5467	-1.6183	-0.0143	-0.8797	-0.5632	-0.4916	-0.1453	-0.4619	-1.7639	-0.8761	-1.7680	1.7211	2.4472
-2.1546	-1.2738	-0.9985	-0.7356	0.3287	0.3173	1.0116	-1.6265	0.1935	-0.5622	0.4326	-0.9828	-1.2676	1.3958	0.6931	-0.4596	-0.4329	0.2869	0.0235	1.5306	1.3835	1.1853	1.3178	-1.1824	-0.4907	-1.2689	1.0750	0.3137	0.1932	0.1607	-1.2705	0.5386	0.0552	-0.7868	-0.9585	-0.9281	1.4014	2.1100	0.3215	0.4503	-0.7922	-1.0764	0.9629	-0.7480	0.9510	-1.6059	-0.0289	0.2249	1.4630	0.4658
-0.5392	-1.7366	0.2140	1.3681	-1.3160	0.8539	-0.6494	-0.4142	0.3408	1.8900	-0.9006	0.8370	0.2393	1.2738	-0.9636	-0.3072	-1.1318	1.0695	-0.7585	-2.1533	0.1437	0.6018	-1.1763	-0.0786	1.8865	0.5029	0.0552	0.6179	-0.0511	-0.8343	-1.0422	-0.5567	-0.2869	-0.1969	1.9302	0.9370	-0.9218	0.1059	0.1532	-0.0464	-1.0695	-1.9002	-0.5732	-1.4118	-1.4344	0.7079	-2.0233	0.1662	1.6278	0.4028
0.4397	0.7156	-0.3054	-1.4578	1.0258	1.5761	0.0842	-1.2738	-0.7127	-0.2392	-1.5312	0.1444	1.0915	-1.2555	-0.2907	0.8997	1.4116	0.0078	-0.1626	0.4911	-0.0963	-0.1190	0.8322	-0.4264	-0.0215	-0.9946	2.1060	0.6410	-0.5601	0.9896	0.7753	0.3643	0.3291	0.0103	0.1580	1.0376	0.1533	0.5219	0.0311	1.0702	0.4901	0.8042	0.3341	-1.9045	-2.6481	0.2802	-0.2025	0.4201	0.5771	-1.2388
1.1708	1.6137	1.6305	0.7137	1.1720	0.8705	0.6143	-1.0341	-0.0565	-0.1453	-1.1060	-1.4179	-0.9699	-1.0340	0.8614	-1.2112	0.1679	-0.0906	1.4775	-0.3495	-0.1410	-0.9576	0.3509	-0.0816	0.8379	0.4398	-0.1658	-0.6686	0.4119	0.7075	0.7543	-0.6247	0.6170	-0.9018	-0.8218	0.8476	0.2127	0.5942	-0.9545	-1.3087	0.9308	-1.5304	-1.8183	-0.4129	1.7097	2.8805	-1.4099	0.4363	0.2842	1.0585
0.5688	-1.4156	-1.1262	-0.4782	-0.5403	0.0032	-0.0431	-0.0594	-0.2313	-3.2055	-1.1337	0.0661	-0.9024	-0.0730	-0.8094	0.3892	-0.3964	-0.0173	-0.8817	-1.5090	-1.0577	0.5637	0.6428	-0.7826	0.1940	-1.3448	-1.0503	0.1671	1.1205	1.1645	-1.3413	0.3008	0.6729	0.5890	-1.1790	-0.0767	-0.0948	0.3082	-0.2246	0.6825	-0.3944	-0.6119	-1.1471	0.8090	-0.5856	-1.3287	-0.1334	-0.1778	-0.4671	1.7716
0.1310	-1.2539	-1.2875	1.3758	-0.1637	1.1235	0.1488	-0.0912	1.2185	0.0602	-0.2691	-0.3364	-0.1850	-0.9349	0.2817	-1.5219	0.2527	-0.7716	-0.9035	-1.8896	1.0093	-0.2311	-0.6743	-0.8114	-1.1689	0.6135	-0.3801	1.9787	0.2416	-1.1449	-0.0976	1.2014	-0.2750	1.3159	0.2882	1.6321	0.3259	-0.9171	2.1350	-0.8632	-1.9415	0.3217	0.5917	-0.4095	0.0096	-0.6035	0.0222	-1.2221	-0.0702	-0.1360
-0.6415	-0.6360	1.5076	-0.0904	-0.6131	0.2076	1.4858	-0.8747	-1.1418	-1.8366	-0.4887	0.9642	0.1334	0.5029	0.1383	-1.5271	-1.1781	-1.3830	-0.4578	-0.9092	0.2340	-2.5304	0.7716	-0.6904	-1.9875	0.5289	-1.9641	-0.8959	-0.0055	0.8102	1.7694	-0.8916	0.3767	1.0887	1.0254	0.1052	0.8763	0.8087	1.1817	0.2012	2.5057	-0.0998	0.8290	-0.1546	0.0425	-2.0659	1.6413	0.2112	0.1392	-1.7573
-1.7107	-0.8782	-0.5809	1.0332	0.4138	-0.7150	1.7761	-0.9757	0.4106	-0.7313	-0.2491	-0.6073	0.6218	-1.3037	1.2051	0.0239	1.0234	-0.9777	0.7473	-0.9701	-0.9748	-1.2253	-1.1371	-0.6377	0.1050	0.4334	0.5359	-1.4166	-0.8148	1.9327	-0.5711	-1.1807	1.5488	0.0225	0.5816	1.3853	1.0564	0.0499	-0.2925	0.8180	-0.5977	0.4479	-0.3643	0.7749	1.1612	-0.0689	0.2472	-0.3423	-0.6811	0.1069
0.6739	-0.8805	1.5642	-0.9083	-0.2669	0.4328	0.2423	0.7303	0.8553	0.2549	-0.7861	-0.1994	-0.5361	-1.4728	0.6567	1.0621	-1.9758	0.9922	1.9115	-0.4589	0.4043	-0.0977	-0.5695	0.7736	1.8811	1.5436	-0.0919	-0.6362	0.1349	0.2160	-0.5513	-0.0196	2.3662	0.8326	-0.2833	1.6711	0.8861	0.6009	-2.5297	-1.9338	0.0736	1.7709	1.2476	-0.0750	-1.1665	-1.0330	0.7693	-1.1543	-0.4820	-0.3105
-1.7103	0.1027	-0.2579	-0.2702	-0.2642	-1.5484	0.9809	0.6450	-0.4080	-0.2383	-1.4147	-0.1323	1.5302	0.8528	0.7831	0.3358	-1.0557	0.1351	0.1421	-0.4502	-0.2783	0.8203	0.7040	0.1828	0.3439	0.2354	-1.9521	1.6504	-0.1343	1.4318	-1.7181	-0.9095	-0.8943	0.7287	0.9486	0.2894	0.6758	0.5300	0.0696	-2.0905	0.3888	0.4868	-0.6889	1.2567	0.9174	-0.6070	0.0201	1.5451	-2.9113	0.2929


