
X1	X2	X3	X4	X5	X6	X7	X8	X9	X10	X11	X12	X13	X14	X15	X16	X17	X18	X19	X20	X21	X22	X23	X24	X25	X26	X27	X28	X29	X30	X31	X32	X33	X34	X35	X36	X37	X38	X39	X40	X41	X42	X43	X44	X45	X46	X47	X48	X49	X50
-0.6473	2.5785	0.5474	0.5409	-0.5888	0.8354	-1.5186	-1.9987	-0.3555	-0.8704	-0.9026	-1.4068	-1.4132	1.1946	0.3627	-1.5705	-2.4949	0.8295	-1.7939	-0.0010	-1.2254	1.3139	-0.0222	0.7322	-0.3741	-0.5771	0.4877	0.4271	0.7571	0.6627	0.8364	-1.9276	-0.5954	-1.2891	-1.9809	-0.1306	-0.4662	0.1175	2.2285	-0.7943	0.5117	-0.0293	-0.1097	2.5834	-1.2036	-0.9427	-0.9700	-0.3076	-0.3322	-1.0275
-0.0198	0.0702	1.5570	-0.4496	0.9248	-2.0158	0.7668	0.4760	-2.1796	-0.6886	1.6533	-0.8778	-1.6943	-0.2204	-2.0676	-0.5303	-1.3486	-0.5433	0.6890	0.0365	0.3123	-1.3349	-1.1420	-0.2770	0.3586	1.7250	0.0074	-0.2914	-1.2640	-0.5236	2.3425	1.4750	-0.6003	1.8755	-0.2486	-1.1012	1.1900	0.1752	0.2906	0.0618	1.1277	-0.6941	-0.3719	0.0206	-0.7530	-0.0928	-0.7735	-0.2418	-1.0129	1.5427
-2.1863	-0.2298	0.0592	-1.0212	-0.9660	-0.1186	0.9959	-1.7852	-0.2217	0.5527	0.2538	0.7143	-0.7462	1.0400	-1.1102	-1.3516	0.0829	0.1157	1.4007	-1.5314	-1.2276	1.4618	1.1217	0.9741	1.5572	0.9772	0.3818	1.8715	0.0246	-0.5590	0.0368	0.8353	-0.4452	-0.5959	-0.2655	-0.3704	1.3331	-0.1598	0.5974	-0.5048	-0.5386	-0.6817	1.2785	0.7743	0.2109	-0.2636	-1.8202	1.9891	0.5509	0.4466
1.5286	0.5047	-1.5172	0.0030	0.9031	-0.5042	-1.3691	-0.1506	-0.5167	1.7084	1.3398	0.8640	0.9064	-0.1301	0.9944	-0.5899	0.6799	0.7230	1.3607	-0.3549	0.4815	0.3058	0.1157	0.5589	0.3064	-1.3442	1.8872	0.8288	-0.8722	0.2980	0.8062	0.2965	-1.8060	-1.9340	0.0799	0.1451	-1.2412	-1.2184	0.2877	0.3287	-0.5919	-0.4388	-0.3862	0.9123	0.3191	-1.3121	0.0328	-0.3403	-0.5796	-1.2654
-1.0684	2.3818	-0.3399	-0.9730	-0.2137	0.7393	-0.5780	0.7183	0.2859	1.0200	-0.6602	0.6405	1.5354	-1.0212	0.1214	0.7486	0.1972	-0.8538	1.5394	0.5718	0.6377	0.6439	-0.1913	-0.1076	0.2967	0.0925	0.0917	-0.9480	0.2615	0.5286	-0.0227	1.0781	-0.8821	1.0159	-0.3714	1.1752	0.1190	0.1221	-1.7381	-0.0394	0.3042	1.7961	-0.7735	0.3159	-0.6362	-0.7575	-0.0313	0.6231	-0.0638	1.7920
0.7420	0.2550	0.9219	0.1054	0.1628	-0.9509	-1.2815	0.3981	-0.2340	-0.6112	-1.1843	-0.8247	-0.6118	1.3377	-1.1107	1.4939	0.1039	1.3360	0.1424	-0.9510	-0.7830	0.5764	-0.6857	-0.5229	0.0569	0.6599	-0.6034	-0.1126	-0.2894	-0.0989	0.3254	1.2719	-0.4604	0.2114	-0.4197	0.1862	0.3455	-1.7167	-1.5644	0.4657	-1.1458	0.5371	-0.8628	0.1878	0.4838	-0.7973	0.2783	-0.9581	-1.9569	-0.1856
0.6160	0.9318	1.4316	-0.3429	-0.8201	0.8664	-1.1281	-1.3599	-1.5542	0.5279	-0.6057	1.5547	-0.1182	-0.7982	0.0842	0.4428	-0.1658	-1.0367	-1.1952	-0.1224	0.5183	-0.8744	-0.2318	0.2512	-1.9077	0.9042	-0.2686	-0.3940	1.8857	0.1552	0.1934	0.9436	-0.2250	1.2586	-0.6834	-0.0199	-0.2680	1.2546	0.6389	-0.7811	-0.7388	0.1712	-1.1048	0.1549	1.6429	0.4067	0.8340	0.3731	1.3329	0.1523
-1.0799	0.2081	-0.7723	-2.1965	-0.1804	1.0656	0.5277	0.7969	0.1188	-1.4826	-1.6543	-1.2405	-0.5333	-0.2823	0.1912	-0.0319	1.7048	-1.5899	0.2869	-0.8518	-0.1460	-0.4693	0.4479	-0.9746	-0.2591	-1.0183	1.3990	1.6832	-0.2640	-0.4437	1.0799	-0.1778	0.5884	0.5184	0.3149	-2.8597	-0.8741	1.5400	-0.8962	0.2180	0.8225	0.5071	0.6617	-0.8688	0.5928	0.2377	0.7282	-0.3014	-0.0863	0.0840
-1.2001	-1.6822	0.7429	-0.9798	1.2624	-0.4145	-0.9266	-0.8835	1.1909	1.3580	0.5827	-0.2184	1.8768	-0.1689	0.8587	-2.2848	0.6164	0.3348	-0.8970	0.0072	0.2983	-0.8468	-0.1714	-0.1058	0.8405	-0.1616	-0.5311	-0.6122	0.9036	-0.5612	1.2090	0.4228	0.6974	1.2756	0.9608	-1.4212	0.0305	-0.0367	-0.0428	-0.7506	1.1790	1.9224	-0.8244	-0.9603	-0.8760	-0.3119	-2.2651	0.3470	0.0975	-1.3913
-1.0504	1.5515	-1.6772	0.2934	0.7670	1.7843	-1.0364	-0.2954	0.0455	-0.1585	0.0915	-0.9116	1.6315	2.6961	-1.6229	1.6747	1.7731	-2.4575	1.3549	-2.0431	0.1646	-0.5353	-0.4436	-0.5317	-2.1367	-1.3520	0.2463	-0.3806	-1.8599	-1.5262	0.4258	-0.3439	1.4509	2.3204	-0.2702	0.6733	-0.2081	-0.5597	-0.4579	1.5051	-1.1313	-0.8673	0.8905	0.0838	-0.6630	0.4696	0.3647	-0.4061	2.0070	1.5577
-0.6772	-1.5906	-0.7373	-0.2497	-0.0728	-0.8376	-2.9700	-0.3924	-0.4507	3.1333	0.3960	0.1274	0.9158	1.3861	0.4852	1.0679	0.1974	0.1502	-0.4984	-1.5149	-0.6739	-1.3154	-0.4334	0.7330	-0.5584	-0.0718	-1.1879	-0.2840	0.7146	-1.2232	-0.5351	0.3357	-0.4459	-1.6083	-0.9525	-1.7574	-0.6373	0.4058	-0.0645	0.3239	-0.5346	-1.3230	-0.1857	0.1725	-1.1023	-1.0634	0.6194	0.7098	0.9190	-1.1882
0.0070	0.1209	0.2491	0.6125	-1.7459	-0.4204	-0.9583	2.3383	0.8409	-0.2518	-1.2710	0.0267	0.6011	0.9083	0.4240	-1.8079	0.6071	-1.9910	-1.1995	-0.9950	1.3331	0.1376	1.4872	-1.0583	-0.4371	-2.1563	-0.3753	-0.0148	-1.3843	0.5884	0.0072	0.5043	1.2177	0.3988	-0.3763	-0.8553	-0.1963	-0.1211	-0.6193	-0.0119	1.4152	0.7392	-0.0595	2.1806	-1.8772	0.8309	0.5095	1.1690	-0.3139	-0.3278
0.5351	-0.2048	1.2848	1.2225	0.5101	-1.6362	-0.7087	0.0359	1.0331	0.5857	-1.6402	-0.9195	0.3039	1.7127	-1.3163	-0.2753	-0.8918	0.0527	-1.3512	0.9574	-0.7913	-0.0060	0.0963	0.7838	-1.3496	0.0907	0.8611	0.6431	-0.0181	0.2969	-0.5578	1.0197	1.0558	-1.1648	0.8212	-0.1921	1.3815	0.0298	-0.1146	-0.4480	-0.3641	0.8005	-0.4038	-1.1287	0.0541	-1.9887	-0.6565	0.9955	0.3991	0.1777
-0.3859	-0.9420	0.3152	-1.5270	1.3037	-1.1180	0.3116	0.3751	-0.7422	0.8589	-1.1667	-1.2398	-2.0752	0.4118	0.0006	1.3024	-0.3581	0.2501	0.1466	-0.8893	0.8836	-0.4454	-1.0708	-0.0113	-1.2848	0.2771	1.7553	-0.4968	1.1293	-1.2206	-0.0899	2.6772	0.4714	1.5855	-0.1262	0.5771	-0.3718	-0.5129	-0.6035	0.0434	-0.9683	2.0931	-2.7892	-1.3089	-0.3140	0.1672	0.9823	-1.1959	-1.3645	0.5515
-0.7264	-0.8604	0.3669	0.9550	-2.0325	0.4879	0.0977	2.2235	-1.4244	-0.0859	-1.8408	-1.0756	-0.6330	0.7124	-2.0115	-0.2035	-0.6642	1.6631	-1.4065	-0.2848	-0.9501	2.6731	-0.7620	-0.4263	2.0098	-1.2946	0.6452	-1.9712	-0.5467	0.0612	2.1705	1.7381	-0.6786	-0.2072	-0.0084	-0.6297	0.4881	2.2980	0.1447	-0.2983	0.0720	-0.2650	0.0491	0.0506	-0.6331	-2.1304	0.2600	1.8487	-0.2238	0.4267
-1.1952	0.1997	0.9979	0.5291	-0.3388	-1.7162	0.1428	2.1613	1.0543	0.7071	0.6536	0.3882	1.7034	-0.9997	0.4857	-1.6779	-0.2920	-0.4871	2.6704	0.3219	-1.0233	-2.2359	0.4327	-0.7979	0.5225	-0.0723	-0.8706	0.1503	0.6618	-1.8151	-0.5150	0.1749	-0.2477	-0.4067	-1.1700	0.9811	2.0851	1.0987	1.0474	0.4516	-0.1525	-0.1911	-0.3666	-0.5580	2.1476	0.1786	0.9637	-0.6393	1.2213	1.0466
0.4681	-0.0183	-1.4735	0.0484	1.6851	-0.7745	-1.0425	0.5059	-0.3258	-3.0560	0.7218	1.1026	-0.8181	2.4316	1.1631	1.8349	0.2407	0.8776	-0.3014	-1.6021	-0.2637	0.3251	0.4693	-0.3739	0.3867	1.2958	-0.0262	0.0602	0.2809	0.8274	0.0818	0.4889	-1.5128	0.9775	0.8089	-0.2221	0.5389	-0.3812	2.1676	0.5048	-0.8056	-1.3267	0.2791	1.0848	0.6903	-0.3181	-0.0451	1.2268	-1.4868	-0.4025
1.1123	1.7657	-0.3052	0.3394	0.0216	0.0361	-0.9526	-0.6312	-1.0605	-0.5992	-1.1541	1.2985	1.6035	0.7172	0.0671	-1.6290	-0.4835	0.2665	0.6218	0.3590	-0.0051	0.3269	-1.4691	-1.0632	0.0387	-0.8242	-0.3995	0.3888	-0.2199	-1.6820	2.0976	0.1565	0.0148	0.4931	-0.2088	0.7437	0.3179	-0.1165	-0.4352	-0.0933	-0.2832	-0.5926	0.4669	0.0199	-1.0875	-0.0280	0.1957	0.5387	1.8776	-0.6614
-0.4724	-0.2500	0.1972	-0.4999	1.1242	-0.4441	-0.4964	-0.2728	-0.0833	-1.4522	-0.1042	-0.5578	0.1509	-0.6782	0.4303	0.6756	0.1335	1.0875	-0.7487	1.3507	1.8098	-0.0207	1.2601	-0.7567	0.9107	0.5740	0.6677	-0.3747	0.1661	-1.4469	0.4055	-2.6749	-0.0912	0.1122	0.6843	0.4613	-1.3869	1.0405	0.1534	-0.2198	0.5089	0.4784	0.0162	-0.5234	0.1481	0.3819	0.5082	0.4528	-1.0247	0.7569
0.2396	-0.5460	0.6971	0.3531	-0.1043	1.5781	0.3657	1.6173	2.0278	1.4842	-0.0755	0.1168	-0.2362	-0.4975	1.4944	-0.0740	-1.7128	-1.4963	-1.1339	1.0498	3.7268	-0.9931	0.4573	-0.9149	-0.5973	2.5103	0.7530	-1.0650	2.4256	0.4034	-0.8331	-0.7349	1.1656	-0.0332	-0.1074	-0.3678	-0.1875	0.6865	-0.8653	0.0975	-0.2202	-0.0132	-0.0042	-1.6242	0.6241	0.9969	-0.3454	-0.1234	0.7589	0.1598
1.1345	-0.3122	-1.0463	0.1684	-0.4125	2.1571	0.6521	-1.2439	0.7300	-0.3033	-1.9876	-1.2547	-0.8898	-0.7788	1.2963	1.1467	-0.0785	-2.8152	-1.1415	-1.4724	-1.0527	-0.1865	2.2541	0.9046	-0.5353	-0.5360	-1.0602	-1.4678	-0.1339	1.0997	-1.7542	-0.0742	2.1456	-0.5521	-0.4202	0.1373	1.4450	-0.2536	0.2500	0.2826	1.0095	-0.9322	1.5172	-1.2910	0.2770	0.1153	0.7264	1.4286	-0.6009	0.1160
1.2825	-1.8475	-0.8502	-1.0836	1.9043	-0.6762	-0.0869	-0.7388	0.4772	-1.6576	0.2053	-1.8163	-1.3161	-0.7317	0.3665	0.1113	0.2487	-0.0839	-0.2195	-1.0434	0.4983	0.1546	-0.7871	0.7786	0.0369	1.0681	-1.3730	0.8334	0.0836	-0.5517	-1.7264	0.6742	0.3499	0.4509	-0.6008	1.1450	1.2156	-0.6086	2.3323	0.6097	-0.9783	0.1696	-0.9828	-1.4454	-1.2472	-2.5643	1.4932	-0.0204	0.2181	-0.6419
-1.1263	-1.3294	-0.0594	0.3693	0.5365	-0.9357	-1.5679	-0.0084	0.3333	-0.0450	0.0174	0.9722	-0.3989	-1.3740	0.9075	-0.1800	0.7262	-1.5128	0.2392	-0.2927	0.4206	-0.0020	-0.0121	-0.6881	-1.0179	-1.0478	-1.3188	0.8569	0.2959	0.7174	-0.0535	-0.4420	-0.0384	0.2994	-0.5896	-0.5657	-0.8577	-1.0624	-0.4232	0.4123	1.5157	-1.3131	-2.3745	-1.1763	0.1254	-0.3766	0.0555	-0.3264	0.1476	-1.3905
1.0915	0.0410	-0.1566	-0.2854	-0.1143	0.3451	1.4436	0.9665	-0.2592	-0.1806	-1.1715	0.9877	2.4095	-1.6493	-1.1856	0.3777	-0.1634	-1.6265	-0.6387	-1.5042	0.7630	-0.4949	0.1088	2.0581	0.7569	0.1621	0.1801	-0.1115	1.0213	-0.2876	0.9399	-0.2702	1.4560	-0.2746	0.8926	0.3339	0.2415	-0.1027	-0.9608	0.0417	0.9756	0.0007	0.3525	0.3992	1.2527	-0.9881	-0.3101	-0.0079	0.7732	1.0522
0.1381	-0.4478	-0.5358	-0.3427	1.0059	-0.2617	-1.7710	0.3535	1.3194	-0.0657	0.3877	-1.5565	0.1202	1.1691	0.0547	0.0905	-0.3866	0.4741	0.1058	-0.0218	-0.0672	-0.2759	0.4551	-0.5548	2.0708	0.3903	0.1660	-1.0896	1.7079	-1.3275	-0.3559	0.1754	-0.5818	-0.4705	0.4510	-0.2224	-0.0119	-0.6761	0.1074	-0.6097	-1.6554	1.1755	-1.1854	-0.0625	0.6268	-0.2609	0.0593	-0.2188	0.0060	0.0693
0.3740	0.5110	0.8010	0.6874	0.1557	-0.1875	0.7209	1.5545	-1.1861	-1.0042	0.0435	-0.1035	0.6382	1.2141	1.4488	0.8191	1.1541	-1.4530	0.5213	-0.9984	-0.4336	0.7654	1.1268	-0.6593	-0.1687	0.2430	-0.8237	0.0061	-0.0680	0.5446	0.9471	-1.2436	0.8931	0.9585	0.0585	-0.6967	-0.4466	1.9071	-1.2953	-1.1293	-1.0113	-1.3945	1.5329	0.9744	-2.3660	-0.9506	1.3554	0.3838	-0.4034	0.3396
-0.2939	0.2027	-0.5784	0.2320	0.0506	0.7609	-0.5226	0.7542	0.1720	1.4928	0.9503	0.6222	-0.2910	0.3113	1.0059	-1.4954	0.8748	-2.4659	-0.8392	0.7153	-0.5945	0.2587	-0.8714	-0.9138	-0.9508	-0.0917	-0.4880	1.7811	1.4827	-0.7199	1.6761	-1.3079	0.6753	0.3327	0.7250	2.2557	0.8493	-0.3461	0.5823	0.2083	1.2260	-1.4008	-0.4423	-1.8408	-0.4935	-1.5524	-0.7876	1.3733	0.1937	-0.0217
1.3522	1.3821	-0.9595	-0.6167	0.3387	-0.6306	0.1566	-0.5480	0.2486	-0.7802	-1.3926	0.3320	2.1797	0.4748	0.7461	-2.0130	0.6012	0.3453	-2.0545	1.5329	-3.0987	-0.6590	-0.9325	-0.1749	-1.3799	-1.4087	0.9889	-0.2338	0.6761	1.7003	0.3598	-2.0721	-0.0750	0.4857	-0.1139	0.7254	1.3468	-0.4898	-0.8012	0.1196	0.5393	-0.2030	0.4270	-0.4515	1.3512	0.9080	1.1445	1.4612	-0.0894	1.0656
0.6754	1.4336	1.7637	-0.9422	0.2130	0.1299	-0.3256	-2.1414	-0.8586	0.9468	-0.4146	-1.8741	1.5803	-0.6989	0.0855	1.2201	-0.2637	2.6239	0.8339	0.0780	-0.3869	1.8524	1.7648	-1.0547	1.1512	-0.5860	2.3030	-0.6145	1.6636	-0.7010	-2.6163	-2.7272	0.7095	-1.0540	0.1262	-0.3333	0.7208	0.6735	-1.2055	0.1165	0.0091	-1.0435	1.0976	0.2163	-0.3564	-0.4680	-2.4865	1.3523	0.0663	-2.0642
-0.3795	1.2020	-0.0245	0.1895	1.3915	-0.0729	-0.1419	-0.2782	0.2908	-0.2225	0.7852	0.1872	2.7930	0.9618	-1.7471	-1.0594	-0.1868	-0.6321	-0.0653	-2.1096	1.3280	0.4402	-0.2078	0.4203	-0.1102	-0.0226	-1.8604	1.0694	1.5276	0.2873	1.0009	1.5956	0.3328	0.0312	0.9541	-0.5605	-0.1217	0.4017	0.5411	1.4020	-1.0756	-1.1711	-1.0305	-0.7806	-0.8465	0.3348	1.1918	-0.5056	-0.0677	0.5264
-0.4359	0.1585	0.5733	-0.7766	-1.1136	-0.0016	0.7005	0.7788	-0.2348	-0.4844	-0.0958	-0.5926	1.8385	-0.8611	0.3426	0.0524	0.0025	1.9109	-1.0680	1.2820	-1.1008	1.1673	0.9207	-2.2169	1.3105	0.3215	-0.3577	-0.9164	1.2009	-0.3874	0.2091	-2.2978	0.5953	-0.0112	-1.4871	0.0599	-0.4493	-0.4465	0.7059	1.2937	0.8951	0.7901	0.4976	0.2666	-0.3952	-0.1208	1.3646	0.0991	-0.7546	-0.6448
-0.3142	0.0596	1.3203	0.4329	2.1072	0.3022	0.2112	0.4838	0.0068	-1.0529	-1.6625	1.5134	0.2087	0.0654	0.4511	0.7542	-0.5077	1.3942	-0.2922	0.3612	0.9279	0.6251	-0.0021	-0.7844	0.0115	-2.2458	0.7258	0.1256	-0.2182	-1.8416	1.2951	-0.2856	0.0930	-0.2586	0.0947	-0.7995	-1.2349	-0.4742	-0.3239	-0.0062	0.6400	-0.1700	-1.0665	0.9802	-0.1861	0.3931	-1.7382	0.4032	2.0766	-0.2384
-1.0395	-1.1987	2.2643	-0.8264	-1.9377	-0.5109	-0.7746	1.1406	0.1057	-0.2957	0.0108	0.3650	-0.7057	0.9179	-1.0319	-0.4995	1.8121	-0.0785	0.2236	1.6612	0.3132	0.0707	-0.0437	-0.7191	0.4306	-0.5645	-0.7809	-1.3168	-0.0222	2.0085	0.6323	-0.3109	-0.0974	1.1148	0.7815	-1.2720	1.0736	0.4938	0.8133	-0.9649	0.2645	-1.0441	-1.0197	0.7311	-0.6631	-0.8315	-0.7266	-1.5222	-0.9488	-0.6072
-0.2341	0.2976	-0.2621	1.7262	-0.6159	-0.2804	-1.0307	-0.1957	-0.8992	0.2397	1.2715	-1.1120	0.3195	-0.2085	-0.2374	-0.7302	-0.3083	0.3082	0.4797	0.4406	0.1582	1.5745	0.7281	-0.8469	-2.4070	1.6678	-1.7349	0.6594	1.7237	0.7163	-0.2878	0.8460	0.7381	0.1729	-1.3965	-0.1527	1.4186	1.1760	-0.8164	-1.2302	-0.1229	-0.5115	0.3596	1.7510	1.4778	0.2334	-1.6029	1.6670	-0.2410	-1.2766
0.5669	-0.8567	-1.9113	0.8574	0.3093	1.1850	-1.1815	-1.6857	-0.7082	0.7994	0.8147	0.6450	0.7239	-1.8088	0.8824	0.6339	1.8246	-0.0231	0.2896	-2.1183	-0.9740	-0.3284	0.5467	0.8658	1.0703	0.8880	-1.3255	-0.0855	1.4332	-0.2490	-0.6027	0.1521	-1.2627	0.9805	-0.2472	-0.7553	-1.3827	-0.1362	1.0017	-0.0104	-1.1098	-0.4353	0.2552	-0.5724	0.5514	-1.0766	-0.0416	0.2725	1.1750	0.7257
0.0200	0.6183	-0.2631	0.2624	0.7674	-0.0535	-0.8996	-0.6163	-0.0522	-0.4902	0.2086	1.1999	-1.1269	0.9380	1.0458	1.4547	-0.2286	-1.3764	-1.3611	0.5470	1.0246	0.4456	0.7779	0.8922	0.1387	0.5945	0.2197	1.4007	1.0470	0.8612	0.3843	-0.9992	-0.3237	-2.1717	0.2566	-0.7971	-0.6903	-1.0390	0.7773	0.2387	-0.3554	-0.4139	-1.1449	-0.3872	0.5896	0.6414	-0.8843	-0.7499	1.0728	1.2479
0.6464	-0.6972	-0.0986	0.6445	-0.7928	1.8433	0.5296	-1.4510	-0.8486	-0.5401	0.5487	0.2055	0.6775	1.1400	0.4471	-0.3840	0.1451	-0.0554	0.4187	-0.9107	0.0142	1.7423	-0.3811	-0.4830	-0.8077	-0.5559	-0.2957	-0.8778	-0.2783	-0.2060	1.6175	0.9331	0.3027	2.1830	-0.1409	1.1900	0.2520	1.1504	-0.0596	1.3118	0.0143	0.8773	1.0639	-1.0061	1.8813	1.7903	0.8049	0.3356	0.2858	-0.4222
-0.0469	-0.0486	1.7188	0.3636	0.1007	-0.1007	-0.4761	-1.4151	-0.0594	-1.7411	-0.1133	-1.2953	0.7490	0.5931	0.1324	0.2899	-1.0056	0.6157	0.4737	0.3954	0.9540	-0.0596	0.9309	1.1787	-0.3877	1.5501	-1.3581	-0.3442	-1.6184	-0.4113	0.4055	1.4708	0.1979	0.7294	0.9688	-0.1206	-0.1157	0.6004	-0.3811	0.8525	1.7755	-0.2997	-0.6829	-1.1274	-0.9664	-0.8982	-1.6102	-0.9186	0.8111	-0.6193
-0.7573	-0.4960	-1.9177	0.6102	-0.2662	-1.0249	1.1531	1.0316	-0.0298	-0.1514	-0.1945	1.5066	-0.4542	-0.0985	-0.9899	-1.1259	-0.1170	2.1016	1.3221	-0.5005	-2.8796	-0.8888	-0.1174	-0.0253	0.4595	0.5196	0.0938	0.0036	0.3489	-1.7180	-1.0084	1.4137	-0.6683	-0.1915	1.2209	-0.6689	1.3661	0.0529	-0.5343	0.1726	-0.5247	-0.7023	-2.1664	0.0709	-1.3330	-1.5848	0.0881	0.8068	-0.3127	-0.0090
0.7973	1.7168	0.9547	0.5743	0.0152	-0.7727	-0.4305	0.5054	0.6068	1.2522	-1.6750	1.7644	-0.0975	-1.0816	-0.3278	0.5155	3.0106	-1.5641	0.3900	0.4787	1.7600	-0.1282	-2.0234	-0.8056	-0.4634	0.4554	-1.3116	-1.8172	-0.2246	0.0805	1.5271	-1.2666	-1.2101	-0.6809	-1.3392	0.5514	0.5450	0.7349	0.1190	1.4051	-0.6724	0.5797	-1.4526	1.3406	-0.7634	-0.5419	-2.1033	-0.2078	-0.2408	-0.8329
-1.3174	1.1749	0.0319	1.2015	-0.3296	0.5031	1.4301	-0.4013	0.7224	2.2097	0.8973	-0.4020	-0.7963	1.3123	0.3699	-0.4242	-0.5874	-2.2474	1.9092	0.7263	0.1483	-1.3350	-0.1503	0.0284	-0.0227	0.3755	0.6491	1.4156	-0.1501	-0.5985	-1.4437	1.2611	0.8976	-1.2565	0.1511	0.4661	-0.8465	-0.5683	0.0669	-0.6237	-0.5599	-0.6837	2.8846	0.4230	1.4044	-0.9859	-0.9082	0.8529	-0.2214	0.7296
0.0956	0.3597	2.1352	-0.3060	-0.3449	-0.2424	0.4722	-0.9685	-3.0729	2.0718	0.8665	-0.7116	-0.4957	-0.6698	-0.7620	-0.1502	-1.0596	0.6021	0.0165	-1.1639	-0.5622	0.2664	-0.3738	0.8350	-0.4842	0.3242	0.5400	0.0698	-2.3232	0.0216	-0.6957	-1.4266	0.7079	0.0862	-0.6033	0.0275	-1.1431	0.8499	0.8750	0.9101	0.5603	-0.1742	0.0443	1.0613	0.7861	0.4634	1.3486	0.4845	0.0361	0.7982
-0.5492	-0.4597	-0.0651	-2.7451	-0.9380	-0.4020	-1.9889	0.4591	0.8844	0.3867	-0.6092	-0.8501	0.3266	-1.0465	-0.2657	-0.4823	-0.1637	-1.2398	1.2522	0.3917	-2.2599	0.0052	-0.4769	-0.6940	0.7325	-0.2652	1.0485	-0.0453	0.4255	1.0187	0.3266	1.2097	0.1706	0.9244	-2.9286	-1.9737	-0.1704	0.6421	0.2265	-0.8072	1.4111	0.3486	0.9245	0.3310	0.5724	-0.5779	-0.4458	0.2942	0.7620	0.6703
1.2581	-0.1698	0.1250	-0.3597	-0.5587	-0.1269	0.3370	0.7038	1.2588	1.0621	-0.0478	0.0225	-0.1500	-1.0564	0.2794	0.0919	0.5713	0.1590	-1.6767	0.7757	-0.6984	0.3410	1.6703	-0.2810	-1.2100	1.4913	-2.1170	0.1700	-0.4146	-1.6221	0.4872	-1.0764	0.2073	-1.5128	-0.5563	0.1205	-1.0479	-1.1633	-1.0726	0.2885	0.0454	-0.6213	-1.9886	-0.9838	-0.3547	-0.0709	-0.3422	-0.6032	-0.8298	-0.0523
0.1399	-1.7695	-1.4587	-1.5587	-0.8624	1.2194	-1.1841	-0.8692	-1.6653	-1.8023	0.6607	1.0481	0.5052	-0.3513	-1.2748	-0.1564	-0.0420	0.5777	2.0878	-0.7684	-0.9507	-0.0661	0.2355	-1.2470	0.4657	-1.2723	1.5837	0.4803	-1.8548	0.6552	-0.5342	-0.9723	1.4593	-0.5160	0.7132	0.4334	-2.1788	0.2026	-0.9917	-0.4404	0.9249	2.3358	-1.7591	0.8680	-1.0538	-0.9934	-0.7333	1.0472	0.4747	0.8865
1.3184	-1.0968	1.0141	0.4332	0.7795	-0.0163	-0.0718	0.8008	0.0398	1.2448	1.6569	0.2650	-0.9845	-0.7766	-0.5945	-1.3821	-1.6178	0.8219	-0.3789	1.2043	1.4923	-0.7133	-0.1994	1.4953	-1.5193	2.0677	1.0549	-1.1399	-0.2386	-0.5691	-0.6754	-1.4342	-0.3118	1.7488	0.0340	0.5847	1.5992	-1.0752	-0.5874	2.0607	-0.9622	-0.2032	-0.1963	0.8600	0.3301	-0.2386	-2.1662	-0.8095	0.6679	-1.0719
0.6900	-1.1067	1.0399	-0.3192	-0.3924	-1.1059	-0.5116	1.6036	-0.3014	0.0480	-1.5299	0.2293	0.4306	0.3624	2.3555	1.2025	0.1043	-1.4049	0.3256	-0.0075	-0.5552	-0.2191	0.0230	-0.4877	0.1014	-0.9586	0.4440	0.6469	-0.0924	0.8043	-0.1982	-0.1120	0.4999	0.2495	-1.7097	-0.8801	0.8313	1.0749	0.6851	-0.8929	0.4985	0.3823	0.8537	-0.6030	0.5721	-0.1136	0.3835	0.2779	-0.1655	0.0953
2.2450	0.0346	0.8714	0.5172	-1.4536	-0.1251	-0.0335	0.5285	-1.1839	-0.1807	1.6450	-1.3225	1.1980	0.0202	-0.1862	-0.7649	-1.4635	-0.2828	0.4963	0.7978	1.2734	2.7599	1.5816	1.2125	0.7418	0.9990	0.9809	-0.2451	-0.7731	0.2209	0.5618	-0.2428	0.6176	-0.7481	0.5619	0.6108	0.7282	-0.8929	-0.0644	-0.5290	-0.6651	0.5148	-1.3482	0.7013	1.0424	1.2088	-0.0492	-0.7417	1.1572	0.0248
0.4979	-0.9508	0.8557	0.6784	-0.1186	0.6964	-1.0215	-1.6613	-1.4036	0.4990	-0.3616	-0.4978	-1.3393	0.8447	0.1502	0.8712	0.0313	1.3429	-0.3699	-0.9235	0.8637	-1.1535	-1.3308	1.2119	-0.5168	0.0965	1.6538	0.5554	-0.2025	0.4616	-0.0084	0.8065	1.2969	0.8121	0.8299	0.7418	0.5713	-0.4774	-0.1670	-0.4754	-2.2046	0.4913	-1.0886	0.5217	-0.3333	1.5855	-1.4865	-1.1474	0.3042	-1.8105
1.0753	-0.1144	0.6544	-2.4058	0.4824	-1.1657	0.9579	-0.4670	-0.3525	0.2251	0.2759	1.8616	-0.6889	-1.3973	0.2842	0.0386	0.0597	-0.2602	-0.8729	-0.3865	-0.2700	-2.1381	0.8659	0.6132	0.9808	-1.4600	-1.3157	1.5946	-0.4123	2.2362	-1.2014	-1.5050	0.2020	-0.0857	-0.4755	1.9111	-1.2466	0.1249	-1.3435	-1.0352	-0.6476	-0.7372	0.5270	1.3755	-0.9147	0.3152	0.7198	1.0084	-0.5227	-0.0374
-0.6013	-0.6227	-0.8891	-1.1870	0.4611	1.1728	1.4692	-0.0451	0.4737	-0.3683	-1.0254	-0.4943	-0.8568	-1.7177	-0.0721	0.1046	-0.4368	1.0399	1.5306	0.4172	-0.5989	1.3349	-1.1787	2.3922	-0.4297	-0.2426	0.4073	-0.8929	-0.2849	0.5092	-0.4746	-0.3704	0.5962	-0.6755	-0.0568	-2.3267	-0.7520	0.0985	0.9865	-0.0816	-0.3078	-0.4068	1.0667	-0.8511	-1.0667	-0.5857	0.7475	-0.4216	0.2537	0.8902
-1.5090	-0.3498	0.5974	-0.5314	2.0504	1.1502	0.8309	-1.8143	-1.6567	0.8922	0.1935	-0.8897	-0.2370	0.3741	-0.3265	0.1348	0.3125	1.2806	0.3619	0.0917	-0.1927	0.5112	1.3617	0.2122	-0.8000	1.5208	0.0536	0.1071	1.1972	-0.5543	0.9633	-0.6021	1.1746	-1.9560	1.2132	0.5191	-0.3505	0.7793	0.2613	-1.5799	-1.0047	1.3875	0.7431	1.5115	0.1481	-0.2424	1.3327	0.3540	-0.9251	1.6731
1.5600	-1.4003	-0.5164	-0.4570	-0.4486	0.2064	0.3818	-0.1411	0.8002	0.3892	0.0611	1.8000	-1.6248	0.6654	-1.4107	0.6756	-1.5390	1.8976	0.0549	0.9706	-1.1848	0.8899	-0.4458	-0.6002	0.9699	0.5270	-2.4637	-1.6120	-1.5717	-0.1629	0.5183	1.3166	-0.4853	-1.2637	-0.3844	-0.5792	0.9654	0.4533	0.2414	-1.4082	0.3066	2.2511	-0.2132	-1.2363	-0.1293	-0.6183	0.2332	0.0782	-1.2838	-1.7684
-1.6838	-0.8710	1.5960	1.0584	0.1537	0.1438	-0.6298	-1.1679	0.0927	-0.6233	1.0977	1.2954	0.4830	-0.0907	-0.3546	1.0254	-2.0584	-0.2391	-1.1024	-0.3563	0.4222	-0.1815	-0.9675	-0.3556	0.2233	0.9397	0.0054	-0.8176	0.7152	0.5485	-0.7222	0.5466	-1.8905	-0.2902	0.1694	-0.1121	-0.0888	0.4657	0.1480	0.1790	-1.7497	0.4198	-0.0262	-0.2882	1.0497	-0.1218	0.2729	-1.0234	-1.6816	0.7414
0.0487	-2.0911	-0.4040	2.3974	-0.2882	0.6998	0.1301	-1.4280	2.1558	-1.3550	1.6901	0.6075	-1.2959	1.3999	1.3805	-0.3287	-0.1534	-0.7926	0.2587	1.5963	-1.7494	2.1321	-0.3531	1.7725	-1.6826	-0.2376	-1.6773	0.5962	-0.0959	-0.0221	-3.2074	0.1191	-1.5606	-1.2281	0.2898	-0.6699	-0.2583	0.8804	0.5051	-1.3219	-1.4047	-0.7871	0.4789	-0.6811	-1.0292	-0.2051	0.5633	-1.0824	-0.9948	-1.3525
0.1444	-1.0811	-0.1257	-1.5625	-1.0732	0.4753	0.4793	-1.2200	-1.2993	1.0109	1.1191	0.7180	1.0273	0.3814	1.4333	-0.3674	2.8792	-0.7659	0.5557	-0.7342	-0.2151	0.3305	-2.3445	1.6415	0.1138	-0.0761	-1.6123	-0.0626	0.3378	-0.5821	0.7444	0.5834	-0.9901	-0.3092	1.0677	0.2191	-0.0136	-2.6686	0.5424	-0.3669	0.2629	-2.6353	1.3688	1.9851	-0.5266	1.0102	-0.6728	-0.1203	0.4240	0.3312
1.1707	-0.6082	1.0904	-0.4975	-0.9452	-0.7553	-0.8640	1.2890	-0.6220	-1.1361	0.2815	-0.6085	-0.8195	-1.5990	2.2120	1.0366	0.5108	0.5765	0.5875	-0.7467	0.1584	-2.4149	1.1400	0.8090	0.0168	0.5333	-0.8464	-2.0225	-0.7632	-0.6369	-0.0355	-0.7955	0.4042	-0.8653	2.0288	2.5928	0.3125	0.1533	-0.4409	1.9300	0.0426	0.1603	-0.3973	0.1218	0.1646	0.4738	0.0286	1.0327	-0.4604	1.1043
1.1819	0.9167	1.4512	-2.1598	2.0085	-1.8865	0.4988	0.4655	0.0646	-0.6126	-0.8548	-1.2430	0.1599	-1.0617	-0.6445	0.5356	0.4188	-0.7425	1.1259	0.8998	-0.6026	-0.9891	-0.1650	-0.3936	-0.2141	0.8636	0.6825	0.0049	1.8829	1.1262	1.6311	0.1474	0.4216	-1.2081	-0.3362	-0.1358	-1.1593	-1.3643	0.5489	-0.6844	-0.3131	1.0789	0.6562	-0.2720	-0.8705	0.3919	0.1641	-0.1604	0.0642	1.5123
0.1867	-1.3983	-0.6262	0.0077	-0.1634	-0.4453	-0.5992	-0.4370	-0.2008	0.5344	-1.0338	-0.3062	1.0765	-0.7315	-0.5948	0.3168	0.1016	-1.0618	-0.1303	0.3623	-1.3986	0.9174	-0.0606	-0.4433	0.5733	-0.1221	-0.8178	-0.2048	-0.4919	0.6808	-0.2368	-0.7093	-0.1684	0.4750	-0.2446	-0.6078	-2.0850	-0.3353	1.3258	-1.6638	-1.0877	1.1075	-1.4748	0.1906	1.6299	0.3519	0.7511	-0.1550	0.3239	0.4455
-0.6647	0.7628	0.2861	0.6778	-0.5486	0.4517	0.8994	1.0194	0.5281	0.7165	-1.6293	0.3079	0.0574	1.3272	-0.1190	-0.6669	-0.7652	-0.4860	0.8301	0.1091	-1.8066	1.1418	0.8261	0.8881	0.4284	-0.5920	1.2623	1.1667	0.8176	0.2731	-0.6929	-0.8521	0.2079	-0.8120	-2.2454	-0.2425	-0.6475	-0.0677	0.0025	-0.4967	1.0780	-1.0487	1.1678	1.1416	-0.2018	1.4772	0.1832	-0.3922	1.1658	-0.8205
0.7037	-0.3924	-1.3468	-0.0842	0.2238	-2.8712	1.0401	-0.5544	-0.8770	1.7363	0.0216	-0.8420	-0.8416	0.4660	0.4909	0.4357	-2.6017	-0.4876	2.7543	-0.5689	-0.4107	-1.5645	-0.3643	0.9988	1.0039	-0.5864	0.6374	1.5268	-0.9658	0.4259	-0.7448	1.0439	-0.1185	-1.7564	0.8331	-0.5638	-1.7574	0.8282	-1.6499	1.0677	-1.5915	1.0872	-3.1749	-1.1852	-0.3945	-0.8582	0.6001	-1.3584	1.2053	-0.3758
0.6953	-2.1777	-1.3831	-0.6552	-0.4659	0.6828	0.7449	0.9679	-0.0710	-1.2221	0.3911	0.5833	0.0868	-1.0433	0.2337	0.8455	1.4194	1.3325	0.8678	0.6172	-1.6524	0.1665	1.5558	0.1970	0.1310	-0.1608	1.2425	1.1397	1.0794	1.9658	-0.7407	-0.5191	0.1492	-0.6723	0.1794	1.9959	0.3419	-0.9299	0.4586	0.2677	-0.8040	-0.5730	-1.2292	1.0810	1.0664	1.5589	-0.6906	1.6080	-0.2431	-0.9403
0.3204	1.6365	1.6388	-0.2829	0.6750	-0.5008	-1.2611	-0.4259	0.5627	-0.8348	-1.7997	-0.1760	0.6372	0.9904	-1.2297	-2.3662	-0.0666	-0.0985	0.5522	-0.5398	-0.1630	-0.0868	2.0047	-0.1039	0.0258	-1.6938	0.8222	1.1335	0.0354	-1.4459	-1.1843	-1.5157	-0.2436	0.7479	-1.2077	0.5578	0.5280	-0.4110	0.5945	0.7793	-0.9809	2.0992	0.3810	-0.5199	-0.4457	0.1282	0.9483	-1.1347	0.6356	1.0938
-0.0573	0.4448	1.4644	0.2733	-0.0636	-1.6690	-1.6473	-0.5512	-1.0618	0.4758	1.6599	0.1353	-1.9743	0.4256	0.2194	-0.2002	-1.3452	-0.8802	-0.3870	1.0899	2.1220	1.9867	0.3958	0.3864	-0.3458	-0.7330	-0.5425	-0.8102	0.8922	0.4052	-0.7745	1.5184	-0.4630	-1.0500	0.9685	-2.0178	0.5254	0.7668	-0.7838	0.5790	-0.6249	0.2321	-0.1132	0.0486	0.4789	-0.2335	0.7482	1.1408	1.5434	1.4893
-0.9716	-1.0237	-0.6226	0.3584	-0.7978	-1.0719	0.6310	-1.2282	-0.7330	-0.6068	-1.4957	-0.6150	0.3666	-0.2454	-1.8634	0.3391	-0.6581	0.4795	-0.9775	2.3122	-1.1326	-0.7187	0.0429	-1.2456	0.2325	-0.5396	0.0903	1.2224	0.8731	0.7966	-0.7240	0.1814	-1.0243	1.3935	-0.6268	-1.6651	-0.6389	-0.7415	-1.9370	-1.3215	-0.2268	-0.8378	0.6665	0.1372	0.6099	0.5739	1.4847	0.8399	0.7878	0.6677
-0.0021	0.0524	0.1961	-0.6959	-0.2018	0.6149	-0.2818	-0.2302	1.3251	0.3858	1.1066	-0.3657	-3.0671	-0.8421	0.9690	-0.6576	-1.7593	0.3580	0.0149	1.0178	-1.3154	-1.7043	-1.5110	0.5929	-1.1390	1.6766	-0.2339	-0.3734	-1.5010	0.6779	-1.0083	0.3758	1.2407	-0.2973	-1.0886	-0.2398	-1.8002	-0.4112	-1.1297	-0.0944	0.5048	0.5995	1.3866	0.5726	-2.1375	-1.6596	0.3851	-0.4179	0.0528	1.5843
-0.5405	0.8099	-1.5677	0.4742	0.7718	-1.0928	1.2790	1.8919	0.4674	-0.3990	-0.8001	1.4033	0.0875	0.2330	-1.1424	-1.6430	0.1538	0.3856	-1.4151	0.4911	-0.5254	1.8732	-0.4516	0.4947	0.0420	1.0501	0.6110	-1.7145	2.6579	0.0819	0.3572	-1.5837	-0.1768	-0.2357	0.8788	0.6423	-1.0604	-0.4811	0.0072	1.3845	0.4122	-0.5072	0.9768	0.1617	0.4279	0.0565	-0.0513	0.5879	0.3396	-0.1219
-0.0109	-1.2775	1.6955	-1.2511	0.6503	0.6566	0.5487	-0.5825	0.2398	-0.0964	-1.3391	0.2723	-0.9204	0.9016	0.8956	-2.1140	2.3487	1.4616	2.2897	0.6870	-0.0612	-1.9842	-0.4777	-1.6466	-1.0073	-2.3554	-0.0748	-1.8234	-0.2234	-0.5422	0.7972	-1.0582	-1.3088	-1.4032	-0.5969	-0.1220	-0.4344	0.4033	-1.8214	-0.9818	-0.3361	-0.9993	0.2954	1.1552	-0.8759	-0.1632	-1.3089	-1.4867	0.1671	2.4713
1.5430	0.2425	-0.3193	0.3029	-0.3751	-0.1058	0.9260	-0.8973	-1.1333	-1.5146	-0.8740	0.3358	-0.8366	0.4485	-0.4774	0.7845	0.4894	2.1780	1.2476	0.2719	-1.5217	-0.1384	1.5808	-1.1688	-0.2802	-0.5522	1.8525	0.5020	-0.4120	0.7697	-0.6604	0.9471	1.6002	0.5746	-1.2638	0.2824	0.0449	0.3661	1.3101	-0.8373	-0.5160	-0.1890	0.4841	-0.0514	-1.4235	1.1289	0.2010	-0.0215	-1.0896	-0.2336
-0.1380	-0.9330	-1.1023	-0.7310	0.5200	-0.6962	-0.3692	0.8530	0.5966	0.5926	-0.1546	0.8082	0.8111	-1.2196	0.0473	0.4569	1.6644	-0.7378	0.6444	2.3803	-0.1477	0.8269	-0.5962	0.6974	0.1875	0.6488	-0.0934	-1.0325	0.5149	0.0184	-0.8815	0.4251	-0.9045	0.8733	-0.5609	0.5547	-0.3923	-0.2646	-0.1033	-1.9465	0.9098	-1.2302	-0.5871	0.0490	0.7383	-0.2765	-0.7367	-0.6455	2.0833	-1.2962
0.7172	1.7107	0.0518	-1.1344	-0.9510	-0.0746	0.6054	0.2755	-0.9242	-0.7310	-2.0893	-1.3005	1.0804	1.0773	1.8057	-0.1772	-0.2238	-1.2902	0.4104	-1.2284	-0.6625	1.4812	0.5562	0.7555	1.3303	0.9392	0.3134	-1.2602	-1.2157	-2.1652	-0.4624	-1.2304	1.3270	0.6444	0.9289	-1.2494	1.0851	0.7000	0.2334	0.4296	1.2162	-0.9803	-0.4594	-0.3682	-0.6381	1.2493	-0.9435	-0.2586	0.7565	0.2419
0.2412	0.6960	-0.9952	2.9875	0.8728	-0.4170	-0.2029	-1.7557	1.4279	0.8656	-0.7039	0.0605	1.2994	0.3914	-3.5246	-0.9298	-1.2575	-1.1179	-0.0833	0.8431	0.5913	-0.3673	-1.2786	0.3260	0.5249	0.3775	1.2275	1.0775	-1.7107	-0.3494	-2.0264	0.3306	-1.2731	-1.4317	0.0071	-0.5674	-1.6078	0.7758	-0.7875	0.0803	-0.6041	-0.3391	-0.3190	-0.3220	-0.5168	0.2643	1.2176	-0.6365	-0.5203	-0.7946
1.6182	-1.4526	-1.5177	-0.3470	-0.5428	-0.7288	-1.0216	1.1774	1.3027	-0.5203	-1.1257	0.1623	1.0405	-0.5918	0.4605	0.4582	1.2624	-1.0789	0.7030	0.0128	-0.4222	-0.4771	-1.0746	1.3702	-1.0140	-0.3921	0.0108	-1.0995	-1.2830	0.8610	-1.6458	2.9342	-0.6059	1.3732	-0.8629	0.9690	-1.4664	0.9468	-1.3107	-0.3255	-1.1881	1.2606	1.2413	-0.2544	0.4148	0.1476	0.5874	1.4902	-1.0727	-0.3313
1.0456	0.2736	0.7883	0.3245	0.3753	-0.3974	1.3531	-0.9123	-2.1545	-0.4139	-0.5078	1.1325	-1.6286	-0.0981	0.0506	1.2974	0.3507	-1.5722	-0.9934	1.4066	-0.5010	0.6018	0.8694	-0.9168	0.3110	0.4496	1.2344	-1.2531	1.2885	-1.6587	0.0414	-0.5301	0.5846	0.5834	-1.3889	-0.1359	-1.4850	-1.5596	0.7783	-0.0251	-0.3255	-0.4529	1.3217	0.3639	1.6185	0.1318	0.2920	-0.0249	0.9583	1.3830
-0.1007	-0.7594	0.5707	1.1167	-0.2605	0.4990	1.1804	-0.2193	-0.4845	-0.4320	0.0162	0.3969	1.3827	-0.4924	-0.6000	0.1238	-0.1238	0.8586	-0.8884	-1.8739	-0.4375	-0.5002	0.3374	-2.0567	-0.5254	-1.4877	0.7808	0.1413	0.7781	-0.7629	-0.0979	-0.0833	0.5324	-1.3540	2.2663	2.0228	0.3901	2.0717	0.5045	-0.3078	0.3618	0.6888	-0.5773	-0.1577	-0.7062	-0.7863	1.1604	-0.6281	-1.2619	0.1803
0.6621	-1.8003	-0.1413	1.1446	-1.2811	-0.1400	-0.2383	-0.7246	-0.0881	-0.2814	-1.7443	0.6376	-0.9255	-1.6316	0.3263	-0.6579	1.0562	-0.2174	1.1562	2.2414	0.1381	-1.8723	1.2825	0.9867	-1.1023	0.7445	-0.4160	1.2319	1.3470	1.2022	-0.2912	-0.2974	0.6964	-0.2225	0.6685	0.2553	2.0110	-1.7936	-0.3846	0.3754	-2.5592	-1.3942	0.0323	-0.8181	0.9934	-0.2262	0.1488	0.3138	1.8324	-0.4138
0.2618	-0.9935	-2.2186	-1.7300	-0.6611	2.2376	0.6356	0.7737	-0.8327	1.4516	0.0040	-0.2763	0.4729	0.0327	-0.4215	0.6426	-0.8220	-0.6139	0.2607	-0.6456	-1.6709	0.2378	-1.3390	1.2617	0.7507	-1.5285	0.6756	-0.0129	0.6429	-0.4255	-2.2411	-0.0125	-0.2236	1.9963	-0.4241	-1.7571	1.4123	0.8510	0.9260	1.7250	0.1812	-1.4812	1.3115	2.2188	-0.5403	0.2134	-0.4020	-1.8708	-0.6810	0.6516
0.3215	0.9163	-0.0046	0.0141	0.9313	-0.0050	1.6297	0.4535	-0.1208	0.8046	-0.3258	0.9084	-0.2736	-1.9989	0.6118	0.2720	-0.0527	0.0664	0.6846	-1.3815	-0.4909	-0.6657	-1.6223	-0.1120	-0.1307	-0.0998	1.9332	-0.2076	-0.4013	-1.2469	0.8922	-1.2308	-0.6776	1.6732	1.4474	1.1162	-1.7419	-0.1541	0.0532	0.5652	0.6048	-2.1409	1.2525	-0.1987	0.7923	-0.5311	-0.9619	-0.0907	0.0818	-1.1881
0.4699	0.0262	1.2180	1.0459	-0.5212	0.6949	-0.1360	0.1118	-1.2502	1.3541	-0.7709	-0.8211	0.3144	-1.1251	-0.5203	-1.1486	-0.8114	0.7186	1.7591	0.6154	0.2931	0.8367	0.7499	0.4757	0.1008	-0.9795	-0.1849	0.2458	2.4097	1.5286	0.5415	0.3748	0.0845	0.0923	0.6131	-0.7287	0.8265	-0.4129	0.7565	0.0535	-1.6416	0.0774	0.9810	-0.4655	1.6581	-0.1627	-0.5919	2.0061	-0.8977	0.4444
0.1260	1.5904	-0.6377	-0.5279	-1.5312	0.3669	1.1232	-0.2559	0.0316	-0.0596	0.6506	1.4090	-1.3166	0.9131	-1.1909	0.7315	-0.6845	0.6404	0.5875	1.4008	0.7446	-0.3276	-0.2251	0.5008	-0.4994	1.0245	0.4162	0.4733	0.3596	-1.5426	0.1007	0.6047	-0.5452	-0.1068	-0.2065	-1.5711	1.4171	0.4631	-0.2469	-0.3422	1.9812	0.2778	-0.2110	-1.9330	-0.2074	0.0451	0.5986	0.8411	0.0415	0.8963
0.4297	-0.3451	1.1441	1.3053	0.4257	-1.0205	1.3722	0.5567	1.0982	1.7475	0.0969	1.8322	0.5374	-1.0052	-0.0206	0.5806	0.6601	0.0786	-0.4864	1.7170	0.5982	0.1749	0.6526	-0.3330	0.0872	-0.5131	-0.4793	2.3259	-0.7571	-0.6655	1.0605	-0.5682	1.8979	-0.1729	0.0910	-0.3647	-0.0922	1.8961	-0.0919	-0.0186	-0.7168	-0.2847	1.8510	1.3899	-1.5860	0.2993	-1.1511	1.6408	-0.3352	-0.9201
-1.4199	0.6065	0.5015	-1.6324	0.1325	1.2506	0.7997	1.8327	-1.4136	-0.1944	-2.4860	-0.1034	0.2311	0.3207	-0.3850	-0.6234	-1.9901	-0.3705	0.2233	1.7442	-0.1962	-1.5365	-3.2699	1.2204	0.2086	-0.2482	0.1386	-1.4666	1.2452	0.4952	0.3517	-0.6185	-2.2323	-0.5767	0.1247	0.7752	0.9473	-0.2406	-0.5788	-1.0573	0.3543	0.6398	-0.5032	0.4602	-0.8253	-1.1539	0.5234	-0.8801	-0.5164	1.3947
1.2572	1.6757	0.2137	0.5735	-0.1881	0.2961	-0.9432	-0.1579	-1.7465	-1.5356	-1.1232	0.8720	-1.0368	2.4159	-1.5368	-0.9351	-0.3095	-1.2484	0.3063	-0.9775	1.0118	-1.0052	-1.2361	-0.6689	1.7292	1.1538	-0.2341	1.0684	-0.3267	-0.5076	-0.8058	-0.9515	-1.0435	-0.4188	-0.1573	0.0503	-0.9243	-0.5842	0.4814	1.1444	-0.1873	0.9871	0.3967	0.0564	0.3752	0.7268	-0.4285	0.5332	0.6654	0.4499
0.4525	0.2072	1.7626	-0.2918	0.6053	0.8400	-1.8823	-1.6905	0.1175	-0.7648	0.6406	1.9509	0.5680	0.1259	1.1791	-1.4218	-0.6437	-0.8731	1.1512	1.1096	0.0703	-0.4493	-0.3721	0.1131	0.0040	0.6395	0.0591	1.4311	0.7760	0.9787	-0.4926	-0.8000	-1.3392	0.0693	0.4739	0.4004	0.9634	0.0893	-1.0929	1.1886	0.8424	-1.4872	0.0371	0.4636	-0.5522	1.6955	-0.9218	-0.6328	-0.0797	0.5103
-0.6344	-0.1697	-0.1000	1.5360	-0.6949	-0.7987	-0.6546	0.6520	-0.4362	0.9695	-0.2579	-0.3889	-0.6215	1.1667	-1.7943	0.4415	-1.1277	-0.2825	-0.3049	-0.0567	-1.6706	-0.1346	-1.6359	-1.4775	-0.9296	-0.2558	1.8000	-0.1935	-1.1704	1.8431	-1.3044	-1.1494	-1.4892	1.1570	0.1593	0.3099	1.2631	-0.7643	0.1456	-2.0683	-0.0982	1.7814	1.5446	-1.6326	-1.2204	-0.1322	-1.2997	1.4382	1.2717	0.3821
-0.4071	-1.2158	-1.7689	-0.3978	1.0807	0.3465	0.1937	-1.1977	1.0679	-0.7086	0.2909	-0.3367	0.3056	-1.1461	0.3619	-0.6617	-0.3631	1.2966	-0.2470	0.6747	-0.3854	1.4602	-1.0982	-1.6045	1.0460	0.2063	-0.9667	0.7776	-0.6940	-0.2320	-1.1144	-0.3566	-0.3530	-0.7050	-0.7205	0.9955	2.2185	2.3265	-0.6339	0.3663	-0.1469	0.0625	-0.9995	-0.1683	0.4738	-0.5890	-1.4427	-0.1233	0.1817	-1.7678
-1.0584	0.6693	2.6750	-0.3835	0.6972	0.3221	0.0035	0.5894	0.9262	0.9868	1.1306	-0.3792	1.6012	0.2272	0.3810	-0.1148	1.3298	0.6340	-1.0974	-0.5324	-0.1586	0.9747	-0.3896	0.7874	-0.1580	-0.9421	-1.3639	0.4941	-0.8903	1.1486	0.8598	1.9170	0.1297	0.9532	0.2601	-0.5250	1.0689	-1.1232	-0.6823	-0.3296	-2.5412	-1.2080	2.0057	-1.5777	-1.1779	0.3678	0.2891	0.2399	0.4431	-0.6204
0.0069	-1.8949	-0.5588	0.1931	-0.2694	0.8304	-1.4620	-1.3552	1.7248	0.1409	-0.2408	-2.4197	0.2531	-0.6263	1.8347	-0.3022	-0.4179	-1.1718	-0.1492	-1.2995	2.1754	-0.0719	1.3449	0.1690	0.2048	0.7148	1.1519	-1.5645	0.1804	-0.9553	0.6960	-1.1226	-0.7708	0.2585	-2.7296	-0.4193	-0.0321	-0.6704	0.1369	1.0212	0.8330	-0.0556	0.3097	-0.5981	0.6464	0.5288	-0.5500	-0.5280	0.7099	1.5816
0.1877	-0.7690	0.0346	0.3903	-0.4164	0.0440	-0.2235	-0.9835	0.3512	-0.2816	1.0549	-0.4501	-0.6420	-0.8103	-2.5075	0.6402	-0.6379	-0.7458	0.6426	0.4704	-2.0435	-0.1710	-0.4843	-1.7201	-0.5681	0.6877	-0.6859	0.4559	-0.3711	-0.1653	0.5316	-2.1403	-0.3180	1.9676	0.8458	0.8995	1.1764	-0.2485	-1.8414	-0.2849	1.2345	-0.1625	-0.2307	0.0773	-0.4075	1.0262	-0.6301	-0.0857	0.2463	-0.6114
-1.9893	1.7471	-1.4350	0.4217	-1.2434	0.1366	2.2037	-2.6034	-0.2524	-0.2367	0.5856	0.4554	1.2589	-1.3760	-0.5194	-2.2274	-2.1399	-0.2395	-1.1199	0.1224	0.9340	-0.6580	0.4806	-1.2728	-0.0364	-1.7171	-0.0822	0.2222	2.3606	0.8252	-0.6326	-0.7785	0.3302	-0.5491	-2.4073	-1.0181	-0.0522	-2.2172	-0.6348	0.2783	-0.8041	-0.2678	1.2323	-2.3853	-0.1422	0.6496	0.1187	-0.1937	0.3355	0.0694
-1.1692	0.5767	0.0632	1.3059	-1.3952	1.4841	-0.6002	0.9174	-1.0444	-1.5527	-0.0501	-2.5332	-0.2418	0.5481	-0.7213	-0.6823	-0.4255	1.4529	-0.2784	-0.5412	-0.9449	-1.7088	-0.3836	-0.6946	-0.6721	1.1362	-1.4497	0.2279	-0.3931	2.2210	-1.6289	-0.7852	0.6870	0.9119	2.2200	0.4018	1.4478	0.5340	1.7106	0.4138	-1.1439	0.5474	0.9803	0.4434	-0.9604	-1.0430	-0.6884	-0.6010	0.0583	-0.7250
-0.4923	0.7349	0.2478	-0.5772	0.4348	-0.7596	0.3514	0.7706	-1.2171	-0.4313	-1.5221	0.7562	1.0228	-0.8044	-1.3066	-1.3503	0.4671	1.1151	-1.6902	0.4015	-1.5172	0.6711	0.6254	-0.0491	0.9251	0.0917	-1.0203	0.4165	0.2575	-0.5950	1.2662	-0.8458	0.7295	-0.4206	1.3864	-0.8277	-0.7530	-0.2250	-1.2492	1.3691	0.6357	-0.9939	0.6443	-0.3822	-1.5107	1.5513	2.1208	0.4639	1.1842	0.0330
1.0419	-0.1072	-1.0965	-1.1603	0.0127	-1.1382	-0.1994	0.3683	-0.1612	-1.9119	-0.1634	-1.6087	1.1408	-1.2174	-0.3499	-1.3120	-1.8635	-0.3248	-0.5450	0.6237	-1.0232	0.0922	0.8245	0.1947	-0.9893	0.2092	1.0420	1.3003	0.5004	-0.4516	0.6839	-0.8800	0.1517	0.3055	-1.6966	-0.0980	-1.1111	-0.6878	-0.5717	0.3312	1.4717	-0.9236	0.9252	0.5294	-0.0780	-0.1603	0.7446	0.3482	0.3119	-0.5067
-2.4285	0.4254	-0.4191	0.1029	-1.7212	-0.2360	0.2244	1.0390	0.8278	0.8204	-0.3650	-1.9938	0.8403	-0.4500	0.5690	-0.3078	-0.8591	-1.8119	-0.6046	0.4354	2.0004	-1.5010	-0.9127	-0.1466	-0.7015	-0.7443	-0.9914	-0.0678	-0.4433	0.7295	1.9565	1.2366	0.9265	-0.7157	-1.4118	-0.3413	-0.1945	0.2885	1.4311	1.4895	0.6932	-0.5925	-1.6618	0.7891	1.1701	1.4172	0.6993	-0.5875	0.6398	-2.0000
-0.2371	1.4830	-0.4199	-1.1005	1.3455	-1.0484	-1.2058	1.3145	-1.7079	0.1343	1.1554	-0.7289	0.2775	-0.5414	-0.7323	2.6750	0.4177	0.4313	-0.4692	-1.0653	1.0058	0.5124	1.8315	1.4841	-0.4409	1.0075	-0.8375	1.4661	-0.8120	0.5516	-0.5911	-1.3915	-0.1266	-0.2886	-0.4353	0.2730	-0.8929	0.2729	-1.2932	1.0430	0.0804	-0.0653	0.2097	0.3026	0.4272	-0.3063	0.2541	-1.1448	-0.2150	0.2595
-1.2685	-1.5646	0.4782	-1.0422	1.7384	-0.3077	-0.7920	-0.1837	-0.3042	-0.2095	-0.3608	0.1299	0.4360	0.5078	0.2276	0.7414	-0.5610	-1.5165	1.0390	0.4207	-1.1911	0.4064	0.1899	1.8691	0.5783	-0.4639	-0.6443	-0.2870	-0.6263	0.4634	-1.4424	-0.0514	-0.2490	1.4999	-1.5609	-0.5605	1.2647	0.4973	0.4537	0.0256	-0.2599	-1.3908	1.0198	-0.3743	-0.8401	0.1535	2.2146	1.4089	-0.0804	-0.3932
0.6157	0.2428	0.5045	0.7828	-0.0635	2.0870	2.1347	1.0776	0.1359	-0.4541	0.2431	-0.8857	-0.4558	-1.0991	0.3278	2.7846	2.5301	0.3270	1.1219	-1.3634	-2.2329	-0.0411	-0.1969	0.4075	1.0645	1.3942	0.9299	-0.6756	-0.8759	0.8013	-1.2988	1.0791	-0.0902	0.3423	0.2220	0.2515	-0.1537	-0.3574	-0.1486	0.5913	1.4346	-0.8672	0.0952	-0.8589	1.7189	0.3433	1.4153	0.6298	0.4447	0.5424
-0.1998	-0.4684	-1.9587	1.3348	-0.4024	-0.8389	0.2995	-1.2509	1.1789	-0.4522	-0.4364	0.8125	-0.6430	0.6524	1.0013	1.5050	0.9471	-0.3240	1.4515	0.6072	0.9556	-1.9010	0.4719	1.3866	-0.0021	-0.9955	0.3407	-1.0626	-0.1132	0.2249	-0.2350	-2.5373	-0.6872	0.1302	-2.3955	0.5828	-0.9494	0.8118	1.0677	-0.5230	-1.0132	0.5603	-1.5859	-0.4422	0.4731	1.8650	0.1360	-0.2285	-0.6965	-0.2879
-0.3477	1.1550	-0.4892	1.6194	0.6689	0.6249	0.3834	-0.2485	-0.9449	0.8741	-0.1421	0.5476	0.3870	0.0210	-1.9538	0.6985	-0.1905	-0.4312	0.7911	0.0662	0.1997	-1.8297	0.8766	0.4211	1.5037	0.8095	1.9578	-0.3601	0.7475	1.0288	1.1067	-0.7626	-1.6357	-3.7597	-0.9443	0.0470	0.2463	0.8990	-0.1799	-0.1751	-0.0898	0.1573	-1.5183	0.7688	1.3144	-0.0543	1.2413	-0.0013	-0.3350	-0.4278
-1.3702	0.0169	-1.0218	0.7021	0.4304	-0.3571	0.1828	0.3653	0.0931	0.4132	-1.1751	0.6020	0.4202	-0.3689	-0.2257	-0.6273	1.2834	1.6387	-0.1299	-0.6564	-2.2724	-0.8680	-1.2119	0.3910	-0.3331	-0.7012	1.2142	-0.7672	1.3287	-0.8096	0.0993	-0.6715	-1.0368	0.9715	0.0694	0.9548	0.8792	0.7239	-1.4396	-0.4919	-0.1525	-0.3031	-0.6267	-0.4286	0.2669	0.7686	-0.7157	-0.1678	1.4121	-1.0519
1.6666	-0.6947	0.2207	0.0668	-0.5259	-0.3000	0.9629	0.5426	-1.0841	-0.1154	0.1232	1.2207	-1.6787	0.2048	-0.5176	-1.3516	-2.3493	1.8571	-3.0107	-0.4668	-0.5244	-0.7627	0.1178	-1.4310	-0.2321	-0.1918	0.8322	1.1762	1.4143	0.3667	-0.2482	0.3054	0.6179	-1.2972	2.3324	-1.0775	-0.0584	-0.5149	0.1425	0.4220	0.3724	0.8712	1.5298	-0.8307	-0.8362	-0.9998	-0.6178	-0.1755	-1.0751	-0.3891
0.6821	-0.1359	1.5610	-0.5177	0.8181	1.7478	-0.7175	-0.8646	-1.0300	0.7874	0.8170	1.0009	-0.6116	-0.1457	1.6033	-0.7787	-1.1304	1.2847	-0.5553	-1.3443	-0.8057	-0.7889	-0.4811	0.8515	0.2275	-0.0714	-0.3118	-0.9695	-1.2996	0.1426	-0.4810	-0.5386	-0.2604	0.3038	1.8497	-0.2323	-1.6560	-0.0984	-0.5657	0.5541	-0.9063	0.1621	-0.4832	0.1765	0.5374	-1.5955	0.4563	0.8792	0.5004	-0.9912
-0.8955	1.1120	0.7254	0.0500	-0.1653	-1.1754	-0.0619	1.0117	0.0388	0.0948	1.5123	-0.9025	-0.7113	-0.4539	-0.0243	-1.8458	-0.4363	-1.0380	1.4676	-0.9701	0.8565	0.5588	0.2352	0.5100	1.3847	2.0276	0.4500	0.0909	0.3254	-0.9080	-0.4092	0.5421	0.2155	-0.1152	0.5874	-2.0017	-0.7436	1.2849	0.1905	1.3914	0.2805	-0.6366	0.0001	-0.4652	0.1866	-1.0773	-0.5258	1.2504	0.5103	-1.5840
-0.5915	0.3684	-0.7263	0.3809	0.0294	-0.3001	1.5691	-1.1042	1.2321	-0.4774	-2.3099	2.3080	-0.4941	-0.0199	-0.0159	-1.6716	0.3666	-2.4051	0.4332	0.3121	-0.5479	0.6230	0.7757	2.2110	1.1909	-0.0683	0.7518	1.0780	-0.5374	-2.5207	0.6071	-0.1549	0.5621	-0.9779	1.1368	2.0537	0.9465	1.0652	-0.0548	-1.2443	0.1193	0.5072	0.3717	-0.2749	-0.8196	-2.4125	0.3693	0.4948	0.7745	0.5528
0.5833	-0.7029	-0.4550	1.2318	2.0496	0.1301	-2.0547	-0.1565	-1.5435	0.1059	-0.4143	1.1297	-0.8498	-1.3346	-0.0706	3.9700	-2.2102	-0.9238	0.1736	-1.2232	-0.2957	-1.2588	0.6333	1.8671	0.3523	-0.7545	-0.1246	-0.1725	0.8099	-0.2567	1.6176	-0.8717	-1.5567	-0.6306	0.3253	0.6387	-0.0927	-0.9194	-0.0584	0.5098	0.7162	-1.4579	0.2487	1.1380	0.4918	0.6216	-0.9229	-0.7384	2.2591	0.4927
-0.0856	-0.6592	-0.7240	1.4501	0.3534	1.0521	0.5071	0.4194	0.2653	1.7016	-0.6069	0.4060	-0.1709	-1.4539	0.0150	0.8684	0.1968	0.9481	-0.4664	0.8946	-1.2468	1.1324	0.0718	-0.0590	-1.6254	-1.2265	-1.8855	0.1494	1.2790	1.0576	-0.1225	0.8471	-0.3321	0.3089	1.1127	0.1991	-0.3527	-0.0303	-0.3438	-0.2967	1.3590	0.2316	-0.2675	-1.3425	0.7952	2.5809	-2.2154	-0.3761	0.3181	0.7700
0.3802	-0.1194	-0.1222	-0.1713	0.4647	-1.5075	0.0584	-0.6015	-0.7081	1.2717	-1.6878	-0.0208	-0.0655	1.2054	-1.1713	0.1013	0.5628	0.0566	1.3651	-1.8311	0.1610	0.7419	-2.7476	-0.6364	0.2493	0.0064	1.1092	-0.4493	0.1396	-1.3762	0.3428	-0.2814	-0.2746	-0.7929	-0.4910	-2.1334	-0.2441	-0.5300	0.3371	-0.9649	1.3189	-1.2160	-0.6039	0.5208	-0.3952	-0.6296	-0.9409	-0.0890	0.7109	-0.8539
-0.6056	-0.2771	0.1115	-0.6148	-0.6834	1.5042	-0.4314	-0.5227	-0.3435	0.2669	-1.8676	-1.2111	-1.2150	-0.0066	-0.9273	-0.9632	1.2109	-0.9583	0.4255	1.4755	-0.3216	0.3861	-0.7647	1.4313	-3.0379	0.1816	0.9670	0.0434	-1.0962	-0.2429	-0.4461	-0.1766	1.5515	-1.3495	0.4366	0.3060	1.1386	-0.9663	1.2021	-0.0294	1.3109	-0.0899	-0.6968	0.7900	0.8200	2.4112	1.9588	0.0693	-0.0676	2.2842
-2.6060	-0.0500	0.3234	1.0142	-0.9583	0.6032	0.0245	0.5820	0.1408	-1.9284	0.9733	-0.2724	0.7200	-0.4211	0.4922	-1.1589	0.8396	0.4566	-0.8130	1.8442	0.3563	-0.6990	0.9615	-1.0293	-0.3861	-0.1514	-1.0611	0.1306	-0.3353	-0.7840	-0.3015	0.4897	1.4584	1.0661	-0.6070	-0.4505	-0.4743	-1.3402	1.0987	0.0301	-1.0668	-1.2201	0.9472	-1.0327	0.7149	0.6034	1.0137	-2.4933	-0.0248	1.0646
1.4640	2.5363	-1.3440	0.0648	1.0918	-0.9985	0.4696	1.1741	-0.1335	0.3402	-0.5296	-0.3728	0.0198	1.3813	1.4207	0.0253	-0.7229	-0.0044	-0.7935	-1.2014	-1.9306	0.2865	1.0282	1.0321	-0.3101	-0.1371	1.9142	-0.3046	-0.0234	1.1081	0.2861	-1.0410	0.1121	-0.3016	-0.7272	-2.2621	1.0526	-0.5862	-0.0192	0.1875	-0.1675	-1.1063	-0.4624	0.1186	-0.8961	0.4018	0.3014	0.6161	-0.8928	0.7072
-0.9490	-1.2084	0.3485	1.3691	0.0529	1.7302	0.5554	-2.0467	-1.1098	-0.2840	-0.2314	-1.8656	-0.9175	0.2846	1.0008	0.3963	0.0648	0.4728	0.9700	-0.7168	-1.6343	1.7619	1.7097	1.6603	0.7472	-0.2614	-1.3233	2.0378	0.2799	-0.1943	0.5705	-0.3732	1.0001	-1.9773	-1.2116	0.4849	-0.4626	-0.2611	0.3066	0.1317	-0.1761	1.6114	0.8550	-1.2191	1.2266	-1.3011	-1.9707	1.5982	-0.8802	-1.7064
-0.3964	-0.1315	1.4114	-0.2554	-1.6492	2.2628	0.6965	0.5189	-1.1867	0.0383	-0.6662	0.5731	-0.1264	-0.0271	0.2352	1.2876	0.1955	1.1746	-1.7124	1.8711	-1.6605	-0.0477	1.1732	1.2410	-0.8743	-1.0079	-0.6834	-0.4556	0.3246	0.0381	1.0387	0.1306	-1.2602	0.4530	0.9775	-0.5103	1.8537	-0.5208	-0.7351	0.3089	1.6805	1.6764	-0.4593	-1.9529	0.5643	-0.6632	1.5570	0.4753	-1.2125	0.7128
-0.4827	1.7215	-0.5096	-0.9862	-0.5980	1.0217	0.1647	0.0417	-1.4477	-1.2924	0.2990	0.5017	0.4304	0.5194	3.9007	-0.9697	0.4928	-1.1474	-0.7450	-0.8545	2.0188	0.7159	0.3284	2.0583	1.7199	-1.5965	-0.5480	-2.2753	-0.3516	-0.6038	1.6645	0.1017	-1.9161	0.4484	-0.7986	2.6911	0.6444	-0.8254	-0.2533	0.4619	0.6954	0.2588	0.8455	0.1355	-0.9132	-1.2184	0.6196	-0.0964	0.6031	-0.5354
0.5249	-0.2168	-0.1622	-0.0121	-0.8237	-1.3493	-1.7569	0.5317	1.0460	1.3846	1.8422	0.3935	-0.5425	-1.5705	-0.0449	0.4495	1.4799	0.0131	-1.3954	2.4762	0.6965	-0.0289	-1.3855	-0.2164	0.4892	0.9945	-0.9012	-0.3399	-0.4351	0.7967	-0.1456	-1.0240	0.1303	0.2405	1.0432	1.2264	-2.2435	1.6180	0.6527	-2.3373	-1.5944	-0.4875	-0.3312	-0.7608	0.0731	0.5060	0.1482	0.3583	-1.9453	-0.4951
0.7726	0.5825	0.4406	-0.2916	-1.3772	-1.0711	-1.1006	-1.0887	0.7808	0.8263	-0.9915	-1.1989	1.5812	2.2037	-1.1260	-0.4309	0.3807	-1.5871	-0.1301	-2.3585	0.7946	0.0971	-0.8378	-1.1289	-0.8642	-0.8408	-0.9733	0.0646	1.0610	-0.3583	0.8238	0.6549	0.0596	0.0911	-0.2931	0.1476	-1.4229	1.2821	0.9939	1.1439	-0.9702	0.2625	0.2848	-0.0386	-0.1581	-0.7814	-1.4893	-0.5054	-0.9644	-3.5660
-0.3302	-0.3154	0.4431	-0.0360	-1.2335	-1.6460	0.8990	-0.3369	1.5902	0.1532	0.0062	-0.5248	0.8906	0.9608	2.2808	-1.0366	-1.4962	-1.5012	0.1937	-1.3355	-1.0084	1.4160	0.6182	-0.6551	-1.6758	0.1560	1.0573	0.1217	-0.5048	0.2540	0.0504	1.0898	-2.0197	1.9770	-0.0276	-1.3809	0.3088	-0.7697	0.2362	1.5998	-1.8935	-0.1164	-0.1813	-0.3521	1.3618	1.3916	0.2127	-1.2358	1.5725	-0.6298
-0.8154	0.9815	-0.9003	-1.5740	-1.2987	-0.3215	-1.2104	-1.5867	-1.4013	-0.9871	-0.2112	0.2967	0.8085	-1.2507	0.6368	-0.3376	-1.5334	0.1522	-1.1502	-1.4524	-0.6294	1.8546	1.1937	0.9419	1.5957	-1.5910	0.7404	1.2282	1.1310	-2.1108	1.0921	-0.4607	-1.1648	-0.1492	0.1846	1.2813	0.1143	-0.2892	-3.0977	-1.1476	-0.0003	0.5250	0.2983	-1.0442	-0.3547	-0.6994	-0.3022	-1.0962	1.5981	-1.3967
-0.7470	1.6337	1.7705	-2.2411	-0.9871	1.2616	-0.6838	-1.0832	1.7296	-0.6082	-1.2601	0.4515	-0.9570	0.7613	0.2242	-1.6134	-0.1194	0.1626	-0.4574	0.9246	0.2520	1.7553	1.3147	0.5476	1.6549	-0.0659	-0.5527	-2.3606	-1.4872	0.1572	0.3229	0.5696	0.2650	0.3310	-2.0785	1.8385	0.4319	-0.0397	0.1422	0.1865	1.9456	-1.1773	-0.9174	-1.0297	-0.0150	0.2763	0.8083	-0.9930	-1.1285	0.8526
-0.1855	1.7818	2.2460	0.9819	1.0325	1.5521	1.3911	0.1854	-0.3400	1.1560	-0.2135	-0.0713	0.1748	0.0438	1.7272	1.4197	0.7074	0.0512	-0.9957	-1.6110	0.3854	-0.2592	2.7032	-0.4787	0.8235	-1.3484	-1.2448	1.1829	0.2077	-0.4307	2.7038	0.8305	0.0257	-0.0884	0.5714	-0.1586	0.7788	0.4526	-1.2933	-0.7086	-2.4049	0.7264	-0.8301	0.4429	-0.5676	-0.6778	0.0818	-0.7318	-0.6936	-0.2191
-0.8051	2.2075	0.0423	-2.2732	-0.7216	1.2213	0.4195	1.5053	-0.9540	0.7669	-0.6390	-0.1339	-1.2153	-0.1706	-0.4760	-0.2291	-1.0060	-0.3219	0.3186	-1.4324	0.5098	2.0778	0.5383	0.7377	-1.6920	0.2869	-1.1746	-0.0410	-1.8569	0.3753	-0.6130	-0.1826	-0.4813	-0.5941	-0.9226	-0.2774	0.9955	0.1197	0.8066	1.7483	-0.5691	-0.1209	-1.1113	0.6723	0.4796	1.0583	-0.3770	1.9638	1.2813	-0.3510
0.5519	1.0349	-0.3500	-0.9188	1.5623	1.2915	-0.9097	-1.6344	-0.1762	-1.1598	-0.2344	-0.6641	-1.0427	-0.2845	-0.9003	-0.5345	-0.8431	0.5382	-1.2194	1.4497	-0.1528	-0.0707	0.2965	1.8551	-0.7690	-1.2548	-0.8910	-1.7326	-0.1670	-0.3523	1.5383	1.1433	0.1472	0.2842	-0.5457	0.1465	-1.5017	-0.0852	-0.2776	-1.0887	0.3147	-1.6185	1.3434	-0.4577	-0.4508	1.1763	1.6993	1.9493	1.7193	0.1865
-0.7577	-0.4454	0.5559	-0.6119	2.2939	2.1043	1.6007	0.1852	-0.8599	0.0530	0.0215	-1.4239	0.9740	1.1071	1.3200	-0.3568	-0.3237	1.1487	0.5257	1.1619	-0.7898	0.8454	-0.6563	1.3849	-1.4623	0.5672	0.6473	-0.0115	1.2776	1.7698	0.7690	0.0365	0.8382	2.5022	0.6433	-1.2508	-0.3989	-0.5904	-1.5815	1.8673	2.0670	-0.4083	-1.1692	-0.4778	-0.1073	-0.2644	1.0573	0.3209	-0.3756	-0.4822
-1.6891	0.1877	-0.7131	-1.0592	-0.5844	-1.6351	1.1375	0.1717	-0.9006	-1.8372	1.3227	-0.6799	-0.7330	0.0121	-0.3129	0.9170	0.4210	0.0524	0.9582	-0.0940	1.5701	0.6065	1.9770	-0.0332	1.5668	1.0136	0.0550	-0.8557	1.5964	0.8800	0.5040	-0.3315	-0.5393	0.7284	1.1539	0.5511	1.3456	-0.2545	0.5980	0.1089	-0.3185	0.7092	0.7126	2.3091	-1.0346	-0.4562	1.6108	-1.3678	-1.4360	0.6593
0.2636	1.1220	-0.7088	0.8901	0.9451	-1.6746	0.9179	0.0487	-1.5981	-0.9825	0.2203	1.0032	-0.4352	0.5027	0.2068	-1.7598	1.1383	1.2109	0.6688	1.2560	-2.0222	-0.9755	0.2656	-1.4192	-0.3262	-0.0077	-0.8532	0.2616	-0.2705	-1.4362	-0.9569	-0.3821	0.2357	-0.6024	0.2855	-0.9121	-0.1590	1.6019	-0.4670	-0.0828	0.3962	-0.0295	0.4448	0.9743	-0.6463	0.1218	-0.5796	-0.4529	-1.0409	0.0913
1.5232	-0.9165	-1.3307	1.5013	-0.7805	0.0067	1.8907	-1.1723	-1.5265	-0.3647	-0.1380	-0.8633	0.5365	-0.7725	-0.1985	-0.6394	-1.0460	-1.0815	1.4573	-0.3671	-1.5330	-1.3369	-0.4577	0.5060	-0.6934	0.2176	-0.9634	1.0396	-0.1980	1.9577	-1.4863	0.3280	0.2865	1.1504	-0.8264	0.6549	0.5702	-1.1369	-0.4111	-0.2548	0.7482	1.7911	-0.0294	-1.8252	0.9302	0.1522	1.2164	-0.9762	-0.4009	1.3445
-1.7812	0.6312	-1.9976	0.7769	-0.9802	-1.0864	-0.3100	-0.2563	-1.0423	-0.1549	-1.5973	1.7312	-0.0757	0.5303	1.2620	-0.7503	0.3971	0.6220	0.5666	-0.4349	0.7736	-0.0473	1.1756	-0.6997	-1.2974	-0.7697	-1.3295	0.7018	-1.5322	-1.7974	0.8095	-1.0571	-0.4705	1.2618	0.0557	1.2220	0.3964	-0.5899	1.1700	0.0498	1.0918	0.4908	-0.0768	-0.3858	-0.2205	-1.6710	-0.6105	1.0445	1.5259	0.9446
0.5960	-1.0746	0.9711	0.5639	-1.0176	0.0101	0.8355	0.4833	-0.5288	0.3064	0.8657	0.5648	-0.7317	1.3303	0.8354	1.6023	-1.1029	-0.7456	1.6194	-0.5452	-0.9082	-2.1631	0.1737	-1.2825	0.0847	0.0106	-0.3007	-0.6797	0.5682	-1.2101	0.1379	-1.7810	1.0006	-0.4623	0.3095	1.6537	0.3847	-0.0682	-0.5154	-0.0043	0.3973	0.8080	-1.6159	-1.9124	-1.6641	0.3019	0.2522	-0.8438	-0.7860	1.3646
0.0107	2.3480	0.0075	-0.7502	0.0463	-0.2487	-0.3028	-0.8142	-0.0378	-0.0839	0.7084	0.2282	0.5725	2.0611	-0.3184	0.1012	-0.4721	0.4595	-1.8061	-0.8172	-1.2393	-0.1170	-0.3865	0.3476	0.9688	-0.3433	-1.1994	-0.5051	1.7316	-2.7943	-0.0422	0.0843	2.3091	-0.9802	-1.5404	-0.3454	-1.0598	-0.6168	-2.2359	1.7730	0.2749	3.0490	-0.1006	0.1516	0.4544	1.8731	1.6489	-1.5853	0.3075	0.2444
-0.9426	-0.6727	-0.2231	-0.0386	0.0365	2.2225	-1.0835	0.5320	0.1851	-0.2635	1.3222	0.9314	-1.2463	0.3463	-0.2952	0.1087	-0.5322	-0.8152	-0.9154	-0.9312	0.2340	-0.6125	-0.4323	0.4279	0.3620	-0.5558	-0.3328	0.5484	-1.0653	0.3424	1.1693	-0.5233	-0.2512	-0.2224	0.1168	-0.2423	-0.7574	0.3108	2.1910	1.1327	-0.3576	-1.3101	0.0721	0.1292	-0.2493	0.7653	1.6450	-1.3344	-1.3439	1.1268
-0.2558	-0.0734	-0.2068	0.7829	-0.9685	1.1107	0.3564	-0.3597	0.3735	-1.5349	0.2757	0.4440	1.0723	-0.9515	-1.4959	-0.0457	0.1177	-0.2644	0.6483	1.2917	-2.1176	1.6587	-1.2011	-0.1431	-0.5618	0.2830	-0.1778	-0.0175	1.5231	-1.6396	-2.5150	-1.4692	1.5754	0.1099	-1.5527	-1.6127	-0.8841	2.1778	1.0116	-0.1931	-2.2950	0.2548	-1.3778	0.7131	0.7584	-0.8277	-0.8135	1.3164	2.0108	-1.0133
1.1038	0.4390	-1.3329	-1.3553	0.1699	-0.3418	-0.9785	-1.0680	-1.4604	0.7123	1.2644	-0.2645	-0.5781	-0.0987	3.0261	-0.3798	1.1229	-1.0493	-1.1259	0.6678	2.0430	3.3755	-0.5697	-0.2585	-0.8453	0.4567	1.0061	0.3220	0.4412	0.5018	-0.1337	0.4940	0.5476	-0.9934	0.8590	-0.8480	-0.6233	-0.2107	1.3149	-0.0862	-0.7369	-0.4988	-0.3920	0.7137	-0.2495	0.7448	-0.6709	0.8944	-1.8316	0.9830
-1.1656	-0.3569	0.2519	0.2560	-0.1520	0.1286	1.5843	-1.9810	0.3957	0.0613	0.8692	-1.8418	-0.1013	-1.3646	-1.7784	-0.1357	0.6364	-1.4344	1.1943	0.0949	1.3671	0.1501	-1.5390	1.1853	-0.0770	-1.3082	-0.1707	0.5978	1.6786	-0.5727	0.4282	-0.3142	0.9672	-0.9461	-0.2493	-0.3664	-0.2585	-1.1189	-0.5987	0.1554	-0.6935	0.0992	-1.3955	-0.3459	1.8812	-1.1393	0.6322	-1.3639	-0.0861	-0.8075
-0.6801	-2.1871	-0.5402	-0.9706	1.6314	-0.4385	-0.8810	0.2052	0.1428	-0.7921	-0.5962	0.2536	-0.6175	0.9872	-0.2650	1.2002	1.0046	-0.3287	-1.2551	0.0650	-0.4301	0.8497	0.3377	1.6698	-0.5264	0.2373	1.9743	-0.0043	1.2400	-0.4148	0.0536	-0.8906	-0.9660	-0.6500	-0.4200	-0.2037	0.1205	-1.8151	0.1350	-1.7839	0.7953	-0.0339	0.4807	-0.2448	-0.1370	-0.4236	-0.3019	-0.9727	-0.8278	-0.7198
-0.0261	1.6346	-0.0685	-0.5294	-0.0250	-0.0464	0.3551	1.5456	1.3700	0.3398	-1.9581	-0.0914	-0.1121	0.8392	-0.0426	0.1853	1.0561	-1.0777	-0.5446	-0.3820	-0.5635	-1.0900	1.1817	0.1933	1.2702	-1.8054	0.7333	0.0138	0.1959	-0.5488	0.3441	1.5032	2.3621	0.9605	0.3612	-0.1222	0.4717	1.6337	0.0925	-0.0234	-2.3092	-1.0807	0.2493	-0.6150	0.6644	0.5834	-1.3627	-0.4998	-1.3710	-1.6660
-1.5528	0.6634	-1.3974	0.7953	0.8443	-0.0731	-1.2864	-0.7069	-1.1628	-0.6203	-0.5504	1.3492	-0.1535	-0.4638	0.6308	0.1354	-0.6375	1.1018	-2.0252	-1.0992	-0.4402	1.5441	-0.1887	-0.2624	-0.5689	1.2054	-1.6080	0.8913	-1.2499	-0.3101	-1.9138	1.1152	-0.8455	-0.1856	-0.0117	-0.8186	0.0359	1.1044	-1.5311	0.0157	0.8524	0.5207	2.0261	0.8665	1.8039	-1.5665	1.1299	-1.4720	0.5142	-0.4919
1.2690	-0.2526	-0.2942	1.9653	-0.1035	-0.0118	0.4570	0.6535	1.2624	-0.5154	-0.4236	1.2990	1.2367	0.9930	-0.5746	1.3341	0.7273	-0.9348	1.3485	-0.1140	0.6433	-0.5556	-0.4063	-0.1061	-0.2211	0.1022	0.5909	-0.5310	0.6423	-0.3795	0.5518	0.6042	-1.1503	-1.1925	-0.4542	-0.3483	-0.8058	0.6134	0.1638	-2.1164	-1.0417	-1.0742	0.1441	1.0635	-0.9382	-1.6869	0.1468	-1.0001	1.2457	-0.1704
-0.0362	0.6707	0.3684	-1.1349	-0.8089	0.2213	0.5295	-0.3450	0.4862	-0.0077	1.0725	-0.1275	-1.0891	0.8933	-0.6865	1.0433	-0.3345	-0.5226	-0.5071	0.8276	-0.6405	0.2104	-1.3605	-0.9603	0.9406	0.2048	-0.2734	-0.0196	0.8152	-0.2434	0.8808	0.3728	-1.3059	1.0714	-0.6863	-2.0454	0.5684	1.1196	1.1804	-1.4472	-0.1968	0.1620	-0.9128	1.0578	-0.1061	-0.0435	-0.6669	0.1096	-0.3303	0.7611
-1.9127	0.9406	-0.4221	1.0861	-0.3513	-0.6340	1.3331	-0.6868	-0.2316	0.0328	0.2347	-1.0116	-0.0162	0.2448	0.5110	-1.0753	0.9995	1.4322	0.1973	-0.3077	-0.4459	0.0202	-1.3836	-1.4773	0.8922	0.9510	-0.2049	-2.4489	0.5670	0.3269	-0.8299	-0.3504	-0.5396	-0.8785	0.5040	0.8058	1.6793	-1.8571	1.4264	0.3574	0.7327	0.0912	0.4720	-1.3190	-0.2755	-0.6187	1.1195	0.7522	-1.1720	-0.7155
0.5096	-0.4835	0.6388	0.2254	-2.1862	0.3242	0.4546	1.4821	-0.3298	0.1712	1.0516	0.6010	-0.3126	-0.6551	0.3268	-0.9937	0.2888	0.6382	-1.1568	0.2567	0.4979	0.4471	0.6857	0.3323	0.6809	0.1346	0.0183	0.3180	-0.1145	-0.1317	-0.3335	-0.7524	-1.1315	-2.4892	-1.1888	1.2530	0.2119	2.0936	-0.2878	-0.2856	-0.8356	0.9026	-0.1346	0.1213	0.7099	0.9737	0.1962	-0.4678	-0.8534	-0.6816
0.8366	0.6233	2.2889	0.0495	1.3586	0.7672	1.8826	-0.6944	1.1850	-0.0900	-0.8385	1.3030	0.5502	-0.2853	2.5435	1.8559	1.2525	-0.4047	0.1526	-0.4989	0.5840	-1.1607	1.2890	0.1961	0.1580	1.3836	-0.8470	-1.0603	-0.1422	-0.3177	0.2502	1.3699	-0.9403	1.9603	-1.2508	0.3627	0.0060	0.3338	0.3076	1.5877	0.6603	-0.4214	1.0856	0.2519	0.8559	-0.9676	-0.5843	1.5874	-2.1071	-1.0834
1.6707	-0.7745	1.0536	-0.0010	0.3268	0.9400	0.1614	0.5099	0.3265	0.2034	0.8147	2.6636	-0.6971	0.1502	-1.0115	-0.5370	-1.3114	-1.5587	0.6907	0.5035	-0.0499	-0.4029	-1.2756	-0.4343	0.7366	-0.1384	1.4060	0.3784	-0.1374	-0.0060	-0.4472	0.7355	-0.8047	0.5897	0.0843	1.1020	0.0703	-0.2230	0.7744	0.1476	0.7029	-1.0910	-0.7140	-0.3912	-0.1730	-0.4146	1.5579	-0.6736	1.2411	-0.2209
-1.4614	0.7033	-1.1201	0.2353	1.1612	-0.7668	1.2809	-0.6663	0.5540	-0.6572	0.7334	-0.0766	0.0775	1.1809	0.5563	-0.4159	-0.0221	-0.1052	-0.0630	-0.1685	-0.0117	0.9962	0.6145	0.3714	0.2946	-0.5902	0.4886	1.5316	-0.0757	-0.2950	-1.3858	-0.0097	-0.1500	-1.2245	0.0518	-0.8154	-1.3619	-2.8961	0.0684	0.4457	0.3417	0.0815	-0.6817	0.0206	0.0712	-0.2220	-1.2114	-0.5377	0.9189	0.9561
0.9124	-0.1753	-0.9127	-0.6685	-0.1224	-1.2487	-0.2061	0.0973	-1.1454	0.8320	0.0400	-0.1784	-0.4146	-0.7986	0.4604	1.2053	-1.1303	0.9457	0.2923	0.1387	-0.5800	-0.1538	0.9689	-1.3918	0.8449	0.5531	-0.2089	-0.3119	-0.5073	-0.6198	-1.1420	0.6808	-1.0392	0.0983	1.4351	-0.6895	1.5264	0.2056	-0.0387	-1.0614	-0.2471	0.0309	-0.8773	-0.6190	-1.4104	-1.0537	0.1281	-0.2449	-0.7180	0.3711
-1.8683	0.3088	0.4825	0.2246	-0.1778	-0.9131	1.3458	-1.0312	0.5770	0.5968	-0.3528	0.3031	0.9333	-0.2188	-0.1274	-0.9914	-0.1086	0.0408	-0.6050	0.0148	0.4936	-0.7528	0.5144	0.1501	0.6453	0.2277	0.0289	-0.8521	-1.5209	-0.8973	0.6981	0.4513	-0.5825	-0.3256	0.8119	1.3159	0.8335	1.8725	0.7062	-0.0634	0.8856	-0.5779	0.0904	0.1739	-3.1719	0.0099	-0.1589	-0.9932	-2.8058	0.1323
0.5765	-2.6805	-0.8850	0.5045	1.3585	0.1379	0.4881	-2.1451	0.4829	-0.7853	0.7413	1.0347	0.9445	-0.0659	-1.1099	-0.0353	-1.3614	0.5597	1.6099	-0.0225	0.1840	-1.2801	-0.8270	0.0414	-0.8592	-0.7552	0.4396	1.5504	0.1160	1.1672	-0.5725	-1.4885	0.2844	-0.3483	1.0879	0.3680	0.5591	1.8458	-0.4185	2.1970	-0.2000	1.0166	-1.2249	-0.1937	0.3569	0.6350	0.3372	0.6442	0.7445	-1.3361
0.1009	-2.2217	-2.4110	0.6781	-0.1617	0.9080	0.0886	1.3589	0.7791	1.6569	1.1026	-1.1216	1.5108	0.8324	-0.6932	0.0331	0.2978	-0.3610	-0.1825	0.6118	-0.2664	1.4375	-0.5922	0.0214	-1.0209	-0.1878	-1.1975	0.3801	-0.0560	0.1947	0.5765	-1.0928	-0.7275	-0.7559	0.8609	0.5155	0.8901	1.1592	0.2372	0.4126	0.3394	1.7365	-0.2962	-0.4098	1.5949	0.2852	0.2380	-0.2823	1.0317	-0.9534
-1.5946	-1.2447	0.4903	-0.1859	0.8896	1.6695	-0.2065	0.8977	1.1050	-1.9876	0.3932	-0.3034	0.5039	0.6561	1.7955	1.3463	-0.5423	0.7727	-0.1171	-0.6609	0.8278	-3.2381	0.0602	-1.0802	0.7767	0.5193	-0.0767	0.6456	-0.9192	0.9969	0.5993	-1.0436	-0.3418	-1.5141	-1.3823	0.0828	-1.3833	-0.4212	-1.6631	-1.5886	1.7651	0.0920	0.3647	-0.0623	0.4604	-0.0225	-1.6345	0.5175	0.6266	0.1257
0.5535	-0.5937	1.5456	0.1066	-1.0384	-1.0368	0.8029	0.3975	-1.0509	-0.3914	-0.3213	-0.9375	0.6066	0.8291	0.0766	-0.5564	1.3388	0.7208	0.9385	-0.4102	-1.0860	-0.7178	-0.9671	0.5268	0.4134	-0.1108	-0.8645	-0.5687	-1.1448	1.0147	0.6697	-0.8687	-0.4916	0.7241	0.8506	-2.7403	1.2362	0.5315	-0.6724	-1.8759	0.2293	1.0429	-0.2576	0.6142	0.3603	-0.0603	-1.4763	-0.4034	0.7522	0.1247
0.2434	2.1253	-0.6227	0.6448	0.9430	1.0344	2.3020	-0.8160	1.2794	-1.2187	0.3013	0.5987	0.5116	0.2250	-1.0859	-0.0641	0.4696	-0.0360	-0.8928	-0.5754	1.8939	1.3104	-0.2882	-0.7842	0.7983	-0.3709	0.5428	-0.0350	-0.1983	-0.8654	-0.0325	2.3098	1.4164	-0.5424	0.9380	1.6600	-0.6876	1.0038	-0.7737	-1.6517	1.0027	-0.1017	-0.8965	0.4354	0.4716	-0.5877	1.1902	0.5900	0.7314	-1.3367
-0.5540	0.4562	-0.5065	0.2361	0.5927	-0.6389	-0.5573	0.2847	0.9267	0.6449	0.6666	-2.1118	0.4007	1.4504	0.1265	0.9330	-0.8386	0.3799	1.0514	-0.1158	-0.3915	0.4886	-0.4350	0.7441	-1.1264	0.0516	0.0382	-0.1411	0.6381	-0.1586	0.8988	-0.5309	-0.1780	0.5671	-0.2928	-0.5455	2.2122	-1.0966	0.3538	-1.1854	-2.0304	1.0905	1.5287	-2.9500	-1.8894	1.1554	-0.3496	0.7544	-1.4728	-0.0119
-0.2266	0.9482	-0.6790	1.6141	-0.8367	-1.1429	0.9661	-0.5616	-0.2703	-0.8774	0.2165	-0.3989	0.9895	0.5440	-0.0887	-1.3623	1.1316	-1.5727	-0.7223	-1.3259	1.3753	0.7440	-0.3310	0.4698	0.4695	-0.1880	1.0322	-1.7897	-0.2998	-0.2048	-1.8520	-0.0808	-0.8887	1.4896	1.4921	-0.2249	-0.6724	-0.8146	1.4620	0.0522	-1.3122	0.2024	-0.6065	-1.4136	-1.8555	0.7593	1.7370	0.4295	1.7730	1.9334
1.0896	-0.1727	0.0428	-0.1929	-0.5085	0.7370	0.1552	1.8112	0.4348	-0.8431	-1.5855	0.5091	-0.3712	-0.4788	-0.7821	-0.4495	-1.7131	-0.8344	0.3327	0.8185	-0.6892	1.2066	-1.3303	-0.9076	1.0139	0.6543	0.6122	0.1290	-0.1643	0.5683	-0.3098	0.1862	-1.0420	0.0932	-0.1146	0.9376	-1.0827	-0.6347	-0.6420	0.6800	0.8450	2.4626	0.3709	-1.2408	0.5465	1.7050	0.5844	0.2847	0.7796	-2.0289
0.8706	-1.8444	1.8082	0.0021	0.9544	1.9450	-1.3973	-1.6840	-0.5029	-1.8370	1.4989	0.2619	-0.1460	0.9756	-0.7067	-1.5314	-0.8306	1.4730	0.0354	0.1319	-1.6029	-0.6264	1.0005	-0.3770	-1.4049	-1.4545	1.7957	0.4309	-2.0589	-1.5248	-0.5695	0.2191	-0.4025	0.6313	-1.2864	-0.4075	1.7640	0.8448	-0.6246	0.4249	-0.0673	1.1266	-0.1744	0.2790	-0.3512	0.8275	-0.8049	-0.8038	0.1762	0.4150
0.0229	0.6230	0.3427	-0.7547	-0.3507	-1.1784	0.8113	-0.3643	0.0936	1.8679	-0.5206	0.0599	-1.6030	0.7684	-0.8590	-1.6240	-1.8217	0.0058	0.6389	-0.5649	0.6944	-0.9802	-0.1597	-0.2776	-0.5084	0.4028	0.4609	1.4569	-0.1692	1.7186	-1.5031	-0.3725	-0.5068	0.7289	-1.7493	-1.2746	-0.1729	0.5756	1.4748	0.1603	-0.9100	0.6855	0.9718	0.8493	-0.6003	-1.7249	0.2151	1.6548	0.4467	-0.0515
0.8163	0.0415	-0.2841	-0.0548	-0.7161	1.8475	-2.8937	0.8499	0.0966	-0.3586	0.0597	-1.8188	0.1275	0.6324	-0.6640	0.3116	0.6223	1.5925	0.6236	-0.9410	0.6588	0.1914	-0.7540	-1.6261	0.0508	-1.1457	0.3199	1.4852	-0.3846	1.4608	-1.0523	0.8951	1.5508	-0.0193	0.0380	-0.4073	0.0164	-1.1490	-0.3281	-0.1570	-0.7427	0.0147	0.4524	-0.2770	0.3668	-0.4042	-0.7526	-0.4273	-0.1813	-0.8072
-0.4072	1.4509	-0.6832	1.2538	-0.0233	-0.8885	-1.1240	0.4192	1.4633	-0.6727	0.2440	-0.9545	0.6756	1.2717	0.5084	0.8550	1.2890	-0.0578	0.0942	1.2820	-0.3601	-0.7087	1.5814	0.8680	-0.2523	-0.4758	-1.1806	-0.1133	0.6916	0.0269	0.6524	0.4499	0.3850	0.9974	0.8500	0.0441	-0.2494	0.6668	2.2731	0.1319	0.1828	1.0011	1.6782	-0.2965	0.0462	-0.8439	-0.1611	0.2254	-0.7125	0.9642
-0.4776	0.7742	0.5236	-1.4135	0.6009	-0.0018	0.4186	-0.7808	-0.5489	-0.9164	0.8360	-0.6816	2.0009	-1.0547	0.2785	0.6959	-0.0754	-0.6760	-0.8759	-0.9597	-0.9915	0.3351	0.7487	-1.2349	-1.0630	-0.0933	0.4458	-0.0893	0.7022	2.0446	0.5717	2.1007	-0.6110	0.5530	-0.5516	0.5307	0.3808	0.6156	0.4091	-0.8212	-0.1785	-0.2307	0.8439	-1.8299	2.0546	-0.8673	0.6405	0.2997	2.0847	-0.5218
-0.9477	1.4871	-0.2968	2.5521	-1.0451	0.0844	-0.1766	-1.0619	-0.2136	-0.3073	-1.5251	2.3338	-1.4033	0.2836	0.7179	-0.6859	-0.3662	-0.5566	-1.6248	-0.8012	-0.6471	1.2132	0.5514	-1.2846	-0.5795	-2.4774	-0.0406	-0.1177	-0.6213	-0.9093	-0.4529	-0.1622	0.3110	0.4476	0.4617	1.5000	1.5421	-1.6592	-1.5593	0.1567	1.5858	-1.1754	0.9838	-1.1543	1.6772	0.4848	-0.9998	0.3302	-0.8663	0.6894
0.4939	-0.0145	-0.9126	-1.4901	-0.9684	1.7787	-0.8273	-0.7093	1.3995	-1.2771	1.1461	0.4817	-0.4778	-0.6615	0.1442	-1.4002	-0.0590	-0.5182	0.2236	-0.3315	-0.6077	0.6580	-0.3134	-0.5437	0.7462	1.0027	-0.0598	0.1716	1.0636	-0.0602	2.0757	1.6857	0.5084	-0.2265	1.5214	-1.1530	-1.5278	-0.6495	1.3187	0.4027	0.1364	0.4510	1.4678	-0.3115	-1.0809	-0.0254	0.3986	-0.5157	0.7939	-1.5434
0.1298	0.8393	0.4665	0.6479	2.3359	1.0919	-0.8686	-1.6503	-1.0066	-0.1268	0.5416	-1.3329	0.6204	-0.5783	-0.4742	-0.0287	-0.2382	0.0230	0.7175	-1.0307	1.0013	0.7030	-1.1738	0.9052	0.1541	-0.0649	-0.6510	-0.3174	-0.8661	1.2903	-2.1817	0.2681	1.3911	0.4523	0.2043	-0.2985	-0.8850	-0.5906	0.8559	-0.9904	1.2226	0.1897	-0.1219	-1.0537	1.0773	-1.7424	-1.0151	-2.5117	1.2179	0.0842
-0.6265	-0.2445	-0.3283	1.2629	0.5668	-0.0286	-0.7055	-0.2589	0.0428	2.4052	-0.8601	-0.0897	1.3261	-1.1177	0.4105	0.2820	0.5803	-0.6047	0.0733	1.0146	-1.0367	1.2749	0.6904	2.6442	-0.4351	0.2875	-0.8235	0.0669	0.7147	-1.3377	1.2345	0.2448	-0.7259	-0.1728	0.5639	0.1879	-0.2453	-1.8405	0.6289	0.1586	1.1280	-0.5049	-1.3026	0.0041	0.5339	-1.4441	1.0828	1.0245	-0.5694	-0.8160
-0.7790	1.3837	1.1099	0.1627	2.4307	-0.2129	0.8489	1.1416	-0.0671	0.6343	1.5625	-1.3572	2.3926	-0.5638	0.2658	1.9575	-0.1804	-0.2022	-0.0906	1.7709	0.4283	-1.1350	0.1375	-0.5092	-0.4057	-0.3933	0.0580	0.4494	-0.9433	1.5909	-0.4568	0.8563	0.5682	0.1462	0.6872	-1.7012	-0.4600	-0.3271	0.9762	-0.5339	0.3494	-0.5031	1.1561	-1.5811	0.0324	-0.0963	-0.3437	0.3713	-0.1252	-1.5527
-1.6127	0.8668	0.8485	0.6703	-0.7100	-0.9359	-0.8066	1.1663	0.5843	-1.0385	-0.4387	0.9769	-2.1271	0.9275	-0.0777	-1.9664	-0.8585	-0.6997	1.0566	1.2822	-1.1183	-1.0866	0.7869	3.4095	-1.5500	0.8599	-0.8688	0.0550	0.3365	1.1184	0.3682	1.1003	-2.4899	0.3627	1.3552	-0.1860	-0.0408	2.3448	-0.1456	0.4493	-1.1873	-1.4934	0.1049	2.7614	0.3425	-1.5524	-0.8369	0.3800	0.4010	-1.9115
1.9134	-1.0701	1.3169	0.6658	-0.9781	0.8648	-0.9096	0.1970	-0.8510	-0.5858	-0.2457	0.1409	0.6046	0.9429	0.1353	-0.5412	0.8171	0.2464	1.1012	0.4093	0.5190	0.5622	0.1165	0.1649	-2.2515	-0.9846	0.5737	-0.9533	1.3977	0.7206	1.7086	0.4814	0.9944	-0.4263	-1.1389	0.2668	-1.3072	-0.2042	1.0345	-0.0134	0.7157	-1.0042	-0.3983	-0.4014	0.9620	-0.9400	-0.8279	0.1970	-1.1373	-0.3222
-0.6533	1.2223	-0.5776	-1.3924	-1.8732	0.5466	0.4475	-0.1364	-0.0157	1.2669	-0.9723	-0.9687	2.1063	-0.6157	0.3004	0.7765	0.6653	-0.7054	0.4562	1.2347	-0.5351	-2.3054	0.4761	-0.7404	1.1962	0.9269	0.7900	0.5950	-0.6059	-1.5669	-0.4743	-0.5981	0.2807	-0.3588	1.1128	0.2834	0.9717	-0.2129	-0.1087	1.0252	0.0179	0.7462	-0.4709	1.8801	0.0517	0.0135	0.6658	0.5272	0.3248	-0.6678
0.2585	-0.5384	-0.3414	-2.7813	0.0013	0.4833	-0.5239	-0.1483	1.1881	0.4473	1.2684	-1.0342	-0.7597	1.2340	-0.0205	-0.5195	-0.9215	-0.7168	0.0710	0.1744	0.2910	0.3675	-1.0198	0.2394	0.2734	-0.4844	0.3616	-0.3984	0.6544	0.6970	-0.7409	0.3295	-0.9541	0.9260	-0.8179	-0.4975	0.9079	0.0566	0.3650	-0.7875	0.7273	-0.4260	-0.0237	-0.0289	-1.8139	-0.1006	-0.5531	-2.4060	-0.7801	0.4737
-1.4130	2.5345	-2.0021	-0.6329	1.7737	1.1174	-0.0608	1.1537	-0.6148	-0.4407	0.3367	-1.6589	0.7436	-0.5792	-0.2399	-0.8634	-0.3111	0.1394	-0.9656	0.2575	0.5004	0.9735	0.0397	-0.8961	0.3054	0.6494	-1.4076	-2.0872	-1.2437	-1.4806	-0.6360	0.6908	-0.2314	-0.2709	0.2215	-0.3240	-1.0047	1.9776	-0.7815	1.1498	-0.2538	0.2854	-2.8080	0.5742	1.2066	0.5256	0.3611	-0.1575	-0.0642	-1.0175
-0.6039	1.1417	-0.2594	0.1735	-1.1692	2.6131	-0.2786	-0.3751	-0.3377	-0.0885	-0.6811	-0.8538	-0.2970	-1.2916	1.4571	0.3324	0.3116	0.4392	-0.8235	-0.2815	-0.1907	-0.4642	0.1750	0.2564	0.6797	-1.2159	1.5284	-0.6118	-0.2830	-1.1913	-0.3521	0.5654	0.5756	-0.5537	-0.8549	0.8129	0.4158	-1.0821	-0.9132	-1.3385	-0.7212	0.4112	1.7423	0.2143	-0.7667	0.9486	0.6763	-0.4777	-0.7066	-0.5011
2.5295	-0.9099	1.5851	0.3584	1.3766	-1.1780	-0.0764	0.8503	-2.1158	-1.2852	-0.1963	-0.5572	1.7937	0.8535	0.1283	0.3493	-0.0442	0.5694	0.4056	-1.6806	0.5994	-1.9032	-1.9074	-0.3525	-0.5241	0.4406	1.1723	-1.6853	-0.8856	0.3453	0.5596	1.2567	0.6790	1.3932	1.4239	1.5684	-0.3811	-1.8893	0.0814	-0.4755	0.2258	0.4717	0.3444	-0.3376	3.2659	0.9130	0.2204	-0.4075	-0.4720	0.5375
-1.7325	-1.2164	-0.2875	0.5839	0.5907	-1.1568	0.2198	0.0444	0.9181	0.5397	0.3012	1.2501	-0.7502	1.6033	-2.2126	-0.5687	-0.8846	-2.0785	0.1724	0.4725	-0.4934	0.9760	-0.9857	-1.3477	-0.6179	-0.4716	-0.2775	2.6747	-0.2659	0.9659	1.0013	0.0393	0.8342	-1.4080	-0.9548	-0.4285	0.5714	-2.9498	1.4269	0.7739	0.2410	1.0743	-0.3190	-0.1685	-0.3329	-0.4983	0.8850	2.4608	-1.1693	0.1545
0.4218	-0.3940	0.2673	-0.2383	0.8740	-0.5300	-0.5119	-0.5088	-0.0165	0.1045	-0.0423	1.1307	-2.3945	0.6306	-0.1527	0.2879	2.6552	0.8926	-0.3277	-0.1552	1.0160	1.2815	0.3598	-1.0917	1.0577	-0.9294	-0.0994	0.6425	0.1155	-1.1571	-0.0043	0.1609	0.6605	-0.0863	0.5191	-0.5951	-0.3206	0.1529	-0.5909	1.1046	2.1124	0.3171	0.7053	0.1058	-0.7450	-0.1257	0.4831	-0.4863	-0.7554	2.3066
0.7690	-0.0718	-0.2934	1.3214	-0.8094	1.0346	-0.4952	-0.1080	1.0252	-1.3474	-0.2343	0.8432	-2.1625	-0.5940	-0.0812	-0.0622	-1.1783	-0.5778	-0.5389	0.3012	0.5741	-0.4867	1.1324	1.1121	-0.0394	0.4417	0.6629	-1.2854	0.0981	0.8240	1.1208	0.2179	0.5928	-0.1051	-0.6438	0.4243	0.9466	0.3245	0.3704	-0.3320	0.8804	-0.7211	-0.4805	0.2405	-0.7211	0.5073	1.9551	1.1954	-1.1055	0.8241
-0.0794	0.2546	1.0345	-0.7748	0.3035	-0.6604	-1.6402	-1.1967	0.9825	-0.2260	-0.6965	0.2605	-1.8104	1.0497	-1.5670	-0.1885	1.0221	0.0337	0.1741	-0.5801	-0.7736	-1.0604	1.4052	1.2296	-1.0805	-1.4191	2.1584	-0.2205	0.4793	-0.9125	-0.5954	0.1731	-0.3432	-0.1294	1.0511	-1.4330	2.2225	0.1101	-0.4816	0.4715	1.0706	-1.9634	1.7418	-0.1172	-0.4079	-0.4352	-0.4414	-0.2037	1.2791	1.5258
-0.3127	0.7753	-1.0555	1.4625	0.7251	0.3043	-0.3041	0.1799	-1.5454	-1.1320	0.5427	-1.0909	-0.0571	2.2786	-0.2591	-1.6291	0.8034	-0.2603	-1.7253	0.9493	-0.6155	-0.7568	-1.7322	-1.4471	0.7994	-0.4070	0.3115	-1.2290	-0.0937	0.9335	0.6307	-0.3141	-1.0340	1.3711	1.4184	-0.5352	0.3637	0.2994	-0.8192	-2.2160	1.7453	1.3859	0.4073	0.5073	0.6830	0.5809	0.7042	-2.1643	-0.8379	-0.2374
0.1484	0.3048	0.0926	1.2533	0.5241	0.2687	0.4054	0.0635	0.7388	2.7102	-0.2930	-1.7818	-1.1187	-0.2921	1.1750	0.3507	-0.2357	0.2378	0.4167	0.3013	0.4363	-0.4631	1.0226	-0.4521	-1.2880	-0.3521	1.3755	0.9894	-2.4636	-1.0245	-0.5393	0.7543	0.8799	1.2522	1.6452	0.0281	2.0992	0.9255	0.4863	-0.8064	-1.3348	0.1070	-0.7068	-0.9906	0.5888	-0.3273	0.5910	1.0500	2.0195	0.4684
0.6333	0.3232	1.3266	-0.6777	-0.1495	-2.5014	0.6377	-0.3046	0.2995	-1.8746	0.4120	1.5248	1.0003	1.0609	-1.1665	1.1236	0.9315	1.3950	-0.6876	-0.8560	0.1597	0.3312	0.7837	-0.5183	0.0283	-2.3249	1.8280	0.2500	-0.5300	-0.3460	-1.0203	0.6781	-0.1181	-0.9830	-0.3409	0.8601	-0.2229	-1.1147	-0.5825	0.7799	-0.1390	0.1694	-0.0201	-0.1895	-0.1380	1.0568	0.0698	-1.3903	-1.1946	-1.2581
0.3034	-0.7621	0.1897	0.6153	0.3314	-1.1673	-1.1564	-1.6262	1.6149	-2.2786	-0.7732	0.9458	-0.1164	0.7748	-1.2664	-0.4707	-0.1420	0.0312	-0.4138	-1.8810	1.4458	-1.0312	-0.0326	0.2369	0.8012	0.5234	-0.4548	-0.5693	-0.5607	-0.1931	1.5950	-1.1629	-0.3331	-1.4337	1.0989	0.4996	1.6672	0.5573	-0.2911	0.0631	0.6704	-0.2127	-0.1942	0.7822	-0.6983	-0.7238	-0.3570	0.7984	-1.7577	-1.4449
1.9019	0.8591	-0.3423	-0.9719	0.6110	-0.4655	-1.7865	0.2658	1.7029	-0.0018	0.6638	0.3918	0.9815	-0.0401	-1.3540	1.0160	1.1281	0.5211	1.1221	0.2871	-0.8874	1.5867	1.4531	1.4183	0.5118	-0.1209	1.1348	0.0155	-0.4312	0.0523	1.0752	0.4529	-0.2722	0.2829	-1.9011	0.2454	-0.5904	-1.2613	1.1101	0.5555	0.9871	-0.2897	-0.0876	0.7244	1.8848	0.3484	0.4055	-1.2596	-1.1251	-1.3296
-0.7007	-1.2711	0.3504	-1.4766	0.7626	-0.2127	-0.3502	-0.1306	-0.5310	1.6688	1.7425	-0.6864	1.2380	0.7090	-0.0316	0.6167	1.5348	0.5330	-2.6228	-2.0498	0.2994	1.5938	1.2082	-0.7227	1.0852	-0.0995	1.0729	-0.1873	0.4028	1.0860	1.8134	-0.5703	-0.8922	0.3453	1.2019	-0.4986	1.1450	1.6031	1.3247	-1.6176	1.9377	0.4907	-1.2936	-0.9757	-0.1340	1.0117	0.9239	-0.3151	0.9871	-0.2841
-1.1212	0.5992	1.6821	0.9726	-0.0016	0.0621	0.0065	0.3230	-0.5470	0.3421	0.0451	0.6739	-1.9690	0.1559	1.2400	-0.1762	-1.7704	-1.7304	0.7574	0.3363	0.9936	-0.2530	-0.7320	-1.0197	0.8732	0.5385	1.1136	-1.3622	-0.1735	0.8638	-0.7967	0.7431	1.9267	0.5087	-1.4982	-0.1392	0.1267	0.5144	0.5733	0.3869	-0.0826	0.5979	0.1605	-0.9790	0.9182	-0.7083	-1.0309	1.0888	-0.7391	0.9026
-2.0395	0.0915	0.3082	1.0486	-1.2111	1.9145	-0.5231	-0.1832	0.4579	-0.7444	2.5286	-1.5202	-1.5149	0.0161	0.6690	0.0383	0.0402	0.1990	1.2924	-1.1041	-0.4676	-0.5605	-0.2850	1.5648	0.4757	1.1113	-1.1486	-0.2562	0.6179	-0.5938	0.8096	-1.0674	-0.3200	-1.0303	0.1191	-1.3198	0.1164	-0.6262	-0.4831	-0.4146	-0.5851	-0.9495	-0.7593	0.1875	0.8139	1.2929	-0.6411	-0.2197	0.3047	-1.2099
1.1255	-0.9629	0.2324	-0.5328	-1.5863	-1.2958	-1.7118	-0.7683	0.8087	-1.7704	1.4678	-0.5695	-1.1205	0.8442	-1.7589	0.5946	0.3149	0.0814	0.5658	-0.9055	0.1206	0.9952	-0.8397	-1.5141	-0.9074	0.7414	-0.1513	-0.1607	0.2042	0.9253	0.2994	-0.5417	1.7162	-0.2976	0.3643	-0.6515	0.4883	-0.0835	1.1961	0.7396	0.0507	-0.6759	1.4643	-0.4832	-0.5011	-0.3773	-1.8326	0.2876	-0.2993	-0.7818
-1.6879	-1.9344	0.5631	-0.3834	-0.4586	-0.2810	0.4283	0.3147	0.2762	0.2205	-0.5738	-1.2512	-0.5206	-0.0332	-0.7179	0.7457	-0.2408	1.2521	1.1235	-1.4156	0.0908	1.4164	-0.4412	0.5681	2.1393	0.1421	-0.3823	0.6431	-0.4544	0.3398	0.5987	0.0621	-1.9654	0.8134	-0.3897	-0.8318	0.6952	-0.8280	-0.0984	-1.9096	0.4375	-1.7492	0.3982	0.8404	0.5866	-0.1345	1.5498	-0.6057	-0.4927	-0.5747
-1.2440	0.5910	0.5871	0.8435	-1.8154	-1.9039	-0.6382	0.8948	0.9215	0.7239	0.7592	-1.9906	0.5367	-0.6066	-0.2528	-1.4386	-0.0310	0.1706	-0.1373	-0.2095	0.4484	-0.1735	0.6644	0.6706	0.6879	0.1390	-0.8300	-1.3284	-0.1647	-0.5612	-0.9591	0.7194	-2.0146	-0.3781	-3.2548	-1.4134	-0.5001	-0.1221	-0.6194	0.3794	-0.3511	-0.4646	-0.4148	0.5927	1.2880	-0.1595	-0.0884	0.9019	-0.4638	-1.7050
0.2070	0.7416	0.3538	0.1423	2.0083	0.9807	0.9308	-1.1225	0.6083	0.9259	-0.6505	0.6214	-0.0110	-0.7741	-0.1472	0.1836	0.6335	0.5169	-1.9036	0.9287	1.8437	-2.3921	-1.1746	0.7628	-0.8338	0.2747	-0.4313	-0.4616	-1.0125	0.6127	-1.1338	1.4079	-0.7463	0.5286	-2.2247	0.7400	-0.9828	-0.6893	0.2608	-0.6544	0.2404	-1.0954	-0.1153	-1.1925	0.6985	1.0739	1.7530	1.8989	-0.4754	1.0351
-0.7713	-0.9671	-1.3099	0.0053	0.0890	-0.7923	0.1812	0.6958	0.1588	0.0227	-1.5494	-2.3942	0.8716	-0.8814	1.8611	0.8343	0.7530	0.3147	1.0458	-1.1901	-1.0166	1.5860	-0.0489	-1.0754	0.1677	1.0815	-0.7367	-0.3761	0.0769	1.0997	-0.1931	-1.2635	-1.3647	-0.3810	-0.0400	-1.5435	0.7757	-0.6755	-0.7413	1.3236	1.1446	0.5630	1.6039	-2.1444	0.4396	-0.8492	-0.1292	0.1298	-0.2597	0.2160
1.3277	0.2170	-0.5555	0.9165	-0.5592	-1.5368	1.2736	-0.3220	0.8090	-0.5290	0.2760	-1.1770	0.8216	1.0866	-0.3260	0.6417	-0.0174	-0.3249	-0.5957	-0.3385	-1.4886	1.1070	0.2841	0.1282	-0.3359	0.8017	-1.0309	0.2033	-1.3820	0.3546	-2.8966	0.4964	-0.3247	-0.7687	-0.6784	-0.8018	-0.6839	-0.9561	-0.2411	-0.9747	-0.1631	1.3807	-1.4529	1.1068	-1.0231	-0.2511	0.9074	-0.5436	1.4136	-0.9882
0.8089	0.0405	-0.0429	-1.0573	-0.6338	1.2320	0.8385	0.7565	-0.2180	-0.1405	0.2653	1.4046	0.6977	-0.0348	-1.2172	-0.0493	1.5161	0.8541	0.9537	0.0395	0.3643	-0.4102	-0.3949	-0.5866	0.6368	0.2899	0.4430	-0.7149	0.4236	-0.5202	-1.4207	0.5750	1.8909	1.8535	-1.6265	0.7428	-1.8272	0.4535	-0.1432	-0.3877	0.0049	-0.1847	1.4588	-0.1993	-0.1007	0.5285	-0.2620	-0.7255	0.1826	-0.0706
-0.2380	-1.0280	1.2583	1.6485	-0.2853	-2.0852	-0.7268	0.1849	-0.5557	-0.8665	0.1485	-0.0870	0.8999	-0.4802	1.1922	-0.0511	0.0145	0.9492	1.4070	0.3509	2.3207	-1.0721	-1.4543	0.9090	-0.3695	-1.2065	-0.7031	0.4668	0.5605	-0.1562	-0.6667	-0.7509	0.4700	0.4691	0.0604	0.6340	-2.8159	0.2368	-1.7667	-1.4173	0.1959	2.3538	-0.3569	-1.8490	2.1823	0.2630	1.1007	0.3251	-0.1476	0.3007
1.4955	-1.0071	-0.8471	0.6925	-0.6687	0.0465	1.4160	-1.0344	-0.1310	1.3464	0.4761	1.2671	-0.8978	0.7730	1.6656	-1.1075	0.8594	0.0376	1.1471	-0.3010	-0.1362	-0.0889	-1.4576	0.6395	0.4989	0.8758	-0.7209	-0.1482	-1.4566	-0.8055	-0.3384	0.2814	0.0640	-0.2298	0.3760	0.1556	0.7589	0.6623	1.9719	1.5616	-1.2343	-0.2986	2.4428	0.4628	-0.2043	-0.6103	0.0667	-2.6949	-0.4214	1.5446
-1.4893	-1.4276	0.4518	0.3636	-1.5887	0.4996	-1.0368	1.6305	-0.3040	-0.2961	-1.0208	-0.1302	-0.2652	0.4435	1.0206	-1.1681	-0.8431	0.1899	0.0042	-0.0465	1.8057	-1.3179	-0.3119	-2.3173	-0.6008	-1.0751	-0.0910	0.3708	-0.4490	0.6005	0.2330	1.7758	-1.0421	0.8907	0.5112	-1.3600	0.5238	1.0420	0.2590	0.7456	-0.6773	2.1513	-1.6738	-0.5671	1.1764	0.8530	1.0133	-2.9829	-1.0512	1.4818
0.0250	-1.0198	-0.7985	-0.2668	-0.4813	0.6713	-1.9976	1.4405	2.0389	0.6183	-1.8616	-0.6021	0.7002	-1.4895	-0.3810	0.8325	2.7863	1.7489	-0.2237	-2.2305	-1.4759	-0.8408	-0.3358	-0.6998	0.4405	1.7474	-0.8001	0.9900	0.5536	-0.9040	0.6510	0.6036	0.0641	0.4030	0.1200	-0.5516	-1.0144	1.5590	0.1685	-2.0011	2.3224	0.6877	0.1241	0.6016	0.1705	-0.4018	0.9270	0.0349	2.7599	-1.0589
0.6450	-0.6989	-0.5357	-2.7827	0.4955	-0.9392	-1.6816	-0.7325	0.5023	0.8324	-0.5448	0.1878	0.1163	1.6077	-0.5216	0.6319	-0.4078	-1.4805	-1.1112	-0.6120	-0.7802	0.2884	1.0434	0.0804	-1.0594	-1.1934	1.4989	2.5534	0.0462	0.0817	1.5840	-0.5282	0.6276	0.3506	-0.1374	-1.1315	-0.1566	-0.2170	-0.5481	1.3095	-1.2070	-0.7579	1.1578	-0.3645	0.8889	-0.3012	-0.3216	-0.0926	1.6341	-0.8843
1.5812	0.5374	-0.0960	0.4418	-1.3859	0.1889	1.8958	-0.1379	-1.0399	0.8680	0.8377	-0.2949	-0.7208	-0.7117	0.8334	1.6067	1.1329	0.7330	0.3834	0.3595	-0.0370	-0.5391	1.0333	0.1357	-2.5947	-0.5046	-0.0521	1.1780	0.1596	0.1986	0.5896	1.3598	-0.7339	-0.2439	0.0385	-0.2372	0.8765	0.4448	-0.3254	0.0909	2.1140	-2.2390	-0.3232	1.9485	0.9819	-0.8989	0.3363	-0.3549	-1.0048	0.3102
0.2332	-1.4569	0.2608	0.5923	0.8510	-0.4514	-1.2276	-0.6870	0.4575	-0.5074	-0.7774	0.4691	-0.0835	0.9483	0.4208	1.5892	0.2021	2.0244	-1.5776	0.5679	-0.9257	1.2574	0.2056	-2.0948	1.3810	-1.9336	0.7051	-1.0702	-1.1234	-0.0540	-1.1969	0.9009	-0.2473	0.3676	-2.4601	-1.0134	0.7288	0.1338	-0.1113	0.1598	1.0833	-0.7397	-0.1635	0.1073	-0.7982	-0.0873	-0.4994	-0.2690	-0.0782	0.9834
-1.3899	-0.9686	1.0789	2.2233	1.4742	-0.3097	-0.0325	0.3061	0.6139	-0.5553	-2.0639	0.8417	0.4252	0.1133	0.4873	-0.2780	-0.9660	0.0214	-1.9608	1.2530	0.5835	1.2839	-1.0473	-1.1068	0.0951	-1.7867	0.7111	-0.5181	-0.4282	2.6395	1.2290	-0.6153	-0.2678	1.8668	0.1383	0.4851	-0.3209	0.4135	0.5050	0.4133	-1.0167	0.4042	1.7698	0.9211	0.4032	1.2593	1.7684	0.7718	-0.7611	0.4345
-0.1247	0.5515	-0.1363	1.7766	0.1465	0.4981	0.4458	-0.2222	-2.6191	-0.6185	0.1781	1.2975	-0.1980	-0.4066	-0.0108	-0.5792	-0.9356	0.1440	-1.2805	2.2163	-1.7468	-1.0252	-1.4240	0.7507	-0.1398	-1.4133	0.1868	-0.7193	-1.4701	-0.0866	1.3264	1.8298	-1.0659	-0.0540	0.2309	1.3658	-1.1392	-2.9610	0.2140	1.0566	0.8671	-0.0478	-1.0051	1.2529	0.1696	1.7174	0.8648	-1.2444	-0.2615	-0.0496
0.7997	0.9112	-0.3830	-0.8300	1.4467	0.4802	-0.0009	0.3408	1.0573	0.2227	0.2645	-1.2198	1.8204	-0.1506	-0.4614	-1.8846	-0.7099	1.4093	1.2228	-0.2954	-1.7557	0.8125	-0.0209	0.7199	1.3528	-0.4212	-2.5075	-1.0414	-0.0844	0.1493	-0.8722	-1.0105	0.1965	0.5328	0.2265	-1.0552	0.7653	0.2386	0.3701	0.0210	2.4873	-0.6398	0.0586	0.5153	-0.5235	-0.2382	1.5023	-1.4224	-0.7635	-0.5821
-0.5889	-0.6481	2.2250	-0.3935	0.9371	1.6257	-0.8805	2.5471	-1.1979	-1.2324	-0.2567	1.0848	0.1296	-0.8117	0.4002	1.4873	0.0756	-0.6804	0.0459	0.8720	-0.0306	0.7848	1.0741	-0.0708	0.2150	-0.6952	-0.5874	0.6967	1.0704	0.7323	0.4340	0.1920	0.0004	-0.5900	1.9410	1.3129	0.7681	-1.2728	-0.6716	-0.0072	0.8239	-1.3718	1.3085	-1.3654	-1.0102	-0.5798	1.8607	1.6768	-2.1475	1.4751
-1.1841	2.5206	0.5382	-0.9123	-0.7088	-0.5526	0.7837	-2.2030	0.1345	-0.4947	-0.1167	-0.6953	-0.1442	-0.6645	-0.2561	0.8434	1.0993	0.5390	0.4884	0.1690	-0.3104	0.0068	1.3950	-0.6389	-0.8611	1.9301	-0.3184	0.0527	-1.2064	-0.7797	-0.9249	-0.1284	-0.8742	-2.1409	-0.6476	1.4890	0.2368	-0.7542	0.1316	-3.2832	0.4692	-2.1324	-1.6783	0.5994	-0.6370	0.2663	-0.9236	1.9584	0.7476	-1.6533
0.0095	-1.4964	-1.2049	-0.6079	-1.6998	-0.6074	-0.7436	-0.6349	2.0963	-0.5509	-0.5981	2.6500	0.2061	-0.9182	-0.3115	-0.9412	-0.3674	-0.5657	0.9077	-0.6195	-0.2086	-0.7364	-0.7048	-0.7258	0.4250	-1.5328	0.8609	0.4360	1.0290	-0.7701	2.1032	0.7499	0.2059	1.9743	0.1349	0.6004	0.3165	0.6981	-0.8087	-0.1481	0.5705	-0.0330	-0.5352	-0.1100	-0.9241	-0.0381	-0.6009	0.0149	0.0344	1.9320
-1.0455	-0.3225	0.0583	0.5398	-0.1578	-0.2751	-0.6444	-1.1959	-0.5220	0.4297	0.7629	0.4997	-0.4941	-0.8888	-1.3816	-0.3042	0.4239	2.0984	1.2627	-0.7284	0.2840	1.4689	1.3771	-0.1611	-1.6760	1.7909	0.9976	-0.1908	0.7185	0.1611	-1.0224	-2.3569	-0.4351	0.8918	-0.4811	1.1649	-0.7654	2.0882	-0.0247	2.8445	1.2155	-0.1820	1.8294	0.3053	-0.5531	1.0902	-0.1371	-0.1001	-0.8678	-1.4564
0.1791	0.5595	0.2921	1.2822	-0.2155	0.3097	0.2386	1.5495	-0.4357	0.6106	-0.7184	-1.5415	-0.5875	-0.9638	0.9965	1.1788	-0.4172	1.0401	-0.4398	0.3141	-0.8806	1.8501	0.2063	-0.5156	1.0448	-0.6500	1.7026	0.6719	-1.0065	-0.9760	1.4134	0.9099	-0.2975	-1.2028	-1.1235	-1.0232	0.6278	0.1272	-1.4754	-0.5059	0.8200	0.2231	-0.7776	-0.6437	-0.2544	0.5655	-0.6607	-1.0277	-0.6380	1.0868
-1.0694	1.2282	-0.7062	-1.0091	-0.0456	-1.6937	0.6674	0.8437	-1.1253	-0.9368	0.5034	0.9422	-0.8570	-0.2126	-0.0843	-0.0960	1.2500	-1.9600	0.0100	-0.2651	1.0774	0.4331	-0.5812	0.4721	-0.1364	0.7384	-0.2769	0.4336	-0.7790	0.2151	1.2057	-0.9932	2.0165	-1.5653	-0.7517	1.0795	-1.7588	-0.7447	0.8660	-0.4192	1.2919	-0.3419	0.1700	1.0950	0.9025	-0.0654	1.3503	0.7147	-0.7575	-1.3670
-2.2944	-0.0934	0.6038	0.7945	1.5935	0.5966	-0.0132	1.1705	2.4600	-0.4639	2.1481	-1.6179	-1.4778	-0.3117	-0.2327	0.0427	-0.7109	1.6961	0.3479	-0.1755	0.3258	0.1787	0.8989	-1.2951	-0.0839	-0.3232	0.3872	0.5726	0.0604	-1.2430	1.3904	0.7183	0.8876	0.9046	1.1667	-0.6925	1.2097	-0.1416	-1.0859	-1.2631	0.1735	1.0943	-0.5725	-0.1466	-2.0085	0.7144	0.3264	1.7329	-0.0759	-0.1407
-0.1155	-0.4648	0.3774	-0.2698	1.7305	0.9259	-0.4693	0.5082	0.3926	0.5535	0.4970	0.0339	0.0272	0.3047	1.1114	-0.8938	0.8827	0.5609	0.3212	1.9244	-2.7215	-1.2052	1.6398	0.5058	0.9190	-0.2807	0.7548	-0.6130	0.8538	0.2307	1.0223	0.4350	-0.3264	1.5452	0.0580	0.3964	0.3908	-0.0783	2.0834	0.1174	1.2051	0.6271	-0.0023	1.0689	0.8171	-0.7949	-1.4348	-0.1179	-0.5591	0.7766
0.5641	1.7801	-0.9432	1.6267	-0.7942	-0.7991	0.6829	1.4269	-0.8209	-0.4160	1.2825	0.0673	-1.3035	0.0047	-0.0037	0.2288	-0.1814	-1.6381	-0.4923	0.3814	1.1470	1.0373	-1.0758	-0.9745	0.8663	1.5698	0.5588	0.6977	-0.0689	0.5892	-0.1285	-0.6821	-0.5347	0.6117	-0.1217	0.1826	-0.8858	-1.7487	-0.0259	-1.4969	-0.8938	-1.7771	1.5310	0.3249	0.8249	0.7098	0.5670	-0.3346	0.1310	-1.6020
0.4332	0.5548	1.5503	0.6509	-1.4260	-0.3305	0.9455	-1.2996	0.5990	-0.0142	1.2098	-0.0708	0.6167	0.9307	-0.7700	2.1445	-0.4211	2.0424	1.7806	0.8545	0.6508	0.8314	0.2531	-0.4364	0.6335	0.5923	1.7612	1.2737	0.3047	-0.3990	0.0932	0.7530	1.3101	-0.2848	0.5073	0.4823	-0.3703	0.5371	0.1363	-0.4565	0.4176	0.7465	0.6748	0.6874	-0.6720	-1.1619	1.7271	-0.4884	1.7023	2.2907
-0.9629	0.5030	-1.2153	-1.5157	0.3325	1.2191	-0.8362	-1.3122	2.4625	-0.4994	-0.2928	-0.5280	-1.4296	-1.4388	1.2974	0.4015	0.0555	0.5815	0.0455	0.1885	0.6061	-0.9578	-0.3151	1.1008	-0.4863	-0.4367	-0.2912	0.2555	-0.1733	-0.6159	-0.7003	-0.0150	0.5260	0.5047	-1.2068	2.0707	1.1078	-0.3868	0.1360	-0.2638	-0.6939	0.8932	-0.1080	-0.6688	-0.4082	-1.9525	-0.9688	1.7808	-0.1679	0.4380
-0.3066	0.4502	0.6116	-0.0415	0.0612	-0.0952	-0.1510	1.7594	0.3772	0.3011	1.4729	-0.1130	-0.0683	1.7959	-0.1430	-2.4331	-0.0814	-0.1768	0.2667	-0.6804	-0.7329	1.1937	-1.8088	0.3261	0.4815	1.3407	-0.0743	-0.8280	-0.1438	1.1384	-0.8661	-0.5595	1.4542	1.0827	-0.4553	1.5485	-0.0581	0.1061	-0.4293	-1.6889	-2.0266	0.0613	-0.3202	-0.9304	-1.6475	1.0630	-0.5137	-0.5022	1.0560	-1.3556
0.9055	-0.6507	-0.3389	-1.6791	1.3146	-0.2686	0.0671	0.7221	-0.1333	0.7081	-0.5235	0.9713	1.1021	1.3645	-0.9027	-0.4926	0.3585	0.1535	-0.7574	-1.4351	0.9431	-0.1508	1.3657	-1.3764	0.8401	0.0584	1.3525	0.0681	-0.4277	-0.7384	-0.3063	-0.6587	0.2973	1.4936	0.3083	0.4174	-0.4481	0.1301	0.2520	-1.9844	1.5377	0.0146	0.2823	0.2965	0.2177	-0.3058	1.0330	0.0539	1.2760	0.4504
0.5448	1.1501	-1.5248	0.0119	-0.0870	1.1228	-0.9520	1.0478	-0.7682	2.1978	0.0446	-0.1139	0.4050	1.5656	-0.1768	0.9495	-0.9857	1.5110	1.3715	-0.7271	-1.1863	-0.8460	-0.9202	0.0487	-0.9540	1.0863	0.6702	-0.7258	-0.1186	-0.5307	1.3411	2.1877	0.7552	0.3747	2.0117	0.1709	0.5113	-0.4668	1.9839	0.8182	-1.1488	0.8978	-0.7121	-1.9343	0.9032	-0.2590	-1.0852	0.4943	-0.8040	1.3985
1.0366	2.2098	0.4101	0.0888	-0.4026	-0.3724	-0.5882	-0.1747	0.8884	0.9380	1.1045	0.8665	0.0057	-1.7915	0.0275	0.9371	-0.9064	-0.8173	1.4045	-0.4168	1.4902	0.6238	0.0318	0.6187	1.4890	0.3039	0.4518	-0.1037	1.2113	0.6779	0.9685	0.5761	-1.0801	0.7907	0.3697	0.1004	1.1501	0.0170	-0.3412	0.5969	-1.9273	-0.7669	-0.3757	-0.4767	1.1577	0.8691	-0.4369	-0.9036	0.4110	-1.0678
0.3878	-0.2765	-1.1696	0.0344	-0.0384	-0.0891	0.7260	0.5613	-0.3700	0.9525	-0.3347	-0.2557	-0.3234	1.4223	1.1028	0.1755	-1.0816	1.8869	1.3326	-0.3162	0.5882	-0.5534	0.5014	-0.1713	-2.2960	1.4564	0.5879	0.4276	0.3857	-0.1187	-0.0790	0.0005	0.9488	0.8569	0.3093	0.6520	1.2541	0.9106	-0.4175	0.2232	-0.5341	1.3130	0.3824	-1.1102	-1.0994	0.7074	-0.0650	0.3496	2.3826	-0.7530
-0.3295	-0.0868	0.9424	-0.2470	-1.4399	1.5141	1.7309	1.4576	-0.7511	-0.3003	1.9516	-0.1862	0.2977	-0.7125	0.2535	-0.4540	0.2004	0.7526	-0.1620	0.3222	0.6548	-0.2799	0.9914	1.6632	-0.9806	0.1921	1.4159	-0.8069	-0.1085	0.0549	0.5671	-0.6623	1.1024	-0.3811	-0.2822	-0.3641	-0.7107	-0.1319	0.0517	-0.3603	-0.9292	-0.0533	-1.1261	0.1726	0.7383	-0.9102	-0.7399	0.7663	-0.7706	-1.3162
0.1626	-0.4964	0.9780	-0.0072	0.4102	0.4150	-0.5200	-0.4147	-0.3063	-3.4713	-0.4237	0.3323	0.2795	-1.1562	0.6405	-0.9991	0.7692	-0.1167	-0.1012	0.6926	0.8579	-0.8491	-0.7560	0.3821	0.1098	-0.7186	0.9467	0.8027	-2.1863	-1.3673	-0.2132	0.5801	0.0729	-1.9912	0.2043	-0.1117	-0.9120	-1.8489	-0.2336	0.7149	-0.7810	-2.3616	-0.8690	-0.7243	-0.3728	-0.1157	-0.1863	0.3732	-1.7175	-0.0344
-0.2189	-1.6646	-0.6828	-0.6739	-0.1525	-0.5574	-0.6376	0.9300	1.3303	0.4865	0.1142	0.9940	0.1156	-0.0744	-0.8020	-0.9659	0.6760	-1.1433	0.9704	0.4499	1.0128	-1.1154	-0.9241	0.4069	-0.2199	-0.4645	0.9926	-0.5698	-1.7639	0.8619	-0.0478	0.0873	0.2087	0.5190	0.6138	-2.3193	0.4326	-0.4076	-0.0790	-0.3457	-1.0861	0.5793	-0.5151	-1.4561	0.7588	-0.8348	-0.0910	1.2746	-1.3459	1.2656
-0.5875	0.5924	-0.8168	1.2036	-0.1111	-0.1334	0.7884	-0.8473	-0.8413	0.4020	0.6382	-1.7546	0.2154	-1.6915	-0.3508	0.5765	-1.2120	0.8729	-1.1305	-0.6160	-1.8425	-1.2073	-0.8034	0.4925	0.3005	-1.7637	0.5945	0.2146	0.1746	0.2680	1.2861	0.5837	0.7061	-0.4280	0.5328	-0.0768	-0.1059	0.6303	1.8155	-0.7325	-1.3387	-0.6092	1.1201	-0.3635	1.3751	0.2153	-1.1413	-0.8283	-0.1903	0.2694
2.4163	0.8037	-0.2962	0.0440	-0.8185	0.4018	-1.5439	0.0933	0.0549	1.8762	1.4826	-0.5579	-0.2267	0.9515	0.0197	0.9652	-2.4257	2.3734	-0.0079	-0.8547	-0.9942	-0.4491	-0.4544	0.8667	0.2353	-0.9731	-0.9802	0.3389	-0.4759	-1.2371	0.5190	-0.3448	-0.8664	0.4707	0.2654	1.6844	0.5296	0.4406	2.3233	0.1308	-1.2622	1.1797	-0.8448	0.4057	-0.7487	0.6326	0.4812	0.8973	-0.4622	-0.7727
-0.2534	-0.3913	-1.9302	-2.0220	-0.1156	-0.8678	-0.1371	0.3694	1.1911	1.6701	-0.2340	-0.2995	-0.4352	-0.9671	0.4949	-1.0572	-0.0195	-1.4314	0.8230	0.7486	-0.5041	0.5645	-0.4972	-0.3864	0.7880	0.8341	0.8280	1.5157	-1.0124	-0.2903	-0.4841	-1.0961	-0.3071	-0.4032	-0.5531	0.0920	-0.2484	0.5245	-0.1725	0.4537	1.8293	-1.5303	-0.4728	0.6268	0.2736	0.0165	0.7799	0.2117	0.1526	0.5278
0.7475	-1.1982	-0.1668	-0.8907	-2.0444	-0.0011	0.1391	1.9243	-0.1392	0.3618	-1.3500	-0.3871	-0.0248	0.5185	0.1748	-0.0452	-0.4537	-0.5665	0.6204	0.0641	0.8140	0.7675	0.6002	-0.4317	0.3364	-1.6023	0.5615	0.0945	0.0454	-0.5368	-0.4743	1.8359	-0.3747	-1.7771	-0.8113	-0.4211	-0.0921	1.3699	-1.9508	0.8351	-0.7848	0.5867	1.6262	-0.4171	0.9027	0.3893	0.3991	-0.7369	0.3471	1.0766
-0.3002	0.1473	-0.8426	-0.2237	2.0058	0.3723	1.3427	0.6608	-0.5709	1.7012	1.9219	0.2085	-0.5380	-1.4511	-0.2683	1.4113	-0.4904	-0.0425	-0.9177	-1.0972	0.3580	1.1089	1.2508	-0.5681	-2.5870	-2.3959	-1.5008	-0.1115	1.3828	0.7260	-0.3056	-0.5085	-0.2004	-0.6947	-0.2378	-0.4262	-1.3783	-0.6919	0.2163	-0.7431	0.7794	-0.9678	-1.2561	1.4059	-2.9092	-1.1358	-2.4222	0.4311	0.4892	1.2348
1.0376	0.7492	0.9953	-0.6360	-1.1932	-1.3458	0.4902	-1.1008	0.8304	0.4723	-0.2387	0.2183	-0.9310	-0.6661	1.0369	1.6582	0.7550	-1.4093	-0.8119	-0.6850	1.3032	-1.0463	-2.6754	0.4343	0.1839	-0.6622	-0.5468	-0.3942	-0.3570	0.0682	-1.1622	-1.4948	-0.8936	-1.8210	0.6449	-0.9793	-0.6032	-0.5414	0.3246	0.4935	-0.9894	-0.7092	0.7432	0.4428	0.6697	1.3478	1.0223	0.1736	-0.3911	-0.8257


