
X1	X2	X3	X4	X5	X6	X7	X8	X9	X10	X11	X12	X13	X14	X15	X16	X17	X18	X19	X20	X21	X22	X23	X24	X25	X26	X27	X28	X29	X30	X31	X32	X33	X34	X35	X36	X37	X38	X39	X40	X41	X42	X43	X44	X45	X46	X47	X48	X49	X50
1.1383	-0.2024	-0.8369	0.0290	1.3335	-0.1418	0.2528	-1.7179	0.7798	0.3219	-1.6229	1.4563	1.4441	-3.0008	1.7363	-0.0423	-0.3089	-1.2080	0.3370	-0.3369	-0.0714	-1.7022	-0.5237	0.5846	0.2294	-0.6090	-0.8522	0.8714	1.5008	0.3497	-2.6283	0.0631	-0.0190	1.3217	-0.4019	1.7890	0.6505	-1.8538	-0.7388	0.4645	-0.2518	2.3248	1.5696	-0.7363	0.4885	1.7740	0.2492	0.0581	-0.1752	0.3436
-2.3340	1.6608	0.5710	0.6659	0.9192	0.4523	-1.6566	-0.3226	0.3550	-0.6071	-1.5487	0.0178	0.4768	-1.4126	-1.0441	0.4470	-0.9290	0.0561	0.4518	-0.6472	-0.1595	-1.1058	-0.7488	1.4209	-0.3293	-0.2739	-1.3191	-0.9906	1.1490	-2.1792	-0.2971	0.4226	0.4040	-0.3544	-0.2422	-0.2521	0.4725	-0.1385	-0.3030	-0.3098	-0.0035	-0.7425	-1.9127	-0.9394	1.9538	0.0378	0.7867	0.0147	0.6344	0.3976
-0.4239	0.3306	0.9302	-0.4973	0.2551	1.0258	1.3774	-1.3139	-0.8239	0.0278	1.2804	0.0341	0.1162	0.1232	-0.7334	-0.6665	-0.6127	-0.1051	1.4044	0.4433	0.3857	-0.0964	-1.3890	1.2462	1.2374	-1.9993	0.9506	1.3330	0.1048	0.2468	-0.3779	0.3153	1.3900	-0.5837	-0.0198	1.2105	-0.3211	1.3791	-0.1974	-2.1764	1.6631	-0.4268	0.1090	1.0978	-0.1544	0.5605	0.8972	-0.2185	0.3983	-2.2091
-0.2014	0.4962	-0.5532	-0.2048	0.6721	1.5121	1.4547	-1.5751	1.0481	1.0929	-0.5323	2.8671	0.7774	0.5805	-0.0185	-0.0710	-1.3312	-1.2123	-0.2742	0.3447	-0.7981	-0.9806	1.1739	2.4937	0.4157	-0.0187	-1.0919	-0.6232	0.7077	-0.3095	0.1237	0.3377	-0.4933	1.1250	0.6007	0.7466	-0.7726	1.8684	0.7624	1.2131	-0.5297	0.6398	-0.8831	1.8027	-0.1358	1.0885	-0.6878	1.4890	-1.2524	-0.3122
-1.1067	1.2088	1.9904	-1.3446	-0.0870	0.1040	-0.9706	1.0063	0.2328	2.4639	0.5933	1.1785	0.6588	1.4239	2.3947	1.2825	-1.5511	0.2423	1.0627	0.8954	0.3643	-0.1461	1.1706	0.4467	-0.5943	-0.1623	0.1689	1.6807	-1.1080	1.2653	-0.2165	-1.5473	0.3158	1.3944	-0.2916	0.7258	-0.6716	0.0763	0.0545	0.0205	-2.3430	0.2369	-1.2719	-0.5202	-1.1450	-1.2200	0.8434	-0.0377	0.3987	-0.4755
-0.6943	-0.5666	0.1443	1.8300	-1.0267	-0.1353	2.4683	-2.4626	0.3625	1.1377	-0.0074	0.5708	-0.1118	-0.8972	0.6249	-0.8734	-0.4734	0.1922	0.6208	1.1408	-1.0473	0.8633	0.8757	-0.1373	-1.9276	-0.2570	0.7775	-0.9132	-0.1586	-0.2764	-0.2049	0.6970	0.3378	-0.0271	0.1060	0.6858	0.6270	0.5193	-0.6001	0.6523	0.4515	0.8888	-1.7635	-0.1702	-0.0161	0.2141	0.7086	-1.0272	0.1311	0.8728
1.8710	-1.4156	-0.0779	-0.9805	1.1651	0.8406	-0.2288	0.3515	-0.3861	1.3536	-1.4280	-1.0644	1.2629	-0.7864	0.5132	-0.2095	1.1104	-1.3329	0.0552	-1.8276	-0.7130	1.1371	1.1419	0.2554	1.4047	-1.6286	0.4995	0.1740	0.8669	-0.6918	-1.8012	-0.8268	1.3024	0.6781	-0.3687	1.4235	0.7961	0.3806	1.1126	0.0846	1.8791	0.3167	0.0101	0.5148	1.2919	-0.8711	0.1619	-0.6125	0.5557	-0.7378
-0.5196	2.6626	-0.4411	0.6773	-1.6911	0.4401	0.1253	-0.1176	1.4042	1.0993	-0.0733	0.1815	0.0129	-2.9579	2.2063	-0.6194	-1.2068	0.2690	0.9323	1.7160	-0.9917	0.2760	-1.0803	-0.2252	1.2186	-0.4449	0.8215	1.7331	-0.3841	0.3451	-0.4842	2.1882	0.0563	-1.0683	1.1475	2.6514	-0.0398	0.1809	-0.1881	0.4467	1.9981	1.4952	0.7757	0.1279	0.0841	-0.3817	-2.2920	-1.1986	0.1995	-0.2818
-0.0670	-0.3854	1.4018	-0.0126	-1.5980	0.5360	0.5249	-0.9203	0.1389	0.9943	1.0833	-0.2198	-1.9548	0.3827	-1.0117	0.0049	-1.7688	1.2072	0.4940	-0.4869	-0.9402	-0.0208	1.8327	-0.7240	1.5448	0.5999	-1.8547	0.7875	-0.3392	-0.4596	1.2839	0.0859	1.3676	-1.1514	-0.3888	-0.8533	-0.4348	0.4661	-1.8953	-0.8224	-0.9935	1.1796	0.0419	0.4141	-0.5572	1.1284	-0.9689	0.6613	-0.9532	-0.1761
-0.1633	1.3755	1.2642	0.2119	1.1636	0.2899	-0.1350	1.4851	-0.6868	-0.6847	0.1457	1.0448	0.5817	-1.0814	-0.5312	1.6383	-2.2344	-0.1437	0.6130	1.0849	1.0306	0.6953	0.6986	0.5537	-0.5580	-0.6426	-0.6757	-1.0440	-0.7939	-0.7894	0.8845	-1.2443	0.0438	0.5671	0.1206	-0.2780	0.6845	-0.7814	-0.1983	-0.6714	0.0232	-0.6756	-0.4231	-0.3306	-0.2837	-0.4830	-0.3124	0.4489	-0.3108	1.0867
0.3279	-0.7405	0.2410	0.9473	0.1840	0.3241	-1.0835	-0.2710	-0.3688	1.0880	-0.5448	0.7842	-0.5438	-0.0218	-0.4075	-0.4988	0.4150	-0.6605	0.5414	-0.4704	-0.1214	-0.9131	0.4021	-2.5015	-0.3228	0.7673	0.5897	-0.8152	2.0195	1.2305	1.2421	-0.5283	0.1585	0.3683	0.7659	-1.3193	0.2481	0.4943	1.0539	-1.4869	-1.3254	-0.5424	0.2443	0.3719	-0.6456	0.1202	0.8020	0.1844	0.3448	1.9434
0.7058	1.7551	1.1220	-1.0320	0.0407	0.8343	-0.0422	0.8417	0.9087	1.8663	0.3071	0.3339	-1.3926	-0.5874	0.8880	-0.4157	-0.5483	-3.1402	0.4818	1.5340	-0.6152	-2.2618	-1.4753	-0.6721	0.1492	0.4698	0.7285	-0.9758	-0.6103	0.9272	0.4540	1.3204	1.1021	1.2699	0.2500	-0.0685	0.1082	-0.2851	1.1293	0.6290	1.6967	2.4138	1.2586	-0.0404	0.1587	-0.5143	-0.2252	0.1345	0.4488	-0.7763
-0.3895	0.3342	-1.0048	1.0775	-0.9829	1.1761	0.8498	-1.3392	0.1661	-0.5915	0.8367	1.6200	1.3767	0.0420	-0.1826	-0.5698	-0.9153	0.9885	2.0768	-0.4855	-1.2714	-1.3445	-0.1327	0.2409	0.0190	-0.5778	-0.6668	1.0387	0.0885	0.1400	1.2974	0.3594	-0.0006	-0.0395	-0.6384	0.8869	0.7017	-0.7782	0.9626	-0.6608	0.0316	0.9902	-1.3456	-1.4084	-0.6429	-1.9400	1.4271	-0.3288	1.3168	1.0787
0.0563	1.0168	-1.6937	-0.2231	-0.2805	-0.5285	0.8676	0.7222	-0.7030	-0.6595	0.1361	0.1719	0.0961	-1.4117	-1.2261	1.1933	0.1105	0.1901	0.8358	0.2489	0.5673	0.0899	-0.8808	-1.7413	-1.0731	0.2634	-0.2591	-2.2772	-1.4846	-0.0787	2.2739	0.5212	0.9306	1.1756	-0.5573	0.5696	0.1020	1.3656	0.5466	-0.2686	0.1300	1.8594	1.4472	-0.1691	-0.2926	-0.3336	1.3483	-0.5296	-0.8106	0.5862
0.0385	-0.1688	-1.3103	-0.0356	-1.8184	-0.6725	-1.0890	-0.1727	-0.0933	0.9921	0.9692	-0.6033	-1.9361	-0.1634	-0.8723	-0.8152	-2.1002	-1.2771	-0.2961	0.8525	-1.6981	-0.0294	0.0754	0.6918	1.0995	0.0547	1.0746	0.0302	0.0133	-0.5749	0.4734	0.1337	-0.9770	0.3671	0.3483	0.4014	-0.8877	0.2777	0.6031	0.3921	-0.4082	-0.1928	1.4582	-1.9547	0.3696	-0.0384	0.0717	-0.3866	0.1587	-0.6717
2.2601	-2.0927	0.1384	0.1354	-2.1695	1.3401	-1.0125	-0.4427	-0.1345	1.4526	1.7329	-0.0166	0.3097	-1.2940	-1.6461	-0.1519	1.1989	2.7685	0.4111	-0.3355	1.8195	2.0911	-1.2873	0.2280	-0.4645	-0.5339	-1.2572	0.3902	-0.2040	-1.2652	-0.0784	0.2224	0.4524	-1.1661	1.9508	0.6430	-0.7123	-1.4407	-0.8256	1.0185	-1.1765	-0.2858	0.8831	1.1799	0.9138	0.0100	-0.4681	-1.4657	-1.1243	-0.6369
0.1639	-0.0008	-0.1887	1.7046	-1.0565	-1.3198	-0.7909	0.3915	-0.0130	-0.5454	0.5535	-1.9957	-0.0092	0.4533	-0.0237	2.2709	0.9347	0.1955	0.5805	-0.2377	-0.7010	-0.1558	-0.3685	-1.8386	0.9803	-0.1543	1.4251	0.4133	1.9579	-0.0747	-0.7551	0.2706	-0.0887	-1.6211	-1.2327	-0.2484	-0.9318	1.9031	-1.6810	-0.3650	0.9990	-0.9947	1.6241	1.8942	1.6605	-1.1770	0.5562	-0.2568	0.2242	0.9210
-0.0265	-1.3939	-1.6503	-0.3516	0.7204	2.2494	0.6735	-0.2843	-0.5496	0.8608	0.3091	0.7113	0.2515	1.9464	0.0503	0.4301	-0.8862	-1.8044	0.8549	-0.6627	-1.2386	0.6216	-0.8793	-0.7843	0.9614	-0.4056	-0.6913	-0.2859	-0.8262	-1.4276	0.9794	0.2784	0.8141	-0.0086	-0.1544	-0.5310	0.2483	-1.3367	-1.0005	0.0664	0.9672	-0.9095	-0.9987	0.1076	1.3456	-0.4093	-0.1867	1.6661	0.6266	0.5845
0.4832	-1.0283	1.4192	0.5639	-1.4387	0.9141	-0.0036	1.5994	-1.7889	0.5953	-2.0426	-0.9325	0.7723	-0.5250	0.5092	0.4257	-0.7215	0.3469	-0.4214	-0.7340	0.1466	-0.4445	-0.3241	-0.2545	-0.3750	0.3631	-1.0670	-2.3877	-0.4995	0.0988	-0.8623	1.4057	1.0604	1.2369	-0.2430	-0.5424	0.3030	0.4473	-1.1709	-0.1660	0.1669	0.1983	0.2084	0.0986	-0.1263	3.5144	-1.5762	0.0998	-0.5120	0.5211
0.7531	2.2649	1.1216	0.6900	-1.1702	3.4020	-0.1244	0.3622	-1.4211	-0.3293	0.7124	-0.6980	1.7472	0.2641	0.7170	-0.0670	0.4066	-0.6167	0.9676	0.6000	-1.6481	1.4015	0.4221	0.6084	1.2139	-0.1492	-2.2276	0.4203	-0.0158	0.5447	0.3453	1.4003	-0.9381	0.4539	-0.8143	0.3174	-0.7481	-0.1874	-0.4464	0.8982	0.3026	0.0585	1.2302	0.5575	-0.5729	-0.4568	1.1850	-0.9227	-0.4281	1.9984
1.1762	1.6116	-1.6287	-1.2472	1.8012	-0.1575	-0.1403	0.1457	-0.4406	-3.4038	-0.9985	0.3527	-0.0167	1.3311	-0.3322	1.1842	0.0360	0.5691	0.2964	1.1449	0.7491	-0.6535	1.1132	0.3796	-1.4935	-2.5722	0.1729	0.3762	-0.6102	0.4342	-3.1604	-2.0589	0.3354	-0.4793	1.9511	-0.7326	1.0908	0.5339	1.5098	1.1868	-2.5746	-0.3306	0.4038	1.1801	-0.6108	-0.5830	0.7994	2.1372	-0.6015	1.7726
-0.0841	0.9061	-0.1904	0.2109	-0.5331	-0.7258	0.3050	0.5249	0.1377	-1.2149	-0.3008	-1.2097	-0.5828	-0.6273	0.7512	-0.1696	0.4023	-0.4747	0.3283	0.4723	-0.0011	-0.8298	0.7028	-0.4566	0.8757	-0.3107	-0.1503	0.0950	2.0902	-0.3454	-0.3756	0.7263	-0.2014	1.4984	-0.5126	1.0577	-1.2348	-0.5601	-0.1653	0.1937	0.0711	0.4482	-0.1048	-0.2374	-0.7894	-1.3012	0.4282	0.5162	-1.3201	-0.0518
-0.1557	0.1611	-1.0016	-1.8843	-0.0748	-0.7604	-0.0225	-1.3468	0.6076	-0.2927	-0.1757	-1.1415	0.0372	-0.6526	0.0979	0.9520	0.3041	0.8851	1.0773	0.1963	0.6184	-0.5194	-0.5196	1.0793	0.2753	1.3200	0.5317	-0.2115	0.1825	-0.5290	0.0885	0.0937	-0.2856	0.6882	-0.7282	0.3396	1.6873	-0.2024	0.8390	0.1656	0.2770	1.7715	-0.9915	-1.4619	1.8308	-0.3020	-1.7830	-1.4858	1.1231	0.4526
1.1152	0.7530	1.6370	-1.0543	-0.0576	0.1911	0.6661	0.3142	1.0574	-0.1175	-0.6812	-0.0799	-0.1854	-1.4268	-2.1281	0.5956	-0.1754	0.6880	0.5553	1.3597	-1.6191	-0.6843	-1.0787	-0.2946	0.9935	-0.0379	1.0071	-0.6769	-1.3231	-0.0931	-0.8006	0.8159	-0.9314	0.3708	-1.2890	-0.4291	0.1454	0.7964	1.3930	-0.7411	0.2785	-1.6064	-0.3046	0.8792	0.9027	0.9335	-0.6710	-0.4360	-0.2584	0.3202
0.8136	-0.5732	0.9693	-0.9050	0.5600	-1.2378	-0.7248	-0.3100	-0.0975	-0.7532	0.2879	0.5908	1.3675	1.1332	0.5409	0.5297	-0.6998	-0.8748	-0.2623	-1.0357	0.0943	0.7872	0.1896	-0.1560	-0.9279	1.0013	-0.0145	0.3759	0.6097	-0.5476	-0.5935	-0.7406	-0.3052	-0.1918	2.3225	-0.8332	0.8336	-1.1612	-0.2585	0.4044	-0.1360	-0.5055	0.0279	-0.0515	1.8855	0.2860	-0.4803	0.7802	-1.5415	0.6470
3.4382	0.4585	1.0013	0.1192	3.2257	-0.6843	0.4036	0.2648	-1.1438	-0.6241	-0.7241	0.8233	0.1527	1.0429	-0.1421	-1.7678	-0.5448	0.2800	-0.5380	-0.5484	-0.2919	-0.2789	0.8829	-0.6137	-0.2353	0.0588	-0.5727	-0.1421	0.1409	-0.3742	-0.4460	-1.6210	0.8016	-2.6586	-0.3976	-0.6516	-2.2484	-1.9969	-0.2084	-0.1552	1.4216	0.0077	0.4567	-1.2679	-0.2062	-1.5661	-0.1116	1.7049	-0.9799	1.9798
2.5178	-0.3220	0.4345	1.3311	-0.4189	0.9087	-0.3099	-1.0377	2.1666	1.9555	-0.2841	-0.1936	-0.1846	-0.0852	1.5880	-0.1293	0.4219	1.5551	0.0851	1.2691	2.0207	0.8934	-0.6655	-0.1752	-1.5970	-0.4835	0.8624	0.1085	1.0547	-0.9494	-0.7739	-2.1597	1.1860	-1.4148	-2.9784	0.3219	-0.3630	-0.5329	0.4079	1.3859	-0.2296	-2.5128	-0.4918	1.0270	-1.7040	-0.1906	-0.9586	-0.9061	0.1889	0.2056
0.8459	-0.4819	0.1689	-0.3732	-0.1794	0.1014	0.3615	0.3200	-0.1882	0.6048	-0.3339	1.8532	-0.5853	-0.4196	-0.6507	2.4738	0.8282	-1.9803	0.8175	-0.3586	-1.0036	0.7394	0.1793	-0.1829	0.6074	-1.0436	0.8605	-0.3287	2.0153	-0.2589	0.2844	0.8275	-0.6354	0.1788	3.5488	-0.1051	-0.1765	1.0953	1.0391	0.3605	0.0904	-0.1903	0.2019	0.9238	-1.1088	-0.2444	0.4034	-0.0805	1.3658	-0.1745
-0.0587	-0.7250	0.0434	-0.5926	-0.3950	0.4012	0.7056	0.2481	0.9046	2.2336	0.2211	0.0352	1.0123	-0.7302	0.2247	-0.2426	0.8435	1.0293	0.2097	-1.2302	-0.7800	0.0094	0.5876	-0.7213	-1.5069	0.1195	0.9189	-0.0691	1.2923	-0.3218	0.2416	-0.8054	-0.0130	0.6205	0.3749	-0.4536	0.9158	-0.1662	-0.5365	-0.2427	0.5298	0.8492	1.4223	0.0150	-0.9091	1.7540	0.4562	0.5196	0.3993	0.1136
-0.1227	2.3876	-1.3515	-0.5543	-1.0288	-0.3730	1.3372	1.1198	0.0111	0.0787	2.4749	-0.4881	0.1066	1.9792	-2.2550	0.3383	-1.9268	0.3811	-0.4449	0.7557	-1.0919	-1.1320	-2.0796	-0.7034	0.3044	-1.7302	0.3890	-0.6104	0.7320	-0.2633	-0.1200	1.0596	0.3637	1.1986	1.2927	0.8660	0.8198	-0.1480	-0.1977	-1.6399	0.9072	-0.8840	-0.5634	-0.2824	-0.2222	0.6518	0.1715	-0.6188	-1.7800	2.0268
-1.2423	-0.4643	0.7359	0.7771	0.1356	0.2779	0.4541	0.7611	1.1252	0.5291	0.6381	-0.6518	1.8014	1.9330	0.0070	-0.8253	-0.3281	-0.2740	-0.5797	-1.3196	-0.0350	0.7651	0.9074	-1.5253	1.6046	1.8575	1.0421	-0.6604	0.2777	-0.4273	-1.0491	1.2370	0.8706	-0.4581	0.1211	0.8189	0.1669	0.3953	-0.5561	-0.6292	1.0402	0.7333	0.0185	1.1352	0.7342	0.9690	0.2440	2.0045	0.5590	0.2789
0.2041	-0.6675	-0.2112	-1.3991	-0.1113	0.5405	0.6070	1.0042	0.3137	0.9362	0.9657	0.5573	-0.0907	1.3196	-0.6123	0.4957	0.4045	0.3104	0.2801	0.0791	-2.1034	-1.3328	0.1507	-0.4595	0.9344	0.2920	0.1083	-0.3657	1.1075	-0.7591	1.0638	-0.3819	-0.3473	-0.3525	1.6451	-0.1588	0.5588	0.9887	1.2595	-1.3272	1.2471	-0.6520	-0.2689	1.5482	0.2278	-0.9473	-0.1644	-1.9119	1.3573	0.5821
2.0141	1.2850	0.6321	0.9625	-1.7147	-0.1325	0.3540	0.0686	0.2191	-0.1432	-0.8829	1.0532	0.0774	-2.1797	0.2112	-0.7419	-1.0789	0.6730	-0.3246	-1.3205	0.3224	-0.0702	0.5830	1.5166	-0.8850	2.1922	0.7630	-0.6668	1.0867	-0.1978	1.1221	1.3894	-0.4316	-0.1266	-0.8085	-1.1477	0.2429	0.3793	0.8854	0.2940	-0.0118	0.0054	1.0492	-0.0053	-0.0215	-0.8067	0.1487	0.7775	0.0903	0.1733
1.8454	0.6648	1.7068	2.5701	0.6949	0.7913	0.5879	0.3141	1.2880	-0.7480	0.8425	0.0055	-1.1718	0.5546	-0.1788	0.4001	-2.0141	0.8946	2.1094	0.3654	-0.5599	0.4917	1.3526	1.6471	-0.6090	1.6911	-1.7331	-0.7819	0.7749	-0.8829	1.9759	0.3220	-0.7690	-0.7299	-0.2603	-1.4783	2.2101	1.3878	1.2525	2.0260	-0.2584	0.6051	-1.5029	1.5940	0.4707	0.5815	3.0785	-0.1675	0.7803	-1.9119
-2.0421	-0.0022	1.0506	1.1377	-1.0366	-0.8453	1.0246	0.5433	1.4725	0.4001	0.6672	-1.5081	1.1546	0.3952	-0.1459	-0.4051	0.3385	-0.2061	-0.2895	-0.7976	0.3942	0.1171	-1.5672	0.7306	-0.0436	-1.0141	0.7261	-0.5031	-0.0138	-0.3422	-1.9647	0.2186	0.6945	-0.6685	-0.3577	0.5811	-0.1216	-0.4065	0.2670	0.1923	-0.3405	0.1459	1.1615	-0.9303	-0.1248	0.2844	0.6105	-0.2410	-1.7968	1.5326
-0.8307	-1.5084	0.4420	0.8637	-1.6438	-1.8638	0.5696	0.0765	0.8829	-0.4246	-0.9204	-0.5747	-1.5028	1.7312	-0.8748	1.4585	1.1140	-0.0101	0.9707	1.0488	-1.9437	0.6394	0.4203	-1.1849	0.6594	0.6505	-0.0868	0.9013	1.9463	-0.2133	0.1825	0.2767	0.2271	0.7424	0.6685	0.7897	0.8073	0.1956	-0.4365	1.0512	1.1147	-0.9352	-1.3604	0.1618	-0.6126	0.6379	0.5791	-1.2918	-0.7660	-0.7985
2.1143	-1.6988	1.0212	0.0206	1.3648	0.4341	-0.9040	0.6901	-1.8835	1.4028	-0.4163	1.5661	0.1915	0.2316	0.1316	0.4458	-0.6691	-0.0181	-0.4532	-0.4726	-0.2577	0.3675	-1.6855	0.3947	0.9985	1.3947	0.1003	0.4119	-0.1333	0.8049	0.7337	-1.0117	-0.4961	0.1324	-0.3659	0.6103	0.8577	0.6954	-0.0995	-0.0761	-2.8576	1.5520	1.9775	1.0840	1.4689	1.2427	-0.8440	-1.6512	-0.7847	0.1934
-0.6568	-0.3808	0.8769	0.7105	0.8931	1.2938	-0.1228	-0.7318	-0.8845	-1.6997	0.2008	-0.3429	0.5570	1.0506	-0.0422	0.0158	-0.2221	0.8117	-0.0473	-0.2530	1.2286	0.3635	0.8010	1.1913	-0.1455	0.1950	-1.5037	0.1782	0.6250	-0.0010	-0.2736	-0.5248	-0.4683	-1.4897	-0.4022	-0.3104	-0.1427	-2.4077	0.1530	-1.7468	0.1301	0.3007	0.5158	-0.3725	-0.2465	0.6746	1.1495	0.2375	-0.1900	-0.2851
-0.5209	0.7749	-0.6244	-1.3802	-0.4028	-0.0254	0.7903	0.5936	-0.6774	0.3539	-2.4476	-0.7179	-0.3072	-0.4490	1.1772	-1.8707	0.8132	0.7642	-1.3322	1.5598	-0.2628	-1.1333	0.0493	0.6187	-1.0235	-1.1984	1.4043	0.7464	-0.5192	0.3203	-0.0705	1.1199	1.6616	0.0105	0.0820	0.1452	1.3364	-0.8180	-0.6246	-0.1976	-0.1800	0.2763	-0.0970	0.1191	-0.1694	1.2175	2.0360	-1.1039	-1.2285	-0.5035
-1.0149	1.6494	-0.9626	0.3394	-0.4897	0.4500	1.3535	-0.2239	-0.1192	0.3168	-0.4429	-0.3958	-0.1024	0.1392	-2.0547	1.3978	-1.1956	-1.2899	0.6019	-1.7043	-1.0817	0.1250	1.4273	1.2715	0.4119	-0.1856	-0.7127	1.1820	-0.1379	-0.8170	0.2564	-2.6441	0.0513	1.9510	0.2658	0.5938	1.0967	0.3550	-0.0798	-0.7059	0.2022	-0.0256	0.7974	-0.6784	-1.0332	-0.3030	-0.7648	0.6654	1.1240	1.0292
-1.2203	0.2635	1.5386	-0.6860	0.4266	-0.4708	-1.0830	0.2675	0.2159	1.1869	-1.8883	0.2656	0.8829	1.1589	-0.6185	0.0099	0.7491	0.1163	1.6470	-2.4105	0.3917	-1.7088	-0.0287	0.0078	-0.3753	0.7756	0.9303	0.6343	1.0117	-0.4248	0.3283	-0.6129	0.1701	1.4690	-1.1927	1.0373	-1.8158	0.3121	-0.7555	-1.0669	0.1560	-0.0082	0.2840	-1.1783	0.8924	-0.6953	1.2685	0.4474	-1.6345	-1.5438
2.1640	1.3708	0.1991	-0.2619	-0.8341	1.8408	-0.9484	2.0038	-0.3072	-0.4873	1.8931	-0.1039	0.5114	0.5293	-0.8348	-0.3209	-0.3062	-0.6687	0.4974	-1.5870	-1.5161	-1.0967	1.4746	-0.7887	0.1808	0.9070	-0.0472	-0.0278	-0.2986	-0.9244	1.7829	0.4722	1.0502	-0.2114	0.3809	0.4303	1.9220	1.7170	0.8797	0.7630	-0.8127	0.2839	-0.0214	1.2202	1.0924	0.1375	-0.9369	0.3828	-0.3973	-0.4118
-0.4245	-0.4347	1.5309	-0.1926	0.0334	0.3101	0.2020	-1.1164	-0.3854	1.0558	0.7890	-0.3687	1.0459	1.8546	0.3800	-0.2200	0.5174	-0.2111	1.4099	-0.6302	1.6613	0.5144	0.0633	-0.0312	0.1329	0.1606	-0.1726	0.0564	0.3927	2.1641	-0.7819	-0.9941	0.9246	-0.0798	-0.5797	-0.0763	0.1472	-0.0848	-1.2346	2.1964	-1.1044	0.0974	0.4308	0.4798	1.1493	0.6520	-0.8252	0.0490	0.5761	1.7617
-1.0791	0.8910	-0.6413	-0.4180	-1.1894	0.8114	1.1624	1.6539	-0.3240	0.2669	-0.7508	-0.9220	0.5692	-1.4895	-1.5199	-0.3965	0.2084	0.8345	0.2382	0.3012	-0.9240	-0.3487	-0.2136	1.1521	-0.3122	0.8286	0.0764	-0.5402	1.9169	0.0725	-0.2567	0.1078	-1.2266	0.3418	0.5359	-0.5873	1.1310	1.3375	0.7209	1.0038	0.0895	0.3196	0.9955	-1.0566	-0.7091	-1.0017	-0.1927	0.2579	-1.4176	0.8101
0.7614	1.6765	0.9431	1.9905	0.7611	-1.0027	0.7193	0.2860	1.5395	0.9196	-1.0006	-0.8083	2.0225	0.3815	1.4027	0.4469	-1.8892	-0.1672	-2.2010	-0.1200	-0.3136	1.8646	-1.8627	0.9142	0.1408	-0.9512	1.0447	0.0148	1.3121	1.9708	-0.8262	-0.0643	-0.6063	0.2830	-0.0231	-0.5778	-1.2618	-1.6302	0.0189	-1.3839	-1.2663	0.1844	-0.8190	1.6250	-0.3427	0.6223	-0.1964	-0.9255	0.5476	0.2944
0.1159	-0.1947	0.3889	-1.0142	-1.2986	1.1477	2.0649	-0.0016	0.9649	-0.0681	-0.8346	-0.1333	0.2161	0.8554	0.6248	0.4809	0.7579	-0.0378	-1.0056	-0.4675	-2.6906	1.6695	0.1991	-1.2014	-0.1123	0.8603	-1.0483	0.1047	0.4500	-1.6496	1.4888	0.4621	-0.3249	1.4139	0.1101	0.5086	-0.7180	0.6270	1.3042	0.8095	-0.5705	-0.4907	0.4358	0.5770	-0.7716	0.3288	0.8391	-2.2479	-1.0346	0.5846
0.8133	0.8729	-0.9108	-1.5251	0.9148	-0.5985	-1.3923	0.9853	-0.3903	0.1559	1.0305	-2.0162	-1.2033	-0.4930	-1.1840	-0.8132	-0.0080	0.2798	-0.9500	-0.6362	-0.7052	0.4270	2.0580	0.1300	0.2054	0.9290	-0.2930	2.2251	0.2607	-0.7862	-0.5718	1.5112	-1.0677	-0.5572	1.5777	0.5448	0.0750	-0.9848	-3.1286	-2.2256	0.6485	-0.4760	-0.6036	0.8208	0.4473	1.1425	0.3427	-0.0238	0.0160	-0.9319
-1.4527	-1.8829	-2.1615	-0.1966	1.1758	-0.3656	0.5970	0.3732	0.5365	1.9305	2.6648	-0.7934	0.9738	0.7172	1.3563	0.7338	-0.5202	-0.4645	0.5708	0.1080	1.5834	0.0712	0.9935	0.1488	3.0409	-2.0591	0.6445	-0.0967	0.8012	-0.8342	-0.5003	0.4600	1.7949	1.6730	0.7043	-1.6532	-0.4390	0.9797	2.3576	0.6052	0.0749	-1.6044	-0.0727	0.8976	-0.9244	-0.8939	0.2032	0.2034	-0.2082	0.2251
-0.4788	0.4104	0.9226	1.0168	0.7108	0.8195	-0.7326	-0.1848	1.0404	0.6273	-0.6068	-1.3917	-0.8606	-0.8627	1.5903	-2.0932	1.7762	-0.5358	-0.1801	0.8683	0.2964	-0.4976	-0.0484	0.6660	0.0695	-1.3428	-0.2098	-0.4061	-0.8708	-0.6228	0.6991	-2.1009	-1.0725	0.5718	0.4268	1.5245	0.4282	1.3595	-0.1906	0.3132	-1.8786	-0.5755	1.0676	0.0007	-0.7017	-1.7370	-0.1656	-1.1871	0.1714	-1.1392
-1.6961	0.7777	-0.6438	-0.2086	-0.0851	-0.3110	-0.8511	-0.6164	-0.4702	-0.2523	0.3383	-0.7486	0.3682	1.0699	-0.1592	-0.6108	-0.0266	-0.3254	-0.0103	-0.1716	-0.7364	0.1425	-1.3538	0.4951	-0.7840	-0.2095	1.1464	-1.7856	-0.8758	-1.2693	-1.1072	-0.1040	0.7333	1.0100	-0.5149	-0.6083	-0.1350	0.2416	1.9728	-1.4909	-0.1878	-0.0659	-0.3224	-0.8075	0.2021	-0.2558	-0.1236	-1.3254	0.0225	-0.1059
-0.4416	-2.1015	-0.4266	-0.7173	-0.2153	0.1595	-1.5608	-0.3157	0.2102	0.7160	0.9701	1.3471	-1.5161	1.1828	0.5840	0.0023	1.9547	-0.3113	-2.0909	-0.5676	-1.0252	-0.5640	-0.0448	-0.1099	1.1798	-0.6199	-0.7330	-0.7217	0.5043	-0.2729	0.2484	-1.0496	0.8165	-0.9401	0.0316	0.7023	-0.3342	-0.5494	-0.1137	1.3686	-0.0701	0.5320	-0.6604	-0.3532	0.1606	-0.3956	-0.4201	-0.9211	0.9218	-0.2202
0.1976	0.1795	0.6165	1.6604	-1.8097	0.7028	0.4339	0.7816	-0.1164	-0.4818	-0.5639	0.8452	0.3345	-0.3219	-0.3269	0.7757	-0.5674	0.5195	-0.0120	-0.4252	-0.5100	0.5655	1.5877	0.0787	0.3815	-0.4185	2.5083	-0.7144	0.1392	0.8605	0.7184	-0.8225	-0.7441	-1.4971	-2.1053	0.3285	0.4156	0.8170	1.5073	-0.9427	0.3408	0.7802	-1.4651	1.1551	-1.7773	0.1192	1.1409	-0.9571	-0.2311	0.9760
0.2134	-0.3985	1.2114	0.0135	1.6400	-0.0828	-0.7888	-0.2808	-0.7801	0.5051	1.7171	-0.8292	0.2992	-0.0851	0.4647	-0.6313	0.7613	-0.4108	-0.4627	1.6590	-1.2520	0.5151	0.9538	-0.6189	-0.7600	1.0260	-1.3588	-1.0113	-0.2744	-0.1795	-0.7380	-0.8412	-0.2705	-0.1172	0.4512	1.0130	-0.1140	0.1354	-0.7267	-1.0716	0.9089	0.1518	-0.2188	0.1070	-3.0318	0.4880	-1.3043	2.5508	1.0855	0.0457
0.9106	-0.0125	0.0357	0.3558	0.8197	0.5799	-1.1745	-0.2600	-0.8286	-0.4190	-1.2597	-0.7123	-0.1482	-0.9887	-1.8405	-0.2418	1.1092	0.1591	0.4527	0.8576	-0.7695	0.8938	0.1317	0.4592	-0.2405	-0.1898	0.0082	-0.3138	0.2931	0.9474	-2.6191	0.7754	0.2881	-0.2347	1.7188	-0.3590	0.9851	-0.9680	0.8758	-2.3073	-0.0184	-0.7244	0.1741	0.4879	-1.5692	-0.6975	0.9670	1.3007	2.3335	-0.5089
-0.2335	-0.6555	-0.9686	0.1005	-0.2898	-1.0608	0.5920	-0.6980	0.7887	-0.0573	1.5302	0.9306	0.0826	1.0887	1.0264	2.1661	-0.8913	0.8517	-1.1736	-0.2561	0.2293	0.7016	-0.0561	0.0775	0.4399	-0.8295	-0.0967	-0.5342	-0.8805	-0.2359	0.7471	0.0096	1.1048	0.4070	-0.1090	0.9054	0.3097	0.3406	-0.4898	-0.3852	0.6384	-1.8798	1.5408	-2.3157	0.0872	2.0967	-0.3880	0.8431	-0.1318	0.4655
-0.3136	0.5770	-0.4685	-0.9754	2.1702	0.5196	-0.3233	0.9103	-0.3143	-0.7811	-1.8769	0.9594	-1.2682	0.5526	-0.1622	1.1623	0.0490	-0.8225	0.1417	0.9093	-0.7771	-2.0164	-0.9552	-0.0562	-1.4257	1.9244	0.3418	-0.5366	0.8018	0.9939	0.5220	1.2007	-0.1829	-2.3069	1.2516	0.1496	-0.6233	0.9111	0.7143	0.3916	0.1180	-0.6921	-0.1275	2.2278	-0.5640	-1.8718	-0.2452	0.4036	1.4123	0.4599
0.6580	0.3561	-1.4804	-1.3510	0.2790	-0.2042	0.8227	0.7437	1.8749	-1.1122	0.4599	0.8983	0.3824	-0.1640	1.1131	1.7278	-0.8454	-1.4567	0.8445	0.0363	0.3526	-1.0333	0.9522	-1.8143	2.2476	0.1990	-0.2690	-0.8775	-0.2001	1.7952	-0.7526	0.3380	0.7396	-0.6700	-0.9264	-0.3619	-1.1984	2.2440	-0.7200	0.6331	0.0037	0.7852	0.4829	-0.7988	-1.6178	-1.0857	2.2140	-0.0807	-1.2988	0.0091
-1.8361	-1.5853	-1.4180	-0.2578	-0.3116	-2.0393	-0.4736	0.0705	0.9384	-0.1279	-0.3591	0.7748	0.7144	-0.0720	0.1754	-0.6776	-0.6529	0.0169	0.9013	-0.8076	1.2898	-0.1644	-0.2082	-1.0115	0.4407	-0.3654	-0.3363	-0.1094	-0.5308	0.4463	-0.5808	-0.6872	-0.4222	-0.7057	0.6157	-0.5386	0.6417	-0.2306	0.0688	0.6810	0.2546	-0.3632	-0.1736	0.6746	-0.0945	-0.8654	0.7057	-0.7610	-1.1289	-0.1326
0.8472	-0.0676	1.6397	-0.9123	-0.6230	0.8375	0.4002	0.0153	1.0524	0.5248	0.3559	0.0418	-2.2430	-0.2245	0.3924	-1.0868	2.1238	0.4591	0.8048	-0.9117	2.0772	-1.0643	-0.5152	-0.0459	1.3400	-2.5016	-1.9466	-1.6116	0.5580	-0.8161	-1.3431	-0.6786	-1.2458	0.9042	-0.6588	0.4611	0.0285	0.7531	0.0336	0.4151	0.5291	1.2623	-0.2358	-0.1673	0.0841	0.0058	-0.5439	1.3638	-0.3062	1.2510
-0.8863	0.2179	-0.1505	2.5196	-1.1212	0.0776	1.1215	1.0167	-2.5288	0.6956	0.9941	0.2528	-0.1064	1.4457	0.0965	1.0052	-0.2314	0.1051	1.0955	0.6562	-0.2408	-0.8160	0.3758	0.0021	0.2040	0.1901	-0.4494	-0.4511	-0.9625	0.0045	1.0600	-0.1691	1.0834	-1.4382	-0.8125	-0.8179	-0.2229	0.6838	-0.1372	-0.2519	-0.5167	0.4871	-0.0132	-0.8600	1.3112	-0.4437	0.2041	-0.6726	-0.9564	-0.1503
0.1864	-0.0203	-0.6135	1.3547	0.4072	-1.8469	-0.2445	1.8268	-0.5689	-0.0022	2.5118	-0.3180	-1.6684	0.6007	2.2441	1.3867	1.0674	0.7810	0.2686	-0.3147	0.1429	0.9882	0.6705	0.2440	-1.3300	-0.7029	1.3771	-0.7226	-0.4984	0.7804	0.1498	0.0147	1.0210	-0.4402	0.2668	0.9547	1.3963	-0.5519	0.6564	0.0596	0.3297	-0.3968	0.8232	0.3733	-2.3174	0.5351	0.2660	0.8870	0.6923	0.4944
-0.5733	-2.1427	1.2430	0.0258	0.4156	-0.7976	0.1315	-0.9925	1.4887	-0.0178	-0.4723	2.3071	0.3845	-0.9753	-2.4173	-0.4479	1.3195	-1.2397	-0.8743	0.2340	1.0012	1.1300	0.2995	1.1401	0.0561	1.4370	0.6152	-0.4564	-0.2158	-0.1691	-0.5270	1.4100	0.3636	-0.4233	2.2471	-1.9048	0.0461	1.6018	0.5542	2.3879	-0.8551	-0.6864	-0.9966	1.0390	0.0365	0.1800	-2.5785	0.0037	-0.1635	1.4624
0.3903	0.7566	-0.0853	-0.5682	0.2122	-0.3912	0.5455	-1.3014	1.3608	0.2842	0.0498	0.4813	-1.2554	0.9357	-0.1035	-1.1514	0.0094	-0.5245	0.5668	0.4395	0.2092	0.3400	-1.2867	1.3717	1.5500	-0.0201	-0.7132	1.8115	1.5481	-1.7698	0.5128	-0.8132	0.0411	-0.6769	-0.9089	-1.0434	1.5573	-0.4313	1.5645	1.1937	-0.8233	0.5263	0.6616	0.7866	0.3150	0.3747	0.3951	-0.2698	1.2402	0.1849
-0.5190	1.7087	1.3873	-1.2702	0.2816	0.5180	1.6644	1.7220	1.9311	-0.0287	0.2944	-0.5726	1.1840	-1.9152	0.5495	-1.3797	2.6977	-0.7702	0.8860	-1.3141	0.5877	-1.0308	-0.3858	-0.0243	1.7697	0.8148	1.0642	-1.2493	-0.4989	-0.4450	-0.3746	-0.4798	1.1355	-2.0453	-0.5655	-1.1079	-1.2664	0.9452	-0.6490	1.0847	1.3057	0.1405	0.0113	-1.0595	1.0775	0.3027	0.0220	0.3227	-1.0195	-0.5497
-0.1181	-0.1767	-0.4349	1.5461	-1.0763	-1.4646	0.2701	-0.1339	0.0836	0.2945	-1.1135	-1.5295	0.8654	0.1281	2.0339	0.3062	-0.6483	-0.1619	-0.1538	-1.5426	0.3052	1.1536	-0.2836	1.0502	1.0863	0.7612	0.0911	-1.2044	0.8225	-0.3735	0.1167	-0.5515	-0.1610	0.6414	0.7295	-0.0198	0.7040	0.0881	0.6197	0.5503	-1.5054	-0.0378	0.6183	0.6269	0.6849	-0.8323	-2.4155	0.0626	-2.0569	-0.9807
1.3970	-0.2231	0.2401	0.0666	1.2926	-0.2775	0.0040	0.7576	1.3298	1.5533	0.1061	-0.4087	-0.1403	0.6336	-0.0255	-0.5969	0.5396	-1.7918	1.5850	-0.1970	-1.3523	-0.3900	1.0964	1.1643	-0.6196	-1.1062	-0.0924	0.5688	-0.6024	0.8273	-0.2589	-0.1038	-0.9039	0.9862	0.7928	-0.6041	0.7405	-0.6294	2.5881	-0.3785	-1.1704	-1.5471	0.0033	0.9776	1.3189	-0.9709	0.0226	-2.1612	-0.8289	0.4432
1.4668	-1.3464	1.2599	-2.6426	0.4244	0.4350	0.1429	-0.2790	0.9859	-0.8826	0.3793	1.6253	-0.7704	-0.2919	-0.7582	-0.9921	1.1765	-0.0594	0.9277	0.1434	0.9174	0.4081	0.0371	-0.1536	1.1483	0.3669	0.2918	-1.0969	1.0044	1.2654	0.1655	0.4667	0.3304	1.2679	0.6754	-0.2603	0.3041	-0.9317	-2.3694	-0.3007	0.4707	0.3631	-1.1448	0.1707	0.5495	1.1378	1.9959	-1.3852	0.7515	1.1456
-0.0933	0.5385	-1.1030	-1.1364	0.7208	-1.1127	-1.1723	0.3614	0.5436	-1.8523	-0.1617	0.5325	-0.4055	0.7221	-0.4571	0.0648	-0.1219	1.5601	-1.4822	0.7194	-0.5644	1.2180	0.7526	0.3192	-1.1202	0.5171	0.9800	-0.4730	0.4041	1.7576	-1.2920	0.1029	0.3108	-0.4036	0.3658	-1.4057	-1.2611	0.3535	1.6896	0.8700	1.9265	0.8447	-1.3215	-0.8005	1.0638	-1.0491	-1.0692	-0.7671	0.5947	0.0465
-0.9891	0.3500	-1.2061	-0.6136	-0.6016	1.7839	-0.0715	-0.4861	-0.2116	-0.3776	-0.3378	-1.3501	0.2273	-0.4896	1.3757	-1.7862	-1.2872	1.9283	1.5201	-0.3993	0.1447	0.2581	0.4515	-0.3213	-0.5267	1.7325	0.6194	0.0361	0.8164	-0.1672	0.7975	1.0789	0.4596	0.3346	2.1680	0.2847	-0.6774	0.0590	-0.3638	-0.3337	0.3643	0.5542	-0.1579	-0.5041	0.2817	0.9191	1.5828	1.2045	-0.0299	0.4497
0.8047	-0.5676	0.2600	-0.3200	-0.8791	-2.0037	-0.2257	-0.0305	-0.4698	0.6807	0.0534	-0.1870	-1.3927	0.1999	-1.0308	-0.7936	-0.7755	1.5955	-1.5691	-0.4714	-0.2396	-1.5825	-0.1402	-1.0952	-0.4321	-1.9546	0.0536	-1.8785	2.4135	-1.1351	0.8533	1.1617	1.2789	0.3317	0.5452	-0.0809	0.3413	-0.6490	-0.8790	-0.0933	0.1044	-1.3594	-0.7603	0.2718	0.4346	2.0482	-0.6885	0.4447	0.2142	0.4183
-0.8340	-2.2713	0.9167	0.3470	0.3828	0.1774	-0.7222	1.1187	-0.2466	-0.6336	0.1160	-1.7346	-0.8481	0.0651	0.6211	0.0076	-0.0293	-0.4398	0.2015	-0.0215	1.4060	-0.1684	-0.8240	-0.8448	0.0141	-1.5526	0.2969	0.3622	1.2881	-1.8859	-0.5005	0.7916	0.9358	0.6862	-0.6289	0.3804	1.1753	0.0946	-3.3153	2.8884	0.7873	0.2278	0.3639	0.0179	-2.1621	0.9279	1.3280	-0.8778	0.3951	0.7961
-0.9296	-1.6388	1.0175	0.7838	0.4520	-0.7923	0.1549	1.4013	-2.2069	1.1054	-0.8216	1.6321	-0.2305	0.3137	-1.4994	-0.1251	-0.1739	0.4461	-0.6575	0.4768	-1.3412	1.4272	-0.1641	-0.5242	-0.5444	-1.5313	-0.1505	-0.5950	-0.8431	1.8270	2.0251	2.0712	0.3010	0.9116	-0.5243	-0.3993	2.5377	-1.0687	-1.2303	-0.3591	-0.2889	0.2283	-1.2059	0.3086	0.3097	-1.1453	-2.4565	-0.7441	-0.2577	0.7647
-0.1943	1.5996	1.3484	-0.5508	-0.1336	0.1057	0.9356	0.7709	0.5612	-0.5344	0.4918	-1.3230	-0.4529	-0.9964	0.0599	-0.9394	2.0215	0.1728	0.2589	-0.4202	-0.0329	1.2954	-0.4111	0.9339	0.6846	0.4976	0.7344	-0.3651	0.1603	0.5645	-0.8941	-0.5557	0.3098	1.5303	0.2721	0.1943	1.6604	-0.2339	0.7606	-0.8250	0.1716	-1.5929	-2.1735	1.3470	1.7008	-0.6452	-0.2010	0.9951	0.3580	-0.3197
-0.7998	-2.6445	-0.9450	0.1284	-0.0187	-0.2665	0.6186	-0.0063	-1.1923	0.0268	-0.1630	-1.7243	1.0219	-1.7510	-0.2785	1.1947	0.7633	0.0326	0.8540	-1.3804	0.8706	-0.3078	-1.1991	-0.2445	0.1493	0.1698	0.7494	0.8231	1.3449	0.2940	1.4032	-0.2231	-1.1963	-0.0102	-2.0715	-0.5862	0.8405	-0.5441	-0.8475	0.5500	0.3028	0.6998	0.4236	0.9303	0.2854	-1.0857	-0.4472	0.3367	-0.0270	1.4076
-0.1310	0.6462	-0.5488	-0.5805	-1.3203	0.8316	-0.5091	-1.5408	0.5774	-2.3131	1.0879	1.4768	-0.8823	-0.3187	-1.1015	0.3050	0.5642	0.2799	-1.4499	1.3634	-0.5513	0.2977	0.4585	-1.1068	1.8926	-0.0753	-1.9191	0.2299	-0.6057	0.8889	4.1793	-0.4872	-0.0504	-0.9627	1.1144	-0.6903	-0.3906	-1.4078	0.7196	-1.7501	-0.9545	0.3754	0.8435	-0.0301	-1.4574	1.0973	-0.8150	-0.0015	-0.4704	-0.5989
1.4591	-0.6548	-0.6310	-0.4813	0.8241	-0.4031	-0.3119	0.2036	-0.2312	-0.4593	0.7259	0.6518	-0.0156	0.9097	0.6450	-0.5523	0.3309	-0.2335	-0.7487	1.0236	0.1911	-0.5481	-0.5683	1.1599	-0.4977	1.1945	0.7197	-0.8252	0.5620	0.1123	-0.5585	-0.1804	1.2566	0.3573	1.0719	-0.4468	0.9711	-0.7989	-0.3526	-0.1265	-1.2063	0.5256	-1.5824	1.2402	-0.3333	-1.3421	0.1890	1.0252	1.3081	0.4852
0.5563	1.0843	0.6054	-0.4722	-0.9064	-0.1356	-0.3897	0.1927	-2.0318	1.7978	0.6535	-0.6529	-1.0100	1.2686	-1.3878	-0.7747	-0.7344	0.0425	1.4888	0.6121	-0.0776	1.6833	0.8997	-1.4238	-0.0565	-1.8855	0.0233	-0.3785	-1.1433	0.9321	-1.6253	0.3091	-1.4865	-1.6080	0.3327	-0.5264	-0.8011	0.0468	1.0658	-1.0840	1.1959	-0.2216	0.2825	0.5633	0.3016	0.6422	0.2406	0.8763	-0.3487	3.1140
1.1974	-1.0381	-0.5874	0.6240	-0.5631	-0.0344	0.8722	-1.1997	-0.2800	0.8663	-0.0070	-0.3207	1.1844	0.2292	0.7173	-0.0189	1.4234	0.1178	-1.5564	-1.8174	0.7388	1.3839	-2.2643	-0.2591	-2.3166	-1.2634	-0.0711	1.1269	-1.1049	0.2969	-0.0713	0.1112	-0.8122	-0.3074	0.0094	1.0353	0.1334	0.2187	-0.0486	1.0974	0.0695	-0.5541	-1.1177	-0.4532	-1.5012	-1.2349	-0.3214	-0.9743	-0.3911	0.1344
-0.1341	1.0348	-0.1224	0.7219	3.7480	-1.3010	1.7343	-0.0524	0.4809	-0.7748	-0.0278	2.6772	-0.3912	0.5922	1.3531	-0.5602	0.1557	-0.6222	-0.3415	-0.2515	-0.9783	0.3241	0.2012	-1.0890	-0.1115	0.2633	0.8024	1.1521	-1.5507	-0.8061	0.2980	-1.2092	-1.4821	0.7913	-0.9991	0.7429	0.4478	-1.2326	-2.3863	-1.4599	-0.7772	-0.6930	-1.4313	-0.6593	0.8717	-0.1581	-0.7266	-0.5248	-0.8192	-0.5338
-0.2639	-0.6535	-1.1485	-0.8391	0.8417	-0.4128	-0.3108	-0.1121	-1.6476	0.1025	-0.2916	-0.5385	-0.7160	0.5318	-0.5741	1.0236	-1.5896	1.9389	-2.0608	-0.8439	1.1334	0.9873	1.9850	1.9253	1.8460	0.3213	0.9007	-2.1126	-0.4711	0.7076	0.5830	-0.7553	-0.3182	-1.3364	0.0262	0.3870	0.3467	1.6161	1.7227	0.6278	-0.0891	1.6196	1.0696	-0.1621	-0.3919	-0.4690	-0.6993	0.1316	0.3775	-0.0086
0.0795	0.3795	-0.0996	1.6264	-0.4029	0.8942	0.2525	-0.8308	-0.5180	0.7731	-0.2910	-1.6390	-0.2208	0.5833	-0.9353	1.2006	0.2220	0.2225	0.8706	1.3786	-0.5122	-1.0365	0.1939	0.3124	-0.9253	0.7664	-0.0516	-0.8080	1.6641	0.7391	1.5150	-0.6837	0.7782	0.2125	-0.8635	-0.2052	0.5233	-0.5570	1.0951	-0.8048	0.5950	2.3221	0.2858	0.2671	1.6943	0.8274	-0.7198	-1.5681	1.6531	-0.8660
1.0075	-0.5653	-1.0111	1.8207	-0.2846	0.4342	0.4949	0.6653	1.1904	0.7182	0.5074	-0.8026	-1.5245	1.1003	0.0235	0.6714	-1.3055	0.2531	-0.1760	-1.4078	0.0064	0.3292	-1.5906	-0.4731	0.7540	1.3017	-0.8742	-0.9937	0.6458	0.7984	0.6308	0.7459	0.1059	-1.2483	0.0812	-1.6110	-0.2594	0.1426	-1.0016	1.2578	0.0787	0.2444	-1.5038	0.2514	0.1644	-2.5973	0.1791	-0.6300	0.5129	1.0969
0.5722	1.0939	0.2683	0.3064	-0.9638	1.0901	-0.4400	-2.9856	1.3530	1.6108	-1.2270	-2.0351	0.3569	0.3859	-0.5484	0.1120	0.2589	1.1225	0.3197	-1.2835	-0.2450	1.1170	0.4594	0.1521	-0.5352	1.3708	0.3359	-0.2834	1.2392	-1.5506	0.9985	-0.7756	-3.2392	-0.2830	-0.5193	0.6753	0.2465	-1.8328	-1.2150	-1.1915	-0.5203	0.1202	0.6985	-0.1106	0.0189	1.1203	0.5789	1.0898	1.2882	-0.4581
-0.0546	-1.7972	-2.1524	0.4003	0.3690	-0.2720	-0.4240	-0.1301	-0.7514	0.1834	1.3537	0.7526	0.5620	-0.6783	-1.1422	-0.5246	0.6035	2.3151	0.6874	0.9788	0.7832	-0.0040	0.2437	1.7329	0.1254	1.2818	0.5662	0.2489	0.1619	1.4382	-0.7147	1.0905	0.3875	-0.5684	-0.0751	-0.4300	1.0688	0.7620	-0.2496	0.6861	-0.2560	-0.3095	1.4077	0.3849	-0.3417	0.8475	-0.0992	-1.5793	-1.3880	0.9403
-0.9032	0.4336	0.6641	-0.1609	-0.2999	0.2495	-0.2976	0.9561	0.9880	-0.4906	0.6891	-1.6840	-1.8688	-0.9097	-1.0765	-1.0762	-1.8861	0.6370	0.1158	0.3300	-0.9028	-0.4025	0.8075	-0.6057	0.2086	-0.2702	-0.8541	0.2383	-1.4470	-1.0160	-2.4620	-0.8435	-0.1030	0.1321	-0.2741	-1.0119	0.5977	-0.0134	-0.4453	0.6942	-0.8913	-1.1642	0.3499	-0.1497	-1.4094	0.4703	0.9898	-1.0411	-1.7564	0.1934
-2.3796	-0.6231	1.4866	-2.8806	0.6857	-0.3393	1.4886	1.3733	-0.8189	-0.2108	-0.9188	-0.2645	-0.4395	-1.4957	-0.0292	0.3147	0.0057	1.9592	-0.6660	-0.0057	0.9735	-0.8019	-1.2784	2.7920	0.0887	0.8394	-0.8808	-0.2439	-0.1564	1.7201	0.1550	-0.6538	0.3394	-0.5483	-1.5360	0.8272	0.1977	-0.2265	-1.0713	-0.6556	0.9780	0.8557	0.4643	1.5917	0.5870	-0.8489	0.3878	0.8724	0.3541	1.3698
1.5220	0.9683	0.2184	-1.9741	-0.4221	1.8863	0.3692	-2.1843	-0.2749	-0.9013	0.2581	-0.3367	-0.2220	-1.3689	1.1227	0.2983	-0.3230	0.7615	0.7348	0.0102	2.3304	1.2662	1.2774	-0.5705	-0.4695	-0.2588	-0.2645	0.3988	0.1722	-0.9547	-0.2819	0.2320	-0.9181	0.2643	-0.4892	-0.4551	1.2816	1.3141	0.3745	-0.3155	0.6308	0.3418	-1.5476	-1.7999	-0.8042	0.6655	1.3289	0.3372	1.5221	-0.3028
0.8349	0.1516	-0.1864	-0.6836	1.1490	-1.4883	-1.0787	-0.6722	-0.1912	-0.5615	0.4258	-1.6038	-0.1781	1.8948	0.3920	0.7539	-0.2897	-3.2466	-1.2213	0.5183	-0.5862	1.0666	0.0533	0.1527	-0.0444	0.2854	1.1361	-1.2559	0.8958	-2.3583	-0.0409	-1.4575	0.6269	1.1704	0.5002	1.0031	2.4071	-1.0776	1.4308	0.0350	-0.7733	-2.0878	1.4348	0.0243	-0.1216	0.8848	-0.3235	-1.4427	-1.9318	-0.0285
-1.5103	0.0772	0.0070	-0.2900	-0.9224	0.3292	-1.9461	1.5827	-0.3057	0.3667	1.2269	0.1876	-0.2310	0.6105	-0.2687	-0.6430	-0.5815	-0.2958	0.6498	0.3166	-1.0731	0.7971	-0.0176	0.2607	-1.4230	-1.6749	-1.5316	-0.3504	-0.8577	0.8985	-2.1976	-0.4729	-0.3405	-0.6090	2.4532	-0.4270	-0.4025	1.6292	1.4517	-1.6427	1.9344	-2.4497	0.9178	-0.9925	0.8368	-0.5693	0.5511	-0.4949	0.2489	-0.3574
0.4670	0.5401	0.4525	-0.7965	-0.4242	-1.0844	0.1748	0.5793	-0.9807	1.8138	-0.1121	-0.1696	-0.8413	1.1231	-0.0114	-0.6528	1.6499	0.1126	-0.4803	-0.2368	2.4786	0.1497	0.7063	1.5604	-0.6377	-0.3305	-1.6161	-0.3314	1.5762	0.5923	0.6615	-0.7143	-0.0584	-0.6313	-0.6949	0.2688	0.8088	0.3482	-0.2745	-1.4576	-0.5084	-0.5115	-1.6945	-1.1295	-0.1051	1.9143	-1.7323	2.0726	-0.6060	1.3679
0.6342	-1.5996	0.5131	1.9953	-0.4483	0.1277	0.2983	0.2298	-0.3330	-0.4085	0.3474	-0.5595	1.0358	1.2284	0.2605	-0.3305	0.0828	0.2847	-0.5486	-0.3522	0.6726	-1.9340	-2.4617	-0.1471	0.7579	-2.1318	-0.4364	0.6821	-0.4159	-0.6243	-0.6725	0.3115	-0.5350	2.9228	-0.3682	-0.7895	-0.8506	-2.2035	-0.2443	-1.2301	0.1249	-0.2692	0.8075	2.8093	1.0673	-1.4670	-0.0465	0.9770	0.3299	0.4073
0.6998	-0.8732	-0.6855	-0.0547	-1.6864	-0.4913	2.7144	1.3995	-0.2055	-0.4417	-0.1520	0.1204	1.2268	-1.8134	-1.0144	-1.9881	-0.1807	0.0035	0.7398	-0.5735	0.2429	-0.7663	-1.6253	1.1125	0.8834	-0.1558	-0.1748	-0.9153	-0.9250	-1.0514	-0.3184	-1.8243	-1.3281	0.1028	0.2975	0.5755	-0.7679	-0.8130	0.9597	-0.0918	-0.0097	-1.7503	-0.8078	-0.0946	0.4371	-2.1493	0.6238	0.0428	0.0849	2.0880
0.3554	0.6390	-0.4328	-0.5289	-0.0609	1.3282	-0.0702	0.9207	-0.0837	-0.4070	-0.6180	0.0690	-0.8541	0.4564	0.5840	0.8272	0.4649	1.7025	0.2876	-0.1467	-0.4899	-0.6036	-0.5073	0.6755	-2.5459	-0.2565	-0.6186	0.1813	0.1791	-0.9025	-0.2999	0.2189	1.3785	1.9773	-0.4222	-1.0708	-0.5071	-0.6523	0.8187	-1.0601	-0.0312	-0.0822	1.4724	-0.8169	-0.9516	-1.4591	-1.6167	2.2017	0.2680	-0.9530
1.2103	0.2368	1.1383	0.2252	1.2098	0.1071	-1.1536	1.0659	0.9319	1.5713	0.1821	0.0614	-0.0989	0.2076	2.3028	0.4479	-0.2887	1.3753	-1.7382	0.4614	0.3145	-0.0556	0.7805	0.3765	-0.3610	-0.2899	1.9712	1.3281	-2.1343	-1.2331	1.4120	-0.4869	0.8711	-0.4584	-1.5118	-0.2398	-0.0171	-1.5701	-0.3457	-0.7260	-1.7607	-0.6906	0.8154	0.7635	1.3504	1.4956	0.0609	0.2303	2.2708	-0.7150
-0.3288	0.3105	0.6459	0.0504	-0.4419	1.2876	0.6256	0.0232	0.4745	-1.8379	-0.5186	0.9823	-1.5701	-1.0010	-0.5292	0.3122	0.6780	0.3903	-1.0949	-0.3043	0.2656	1.2606	-0.3031	0.3981	0.0618	0.6043	0.0245	-0.4692	0.0189	-0.3391	1.8003	-0.9093	-0.2799	-0.4526	0.2086	0.0177	0.8898	0.0711	1.6328	-0.9879	-2.0851	0.5026	0.2054	1.3218	-0.5625	0.0387	-0.5461	0.4715	-0.6524	-0.1865
-0.0496	1.5870	-0.8617	1.9946	-0.1467	-0.7796	-0.7817	-0.2518	-2.2067	0.4340	1.4880	-0.9404	1.5446	-0.1853	-0.0674	1.1991	0.5528	-0.8461	0.8566	-1.0814	0.6989	0.1471	-0.2205	-0.6962	0.7164	-0.2193	-0.1336	0.5721	-2.7015	-0.5554	-0.4484	-0.2208	0.5527	0.6129	1.0600	0.4214	0.4852	0.0048	-0.2330	-0.4786	0.8419	1.5465	-0.9004	0.3624	-0.0952	-0.5424	0.2918	0.8488	-0.3321	1.3909
0.8442	-0.8868	-0.7867	0.2445	-0.4042	1.1296	-0.9130	-0.6731	3.2334	0.7897	-1.5368	-1.3840	0.7402	1.0924	1.1515	-0.1323	-0.7262	-1.0198	0.3962	-0.7196	0.4562	2.8378	0.6441	-1.9228	-0.0015	-0.2556	0.2165	-0.7056	-0.1363	-0.4640	-0.6987	0.4025	-2.0310	0.3088	-0.7065	-0.6592	0.8820	0.4331	-0.0837	-0.6035	0.1139	-0.8619	-0.6339	0.1061	0.0315	0.2494	0.0548	0.2289	0.3288	0.1265
-0.0362	-0.6359	0.1138	0.9455	0.2358	-0.8938	-0.7466	-0.2052	0.7942	0.0623	0.0225	1.5747	1.1481	0.2394	-0.6611	-0.3598	0.2605	1.1142	0.4323	1.3611	0.4665	-0.2113	-0.7300	0.0980	0.6910	-1.0410	-1.0213	0.3401	0.1130	-0.8274	-1.7711	-0.5600	-0.5935	-0.6938	1.3904	0.7615	-0.4491	0.1468	-0.8565	1.2384	0.8427	-1.0677	-1.6440	-1.0597	0.4666	0.3883	0.1931	-1.0340	-1.1394	1.5161
1.0107	-0.2609	0.1296	-0.1563	1.4270	0.7979	-0.2401	0.8905	1.3520	0.6671	-1.2109	1.2636	2.8360	1.5288	0.4808	1.2157	-0.7065	-0.2343	-1.6423	0.6807	-0.3684	-1.9187	-1.0787	-0.6437	0.4840	1.5176	-0.2878	0.6439	-0.4737	-1.3705	0.1076	0.7134	-0.9615	0.1633	1.1316	0.7818	1.3222	-0.8943	-0.7406	0.6318	-0.2489	-0.8052	1.5673	0.7118	-0.3518	0.4422	1.0804	0.6422	0.0229	0.1025
1.7546	0.4677	-0.2576	-0.7208	1.9023	-1.9213	1.0376	-1.1760	2.4946	0.1734	1.5889	1.1410	1.7235	-0.0822	0.5280	-1.0931	-0.4927	-1.1875	-0.6393	0.1461	-0.8818	-1.0751	0.0533	0.7966	0.7164	-0.7592	0.1880	1.0060	0.1889	1.3537	-0.3392	-1.7576	1.9581	0.2389	-0.8835	-0.4455	-0.4130	0.5412	-1.0267	0.3663	-0.2169	1.1108	0.3216	0.3384	-1.0951	0.6441	0.7851	1.1668	0.5977	1.1819
0.2232	0.1246	1.1832	-0.5538	1.2952	1.6446	2.9405	0.5328	0.1966	-0.5877	-0.0239	0.2090	0.9026	-0.6114	-0.8089	2.0675	-0.2256	0.2366	-0.6151	-0.5921	0.5010	-0.4078	-0.9491	-0.4027	0.2243	0.8545	1.2927	-0.5311	-0.6563	-1.1704	-0.3754	2.1837	0.9564	-1.2371	0.3196	-0.7969	0.1162	-1.2463	-0.7188	0.1890	-0.5871	2.6438	0.2486	-2.3327	0.6929	-0.9396	-0.3665	1.5890	-0.5471	0.1508
-2.0610	1.0679	0.6234	-0.4505	0.1259	-0.1416	-0.3002	0.4415	-0.8410	-1.4181	-0.4620	0.7771	1.9502	-1.0871	0.1207	1.1570	0.5531	-1.0235	-0.1321	-0.2960	0.0042	-0.8217	1.2982	2.2669	-0.0009	-1.4878	-0.5872	-1.3501	1.1588	1.1098	0.0733	-1.0745	0.2732	-0.0728	-0.4125	0.4783	-0.6109	0.3343	-1.7085	2.2341	0.6628	0.7464	0.0544	1.8181	-0.4176	0.2724	1.8671	1.1910	1.2574	-0.3429
-0.5260	0.2238	0.4364	2.2675	0.4458	-0.5697	0.0856	-0.3921	-1.3325	1.3894	0.6114	-0.9960	0.0877	-1.1379	-0.8628	-1.1950	-0.1681	-1.1778	-0.6771	-0.6272	-0.3585	0.3399	-2.2179	-1.0519	0.2265	2.1687	-0.8399	-0.3428	1.5562	-0.1107	0.7523	0.0851	0.5689	-0.7388	-0.8867	0.5013	-1.7515	-0.1502	0.1575	1.3978	-0.6015	1.5278	-0.6835	0.8545	0.7028	0.6618	1.1125	1.6195	-0.2039	-0.1983
-0.5191	0.1168	-0.0643	0.0604	-0.1287	-1.4381	-0.3186	-0.0697	1.7278	-0.3794	0.9525	-0.0127	-0.0529	3.0073	-0.5310	-0.9601	0.3551	-1.5131	-0.9323	-1.1106	-0.0323	-0.1250	-0.1533	1.9089	-0.6115	0.1772	1.2764	0.4259	-1.4149	0.4066	0.0156	1.3081	-0.2254	2.0428	-1.8158	1.3288	0.7367	-1.0432	-0.0912	3.0804	-1.6882	0.7340	0.2272	-1.0417	-0.3522	0.3908	0.4717	0.2222	-0.8216	0.3734
0.2095	-0.5349	-1.7296	1.4535	0.2402	1.2650	-0.7602	0.5875	-0.0267	0.3905	-0.7701	0.0394	0.2628	1.1018	1.3386	-1.5481	0.2564	0.0993	0.8585	-2.0562	0.4832	1.8542	1.2911	0.3312	1.1959	1.3374	0.8354	1.6286	0.0196	-0.5664	0.0429	-1.2773	-0.3686	0.4016	0.0747	-1.0293	-0.4110	0.1332	0.1283	0.0477	-0.6635	-1.9407	-0.2613	-0.2613	1.0278	0.6548	-0.1913	0.4285	0.8771	-0.8422
0.8576	0.8252	0.7138	1.0668	-0.9464	0.0338	1.3494	-1.1062	1.5189	0.4736	-0.3424	-0.2163	-0.3418	-0.0018	0.2042	0.5532	1.5072	-0.6316	-1.3807	-0.4756	-0.2867	1.0737	0.6199	1.3359	-0.4484	-1.3754	0.4010	0.5345	0.2043	0.7274	-0.2357	-2.2840	-0.3499	0.2471	0.0824	-0.0008	0.7508	0.7731	0.9898	0.3135	0.0287	2.4533	-0.5585	-0.8731	-2.2339	0.7338	0.3308	-0.6287	-0.5923	0.4156
0.1587	1.6922	-0.5684	0.0736	0.1265	-0.4774	-1.2643	-0.8571	0.3270	0.3743	-2.4133	0.1036	-0.1485	-0.7562	0.2780	1.3682	-1.3317	-0.7752	-1.0048	-0.6443	-0.6979	-0.4155	-0.1405	0.7870	1.7583	-0.4191	-1.1354	2.8640	0.0587	0.5102	0.1801	2.2074	0.1030	-0.0685	0.1222	-0.1542	-0.0275	1.5513	0.1821	2.3536	-0.1806	0.2435	0.0535	-0.3455	-0.3444	1.4409	-0.1847	1.5711	-0.4293	0.0302
-0.7663	-0.2973	0.1216	1.4519	0.7918	0.0484	0.2056	-0.3553	2.7205	0.7303	-0.5781	-0.5434	0.6744	0.3429	-1.0419	1.8698	1.4674	0.0407	0.5641	0.0048	0.0963	-0.1763	1.5402	-1.6349	1.1023	-0.3114	-0.5715	1.4706	-0.1628	0.0652	0.1289	-0.0078	-0.2980	-1.6099	-1.0784	0.8203	1.1317	-0.8269	0.8513	1.0976	0.6688	0.0085	1.9369	0.3623	-2.2080	-0.8869	-0.6131	-0.6715	0.7749	-0.5121
0.4999	-0.2866	-1.1164	0.9262	-0.5193	1.5707	0.5839	-0.0888	0.0469	0.9495	0.7778	-0.3945	0.7436	1.0225	0.0727	-0.9832	-0.9330	-0.9421	-0.1725	0.7329	0.4891	2.2121	1.8077	0.2156	-0.7780	-0.8777	1.9429	-0.7683	0.4492	-1.0623	1.4991	0.5101	-1.2484	0.6256	0.7290	-0.2852	-0.6185	-0.0953	0.5297	0.9621	-1.3056	1.6732	0.2315	-1.9560	1.5203	0.7425	1.6129	0.1878	-1.0792	-0.5456
0.5404	-0.1203	-0.1784	0.2184	1.0157	0.5206	-0.4558	-0.4015	0.5798	1.8883	0.9595	0.6089	0.7128	0.1864	-0.2300	-0.4107	-0.6637	0.7522	0.0955	-0.2738	0.9643	-1.2361	-0.2961	-2.0527	0.2593	0.4826	-0.1862	1.2897	-0.3780	0.4417	-0.0548	-0.5422	-1.0681	-1.4544	-1.1596	1.1600	0.4941	-1.1190	2.6681	0.6208	0.7340	-0.8234	0.0420	-1.5708	-0.1571	-0.5476	-2.0655	-1.3264	0.3980	0.9810
0.6279	-0.1267	-0.7885	-0.6058	0.3268	0.1305	0.2701	1.3717	0.2994	0.6615	-2.3629	0.6140	-0.3813	-1.7316	-0.3258	-0.1515	-0.0820	0.8573	-0.0994	-0.2805	-0.4653	-1.3083	-1.7522	0.6724	0.1537	1.3246	-1.0685	-2.0181	0.8915	0.7045	0.3596	0.4171	-0.0418	0.4798	0.6078	2.1843	-0.7838	1.6414	-0.6766	-0.8093	0.0237	-0.7930	1.1698	1.3873	-2.3072	0.4489	-0.1351	0.6221	-0.1742	1.1297
-1.3956	1.1165	-1.0050	1.6613	-1.4563	-0.2157	-2.2357	0.1685	0.0223	-1.4220	-0.8074	-1.1025	-1.6681	-0.5449	1.5131	0.4254	-1.3465	-2.2263	0.5419	-0.0695	1.6820	0.0004	-0.9369	-2.2894	0.4349	-0.1555	0.6833	1.8192	0.5316	0.4348	0.0364	-0.8154	2.8014	-0.3158	-0.2992	-0.0814	1.1359	-0.5301	-0.3325	-0.0763	-0.8864	0.0797	1.6946	-0.6342	0.1549	-1.1508	0.5738	2.1835	0.2620	-0.3759
0.1695	-1.7736	0.6599	0.0712	0.3439	1.6866	1.8015	-0.5310	0.9516	0.1495	-2.2538	-2.0774	0.6714	-1.6978	0.2655	-1.4773	-0.3036	1.4685	-0.2655	0.0961	0.3021	-0.5457	-0.3706	-0.8538	0.5845	-0.6143	-0.9015	-0.2366	-2.3524	0.7162	-0.9803	1.8495	0.1007	0.2163	-0.4007	-0.7964	-0.4348	0.1000	-0.0398	0.5166	-0.1852	0.3199	-1.1278	-1.9481	0.4718	-0.1265	-0.1436	-0.8067	1.0587	-0.2613
0.3734	-1.5543	-1.5729	0.2330	0.1501	-0.5068	0.9658	-0.0868	0.6773	0.5568	-0.0316	0.4383	-1.3324	0.2549	-0.4412	1.0985	1.0458	-0.3297	-0.2675	0.2132	0.4159	-1.6563	0.5211	-0.4322	1.5450	1.0671	0.2434	0.5862	1.8711	1.7623	0.1655	-0.0257	-0.2100	-0.1024	-0.7612	0.5781	-0.2677	1.5545	0.1436	-2.1237	-0.5606	0.7258	-0.0083	0.6044	0.6855	1.0978	-0.0005	0.2317	0.3738	1.7193
1.2555	0.1777	-0.0275	-0.2399	-0.7903	0.9690	-0.4092	-1.3884	-0.9472	-0.0843	-0.0030	0.7840	-0.1015	-0.5270	-0.1359	-1.0405	0.3028	0.1274	-0.1989	0.5727	-0.9340	-0.8992	0.3813	2.3322	-0.2393	-0.3368	-0.0101	-1.6139	-0.4608	0.1944	0.7686	-0.0072	1.1779	-0.1351	0.9245	-0.2242	-1.2788	0.3799	-0.0439	-0.5261	-0.4636	0.6263	0.6220	0.3383	0.9717	0.3771	-0.9376	1.1832	0.3222	-0.3322
-0.3897	-0.0165	0.4830	-1.2211	1.7610	0.6976	1.5047	-0.4246	0.8382	-0.4790	0.1735	-1.3333	0.4703	-0.2457	0.6339	1.4925	0.5434	-1.0481	0.3851	0.8687	-0.4405	0.9445	0.0151	-0.8353	0.1889	0.9684	-0.5969	-0.0308	1.7678	0.4690	0.1982	-0.8459	-0.4963	0.1865	0.5575	-1.1520	-0.7389	-0.1679	-1.0047	-0.8548	0.4692	-0.5671	0.9290	0.0790	1.1514	-1.6655	-1.1798	-0.5123	-0.2560	-0.0762
0.6243	0.3038	0.6920	-1.2281	-1.1447	-0.1418	-0.5631	1.0115	0.9441	-0.1837	-0.2680	0.9549	-0.5191	0.4306	-0.3476	0.3540	1.0750	-1.8476	-0.0617	2.3196	2.6464	-1.0913	-0.5210	2.7956	-1.6410	-0.5370	1.2586	-0.3711	0.7299	1.7617	0.3610	-0.5064	1.6519	1.2214	-1.2084	-0.9354	0.5060	0.8854	-0.7120	-0.9764	-0.1248	0.8952	-0.8977	0.6294	1.3708	0.5595	0.0756	-0.3853	-2.0556	1.5608
-1.2152	0.0672	0.8379	0.3156	0.5160	-0.8558	0.4991	0.3689	0.9124	-0.3873	0.3623	0.5367	-0.6561	0.0298	1.7643	-0.8216	-0.7430	0.6250	-0.1720	0.9613	-1.8523	-0.8913	-1.7028	-1.3190	1.8466	-0.1524	0.8342	-1.8531	1.7020	0.6261	-0.8914	0.4083	0.3218	-2.0664	-0.4926	-1.5654	-0.2592	0.2763	-0.9695	-0.3404	0.9442	-1.6358	-0.4101	-1.3662	2.1735	-0.6639	1.0877	0.8444	-0.0907	-0.0769
0.1920	-0.5302	0.2313	2.5467	0.6417	-0.2630	-2.1911	-2.0521	-0.0801	-0.9823	1.2759	0.3452	0.0147	0.7556	-0.7939	-0.5961	1.0499	0.1302	-0.4503	0.5778	0.5257	-0.9967	1.0812	-1.4187	-0.2838	-0.7469	0.0720	-1.8783	-0.9628	0.9947	-2.3248	0.3622	-0.6439	-0.1829	1.8106	-0.1335	0.5742	2.0613	-1.4457	-0.4903	-2.8600	-0.1267	-0.4881	0.2584	1.3689	-0.5173	-1.8585	-0.4631	-1.7592	0.7296
-1.1860	-1.0075	1.0282	1.3657	-0.2737	0.6418	0.8251	0.6291	-1.0221	-0.9494	0.7233	1.2247	-0.6177	0.6939	-0.5511	-1.7847	0.5098	0.9439	-2.1838	-1.2147	0.5427	-0.2976	1.2688	-1.0945	0.3540	-0.0941	-0.0153	-0.9902	0.4094	-1.4710	-0.4493	0.2765	-1.4978	-1.1770	-1.2847	0.7622	-1.0805	-0.3145	0.8131	-1.1708	1.2121	-0.7168	0.5250	0.7268	-0.6815	-0.0759	-0.1436	0.1860	0.1061	-0.2671
0.1795	-0.6122	0.6192	-1.3387	0.8458	1.2975	-0.0257	2.0430	-0.6394	-1.5295	1.2605	-0.8009	0.3740	0.4771	1.2889	-0.1090	-0.9658	0.1121	1.2044	0.9426	0.0384	-0.0364	0.1000	0.6662	-1.2242	-1.1326	-0.2603	-0.4020	-0.2770	-0.8406	-0.6851	1.3577	0.4378	0.8357	1.1796	0.5354	-1.8211	2.1740	-0.1057	-0.7134	1.2075	0.0335	-1.4645	-1.0283	0.5574	0.6517	-0.1313	-2.5265	-0.7301	-0.8657
0.2947	-1.1802	0.2751	-1.1549	-1.5846	-1.3444	0.0225	0.7059	-0.9927	-0.0795	0.4697	-1.0555	0.2413	-0.2558	0.6482	-1.7097	-1.0174	0.5297	0.2839	0.6151	1.5812	-0.3940	-0.5249	-0.7629	-1.7015	-0.3423	0.6046	-0.7414	1.1866	-0.8200	1.1792	-0.4734	-1.0834	-1.3029	-1.0502	-0.5859	0.5861	-0.6214	-1.2402	0.9607	-1.9913	1.3996	0.1205	-1.5349	-0.8292	-1.2652	1.3901	1.5711	-1.0722	-1.9509
-0.0452	-0.5810	0.1334	-0.9015	-1.3350	-1.3049	-0.7299	0.3467	-0.4632	1.4037	0.0103	1.2799	-0.1208	1.5889	-0.6477	-0.0057	-1.3532	1.0177	-0.2778	-1.1633	-2.2770	0.4340	0.7896	-0.1617	2.0103	-0.5606	0.5025	-2.2144	-0.9321	1.6196	-0.0663	1.5734	-0.5228	0.5044	-0.6293	0.7864	-0.2315	-0.0600	0.2012	-0.1692	-0.4698	0.6889	0.0793	-0.0609	-0.4408	0.3745	-1.2037	1.5148	-0.6090	-0.5056
-0.6043	0.5316	1.3697	0.6184	-0.0018	0.9986	-0.3746	-1.3217	0.8700	-0.2554	-0.6563	-1.2159	0.4695	-0.5959	1.9903	0.3924	1.8450	-0.5794	1.2379	-0.2330	1.0805	-1.4441	-0.8591	1.1551	0.4877	0.6350	0.6816	-0.3955	0.4292	0.7928	0.0954	-1.1180	-1.5498	0.5248	0.8854	-1.9070	-1.2406	-0.5079	1.7671	0.5943	1.0032	-1.3695	0.5312	2.4715	-2.1070	-0.6344	-0.4394	0.2131	-0.4011	-0.2759
-2.6673	-1.2373	-0.8377	-0.3527	0.5472	1.0865	0.6097	0.6103	1.2135	-1.5658	-0.5395	-0.5165	0.4607	1.2598	-1.8852	-0.3569	0.6919	-1.6195	-0.6558	0.7903	0.0602	-0.2657	-0.6548	1.0576	0.0154	0.5193	1.7601	0.1703	-0.3429	-0.2088	1.6112	-1.2060	-1.1244	-1.6365	-0.2282	-0.5447	0.2392	-0.4508	0.7713	-0.4560	0.0209	-1.7152	-0.9227	-0.8275	0.7717	0.8371	0.4982	-1.1714	1.3212	-0.7449
-0.0698	0.6375	2.0543	0.4940	2.1883	1.2187	0.8616	-0.8232	1.4726	-1.1309	-0.3244	-0.1888	0.5186	-0.2729	1.5474	-1.6141	0.5387	1.3549	-0.7754	-0.0961	-0.0306	0.3029	1.0435	-0.5067	-0.4386	-0.3540	0.6684	0.6134	-0.3677	0.0426	-0.1844	-0.9041	0.8963	-0.5485	1.7656	1.2207	1.2109	-0.6832	-0.6091	-0.0031	-1.6166	-0.5757	0.4024	1.2144	-0.6162	0.7862	-0.2097	-0.3271	1.1616	-0.9094
0.7423	0.8782	-0.6749	0.5960	-0.3858	-0.0843	2.2676	0.4841	-1.3086	-1.3107	-1.8927	1.3089	-2.0655	-0.3815	1.3411	0.2484	-0.1117	1.2675	-1.3905	1.9559	-0.1353	-0.1089	1.6652	-1.3171	-1.6392	-0.7204	0.4758	0.8046	-0.4316	0.4743	0.6611	0.3910	0.0940	2.7741	-0.7577	1.1995	-0.4604	1.5859	0.1992	0.5719	1.1556	-1.1167	1.4038	-0.6441	0.9553	-0.3694	1.5839	-0.3090	-0.9943	-2.5978
-0.5714	0.3156	-0.1871	0.1266	0.1629	-1.5264	-0.9651	1.8219	-1.7808	-0.7678	0.6017	0.5892	-0.8776	0.9623	-0.0937	-0.0301	0.3914	0.8347	-1.8609	0.2501	-1.9115	0.0603	0.1946	1.3758	-0.3337	0.1599	0.1431	0.4071	-0.8923	-0.2202	0.9278	-0.9635	-1.8140	0.9415	0.4721	0.8871	0.0992	0.3690	-0.5737	-0.4570	0.9267	-0.5057	0.6275	-0.1111	-1.1795	-0.2519	-0.6080	-0.5650	-1.0807	0.0794
-1.1238	0.5691	2.3221	-0.3706	-0.5183	-0.9105	1.6218	-1.7238	-0.8813	0.4817	-2.5007	-0.5843	2.1702	1.4687	0.6274	0.4031	-0.0237	-1.7258	0.0892	0.3497	0.2059	0.3466	2.5418	-0.1571	-1.0860	0.9592	-0.6202	0.4522	-0.3120	0.1624	2.1255	-0.9450	0.8327	-0.0722	2.3864	0.2238	-0.4636	0.9977	0.2631	-1.9295	-0.6705	0.0583	-0.6848	0.3226	-0.1755	0.0737	0.8346	0.0723	0.2107	-1.4900
0.4917	-0.8882	0.5333	0.6736	0.9201	0.8382	0.4284	0.7709	0.8321	-1.1654	1.4556	0.2094	0.7879	0.3827	1.5137	0.2068	-0.5186	1.3892	-0.8659	-0.1862	1.6202	0.2887	0.5909	0.7624	1.4050	0.2695	-1.2405	2.5544	-1.2868	0.5616	0.4328	-0.2837	-0.2076	0.2926	0.7212	1.9668	-1.5415	-1.9691	-1.2338	0.3918	-0.3229	-0.8796	0.8428	0.6046	1.6314	0.4792	-1.4417	-0.2853	-0.2512	0.5238
0.5889	1.0081	0.1912	-1.1057	-0.2775	0.0845	-0.3712	0.0032	-1.4951	0.6187	0.5181	-0.0133	0.5527	-0.9062	0.2017	-0.4255	-0.0118	-3.0504	-0.7688	1.6689	0.9279	2.1201	-0.6739	-1.1125	0.9562	0.8216	-0.6383	-0.1881	-1.1117	-0.0107	-1.4504	-0.5358	1.4015	-0.4727	1.2674	-1.5728	-0.1001	-0.5445	-0.7589	-0.4926	0.9445	-0.1290	-1.1380	-0.9547	-0.3608	-0.1503	-1.5956	0.5380	-1.1065	-1.1894
-0.0976	0.0001	-1.0628	2.5677	-0.2089	-0.1768	-1.0462	0.6342	0.1503	-0.9731	0.1607	0.3223	-0.7235	-0.1926	-1.0024	0.7415	-0.2411	-0.5378	1.1161	-1.1734	3.0605	-1.0366	-0.1541	0.1872	1.5299	1.5414	-0.5088	-0.3279	0.2903	0.3027	-0.1690	-0.8315	-1.6086	-0.5522	1.0536	1.8300	-0.8016	-2.1796	-2.0417	0.2528	0.1744	0.0077	0.2773	-1.0442	-0.7538	0.4749	0.3434	-0.7278	-0.8223	0.2988
-0.2346	1.4549	0.2392	-1.3288	-0.1213	-1.5981	1.1408	0.4531	0.0259	-0.2761	-1.1350	0.5987	0.3187	1.0369	-1.0243	0.3970	1.1174	0.5985	-0.0442	-0.9245	-1.0486	0.0363	-0.9940	-0.6184	1.3189	-2.2783	2.5709	0.6948	0.4828	0.0567	-1.9454	0.6036	-0.4668	0.9443	-0.6936	0.0983	1.8703	-1.5005	1.1483	0.4870	-1.0720	-1.1336	0.4397	0.0555	-0.5172	0.6796	0.6883	0.7019	0.0974	-1.0891
0.1870	-0.5972	0.0479	0.8859	1.6864	0.8792	-0.0188	-0.2510	-0.4109	0.0264	-0.1219	-2.3977	0.7005	-0.5378	0.0097	0.7030	0.2797	-1.2129	0.5937	-0.0846	-0.1623	1.1604	0.3693	-1.0426	-1.1387	-0.8552	-0.4765	0.6541	-0.2937	0.9616	-0.5380	-0.4277	-0.0283	-0.4260	0.1018	-1.1999	1.3177	0.5081	0.1842	-0.2214	0.4144	-0.5347	0.3453	0.2187	0.8255	-0.3681	-0.1843	-1.2346	-0.8482	-0.8583
1.2158	-0.6313	0.9419	1.0792	1.3195	0.1767	-0.4035	1.2618	-0.0034	0.0272	0.6529	0.4544	-1.2489	-1.1751	0.8801	-0.6854	0.0930	1.2450	1.0317	0.3828	0.0064	-0.2918	0.5365	0.1898	1.7280	-0.0282	0.5771	1.2299	1.6047	-0.7327	2.3064	-0.7807	0.2461	0.5573	-0.1947	-0.4174	0.2103	-1.1305	-0.3208	-0.7560	-1.5512	-0.5603	0.3363	-0.1591	1.9990	1.4886	0.9395	0.7514	0.0195	0.6506
1.1333	0.6731	1.4086	-0.5480	0.0725	-0.5530	-0.4933	-0.7896	0.5166	-0.1030	-0.9471	-1.1084	2.1477	0.0595	0.2282	1.7279	1.3192	0.2830	0.1397	-1.1276	0.1741	-0.2934	-0.1753	-0.8915	-1.2956	0.0487	-1.1692	1.1941	-0.3666	-0.9881	1.8593	-1.2766	-1.5462	-0.1016	-1.4924	0.6560	-1.3257	-1.0371	0.7621	0.8657	-0.0620	1.0254	-0.4770	-0.9268	1.1479	-1.0068	0.8194	-0.0136	-0.1405	-0.7933
-0.4209	-0.9580	0.6308	-0.8812	1.0640	0.1147	-0.4800	1.1283	1.5220	-1.0958	-0.5633	-0.2825	1.8748	1.1524	0.1872	-0.1881	-0.6212	-0.2338	2.3143	0.6875	1.5161	-1.3723	-0.5894	0.0999	0.0690	1.7970	-0.9926	0.4267	-0.3467	1.1209	0.9711	-1.3818	-1.2045	-0.3705	0.9502	0.9373	0.6871	0.3207	-0.0886	0.4157	1.0102	1.8541	1.1957	1.6272	-0.5165	-1.0804	-0.1807	-0.6906	1.5929	-0.3180
-0.9660	0.8110	0.8506	0.7464	1.9783	0.1001	0.1824	-0.0441	-0.8376	0.5646	-1.2170	0.9971	-0.8554	-1.0998	-0.5212	-1.0787	-0.4105	0.3436	0.3149	1.3287	-0.3003	0.8374	0.0732	-0.2775	-0.3007	0.0396	0.3843	0.1884	0.1936	1.4242	0.6125	2.5162	-0.2718	-1.6923	-1.4735	-2.6411	0.4716	0.0540	0.3526	-0.1224	-1.5444	0.9129	1.2174	-0.7436	-0.5447	-0.2063	1.0060	0.4501	-2.4369	0.5301
0.1147	0.1939	-0.3969	0.7623	0.8420	-2.0995	-1.7285	0.2475	-1.6685	-1.4653	0.6309	0.3927	0.7546	-0.4276	-0.8878	1.3997	-0.6405	-1.1361	0.3772	-1.9444	-1.1120	0.0429	-1.8975	0.5973	0.2958	-0.4854	0.5758	0.7036	-0.0560	-1.3481	1.2945	-0.2267	-0.3557	-1.0306	-1.3935	1.5540	0.9649	-0.8661	0.3014	-0.7003	0.6599	0.1138	-0.0550	-1.0848	-0.9287	-0.0644	-0.0438	-0.6192	-0.8763	-1.7122
1.5230	0.1831	-1.5284	1.3253	0.8368	0.5095	-0.4761	-0.3212	-1.5443	-1.0641	1.8174	-0.4561	-0.5036	-0.0668	-1.1262	0.5203	-0.8265	0.0941	-0.5010	0.6025	0.5782	-1.3923	0.8395	-1.9233	0.0812	0.0565	0.5098	1.9052	0.3590	-0.1358	1.3427	1.1117	0.3934	-1.2252	0.6264	-0.9432	-0.7033	-1.8512	0.6623	0.7654	2.1347	-1.2190	-1.6786	0.3781	-2.0641	0.2106	1.2928	-0.2395	-1.2357	0.6909
-2.7252	1.6382	-1.5440	1.5000	-1.2843	1.3733	-2.6325	-1.6749	0.2784	0.2030	-1.0021	-1.4439	0.7607	-0.4848	-0.0384	0.9443	-0.3555	1.4055	0.0625	-0.1506	-1.3370	-1.2857	-0.7113	-0.8977	-0.5875	0.5363	-0.5108	0.7296	-0.6885	-0.1817	-0.6069	-1.1624	-1.9445	-0.1029	1.5082	0.3851	-0.4944	-1.0273	-0.5678	-1.3860	-1.5837	-0.7407	-0.0958	1.1704	-2.2405	1.1783	-0.6488	-0.1117	0.9093	0.4960
-0.2987	1.0898	-0.1946	0.7090	0.0457	1.0130	0.2362	-1.1667	0.3699	0.1336	-0.2064	-1.3463	0.8370	-3.0682	0.1035	0.5051	0.6284	0.7017	1.4899	-0.9961	0.0917	0.6033	0.5654	-0.7743	1.3931	1.0305	-0.6572	-1.2129	-0.6132	1.4713	-0.6203	0.0715	0.4663	1.0810	0.1878	0.8978	0.1668	0.2781	0.5083	1.1460	0.1296	-1.0338	1.0613	0.3927	0.3382	-1.5838	-1.6058	-0.7642	-0.5721	-0.2721
-1.7189	0.2221	1.6248	0.1777	0.6593	-0.7423	-0.8346	3.0696	-0.2595	-1.1042	-0.1137	-0.6500	-0.4399	1.2079	1.5586	-0.3084	-0.2839	1.9619	1.0625	-0.8871	-0.5012	0.4877	-1.5795	1.6268	-0.5337	0.2796	-1.6540	-0.2109	-1.3913	-0.9753	0.7113	0.7885	0.8401	0.0079	-0.0182	-0.4584	-0.5291	0.4346	1.1012	-1.6447	-1.4641	0.3061	-1.2194	1.3655	-2.1468	0.4454	1.1755	0.3309	-0.2000	0.6540
-1.2540	2.3534	-1.1915	-0.6620	-0.0612	-0.0838	0.1400	1.7746	-0.6612	-1.6073	1.2275	2.6037	1.7667	0.2300	-0.7044	1.1704	0.2330	0.7512	-0.5797	-1.6174	0.3377	0.3324	-0.0838	0.1764	-0.1446	1.2805	0.8582	-0.0577	-0.5305	0.6690	1.1721	1.1206	0.2318	-0.3512	0.3530	2.9828	2.1185	0.4486	0.1352	-0.5839	0.8319	-1.9196	-0.6272	-0.5845	-2.7609	-0.8036	0.4407	-0.5667	-0.0110	-0.3730
-0.0405	-0.5210	0.9884	-0.7282	-0.2655	0.8174	1.7329	-0.2868	0.5297	0.0057	-0.2803	-1.3434	-0.8705	1.5918	3.0687	-0.6474	0.4987	0.6717	0.2829	0.2064	-0.2779	1.9676	0.2292	0.4857	0.7207	-1.0957	1.0025	0.4899	0.3553	-1.3783	-0.4313	-0.1452	-1.6833	0.6336	-0.1615	0.7008	-0.5424	1.8177	-0.8478	0.8314	-0.4715	1.7130	-1.2049	-0.2876	0.0354	-1.4508	-0.4088	-0.1241	-1.2306	-1.3422
0.0291	-0.1049	0.6409	1.3642	1.8461	2.3207	0.8111	-1.2649	-0.3315	-1.0579	-0.7554	-0.3435	-0.0142	0.6846	0.1320	0.2329	0.1952	-1.1294	0.0062	-0.7712	-1.2311	-0.8470	-1.3842	-0.1283	0.2976	-0.7528	-1.8122	1.0034	-0.3295	0.0840	-0.4847	-0.7963	0.7841	2.0515	-2.6203	-0.1372	0.4697	0.5934	-2.1673	1.3645	-0.4910	1.0255	-1.0110	-0.4175	-0.8116	0.1901	0.3537	-0.6636	0.6105	0.2353
0.4561	-0.6897	0.3764	0.6607	-0.6139	0.3077	0.1348	1.4830	-0.6309	-0.2653	-0.1370	0.3083	1.7259	0.3525	-0.8877	-2.4104	1.1822	-0.5862	-0.9203	-1.7349	1.2197	-1.1414	0.1616	-0.4014	0.8550	-0.0020	-0.4929	1.6186	-0.1461	0.0983	0.0170	-0.2075	-0.2430	-0.3737	0.0768	0.6665	0.6569	0.5795	-1.4563	-0.4816	0.5071	-0.4202	-0.4891	0.4162	0.3013	1.0566	1.3324	0.9445	-0.8211	-0.0783
-0.1384	-0.6626	-0.3781	0.2563	0.2556	-1.4229	-0.9621	-1.1187	-1.9511	1.7484	-0.9529	1.8408	-0.6268	-1.4147	0.9424	0.4031	0.2237	-0.6347	1.3515	0.5451	0.8727	0.4050	0.3798	-1.2086	0.3475	-0.4152	2.0055	-0.9803	0.6232	0.7404	1.6099	-0.7984	-1.5563	-0.7265	-0.1855	0.9026	-1.6822	-0.6976	-0.9624	-1.3305	-0.5239	-0.1885	-0.5880	0.3054	-0.3507	-1.8676	-0.3401	-0.5823	0.8837	-0.7156
0.5310	-0.3474	-1.6779	0.0324	-1.5141	0.6366	-0.5556	2.0986	-2.4176	0.0930	-0.4886	0.2166	-0.1608	-0.3383	0.2553	-0.9578	0.3014	-2.1654	-0.8632	0.3171	-1.0337	-0.7356	-1.0045	1.2366	-1.2393	-0.6219	-1.2466	-0.7307	0.6030	-0.5294	0.3789	0.6250	-1.2078	-0.7781	-2.6063	2.5348	-1.5992	1.2485	-2.6027	-1.0942	-1.3898	-0.5099	-1.1983	-1.8171	-0.3664	-0.2372	-0.2234	0.3917	0.7370	1.1441
1.6400	-1.3420	-2.4147	-0.4787	0.5171	-0.3526	-1.5766	1.1846	0.2974	-0.2003	1.6207	-0.2704	1.5637	-0.7472	-1.5818	-0.8072	0.6911	-1.4588	0.0517	0.1845	1.0427	-0.5258	-1.2831	0.6266	-0.2085	0.5803	0.0618	1.5396	-0.5521	0.8602	-0.8170	-0.1102	-0.3914	-0.4124	1.4981	-0.6381	-0.4390	1.6070	0.5278	-0.6833	0.7595	0.5240	0.3168	-0.4746	0.1222	-0.8304	-1.0904	1.3220	-0.2525	1.2454
0.2881	-2.7004	2.4810	0.3817	-1.1435	-0.6875	1.5445	-1.0260	1.0832	-1.8184	0.3465	0.5061	0.2231	-0.1204	-0.5616	0.3591	2.8577	-1.5402	-0.2528	0.9669	-0.6812	0.6943	1.0626	-1.3132	-1.1809	0.6490	0.5323	0.3538	-0.6799	0.0872	-0.7828	-0.9929	0.2180	-2.6788	-0.5894	2.0427	-0.4117	0.3027	-0.9028	-0.0043	1.6161	0.0218	-0.8379	-0.3786	-0.9747	1.0148	-0.5569	-0.0898	-0.5383	0.3877
0.0289	0.1252	-0.9045	-0.0336	-1.4248	-0.3065	1.1728	-0.3841	1.1939	-0.4649	-1.3114	-0.1571	-0.1317	0.5105	-1.6080	-1.5445	-0.1355	1.7210	0.1659	-1.3788	-0.1056	-0.1275	-0.9423	-1.3351	-2.0366	0.9337	0.6508	-0.5803	0.2748	0.7146	0.7349	2.1101	-0.8021	0.2815	1.0122	1.2250	0.7761	0.9611	-0.8149	-1.7006	-0.5491	0.0598	0.2124	-1.1499	0.7818	0.5948	-0.3357	-0.6215	-0.8975	-0.3960
0.7356	-0.3423	-2.8621	0.6539	1.8173	0.6306	-0.1706	-0.2529	-1.0880	-1.3999	-2.4401	-0.1208	-0.0631	0.7052	0.7478	0.5884	-0.4851	-0.5943	1.4551	-0.8296	-0.2705	-0.1932	1.0980	-0.5880	-1.1845	0.0247	0.2461	-1.6591	-0.6615	-1.3309	-0.0465	0.7025	-1.4511	0.6153	-0.7127	1.1631	0.7258	-1.2176	0.8397	-0.6928	1.4905	-0.1524	-0.0320	1.0684	-1.5583	1.6450	1.7260	0.2694	1.2190	-0.4569
-0.3971	-0.1480	1.6884	0.5484	-0.5917	0.1125	1.1200	1.1330	0.5026	-2.2179	-1.0218	2.3448	2.0023	1.0223	1.8819	-1.6892	0.4028	1.6215	0.8734	0.1395	-0.2661	-1.0490	-0.7547	1.3435	0.8471	0.8634	0.7216	0.8810	-0.3008	-1.0902	-0.3352	-0.6032	0.9942	-0.5255	1.2520	-2.0762	0.0801	1.2353	-3.3811	1.3557	-0.7264	0.5937	0.9231	0.7903	-0.3112	0.6537	0.7963	0.2861	0.0848	-1.4311
-0.3197	1.5463	-0.8562	0.3003	-1.8838	0.1113	-0.0311	1.8709	0.0358	0.0914	0.3060	0.2637	0.5353	-0.9053	0.4256	0.9908	1.6132	-0.1275	-1.1559	0.2873	-0.3281	0.9243	-0.1147	0.0626	1.1238	-1.4787	1.5095	1.2040	0.9367	0.0549	1.1850	3.0040	-0.1905	1.1539	0.6536	1.5359	0.3437	0.4189	-0.5943	0.7265	-0.6554	0.5980	-1.3397	0.9177	-0.0125	-0.2636	0.9596	-1.3778	-0.2856	1.8652
-0.3543	0.6733	-0.1587	-0.5996	0.2063	-0.3836	-0.8142	-1.9644	-0.4426	1.0687	-2.5108	1.0547	1.7948	-0.5126	-0.3278	1.0480	-0.4272	0.9823	0.8383	0.9129	1.2880	-0.7448	-0.9415	0.0219	0.5675	0.6812	-0.1116	1.0486	-1.4437	0.4899	-1.4327	-0.1665	0.0826	-0.4012	-0.2328	0.8682	-0.5885	0.9420	0.6779	0.0453	-1.1542	0.4634	0.4435	0.5878	-0.0338	-0.4145	0.6958	1.8892	0.9066	-0.9904
-1.4721	-0.7181	0.1567	1.0530	-0.7672	-0.4489	-0.6504	1.4185	-0.1281	-0.6282	-0.2239	0.2476	-0.3038	-0.2803	-0.2345	-0.3050	-0.6607	-0.6378	1.0398	-0.3302	-1.1231	1.2754	-3.2999	-0.6498	1.0686	-0.3623	1.1771	0.4645	1.2031	0.4549	-2.0389	-1.2385	0.7944	0.3527	-0.0336	-0.4612	0.1772	-0.3219	0.8670	0.0641	0.0502	-1.9743	0.6267	1.0949	1.6931	0.6624	-0.5189	2.2839	0.5466	-0.6104
-0.5501	1.6898	0.3108	0.7958	0.1806	0.1941	0.4715	0.1160	1.4407	-0.2370	-1.2510	0.8325	1.6982	-0.6476	-0.9667	-0.4992	0.5228	0.9458	-0.6365	0.7455	-0.6829	0.5729	0.2055	0.2666	0.2732	1.3907	0.2637	0.3658	2.1166	-0.6345	-0.2181	0.6395	0.8461	-0.5891	-0.7476	-0.4816	-0.1093	-1.5484	-0.0718	-0.9475	1.4887	-1.1306	1.4460	0.0226	-0.5439	-1.0754	0.5639	-1.4311	-1.1005	-1.1830
-0.6807	0.6287	-0.7128	-0.3301	0.1187	0.5223	-0.0424	0.0807	-0.0764	-1.1810	1.1395	2.4561	-1.5177	-0.0129	-1.0567	0.0522	1.0165	-0.7991	0.0717	-0.5954	0.5074	0.0930	-0.6161	-0.2136	-1.0818	0.1979	0.4212	-1.4101	-1.8024	-0.7657	0.3585	0.4680	0.2489	-0.0277	0.1498	-0.0707	-0.0299	1.8258	1.7413	-2.3047	-0.0333	-0.0771	0.4097	-1.2975	1.0375	0.7981	1.9268	0.9576	0.4744	-0.1138
1.0683	-0.3985	0.9322	-0.3681	1.0058	-0.8898	-0.7159	-0.2067	1.1020	0.2415	0.5367	0.0421	0.5458	-0.1207	0.0429	0.2755	-1.7675	-1.5399	0.2883	-0.8912	1.1372	-0.2031	-0.4797	1.1719	1.0222	-1.1693	-0.8145	-0.5607	-1.6913	1.3152	-0.7013	-0.9986	0.9380	0.2493	0.8677	-0.3283	0.4737	1.4643	-0.0884	0.0346	1.4154	-1.6648	0.1713	-0.9215	-0.3574	-1.6444	-0.9614	-0.5164	-0.8834	-0.0698
-0.0321	-1.0093	1.3607	-0.1030	0.7879	0.3272	-0.9708	-0.1745	-1.0714	-0.8631	1.0904	0.9007	-0.3298	0.8014	0.3605	-0.1530	-1.0364	1.1839	0.4501	0.0092	0.6413	-1.6411	0.5711	0.9490	2.0870	-0.6807	-0.1361	-0.7440	0.3879	-0.3819	1.1391	-2.1488	-1.7675	-1.5100	-0.8019	-0.6078	-0.5076	-0.6490	1.0844	-0.4667	-1.1904	0.0064	-1.1246	0.8416	0.7215	1.1999	-1.6183	1.7812	-0.2561	-0.3985
-1.2234	0.1766	1.5511	-0.1130	-0.9242	0.5419	0.2941	-1.6800	1.8092	-1.2426	-1.1314	0.1253	-1.2148	1.1002	-2.4041	1.4780	0.7244	-0.5924	0.5698	-2.9696	0.3137	0.8262	0.6265	-0.5756	1.8767	-1.6205	-0.2925	-2.3676	-0.2259	1.6002	0.0530	-0.0107	-1.3072	-0.2448	0.2981	-1.7918	0.0044	-2.8048	-0.3681	0.7034	-0.0084	0.2975	-0.4456	0.7808	0.1028	0.4172	-0.6326	1.0071	-0.7585	0.1327
2.1329	0.7049	-0.5153	0.8376	1.0547	-0.0457	-1.2589	-0.2038	-0.1301	-0.2451	1.4938	-0.1502	1.2495	2.2907	1.5610	-0.3917	0.8263	-0.0778	0.7254	-2.2747	-0.7453	-0.1438	1.1195	-1.1072	0.4771	-0.0114	-0.9790	0.3237	0.1165	-1.2995	0.0256	1.6828	0.1492	0.0658	-1.5264	-0.2178	1.9058	-0.8302	0.2427	-0.2902	-0.2466	-0.5187	0.3439	-0.5943	0.2049	0.0233	0.6004	-0.0710	-1.2762	-0.6774
-1.1461	0.0100	0.2595	-1.9424	-0.5865	-0.7499	1.2247	0.8278	-0.3158	-0.3667	0.2387	1.6328	-0.7235	0.9715	0.4370	1.5308	-0.6991	-1.1981	0.7868	-0.9790	0.1302	0.2761	-0.8240	-0.4465	1.7695	0.3528	-0.4548	0.0776	0.7598	-0.8130	-0.9747	0.0828	-1.0201	-0.2739	-0.3370	-0.1171	0.3357	0.3512	0.2701	-1.6049	-0.3101	-0.1616	-2.2063	-1.2722	2.1105	-0.7036	-2.4998	-0.3137	-0.1861	1.6563
0.5839	0.5811	1.4850	-0.9573	-0.1875	0.1818	-1.3539	-0.1413	2.0597	-0.5296	1.4861	-0.4014	1.1401	-0.3416	0.5859	0.5343	1.0363	0.6945	0.4362	-2.2328	0.5932	0.6242	0.4459	0.6791	-0.4888	0.1682	-0.1367	0.5277	0.3870	0.1248	-2.6385	0.6846	-0.0211	1.2604	0.7436	0.4126	0.6525	0.7106	-0.6875	-0.5856	0.4737	-1.2492	-0.1773	0.1527	-0.3605	-0.7216	-1.3196	-1.2566	0.7305	0.2874
-0.3874	-0.1141	0.2893	-2.6469	1.4784	0.9360	0.4108	2.0425	-1.2360	-1.1623	0.3634	0.2513	0.0409	0.6722	-1.1623	-0.0289	-0.2817	1.3451	-2.9668	-0.5960	1.1988	0.7274	-1.0982	0.2517	0.1800	0.5908	0.7251	2.6720	-0.1809	-0.3917	0.2185	-1.8384	-0.5259	-0.4413	0.2534	-0.5247	0.0074	0.7562	-1.3695	2.5161	-1.3628	-1.2609	2.0672	-0.0306	-0.5875	-0.7616	1.0527	-0.0159	1.4354	2.6560
1.0028	-0.0664	0.2895	1.0830	1.8787	-0.3409	-0.1975	-0.8595	0.9888	-0.4037	1.1026	-1.2734	-0.8353	1.2337	0.5777	1.3746	-1.4078	1.5661	2.1138	0.5810	0.1035	-0.9423	-2.1016	1.6116	1.2842	0.1937	-0.7998	-0.1467	-0.3891	0.2663	-2.5881	1.1998	0.3959	0.5370	1.0511	1.7123	-1.0700	-0.2236	0.3505	0.5792	1.8857	0.4107	0.6393	-1.0489	0.1663	2.8600	-0.6110	-0.5917	-0.9127	1.3809
1.0282	0.3796	-0.8947	0.5148	0.0831	-0.9993	-0.2117	-0.5103	0.4181	-0.2585	2.7446	1.4249	-0.0767	0.0443	-0.4352	0.6981	-0.5380	-1.8473	0.8737	0.9612	-0.3900	0.4100	-0.3823	-0.4644	1.3143	-0.0436	-0.0057	1.0331	0.3949	0.1087	-1.5306	-3.2316	-0.3798	0.1603	-1.5414	0.4220	-1.1209	-0.8744	-0.8634	-1.2220	-0.1769	-0.9452	-0.8452	1.4462	-0.2872	-0.7676	0.3648	1.0879	1.2956	2.3953
-1.1204	0.6974	-1.1826	-1.0552	-0.5320	0.4509	-1.6896	1.2302	-0.7949	-0.4490	1.2454	1.8819	-0.1587	0.3740	-0.3949	-0.0932	-0.4369	0.0671	0.2527	-0.1361	1.9377	-1.1071	-1.8888	-0.1269	-0.0834	1.3290	-1.9170	-1.0405	0.2136	0.8949	0.9643	1.3296	0.3596	-0.1357	2.3601	-0.5713	-0.3889	0.2593	-0.0478	1.4244	1.6763	-1.0133	1.2596	-0.7822	1.4109	-0.1174	-0.7789	-1.6194	1.4002	2.6688
-0.2796	-1.2358	-0.1645	0.6663	0.1130	-0.8738	0.9629	1.1214	1.9066	0.8993	0.2762	0.4816	-0.2468	0.3244	0.7154	0.6044	-0.5775	-0.4483	-0.0160	1.0021	-0.9887	-2.1475	-0.1481	0.4549	0.0018	-0.5498	0.3896	-0.7997	0.4600	0.3272	0.3583	1.4193	-0.6254	-0.5254	-0.6079	0.1230	-1.2806	-0.1104	1.6158	1.4407	-0.9717	1.5400	0.9118	-0.2492	-0.5431	0.7640	2.5681	-1.1835	0.5236	0.4867
1.2582	-1.6517	0.3835	-0.7237	1.0120	1.0968	0.5762	-0.1378	1.5434	0.1667	1.0273	0.0767	-0.6058	-0.0084	-0.1707	-0.6025	-0.7573	0.0394	-0.6675	1.0745	0.4773	-1.0900	0.9287	-1.8801	1.5983	0.5396	1.7022	0.0661	-1.6689	-0.6551	0.9301	-1.2946	-1.4839	0.4585	0.9240	-1.7332	0.8257	-0.5582	-0.0352	-0.5552	-1.8477	0.5376	0.1608	0.6833	0.8981	0.9549	-1.9484	1.5852	-0.0341	-0.0260
-0.4915	-0.0609	-0.9178	-0.0994	1.3414	-0.3867	-0.5268	0.0741	-0.9640	-0.9334	1.2699	0.3032	1.3058	2.7255	0.6272	1.5349	0.5272	0.4387	-0.6200	1.6463	-0.0179	0.1826	-0.8271	0.7005	-0.4106	-1.2257	0.5799	-0.6135	-0.4332	-0.5096	0.8968	-3.3437	0.8342	-0.0875	-0.5597	1.0361	1.2241	-0.2244	-0.1134	-0.6246	-0.1481	-0.2681	-0.3567	-0.7126	-1.3223	-1.8234	1.7946	-0.2036	0.2599	0.9800
-0.0819	0.4758	0.2590	-0.2847	0.5792	0.6809	0.1176	-0.1026	-0.2601	-0.1224	-1.0807	0.5171	-0.8548	-0.2323	-0.2480	-0.1151	0.7258	1.0694	-1.2171	-0.0514	1.6032	0.9204	-1.6494	-0.8071	-1.1984	-0.3051	-0.2077	0.1052	-0.9042	-0.0470	-1.5066	-1.7686	-0.0785	1.2723	0.0939	0.6992	1.1790	0.1497	0.9300	1.9375	0.5223	-0.4959	0.1197	0.3739	-0.9987	-0.8487	-1.0246	-0.0805	0.2680	-0.6475
0.3064	-0.7291	2.1938	1.8215	0.1036	0.4479	0.2890	-1.1248	0.7510	0.6608	0.5526	0.1815	1.3131	-0.6315	-0.9985	-0.4052	-1.8529	0.1245	-0.1049	0.1166	0.8318	-0.7090	0.8154	2.2512	0.4325	1.8298	-1.0272	1.2252	0.1359	-0.7694	0.5474	-0.4412	-0.2403	0.0716	-1.3647	-1.4952	-0.2160	-0.8532	-0.0464	-0.6429	-0.5804	-0.6782	-1.0612	-0.7729	-0.8153	-0.6990	-0.4263	1.3808	1.2959	0.8937
-1.6769	0.8320	-1.0008	1.2606	0.7948	1.3676	1.3864	-0.0605	-1.4140	-0.5410	-0.1123	1.0726	-1.1427	0.7077	-0.7902	-0.2946	1.6955	-0.3941	-0.5733	0.0242	-0.4620	1.2953	0.7391	0.5441	-0.4676	1.6246	0.4945	-0.3529	-0.9043	0.6121	0.4508	-0.1211	0.1818	-0.5125	1.1626	-0.8809	0.4901	0.1685	-0.3655	1.5506	0.2913	-1.1707	-1.3636	0.2438	-0.1524	1.0875	-2.0267	-1.3831	-0.6221	-1.5145
-0.0415	0.2432	-0.6622	-2.2022	0.1551	0.1119	-0.6497	2.5192	-1.2047	-0.9265	0.6011	0.9953	1.9658	2.3116	0.1076	-0.9964	0.0535	-0.9711	-0.2354	1.3763	-0.5269	0.3822	-0.6614	-0.1234	-0.6793	-0.6903	0.6604	-2.7568	0.3695	-1.5884	-0.2293	0.3477	-0.0958	-0.5888	-0.3553	0.4060	0.0627	1.4038	-0.5749	0.0110	0.1151	-0.5848	-0.4343	-1.1109	0.6051	0.4617	-1.9905	0.0345	-2.0978	-2.2901
1.8613	-0.0650	1.4601	-0.0909	-0.7474	-1.4003	-0.1992	-1.9054	-0.3470	0.1732	1.8338	-0.1019	0.0528	0.3759	0.6511	0.3725	0.0093	-1.5720	0.2334	-1.3894	0.2579	1.1002	-0.0911	-1.1390	0.0612	-0.8253	-0.5695	0.8185	-0.9232	-0.4184	-0.6344	0.1854	-0.0840	-0.3791	1.6347	-0.4746	0.0156	0.3523	-0.0774	1.6240	-0.0934	-2.2723	2.8631	0.0835	0.4874	0.3773	0.3901	-0.1948	0.0282	-0.1095
-2.4087	0.1274	-0.2284	-0.5129	-1.8938	-1.0871	-0.1484	-1.0268	0.7084	-0.1805	-1.0677	-1.2036	0.6292	0.1340	1.1069	0.3838	0.5788	-0.0321	-1.0489	-0.3433	-1.6187	-0.4070	-0.2928	0.3936	-0.3450	-1.3404	0.0983	0.4371	0.2618	1.0652	-1.4182	-0.4224	0.4014	0.0888	1.8328	0.1186	0.7360	0.7985	1.0921	0.4948	0.3140	-2.0512	1.4948	0.3553	0.5968	-0.5971	-0.2161	0.3330	-0.2720	-0.0837
1.2321	-0.0666	1.1173	0.2150	0.9926	-0.0622	2.1038	0.2389	1.2197	-0.7361	0.2780	-0.0371	-1.0289	-0.8517	0.9878	0.0607	-0.9573	1.1240	0.4445	2.6411	0.5270	0.2289	1.0183	-0.1946	-1.8447	0.2419	0.1884	1.1498	-0.3496	-0.3185	0.1798	0.5369	-0.3099	0.0048	0.6178	-0.0116	0.4362	-0.3194	0.2255	-1.5113	-0.3483	-0.7921	-0.7530	2.3877	-0.4175	-0.5756	-0.1707	0.0695	-0.4360	0.9250
0.1626	-1.1654	-0.5707	0.4409	-0.2015	-2.6703	-0.0747	-1.6992	-1.9838	0.2969	0.1592	-1.6323	1.8505	1.2911	-0.2923	-1.5885	0.4017	1.1095	1.8531	-0.6663	0.1627	1.2250	1.9163	-1.4250	0.8638	-2.6456	0.2386	0.6793	0.8540	0.3952	-0.4244	-0.3290	0.9463	-0.9322	-0.3581	-0.7268	-1.7458	-0.1297	0.5278	0.2370	0.1734	1.2267	-1.4256	0.1161	0.5189	-1.1576	-1.4453	-0.1657	-0.1124	0.1696
-0.9188	-1.4313	-0.4384	-0.2170	-1.0476	0.2341	0.1856	-0.9398	0.2637	-0.3318	0.6074	0.6437	0.2641	1.6766	0.0481	-1.0593	0.0115	-1.0124	-0.3640	-1.1270	1.3946	1.1932	-0.4638	1.4391	0.0432	1.0185	-0.0738	-0.2224	0.7034	-0.5611	-0.6336	0.1424	-0.4495	1.1799	1.1106	0.7056	-0.5654	-0.7850	-0.3418	-0.4858	-0.2778	1.0306	-1.2064	-0.8068	-1.9458	-0.1047	0.7441	-0.7135	-1.6080	0.9882
0.4685	-1.2373	-0.3851	-0.8824	-0.5987	-0.3891	0.7327	0.7467	-0.4688	-0.5857	0.1437	0.4570	-0.5175	0.2256	0.8744	-1.1353	0.5094	0.1494	0.6728	-0.4566	1.4093	0.3000	-0.8450	-0.0746	0.1445	-0.1346	-1.0624	-0.9554	0.7723	-0.2948	0.2182	-0.0327	-0.2620	-1.8263	0.8789	-0.4381	-0.2315	0.4521	2.0199	-0.3447	-0.4761	1.0487	-0.8831	-0.1711	-0.4221	0.1380	0.2529	1.3539	-0.9575	1.5701
0.5162	-0.3401	-0.7817	0.5084	-0.8761	-0.3135	0.0442	-0.4656	-0.1586	0.8536	-1.5977	0.2576	1.3795	0.8570	2.0181	0.7930	-0.8554	-0.1848	-0.5600	0.0709	-1.7570	-0.3979	0.2029	-0.2280	-0.0884	0.2659	-0.9469	1.0409	0.5616	0.3388	0.3334	2.3703	0.1196	1.3960	-0.9852	-0.1391	0.6082	0.5080	-0.3651	-0.3572	1.2539	-0.9681	-0.5527	1.6605	0.6885	0.6256	-0.0143	-0.1580	-1.5408	1.3400
-0.2660	0.7560	0.1432	-1.0914	0.3611	1.0203	0.6384	-0.6980	0.0146	1.4644	1.1257	-0.4397	-0.8047	0.2487	-0.1555	1.1387	0.3601	-1.0220	1.4539	0.4736	-1.0569	-2.3314	0.4595	-0.9725	0.4046	-0.4085	1.5148	-0.8155	0.6686	0.2676	0.2366	-0.5442	-0.9720	-0.1335	2.2622	-0.4899	1.5361	1.0337	-1.1173	0.6826	-0.7350	-1.2279	1.4149	0.3055	0.3553	-1.1602	1.7190	0.2483	-1.0707	-0.6316
1.1242	-1.3374	-0.4229	-0.2643	-0.5251	0.0081	0.0297	-0.3918	-1.1137	0.4701	-1.0695	-0.4783	0.2372	0.9977	-0.8292	2.0562	-0.2350	-1.4237	-1.0051	0.1293	-0.3781	0.0681	0.5466	0.5653	0.6922	-1.3613	-0.5073	-0.0020	0.2880	0.1601	0.5010	0.5060	-1.5010	-0.4388	-0.0450	-1.1289	0.5361	0.3640	-0.2226	-0.0860	-0.3442	0.6141	-0.4685	1.6814	0.2718	0.0959	-2.2149	-0.2031	-0.0965	0.5453
-0.6886	-1.3460	-0.9225	0.3132	-1.5244	-1.2885	-0.9835	2.9533	-0.5705	-0.6725	-1.6845	0.9911	-1.6386	-0.6032	0.0596	1.3253	-0.7643	-0.1683	-0.8874	-0.9454	-0.0833	-0.1460	0.1754	0.3364	0.6765	-0.1739	-1.5549	-0.7347	1.7104	-2.0035	-0.2774	0.3656	1.5207	1.1504	0.8595	0.0897	0.6970	0.7672	-0.3995	0.2713	-1.8170	-0.3693	0.4004	-1.3800	1.2458	0.2624	-1.1439	-0.1732	-0.8139	-0.6279
-0.2213	0.8690	1.0617	0.2504	0.9735	-0.3277	0.7915	0.7934	-0.7598	-0.7141	1.1544	-0.3361	0.0339	0.0035	-0.1125	0.6655	1.3836	-0.2386	0.3196	0.4597	-0.8516	0.2736	1.3322	-0.2951	-0.7703	1.4475	-1.3133	-1.3189	-0.8634	0.9193	2.2532	0.0769	1.9798	-0.4006	2.5923	1.0418	-0.0761	0.1193	-1.6870	-0.2623	0.5219	0.2869	-0.9590	0.8779	-0.0504	-0.3062	0.2787	-0.0831	-1.1395	-0.6031
-2.3055	-2.3060	-1.0737	-1.5890	-1.0551	-2.3006	-0.6343	0.4192	1.2918	0.7590	-0.1469	-0.1660	1.9201	-0.0726	-1.1658	-0.9620	0.6518	1.1691	0.7427	-0.4296	0.3168	0.0079	-1.0705	0.4224	0.0704	0.1082	-1.2692	-0.8883	-0.9935	-0.7854	1.0297	0.0014	-1.6126	1.0553	-0.4804	0.7675	-0.1494	-1.2666	-0.5447	-0.4847	-1.1439	-0.7334	-0.1781	-0.4311	-0.2083	0.1679	-1.1018	0.5518	0.7981	-1.3431
-1.1768	-0.0018	1.0182	-0.6430	1.6971	-1.3927	-2.1310	-0.3126	0.4095	-1.0208	-0.3560	0.0260	-1.5160	0.4985	-1.0023	1.0179	-0.2559	0.5772	-0.7110	0.6001	2.7486	-0.2394	0.3126	0.6840	3.1102	1.6419	0.0053	1.0351	0.0411	0.7852	0.4466	0.5592	-0.5512	-0.2757	-1.1719	1.4028	0.9717	1.3139	0.1314	0.2197	1.5304	-0.8274	3.2041	0.9489	-2.1739	1.7377	1.0197	-1.3525	0.2882	-1.0904
-1.2387	0.8838	0.1964	0.1816	0.9481	-0.7692	-1.0067	-0.0386	-0.6343	-0.8456	-0.9078	-0.3357	0.8590	0.3927	0.9696	0.3829	0.6083	-1.0952	-0.4394	-0.8750	1.0289	-0.6868	-0.4290	1.4344	-0.5166	0.2320	1.1772	-1.1457	-1.6654	0.9181	2.0001	1.3535	0.5388	-1.8411	-0.3558	-0.6216	0.0276	0.1096	1.3424	0.3269	-0.1303	-0.1368	0.3625	0.5066	-1.0849	-1.2070	0.3381	-2.8771	1.6393	-1.8185
-0.8013	-1.3587	2.0978	0.3517	0.2949	-1.6891	-0.7073	-0.8454	0.2990	-0.4054	-1.3502	-1.0755	1.4980	-0.5084	-1.4833	0.0100	0.4611	-1.0707	-0.3787	-0.0759	-0.0682	1.2476	-0.3550	-2.2552	-1.6810	0.0334	2.5576	-1.4396	-2.1987	0.3514	0.3795	-0.2854	0.7530	-0.3384	1.2788	1.2473	0.4404	-0.5857	-0.0462	-0.6654	0.2576	-0.3892	1.1028	0.4519	-0.9526	-1.2204	0.8054	1.2764	-0.9036	-0.1860
0.2150	-0.1162	-0.9821	1.0151	-1.5724	0.4655	1.0559	0.2176	0.8918	-1.0243	-0.2032	0.4106	-0.7774	-1.9946	1.1039	1.8291	1.3796	0.4034	-0.8039	1.5136	0.6085	1.5591	-0.1787	-0.2714	0.6880	-1.3582	-0.4135	-0.7800	-1.2915	0.2913	0.6611	0.9813	0.3232	-0.1858	0.4304	1.7336	-0.9649	-1.8164	0.8664	-0.6041	-0.0517	-0.3151	0.9728	0.0577	-0.3417	0.8808	-1.2677	0.8174	0.0988	-1.2764
0.2484	-1.7095	3.0080	-0.5160	1.1996	-0.1645	-0.2825	-0.5491	-1.7335	1.2606	0.2945	-0.8440	-0.0939	0.0648	1.5590	-1.2782	-0.1658	0.9002	1.5076	0.0249	-0.3537	-0.4711	1.2273	-0.7337	-1.4442	-0.4390	0.0601	-0.7365	0.9227	0.3779	1.8263	0.1115	-0.5171	-0.8683	1.0431	-2.0060	-0.2540	-0.5268	-0.4205	-0.0321	0.4169	-0.1070	0.8008	0.0694	1.7765	1.1837	-0.3479	0.1134	0.1509	-0.4816
2.0937	-1.7110	0.2743	-0.5257	-0.2714	0.8258	-1.6742	-0.7812	-0.6286	-2.3253	0.7661	1.0480	0.0263	0.1043	0.0839	-1.6880	-0.3112	0.4508	2.5619	-1.7074	0.0384	-0.1985	0.3472	-2.7460	0.4149	1.2298	-0.2498	-0.2535	0.1923	1.9494	-0.7407	-0.5167	1.2806	1.4202	0.9624	-1.2223	0.3047	-0.5965	-1.5128	1.1800	-2.2418	0.6980	0.5880	0.9090	-1.1522	-0.3361	0.0951	-0.2621	0.8856	0.7004
-1.7568	-1.2411	0.3963	-0.7150	-1.3162	1.0600	-0.3337	-1.4435	-0.4966	2.3833	1.2336	-0.2573	0.6648	0.2099	-1.3645	0.5458	-0.9922	1.4294	0.7884	2.0220	0.3781	-1.9666	-1.1179	2.1193	1.0884	0.0688	-1.5687	-1.4580	-0.7052	0.0166	-0.9785	-2.4070	0.8260	-1.2207	0.1606	0.7547	1.6979	-1.4843	-0.1084	0.8276	-0.1129	-1.0801	-1.3700	0.6121	1.7292	0.4584	0.0740	1.1571	0.5641	-0.1577
1.3060	-0.7368	-0.1641	-0.8709	1.7314	0.3084	0.7623	0.3472	0.3656	-0.2305	-1.0054	-0.3069	-0.6998	-1.8180	-0.3077	-0.0017	1.0884	0.4134	-0.7785	1.8298	0.8041	-1.7250	-1.2442	0.7123	0.3332	-1.6752	-2.6321	-1.0986	-0.3133	0.1109	0.4232	-0.2114	-0.7113	-0.2635	-0.7983	-0.6849	0.5914	0.6853	1.2243	-0.3895	-0.4337	0.0454	-1.0042	-0.1453	1.1385	1.8586	0.1848	-2.5298	0.6070	-1.3194
-0.0948	1.3633	-1.5975	-0.4681	-1.1090	1.7034	-0.2148	-0.9826	0.3344	-0.8065	-0.6088	0.5947	-0.1056	-0.4735	0.2524	-0.3114	-0.3546	0.4231	0.3847	0.3636	1.2221	0.7417	2.1369	0.1439	0.3985	-1.2201	0.1862	0.6404	-0.5850	-1.5736	0.9498	1.9663	0.0298	1.1874	-0.9664	0.0316	-0.1313	1.6165	0.5649	1.0742	-0.3781	-0.1190	0.6389	-0.7775	-1.4034	-0.2535	-0.1747	0.4783	-0.3252	0.3168
-1.0442	0.0256	-0.2390	0.9062	0.3781	-1.0988	0.0894	0.8505	-0.0454	0.7728	0.3346	1.6406	-0.3111	0.9014	0.1825	0.4551	-0.5380	-1.3639	2.2311	-1.0322	0.0897	-0.2009	0.7620	-0.1555	-0.9589	-0.6621	-1.4475	-0.0447	0.5518	-0.1824	1.5968	0.4415	0.3079	-0.0202	-0.9247	-0.6181	-0.6602	0.0014	0.9834	0.1207	-0.4172	-1.8079	0.5984	-0.4053	-0.6063	-0.7136	-0.9553	-0.8825	0.6960	-2.2196
0.3076	-0.6832	-0.9420	-0.9930	0.1600	0.9613	-0.1967	-0.4606	2.3085	-0.1227	0.7040	0.6796	-0.4023	-0.9047	-1.1076	-0.2296	-0.3914	-0.1424	-1.3375	0.8289	-0.3688	-0.2691	-0.4795	0.2621	0.3724	2.0792	0.1687	2.5021	0.0054	-0.8898	0.3937	-0.0322	0.9702	0.2283	0.1945	-1.8543	0.6888	-0.7846	-0.2090	1.8781	-0.0506	-0.5930	0.1998	-0.9023	1.5594	1.9828	-1.1161	-1.1701	0.7431	0.0661
-0.3459	-0.8693	-1.3626	-0.9689	0.2907	1.5349	-0.3487	0.1966	0.8914	0.2349	0.8567	-0.1649	-1.0038	-0.4307	0.4823	-1.1071	-0.4013	0.1438	-1.5461	1.9558	0.6347	0.9313	0.8236	-0.0733	0.5217	0.4351	0.2539	-1.1905	0.7171	-0.2423	-0.1660	-2.0845	-0.5035	-0.6966	-0.3680	-0.2625	0.3424	-0.1016	-0.4200	0.6123	0.6958	0.6254	0.8345	-0.9671	1.1024	0.7649	-0.0815	1.4067	-2.1090	0.0774
-2.1506	-0.4158	-0.5748	-0.3268	1.0338	-0.4158	-0.2598	0.9800	0.4051	0.6730	-1.6886	-0.3937	-0.1371	1.0455	-1.7187	0.2812	-1.2545	-0.0635	-0.6605	-0.1393	0.6570	0.7913	-0.2442	-2.0374	-0.1744	-0.0020	-0.5792	0.7368	-0.8020	-0.2270	0.4041	-0.1148	-0.2316	0.7646	-0.4894	-0.1121	0.1928	-2.0067	-1.3703	0.8826	-0.2268	-0.7941	-1.2085	-1.6282	1.5797	-1.0707	-0.6666	0.2229	-1.6853	1.1640
1.4930	0.5917	1.3027	-0.5369	0.3036	-2.1217	0.1589	-1.6645	1.3085	1.1187	0.4576	0.5288	0.3616	-1.9084	2.4628	-0.8676	0.0364	-0.2975	1.8282	0.5153	1.2143	-0.7840	0.0362	-0.2128	-0.0991	0.5154	1.2121	-1.6921	-0.3109	0.7709	-1.1620	0.6968	-0.5052	-0.8254	-0.2859	-0.3175	-1.0695	0.4721	-1.7582	-0.6479	-0.5440	-0.6382	0.7784	0.6526	-0.1049	0.4721	-0.5259	2.2128	-0.2109	-2.3110
1.3432	-0.2105	1.0138	-0.0970	0.6191	-0.6110	-0.2985	-1.2279	-0.9068	-0.2038	-1.8442	-0.5564	1.2343	1.6187	0.0060	1.3297	0.2945	-0.6746	0.4150	-0.6434	0.1772	-0.5385	0.9608	-1.7102	-0.8171	0.0038	0.4049	-0.6078	-0.3509	-1.6661	0.8112	-0.3797	0.0844	-1.3874	-1.1492	-0.1147	0.0556	-0.0617	-1.7249	2.4571	1.1411	0.0314	-1.2666	0.2404	-1.1258	-0.8324	0.3177	0.7012	-1.0789	-0.8841
-0.0634	1.0902	0.0478	0.9819	0.9520	-0.1953	2.9621	-0.0037	0.1039	-0.8670	1.6437	0.8499	-2.8144	-0.2987	0.6475	-0.4571	-0.7556	0.9201	0.9194	0.6661	0.0918	-0.5281	1.6803	-1.0279	-0.4553	0.8899	-1.1130	-0.1610	-1.2704	0.7992	0.4624	0.6072	0.3866	-1.0439	0.3805	-0.1312	-2.2976	-0.5156	-0.1616	1.3974	1.8774	-1.1241	0.0963	1.1579	-0.8547	0.8357	0.5693	-0.7541	2.7964	-0.2852
0.3340	-0.5211	-0.3239	0.1913	0.7551	-0.0625	-0.6041	-0.6744	-0.7578	-1.0509	0.8810	0.4152	-0.1252	-0.7768	0.0507	2.3797	1.9371	0.1021	-0.1569	-0.2713	0.3867	-1.2763	-0.7344	0.5379	-1.2805	-0.7675	-1.2780	0.5690	-0.1342	-1.7046	-0.0568	-0.9787	1.2530	-0.9197	-0.2348	-0.7845	0.4562	-1.1897	0.5002	0.3846	-0.8910	0.0890	0.4293	0.8456	1.5355	-0.6129	-0.2490	0.0008	0.1730	0.7795
-1.6513	-0.1636	0.6437	-0.6128	0.2458	-1.0628	-1.2143	0.5072	0.8894	-1.0724	-0.0183	1.8506	-0.6732	1.1674	0.3845	-1.2507	-0.9344	-0.2896	2.0478	1.3967	0.8175	0.3192	-0.9733	0.3032	1.2376	1.6656	-0.9695	-0.6083	0.9929	0.9514	0.6124	-0.7872	-0.3031	-0.2903	-2.4234	1.3035	-0.5006	-0.2177	-0.6578	-0.8106	-0.2024	-1.2669	-0.7846	-0.1211	-0.3742	-1.2754	0.1653	1.1205	-0.7309	-0.0061
0.2548	-1.7387	0.1400	1.3759	-0.8528	1.1713	1.1485	-0.1743	1.8827	1.2212	-0.6891	-0.4914	1.1996	-0.2586	0.7225	2.3577	1.1177	0.7157	-1.4808	-0.2994	0.5173	-2.0664	-0.0988	-1.5852	1.1219	-1.5733	-0.6705	0.6486	1.4610	0.4933	-0.6804	-0.2190	0.1626	0.0273	-1.0786	-0.5080	-0.3681	-0.8376	-0.2494	-0.7134	-0.8298	0.2971	-0.1179	0.0603	-0.0347	-1.2093	1.4698	0.7264	-0.2704	-1.2710
-1.6909	0.0923	-2.6087	1.3717	0.4793	-0.6414	1.5216	-1.6348	0.5808	0.2198	2.0022	0.8182	-0.8601	-0.0446	1.2079	-0.8643	0.0234	-0.1075	0.7850	1.2794	0.9102	-1.7593	0.3744	-0.5902	1.9394	-2.4002	1.2896	-0.5310	-0.1029	-1.2313	0.7311	-1.3564	-1.2177	-1.5470	-1.1413	0.4459	1.6792	0.3089	-0.5150	0.6782	-0.4409	0.5640	-1.1357	-1.2074	-1.6446	-0.8851	1.4513	-0.2518	0.9731	-0.0436
-0.0529	-0.4242	0.7937	-0.6559	1.3637	0.1079	0.4057	0.1976	0.4056	-0.8401	-0.6141	-1.7825	1.1304	-0.8986	0.8635	-0.0274	0.2685	-0.7931	0.0565	-2.0483	-0.1489	1.5503	-0.5089	2.0910	0.2662	0.5074	1.7084	-1.1262	-2.0163	0.3710	-0.4063	2.2630	-1.2749	0.3244	-0.4143	-1.8623	-1.7561	-0.3708	-0.3154	1.4449	-0.0610	0.3090	1.3590	0.0678	1.3690	-0.5375	-0.6942	0.5594	-0.2141	0.0563
-1.1150	1.5412	0.2363	0.2113	-0.9446	-0.2617	0.2681	0.6689	0.6693	0.9148	0.9140	-0.2216	0.4110	-0.5228	0.8753	-2.0583	0.9491	2.7203	0.3482	-0.1498	0.5550	-0.3660	1.7168	0.7002	-0.0666	2.6753	1.6268	-0.9477	-0.6961	-0.2192	-0.2543	1.7870	-1.0848	-0.2505	0.8697	1.4497	-0.3208	0.6406	-0.2312	1.5227	-0.0522	0.3182	0.5315	-0.9031	-0.3537	0.3656	1.2431	-1.0928	1.0078	-0.6393
0.6841	-0.4557	-1.3851	-0.3887	0.4599	-1.7036	0.2745	-1.8430	2.1151	-0.8829	1.4289	-0.0197	-0.4202	1.7429	-0.3577	0.6918	-0.8319	0.8547	0.1624	1.0691	0.1718	-1.7574	1.6690	0.4944	1.5164	-0.4177	-0.8642	0.3590	-0.3636	0.3114	-0.1249	1.5276	0.7275	-0.3824	-0.1228	-0.1025	-0.3263	0.3607	-0.7641	-2.3983	-0.0251	0.3035	1.0809	-1.3152	0.4436	-0.0795	-0.0685	-1.6395	0.3161	1.0909
-0.1728	-0.2043	1.0924	-2.2148	0.1171	-1.4391	-1.7961	-0.4124	-0.1616	-1.0745	0.2627	0.4372	-0.4441	0.8763	-0.2225	-0.0062	-0.0455	0.6066	0.4670	1.8492	-2.5301	-0.2878	-0.5569	0.5078	0.7239	-0.2516	-0.0180	-1.2503	2.0594	0.3286	-0.1831	0.3667	-2.5428	0.1091	-0.9132	-0.9165	1.4108	-0.1426	-1.8875	-0.6739	-1.1776	-0.8291	1.0602	0.8064	-0.3506	-1.6009	1.5584	-0.8655	0.6418	-1.1885
-2.0004	-0.8285	-1.0736	-0.0866	1.9702	0.5885	-0.5757	0.5091	0.4982	1.5005	-0.5141	0.7418	-0.8176	-1.7667	0.1451	0.4150	-2.4177	0.1995	0.7978	-0.0800	0.4084	0.5764	-0.4642	-0.1159	0.2919	0.5965	1.3475	1.2478	0.0300	1.0018	0.9996	0.5047	-0.3711	1.8525	0.0439	0.0345	-1.4241	-0.4064	0.1120	1.6518	0.6914	-1.1108	-0.6537	1.4100	-1.1572	0.4001	-0.4931	0.4588	-0.0495	0.4224
-0.5414	-0.2396	-1.5138	-1.9677	0.8258	-1.0197	-1.1060	1.0248	-0.0943	-1.0925	0.7349	-0.3736	-1.4157	1.6282	0.9405	-0.4874	-1.8447	-1.0192	1.6641	0.4564	1.3771	-0.1320	-0.7111	-0.2561	-1.7030	1.5582	0.4158	-1.2382	0.5110	-0.9875	0.1656	0.5341	0.4578	-1.9088	1.7651	0.7042	-1.5870	-0.9629	-0.2420	-1.8267	0.3580	0.8570	-0.0100	0.3279	-0.5869	-0.3680	0.3581	-0.4476	-0.5977	1.1277
0.3446	0.7617	-1.5000	1.6606	1.7267	1.9081	-0.1324	-0.3804	0.9236	0.9119	0.7199	-0.9926	0.5894	0.3043	-0.5466	0.1877	1.7359	0.3660	0.8277	0.1229	0.5216	0.6218	-1.2551	-0.3754	-1.8682	0.0859	0.2708	1.8176	-0.2631	0.6964	-0.7809	0.3813	1.4349	-0.7395	1.1488	0.2005	-2.5625	1.0159	1.1402	0.0935	-1.2991	1.0473	0.5261	-0.2569	1.1346	-0.3293	-0.9329	-0.6539	-1.0177	-0.2230
1.7423	0.1807	-0.5889	-0.4859	0.3373	1.0138	1.0313	-0.9237	-0.5744	-0.6345	-0.5394	1.0055	-0.6732	0.8661	0.2491	1.0669	-0.2789	-0.5030	0.4933	1.5883	-1.2296	-2.0396	0.2559	0.5883	-1.2203	0.8830	0.8014	-0.0368	0.9795	1.2129	2.4912	-0.6423	0.3779	-1.2303	0.3660	1.7667	0.4831	-0.6171	0.9962	-0.0216	-0.2289	0.5338	0.8763	-0.9520	2.1615	-0.3237	0.9334	-0.0231	2.2460	0.4928
-2.8792	-1.0230	-0.9477	-0.2269	-1.2575	1.3438	-0.5987	-1.1479	-1.2455	0.2165	-0.5430	-0.4063	-0.7679	-0.9702	0.0770	-1.5911	-1.0189	-0.7317	-0.9779	-0.3353	-0.4635	-1.1135	-0.6244	1.0735	-0.2588	-1.5424	0.1904	-0.3534	1.5387	0.8402	-0.6014	-0.6919	1.2283	-0.6200	0.4001	0.2330	-0.4135	0.3173	0.6785	1.1714	-1.9393	-0.0547	1.5829	-0.4156	0.3409	-0.2450	-0.6201	-0.6575	-1.3340	0.2295
1.7564	1.1736	1.1863	0.1625	-0.1172	0.3400	-0.5572	0.4712	-1.3774	-0.7905	0.2797	0.7297	-0.7110	-0.7685	1.2197	-0.6620	-0.1023	-0.1153	-0.5739	0.5668	-0.5722	-0.8603	-0.7225	0.6142	-0.3307	-0.4331	-1.0572	-0.1596	-1.0521	0.9796	2.0196	-0.0892	-0.3693	1.6187	-1.2283	-0.9862	0.3075	0.2918	0.9189	1.9774	0.7493	0.0718	-0.2979	0.3450	-0.1070	-0.4057	1.6097	0.6614	0.9942	0.5188
-0.1901	1.9249	-0.3864	0.8212	0.9548	-0.1226	-2.0227	-1.3765	-0.3678	0.4080	-0.4867	-0.5126	-0.1914	-0.0858	-1.8578	-1.2611	0.6459	1.1946	-1.6097	0.3495	-1.1032	-1.1021	2.6074	0.4764	-0.2503	-0.0529	0.6851	-0.9622	0.2979	-0.0839	1.0627	-0.4605	-0.4681	0.8628	0.8831	-0.4086	-0.8734	0.9598	0.6060	-0.4744	1.5398	-0.2420	0.6515	-0.7900	-0.2005	0.2382	-0.3747	1.0073	1.8063	-0.4635
1.6994	-0.5643	1.1603	-0.1967	0.2744	2.0733	-0.4917	-0.2265	-0.1229	0.6450	-0.6666	-1.1585	0.3791	2.1489	1.1338	-0.0199	-1.1107	-0.3438	0.4302	-0.4904	-1.1116	-0.8328	-0.5130	1.0046	-1.0884	0.6310	0.0070	0.8206	0.4299	-1.1782	1.8740	0.2234	-2.0739	-1.6602	0.9675	0.2953	-0.5930	0.2884	-0.4976	1.4143	0.3646	-2.3834	0.2428	-0.1470	0.2967	1.1131	1.2181	1.1716	1.2490	-1.0292
0.2647	2.2250	-0.7696	0.5011	1.3142	0.1495	-1.9330	-0.2810	-1.1286	0.8077	-0.1679	-0.5328	1.0940	-0.1983	-1.4062	-1.2119	0.3832	0.6979	-0.1386	0.9723	0.0853	-1.3905	-0.0064	-0.5174	0.0524	-0.3530	1.9224	1.3458	0.1059	1.6251	0.3360	0.9137	-0.0477	-0.7654	-0.3538	0.9025	-1.7477	0.9474	0.6980	0.1944	0.6932	0.6482	0.7126	0.7134	-1.4723	-2.5070	-0.9104	-0.2718	0.2842	0.1221
1.3878	-1.1246	0.9337	-0.3158	0.8907	-1.3732	-1.1114	0.9494	0.2171	2.0806	0.1465	0.6201	0.1540	-0.8538	0.5695	-1.9237	-0.2428	-0.0845	2.1333	1.0202	0.0636	-0.3307	0.9019	-0.5614	0.2564	-0.3645	0.4025	-0.4955	-0.3257	-0.3843	0.2166	-0.4562	1.2116	0.4113	-0.4302	-0.6955	1.5340	0.2800	-0.9216	1.4148	2.8959	-0.0347	-1.1877	0.3173	0.7624	0.6758	-0.2820	-2.3466	0.2527	0.3963
-0.6771	-1.3647	-2.2051	-0.4257	-0.9693	1.8789	-1.2158	0.1149	1.2683	0.7958	-1.7556	-0.2094	-1.5874	-1.2155	0.9719	-1.2799	0.2090	0.9453	0.8044	0.6389	0.8612	0.9772	1.1320	-0.5793	-1.1475	1.2495	-0.4081	-0.2647	0.2239	0.4855	-0.7174	0.2622	-1.0937	0.3763	0.2300	2.6985	-1.0615	-0.5787	-0.7421	-0.3530	-1.1879	-0.1328	0.1620	0.1089	-1.1905	1.1903	-2.7291	-0.2065	-0.2008	-0.8250


