
X1	X2	X3	X4	X5	X6	X7	X8	X9	X10	X11	X12	X13	X14	X15	X16	X17	X18	X19	X20	X21	X22	X23	X24	X25	X26	X27	X28	X29	X30	X31	X32	X33	X34	X35	X36	X37	X38	X39	X40	X41	X42	X43	X44	X45	X46	X47	X48	X49	X50
-0.7728	1.4061	-1.2753	0.5795	-0.1102	0.7261	-0.5960	1.3608	-0.8049	0.0515	-0.0394	-0.6441	2.2953	0.5297	-0.2238	-1.7125	2.0576	0.8685	-0.7992	-0.6374	-0.7627	0.9291	-0.5077	0.4079	-2.0696	1.3471	0.3940	-0.4371	0.3013	0.6019	0.4556	0.3817	-0.3935	-1.0301	1.1140	-0.6275	0.0102	-0.2153	-0.4447	0.1327	-1.6398	-0.2715	0.2066	-0.3334	-0.5838	-1.5752	0.2005	-1.0867	-0.6595	-1.1505
0.8372	1.2534	0.1487	-0.5279	1.5022	-0.7527	-0.4836	-1.2429	-1.0145	0.0745	-1.2767	-0.0628	-0.7039	-0.0759	-0.3284	-1.5402	1.1770	-0.7842	0.1753	1.7178	0.0851	-0.3278	0.0519	0.6212	-0.5527	0.1044	-0.3233	0.1506	1.9574	0.8344	1.0260	0.5641	-0.2769	-0.6761	0.5177	2.5846	-0.5078	1.2009	1.1955	0.4456	-0.9498	-0.8168	1.6355	-0.9725	-0.4153	0.3295	-0.1506	0.3870	1.1465	0.2731
0.9196	-0.5886	0.9484	0.7485	1.2733	0.8620	-0.2064	1.0545	1.6319	-0.0319	0.8925	0.9691	-0.4844	-1.1141	0.7264	-0.2093	-1.5483	0.8514	1.1191	-0.1199	-0.9249	-0.6387	1.7597	-0.7406	0.9164	0.4979	0.1324	-1.2823	-0.6970	-0.7487	1.3476	-0.4309	0.5777	-1.1345	-0.4369	0.6058	-0.4039	1.2913	-1.3860	1.1840	0.0247	0.2215	-0.4648	-0.2571	1.0709	-0.7673	0.5019	-0.2185	0.6756	-0.1477
-0.5788	1.2363	0.9934	1.9899	0.0176	-1.5791	-0.3320	-1.6458	-1.2209	0.6447	-0.9893	0.0027	0.2386	-1.4294	1.3477	-0.0003	-0.8837	0.2249	1.9135	-0.3909	1.3075	0.2301	0.1365	-1.7950	0.7631	1.8732	0.3576	-0.1586	-1.1234	-1.6933	0.0125	-0.7168	-0.0788	0.4980	0.2985	0.1403	0.0895	0.9371	0.0159	0.3539	-1.4116	0.1350	-0.0014	0.3832	1.1414	0.6379	-2.3757	-2.0194	-1.4336	-0.6119
0.8279	0.3245	0.5954	0.5467	-0.6814	-1.0538	0.4900	-0.4324	-0.6206	0.3198	-0.9035	-0.4386	-0.8337	-0.8628	0.0836	1.2474	0.2277	0.3080	-0.9069	-0.5971	-1.2913	0.2445	-0.0423	1.7057	0.0073	1.4919	-1.0451	-0.3965	0.9451	-0.1476	-0.9555	2.2231	-0.5270	-0.3353	0.0560	0.3129	-1.4358	1.2631	-0.3478	0.2372	1.4966	0.8043	0.2758	-0.3539	-0.4660	-0.4555	-1.1433	-1.8596	0.6505	-0.9418
-0.0167	1.6940	1.1093	-0.3428	0.1675	-0.4557	1.0062	-1.1580	1.0390	-1.5257	0.2044	0.9169	-1.9783	0.3107	0.8125	-0.4326	-1.5179	1.1921	0.9031	-0.1071	-0.6457	1.7898	-0.2775	1.4618	0.0540	-1.1853	-0.2662	-0.2489	0.6658	0.5898	0.5462	0.0237	0.8331	-0.6878	0.3906	-0.5427	1.2776	1.0358	-0.2144	2.1207	0.5132	-1.2435	0.8258	-0.5306	0.1623	0.3158	0.5510	1.5354	-0.5052	0.5884
-0.2181	0.1125	0.7141	-1.1185	-0.1544	-0.6734	-0.0586	0.7249	-0.9304	-0.2728	-2.2156	0.9333	-0.3948	-0.7433	0.5637	0.2622	-1.2283	-0.4170	0.6935	1.3905	1.3523	0.0236	0.4396	0.2846	2.9130	0.5171	0.7558	-0.5059	-0.9249	-0.5668	0.5844	-0.3507	1.5179	-0.2926	0.8361	-0.1737	0.3384	0.1030	1.0737	-1.4708	2.8173	1.0105	0.9886	-0.5235	-0.0311	-0.7654	0.0566	-1.4957	0.1358	0.5805
-0.9697	-0.1811	-1.1828	1.7901	1.4708	0.3838	0.1050	-0.1267	0.9518	0.7513	-0.7864	1.2528	-0.9798	0.6354	-0.2019	1.6624	1.1289	0.3377	0.5368	0.4566	-0.2373	-1.4026	0.6407	0.3038	1.9758	-0.4857	0.7013	-2.1571	-1.4629	-0.7625	0.7637	0.1518	-1.2969	0.1923	0.5897	-0.0562	-0.8289	-1.1075	-0.8114	-1.0723	2.1525	1.1294	0.3569	0.0158	1.4750	0.2255	0.3317	0.5780	-0.3283	0.8244
0.1342	0.1321	0.9179	0.2824	1.2799	1.8819	-1.0503	0.6077	1.1120	0.1015	0.2235	1.0496	0.7701	-0.5380	-0.3931	0.9303	0.4742	-0.6325	1.2262	0.7503	0.3005	-0.2995	-0.3351	-0.5023	0.4344	1.0871	0.5371	-0.0851	0.2856	-0.1812	0.2988	-1.0320	-2.5412	-0.7028	1.4088	1.4172	-1.7954	0.8807	-0.8203	0.4062	0.4364	0.4152	-0.8360	-0.6238	-0.4314	-1.0781	1.1879	0.7839	1.6807	0.4397
0.6173	0.8979	0.4906	-0.2547	0.0963	-0.4180	0.0121	-0.1848	0.5097	-0.4562	-0.2164	-1.2027	1.4599	0.7772	0.6716	0.0601	0.0807	1.2974	-0.8693	-1.1330	0.8803	0.4009	-1.4462	1.8336	-0.7204	2.2191	0.5438	0.9430	-0.2514	0.3007	-1.0808	0.9697	2.1960	1.4537	-0.0587	-0.6490	0.6958	0.1434	-0.5335	-0.7269	-0.4035	-0.8344	0.3486	-0.5334	0.6900	0.9111	-0.2838	1.3268	0.9454	-0.0427
-1.1238	1.0759	0.7751	2.1780	1.3528	-0.9429	1.4910	0.5230	-0.4599	0.2791	-2.2596	-1.1732	0.1607	0.8529	1.2732	-1.1367	-0.1498	1.9020	0.1134	0.2421	-0.0265	-0.1704	0.9231	-0.0715	-0.2645	-0.8209	-0.0105	-0.5874	-0.4677	-0.5147	0.8505	-0.7881	-0.5384	2.1186	0.8171	-1.1531	-1.1981	-0.6704	0.7362	-0.0110	-1.1190	1.0076	-1.0560	-0.9173	-1.0292	-0.9540	1.1108	0.8158	-1.5712	0.3685
-0.6254	-0.3902	-0.8152	-2.3056	0.8000	1.3771	-0.2411	-0.9459	0.6089	-0.6364	-1.3584	-0.8916	-0.0206	-2.2968	0.8434	0.1593	0.0889	0.6016	0.7245	1.3575	-0.7170	0.9061	-0.6307	-0.9000	-0.9971	1.4024	0.0922	0.3183	0.3977	0.2223	-0.1011	-2.0666	-0.3174	-0.4089	0.5642	0.7866	-1.1230	-2.2831	-0.1784	2.0374	0.6573	-0.0806	-1.3369	-0.5385	-0.3775	-0.4270	0.8029	0.5354	0.2103	-0.0761
-0.2006	-0.7969	0.8005	-0.2210	-1.2815	-2.0484	0.1222	0.9732	0.6537	-0.1585	-0.1026	-0.5251	0.3028	0.0136	0.0985	0.3985	0.4646	0.8665	-0.6266	0.1682	-0.7416	0.9269	-0.1566	2.3726	-0.1372	1.2357	-1.9365	-0.0009	-0.9661	0.0865	-0.3268	0.7313	-1.6604	-0.9472	-0.5002	-2.0990	-1.9550	-1.0039	-0.4112	-1.0001	-0.8331	-0.8257	-0.4293	-0.4654	0.3473	-1.6892	0.6206	-0.2964	0.4744	-0.0952
0.0984	0.5451	-2.5574	0.7054	0.1003	-0.7453	0.3761	0.2272	0.3454	-0.1571	0.5701	-0.5916	-1.3394	0.9613	0.3017	1.1947	1.2445	-1.2550	-0.0450	-0.6055	1.6107	-0.2768	0.4522	0.6531	0.0912	-0.9180	-0.6284	-0.2533	0.8665	-1.1174	-0.1681	-0.1419	1.3265	-0.4788	-1.4109	-0.8802	0.8549	2.0144	-1.4228	0.2594	-0.0783	0.9402	-0.8574	0.5570	-2.4255	0.3959	0.6205	-0.3200	-0.4268	-0.7106
-0.3471	0.7465	1.5466	0.4717	-0.6114	-2.1381	1.0262	1.2794	1.4145	0.4735	1.2237	-2.4361	0.6719	-0.7413	-0.1508	2.2798	1.7503	0.7277	-0.5674	1.9233	1.0360	-0.8698	0.2195	0.2572	-0.8945	0.2399	0.3640	-0.6057	-0.3361	-0.0628	1.0173	-0.1895	0.2155	0.5400	-0.0308	-0.6869	-0.3017	1.0750	0.6455	2.2285	0.3522	0.6534	-0.1147	0.7957	-0.6981	0.9240	-2.0467	-0.5879	0.2279	0.6145
-1.9943	-0.1020	1.5155	2.1076	-0.7991	-0.0467	-0.9209	0.0651	-0.8659	-1.1256	-0.0708	-1.7690	0.2932	0.2831	-1.4971	-0.7958	-0.7643	0.2519	0.0639	0.7739	-1.3692	-0.8443	2.0234	0.6730	-0.7666	-0.2426	-1.0229	-0.1029	0.6759	0.8865	-0.9184	0.3478	-0.1986	-0.5289	0.4569	1.1577	0.0404	1.0748	-0.6334	-0.8262	0.4628	1.1394	0.6214	1.3065	-0.7445	-1.0636	-0.3134	1.9748	-0.2259	0.3371
-0.0729	-1.8438	0.1511	-0.9836	0.4030	-0.5063	0.4443	0.9368	0.4454	1.1929	-0.2674	-0.0167	1.3679	-0.2575	-0.1944	0.1518	0.2156	-0.7028	1.6066	1.3310	-0.9701	1.4473	1.2453	0.7128	-0.4533	0.2065	0.2069	-0.6749	1.2112	-0.8893	-0.9502	-0.0783	0.7651	-1.1987	-0.3029	1.1671	-0.2952	1.4131	-1.9355	-0.8224	0.8126	0.1326	-0.8581	0.5322	0.2365	-0.0499	-0.4155	-0.1293	-0.7199	0.1111
0.4761	-1.1315	-1.1728	1.0735	-1.1961	-0.5943	0.2864	1.1229	0.3723	-0.6519	-0.6534	-0.1121	-0.6261	0.1538	1.1382	0.3063	-0.5465	0.9717	-0.3957	0.8221	0.0406	1.2683	-0.1951	0.0591	-0.3059	0.3277	0.8722	0.1246	1.5061	1.3072	-1.0762	-0.7643	-1.4590	-0.2507	-0.0170	-0.4880	0.5366	-0.3576	0.2214	-0.8889	0.5742	-0.7901	0.3789	1.9594	1.7598	-0.4673	-0.1479	-1.5888	0.9824	2.3736
-0.6403	1.0528	1.5658	-0.3580	0.5371	-0.6918	-0.3535	-0.2546	1.7137	0.0835	-0.6986	-0.9396	0.9159	0.8179	1.6891	-1.3582	-1.2747	1.0262	-0.3323	-0.5991	-0.1323	-0.7534	-0.1417	-0.0893	-0.5274	1.2519	0.9289	0.6476	-1.0146	0.3243	1.6116	-0.7435	0.0749	1.2046	1.6130	-0.0326	-0.1276	1.1243	0.1633	0.9935	-1.5156	0.0450	0.7120	-0.6275	-0.3841	-0.4323	-1.1093	0.0776	-0.7610	0.0199
-0.2863	-0.5951	-1.0047	0.6811	0.3247	0.0468	1.3868	-1.3235	0.3778	0.0068	0.6183	2.1597	-0.2049	0.9495	-0.0476	0.6054	-0.0717	-0.2669	-1.2391	2.5863	2.3027	-0.0072	-0.0195	0.7702	-1.0529	0.4975	-0.2627	-0.9617	-0.1803	-0.0353	1.2112	-0.5468	0.9973	-0.1728	-1.0378	0.7610	-0.6233	-1.1849	-0.6212	-0.6275	-0.2804	1.6430	0.0580	-1.1023	1.3524	0.9418	-0.9764	0.0626	0.5947	-1.2572
0.5447	-0.6342	0.9245	0.4403	-0.5426	-1.0341	-0.6102	0.9045	0.7482	1.7599	1.6894	-2.9360	-0.8053	2.3109	0.9362	0.0480	1.0035	-1.0638	-0.7274	0.1906	0.7306	-0.4985	1.0927	-0.1507	-1.3291	1.8223	0.4867	-0.1493	1.2401	0.8751	0.5791	-0.1540	-1.1183	-1.1712	-0.1181	0.3595	0.6228	0.5155	-0.0949	0.2991	1.5982	0.6985	2.3953	-2.0405	-0.9717	-1.3487	0.1296	-0.7298	0.3081	0.2088
-0.1095	1.4593	2.0872	-1.4644	-0.1737	-1.2332	0.6869	0.3216	-1.5373	-0.2548	0.9737	0.6449	-1.8954	-0.3994	1.6505	-0.5719	0.3469	0.2776	1.0241	-0.1963	0.7052	-0.2879	1.0561	-0.5065	-1.7790	-0.4681	-1.1189	-0.7373	0.1449	-0.4480	2.0239	-0.8902	0.1937	1.0222	-0.3510	-1.0853	0.5671	1.3032	0.1931	0.7121	1.0622	1.0239	-0.3458	0.8289	1.2784	1.3675	0.4353	1.3385	0.8546	2.3509
-0.8379	0.8098	1.4522	0.5521	1.5378	-2.7147	2.1606	-0.6446	-0.9238	-0.7564	0.5758	0.7732	-0.9269	-0.2602	-0.0870	0.4395	0.5414	0.2365	-1.1868	1.2090	-0.1903	-0.5874	-1.7944	1.2433	-0.1601	-2.7498	-0.7304	-0.7013	-0.1222	1.9247	1.1893	0.9966	1.7854	0.9468	-0.4051	0.2926	0.7975	-1.1400	0.9518	1.7900	1.0931	0.4104	0.7685	-0.5574	2.1199	-1.1733	-1.1610	0.3162	0.8810	0.4758
0.6798	0.5587	0.6153	-0.1172	-0.8197	-1.4183	-1.5030	0.0294	-0.4166	-1.2892	0.1639	1.2864	0.1185	0.3428	1.3896	0.5339	0.0869	0.3435	0.0115	-0.3176	-0.8468	-0.2057	-1.2993	-0.3438	-0.4338	-1.0026	0.2770	-0.3330	0.7252	0.0219	-0.6809	-1.7585	-0.4686	0.5965	0.8688	-0.4314	0.8277	1.1104	0.1384	0.8760	-0.4200	1.1308	2.2770	-1.1004	-0.0784	1.1521	0.5163	1.3559	0.9172	1.7493
0.9828	-0.7753	1.0314	1.3419	-1.0220	0.9442	-0.5171	-1.1767	0.9524	-0.3105	0.3512	0.0760	-1.9767	0.5922	-0.1344	-0.3306	-0.2920	0.7751	0.8618	0.6724	-1.1162	-0.1121	-0.1954	-0.3507	0.1511	-0.0995	-1.1513	0.8506	0.3756	0.3895	-1.8648	-0.9352	-1.7140	0.4554	1.7369	-0.4212	1.4767	1.6732	-1.8339	0.5695	0.7547	1.0393	-1.1513	-0.7237	0.0805	0.5728	-0.9327	1.9394	-1.2117	1.4070
0.2866	0.7219	-0.6583	1.3149	0.1981	-0.8131	-0.7867	-2.0382	1.7315	1.6179	-0.3250	-0.0199	1.2779	-1.6684	0.5430	-0.0971	-0.6900	-0.9139	-0.0879	-1.0642	-0.5265	-1.5350	0.1425	-1.3168	0.3495	-0.7271	1.3315	-1.3949	0.2538	-0.8865	-0.5276	0.8677	-0.4478	0.5279	0.1738	1.2556	1.8346	-0.1197	-1.1750	-0.9900	0.1030	0.5756	0.7010	-0.6952	-0.5365	-0.4698	-0.0598	-0.4602	-0.6425	-0.4921
1.2628	0.3984	-0.3102	1.2552	0.1408	-0.7585	0.6822	1.1667	0.7815	0.5559	0.0859	-1.1027	-1.0562	-0.3755	0.6125	1.3814	-0.5346	0.8414	-1.0736	-0.7837	-0.6416	0.5898	-0.3484	-0.9337	-1.3860	-1.0121	0.7803	0.9670	0.6407	-0.5181	0.9854	0.6643	-0.0032	-0.7945	1.0443	0.5514	-1.1894	0.4844	0.5267	0.6264	-2.1455	-0.7207	0.8438	-2.0166	0.5945	0.0426	1.3634	-0.1505	-0.5195	0.0519
-0.5125	-0.7813	-0.0368	-0.7381	0.4884	0.0118	0.7323	0.9178	-0.4547	0.5321	0.3008	0.4934	1.3424	-1.7195	-1.3752	0.4322	0.4863	-0.9362	-3.1383	-1.2554	0.8596	1.1660	-0.7990	-0.0184	0.5152	-0.9829	-0.3976	-0.5375	-1.5415	-0.5812	1.4013	0.5651	-0.1984	0.4584	-1.1476	0.1107	-1.0117	1.4644	0.3217	-0.4397	-0.6936	-0.4224	0.3342	-0.1483	0.7985	-0.8523	-0.4417	-0.1500	-1.7934	-1.4526
-0.2438	1.5670	-1.3792	0.7125	0.9389	1.1754	0.1945	0.1224	0.0240	0.7512	1.0760	0.1660	-0.8473	0.7442	-0.3328	-1.7137	0.7118	-0.6026	-0.5196	-0.9646	1.0555	-0.1865	1.2554	-0.2409	-0.6105	0.4698	-0.4172	0.5739	1.0459	-0.2098	0.1080	-0.4644	0.2227	0.4580	0.0997	-0.0551	1.1384	2.1324	0.1548	0.7116	0.4415	-0.1247	-1.0959	1.2588	-0.2661	-1.6388	0.9474	0.9145	0.3009	-1.5034
-1.7336	-0.4982	1.4093	0.2901	-1.2865	0.5975	1.3147	0.5578	-0.3563	-0.7917	0.3472	1.4273	0.9940	0.7489	0.4075	-1.7814	-0.3853	0.9324	-0.1834	0.6490	-0.0317	1.3702	2.0755	-0.5072	0.5831	0.0601	-0.8584	0.3324	-0.5501	2.0118	-0.0740	0.0300	0.8907	1.2765	0.3041	1.9211	-0.0154	-0.0663	0.4332	-1.1170	-1.3745	-0.5750	-1.7241	1.0322	-0.9152	-0.3336	0.5327	2.4140	0.0650	0.6932
1.1540	1.5841	-0.3113	0.4724	0.6818	1.3070	-1.0540	0.3290	0.2999	-1.9740	1.4326	-0.2348	-0.5195	-0.4897	-0.0500	0.0865	-0.6189	-1.9437	0.9963	-0.7431	-1.4010	-0.1811	-0.7484	-0.9294	1.6106	0.4974	-0.8184	1.8187	-0.3347	0.2569	-0.2472	-0.9932	1.0034	0.2508	-0.9239	1.3160	1.0931	-2.3651	-0.6890	-0.9526	-1.1034	-0.3834	0.3725	-1.5151	1.8236	-1.3220	-1.0424	-0.7810	0.2406	-0.8389
1.4300	-1.2079	1.0791	1.2664	1.3494	1.7682	0.1460	0.4814	-0.6626	0.2306	1.1388	0.6357	0.4585	-0.1303	-0.0313	0.4587	1.5970	0.2912	0.6392	-0.1900	-1.1684	-0.3648	0.2725	0.0267	-0.3502	-1.4114	-1.4616	-0.2953	1.3982	-0.5633	0.6390	-1.1864	-0.1745	-1.1543	0.3292	-0.0853	-0.4281	-1.5459	0.4357	-0.0216	0.1295	-0.7019	0.8995	-1.3172	-0.2411	-0.2959	1.7100	-1.5327	-1.1982	0.4226
-1.6962	1.0791	-2.3843	-1.2056	-0.4244	0.4798	0.5417	0.9937	-0.7145	0.6860	-0.4186	0.0783	0.9835	-0.5143	0.5936	0.8499	-0.2707	1.8444	-0.7307	-0.2813	-0.0733	-0.2581	0.9014	0.5014	-0.0809	-1.9910	1.5183	1.4753	0.9162	1.1998	-0.4027	-0.9654	2.1604	-0.6566	-0.2762	-0.1035	1.1772	-0.9387	0.9211	1.6730	-0.4898	-0.0065	-2.3117	-1.1617	-0.8908	0.4962	0.4158	1.3043	-0.2289	1.2150
-0.2353	-0.4004	-0.8357	-0.9064	-0.0274	0.7966	-0.5393	-0.6313	0.6247	0.3875	-1.4164	1.5689	1.6281	0.1342	-0.4477	0.6581	0.8466	0.9703	1.6200	-0.3940	0.3333	-0.3733	0.3463	-0.4369	0.5838	2.4272	-1.0332	-0.8303	-0.5329	-1.2887	0.3823	1.0752	-1.7304	-0.3189	-0.0057	0.4970	-0.8906	1.0186	2.4722	1.3277	-1.1441	-0.2374	-0.7760	-1.9058	-0.0632	-0.7301	-0.2631	0.4638	-0.8596	0.2999
-0.2459	-1.1577	2.5349	1.7495	0.5355	1.4043	0.5440	0.6743	-0.4681	0.8938	0.5901	0.5916	0.3718	0.6858	-1.2239	-0.3906	-2.7624	-2.0925	0.0650	0.3915	-0.9865	-0.5583	0.2267	-0.4242	-0.2155	2.9365	0.7183	2.7415	0.3642	0.4957	-2.7073	-0.8979	-0.2836	1.0917	0.9902	1.2063	0.0292	-0.9050	0.6040	1.3962	-0.5051	-1.7435	-0.3955	1.2192	-1.9460	-0.0335	-0.7241	0.3449	0.5280	1.1275
-0.3711	0.8108	0.2496	-0.2702	-0.0922	-0.1955	-0.8582	-1.4419	-0.7351	-0.9279	0.7730	1.0014	1.6372	0.9988	-0.8590	0.4039	0.1729	0.3695	0.9073	-0.7990	-0.4264	-0.4420	-1.4515	-1.6431	-1.6395	-0.2617	0.2246	0.4595	-0.3659	0.1138	0.0993	1.8967	0.0877	0.0023	-0.8055	1.0464	-0.1612	-0.6946	0.3792	1.4663	1.9706	0.6422	0.4278	-0.3858	0.6129	-1.3871	-0.4263	-1.9285	0.6086	0.4587
-1.0778	0.0923	-2.1132	-0.9802	-1.4315	-0.4224	0.9547	1.6193	0.0945	0.5251	-0.3822	0.9977	-0.0494	1.3470	-0.3917	0.0152	-0.5752	-0.2531	0.1896	0.6952	-1.0957	0.5700	-1.8450	0.2899	1.6589	0.1845	1.7629	-2.2613	-1.1463	0.9383	0.7811	-1.8181	-1.6936	-1.5981	0.5751	-0.1571	0.4162	-0.3188	0.4136	0.3082	-0.8358	-1.7880	1.4657	-0.4037	-0.1353	-0.7290	0.3235	-1.1980	0.9670	1.3677
-0.7175	0.4191	1.7803	2.9380	-0.2989	2.1020	2.0805	-1.1829	0.2722	-1.0715	1.6294	-1.3260	-0.3225	-0.0489	-0.4165	-0.3803	0.5620	-1.2042	-0.9624	-0.7574	0.2830	-0.0496	1.2431	-2.2884	-0.3439	2.4988	-0.7676	0.2629	-0.4854	-0.1863	0.3705	-1.3536	1.7797	1.1074	-0.4284	-0.8598	0.3061	1.3908	1.9690	0.4018	-0.5631	0.1785	-0.5582	-0.7211	2.4280	-0.5060	-0.2571	-1.0720	-1.1617	-0.2328
-2.3507	1.7470	-1.0611	1.0638	-0.8350	-1.2035	0.4260	-1.3621	-0.5952	0.0385	-0.2849	0.0073	0.2635	1.2292	-0.1486	-0.5133	0.1287	-0.4407	-1.9768	-0.7248	-1.4431	0.7684	-0.6096	2.3181	0.6183	-0.5566	-0.1494	-0.5740	0.9025	-1.7797	1.4498	-1.0623	-0.1294	0.0641	1.7856	-2.1617	0.1497	0.0282	1.2058	-2.0130	1.5501	-0.4356	0.9015	-0.4177	0.0746	-0.9797	0.0170	0.2353	0.4182	0.2780
0.0905	0.0323	1.5436	-1.6965	0.1730	-0.6283	0.8564	1.1589	2.1103	0.5921	-1.4567	-0.7706	0.2194	0.9822	0.3405	1.8084	0.8008	0.7339	0.6854	-0.2329	0.3612	1.2794	0.6342	1.2063	0.3648	0.6708	-0.4949	0.5483	-0.2772	-1.5068	-0.0349	-0.8070	-0.5828	2.7750	-1.0112	1.3579	-1.5498	0.6220	1.6885	1.3147	0.8747	0.4674	1.2932	0.1634	0.8876	-0.1638	0.6172	0.2974	0.9245	1.0853
0.2720	-0.2816	0.6065	-0.2463	0.4378	-2.0020	-0.0697	1.1025	-0.2749	-0.3935	1.6433	-1.5286	-0.4160	1.5278	-1.0357	0.8592	1.8209	-1.6403	0.3516	-0.0184	-0.8076	-1.6097	-0.4248	1.6876	0.4474	0.3780	-0.9866	0.5057	0.7254	-1.0545	-0.1287	-0.1426	0.8696	-0.0714	1.0590	0.7371	0.0554	-1.9823	2.8160	-0.4007	0.2134	-0.2809	0.1806	0.8707	0.3874	0.5762	-1.7540	-0.4485	-0.6519	0.4516
1.1055	-0.8757	0.0950	1.4052	-1.5309	-0.5372	-1.1139	-0.7734	0.3109	-0.8567	-1.1982	0.2320	0.0001	-0.3823	-0.0900	0.4156	1.4940	-1.2374	-0.0619	-0.2220	0.8989	0.9267	-1.0065	0.7448	-0.1088	-0.1595	0.5005	0.2120	0.0727	-0.0642	0.0127	-0.6369	0.1643	-0.8848	-1.4112	1.1084	1.2523	0.9298	0.1704	-0.0634	-1.5435	0.5287	0.5823	-0.5280	-0.2755	-0.6756	0.3234	0.0106	-0.5101	0.0898
0.1928	-0.3525	1.1015	-0.1971	0.5410	0.8567	0.1098	0.4610	-0.4294	-0.3147	-1.5063	0.4798	-0.3242	-0.0767	0.2147	-0.9581	-1.2637	-0.7169	-0.4376	0.9065	-0.3498	0.8881	-0.1259	0.8711	-0.6522	1.3002	0.7059	-0.0794	-0.6189	0.9573	0.2612	1.8101	-0.4000	-0.3195	-0.0260	-1.0536	-0.2475	-1.1562	0.8764	-0.8656	-1.5767	-0.4070	-0.7792	1.0515	0.0064	0.4166	2.0702	-0.9939	0.5100	-1.3939
-0.1590	-0.4062	-0.1103	-1.1228	0.1513	1.0901	-0.0270	0.6678	-1.8755	-0.6249	-0.2392	0.1621	-0.2188	0.9010	0.6471	-0.6332	1.2409	-0.3772	1.1405	-0.3455	-1.3421	0.1733	0.4210	-0.1665	-1.4770	-0.9371	0.9241	-0.1354	1.1473	0.6135	-1.1845	2.0076	1.3656	0.4594	0.0764	0.1613	-0.2176	-1.3848	-0.5421	1.2696	-0.8948	-0.6468	1.4553	-0.5039	0.6102	1.0716	2.8176	0.1485	1.0994	1.9212
1.4528	-1.4493	-0.5364	-0.6198	1.3097	-0.7154	-0.7982	0.2015	0.2344	-1.7187	1.0791	-0.4439	-0.7453	-0.5448	-1.0457	0.2941	0.9090	-1.2695	0.1191	0.5861	-0.3627	0.8324	-0.7693	-1.1018	-0.3292	-0.9638	0.0410	0.1542	0.2578	-0.0607	-1.4421	0.9708	-1.6978	0.1266	0.7245	-0.3954	-0.8383	-0.1185	-2.3963	0.0112	-0.8096	1.0995	-1.2114	-1.0731	-0.8136	-0.9549	0.6854	0.0023	0.3194	0.0799
0.4250	-1.1335	-0.5003	0.5875	-0.2897	0.2731	-0.6488	-0.7759	-0.9977	0.3254	-1.2097	-0.1264	-0.1505	0.3252	1.4811	0.7740	-0.8893	-1.7355	0.0632	0.3114	0.2452	-0.2469	-0.1666	-1.3862	-0.7320	0.8521	0.9241	0.0205	-1.5436	-0.0483	1.2671	1.2676	2.0496	-0.3310	1.8960	0.0549	-0.7890	0.4751	0.7362	-1.0816	0.0138	0.9320	-2.3446	-0.1689	0.4017	1.9936	-0.7825	0.2063	1.2986	-1.1759
-0.2634	0.1412	0.2187	-0.0022	-0.3077	-1.6639	-1.2489	0.1092	0.1717	0.0588	-0.1612	2.3316	0.3312	-0.1424	0.4651	-0.1893	-0.0145	-0.1738	-0.0726	0.5672	-1.0403	0.1038	-0.0493	-0.0116	0.2739	0.2491	-0.9612	-0.5568	-0.3090	-0.1440	1.0384	0.0956	-0.2678	-0.3299	0.9702	-1.2674	-0.3654	-0.9582	0.0582	2.4021	-0.9047	0.4773	0.1536	-1.0001	1.3917	0.0121	0.6005	0.3379	-0.2744	0.0512
-0.6899	0.2630	-0.6669	-1.1750	0.5975	-0.9880	0.0594	-0.7032	-1.2930	0.0868	1.6128	-0.4875	0.0685	-0.2349	-0.6410	-0.3189	-0.6059	1.2796	0.8087	-0.2187	-0.5401	1.2431	-1.5132	-0.6140	0.3463	-1.6482	-1.2047	-0.1985	1.1141	0.5630	0.6797	0.8504	-1.1593	-0.1109	0.0704	-0.2040	-1.7704	0.5656	1.8003	-1.3484	-0.8907	-0.9215	0.8556	-0.9052	-1.3142	0.0983	1.4661	-0.2618	-1.5065	0.4831
-0.3283	0.6042	-0.1725	-1.5180	-0.1544	-0.9959	0.2972	0.1263	1.7181	1.2250	-0.7575	1.0911	1.0710	-0.7358	1.4326	-0.2914	-2.6443	0.7719	-1.4092	-0.8225	0.0587	0.4472	-0.2640	0.2005	-0.1533	-0.9323	0.3968	0.8751	0.0530	-1.1466	1.2304	0.2164	0.0561	0.9253	-0.2127	0.1639	0.7688	-0.7415	-1.3317	-0.7272	-1.6708	-1.3643	0.3659	1.6175	-0.6201	-0.0719	0.5294	-1.4261	1.1369	-0.9901
-0.7009	0.8676	-0.4532	0.9322	0.6486	1.1309	0.3035	0.7865	-0.5167	0.6240	-0.4734	-0.5196	-0.6280	-1.3714	1.7350	0.7845	-1.2324	1.3666	0.9621	-0.7663	-1.5972	-0.4651	-0.2083	-0.6995	0.5468	-0.2954	1.6255	-0.7369	1.4894	1.3024	-0.2224	-0.0856	0.5363	0.3590	2.0672	0.2939	-0.5788	-0.6984	0.7736	-0.5203	-0.2246	-0.5747	-0.4680	1.3189	-0.0068	-1.0359	1.5626	1.0222	-0.4455	-0.4715
-0.6210	-0.4224	0.9479	0.6524	-1.1145	1.3005	-0.3111	-0.4458	-1.1955	1.3818	0.9229	-0.4192	0.6272	-2.2220	0.7518	1.3890	0.8736	-0.7059	-0.4116	1.1258	0.6742	2.5141	-0.4317	0.3926	-0.4330	0.1087	-0.2135	-0.7823	-0.0768	0.4124	1.1569	0.8627	-0.5264	-0.5507	-2.4351	2.0019	0.5364	-0.3958	0.4350	-0.5719	0.5676	-1.0494	1.0815	0.6144	-0.4837	-0.3876	0.7895	1.5213	-0.3885	0.6376
-0.0893	1.1187	0.5038	-1.6108	-0.8796	0.6079	-1.0195	0.4066	-1.1389	0.9918	-1.7908	-0.2087	-1.3047	-2.0755	-1.4603	-0.6882	-1.9633	-0.4435	0.3741	-0.1029	0.2339	-0.8601	0.1881	-0.2419	1.2677	0.4975	-0.2454	-1.5915	-0.7617	0.2252	-3.1420	-0.9088	0.8139	-0.2471	0.1531	-0.3310	2.3728	0.5004	-0.8860	0.4823	-0.7011	-0.8387	-0.7172	1.2857	1.2307	-1.9935	0.0802	-1.0402	-0.1686	-0.6073
-1.2853	-0.4360	0.0111	1.2273	0.5773	-1.2745	0.5770	0.1944	0.4049	1.8242	-0.3558	1.5973	1.6526	-1.9569	0.1749	-1.0881	0.3772	1.3202	1.4142	-1.1269	1.2994	-0.4133	0.0200	-0.1971	0.4498	1.3231	-1.1934	0.5065	0.9947	-0.9168	0.0206	-0.4772	0.6181	1.5685	-0.2298	0.0230	-0.2643	0.6926	-1.0719	-1.0713	-1.8491	0.4526	1.5553	-1.4287	0.2868	-0.4530	-1.0514	0.2473	-0.0591	0.4842
-0.7896	-1.6497	0.2251	0.0956	-0.5237	-0.1020	1.9902	1.0141	0.2794	-1.2979	0.4177	-0.2549	0.7738	-1.2267	1.2486	-1.8081	0.3751	-0.7034	-0.0478	0.4213	-0.9936	-0.5940	-1.7958	-0.2417	0.5163	-0.2477	-0.7649	0.4923	-0.2735	-0.8457	0.7578	0.8950	1.0796	-1.1247	-0.1525	-0.1434	0.1627	-0.6765	-0.6862	-0.5843	0.7574	1.7507	-0.1946	0.3405	-1.8039	0.0267	0.8538	1.4448	2.1167	-0.2401
-0.8468	0.2304	-0.1884	1.0225	0.7621	0.6985	0.5548	1.1497	0.2031	0.4338	1.9336	0.0460	-0.9435	-0.5164	-1.2012	1.7645	-0.9975	0.0768	-2.0354	1.8092	1.3442	0.4968	-2.2583	-0.0997	1.8740	0.4552	0.5529	1.9290	1.7032	-0.2863	-0.6915	-1.1594	0.2578	0.8721	-0.4708	-0.3067	-1.2619	0.2189	-0.5352	-0.9132	-0.2102	-0.9863	1.7729	0.6703	0.4197	-0.4236	0.2614	-0.6919	0.8003	0.5305
-0.8782	-0.5021	-0.5788	0.5868	-2.7756	1.3061	0.4898	-1.1480	1.3585	1.0533	-2.1560	-0.2268	-0.0538	0.1173	-0.3424	1.0022	-0.7368	-0.5276	0.7531	0.2314	0.5658	-0.0392	-2.4140	0.6997	-2.1766	-1.2042	-0.6358	0.1561	0.8812	0.9727	1.4314	0.4532	0.0252	-0.3116	0.4492	0.7014	-0.2559	0.5365	0.2282	-0.1643	-1.9447	0.1595	-0.4422	0.3814	0.1169	0.2782	1.0295	1.0602	-0.6716	0.3589
-1.3122	-0.3734	-0.6317	-0.9078	0.7965	-0.2556	0.7447	-1.1779	-0.6245	1.0870	-1.2440	1.1480	1.7321	-1.0466	-0.5505	-0.1890	0.2954	-0.2563	-0.0320	0.5654	1.0172	-1.7573	-0.9997	-1.7830	0.4919	-0.2285	-0.9400	2.2346	-0.0318	-0.7434	-0.7724	0.7476	0.4902	-1.4365	-0.3441	-0.7563	1.1631	-1.6081	0.4120	-1.0682	-0.7494	0.1896	-1.0819	-1.4073	-0.0140	0.4123	-0.1242	-0.5563	1.3510	-0.0126
-1.1595	-0.6241	-0.5633	-0.1979	1.1207	-0.6804	0.2954	-0.8121	-0.3127	-0.5045	0.1305	0.6466	-2.8269	0.8892	-0.0312	-0.6193	1.0201	0.6626	0.3847	-0.3861	-1.0981	0.2404	1.3795	0.0483	-0.9014	-0.7029	-1.0786	0.8761	0.1325	0.6718	1.5822	-0.7567	-1.4986	0.3298	1.0187	-0.7009	0.5865	0.5217	1.9446	-0.6184	-0.0122	-0.9219	0.0193	0.1264	-0.6263	-0.8431	-1.0894	0.4338	0.9098	0.3867
-0.2970	-0.9834	-0.4443	-0.5858	-0.9106	-0.6262	0.0926	-2.0300	-0.5014	-0.1635	0.9951	-0.2713	-0.6529	0.1323	-0.8496	0.9205	-0.4230	-0.2289	0.3178	-0.4835	0.5536	1.4336	1.4019	-0.3656	0.5862	-1.6540	1.3721	-0.0897	0.3571	0.5109	-0.6614	-0.2258	0.3985	0.2377	-0.7702	-0.3338	-0.3968	0.2510	-1.2889	-2.0046	-0.0317	0.9117	-0.5234	-2.8278	-0.8174	-1.3385	-0.6047	-0.1110	-0.9172	0.2003
0.3119	0.1151	-0.5423	1.9082	1.0676	0.3788	1.4735	-1.2737	1.1787	0.0342	-1.0020	1.0615	0.5184	-0.6202	1.2185	-0.4291	0.6436	1.0544	-1.5765	0.3113	-0.4681	-0.8907	0.3085	-1.3354	-0.7459	0.7599	-0.2557	-1.1091	-0.1293	-0.1558	0.3232	0.5845	-0.0653	-1.6144	1.5056	0.0533	0.3031	-1.1930	0.3484	0.0151	-0.8819	-0.0094	-0.5927	0.3370	-0.5581	-0.7277	-0.1856	1.2581	-0.1903	0.5748
-2.4181	-1.0118	0.5588	0.3919	0.7457	1.0178	0.3362	-1.0363	-0.5110	-0.6150	1.6697	-0.1218	0.2519	0.2722	0.5154	-0.3309	-2.3378	-0.3276	0.3450	-0.5202	-0.1903	0.4062	0.0044	0.6747	2.9716	-0.4842	-1.0360	0.4777	-1.2054	-0.7871	0.1691	-0.2944	-1.1569	1.6285	0.1127	-0.4411	2.3122	-0.5829	1.0604	0.7266	-1.0165	0.9835	-0.7767	1.3252	-1.0688	-1.0219	0.9024	-0.5704	0.7331	0.5370
0.9066	0.1588	0.7178	0.4972	-1.1539	0.8371	-1.2273	0.0359	0.0710	-0.2281	1.4026	0.8248	0.8865	-2.3127	1.3367	1.4419	0.1007	0.6786	0.1112	0.3401	-0.9072	0.3294	-0.7153	-2.5668	0.9367	0.3633	-0.6612	-1.4272	0.3737	3.5483	-1.1395	-1.7338	0.6065	0.3357	-0.0282	0.5844	1.7329	1.0378	0.2700	0.1485	0.0320	0.8417	-0.0815	-0.0029	-0.2190	0.0290	-0.6278	0.2735	0.6863	-1.2635
0.9701	0.5713	0.3526	-1.1027	0.4921	0.2948	0.3409	1.0686	-1.1207	3.1101	1.0842	0.8488	-0.0516	1.2930	-0.2178	-1.4279	1.0054	0.1654	-0.5754	1.8513	0.2905	-0.4182	-0.4632	0.4042	-0.3743	1.2061	0.8686	-0.1638	-1.1391	0.1399	-0.4697	-0.2656	-2.8285	0.6290	0.4975	-0.4808	0.0751	1.3958	0.0873	-0.8898	-0.4088	-0.4612	0.9780	-0.1471	1.0763	0.3017	1.3849	0.3497	0.1924	0.6791
0.9472	0.6961	-0.0242	0.7586	0.3029	-0.5759	1.4476	-1.4722	-1.9365	-0.9160	0.2829	0.2909	0.8488	-0.2106	-0.2615	0.0757	-0.4331	0.0733	0.1252	-1.8069	0.8641	2.3676	-1.1222	0.7327	-0.5087	1.6228	-0.2928	0.6136	-1.6434	-2.0604	-1.8786	0.3299	-0.3731	2.5629	0.6910	1.1897	0.0353	1.4758	1.2115	-0.7269	0.1418	0.4107	1.3261	-0.6307	-1.0051	0.0796	-0.0443	-0.0220	0.8463	-1.4787
-0.7528	-0.1656	-0.7258	-0.6195	0.2801	0.8745	0.5505	0.0455	1.1276	1.3722	0.6448	1.2741	1.8658	-0.5827	1.2762	-0.0551	-0.3253	-0.2462	-0.6701	-1.2748	1.6377	1.6046	-0.4132	-0.3897	0.0814	0.0152	-0.9298	-0.7499	0.4843	-0.7483	-0.9444	1.8970	-3.6497	-0.3948	-0.9908	2.3082	0.0185	-1.8721	-0.6371	0.3544	-0.6995	0.9744	-0.8118	1.0549	-2.2762	1.9482	-0.0566	-0.8741	-0.5612	0.4694
-0.0047	-0.0915	0.4698	-0.1689	0.6370	0.7225	0.0125	-0.0545	-0.6536	0.5636	-1.2627	-0.8417	-0.6086	-1.4752	0.6411	1.8997	-0.9306	-1.4716	-0.3751	-1.6330	-1.0865	0.8807	-0.0207	-0.2898	-1.7000	0.5979	-0.6332	1.0090	0.1943	-0.8643	0.3938	-0.1288	0.5963	1.5113	0.1624	-0.6423	1.4813	0.5719	0.2430	-1.4784	1.9897	-0.7166	-2.6382	-0.0563	-0.6325	-0.9521	2.1525	0.3538	0.1876	-1.0633
-0.1323	1.2674	-0.3057	0.6771	0.4342	0.3368	0.0927	-0.9522	1.1786	0.2728	0.1388	0.8359	-0.6378	-0.2713	0.3697	-1.1478	1.1523	-1.7590	-0.1995	-0.7243	1.6997	-1.8175	0.3907	-0.7049	0.5464	0.3597	1.3602	2.0674	-0.4673	1.5955	-0.4462	1.4824	-0.0381	-0.8074	0.6029	-1.2159	0.9901	-0.6593	1.0251	-0.7310	-1.9457	-0.3105	-1.1636	0.1022	2.1647	-1.6590	2.6169	0.5462	0.2783	1.0540
2.3704	-0.9922	2.6326	-0.6904	-0.4680	-0.7869	0.5979	-0.8902	0.8576	-0.1201	1.2259	0.0701	0.6316	-0.7620	0.5869	-1.4400	-0.9788	-1.0159	1.2522	-0.5191	-0.2104	-0.1613	0.5428	-0.2726	0.2795	0.6902	1.8332	0.6104	0.6683	-0.0049	-0.4862	-0.8965	1.1661	0.0458	0.5036	0.7609	1.3895	1.7662	1.3710	0.1834	0.2638	-2.0213	0.7103	0.3112	-2.0519	0.0909	-0.3233	0.8800	-0.1922	0.8998
-2.7491	0.9838	-0.5997	-0.4449	0.8034	-0.7257	-0.8691	0.9593	-1.1228	-0.7881	-0.3367	0.6579	0.3965	-0.1315	-1.6471	2.5860	0.2756	-1.9702	0.5422	-0.6168	-1.2728	-1.7228	0.4622	0.1106	0.8802	0.0686	-0.4746	0.9991	-1.0883	-0.1996	-0.5799	0.4163	0.0541	-1.3520	0.3632	-0.5506	1.0868	0.2115	0.5014	-0.5146	-0.1538	2.6599	-0.8010	-0.5929	1.7178	0.0342	0.0549	-0.3771	0.1971	-1.0962
0.6476	-0.9659	-0.7580	-1.3610	0.1180	0.0580	0.0215	0.0329	2.2383	1.9518	0.0739	0.1958	-1.2623	0.2878	-1.6600	0.3749	-0.7309	0.2684	-0.3957	-0.4766	-0.8952	-0.6707	0.9197	1.7564	0.5727	0.0045	-0.5685	1.7065	-1.1220	0.6636	-0.1212	-1.8542	0.4118	0.2799	-0.6125	-0.1314	-1.0794	-0.9790	0.3256	0.0051	-0.0946	-0.4732	0.7477	0.0239	-1.5980	-1.2424	0.1513	-0.4235	-0.6552	-0.3401
-0.2273	-0.7842	-0.2389	0.0267	-0.0438	0.0049	-1.7566	1.4265	0.7255	0.3198	-1.0394	1.3786	3.0968	0.1983	1.3190	0.1060	-1.1472	1.0487	0.2361	1.7874	0.8253	0.4976	1.8405	3.2050	0.9827	1.7929	-1.1045	-0.1113	-0.6796	0.5112	-0.3930	0.0369	-0.4851	-0.2893	-1.2361	-0.9112	0.2173	-0.3430	-0.7786	-0.8469	-2.2390	1.9898	-1.3164	-0.1847	0.3245	0.5250	-0.2118	1.0453	-0.0968	-1.8489
1.7125	1.0228	0.6847	-0.1206	0.1127	-0.1011	-1.2512	0.9142	1.6436	-0.9081	-1.5880	0.2298	-1.6791	-0.1527	2.9359	0.7793	-0.4838	0.6236	-0.9847	0.5155	-1.0893	0.1844	1.7110	1.5338	-0.1362	-1.1086	0.2510	0.1915	0.0513	-0.4736	2.0513	-1.1306	0.2721	0.5336	1.7914	1.9548	-0.4330	-0.7754	-1.0580	0.9189	0.6397	-1.8739	0.8912	-0.5525	-0.2889	-0.3848	1.0373	-2.3618	0.4475	-2.1468
1.8848	0.2983	0.1188	0.3766	-0.2444	-1.3734	-1.8465	0.2172	1.6219	0.2462	-0.9296	-1.2379	1.6467	-1.3838	0.3044	1.7453	-1.0188	-0.4539	1.0080	-0.6525	-0.9644	-0.4118	-0.4894	0.8494	0.8449	0.6340	2.2085	0.4624	1.8061	1.3866	-1.0473	0.1734	-0.4179	-0.6413	0.1004	-0.0039	1.8000	1.5795	-1.0138	-0.5415	-2.0584	-1.5207	-0.6348	-0.4081	-1.0713	0.2746	-0.8281	0.8703	-1.4208	-0.2385
0.1836	-0.5154	0.2313	0.9840	-1.0265	-0.6154	-0.4073	0.7177	-0.5549	-0.3322	-0.0878	2.3633	-0.3612	0.9868	-1.3435	-0.1703	-0.1860	0.9729	1.8374	1.9383	0.1666	-0.3820	-0.0207	1.1312	-0.8139	-0.3326	-1.4217	-0.0323	0.8404	1.3017	1.2724	-1.3611	0.6761	-0.5749	-0.9082	0.5277	-0.0302	-0.5707	-0.5225	-0.4369	0.9168	0.6331	-0.4779	-0.0072	0.1026	1.0720	-0.4035	0.4228	-0.9669	-0.9158
0.0704	-0.0391	-0.1725	0.9676	2.2227	0.6481	0.1449	1.1165	-1.1611	-0.5311	0.1949	2.2023	-1.5544	0.2468	-0.6037	0.6994	0.3565	-0.2450	1.0414	-1.0775	1.2223	-0.7635	0.5902	-1.4081	-1.0623	0.5454	-0.1098	-1.0089	0.2041	0.7639	0.9803	-2.0864	-0.7927	-1.2589	-0.6686	0.9096	0.0188	1.7321	0.8379	-0.1457	0.0006	1.1040	-0.0516	-0.6855	1.9829	0.7633	-0.5556	-2.2348	1.8926	0.8706
1.8379	-1.1760	0.0972	0.6104	0.5200	-0.4552	-0.5536	0.5329	-0.3941	-0.0590	-1.4105	1.9875	-1.9619	-0.5175	0.2793	-0.1393	-0.8420	-0.8756	0.9089	-2.3394	1.4197	0.1307	-1.9079	1.5140	-0.1321	-0.3395	1.1042	-0.4938	0.4716	-0.7680	-0.3105	0.9935	1.9600	1.4433	0.8110	1.6073	-2.1330	-0.3731	1.0258	1.6369	1.2616	-2.1246	-1.2672	-0.2423	-0.4408	-0.1872	1.8258	-0.0401	0.8888	-1.2408
0.5884	0.9433	0.7520	1.5443	0.0276	1.1263	-0.7236	-1.1947	0.6297	0.2541	0.7291	-0.0946	-0.6863	0.6907	-0.7688	2.3763	1.5923	-0.3609	-0.4175	0.8632	0.2976	0.6089	1.6261	-0.7899	-1.0700	1.2918	1.0473	0.9206	-0.1257	0.9262	1.2384	0.3996	1.2641	0.9890	-0.5002	-1.3132	0.5543	-0.1827	0.9246	-2.0043	0.4790	1.4756	0.5460	2.4752	1.3855	-0.6190	0.0775	0.0317	1.7711	-0.0461
-0.1223	0.5570	0.0145	0.8493	0.7783	-0.3964	1.4268	-0.2841	-2.3244	-2.1088	0.4322	-0.4169	-0.0418	1.0950	1.3519	-0.3427	-1.3803	0.6360	-0.3594	0.2401	0.6661	-2.0023	2.1329	0.3866	1.4749	-0.6806	-0.1526	-1.2790	-1.1573	2.3846	0.2837	0.1628	1.0703	1.4125	0.4222	0.2354	-0.0505	-0.6217	-1.2537	-1.3252	-0.3261	0.0734	0.4568	-0.1298	0.6556	1.4257	-0.6787	-0.4343	-2.2236	0.5492
-0.8346	-0.8364	-1.3487	-1.7061	0.3950	0.0771	1.4854	1.3615	-1.5982	-1.3778	-1.6765	-0.2670	-2.4503	-1.2999	-0.9537	1.0072	-0.6052	-0.9709	0.5442	0.3640	-0.1488	-1.8727	0.2891	0.9674	0.2916	0.6723	-0.2962	0.1159	2.2833	0.8386	1.8558	-0.2537	-1.2405	1.3711	0.7719	-0.8427	1.1272	-1.4196	0.9696	-0.9968	1.5650	-0.9518	-0.4675	1.2311	-0.3711	-0.1705	-0.8984	2.9792	-0.8527	-0.0403
-2.2995	-0.4417	0.4316	0.8395	0.5920	-0.0105	-0.5007	0.1704	-0.1271	0.1741	0.8441	-0.3455	-0.6152	0.8590	0.8323	-0.3864	-0.3464	0.1737	-1.6589	0.5395	-0.8832	1.0813	-0.1228	0.1115	0.8110	-0.2290	-1.9210	0.4061	-2.7662	0.9136	-0.5252	-1.2473	0.0416	-0.7656	0.0053	-0.0785	-0.2334	-0.3514	1.0999	1.3942	-0.5650	-0.1544	-1.6997	-0.1770	-0.3826	-0.0072	0.6857	0.7583	-0.8704	0.2298
-0.3513	0.3291	0.5406	-0.6850	-1.6231	-0.6464	-0.4184	0.4456	-0.1255	0.6749	-0.3619	-0.1571	-0.8029	-0.1883	-0.1515	0.5291	-0.4190	0.1980	1.6608	-0.2987	0.9965	0.6867	-0.1283	-0.9425	-0.5124	0.1822	-1.0055	1.3623	0.6270	0.0658	-0.3535	-0.0079	0.0976	-0.3536	0.4449	-0.3374	-0.8544	1.3630	0.7092	1.1410	0.5806	-0.6037	-0.2335	-1.6737	-2.7343	-2.1524	0.1972	2.5292	1.6657	-0.9669
-1.5938	-0.9139	0.3423	-0.5589	0.3402	1.4793	-1.1795	1.5082	1.1670	-0.1484	0.5123	-1.3041	0.8432	-1.4295	0.3765	-3.0919	-0.0976	-1.0222	0.2400	-0.3484	0.7869	-1.6133	-0.7991	0.0447	0.7740	-1.0223	-0.5050	-0.7469	0.8114	0.1505	0.1196	-0.5486	-0.1040	1.0787	-1.5267	-0.5494	-2.1112	-1.1501	-0.6731	0.0587	-0.1830	-1.0168	0.5263	-0.4006	-2.3067	-1.0373	1.0090	-0.9407	0.2796	1.3416
0.9892	0.8948	0.7663	-0.2044	1.3138	1.1405	0.7763	0.7228	0.4973	-0.0331	0.2232	0.2989	0.3378	0.7344	0.0695	-0.6267	-0.3176	-1.1800	0.1756	-0.3071	1.2652	-0.0406	0.7562	-0.6177	-0.3905	-0.0635	-1.5511	1.7581	0.3773	-0.2171	-0.0027	-1.6471	-1.3866	0.5673	-0.5289	1.3266	-0.7231	0.5678	-0.2961	1.1310	-1.0125	-0.8076	-1.1517	-1.7330	0.1004	2.0993	0.4218	0.3140	-0.3473	-0.3239
-1.0183	0.3724	-0.4049	-0.5544	0.4763	0.1507	0.7690	-1.2344	-0.1506	-0.1489	0.2066	-1.6436	-0.1718	0.7389	0.5077	-0.9739	-0.0666	1.2301	1.2316	1.4733	-0.6643	-2.3464	-0.2551	-1.1654	0.5117	1.3428	-0.0139	-0.8356	2.1586	-0.4856	-1.1088	0.0557	0.0738	-0.6650	-0.3350	-0.9263	-0.6174	-2.3781	0.0846	-0.2378	1.1088	2.2860	0.1752	0.6087	-0.9285	1.0663	-0.4426	0.4696	1.4666	0.8174
0.1020	1.7365	0.2395	0.4959	0.7812	-0.7184	0.4980	-0.7591	-1.3608	-0.3891	0.4690	-0.0482	1.6215	1.1052	0.7288	0.7564	0.8588	0.1447	0.6691	0.5956	0.9854	-0.1414	0.4000	0.3246	-1.2381	1.9538	-1.0293	0.6366	1.4761	-1.1838	-1.4933	-0.5401	-0.1857	0.5563	0.2982	-0.4009	1.7019	-1.9427	1.4307	0.5131	-0.5891	2.2879	0.1981	-0.2495	-0.3213	0.6240	0.7063	1.1125	2.2471	1.5256
0.7694	-0.3156	-0.2064	0.1852	-0.7673	0.1731	0.0735	0.7594	0.7627	1.9365	0.8570	0.0954	-1.2164	0.7320	0.2322	0.9543	-0.9179	2.5956	0.9175	0.3498	0.9013	-0.0174	1.9630	0.1885	-0.5128	-1.2740	0.2584	-0.2136	0.9890	-0.1538	-0.7533	1.0850	0.0282	-1.9964	0.0919	2.5086	-2.0706	0.5197	-0.2369	-1.0681	0.0417	0.3705	-0.5012	0.0708	-0.9616	0.7070	1.0564	2.1940	0.5222	-0.5139
-0.9547	0.3361	0.4999	-0.8079	-0.2330	-0.0672	0.7815	0.4301	-0.7345	0.6446	0.9310	-0.2060	-0.8740	-0.9474	2.0360	-1.6350	1.0136	-0.8979	1.8215	1.7434	-1.0287	0.5709	0.4657	-1.5296	0.5547	-1.9280	-0.0749	0.7688	1.2421	-1.3496	-1.3992	0.0637	0.4498	0.3229	-1.6998	-0.9200	-1.9336	0.3342	0.9400	1.2359	1.5856	-0.6304	-0.7603	0.4320	0.6788	1.4731	-0.4875	-0.6636	0.6188	-0.9699
0.1497	0.4939	2.5766	0.2551	1.1790	1.6408	0.5414	-0.9433	-2.2514	0.2631	1.0671	0.7839	-1.4799	-0.9332	0.3489	-1.7613	-0.4596	-0.2684	-0.7329	1.0405	0.7462	2.7154	0.4375	-0.4705	0.7858	1.1584	-3.2800	0.5706	-0.4350	0.1250	-0.5119	-0.4833	0.2942	-0.5751	1.3819	0.9018	0.6936	1.3631	1.4250	-2.3497	0.6749	0.2954	-0.9307	-0.6691	-1.1359	-0.6272	-1.0737	0.0528	-0.8916	-2.6505
0.0360	0.6934	-0.9949	-0.1614	0.3794	-0.7792	-1.1724	0.4070	-0.0731	0.3057	0.4111	-0.6502	-0.3057	0.2687	0.7214	-0.3342	0.6390	-1.1693	1.5504	0.4007	-0.1509	-0.5018	1.8134	0.0886	0.1227	-0.1597	-0.2835	2.0054	0.5237	-0.2567	0.0615	0.7109	-0.6150	1.7370	-0.4295	-1.2834	0.8504	0.1856	0.0496	-1.5981	-1.0258	-1.7966	1.9536	0.1290	0.2297	1.3974	0.6835	-0.1009	0.0392	0.6693
0.1457	-1.7931	-0.6199	-1.0370	0.1737	-0.7501	-0.2686	-0.9067	0.9088	-0.9166	0.9153	-0.1583	-0.5117	1.1906	-1.6322	-0.2753	-0.1353	0.1849	1.7798	-1.6218	-0.7317	-0.4342	0.3642	0.3106	1.3853	-0.8789	1.1909	-1.1034	-0.5946	-1.0688	1.2916	-0.4613	-0.3684	0.3136	-2.7438	1.0108	0.4502	1.0840	-0.3721	-0.9838	-0.1762	-0.4866	2.3366	0.3747	0.3792	0.6881	-0.8588	0.2031	-0.8634	1.2960
-1.1991	0.6206	-0.1441	-0.8256	-0.2529	0.8324	-2.1207	-1.6859	-0.1942	0.3520	0.1038	-0.1810	-0.0947	-0.7263	-0.7557	1.3467	-0.2848	0.4067	0.4034	0.1916	-0.6362	-1.1110	-0.1852	1.0794	-1.0940	0.9517	-0.3473	0.8327	-0.1772	-1.0917	-1.5175	-0.4730	0.2695	0.4212	-0.1595	-0.3564	-0.0890	1.6603	0.9609	0.5041	-0.8896	-1.5543	0.0273	-0.7408	0.8530	-1.1344	0.2216	-1.6714	-0.4203	-0.4308
0.1709	1.6562	-1.4770	-0.0924	3.4323	0.4295	1.2489	-0.4879	0.5936	-0.1780	0.8499	0.8359	-0.3478	-0.9472	-0.1774	-0.9486	-0.2382	-1.5323	-0.1837	0.8738	-0.1619	0.1172	1.0661	-1.0033	0.5647	0.8344	1.3594	-2.1128	-0.8456	-1.6826	1.0433	0.0599	1.9191	-0.1948	0.8617	-1.6238	0.5432	-0.1570	-0.1908	0.3774	0.5607	0.0007	-0.7423	0.3923	-0.0982	1.5762	-0.6615	-0.2343	-0.4887	-0.4516
0.1655	0.5300	-0.7713	0.0231	-0.7278	-0.8687	0.0549	1.8444	-0.7826	-0.4393	-0.3076	-1.2748	-0.7155	0.8967	-2.0752	-0.9580	-1.2410	0.3148	-0.6306	-0.8516	-0.0431	0.5798	-0.4923	0.6899	-0.7772	-0.8288	-1.4037	0.4518	0.3713	0.8700	0.6582	0.1115	-0.1477	-0.0729	0.1478	0.4663	0.2984	0.5412	0.0916	0.0228	1.0679	-0.2618	-0.1100	1.0677	-0.6426	-0.1180	0.5315	1.1756	-0.4237	0.2133
-1.4457	0.1370	0.5919	-3.0223	-2.4846	-0.9548	0.7004	-0.3691	0.8226	0.6285	-0.4107	1.4193	0.0731	0.0018	1.3546	0.8457	0.6450	-0.6272	-0.3643	1.1538	-0.1884	1.6402	1.6259	-2.5556	-0.8685	0.5359	1.8140	0.2819	0.5062	0.3634	0.5483	2.8684	-0.4401	-0.6259	0.6497	-2.8620	-0.0587	2.4388	0.1268	0.5393	0.0919	-0.6214	0.1573	-1.3287	1.7019	-0.5589	-1.7803	-1.5811	0.1432	-1.0724
0.3584	0.4602	-0.2020	-0.3444	-0.8075	0.8579	-0.1505	0.6216	0.2490	0.2847	1.2745	-0.1114	-1.2915	-2.3862	-0.8753	0.5139	0.2294	-2.1011	1.2450	0.4815	0.1348	0.2283	1.0830	0.8185	1.6411	-0.9696	-0.3256	-0.2167	0.9440	-0.0260	2.9345	1.4053	-1.4345	2.0454	0.6026	-1.0781	-0.5516	0.4113	-0.5172	-0.1515	-0.6087	1.7342	1.0923	0.9963	-0.1950	-0.9645	0.2088	-0.6582	0.1651	-0.8293
0.0986	-1.1668	0.6038	-1.4300	0.3107	-0.7655	-0.8123	0.8070	0.3672	0.5084	-0.0954	-1.8849	-0.3350	-1.1561	-1.4462	1.8842	-0.0887	-0.2416	0.5984	-0.5071	1.1603	-0.0778	-0.9719	-0.3180	-2.5973	0.3019	1.2340	-1.2968	-0.8840	-0.6762	-0.2868	-0.9211	0.2573	1.8331	-0.4665	0.4837	1.0237	-0.0677	-1.2559	-1.4583	1.0505	0.3445	-0.7563	-1.1010	0.0131	-0.5829	0.9919	-1.1446	-0.4268	0.0769
1.9051	0.5426	-1.4231	-0.4277	0.7727	0.8120	-0.4811	-0.0204	-0.0326	-0.1217	0.0080	1.6748	-0.0503	-0.1686	0.1393	-0.5425	0.3147	0.3569	0.4964	-1.6808	-0.9844	-0.1627	-2.0520	1.4209	-0.3087	-1.5366	-0.0899	0.4707	0.5757	-0.3420	0.9344	1.1456	-0.5797	-0.4114	0.4032	2.7455	-0.6291	0.4332	-0.7125	-0.2472	0.9281	-0.1655	0.5380	0.8358	-0.3349	-0.4080	0.3006	0.1685	0.9047	0.0459
0.7437	0.8619	-0.9554	0.0673	-1.3586	1.0931	-0.4300	2.0594	-0.3516	-0.6671	1.2408	-1.1655	-0.5673	-0.5022	-0.2047	-0.4445	-1.2328	1.6161	-0.0432	1.5890	-1.9242	1.9388	-1.3038	0.5521	1.1631	-1.8664	0.9083	-0.7090	-0.0467	-0.2099	0.1330	-0.6474	-0.9568	0.4089	-0.7480	-0.1639	-2.0251	0.9470	-1.4498	-0.7883	1.3860	0.6151	-0.3296	-2.0908	0.3013	-0.3222	0.3574	1.4030	2.1475	1.0416
0.3838	-0.3488	-0.1006	1.3693	0.1664	1.5722	-0.1671	1.0205	-0.6753	1.4519	-0.1055	0.7111	0.7521	-0.6851	-0.4182	-1.1108	1.2647	2.1257	-0.0911	-0.9584	-0.3074	-0.7066	0.3901	0.3467	0.4461	-0.7265	-0.8653	0.0342	1.1399	-1.1839	1.9124	-0.2836	0.4059	-0.0407	-0.4179	-1.6096	0.4820	-2.2926	0.4974	0.0751	0.0368	-0.5929	1.2834	0.8336	-1.3332	-0.0092	-0.5800	1.9341	0.0229	-0.3869
-0.6358	-0.3067	-1.6980	1.3882	-1.3240	-0.2563	0.3411	-0.5417	-0.0288	-0.1679	1.4821	-0.7798	-0.1135	1.2798	1.3824	-1.7103	-0.2878	0.3685	0.4547	-0.1964	0.0308	-0.3749	0.3372	-0.4802	0.0579	1.1949	-0.5836	0.8429	0.9553	0.0380	0.6293	0.9162	2.3741	0.5459	-0.6693	0.5784	-0.0076	1.0721	-1.5928	0.8247	1.9434	-0.7190	-0.9070	0.4496	0.0556	-0.6798	1.0140	-0.3942	-0.6854	0.4722
-0.9750	0.6113	-0.2567	0.6944	-0.4772	-0.9505	-0.0562	-0.6875	-0.5968	-2.2010	-0.6425	0.4559	-0.2357	-0.2508	-1.0353	1.2412	0.0140	1.6320	-0.3914	0.9492	0.3487	0.2868	0.4990	0.7274	1.0985	0.6371	1.5144	-0.9238	-1.8756	-0.5544	0.0471	-0.3559	1.3417	-1.6984	-0.7156	-0.8325	0.3743	-0.3209	-0.9126	-0.9633	1.0324	1.0277	0.0033	1.3043	-0.7276	0.8579	-0.1606	-0.1126	-1.0512	1.2894
1.9041	0.0038	0.9220	-1.2269	-1.0579	0.5057	0.0366	-0.7496	0.0716	0.0862	-1.3460	-1.1975	1.1728	-0.4508	1.1860	-0.1175	1.1033	0.6608	-0.1255	0.6829	0.6499	-1.5663	1.5212	0.3378	-0.2512	0.5953	0.4106	0.5958	-0.1455	-2.7688	0.0764	0.2726	-0.1668	-2.0754	1.2552	0.6457	0.9264	-0.0951	-0.1205	1.3882	-1.2730	0.5704	1.1054	-0.4212	0.4860	-0.6338	0.3998	1.0098	0.2457	-0.3600
-0.0023	-1.2094	0.7739	-0.5804	0.0970	1.1166	-0.6217	1.0067	0.7558	0.0676	-0.8117	1.6808	-0.3964	2.4396	0.9345	-0.8246	0.7228	-0.6517	0.1793	-0.1803	-0.9939	-1.0132	0.0384	-0.3890	-0.2457	0.7435	-0.6383	0.5788	0.1966	1.6713	0.6641	-0.7164	-0.1334	2.9642	-1.5761	1.5384	-0.0288	1.1028	-0.4629	-0.1396	-1.0140	-1.5904	-1.3917	-0.6332	0.4187	-0.3530	-0.2532	0.7487	0.7414	1.2356
0.4242	-0.0369	0.2625	-0.7801	0.4428	-1.2767	-0.4318	0.8279	0.9660	0.1524	0.2373	-0.5679	0.1039	1.4437	-0.0212	1.2591	1.0781	-1.8073	-1.0660	0.0393	-0.5201	0.4239	-0.4045	0.0763	-1.5526	0.8771	1.3420	0.3212	0.8212	-0.4647	-0.6574	1.1309	1.3885	-1.3589	-0.0911	-0.8741	-0.6832	-0.1355	-0.2356	0.9499	0.5868	0.1515	-1.5055	-0.3117	-0.1106	-1.8639	0.5912	-0.7404	0.9898	0.4290
-0.3719	-0.1862	-0.0459	-2.3921	0.7684	0.1764	0.4194	-0.9445	0.9339	-0.6229	1.5682	-0.3337	-0.8396	0.7880	-1.5246	0.0589	0.9145	0.5854	0.9846	1.0836	-0.1744	-1.4392	0.5979	-0.5757	1.0679	-1.2936	-1.4770	1.1519	-2.5541	1.1119	0.8863	0.1441	0.3455	1.2749	-1.4061	1.4231	0.1269	-1.1101	0.2554	1.1451	-0.7299	0.1174	0.9217	-0.2216	-1.7858	0.5956	1.7624	-1.0327	0.6892	0.4011
1.3483	0.3915	0.2973	1.5738	-0.4604	1.2173	2.2480	0.0069	0.6588	-0.3962	-1.7797	1.6827	0.2643	0.4801	-2.3240	1.2739	-0.7268	0.2956	-0.2453	1.1929	0.4156	-0.7434	-0.5961	0.5922	0.7939	1.3133	-0.5173	0.4966	0.6189	0.7579	0.9590	0.3000	1.4056	-0.1240	-0.2784	0.0537	0.2250	-0.6970	-0.8300	0.7821	-0.7513	-1.0243	-0.8914	-0.5906	0.7722	0.4948	1.2748	-2.2363	0.0417	-0.6921
0.0698	-0.4184	-1.9891	-0.6653	1.1542	-0.4827	0.8195	1.0288	2.0817	-0.8076	0.2010	-0.2559	-1.0143	-1.6222	-0.5761	0.8105	-0.4389	0.8648	0.6562	0.7464	-1.6813	0.9356	1.4073	-1.3717	0.5741	2.1398	0.6693	2.3566	-1.0619	0.4252	-0.0192	2.7899	0.4948	-0.5169	-2.2557	0.7102	0.4621	0.4895	1.0370	0.4451	-1.0467	-2.7268	-0.9146	1.3648	-0.6150	-1.9918	1.0143	-1.3258	0.4032	0.3000
-0.7769	1.5543	-1.3662	0.2152	1.9372	1.2783	-0.0241	-0.3723	2.4022	0.7560	0.9932	-0.9331	-0.5766	0.8842	1.4139	0.8329	0.1319	-0.9792	0.3137	1.1851	-0.6311	0.4520	-0.4450	-0.6449	0.7425	-0.6022	0.4165	-0.0801	0.9959	0.3411	0.3148	-0.7890	-0.1536	0.6301	1.2440	0.4681	-0.2489	0.2126	0.2873	0.8113	-0.2432	0.1578	-1.2219	1.7433	-0.1640	1.3072	-0.0830	1.5282	-1.6024	1.3198
-0.3473	0.9406	1.3279	0.0104	0.4041	0.1094	-1.0219	-1.6069	-0.6012	-0.7083	-0.1550	-2.0319	0.7579	-0.2889	1.7659	-0.1082	0.4864	-0.2399	0.3768	0.9321	0.7285	-0.2857	0.3780	-0.0983	0.2239	-2.0178	-1.3938	0.1397	2.0537	0.9749	-1.0952	-0.4187	-1.0724	-1.2490	-1.1877	-0.2462	-0.5145	0.0486	0.6592	0.7562	-0.2756	1.6659	0.9161	1.9213	0.0908	-0.7201	1.1792	-1.0901	0.2647	0.4814
-0.9706	-0.0272	0.6576	0.1884	-0.3273	-1.0870	-1.5035	-1.0586	-0.5778	-0.2720	0.1153	-0.9516	-0.5636	0.3589	0.2651	2.2570	1.3056	-0.6439	0.9518	-2.6728	0.0612	0.4814	0.4490	-0.8025	0.9345	-0.8356	-2.5436	-0.5078	0.0643	1.2998	0.4072	1.9762	0.8261	0.5486	-0.5696	0.6012	0.1198	0.4198	0.4108	1.1837	1.1844	-0.5067	-0.6461	0.6135	1.9078	0.0559	-0.7360	0.1188	0.1015	-0.8421
0.4537	-2.3590	-0.8020	-0.6955	-0.8030	0.6053	-0.5828	0.5131	-1.3519	0.1655	-0.2951	0.7856	0.0467	1.0523	-1.0985	1.6473	0.5402	-0.6440	1.5172	2.0001	0.1274	-1.0417	1.0060	-0.7257	-1.0287	0.2180	0.2450	0.3484	0.7550	0.0101	-0.5699	0.1699	0.2534	0.8399	0.7405	-0.3099	1.4313	1.0010	-0.4024	1.3785	1.4663	-0.6253	-0.0078	-0.1825	1.6145	-0.3395	-1.0515	0.7677	0.5177	-0.3627
0.2198	0.4016	-0.9900	1.6855	0.8077	0.0554	-0.4072	-1.8893	1.2528	0.8796	0.6925	-0.2314	-2.0210	0.4360	0.3071	1.7922	-1.9702	0.4763	0.2034	-1.3327	-1.3885	-1.3354	1.2442	-0.8019	0.5441	0.2763	-2.1673	0.5255	-0.9782	0.4808	0.0512	0.8560	0.3072	-2.4029	-0.3251	0.3486	-0.3746	-0.8380	-0.6523	1.1682	-0.3880	-0.4203	-1.1587	-1.9807	-0.9767	-0.6023	2.0284	-0.0566	0.2718	-1.0124
-0.1538	0.8809	-1.1640	-1.7363	1.1381	-0.3487	-0.5959	0.6902	-1.6289	1.2464	-1.3899	-0.1656	-0.3211	0.8186	1.2750	-0.8181	0.4033	0.4039	-1.0522	-0.6147	-0.1196	-1.2032	1.3179	-0.2866	1.4056	1.1087	-2.3412	-0.6204	1.9654	-1.2593	1.0131	-0.2106	-2.4417	-0.1417	-1.2227	-0.8171	0.6492	-0.0193	0.4835	1.5011	0.5700	-0.4251	0.0661	-0.0381	2.0613	-0.9257	1.0115	-0.5587	1.7706	-0.4376
0.1056	1.6152	0.0243	-1.6411	-2.0634	-0.2029	-2.2982	2.0462	1.2991	0.7865	0.0417	-1.2396	-0.0410	0.9485	0.8379	0.0439	-1.1232	-0.0074	0.7928	-0.2140	-1.5698	-0.1262	-0.1887	-0.0701	-0.2544	-0.5355	0.0388	0.2674	-0.6647	-0.2887	-2.3304	-0.1685	-0.1673	0.3259	1.0678	0.3611	-0.3069	0.5825	0.6312	-0.2754	-0.5329	0.0196	1.3462	1.3938	-0.7828	0.4533	1.2782	0.7853	1.0598	0.4923
-1.3985	-1.0385	0.6471	-0.6138	0.8809	-1.1636	-0.6638	0.5890	0.9640	-1.5260	-0.3532	-0.0758	-0.7370	-1.1499	-0.8241	0.8924	1.6600	0.5279	-0.9857	-0.3662	-1.7419	0.4938	0.2472	0.7526	-0.7423	-1.7594	-1.3812	0.0271	-0.0525	1.1076	1.3534	0.8369	0.7472	1.2359	-0.9895	-1.3826	-1.0367	-1.2859	0.1436	-0.8089	-0.9741	1.6464	0.9770	-0.4753	0.2125	-0.1878	0.5225	1.0758	-1.7008	-1.5099
0.2439	0.5797	-0.6449	-0.5963	1.7769	1.3390	-0.0950	-1.0006	-0.6131	-0.5703	-0.7175	0.2397	1.1592	-0.2830	-1.4523	0.8016	-1.5372	-0.6952	-0.5695	0.0750	1.1766	-0.4896	-0.8480	-0.2607	-1.9126	-0.0148	-0.9354	-0.4624	-0.2782	2.0359	-1.0765	1.3145	-0.0528	0.7173	0.4681	2.4627	-2.2056	-1.1376	-0.8895	-0.2622	-0.5615	-0.4065	-1.9529	-0.3624	-0.0264	-0.8821	0.0685	-0.1713	0.7158	-0.4909
-1.0356	-1.7205	2.3355	1.8211	0.9183	-1.4682	0.3365	0.3120	0.6076	1.2914	0.8142	0.2761	-0.4082	0.2488	-0.5345	1.3150	1.8266	-2.0514	1.5985	-0.0363	-1.2610	0.2601	-1.1883	-0.6063	0.5486	0.4633	1.1849	-1.3056	-0.3337	0.6160	-0.0240	-1.0695	0.2176	-1.5178	1.3930	-1.6139	0.4621	-1.8671	-0.2530	-0.3246	1.6419	1.3905	1.1027	0.4827	-0.3912	0.2672	-0.9806	1.4001	1.3630	0.8875
0.2857	-0.1513	-0.3504	-0.4914	0.4368	-0.5466	0.9463	-1.8459	-1.5555	-1.3246	0.7214	-1.1494	0.1784	-1.2210	1.0498	0.1757	-0.8729	-0.9004	2.7269	1.8877	1.0021	-1.3665	-0.0287	0.6083	0.6974	2.5061	-1.4893	-0.3813	-0.2820	0.4046	1.8132	0.5101	-0.8469	0.6247	-0.6951	-0.7849	0.4574	0.3271	-0.4287	0.5394	-0.6978	-0.0498	0.0090	0.3376	-2.0437	-0.0122	0.3399	-0.0808	0.5775	1.0573
-0.8698	-2.2099	-0.7021	0.5275	0.9078	-1.7326	-0.1566	0.8603	-0.5614	-0.5927	0.0794	0.2134	0.4498	-0.3819	1.0890	2.2542	0.1561	0.6387	0.8434	0.7668	-0.2281	0.6343	1.0724	-0.8233	1.1359	1.2028	-0.6184	1.6092	-1.7315	1.0253	0.7261	0.2603	-1.3095	0.1321	0.1929	-1.8062	-0.7930	0.3836	-0.2785	1.4111	1.0287	-0.4984	-1.4129	0.4851	0.5239	1.5691	-0.2829	-0.7886	1.5875	-0.9844
-1.5951	-1.3639	-0.1415	-0.2323	-0.1245	-0.6959	0.3360	1.2622	0.3569	0.2405	-0.6404	-0.5751	-0.0488	0.6600	-0.2721	1.0524	1.0357	1.3902	-0.6143	-0.8576	1.6075	0.6707	0.7977	2.4447	-0.0495	2.1979	-0.1293	-0.8892	-0.8154	-0.2655	-0.3566	0.5396	1.1109	0.5707	-1.4723	-0.7458	-0.1037	-1.4465	1.2033	0.8687	-0.1428	-1.1473	-2.2714	-1.0492	0.0686	0.6094	0.9371	-0.9573	-0.9895	0.7281
-0.6417	-0.3024	-1.4570	0.5662	-0.7947	0.2309	1.7833	-0.2050	-0.5029	0.3617	0.6573	1.1666	-2.2739	-0.3489	1.2275	1.0285	0.0299	-0.8424	0.3049	1.1936	-0.3725	-0.8366	1.4745	0.1459	2.0172	2.4216	0.1545	-0.1967	-2.0364	-1.3687	-2.7156	0.0851	0.4841	0.3671	0.6424	-0.9347	0.0719	-0.4461	0.5582	-1.9712	1.5592	1.4083	0.1835	-1.5166	0.5306	1.4798	-1.9829	-1.1787	-0.4047	-1.3703
-0.9707	-1.1127	0.3662	-0.5030	1.3013	-0.4728	0.6929	0.7430	0.8350	-0.8401	0.8367	1.6114	-1.7299	-0.0736	-0.9313	1.4961	2.0913	1.9616	-0.9856	1.1693	-0.0417	0.0782	0.9854	-0.5894	0.2073	-0.7522	-0.4586	-0.2426	-0.3240	-0.0716	-1.4224	0.8119	-0.7201	0.8724	-0.5518	-0.8002	-1.1665	-1.6269	-0.7398	0.1381	-0.2948	0.2927	-0.2108	1.9833	2.1372	-0.2759	0.3566	-1.3792	-0.3832	-0.4428
0.1520	-0.9214	1.3061	0.4811	-0.9331	-0.4169	-0.1422	1.3330	-0.7005	0.2528	-0.1102	0.8940	0.9021	2.0547	1.0456	-1.5283	0.5673	-1.9073	0.9587	-0.4675	-0.4568	-0.3436	-0.7804	-1.0097	-0.7184	-1.2066	-0.1553	0.8736	0.2217	1.1057	-0.8092	-0.1491	0.4674	0.6255	0.6800	0.4983	1.7912	-0.2408	0.6057	0.9173	-0.8361	0.4480	-1.1932	-0.3830	0.5700	-1.0769	-2.5958	-0.9686	-1.8405	1.8021
0.3692	0.2600	-0.2744	0.8567	-0.9647	-0.7421	-1.9717	1.0385	-0.6620	-0.2896	-1.6761	-0.1755	1.3713	-0.3686	-1.0140	-1.2072	-2.6721	0.0252	-1.1870	0.2445	0.9360	-0.0564	0.9211	-0.1906	-0.5572	0.0351	0.9252	0.4602	-1.1424	1.0271	0.4311	0.2420	1.3176	-0.1041	0.2690	-0.1855	1.4000	-0.9031	-1.3814	2.0995	1.5153	-1.9518	-0.0914	0.0368	0.6877	-0.5605	0.2190	-0.0678	-1.4058	-0.8361
-2.0112	-0.2483	1.0528	-0.0825	1.2999	-0.2656	-0.1854	-1.2245	-0.8504	1.0478	-0.5542	-0.9890	1.1311	-1.3333	-0.7976	-1.6148	0.6508	-0.6485	-1.4451	-0.3005	1.4925	1.1237	0.1429	0.1009	0.0218	0.7484	1.2198	-1.4686	0.8277	-1.5192	-1.6659	-0.2742	-0.0678	2.1267	-0.4545	-0.5494	0.5960	1.4175	-0.5285	-1.3380	-0.0154	0.9373	0.8565	2.1113	0.6174	-0.2917	-0.0132	-2.6104	0.7158	-0.2801
-2.0149	-0.0862	0.1202	1.7520	1.8844	-0.2366	1.0601	0.2782	0.4049	1.2712	-1.0820	0.8269	-0.0292	-0.3183	1.7544	1.1629	-0.1229	1.4973	-2.2173	0.7661	1.1464	-1.3615	1.1601	0.2601	0.0607	1.0509	0.0184	0.1814	-0.2328	-0.1050	-1.7925	-0.2077	-1.8866	1.6223	1.3404	1.5289	-0.2714	-0.9553	1.3475	1.7139	2.0504	-1.3597	1.8610	0.5540	-0.5189	-1.3312	-0.1618	2.6391	-1.3506	0.8540
-0.4250	-1.3256	-0.5041	-2.4566	-0.7252	0.8582	0.1110	-0.2723	-0.2173	-0.3235	-1.0053	0.6966	1.0991	-1.0676	-0.7224	0.3678	1.8198	0.2903	-0.5563	0.1672	-0.8992	-1.6398	1.0691	0.7017	-1.1121	-0.5109	-1.7537	0.4655	-1.1131	-0.2660	0.4216	0.2798	0.6316	-0.5171	1.1155	-1.7783	-1.2033	-0.4271	-1.8913	-0.7247	0.4440	1.8715	-0.5171	0.3610	-0.6658	-0.5401	1.8538	0.0037	0.0317	-1.3683
-0.8022	0.6959	-0.3515	0.5529	-0.4009	0.2209	-0.6210	1.0645	-0.0812	-0.4589	1.0346	-0.1840	-1.0183	1.4005	-0.1047	-1.0821	-0.6112	-1.1717	0.7923	0.3393	2.5445	1.1748	-1.5565	1.1949	-0.1613	0.6327	-0.2584	0.9559	-0.8672	0.4946	0.9194	-1.5916	0.5388	0.7962	1.1249	-0.7846	-1.3145	-0.0716	-0.3283	-0.7687	0.3379	0.4558	-1.3644	1.6211	-0.3742	2.6188	1.9476	-1.1125	1.3195	0.9100
0.7739	1.2817	-0.9592	-0.3743	-0.8828	1.8116	2.4831	1.0759	0.6389	-0.8661	-1.5366	-0.7367	-0.3514	0.4788	-0.8765	1.2199	0.1653	-1.3702	-0.4710	-0.1225	1.3218	0.4327	0.9192	-0.8020	-0.3373	-0.7760	0.1582	0.4605	-0.4239	0.4589	0.0847	0.9589	-0.8475	0.8205	0.8456	0.7148	0.1854	1.0013	-1.4507	1.1036	0.5720	0.5582	-0.8175	1.7473	-0.3636	-1.4203	-0.2902	-1.7207	-0.1419	-0.8429
-0.2688	0.4447	0.5722	-1.3276	-0.9223	0.6476	0.7931	0.8445	-0.6522	-0.9862	-0.4047	0.3202	-1.3284	-1.3569	0.0568	-0.4347	0.6991	-0.1044	-1.7907	0.1896	-0.9269	-0.8471	0.5525	0.0997	-1.1983	0.6417	0.5792	0.0957	0.6942	0.8028	0.0818	1.3668	-0.8665	-1.7049	0.8292	1.7065	0.7664	0.4044	-1.3251	-0.3999	-1.4939	0.5764	-0.8682	0.7036	-0.3025	-0.9167	-1.5177	-0.3590	0.6332	0.0176
0.0855	-1.1601	1.0714	0.1460	0.4809	0.4799	0.8872	1.3077	-1.7471	-1.4887	-0.9726	-0.8703	-0.5934	0.5669	-0.1158	0.1002	-0.3923	-1.3412	-1.0284	-0.8553	0.0642	0.3302	0.2434	0.5114	1.8285	-0.0488	1.1972	-0.0853	-0.3567	-0.8201	-1.4418	0.6362	1.5720	-2.1434	-0.6342	0.3769	0.6903	0.5443	-1.9824	-0.0275	0.9143	0.6975	-0.7096	-1.2476	-1.4023	1.0110	-0.5013	1.9322	0.7940	0.9023
0.1025	-0.6610	1.9000	-0.2828	1.0470	0.0551	-2.0927	-0.1450	-0.9700	1.1757	-0.0003	-0.2483	-1.2235	-0.4465	-0.3045	-0.3629	-2.1275	1.1797	-1.1999	0.9709	1.4631	0.9241	-0.1040	1.7156	0.2646	2.0157	-1.2250	-0.1884	-0.6950	-0.8934	-0.6219	-0.5394	-0.3333	1.4116	-0.0756	-0.1141	2.8481	0.7040	0.7677	-0.2479	0.0384	0.4218	-0.0775	0.5123	1.5270	-0.1351	0.3558	1.0525	-1.9773	-0.4524
0.5957	1.1168	-0.6086	-0.3380	0.0109	-0.6889	0.1142	0.1600	0.1825	0.0105	-1.4283	-1.9760	-0.0639	0.6982	1.4349	0.4236	-0.2614	-0.7833	0.6303	1.0255	-0.5423	-0.3212	1.7774	-0.8720	-0.8821	0.8359	-0.7230	0.8804	0.5018	0.4541	1.8138	0.3653	0.9126	-0.2715	0.5860	-0.1143	-0.1187	-1.0840	0.4162	-0.9565	0.7826	1.0159	0.3022	-0.2747	-0.5802	-0.1339	0.1026	-1.4523	0.2654	-0.4054
1.6189	-0.4403	-1.1972	-0.5661	-0.0254	1.2296	-0.8975	1.4159	0.1867	0.2399	1.4429	0.9860	-0.4481	-0.6553	0.0733	1.2148	-0.0975	0.1416	-0.1607	1.0867	-2.1690	-0.3283	1.7165	0.5726	0.7168	-0.1091	-0.4265	0.5091	-0.5203	0.8240	1.1468	-1.7196	1.0458	-0.5129	-0.3128	1.3296	0.0993	-2.2186	-1.1624	0.8771	-0.3116	0.6924	-0.2345	0.5655	0.6187	0.9500	-1.2177	-0.6876	0.6248	-1.2204
0.7681	-1.0567	0.4440	0.6536	-1.8328	-1.4237	0.1559	-0.2086	-1.0708	0.5693	-1.2801	-0.3960	1.4197	-1.2787	1.4047	-1.0345	-0.5596	-1.4687	-0.4382	-0.9937	-0.0189	-1.1867	1.4132	-2.4022	1.0047	-1.0474	0.1079	-0.5983	1.0786	0.9868	0.6095	-1.1766	0.4725	-0.7252	-0.0147	0.6565	0.4848	0.2203	0.3643	0.5444	-0.1494	1.3837	-0.8275	-1.8101	0.8816	-0.6044	-2.8445	-0.6881	-0.9538	-2.1550
-1.4979	-0.4691	0.1741	-1.0229	0.1688	-0.5168	0.0372	1.4804	-0.3694	-0.0446	0.0911	-1.0015	-0.6989	-0.0126	1.0645	1.1387	0.5368	0.4896	0.8949	-2.2679	0.3719	0.5594	-2.1992	-0.1350	0.2620	-0.5847	1.2801	0.5921	-0.3049	-0.2363	-1.4272	0.0011	-1.3947	-0.5033	-0.2142	0.6093	1.1753	0.6215	-0.9491	0.7761	0.2035	-0.5263	-0.1229	-1.0644	0.2782	0.5536	0.4514	-0.0993	-0.5607	2.3558
-0.2431	0.4343	-0.6100	-0.1232	-0.5777	-1.1720	0.4111	0.9711	0.9837	-0.8233	-0.8953	1.0743	0.7179	-0.8675	-2.0843	0.5789	1.2577	0.4942	1.0413	-1.2628	-0.0670	0.7089	-1.1763	-1.1978	0.2601	-0.1662	0.2354	0.5878	0.1809	1.7380	0.4333	0.4332	0.8420	1.9295	-0.5077	0.3638	-0.1858	-0.7055	2.3728	-1.0481	-1.7101	0.6894	-0.7124	0.0140	-2.2803	0.2001	-0.7024	0.2446	0.1440	0.7478
-1.2676	0.4236	-0.5434	0.5619	0.5886	-0.2786	0.2023	-0.0047	0.8096	-0.6912	0.5423	-1.5182	-0.9722	1.2865	2.6896	-0.6065	-0.1708	0.1766	-0.3551	0.6959	0.7135	0.5280	-0.2619	-0.1609	1.6444	-1.5714	0.4956	-0.0522	-0.8237	-0.7160	-0.7443	1.4550	1.7443	1.0170	0.1337	-0.4868	-2.4663	0.6093	-1.9696	1.2188	-0.0493	0.4813	-0.3257	1.2667	0.7897	-0.0035	0.9784	-1.0060	-0.9726	-0.4315
0.0945	0.4444	0.5322	-0.0494	1.4855	0.5151	0.2513	1.0492	0.5641	-0.4289	-0.2014	1.7611	0.2433	1.5357	-0.4258	-1.7920	0.1914	0.2110	0.4924	0.0484	0.8790	-0.7971	0.5667	0.1316	1.2705	-0.9445	0.5015	0.0807	1.8270	-0.4705	-0.7170	-0.0975	0.1903	0.0154	1.1547	-1.2374	-0.3012	1.4314	0.0918	0.3177	-0.8390	-0.4049	1.0780	-0.3988	-0.6094	-0.7993	0.1729	0.6268	0.3423	0.0471
-2.0944	-0.8191	-1.0432	0.0454	0.8743	-0.5199	-1.2567	1.4036	1.5337	-0.4855	1.4618	-1.7108	-0.8314	-0.5715	-0.1055	0.7184	-0.8444	-0.2140	-2.1384	-0.6105	0.8770	-0.7844	0.7211	0.7837	0.1795	-0.0226	-0.1618	0.6374	0.9529	0.9514	0.0806	-0.0595	-0.7728	-0.4088	0.1702	0.1546	-0.4175	1.4537	1.3990	0.4298	-2.0347	0.2127	0.9421	0.5702	-0.7652	0.3703	0.7213	-0.8192	0.6748	0.5669
-1.3307	-0.0039	0.7316	-1.8515	-0.9848	-0.3884	-1.3963	-0.7928	0.6067	0.9485	-0.7640	-1.0914	1.6444	1.5978	0.2069	-0.6696	-0.7538	-1.9115	1.1671	-0.2360	1.7753	-0.9467	-0.4103	0.0593	1.8799	0.6026	-1.3244	0.1165	-1.2372	0.6308	-0.4544	0.8245	0.0081	-0.8279	-0.3953	-1.3274	1.0885	-1.0860	1.0007	0.8661	-0.0268	-0.2333	-0.9275	0.0695	-0.6883	-0.7016	-2.0840	0.1356	-1.8418	-0.5492
0.1524	-0.2310	-0.4690	0.1344	2.6781	0.3673	-0.1028	0.4005	-0.8705	0.8049	1.0164	0.7249	0.0305	0.2028	-0.4802	-0.5262	-1.0761	0.5721	-0.6289	1.4761	0.9726	-0.6637	-0.4970	1.8859	0.3783	0.6336	-0.1750	0.3521	0.2322	0.4851	0.3224	0.2785	1.4791	1.0404	-1.8590	0.4594	0.5172	-0.0824	1.2869	1.2191	0.5704	-0.0613	1.7123	-0.4661	-0.8985	-2.2872	0.7511	-0.0705	-0.9871	-1.1676
0.7567	0.1323	-0.0360	1.0520	-3.0844	-1.0201	0.4026	-0.7514	-0.0894	-1.9031	-0.5165	1.0526	-0.4498	0.9809	-0.6888	0.8886	0.2306	0.3087	0.6719	-2.0188	0.0225	-0.4868	0.2561	0.3979	0.6773	-1.2243	0.3066	0.2440	-1.6127	0.5261	0.0424	-0.3971	-1.3587	-1.3766	0.7396	0.7748	1.0721	1.3239	0.9051	0.0490	-1.0367	-2.5489	-0.5799	-0.3160	-0.3460	0.8057	-1.8595	1.1293	1.1029	0.1352
0.9543	-0.0082	-0.3577	0.7114	-0.5191	0.0976	-2.3855	0.4999	0.9782	2.0609	-1.6718	1.3493	-0.2664	-1.3744	0.4075	-1.1502	-0.3590	0.0740	-0.2244	0.0053	0.9818	-1.1601	-0.1485	-1.0972	1.7164	0.0321	0.3039	0.7176	-1.1311	1.7903	0.7688	-0.3791	0.4079	1.4977	0.4413	-0.6564	-0.2954	-0.7851	1.6360	-0.4468	0.5654	0.1886	-0.3286	0.1092	0.5377	0.9621	0.9295	-0.5764	-0.3741	1.0396
-1.4349	-0.9555	0.8903	0.6630	0.4741	0.0830	1.0655	2.1816	-0.2017	-0.7139	1.1648	0.5296	-1.5557	0.1155	0.5381	1.0685	1.2792	0.6998	-0.6108	1.2953	-0.9245	0.4232	-0.9781	-0.8799	-0.1753	0.6360	-1.6561	-1.1668	-0.2320	-1.6872	-1.1096	-2.1624	-2.0755	0.8840	1.2403	0.0381	-0.3217	-0.4677	-1.6044	1.5952	0.5290	-0.1166	-0.1803	2.2126	1.5633	-1.3180	-0.1256	-1.0663	0.1109	0.1743
-0.7416	-0.7222	-0.0334	0.9944	0.1021	-0.4930	-0.8136	-0.0290	2.0384	0.8637	-0.8858	1.3252	2.1266	-0.6736	-0.1501	-1.4637	0.0542	2.1671	0.9001	0.2434	0.1444	0.7999	1.1519	0.8488	0.3545	1.3286	0.9238	0.7130	-0.1865	0.4707	-2.2308	0.8535	-0.5426	-0.1028	-1.6804	2.3805	1.2188	1.1201	-1.1719	-0.4905	1.5253	0.5007	-0.0183	-0.5565	-0.7232	-0.2996	1.0174	-0.7415	-0.8373	1.4983
-0.4128	0.4629	-0.2891	0.8327	1.3821	-0.1457	1.1227	-1.1445	-0.3816	0.4056	-2.1931	-0.8754	-1.7123	-0.3298	-0.2212	-1.7099	0.9330	-0.6017	-0.0024	-0.7638	-1.4240	0.4990	-0.5076	-1.6135	-0.5217	-0.7014	0.4798	-0.8310	-0.6747	-1.7277	-0.2108	-0.5707	0.8370	-0.7348	-0.0555	-0.2907	1.3446	0.3807	-1.7198	0.2525	0.0330	1.5636	-0.6916	0.3587	-0.1239	-1.5407	-0.2356	1.6612	0.2133	-0.3075
-0.4419	-0.1003	-0.0360	-0.8214	0.8991	0.4362	-0.0500	-1.8827	-1.5090	-0.0877	-1.9629	0.7275	-0.1512	-0.2835	0.1471	0.2429	-1.1595	-1.3789	-0.0541	0.2679	-0.8495	-0.1844	1.0921	-1.0947	-0.5027	-0.2421	-0.7464	1.1135	0.0303	0.8842	0.8878	0.4677	1.5373	-0.8461	0.7005	0.7611	-1.0297	-1.0717	-1.3844	-1.4107	-1.4441	1.1781	-0.9647	-1.1937	2.2822	-1.4856	1.7503	1.1334	0.9590	1.4133
-0.9442	-1.1377	1.0824	-1.0764	0.8318	1.0243	1.8728	-0.0690	0.5450	0.1793	0.3401	2.1024	1.7993	-1.6859	-0.0278	0.5011	-1.6850	0.8659	-0.7372	0.5223	0.7110	1.0814	-0.1414	1.2583	0.3828	-1.5861	-0.6714	0.2806	0.6939	0.4366	-0.8055	0.8703	-0.7459	-1.5111	0.4319	1.2702	-0.9033	0.2950	0.4623	-0.2442	-0.4882	1.1665	0.5285	0.6451	1.0708	-1.3014	0.2534	1.6479	0.6598	-1.2039
0.5351	0.3272	0.0418	-0.5711	-0.8340	1.2479	-0.1516	-0.7625	-0.1002	-0.9978	-0.0440	0.1907	0.8864	2.0143	-0.0680	0.4183	-1.1871	2.2375	-1.0901	0.5469	-1.3775	-0.6742	-0.3649	0.6623	-0.3669	-1.2403	-2.6633	1.3683	-1.0406	0.3849	-0.7846	-0.0633	0.0586	-1.4641	-0.3635	0.8787	-1.1820	-1.3316	0.2594	-1.1086	-1.0700	-0.7537	-0.5606	-1.7751	-0.2622	-0.3644	-0.0393	-1.0301	0.5833	0.1312
1.1424	-0.2373	0.3109	0.8851	0.1156	-0.8594	-0.7189	-1.8528	0.8995	1.0939	-2.2427	1.1842	-0.3365	-0.3037	-0.8509	-0.3496	-1.2284	0.3006	0.5910	1.5229	-1.6114	0.7587	0.2192	-1.1463	1.3053	-0.4088	-1.0233	0.2217	0.1968	0.1488	0.0335	-1.4534	0.2319	1.4526	0.5025	-0.4048	-0.5585	-0.3496	-0.2206	-0.4974	0.8264	-0.4654	0.2146	-0.5407	0.4529	-0.8254	0.1941	1.1649	0.0495	0.6636
0.0560	-0.4870	-0.3795	-0.8488	-0.9875	-1.4363	-0.1592	0.1107	-0.7736	0.1149	0.5208	-0.6340	-0.1942	0.2029	1.2659	0.3469	0.0102	-0.3133	1.0277	0.1113	0.4647	-0.2166	-0.6996	0.4864	-0.8417	-0.0794	-1.1677	0.5681	0.8732	-2.8075	-0.5796	0.5593	1.0000	-0.4005	0.2234	-0.5849	-2.0241	-0.5793	-0.1371	-0.4984	-0.0365	-1.4383	2.3586	-1.1070	-0.5859	-2.2787	-1.2525	0.0268	-0.3751	0.5917
0.5594	0.1691	0.0749	-0.5098	-1.3759	-0.0351	1.5412	-0.4331	-0.7023	-0.5289	-0.5609	1.1484	2.0589	-1.3152	-0.7429	0.6006	0.2603	0.9066	-0.1809	1.8474	0.6422	-0.2401	-0.2738	-0.3097	0.5225	1.7932	-1.8930	-0.2288	0.9927	0.2723	0.1708	0.5873	0.6301	-0.4524	0.0915	-0.1873	2.4370	-0.0528	0.5330	-1.1717	0.2316	1.3917	0.2877	-0.3016	-1.0323	0.9627	0.9127	0.3533	0.5280	1.5317
0.1078	-0.2688	0.3211	1.3544	2.7124	0.5280	-1.5352	-1.6379	0.0878	-1.3239	1.2851	0.0315	0.6592	-0.5204	-1.2187	-2.1471	0.6786	-1.3091	-0.7951	-0.3480	-0.8211	-0.6376	-0.1072	-1.1390	-0.0192	-0.9722	-1.2072	-0.6161	-0.7829	-1.2101	0.3204	-0.1811	0.4630	-0.1577	-0.7477	1.0716	1.1331	0.0862	-1.2790	0.8369	-0.1436	2.0798	-0.8144	0.8169	3.2667	-0.8604	1.3042	0.4027	0.2884	0.8423
1.6430	-1.0135	-0.2836	1.1656	0.5902	-1.4004	-0.1747	-0.0336	0.6076	0.0144	-1.2786	-1.6767	0.4629	-0.4754	-0.6868	-1.3993	-0.6061	0.2120	0.1447	-0.2877	-1.2989	-0.8494	-0.5044	-1.2183	-0.4056	-0.6605	0.6418	-0.0389	-1.2464	1.1320	0.4303	-0.2701	-0.5948	-2.0472	-0.0394	0.8371	-0.0079	1.6666	0.7842	0.9775	1.5934	-0.1612	-0.3158	-0.1514	-0.1939	0.9273	0.0182	1.3785	1.2022	-2.1227
-1.0019	-1.2007	-1.4684	0.1838	-0.0084	-1.0889	-0.5179	0.4712	0.6292	1.1948	1.7415	-0.8259	1.5876	-1.2131	-1.1071	-0.4867	-0.3714	-0.6011	-0.9930	-0.2517	0.3114	-0.0517	-1.9874	0.4649	-0.6562	-1.0236	0.7817	1.3597	-1.7611	0.4530	0.5109	1.0350	-0.6174	1.0692	-1.2341	0.1304	-1.0699	0.1955	-0.6775	0.3640	0.2479	1.2145	0.1686	0.9263	0.7867	0.2196	-0.4782	-0.8796	0.4573	-0.0727
-1.0230	0.6504	-0.1797	-1.9765	0.4992	0.6481	-1.1750	1.9677	0.1866	-0.1282	0.0071	0.9366	2.3259	0.0405	1.0211	0.0099	2.3501	1.4705	-2.0197	-1.2663	0.2063	-1.7151	-0.5946	0.3076	0.7021	0.9633	1.5747	2.1384	-1.5993	-0.9918	0.2816	-0.4132	0.7675	-1.3090	1.3672	-0.4324	-0.6765	-0.0706	0.0958	0.8173	0.2492	0.1272	-0.7911	0.5816	0.8348	-1.5816	1.0009	0.0131	0.5033	-0.4023
-0.1215	0.2000	1.7170	-0.6174	0.7616	-0.0335	-0.7145	0.4511	1.0571	1.7737	1.0496	0.5854	0.6294	0.2748	1.5943	-1.0618	1.1442	0.1274	-0.3507	0.4702	0.0890	1.0568	0.4252	-1.9173	-0.7268	0.0898	-0.8617	1.5966	-1.0377	0.0290	1.7542	0.1305	0.9212	0.7111	-0.7882	0.9065	0.1153	-0.0410	-1.4877	0.9842	-1.6708	-1.8064	-1.2789	-0.7858	-1.2030	1.1711	-0.1920	-0.3957	-0.0327	-0.8151
0.3561	0.3273	-0.3179	1.5897	2.0973	-0.8250	0.9145	2.2670	-0.1533	-0.3491	-1.5061	-2.0525	0.7464	0.0290	-0.6070	0.1456	1.0401	-1.0956	-0.9423	0.5923	1.0878	0.1628	0.0327	-0.8085	1.3321	0.3017	-0.1160	-0.4452	-0.6727	-0.2271	1.7369	0.5033	0.8497	-0.8026	0.7167	0.7855	-2.2088	-0.3024	0.4063	-1.3949	0.7870	2.1213	-0.7423	0.4029	0.6182	-0.9416	1.0701	0.5708	1.6188	0.1292
-0.4550	-0.2455	-0.4626	-0.9867	0.3995	-1.0117	0.4678	1.1751	0.8670	-0.3214	-1.1930	-0.0163	-0.5976	0.9139	-0.9009	-1.4229	-0.1760	1.7008	-1.9630	-0.6069	1.6028	-0.1541	-0.8239	-1.6753	-0.3849	0.3302	0.1929	-0.0575	1.1031	0.5878	-0.7007	-1.2519	-0.7397	-0.4496	-0.5208	-0.0045	0.9075	-1.8106	-0.2070	-1.4099	1.5344	-0.1471	-0.0940	0.7635	-2.1125	2.1411	0.8529	0.9843	-0.6635	0.4105
1.5614	0.5126	0.9613	0.3066	0.7810	0.1317	0.2439	1.1996	0.5288	-0.3273	0.1140	-0.2833	-0.5623	0.9039	1.5389	-0.2453	-0.4254	1.0200	-0.1655	0.2906	0.7538	-1.2611	-0.2876	-0.2347	-0.9128	-0.6701	0.6188	1.4101	-0.1578	0.0976	-2.3659	0.7546	-0.4776	0.1794	0.3367	0.8835	-1.3038	-0.2897	-0.1749	0.5834	-0.9342	-1.5525	-0.7604	-0.6089	2.0971	-2.0644	-0.6974	-0.0883	0.7540	-1.5883
0.0641	0.0534	0.0486	-0.7215	0.8133	-0.4771	0.3300	1.1712	-0.3828	0.1467	0.7049	-0.5324	0.1795	1.4145	-0.1775	-0.6685	1.8925	-1.3842	0.2687	-0.5289	-0.6306	-0.3291	1.2199	0.3048	-1.1851	-0.6965	1.8485	-0.7340	0.2157	-0.0048	-1.6150	0.5249	-0.7762	-0.6721	-0.8131	-1.4915	0.3688	-1.0199	0.1993	-0.0696	2.6293	-0.7016	-0.3236	2.3873	0.5486	-2.0820	0.8500	1.2748	0.2585	0.9419
0.8970	0.1638	-0.6219	-1.6335	0.0832	3.0134	-0.1374	-1.3684	0.5278	-0.6991	-1.2619	0.0753	0.6006	-1.1198	1.4034	0.4785	0.7616	-0.5023	-0.5745	-0.1762	0.5766	1.5823	-0.7494	0.5137	0.3706	-0.2629	1.7054	-0.4373	-0.3061	-0.5567	0.0457	-1.3095	-1.2242	-0.3668	1.7921	2.3510	-0.4616	0.5767	-1.9995	0.8072	-2.3219	-0.1657	-1.6337	-1.3732	0.3144	0.2627	0.7706	1.7987	0.6708	0.4818
0.7124	1.6874	-2.1892	0.1250	1.6988	-0.1411	1.0388	-0.5963	1.0942	1.0392	0.2728	-1.5878	-1.7125	-1.3558	1.0840	0.0472	-2.7116	-0.0358	-1.4215	-0.5492	-1.1182	-0.0878	0.0028	0.1120	0.4505	-0.6820	-0.9819	-0.6483	-0.9000	-0.8284	1.0994	-0.4336	-0.9727	0.8405	0.9922	1.5524	0.6228	-0.6022	-1.1080	-2.2333	-0.8724	-0.1903	0.3985	-0.4457	0.3556	0.6848	-0.0870	-1.3574	1.2693	1.2014
0.3658	1.7595	1.7495	0.8640	1.4589	-2.2450	0.0804	0.8735	-0.4980	-2.0440	-1.3618	0.7358	0.2884	1.3296	-0.2223	-1.2608	-1.0722	-0.1468	-0.3560	-0.0303	-1.5423	1.7008	-0.2754	1.7099	0.1316	0.3128	-0.7191	-0.0505	0.5319	1.2893	-0.1239	-1.0801	0.6928	0.7779	-0.7276	1.0792	1.4594	0.5380	0.1882	-1.1331	-0.4891	0.7593	1.8668	-0.1411	-0.6043	-0.0408	-0.3067	0.7703	0.9217	0.7563
0.9885	1.6858	1.6472	0.8638	0.0518	-1.2542	-0.2306	0.1934	-1.4138	1.5854	-0.8737	0.9212	0.1676	0.0758	1.2632	-1.4506	0.4416	-0.6502	-0.2995	1.0932	0.5401	0.3534	-0.2261	0.1508	0.0278	1.0207	-1.0343	-0.6185	0.4693	-1.6343	1.2192	-0.2215	-0.6471	-0.1546	-0.8042	-0.3086	1.2218	-1.1946	-0.3288	0.1188	-1.3434	-1.0060	0.4100	2.0295	-0.3421	-0.9697	-0.4903	-0.2713	0.9922	-0.1915
1.6715	0.6725	1.0077	1.7347	-1.4382	0.3134	0.1888	-0.0790	0.1713	-0.3353	-1.5438	-1.2870	-1.0887	0.4187	-0.7539	-0.1950	-0.4392	2.2985	-0.3731	0.7576	0.5840	0.1217	-0.4962	-1.9841	-1.9474	-1.1268	0.7398	0.0167	0.8250	-0.1175	-0.0430	-0.9343	-0.2707	0.2541	-0.7711	1.1078	-1.6026	0.5973	-0.2698	-1.2870	0.7557	0.2467	-0.4438	1.4391	1.4272	-0.3628	-0.9874	-0.3358	0.2002	-0.9520
0.8139	-0.4136	1.3874	-1.1111	-0.3549	1.1122	-0.9998	0.4193	3.2427	-1.4032	0.4033	-0.8572	-0.7195	1.1779	-1.6704	0.5383	0.4219	0.2338	0.5315	-0.8404	-1.1039	-0.0689	0.2737	0.8823	0.2813	-0.6108	-0.4919	0.7408	-1.2039	-1.4564	-0.0717	1.2197	-0.6237	0.5101	-1.1369	0.2196	0.1945	-0.5210	1.3499	1.8005	-1.6160	1.5229	-0.2580	-0.8552	-0.9890	1.1433	-0.3786	0.8328	-0.2621	-0.8957
-0.3702	0.1744	-2.0397	-0.5299	-0.5763	1.1852	0.2009	0.4236	0.1920	-1.4378	-0.0988	-0.1721	1.6325	-0.2816	-1.3113	-1.2377	-0.7958	-0.0111	-0.4435	1.1344	-1.1262	0.1190	-0.0151	-0.4669	-0.0157	-1.1341	-0.4653	0.4217	-1.8235	-0.0781	-1.6906	0.7400	-1.8676	-0.2919	-0.4094	0.8224	2.6782	-0.0613	-0.7373	0.8484	-0.5313	0.1626	-0.1264	0.0991	0.1425	0.1397	0.7006	-1.1440	-0.2636	-0.9855
-0.5094	0.6820	-0.3189	0.7586	-0.6489	0.1616	0.3706	-1.5060	1.7733	-0.0089	-0.2088	-1.9515	-0.0152	-1.1694	-0.7770	1.5955	0.5975	-0.1716	0.3458	-0.3580	1.0066	1.1088	0.0314	0.0070	-0.0082	-0.1506	-0.2848	0.2323	-0.0768	1.3994	0.1220	-0.3465	2.3344	-0.1431	-1.0522	-0.4928	-0.6861	-0.0144	-1.4409	-0.5401	0.5316	0.6284	-0.6589	2.3523	-0.3793	-0.7406	0.8172	-1.4912	0.2761	-0.1849
0.1923	2.0676	-0.0447	-0.2722	-0.1359	-0.2369	1.7116	-0.6302	1.1088	-0.6113	-0.3974	-0.2363	0.1061	-0.0857	1.1012	0.5650	0.4019	-0.5632	-0.1365	-0.2701	1.6818	-0.5004	1.0871	1.6790	0.4805	0.4610	-0.1769	-0.6106	1.5026	0.5127	-1.8784	-0.2480	-0.9961	0.2033	1.4911	-1.3839	0.9111	-0.7338	-0.6764	0.7103	-0.3311	0.4036	0.6353	1.4550	-1.0309	-0.9119	0.5099	1.8058	-1.0694	-0.4356
-0.3283	-0.3214	0.1579	-1.2559	0.6695	-1.3143	1.3878	-0.6763	-1.1669	0.1404	1.5594	-0.3003	0.8648	-1.2535	1.0366	0.6648	0.9358	0.1486	0.3776	0.3177	0.1631	0.8114	1.0764	-1.2873	1.5282	-0.0077	-0.5251	-1.4562	-0.2457	-0.4478	0.1820	-0.1311	0.5081	1.2002	0.3932	0.4481	-0.9365	0.8196	0.4919	0.7842	-0.6500	0.7908	0.6974	-0.5352	-0.6124	-0.5642	-0.0727	1.4007	0.3911	-1.3538
1.8956	-0.6742	-0.3534	-0.3591	1.7954	0.2422	-0.6811	-0.3939	-0.3331	-0.1843	-1.5384	-0.1391	-0.8519	0.8580	-0.8440	1.6821	-1.5523	1.0165	0.3500	-0.6396	2.5812	2.1652	-0.0731	-1.1383	-0.9331	-0.5931	1.3777	0.6160	0.3579	1.2328	0.1605	1.5813	1.9201	-0.6256	-0.0549	-0.8761	-0.0984	0.6987	1.1740	0.4907	-1.3303	-0.4324	-0.1498	-0.1037	-0.5582	-0.2998	-0.7900	0.8268	1.1679	0.0258
-0.8370	1.7081	-1.0159	1.1483	0.3210	-0.0524	-0.3523	0.4885	-0.5713	0.1473	1.1936	-0.7532	0.7011	-0.6001	-0.3762	0.6008	-0.2708	-0.0916	-0.6298	0.0526	1.5109	-1.2166	-0.6733	-0.7568	1.0678	0.9920	0.7459	0.3927	0.4535	-0.7543	0.8576	0.3624	-0.1714	0.9694	-1.2956	0.8938	1.1586	0.3311	0.3215	-0.1520	1.4664	-0.0887	0.5934	0.6407	-0.0740	0.4030	-0.3876	0.0423	-0.1492	-1.7965
0.2163	-0.5269	0.3494	0.1757	-0.6982	-0.1789	0.3318	-1.1141	-0.0253	-1.5292	1.8192	-0.6655	0.4191	1.1573	-2.0214	1.8950	1.1997	-0.8001	-0.8306	0.1390	1.7619	1.2725	-0.5193	1.3696	1.0981	-0.4130	0.5479	0.5743	1.1337	1.0596	-0.1694	-1.3323	-0.5177	0.0071	0.8350	1.6323	-0.5814	0.5571	0.3617	-0.3468	-1.2492	1.2431	-0.7943	1.9971	1.5627	0.3174	-0.8331	0.0879	-0.6351	-0.5246
0.8612	-0.1521	1.9336	1.6609	0.9985	-1.7711	-1.0052	1.1046	0.2295	-0.2436	0.5161	-0.3264	0.0814	-0.5891	-1.5787	0.0772	0.2060	-0.0794	0.1715	-0.3709	0.6606	-1.1333	-0.4810	-1.5116	-0.7423	1.9511	-0.7579	-0.4954	0.9948	-1.4862	-0.0904	-0.4995	0.9104	0.1785	-0.2139	-1.2105	0.5862	2.4265	-0.0792	0.2639	1.8985	0.6247	1.1518	2.0209	0.4821	0.0705	1.6345	-0.2312	0.0823	-0.8625
1.2542	0.4225	0.6161	-0.2870	-0.3972	0.4345	-0.2128	-1.6356	-1.1742	-1.0581	0.7473	-1.0314	0.2937	0.5184	-0.3133	0.8141	0.4806	-1.0654	0.4860	1.0783	-0.9307	-0.8753	-0.6920	0.3315	0.5950	0.8044	1.1334	0.5893	-0.6022	1.7685	-0.3978	0.3245	0.8783	1.0848	-0.5590	1.0620	-1.1317	-0.7192	-1.4589	-0.6596	0.5491	0.4151	-0.5429	-0.3658	-0.6721	-1.0551	0.9938	-0.8464	-1.0317	0.6950
-0.0220	2.4914	0.0283	0.0623	0.8865	-0.6511	1.9224	-0.1222	-0.2103	0.4505	1.0430	-0.7042	-0.6628	1.2119	-1.5367	-0.1689	-1.0031	0.6126	-0.8711	1.1369	-0.7520	-0.2420	0.9381	0.1831	-2.5893	-0.3809	-0.8735	-0.8075	-1.0326	-0.1071	0.0960	-1.2829	0.0437	-0.1146	0.2985	0.2911	0.7799	0.8936	0.2378	1.8538	-0.7106	0.5919	0.0349	0.0843	1.2577	2.1901	0.9550	-0.3946	0.8863	-0.7649
0.9147	0.0435	-1.0764	-0.3973	-1.1682	-0.5364	-0.6787	0.2434	-1.6372	0.2037	-0.4655	0.7684	0.5910	-0.6902	0.7585	-0.3156	-1.5359	-0.9087	0.9023	0.0403	-0.2639	-1.0636	-0.2466	0.9712	0.8071	-0.6743	-0.0802	-1.6991	-1.3765	-0.8254	0.6347	-0.1763	-0.2692	-0.7390	0.7366	0.5844	-1.7129	-1.1948	-0.3751	-0.7834	-0.3536	0.4132	-0.2376	-0.0104	-1.6318	-0.6016	-0.3622	1.1712	0.0691	0.1739
2.2645	-1.0114	0.9901	-0.5782	-0.5832	0.5031	0.7175	0.5300	1.3560	0.1142	0.6231	-0.7352	2.0072	0.0272	-0.0182	-0.8666	2.1991	-1.0892	-0.5100	1.4116	2.1801	1.7131	2.4007	-1.0583	0.3557	-0.4542	0.7532	0.4532	-2.0947	-0.6062	0.3562	0.6023	-1.0338	-0.0623	-0.2895	-2.3468	1.3355	-1.1085	-0.9744	0.9452	0.4919	1.0611	0.1856	0.5020	-1.6184	0.2354	-2.2449	-0.6144	-0.5407	1.1170
-0.7790	-1.3170	-0.9103	-2.6833	1.3708	0.0929	0.5106	0.8248	-0.1926	0.3582	0.1277	-0.7935	0.1241	0.1153	-0.2836	0.5067	0.9656	0.4866	-1.8572	-2.7573	-0.8806	-0.3187	1.7922	-0.9378	1.0599	0.5600	-0.1537	0.5357	-0.3863	1.4435	0.6303	-0.0072	0.2143	-0.3686	-0.8112	-0.7671	0.1623	0.5338	0.8252	1.1762	-1.1016	-0.7399	-2.0050	-1.2412	-0.6867	-0.8884	-0.3055	-1.2847	-0.5335	2.7770
-1.1591	0.0754	-0.4339	0.5063	-1.5183	-1.0943	0.4338	1.0238	-0.7840	-0.5346	-1.2551	0.2452	1.2399	-0.0196	1.2514	-0.8048	0.2510	-0.0526	1.1392	-0.5594	0.2141	-1.0678	0.8095	1.2430	-1.4253	-1.4029	0.4937	0.1617	0.0056	-0.8796	-1.3906	-0.0512	-2.0770	1.3133	-1.4841	-0.7476	0.8133	-1.6895	0.1823	0.3049	0.6789	-0.8069	1.3452	-0.4012	-0.4633	-0.5785	0.4199	1.1557	0.1576	-1.3220
-1.3761	0.0454	1.0502	-0.9292	-0.8084	1.6355	-0.7374	1.7427	-2.0392	0.4281	0.5682	0.1205	0.9102	-0.2760	-0.1835	0.2700	0.0477	-1.0104	2.4200	0.1730	-1.2011	2.3276	0.1339	0.5574	0.1625	1.0158	2.0545	0.4394	1.0392	0.2640	-0.3251	-2.1262	0.0881	1.1140	0.2158	-0.3436	-0.6882	-1.0251	2.3092	0.3687	-1.2532	-0.2199	-1.8179	-0.0459	0.8824	0.5300	-0.2829	0.9835	-0.0746	3.5246
-0.4487	-1.1504	-1.8345	0.7461	-0.4760	-0.8813	1.7843	0.4559	0.4860	0.5407	0.0331	-2.0134	-0.8075	0.3117	-2.2777	-0.8478	-1.3855	1.4694	0.0342	0.5919	0.5264	0.6867	-0.4054	-1.8963	0.1307	-0.0530	-1.1933	-0.7614	1.4392	-0.4002	-0.2646	0.9493	0.7649	-0.1317	0.8004	0.7600	0.3322	-0.7657	-0.6785	0.0515	-0.9274	-0.2190	0.9543	1.3719	0.5770	0.1498	-1.3958	0.4797	0.4888	-1.9118
1.1159	-0.0353	-0.1756	0.7766	-0.4540	-1.0811	-0.1174	0.8310	2.3282	-1.0733	-0.6502	-0.6158	-0.4555	1.8170	-0.9655	1.5360	0.1810	-0.7615	0.7831	-0.1742	-1.1265	-0.0326	0.6081	1.6459	-0.6109	-0.5900	0.1640	0.0110	-1.9078	-0.6977	-0.0020	-0.0639	-0.8133	-0.2891	0.0264	0.2606	1.7483	-0.1656	-0.6112	0.8986	0.3691	-0.1189	1.6538	-0.4918	-1.0617	1.4893	0.1865	0.4749	0.5868	-0.3949
1.2072	-1.3923	-1.5611	0.7306	1.5139	0.1791	-0.4064	-1.3851	-1.9113	1.9244	0.1297	2.0040	0.3018	1.3189	1.7612	-0.2889	0.2443	1.9761	-0.4237	0.1693	0.1055	1.6924	-0.8428	-1.8804	-0.6331	1.0770	-0.3210	0.8074	0.3278	-1.4053	1.7363	-2.4341	-0.6328	-0.9926	-1.1372	0.0059	3.1150	-2.5203	-0.5704	0.8829	-1.7693	1.1134	-0.2365	0.1555	0.9243	-1.0648	-0.4987	0.2944	0.9186	0.6647
-0.7054	-1.0081	1.3127	-1.5959	-0.5317	-0.8178	0.9571	-0.8793	-0.6212	-0.4294	-1.4021	1.6231	1.7443	-0.6714	-0.3162	-0.7394	-0.8527	-0.6154	-0.1310	1.0458	0.4447	-0.2413	-0.5647	-0.5987	0.8363	-1.8320	0.6872	0.1388	0.4976	0.2958	-1.0888	0.7447	1.4609	-1.9107	1.1489	-1.4866	0.0991	1.2453	-0.0680	-2.1411	0.5445	0.7499	1.7879	-0.3699	-0.1871	0.0719	0.3631	0.7127	1.6779	0.8256
0.3239	-1.9781	-0.4862	0.7920	0.8012	-2.1268	-1.5031	-0.4884	-2.1893	-0.8698	0.8605	-0.5493	-0.2629	0.0096	1.2222	-0.9156	1.8649	0.5322	-0.2616	-0.4174	0.9503	1.4207	-2.1005	-0.5343	0.0634	1.7489	1.0693	-0.3492	-0.7212	-0.6744	0.3034	-0.9556	0.5743	0.5973	-1.1378	1.4315	0.4276	-0.8448	1.3521	0.4240	0.6904	0.4340	-0.7907	1.2291	-0.4940	0.4048	0.4357	-0.2608	0.9012	-0.1848
0.6793	-1.8191	-0.2650	-0.4072	-0.2243	-0.4520	0.4098	-1.0634	-1.1028	-0.7920	0.2277	1.6710	1.4310	0.1923	0.0559	1.4624	-0.4546	-0.8366	0.3660	-0.0363	0.0113	0.9619	0.1197	-0.7216	-1.3449	-0.0649	-0.0360	-2.2805	0.3295	-0.6509	-1.3887	-0.4979	0.8088	-0.7414	-2.2805	1.5012	3.1812	-0.0311	-1.9008	-0.1078	3.0474	-0.7169	0.1825	-1.6046	-0.2119	0.6015	-0.3119	0.0928	1.5108	-0.1446
-0.1088	1.9283	-1.3774	-0.6014	-1.0327	-0.1031	1.3453	0.4764	0.1541	-0.0722	1.2072	-1.0783	-0.9760	0.6342	-0.4772	1.3807	-0.2455	0.3157	0.7247	-0.4337	-1.4490	-1.2132	1.8394	-0.8406	-0.5789	0.1785	0.8383	-1.0735	0.7285	0.5809	0.7946	-1.1090	-0.8882	-1.2826	1.0373	0.8459	1.9345	-0.6971	0.3873	1.3698	-2.2146	0.4850	-0.9247	-0.9599	-3.2329	1.5724	-1.2420	-0.2877	1.6572	0.5037
-0.5215	-0.9023	1.0339	1.2082	1.6993	2.5187	-0.2180	-0.2556	-0.8794	1.8177	0.1601	1.0517	0.2852	2.6048	-1.2357	-1.0596	-1.6065	1.7312	0.5285	-0.7832	-0.8072	-0.9537	1.5710	0.5076	0.8617	0.0786	0.1543	-2.2358	1.0841	-0.0842	-1.7581	-0.0413	0.2874	1.7412	-0.2678	-1.4392	-0.0923	1.3406	-0.3927	-0.8707	0.4083	-1.9490	0.8391	-0.4048	0.2438	1.0013	-0.9534	-0.2199	1.4363	0.5011
-1.1352	-0.4233	-1.4555	-0.7961	0.9950	1.0239	3.1736	0.4422	2.2798	-1.1583	0.8180	-0.9390	-1.9154	0.4680	-0.1836	0.7433	-0.8186	0.2118	0.0470	-1.0882	-0.0019	-0.9123	-0.4084	-1.4838	-0.6976	-0.8102	-1.7852	-1.3542	-0.6265	1.8237	-0.9835	-0.2864	0.0737	1.0227	-0.6728	-0.0735	-2.5049	-0.2450	1.1740	-2.1481	0.4032	-0.7019	-0.6104	0.7620	0.3243	-0.8637	0.4161	-0.6856	0.4239	-0.5615
1.2702	0.8207	-0.2535	-0.4886	-0.6566	0.3746	-1.4683	-0.1409	0.4490	-0.2923	0.7117	-1.8637	-0.4373	0.4417	1.4200	1.5129	0.5085	-0.2721	-0.6096	0.5502	0.5532	-0.4461	-1.2277	-0.7397	-1.3580	-0.8221	-0.0594	-1.0190	-0.1021	-0.6680	-0.3825	0.4307	-0.5479	0.2475	1.3354	-0.7274	-0.3777	0.1295	3.2594	-0.3521	0.8453	-0.2309	-1.6559	1.5879	0.8128	0.6089	0.4573	0.6452	-0.9224	0.6536
1.0405	-1.0818	-1.4168	-1.6577	1.4924	-0.2265	1.4904	-1.6435	-1.0261	1.1999	0.4937	0.7701	0.0894	0.2098	-1.5716	0.9218	1.4197	0.1596	-1.4594	0.3070	0.3978	-1.3123	0.3981	0.7939	-0.1387	1.7208	-0.5285	-1.2288	-1.6025	0.9591	1.2273	0.1221	-0.9315	0.3408	0.3192	-0.3051	-0.9255	-1.7277	0.1784	-0.9423	-0.1089	1.2069	-1.2265	0.2615	0.3970	-0.0091	0.4284	-0.0994	-0.9254	-0.8919
1.7116	0.8671	0.4738	-0.3121	-1.8459	-0.5560	-1.1396	1.1473	1.0986	-1.5410	-0.0794	-0.2892	-0.3675	0.8083	0.6906	2.0137	-1.6612	-1.7488	-0.8011	0.5805	0.7756	1.4541	-0.3732	0.0744	0.1277	1.2682	1.2134	1.4834	-0.8315	-0.0105	-0.0729	0.4685	1.4454	0.0545	-0.8509	1.0386	-0.5464	-0.9344	0.4795	-0.8411	-1.6657	-0.3255	-0.9159	-1.0288	-0.3348	-0.4733	-0.4406	-0.0787	0.4519	0.6243
-2.1537	-0.7725	0.6621	0.1761	-0.6620	-0.0919	-0.1520	-0.2948	-0.6027	-0.3594	-2.2857	-0.9047	0.1698	-0.6392	-0.4662	-0.9820	-0.8270	0.8189	-0.1562	-1.3276	0.2297	1.3486	0.6631	-0.1221	-1.7024	0.8195	0.6424	0.1629	-0.6860	0.2818	1.4765	0.3194	2.6142	-1.1626	0.0163	0.1365	-0.0442	-2.4119	1.9096	0.4208	-0.2604	-0.3792	-0.5495	-0.8172	0.7604	-0.3540	-0.0265	0.8523	0.0563	0.8718
-1.7254	-0.5913	0.8075	1.0213	-0.1684	-0.7129	-0.6757	0.6870	-1.0175	-0.4101	0.1970	0.5335	0.9595	1.2449	2.2414	0.0057	-0.4539	1.2861	-1.4385	-0.3492	-0.4179	-0.1143	-0.0233	1.3174	0.7462	-0.2317	0.3019	-0.2061	0.3097	0.2664	-2.0522	0.1572	1.4921	-1.2189	0.4745	1.1476	0.3374	-1.1867	-0.9532	1.9914	-0.0632	0.7732	0.9144	-0.9451	-0.7142	-1.2503	0.7116	1.0708	0.7805	-1.0127
1.7716	1.3407	-0.3267	-1.0260	0.2436	-1.0436	-1.7546	-0.1806	-0.3950	-0.7761	-0.2266	-0.0635	0.1436	-1.1080	-1.0517	0.3871	0.5655	1.6761	-1.2250	0.3739	1.0960	2.6317	0.8496	-2.0138	-0.6491	-0.0884	-0.4331	-1.3295	0.6060	-1.1527	2.4858	1.1663	-0.7796	-0.5540	0.8208	0.9538	1.3117	-0.3111	0.2624	-0.9070	-0.2488	-0.8861	-1.6532	-0.3694	0.1218	-0.1374	0.5119	-0.5453	-0.8694	-0.4045
-1.3442	2.0717	1.3246	2.0268	0.1167	1.9671	-0.3768	-0.8084	-1.3122	0.9517	0.2090	-1.6711	0.7304	-1.1968	1.4307	1.3485	0.9155	-0.1253	-0.1377	0.0392	-1.3712	-0.7108	0.0220	-0.1415	-0.4103	0.9911	0.2424	-0.3283	-0.2817	0.0845	-1.3346	0.5648	-1.6623	0.5353	-0.1835	0.8540	-0.8917	0.4782	0.9085	0.1553	-0.5306	-1.1436	-1.5304	0.5827	-0.1550	0.1734	1.3060	-0.4885	1.2968	2.0060
1.4073	-1.1870	-2.1150	-2.2071	-0.4940	-0.2742	0.6148	-1.4783	-0.2684	1.7834	-0.6858	-0.1417	1.7290	0.3761	-0.1660	-0.3686	-1.2627	-0.4610	-0.5506	1.6106	-1.1116	1.0254	-1.2389	-0.0773	1.9126	-0.6690	0.6138	2.1107	1.8394	0.5578	-0.3821	-0.2746	-0.1161	-0.4109	1.3429	0.3186	0.3612	-0.3833	0.1439	-0.6253	1.3383	1.1846	-0.7210	1.1119	0.9227	2.6534	-1.2551	-1.0389	1.7179	-0.3754
0.0266	-1.2561	1.7902	-0.7774	0.8104	-1.2947	0.9344	-1.3792	0.7917	0.3660	2.0593	-0.2476	-0.0743	-1.2190	-2.0347	0.0927	-0.7909	0.4335	2.3370	0.4480	-0.1078	0.1265	1.1214	-1.1469	-0.0275	1.7036	0.5829	0.5793	-0.5868	-0.9697	-0.5170	0.6863	0.3902	-1.3875	0.1296	0.5888	1.7394	-1.1764	1.4647	-0.8292	-0.1371	1.0121	-0.5616	0.6005	0.7771	0.2220	0.7042	0.6717	1.0017	0.4588
1.2960	1.3573	-1.0385	0.6019	-0.7628	0.0324	-0.5058	-0.6916	0.7188	-0.2617	1.6251	1.1888	0.2808	-0.8337	0.2768	-0.7669	1.0174	-0.0174	-1.4585	0.2949	-0.6697	-0.3651	-0.9692	0.1114	-1.4421	-1.8789	0.6072	1.1650	-0.3806	0.8437	-1.4384	1.4704	-0.5334	1.0815	-0.1294	1.1859	0.1211	0.9324	-0.1824	-0.2286	-1.3638	-1.1215	-0.1913	0.0976	0.4506	0.0446	-0.2390	-0.9102	-0.7333	-2.4221
2.1121	0.3322	0.6909	-0.4783	-0.0608	-0.0102	2.4437	2.1482	1.2746	2.5820	-0.2766	-0.0883	1.4507	-0.6773	-1.9483	-1.0948	-0.1725	-0.6882	-0.6532	-0.6013	-0.0869	0.0958	-0.8959	0.0130	0.7732	0.2119	-0.6364	-1.2928	0.0456	1.1667	1.2642	0.5905	-0.0279	0.9779	-1.3955	-0.2823	-0.5730	0.1408	-0.7043	-0.1525	-0.5090	0.0615	-0.5503	-0.7128	-1.4418	0.9499	-0.5259	1.2333	0.0181	0.2660
-0.1399	0.6966	-0.5395	-0.5826	0.3847	0.2538	0.4414	0.1017	-0.8363	-1.2647	0.9447	0.1683	-0.5341	0.1548	-0.3721	1.0302	-0.1897	0.2832	-0.9433	-1.0387	-0.1041	1.1308	-0.5911	-0.7337	0.8353	-0.0340	-0.0529	-0.1977	0.4269	-1.1288	0.3164	-1.4795	1.2130	0.7533	0.3862	-0.6184	-0.1982	-0.3893	0.2495	0.8807	0.2301	-0.3891	-0.3084	-0.1806	-0.5590	-0.0463	-1.1176	0.0228	2.0658	0.4883
-0.2930	0.6622	0.9851	-0.9195	-0.8606	1.7318	-0.2938	0.8991	1.0196	-0.6466	-0.9898	0.0329	-0.1466	-0.3485	-0.2727	-0.1869	-0.5602	-0.8178	1.5583	1.2887	-0.1852	1.6056	-0.8825	1.2336	1.5907	0.6133	-0.8037	-1.4500	0.4653	1.8175	-1.2079	-0.4634	1.0705	0.4520	-0.1753	-0.9026	-0.8413	1.9863	-0.3122	0.9912	-0.2151	0.3275	-0.1399	-1.3698	-2.0188	0.6354	-0.3522	0.5027	-0.5566	0.3427
-0.2702	0.0890	0.4230	-0.0369	-0.2309	-0.8598	-0.6997	-1.5303	0.7676	2.5509	1.2300	0.0637	-0.0604	0.3669	-0.4206	-1.2648	1.4245	0.4038	0.0324	0.2052	-0.6402	1.7903	-0.6699	2.5256	-0.0272	-0.4844	0.0448	-0.8006	-0.4965	1.0172	1.3025	-0.9103	0.1531	0.4943	0.6111	1.7739	0.3312	0.5060	-0.4381	-1.2299	-0.3365	-2.0689	-0.3850	-1.6175	-0.2867	0.1207	1.1834	-0.4509	0.4280	1.6003
-0.7696	-0.4020	-1.0511	1.3852	-1.5952	-0.2652	0.0077	1.7350	0.8242	-1.0625	0.8720	-2.0666	2.8270	-0.2553	0.6211	-0.1482	0.6767	1.3750	-0.1462	0.4059	-0.7540	-1.9536	0.8963	0.2486	0.4602	0.2270	0.5863	-0.5686	-0.7454	-0.8127	-0.5453	-2.0653	-0.8444	-0.0505	-0.4534	0.6766	1.2200	0.9236	-0.2457	0.6878	0.5957	-1.3487	2.2201	-1.0254	-0.2006	0.6886	-2.2357	0.2890	0.2284	-0.7122
-0.5660	-0.9671	-0.7995	-0.8334	-0.4727	-0.3127	1.4305	0.4356	1.0398	1.4246	-0.8018	0.1199	0.1727	-0.2048	-0.7272	-1.1015	0.3497	-0.6668	-1.3453	0.0318	-0.1986	-0.9994	-1.0107	-1.1243	-0.7278	0.6482	-0.2259	0.9602	0.2726	0.2215	-0.4475	0.2477	-1.9421	0.4710	0.6391	-0.3152	0.7572	-0.9240	-1.3431	0.8278	-0.5556	0.5971	-0.6822	0.2749	1.5301	1.0360	-0.6398	-1.1058	0.9478	-0.7336
0.0253	0.1311	0.9863	0.1203	-0.7136	-1.0071	0.4375	-0.6187	0.6666	-0.2711	0.3022	1.2652	-0.9937	0.4190	-1.0728	1.9596	-0.4303	0.8963	-0.5271	-0.3803	0.9553	-0.3332	0.8384	0.8899	-0.4725	0.6880	-1.9453	2.0711	-0.2995	-1.1562	-0.4346	1.2602	0.2244	-0.1463	0.7323	0.4514	-0.0229	-0.7989	1.1383	-0.7353	0.9095	-0.0429	0.6022	0.2164	-1.2073	-1.0207	0.1669	-1.1100	-1.0230	0.9641
-0.1932	0.0034	1.9905	0.6416	-1.8237	1.0578	0.7770	-0.4354	-0.8237	0.8668	0.8609	1.6676	0.2577	-1.4323	-0.3071	1.2216	0.6103	0.4929	1.4606	0.2669	0.9948	-0.9843	0.5663	0.1135	1.1680	-0.5621	0.7518	-2.0845	0.7817	-0.1908	0.8358	-0.3981	1.5495	0.1491	0.0560	-0.0178	-0.7519	0.7571	0.2675	0.6410	-0.4564	0.3332	1.0311	0.6504	1.1890	-1.1445	0.7625	-1.8024	0.6421	2.1434
-0.6284	-0.8286	0.9373	0.3170	1.1061	-0.1025	0.0118	0.4642	-0.0066	0.9546	-0.5761	-1.4706	0.3473	0.3830	0.6997	-1.4711	-1.0411	-0.7667	0.0565	1.0309	-0.0746	-1.1864	-0.4825	-1.6746	0.6837	-0.9604	1.2935	0.8059	-0.3016	0.3913	0.9674	0.3697	0.0680	0.2546	-0.4197	0.0821	0.6030	-0.3411	-0.5516	0.7074	0.7428	-1.3138	1.4846	1.9549	1.2498	-0.5919	0.2576	0.1455	-1.8478	-0.3526
-1.0202	-1.5487	1.6815	0.2105	-1.5307	0.3520	0.4845	0.5448	0.2269	1.6099	-0.2684	-0.0121	-0.3041	-0.0119	-0.9673	0.9820	0.0989	-0.1623	-0.6697	-0.2622	0.8122	-1.5106	-0.3436	0.2428	1.0251	0.3324	-0.0178	-0.6997	1.5808	0.4456	0.2551	0.4857	-0.3935	-0.6234	-1.3562	-0.4643	-1.6676	0.5552	-0.8730	-0.9278	-1.1427	0.3705	0.4182	-1.4528	-0.8511	1.0471	0.7106	1.6311	-2.1582	0.3497
-0.0251	0.3497	-0.3107	-0.4431	1.8315	0.5444	0.1303	-0.7715	0.6143	1.7457	0.2764	-0.1317	-0.3266	-1.2719	0.8151	-0.7252	0.7044	0.7974	0.4966	-1.0410	-0.7188	0.7894	-0.2018	-1.1424	-0.6756	0.6796	0.4076	1.0367	-0.3763	-2.5267	0.6155	-2.2453	0.8325	-0.6128	1.0801	-0.6893	-0.2810	-1.1561	-0.2455	-0.2497	0.4136	1.3311	0.4499	1.3804	0.3708	0.9445	0.8964	-0.3966	0.4754	-0.6708
0.1493	0.8961	-0.6184	-0.1332	1.2174	-0.9446	-1.8091	1.1062	-0.5947	-0.6617	-0.0205	-0.9637	0.6647	0.1127	0.0564	1.0894	2.7934	0.9159	0.9719	-0.1749	-1.4356	2.5995	0.0519	0.0458	0.5897	-2.4894	-1.1190	0.6278	-1.8514	-0.8683	-0.5487	-0.8486	-0.4176	-1.9975	-1.3723	-0.4105	-1.1716	0.1912	-1.5238	-1.3960	-0.3883	-0.2241	-0.4396	2.2380	-1.1993	1.0973	0.1299	-0.3754	0.2199	-0.2243
0.7075	0.3777	1.8790	0.2106	0.2705	-1.7393	-1.3304	-1.3267	-0.5037	1.3346	-0.5153	-1.2909	-0.2011	1.0053	-0.2794	0.9770	-0.0812	2.5023	0.1578	-0.9268	-0.7125	-0.0728	-0.7712	-0.5564	-0.8247	0.6190	0.9342	-0.2337	-0.0787	1.0901	0.3480	-0.3535	-0.8210	1.2158	1.4144	-0.4574	1.2958	-0.6309	-0.3316	-1.1302	0.0570	0.5233	0.3105	0.5314	0.9232	-1.0762	0.3518	2.2158	-1.6594	0.1947
0.3557	1.9840	0.9386	1.4765	-0.0176	-0.5616	-1.4166	-0.5335	-0.5242	0.2708	0.0795	-1.2460	0.3556	0.9315	0.0442	0.6327	0.4551	0.0496	1.0691	0.2537	-0.1130	0.5120	-1.1123	0.3441	1.2429	-1.2691	-0.1915	1.9194	0.0700	0.9501	0.1579	-2.1013	-1.1363	0.6940	-1.2027	-0.1458	0.0942	-0.9808	-0.7820	-0.1591	-0.3041	-1.3232	-0.4954	0.8386	0.7432	0.2049	0.7780	0.8912	0.3734	1.9410
-0.3648	1.8642	-0.0456	-1.8760	1.0978	-1.1123	-1.1339	0.5837	0.5643	-1.0284	-0.8574	-0.1837	0.6327	-1.7754	-0.6511	-1.0112	-0.3892	-1.0133	0.0652	0.2848	-0.8170	-1.1364	0.3193	1.1525	0.3733	-0.0792	1.2343	-1.9052	-0.5184	0.7331	-0.3080	0.2130	-0.0118	1.7964	-0.3780	0.1052	0.5188	0.9296	0.9322	0.0397	-0.1718	-0.0169	1.5099	-0.3900	-0.5651	-0.5126	0.1407	1.5949	1.1309	1.3365
-1.1228	-0.5593	-0.1348	-1.0013	0.1541	1.5545	2.1432	0.0374	0.5532	0.6295	1.6405	0.0434	-0.8522	0.1494	0.9258	0.0550	-1.0911	0.4404	0.6282	2.7758	1.3277	1.0129	0.4197	1.3101	-0.9192	-0.7350	-1.1774	1.3567	0.6544	-0.8657	-0.2135	-1.8423	-0.7700	-0.1579	2.2141	1.0803	-0.0749	-0.5233	-0.8758	1.3407	1.1512	0.4236	1.2921	-1.3491	0.6891	0.7711	-0.3834	-1.4198	0.2803	-0.1255
0.6788	-0.9372	1.0267	1.3372	0.2195	-0.5863	-1.5589	1.7026	0.2014	0.3001	-0.4577	1.2116	0.0410	-0.9343	0.1285	-1.0761	-0.2922	0.3350	0.6525	0.9668	1.0831	-0.6169	1.6458	-0.4835	0.5948	0.6886	0.9986	0.9264	-0.9889	0.4689	-0.7468	-1.3625	-0.5895	0.4692	-2.4446	-0.5883	1.0843	-0.5878	-1.0077	0.4522	1.1232	-0.2661	-0.2520	1.1502	-0.0161	-0.7260	0.8959	1.8531	-0.3456	-1.1830
0.4912	-1.0985	-0.7311	-0.8307	-1.0283	0.3651	-0.0943	0.3741	-0.2231	-1.5030	-0.0032	-0.3524	-1.1603	-0.3724	-0.4612	-0.1002	0.7828	-1.1214	-0.6876	0.1411	-0.4099	-1.6554	-0.9442	-1.0635	0.6501	-1.0081	0.1142	-1.0351	-1.0231	-1.1425	3.3349	-0.3347	-0.2964	0.8437	-0.6346	-0.5621	0.8882	0.5107	0.4663	0.2574	0.7418	-0.2296	0.8840	-0.2095	1.4726	-0.0927	0.9130	0.0089	-1.4101	1.1156
0.3812	0.4597	1.8636	0.7982	-1.1254	0.9567	-0.3258	-0.3612	0.9158	-0.4528	0.4170	-0.3712	-0.5945	0.0047	0.1652	1.9365	0.1808	0.4637	0.9271	-0.9167	-0.2511	-0.7252	0.9108	-0.8741	-0.0613	-1.6863	1.1956	2.1471	0.9104	-0.0418	-1.2227	0.0275	-1.8913	1.2687	1.2267	0.3532	0.2098	-0.3341	-0.2084	0.5276	1.4875	-0.9110	-1.9799	1.0202	1.5408	-1.4965	-0.0509	-0.5106	1.5303	-0.3908
0.2481	-0.5782	0.7355	-0.2086	0.8216	-1.1978	0.7720	-0.0187	-0.6620	1.3726	0.4936	0.1104	0.7308	-0.3043	1.3708	1.0329	-0.4258	0.0501	1.7891	0.6151	2.1449	1.5801	-1.2695	-0.4821	1.3842	0.4814	1.6574	1.1582	0.1285	0.3757	-2.5548	-1.8173	-0.7046	-1.0083	-0.0005	-2.3430	1.0120	-1.7559	-0.1726	-1.0808	1.6772	-0.0969	0.8004	0.3736	-1.1777	1.6517	0.5331	-0.0112	-0.7300	0.2152
0.2103	-1.1900	1.4484	-1.0936	-0.1869	0.2389	-1.6410	0.0071	0.4406	0.4836	-0.8155	1.2512	0.4518	0.6783	-2.1595	-0.6870	0.4593	1.4298	0.2050	-0.6946	0.4781	-1.1524	-2.0051	-2.2908	-0.8516	0.6162	-0.8426	-0.7533	-0.4627	0.3536	1.3041	-0.6498	0.9659	-0.9786	-2.2145	-2.2447	-0.2264	1.2924	0.1434	0.3542	0.6681	0.1119	-0.6568	-0.6680	0.5321	-0.7640	-0.7247	0.7564	2.0980	0.2576


