
X1	X2	X3	X4	X5	X6	X7	X8	X9	X10	X11	X12	X13	X14	X15	X16	X17	X18	X19	X20	X21	X22	X23	X24	X25	X26	X27	X28	X29	X30	X31	X32	X33	X34	X35	X36	X37	X38	X39	X40	X41	X42	X43	X44	X45	X46	X47	X48	X49	X50
-0.5209	0.7749	-0.6244	-1.3802	-0.4028	-0.0254	0.7903	0.5936	-0.6774	0.3539	-2.4476	-0.7179	-0.3072	-0.4490	1.1772	-1.8707	0.8132	0.7642	-1.3322	1.5598	-0.2628	-1.1333	0.0493	0.6187	-1.0235	-1.1984	1.4043	0.7464	-0.5192	0.3203	-0.0705	1.1199	1.6616	0.0105	0.0820	0.1452	1.3364	-0.8180	-0.6246	-0.1976	-0.1800	0.2763	-0.0970	0.1191	-0.1694	1.2175	2.0360	-1.1039	-1.2285	-0.5035
-0.2987	1.0898	-0.1946	0.7090	0.0457	1.0130	0.2362	-1.1667	0.3699	0.1336	-0.2064	-1.3463	0.8370	-3.0682	0.1035	0.5051	0.6284	0.7017	1.4899	-0.9961	0.0917	0.6033	0.5654	-0.7743	1.3931	1.0305	-0.6572	-1.2129	-0.6132	1.4713	-0.6203	0.0715	0.4663	1.0810	0.1878	0.8978	0.1668	0.2781	0.5083	1.1460	0.1296	-1.0338	1.0613	0.3927	0.3382	-1.5838	-1.6058	-0.7642	-0.5721	-0.2721
-0.6771	-1.3647	-2.2051	-0.4257	-0.9693	1.8789	-1.2158	0.1149	1.2683	0.7958	-1.7556	-0.2094	-1.5874	-1.2155	0.9719	-1.2799	0.2090	0.9453	0.8044	0.6389	0.8612	0.9772	1.1320	-0.5793	-1.1475	1.2495	-0.4081	-0.2647	0.2239	0.4855	-0.7174	0.2622	-1.0937	0.3763	0.2300	2.6985	-1.0615	-0.5787	-0.7421	-0.3530	-1.1879	-0.1328	0.1620	0.1089	-1.1905	1.1903	-2.7291	-0.2065	-0.2008	-0.8250
0.3446	0.7617	-1.5000	1.6606	1.7267	1.9081	-0.1324	-0.3804	0.9236	0.9119	0.7199	-0.9926	0.5894	0.3043	-0.5466	0.1877	1.7359	0.3660	0.8277	0.1229	0.5216	0.6218	-1.2551	-0.3754	-1.8682	0.0859	0.2708	1.8176	-0.2631	0.6964	-0.7809	0.3813	1.4349	-0.7395	1.1488	0.2005	-2.5625	1.0159	1.1402	0.0935	-1.2991	1.0473	0.5261	-0.2569	1.1346	-0.3293	-0.9329	-0.6539	-1.0177	-0.2230
0.3734	-1.5543	-1.5729	0.2330	0.1501	-0.5068	0.9658	-0.0868	0.6773	0.5568	-0.0316	0.4383	-1.3324	0.2549	-0.4412	1.0985	1.0458	-0.3297	-0.2675	0.2132	0.4159	-1.6563	0.5211	-0.4322	1.5450	1.0671	0.2434	0.5862	1.8711	1.7623	0.1655	-0.0257	-0.2100	-0.1024	-0.7612	0.5781	-0.2677	1.5545	0.1436	-2.1237	-0.5606	0.7258	-0.0083	0.6044	0.6855	1.0978	-0.0005	0.2317	0.3738	1.7193
0.5317	0.5513	-1.4414	-1.0659	-0.4593	0.2129	0.9031	-0.9144	0.5088	0.0753	-0.8472	1.1511	-1.3556	0.3879	-2.1424	-0.4849	0.1828	0.5269	0.2526	0.6984	0.5009	-1.7217	1.9302	0.3256	1.1061	1.3207	1.2117	2.4018	1.6486	1.3163	-0.9033	0.4360	-0.1041	-0.1600	-1.4208	1.5348	-0.2481	1.5686	-0.7511	-0.4281	-0.1883	-0.2704	-0.3699	-0.5700	-0.8079	-0.6126	-0.1966	-0.4196	1.0435	-1.8963
-0.6214	-0.6822	2.6510	-0.9970	-1.2104	-0.2759	0.2228	0.5133	-1.9104	-1.3546	-1.2652	0.7899	0.2916	1.0977	-0.2848	-0.7552	0.2960	0.4287	-1.7756	0.4980	-1.9761	0.4119	1.4265	-1.7130	0.1580	1.6965	-1.1850	-0.2474	-1.2868	-1.3341	-0.2184	-0.6607	1.4192	1.2007	-1.1397	0.2380	-0.7877	1.5775	-0.5387	0.1418	0.8745	-0.3135	-0.7172	-0.9920	0.2360	0.8732	0.8766	0.4111	0.3942	-2.1703
1.1152	0.7530	1.6370	-1.0543	-0.0576	0.1911	0.6661	0.3142	1.0574	-0.1175	-0.6812	-0.0799	-0.1854	-1.4268	-2.1281	0.5956	-0.1754	0.6880	0.5553	1.3597	-1.6191	-0.6843	-1.0787	-0.2946	0.9935	-0.0379	1.0071	-0.6769	-1.3231	-0.0931	-0.8006	0.8159	-0.9314	0.3708	-1.2890	-0.4291	0.1454	0.7964	1.3930	-0.7411	0.2785	-1.6064	-0.3046	0.8792	0.9027	0.9335	-0.6710	-0.4360	-0.2584	0.3202
0.4553	-0.8475	0.6425	-0.0449	0.6924	-1.2799	0.9202	0.2818	-1.1719	-0.1228	0.5270	1.0924	0.0426	1.4365	-0.7117	0.0511	-1.6980	-0.2624	-0.7337	-0.5488	-0.5635	1.5058	0.1211	-1.1539	1.4369	0.0583	-0.2081	0.1044	-0.4185	0.6624	0.3495	1.1806	-1.4205	-1.4906	0.1284	-0.3538	-0.6316	-0.9850	-0.1917	0.0593	0.3962	-1.6298	0.3009	-0.5423	-0.9105	0.8572	1.1721	1.1341	-1.0094	0.4803
-0.3197	1.5463	-0.8562	0.3003	-1.8838	0.1113	-0.0311	1.8709	0.0358	0.0914	0.3060	0.2637	0.5353	-0.9053	0.4256	0.9908	1.6132	-0.1275	-1.1559	0.2873	-0.3281	0.9243	-0.1147	0.0626	1.1238	-1.4787	1.5095	1.2040	0.9367	0.0549	1.1850	3.0040	-0.1905	1.1539	0.6536	1.5359	0.3437	0.4189	-0.5943	0.7265	-0.6554	0.5980	-1.3397	0.9177	-0.0125	-0.2636	0.9596	-1.3778	-0.2856	1.8652
1.1493	-0.7007	-0.1869	-0.1847	0.8476	-0.6540	-1.7858	-0.0980	-1.2950	-1.8038	1.3012	-0.1732	-0.9703	-1.3702	0.0389	-0.1967	0.9505	0.7054	0.5295	-0.0036	0.9625	1.7480	0.6459	1.0736	-0.1146	0.4568	0.4908	-0.4058	-0.4374	2.4516	-0.3940	-0.6505	-0.6324	0.8441	2.1201	0.2061	-0.3300	-0.2546	0.4058	-0.9987	0.7618	1.5946	-0.4389	0.5288	-0.8497	-1.9605	1.0504	-0.2785	0.4306	-0.2405
-0.8307	-1.5084	0.4420	0.8637	-1.6438	-1.8638	0.5696	0.0765	0.8829	-0.4246	-0.9204	-0.5747	-1.5028	1.7312	-0.8748	1.4585	1.1140	-0.0101	0.9707	1.0488	-1.9437	0.6394	0.4203	-1.1849	0.6594	0.6505	-0.0868	0.9013	1.9463	-0.2133	0.1825	0.2767	0.2271	0.7424	0.6685	0.7897	0.8073	0.1956	-0.4365	1.0512	1.1147	-0.9352	-1.3604	0.1618	-0.6126	0.6379	0.5791	-1.2918	-0.7660	-0.7985
0.5860	1.5313	-0.3545	0.8097	0.5384	0.5891	0.3880	-0.0157	-2.3827	-1.6779	-0.0764	0.0034	0.4882	1.1696	2.9624	0.8621	-2.2463	0.9790	0.5111	-0.0660	-0.8362	0.5948	-0.8120	0.3287	-0.6365	0.7292	1.9279	1.4176	1.7719	-0.4625	1.1844	-1.5691	0.1104	0.2305	-1.3921	2.0399	-0.9635	2.4353	-0.2493	-0.6441	-0.7095	-1.5156	0.1617	0.7866	0.3717	-0.4395	-1.2501	-0.9359	-1.8460	0.1492
0.6517	-0.6990	0.6407	-0.2979	0.2017	0.9804	-0.4939	0.2121	-0.4924	-1.0522	-0.6571	0.7977	-2.3798	-2.0642	-1.1493	1.3945	-0.1908	-0.5544	0.2267	0.2246	1.6940	1.1869	2.2492	0.9181	0.0539	-0.0894	0.4703	-0.8786	-2.1348	0.4571	-1.9286	-2.1267	-2.7141	1.2334	0.0916	-1.2651	-1.5354	-0.7694	0.4825	-0.5051	0.4158	-1.4111	-0.6623	0.9477	0.0342	1.2311	0.1520	1.3413	0.7661	-0.7904
0.7531	2.2649	1.1216	0.6900	-1.1702	3.4020	-0.1244	0.3622	-1.4211	-0.3293	0.7124	-0.6980	1.7472	0.2641	0.7170	-0.0670	0.4066	-0.6167	0.9676	0.6000	-1.6481	1.4015	0.4221	0.6084	1.2139	-0.1492	-2.2276	0.4203	-0.0158	0.5447	0.3453	1.4003	-0.9381	0.4539	-0.8143	0.3174	-0.7481	-0.1874	-0.4464	0.8982	0.3026	0.0585	1.2302	0.5575	-0.5729	-0.4568	1.1850	-0.9227	-0.4281	1.9984
0.7289	-0.3519	-1.3854	-0.6632	1.2286	0.4402	1.1234	-0.8120	0.7638	-1.2658	0.5568	0.5758	0.2220	-0.5711	-0.0138	-0.7001	-0.4216	0.0985	-0.8984	-0.6832	1.9481	-0.8067	-0.4731	0.3920	-0.1585	-0.8164	0.4564	0.8243	0.0506	-0.1719	1.5621	-0.0354	0.3009	0.6027	0.3642	-0.5820	1.2539	0.6411	-0.0336	1.0166	0.2599	0.4541	-1.2546	-0.1285	-0.1931	0.9157	-0.2020	-0.0245	-0.2500	-0.9534
0.0624	-0.2898	-0.5251	0.7275	1.1859	-1.0159	-1.9076	1.6369	-0.5782	-0.2640	1.0424	-0.0389	-0.1921	0.8614	1.1049	1.1671	1.3655	-0.6018	1.1518	-0.1079	0.9345	-0.3116	1.4535	-0.5576	-0.1288	0.2923	-0.7062	0.8111	-0.4863	0.1912	2.3194	-1.0293	-0.7381	-0.7321	-0.7244	1.4638	-1.9985	0.5168	0.6086	-0.9331	-0.1371	1.3551	-0.5156	-0.5946	1.1373	-0.9482	1.7080	-2.3257	0.2313	1.2712
-0.0415	0.2432	-0.6622	-2.2022	0.1551	0.1119	-0.6497	2.5192	-1.2047	-0.9265	0.6011	0.9953	1.9658	2.3116	0.1076	-0.9964	0.0535	-0.9711	-0.2354	1.3763	-0.5269	0.3822	-0.6614	-0.1234	-0.6793	-0.6903	0.6604	-2.7568	0.3695	-1.5884	-0.2293	0.3477	-0.0958	-0.5888	-0.3553	0.4060	0.0627	1.4038	-0.5749	0.0110	0.1151	-0.5848	-0.4343	-1.1109	0.6051	0.4617	-1.9905	0.0345	-2.0978	-2.2901
0.8349	0.1516	-0.1864	-0.6836	1.1490	-1.4883	-1.0787	-0.6722	-0.1912	-0.5615	0.4258	-1.6038	-0.1781	1.8948	0.3920	0.7539	-0.2897	-3.2466	-1.2213	0.5183	-0.5862	1.0666	0.0533	0.1527	-0.0444	0.2854	1.1361	-1.2559	0.8958	-2.3583	-0.0409	-1.4575	0.6269	1.1704	0.5002	1.0031	2.4071	-1.0776	1.4308	0.0350	-0.7733	-2.0878	1.4348	0.0243	-0.1216	0.8848	-0.3235	-1.4427	-1.9318	-0.0285
-0.7347	-0.9210	0.3962	0.1109	0.0273	1.3421	2.2679	1.3441	-0.0702	-0.5253	-1.1457	-0.6201	-1.0736	-0.0819	1.4414	1.1450	2.0848	1.1262	-2.0070	1.5045	-1.2850	-0.1061	-1.5343	-0.9527	-0.0604	-0.6986	1.8425	1.0088	1.4764	-1.4512	-0.6890	0.4255	-1.9916	-0.3095	0.2541	0.2429	0.8485	1.7838	-0.6789	0.1114	-0.6050	2.0604	1.1858	-1.1898	0.2737	0.3682	-0.0688	-1.0667	-0.6573	-0.0583
1.0905	2.2250	-0.1949	-0.6348	1.5303	-0.1087	1.3373	0.5493	-0.1018	0.7160	-0.4417	-0.1328	-0.1494	-0.0662	0.9296	0.2460	-0.0613	-1.5502	-0.5165	0.5209	2.1334	0.9529	-0.9550	-0.9151	-1.5454	-0.6300	0.4973	-0.2352	-1.4359	-0.9885	0.9406	0.3330	1.3652	0.2449	-0.6110	-1.7458	-0.1020	-1.3494	1.0739	-1.0305	-0.1880	-0.8249	0.0326	-0.6753	-0.8827	1.2331	0.3587	0.8059	1.0252	-1.1144
0.3779	-0.0881	0.8885	0.7052	-0.5656	-1.1037	2.0702	0.3575	-0.3067	-0.2556	-1.0337	-0.7644	1.2783	0.4472	-0.3457	0.6878	0.5643	-0.4132	-2.0811	1.2660	-0.0343	1.4326	1.5364	0.1796	1.4335	0.2160	0.4245	1.2158	-0.1020	1.1523	0.2346	0.7128	-1.4072	-0.0107	-1.1660	-0.6731	0.7794	-1.9114	0.5593	0.6654	-0.6277	0.6825	-0.5578	1.4911	-1.1115	-0.3063	0.2331	-1.0713	-1.8383	-1.2346
-0.5864	-0.0812	1.2051	0.5582	0.7248	1.0656	0.7895	0.7205	0.9635	-0.2531	1.0522	-0.8552	1.6043	-0.0370	-1.7101	-0.0927	-1.0933	0.1536	1.2883	-0.7707	1.2208	1.5880	0.2790	-1.6615	-0.7754	-0.2731	-0.5985	-1.3261	-1.3353	1.2957	-0.2497	-1.7786	-0.4077	0.6661	-0.5110	-1.6533	0.1172	0.5505	-1.9239	-0.8154	-0.9912	1.5196	-1.8657	1.3654	0.4802	-1.5775	0.2290	0.7011	0.0511	-0.8429
0.5839	0.5811	1.4850	-0.9573	-0.1875	0.1818	-1.3539	-0.1413	2.0597	-0.5296	1.4861	-0.4014	1.1401	-0.3416	0.5859	0.5343	1.0363	0.6945	0.4362	-2.2328	0.5932	0.6242	0.4459	0.6791	-0.4888	0.1682	-0.1367	0.5277	0.3870	0.1248	-2.6385	0.6846	-0.0211	1.2604	0.7436	0.4126	0.6525	0.7106	-0.6875	-0.5856	0.4737	-1.2492	-0.1773	0.1527	-0.3605	-0.7216	-1.3196	-1.2566	0.7305	0.2874
-1.3284	-0.5515	-0.2623	-0.1038	-0.8070	0.6949	-0.0127	0.8610	1.1510	-0.3617	2.3219	0.0254	0.0699	-0.4512	-1.3331	1.4152	-0.2258	-0.7291	-0.5011	-0.1518	0.2759	-2.0144	0.5214	-1.5542	0.7784	0.6441	0.1417	1.1562	-0.8279	-0.1474	-0.9295	-0.0310	-1.4221	-1.1243	0.6989	-0.6982	0.1849	-0.6533	-0.6530	0.6510	0.6677	-0.6068	-0.6778	0.7229	-0.9086	0.5315	-0.2773	-0.8417	-0.1974	0.5025
0.1159	-0.1947	0.3889	-1.0142	-1.2986	1.1477	2.0649	-0.0016	0.9649	-0.0681	-0.8346	-0.1333	0.2161	0.8554	0.6248	0.4809	0.7579	-0.0378	-1.0056	-0.4675	-2.6906	1.6695	0.1991	-1.2014	-0.1123	0.8603	-1.0483	0.1047	0.4500	-1.6496	1.4888	0.4621	-0.3249	1.4139	0.1101	0.5086	-0.7180	0.6270	1.3042	0.8095	-0.5705	-0.4907	0.4358	0.5770	-0.7716	0.3288	0.8391	-2.2479	-1.0346	0.5846
0.2647	2.2250	-0.7696	0.5011	1.3142	0.1495	-1.9330	-0.2810	-1.1286	0.8077	-0.1679	-0.5328	1.0940	-0.1983	-1.4062	-1.2119	0.3832	0.6979	-0.1386	0.9723	0.0853	-1.3905	-0.0064	-0.5174	0.0524	-0.3530	1.9224	1.3458	0.1059	1.6251	0.3360	0.9137	-0.0477	-0.7654	-0.3538	0.9025	-1.7477	0.9474	0.6980	0.1944	0.6932	0.6482	0.7126	0.7134	-1.4723	-2.5070	-0.9104	-0.2718	0.2842	0.1221
-0.5149	-1.3992	-0.2764	-1.0781	0.4987	0.5567	0.4076	-1.0122	-1.1520	-0.3505	-1.2334	1.1903	0.5296	-0.3227	-1.0875	1.8518	0.9654	0.2644	-0.8044	1.3769	0.4926	-0.6524	0.1711	-0.8650	-0.7929	0.4792	0.4674	0.7497	0.9894	-0.8602	-0.4089	-0.3168	-0.1566	2.3800	0.1129	1.2071	-0.6725	-0.9601	0.3534	0.0613	1.0069	0.1900	-0.3859	-0.4416	-0.1536	2.1541	1.3673	0.4848	-2.6938	0.3512
-1.8677	0.2223	-0.1299	-2.2929	0.2290	2.0954	1.7100	0.9796	-0.2394	0.0157	1.1980	-0.6152	-0.5790	-0.0958	0.0168	2.2655	-0.9675	0.0331	0.7366	-1.2852	-0.6903	0.5226	0.4575	0.9452	0.7225	-0.5810	0.7699	-0.9380	0.3453	0.3783	-1.7365	0.9801	1.0204	0.7383	-0.1916	-0.9321	-2.0537	0.5348	1.5925	-0.7006	0.7858	0.0668	-1.2747	-0.6795	-0.4701	-2.4114	0.1854	0.3232	-0.9331	-0.1705
-0.6874	0.8993	0.1125	0.2865	-0.4907	-0.1391	0.8826	0.9610	-1.7160	-0.4451	0.1235	0.4804	0.3061	-0.6909	-1.0878	-0.1092	-0.3644	0.8024	0.8066	-1.6281	-0.1946	0.4761	-0.6139	0.7210	-0.0964	0.6242	-0.4815	2.2103	0.7662	2.4878	-0.3751	0.1225	-0.7761	1.5912	1.6527	1.1493	0.4738	0.5318	0.2654	0.6835	-1.1554	1.8550	0.3515	-0.7148	-0.0822	-0.6420	1.1278	-0.7559	-0.6907	0.5685
-1.2119	0.0609	0.9999	-0.3287	-0.0385	-0.7991	-0.4220	-1.5229	-1.4396	-0.8300	-0.5054	-0.7655	0.2295	-0.3145	-0.1708	1.7924	-0.2306	-1.3420	1.2998	0.9228	0.2449	0.9168	0.2262	0.3895	1.0596	-1.4146	0.9484	1.8003	0.4918	0.2975	-0.0641	0.4305	-2.2124	-1.3994	1.4081	-0.1179	-0.9272	1.1543	0.3652	-1.0455	2.0453	-1.2282	0.1517	-0.9514	0.7385	0.1091	0.4680	-0.8214	-1.4979	0.3499
0.7375	-1.4378	0.8213	-1.1881	-2.2853	0.6145	-1.1558	-0.1328	-0.1193	0.6148	-0.7509	0.4177	0.2209	-0.8438	-0.3426	-0.6660	1.0494	0.7918	0.0998	-0.7971	0.0555	-0.5541	0.2754	0.5717	-0.3937	2.2693	0.1418	0.4390	-0.3642	-0.0961	0.4171	-0.3131	-0.3056	0.8530	-0.2903	-1.1418	0.9474	-2.0698	-1.2074	-0.8130	-1.5804	1.5769	-1.4374	0.2215	0.2337	1.1001	-0.1154	1.3017	-0.2435	-0.9821
0.0723	0.3692	0.5954	-1.3580	-1.2060	-1.5387	-0.7086	-1.1684	-0.7369	-1.2147	-0.0024	0.6170	1.2023	-0.3544	-1.2367	-1.4453	-1.7080	0.3105	-0.4423	0.0467	0.0414	-0.1512	-0.0489	-0.6012	1.6099	0.0450	1.0619	-0.1142	0.6416	0.6198	-1.6830	0.3180	1.2703	-0.5462	0.6241	0.1655	-0.0369	-1.4346	-0.4874	-0.6649	-1.5060	-0.2990	-0.0785	-1.2520	-0.1831	0.7470	0.7703	0.3382	-1.1124	-0.6493
0.1587	1.6922	-0.5684	0.0736	0.1265	-0.4774	-1.2643	-0.8571	0.3270	0.3743	-2.4133	0.1036	-0.1485	-0.7562	0.2780	1.3682	-1.3317	-0.7752	-1.0048	-0.6443	-0.6979	-0.4155	-0.1405	0.7870	1.7583	-0.4191	-1.1354	2.8640	0.0587	0.5102	0.1801	2.2074	0.1030	-0.0685	0.1222	-0.1542	-0.0275	1.5513	0.1821	2.3536	-0.1806	0.2435	0.0535	-0.3455	-0.3444	1.4409	-0.1847	1.5711	-0.4293	0.0302
-0.1227	2.3876	-1.3515	-0.5543	-1.0288	-0.3730	1.3372	1.1198	0.0111	0.0787	2.4749	-0.4881	0.1066	1.9792	-2.2550	0.3383	-1.9268	0.3811	-0.4449	0.7557	-1.0919	-1.1320	-2.0796	-0.7034	0.3044	-1.7302	0.3890	-0.6104	0.7320	-0.2633	-0.1200	1.0596	0.3637	1.1986	1.2927	0.8660	0.8198	-0.1480	-0.1977	-1.6399	0.9072	-0.8840	-0.5634	-0.2824	-0.2222	0.6518	0.1715	-0.6188	-1.7800	2.0268
-1.6909	0.0923	-2.6087	1.3717	0.4793	-0.6414	1.5216	-1.6348	0.5808	0.2198	2.0022	0.8182	-0.8601	-0.0446	1.2079	-0.8643	0.0234	-0.1075	0.7850	1.2794	0.9102	-1.7593	0.3744	-0.5902	1.9394	-2.4002	1.2896	-0.5310	-0.1029	-1.2313	0.7311	-1.3564	-1.2177	-1.5470	-1.1413	0.4459	1.6792	0.3089	-0.5150	0.6782	-0.4409	0.5640	-1.1357	-1.2074	-1.6446	-0.8851	1.4513	-0.2518	0.9731	-0.0436
-0.4185	-0.0449	-1.4144	-0.1624	-2.5248	-1.1226	-0.1277	1.0017	-0.7739	-1.4954	-0.3660	-0.3098	-1.3859	-0.3189	-1.8716	0.1331	0.8787	-1.7804	-0.5462	-2.0750	1.0645	-1.2521	0.6882	-0.6947	-0.3182	-0.7761	-0.4273	-0.3729	-0.1651	0.4024	0.4779	0.2178	-0.2831	0.1219	-1.5382	0.4167	-0.0920	-1.5198	1.4742	-2.2515	1.6845	0.5591	-0.1460	1.5079	0.1703	1.7469	-0.6144	-0.4403	-0.2661	-1.4764
0.9800	0.5070	-2.1396	-1.8577	-1.0795	-0.6216	0.9177	1.4599	-1.2181	0.8476	0.3839	-0.4428	0.7964	-0.2517	1.2916	0.4200	0.6451	-0.5887	1.2385	1.0424	1.8910	-0.7761	0.2971	-0.3168	-0.8028	1.7123	0.8093	1.1058	0.7809	0.3734	0.7636	-1.4272	-0.5045	-1.2116	0.6887	-1.7274	0.3037	-0.3583	-2.7815	0.8465	-0.0046	-0.3530	2.0292	-0.7774	0.4996	-0.8472	0.7395	-0.9991	-0.2556	1.6424
0.6908	-1.5282	1.1271	-1.1253	-0.8167	-0.0164	-1.1315	0.4800	-0.7245	0.1711	-1.2891	-1.7700	-0.2922	-1.2211	0.3674	-0.0996	1.0666	-0.2396	-1.8170	-1.2487	-0.3966	-0.4034	0.6035	1.6050	-1.6264	-0.0380	0.0310	-0.2181	-0.3217	-0.0706	-0.5153	0.2755	-1.5238	-1.4582	0.4067	-0.9393	-2.6351	-0.2620	-0.2903	0.2392	1.5645	0.2696	1.0320	0.3975	-0.9949	0.3120	-1.7480	0.5570	-0.5129	-0.0510
0.9106	-0.0125	0.0357	0.3558	0.8197	0.5799	-1.1745	-0.2600	-0.8286	-0.4190	-1.2597	-0.7123	-0.1482	-0.9887	-1.8405	-0.2418	1.1092	0.1591	0.4527	0.8576	-0.7695	0.8938	0.1317	0.4592	-0.2405	-0.1898	0.0082	-0.3138	0.2931	0.9474	-2.6191	0.7754	0.2881	-0.2347	1.7188	-0.3590	0.9851	-0.9680	0.8758	-2.3073	-0.0184	-0.7244	0.1741	0.4879	-1.5692	-0.6975	0.9670	1.3007	2.3335	-0.5089
0.8134	1.2239	-0.7622	0.9657	-1.8432	0.4660	0.5929	0.6983	0.6060	1.2166	-1.2315	0.7876	-2.0679	-0.2831	-1.6772	0.6564	1.1851	-0.3839	0.1730	-0.3002	0.3170	-2.9291	-1.1182	0.6365	-0.9101	-0.6578	-1.6119	-0.0957	-0.7329	0.1645	-1.3244	-0.4907	1.6528	-0.7308	-1.3500	0.1307	-1.1163	0.5269	0.9311	-0.2050	0.3469	2.1506	0.3131	0.6533	1.0027	1.4441	0.4823	1.9145	-0.7117	-0.1017
-1.2065	-1.4793	-1.2804	-0.1537	-1.0717	-0.3505	-0.0142	0.6799	0.2189	-0.3319	-0.5806	-1.3221	-0.9886	0.8678	-0.9208	-0.7384	0.2133	-0.8568	-0.6570	0.1449	0.6534	-0.1800	-0.0050	-0.9587	2.0928	0.0080	-0.5045	0.7208	-1.9612	-1.6848	0.3544	0.8804	0.6046	0.0802	0.5664	-0.8239	0.0454	0.0552	0.7212	0.2307	-0.1108	-0.6507	-2.4227	0.4206	-0.7843	1.9514	-1.1138	0.2650	-1.1676	-1.0924
0.1626	-1.1654	-0.5707	0.4409	-0.2015	-2.6703	-0.0747	-1.6992	-1.9838	0.2969	0.1592	-1.6323	1.8505	1.2911	-0.2923	-1.5885	0.4017	1.1095	1.8531	-0.6663	0.1627	1.2250	1.9163	-1.4250	0.8638	-2.6456	0.2386	0.6793	0.8540	0.3952	-0.4244	-0.3290	0.9463	-0.9322	-0.3581	-0.7268	-1.7458	-0.1297	0.5278	0.2370	0.1734	1.2267	-1.4256	0.1161	0.5189	-1.1576	-1.4453	-0.1657	-0.1124	0.1696
-0.2014	0.4962	-0.5532	-0.2048	0.6721	1.5121	1.4547	-1.5751	1.0481	1.0929	-0.5323	2.8671	0.7774	0.5805	-0.0185	-0.0710	-1.3312	-1.2123	-0.2742	0.3447	-0.7981	-0.9806	1.1739	2.4937	0.4157	-0.0187	-1.0919	-0.6232	0.7077	-0.3095	0.1237	0.3377	-0.4933	1.1250	0.6007	0.7466	-0.7726	1.8684	0.7624	1.2131	-0.5297	0.6398	-0.8831	1.8027	-0.1358	1.0885	-0.6878	1.4890	-1.2524	-0.3122
0.5056	0.7348	1.3711	-0.1757	0.2081	0.1608	-0.2107	-1.4892	-0.4277	-1.6908	0.6395	-0.5108	-0.1355	-0.0643	0.5171	0.6187	0.0163	-0.4041	-2.1997	0.2197	1.1507	-2.1196	-1.1097	1.3371	-0.1286	1.4385	-0.7375	0.4631	0.6492	-1.5309	1.2819	-0.3061	1.2421	0.5106	0.3606	0.4324	0.0849	-0.8155	-0.4455	0.4402	-0.3023	0.2440	0.9426	-0.4767	-1.7039	0.3186	-1.1739	-1.3205	-0.1268	-0.4869
-0.0976	0.0001	-1.0628	2.5677	-0.2089	-0.1768	-1.0462	0.6342	0.1503	-0.9731	0.1607	0.3223	-0.7235	-0.1926	-1.0024	0.7415	-0.2411	-0.5378	1.1161	-1.1734	3.0605	-1.0366	-0.1541	0.1872	1.5299	1.5414	-0.5088	-0.3279	0.2903	0.3027	-0.1690	-0.8315	-1.6086	-0.5522	1.0536	1.8300	-0.8016	-2.1796	-2.0417	0.2528	0.1744	0.0077	0.2773	-1.0442	-0.7538	0.4749	0.3434	-0.7278	-0.8223	0.2988
-1.5572	-1.9893	-0.2203	-1.1731	0.4094	-0.1110	-0.1054	-0.5339	-0.9876	-1.2433	0.9424	-0.3891	-0.1414	-0.5260	-0.3169	1.8005	0.5540	-0.5195	0.6323	0.3172	-0.6828	-0.4315	-1.4290	-0.2156	-0.2228	-0.7088	-2.7783	1.3219	-0.9278	-1.3044	-0.2840	0.5802	-1.2601	-0.8050	-0.1878	0.1568	2.5696	0.2338	-1.3877	-1.2040	0.2904	-1.5946	0.6768	0.4998	-0.9032	0.5020	-0.0289	-0.4783	1.1313	-0.9030
2.0568	2.7499	0.4117	1.5701	0.4936	1.3325	-1.5169	0.1446	-1.4226	-1.9595	0.5071	1.1737	0.8897	-0.2528	-0.9277	0.8907	-1.2741	-0.9188	2.2766	-0.6351	0.8983	0.2113	-1.1421	-0.3384	-0.8849	1.3635	0.6619	0.5478	-0.2607	1.2946	-2.5600	0.2294	-0.9755	-0.1600	-1.2235	0.6513	-1.8177	-1.6473	-0.3040	-1.5924	0.8774	0.5310	1.1011	-0.7231	-0.5671	-0.6486	0.1680	0.0317	0.4080	0.5575
0.8630	0.1310	-0.8857	1.3517	0.4163	1.1383	-0.2461	-1.4670	0.6035	0.6925	-0.0989	0.3258	1.2704	0.3588	0.9580	1.7020	-0.8973	-1.2994	-0.0024	1.2531	1.9614	1.1121	1.1073	0.7267	-0.6240	0.3573	1.7376	-1.9961	-0.3014	1.8029	0.8234	0.0702	-1.3862	-1.3088	-0.1797	1.2226	-0.1970	-0.5920	1.2587	0.0864	-0.4502	1.2101	0.3678	-0.2861	-0.0664	-0.0860	1.4755	1.8439	0.6699	0.3083
0.1639	-0.0008	-0.1887	1.7046	-1.0565	-1.3198	-0.7909	0.3915	-0.0130	-0.5454	0.5535	-1.9957	-0.0092	0.4533	-0.0237	2.2709	0.9347	0.1955	0.5805	-0.2377	-0.7010	-0.1558	-0.3685	-1.8386	0.9803	-0.1543	1.4251	0.4133	1.9579	-0.0747	-0.7551	0.2706	-0.0887	-1.6211	-1.2327	-0.2484	-0.9318	1.9031	-1.6810	-0.3650	0.9990	-0.9947	1.6241	1.8942	1.6605	-1.1770	0.5562	-0.2568	0.2242	0.9210
0.6342	-1.5996	0.5131	1.9953	-0.4483	0.1277	0.2983	0.2298	-0.3330	-0.4085	0.3474	-0.5595	1.0358	1.2284	0.2605	-0.3305	0.0828	0.2847	-0.5486	-0.3522	0.6726	-1.9340	-2.4617	-0.1471	0.7579	-2.1318	-0.4364	0.6821	-0.4159	-0.6243	-0.6725	0.3115	-0.5350	2.9228	-0.3682	-0.7895	-0.8506	-2.2035	-0.2443	-1.2301	0.1249	-0.2692	0.8075	2.8093	1.0673	-1.4670	-0.0465	0.9770	0.3299	0.4073
0.2138	-1.2384	1.6860	1.7143	0.6756	0.4826	0.1790	0.8311	1.1830	0.2485	0.0793	-2.3674	-0.3778	1.4404	0.8362	0.5912	-1.0083	-0.8567	-0.8306	-1.5359	-0.3940	-0.4744	0.4636	-1.5508	-1.7268	-0.2666	1.0400	-0.6010	-1.2117	0.6246	0.2175	-0.3286	0.5840	0.6190	-0.4330	0.2602	0.0484	-0.3173	2.3372	0.5241	-0.4412	0.1555	-1.0474	-1.1197	-0.7878	0.6382	2.0788	0.8078	0.6576	-0.2906
-1.4655	-2.2801	0.7735	-0.2017	-0.7666	-0.3160	-0.2342	0.7361	0.4325	0.9953	-2.2011	1.2511	-1.1667	-0.2453	1.6995	0.0552	1.0597	0.5138	-0.8138	0.9903	0.9966	-1.7746	0.4393	1.5153	-1.7561	-0.2088	-1.9751	-0.4827	0.9168	0.3137	-0.2658	1.1506	0.4793	1.6249	-0.9428	0.0990	1.3159	1.0609	-0.3582	0.4081	0.9687	-1.0031	0.0644	-1.8193	0.8665	0.1382	-0.7460	-1.0714	-1.4458	0.8403
1.4930	0.5917	1.3027	-0.5369	0.3036	-2.1217	0.1589	-1.6645	1.3085	1.1187	0.4576	0.5288	0.3616	-1.9084	2.4628	-0.8676	0.0364	-0.2975	1.8282	0.5153	1.2143	-0.7840	0.0362	-0.2128	-0.0991	0.5154	1.2121	-1.6921	-0.3109	0.7709	-1.1620	0.6968	-0.5052	-0.8254	-0.2859	-0.3175	-1.0695	0.4721	-1.7582	-0.6479	-0.5440	-0.6382	0.7784	0.6526	-0.1049	0.4721	-0.5259	2.2128	-0.2109	-2.3110
0.9891	0.3563	0.8171	0.4519	1.8715	0.1403	0.0782	-1.1275	-0.4415	-0.3466	-0.9071	-0.5573	-0.4104	0.2894	-0.5524	-0.1730	-0.8114	-0.9660	-1.2739	-1.0072	3.2481	-2.9295	0.4545	-1.7098	2.1584	-0.7077	0.6452	0.0789	-1.2944	-1.5592	1.1575	-0.0467	-0.7021	-0.9201	0.4096	0.9320	-1.2323	0.8100	0.3184	-1.0625	-0.0195	1.0371	1.2270	-0.9131	-0.1270	0.4703	0.6049	0.0482	0.9760	-0.7010
-0.1728	-0.2043	1.0924	-2.2148	0.1171	-1.4391	-1.7961	-0.4124	-0.1616	-1.0745	0.2627	0.4372	-0.4441	0.8763	-0.2225	-0.0062	-0.0455	0.6066	0.4670	1.8492	-2.5301	-0.2878	-0.5569	0.5078	0.7239	-0.2516	-0.0180	-1.2503	2.0594	0.3286	-0.1831	0.3667	-2.5428	0.1091	-0.9132	-0.9165	1.4108	-0.1426	-1.8875	-0.6739	-1.1776	-0.8291	1.0602	0.8064	-0.3506	-1.6009	1.5584	-0.8655	0.6418	-1.1885
-0.4076	1.3356	-0.2798	2.9570	-0.4346	0.3305	-0.7315	-0.6877	0.5251	-0.7988	-0.1563	0.3095	-0.8902	-1.2518	1.0788	-0.0198	-0.2690	-0.1363	0.1772	0.4078	1.5302	-0.2252	1.3194	-0.2479	-0.0370	-0.1002	-0.4310	0.9448	1.6211	0.1909	0.2965	1.1345	2.2201	-1.4785	1.3057	-2.1753	0.2385	-0.1969	-0.4601	-0.8786	-0.4351	-0.9470	-0.5182	0.6075	-0.0107	-1.2008	0.3960	1.5774	1.3736	0.7644
2.1640	1.3708	0.1991	-0.2619	-0.8341	1.8408	-0.9484	2.0038	-0.3072	-0.4873	1.8931	-0.1039	0.5114	0.5293	-0.8348	-0.3209	-0.3062	-0.6687	0.4974	-1.5870	-1.5161	-1.0967	1.4746	-0.7887	0.1808	0.9070	-0.0472	-0.0278	-0.2986	-0.9244	1.7829	0.4722	1.0502	-0.2114	0.3809	0.4303	1.9220	1.7170	0.8797	0.7630	-0.8127	0.2839	-0.0214	1.2202	1.0924	0.1375	-0.9369	0.3828	-0.3973	-0.4118
-2.0610	1.0679	0.6234	-0.4505	0.1259	-0.1416	-0.3002	0.4415	-0.8410	-1.4181	-0.4620	0.7771	1.9502	-1.0871	0.1207	1.1570	0.5531	-1.0235	-0.1321	-0.2960	0.0042	-0.8217	1.2982	2.2669	-0.0009	-1.4878	-0.5872	-1.3501	1.1588	1.1098	0.0733	-1.0745	0.2732	-0.0728	-0.4125	0.4783	-0.6109	0.3343	-1.7085	2.2341	0.6628	0.7464	0.0544	1.8181	-0.4176	0.2724	1.8671	1.1910	1.2574	-0.3429
1.1242	-1.3374	-0.4229	-0.2643	-0.5251	0.0081	0.0297	-0.3918	-1.1137	0.4701	-1.0695	-0.4783	0.2372	0.9977	-0.8292	2.0562	-0.2350	-1.4237	-1.0051	0.1293	-0.3781	0.0681	0.5466	0.5653	0.6922	-1.3613	-0.5073	-0.0020	0.2880	0.1601	0.5010	0.5060	-1.5010	-0.4388	-0.0450	-1.1289	0.5361	0.3640	-0.2226	-0.0860	-0.3442	0.6141	-0.4685	1.6814	0.2718	0.0959	-2.2149	-0.2031	-0.0965	0.5453
0.8133	0.8729	-0.9108	-1.5251	0.9148	-0.5985	-1.3923	0.9853	-0.3903	0.1559	1.0305	-2.0162	-1.2033	-0.4930	-1.1840	-0.8132	-0.0080	0.2798	-0.9500	-0.6362	-0.7052	0.4270	2.0580	0.1300	0.2054	0.9290	-0.2930	2.2251	0.2607	-0.7862	-0.5718	1.5112	-1.0677	-0.5572	1.5777	0.5448	0.0750	-0.9848	-3.1286	-2.2256	0.6485	-0.4760	-0.6036	0.8208	0.4473	1.1425	0.3427	-0.0238	0.0160	-0.9319
0.8576	0.8252	0.7138	1.0668	-0.9464	0.0338	1.3494	-1.1062	1.5189	0.4736	-0.3424	-0.2163	-0.3418	-0.0018	0.2042	0.5532	1.5072	-0.6316	-1.3807	-0.4756	-0.2867	1.0737	0.6199	1.3359	-0.4484	-1.3754	0.4010	0.5345	0.2043	0.7274	-0.2357	-2.2840	-0.3499	0.2471	0.0824	-0.0008	0.7508	0.7731	0.9898	0.3135	0.0287	2.4533	-0.5585	-0.8731	-2.2339	0.7338	0.3308	-0.6287	-0.5923	0.4156
0.8047	-0.5676	0.2600	-0.3200	-0.8791	-2.0037	-0.2257	-0.0305	-0.4698	0.6807	0.0534	-0.1870	-1.3927	0.1999	-1.0308	-0.7936	-0.7755	1.5955	-1.5691	-0.4714	-0.2396	-1.5825	-0.1402	-1.0952	-0.4321	-1.9546	0.0536	-1.8785	2.4135	-1.1351	0.8533	1.1617	1.2789	0.3317	0.5452	-0.0809	0.3413	-0.6490	-0.8790	-0.0933	0.1044	-1.3594	-0.7603	0.2718	0.4346	2.0482	-0.6885	0.4447	0.2142	0.4183
0.1920	-0.5302	0.2313	2.5467	0.6417	-0.2630	-2.1911	-2.0521	-0.0801	-0.9823	1.2759	0.3452	0.0147	0.7556	-0.7939	-0.5961	1.0499	0.1302	-0.4503	0.5778	0.5257	-0.9967	1.0812	-1.4187	-0.2838	-0.7469	0.0720	-1.8783	-0.9628	0.9947	-2.3248	0.3622	-0.6439	-0.1829	1.8106	-0.1335	0.5742	2.0613	-1.4457	-0.4903	-2.8600	-0.1267	-0.4881	0.2584	1.3689	-0.5173	-1.8585	-0.4631	-1.7592	0.7296
-0.5522	0.8829	-1.0069	1.7395	1.5141	-0.8121	0.3376	-0.2127	1.6826	0.6952	0.1912	-0.1073	0.5429	0.2646	-0.2238	-1.7446	-0.2568	1.3925	-2.1592	-1.6747	-2.1746	-0.9878	0.0250	1.8683	0.7901	-0.0287	0.2044	-0.6661	0.0261	-1.0849	-1.1848	0.0548	-0.1438	-1.5425	-1.4986	-1.3228	0.7886	0.5498	0.6091	0.4755	-1.7319	-0.3774	1.8311	-1.1564	-0.0224	-0.0775	-1.3438	-0.7756	0.8910	0.4521
-0.5983	-0.9493	-0.2810	-1.2477	-0.5096	-0.0924	0.0323	0.6440	-0.1760	-0.5895	-0.2769	0.4259	-0.2205	-1.5653	0.5191	1.3723	1.5022	0.7988	-0.8275	-2.6002	-0.9986	1.2929	-1.8529	-0.7581	0.6005	-0.8210	1.2537	0.1350	1.0627	0.5888	0.7609	1.2404	0.7823	1.2540	0.1604	-0.8306	-0.1925	1.4765	-0.3042	-0.0579	1.1272	-0.2146	-0.3280	1.1001	-1.4461	1.3491	0.2113	0.2009	1.5726	-1.7569
1.0685	-1.1061	-0.0796	-1.5201	0.1039	-0.2587	-0.8864	-0.5709	-0.4995	-1.6033	0.8631	0.1817	-1.0591	0.6751	-1.1212	-1.3310	-0.5065	-0.6330	0.2816	-0.2383	-0.7078	-0.0167	1.4413	-1.2375	-0.5982	1.0404	-1.3469	-0.4222	-1.2762	-0.5614	-1.3878	-0.9761	-0.4923	-1.5701	-1.3609	-1.0717	1.0068	1.5635	-0.6654	0.9973	-0.2827	-0.7918	1.0077	-0.7126	-0.1417	-1.2937	-1.3063	-0.9198	-0.4580	1.3262
-0.0265	-1.3939	-1.6503	-0.3516	0.7204	2.2494	0.6735	-0.2843	-0.5496	0.8608	0.3091	0.7113	0.2515	1.9464	0.0503	0.4301	-0.8862	-1.8044	0.8549	-0.6627	-1.2386	0.6216	-0.8793	-0.7843	0.9614	-0.4056	-0.6913	-0.2859	-0.8262	-1.4276	0.9794	0.2784	0.8141	-0.0086	-0.1544	-0.5310	0.2483	-1.3367	-1.0005	0.0664	0.9672	-0.9095	-0.9987	0.1076	1.3456	-0.4093	-0.1867	1.6661	0.6266	0.5845
0.1795	-0.6122	0.6192	-1.3387	0.8458	1.2975	-0.0257	2.0430	-0.6394	-1.5295	1.2605	-0.8009	0.3740	0.4771	1.2889	-0.1090	-0.9658	0.1121	1.2044	0.9426	0.0384	-0.0364	0.1000	0.6662	-1.2242	-1.1326	-0.2603	-0.4020	-0.2770	-0.8406	-0.6851	1.3577	0.4378	0.8357	1.1796	0.5354	-1.8211	2.1740	-0.1057	-0.7134	1.2075	0.0335	-1.4645	-1.0283	0.5574	0.6517	-0.1313	-2.5265	-0.7301	-0.8657
-1.3344	0.5828	-0.6650	1.1206	-0.1835	0.2825	1.7150	-1.1061	1.6910	-0.7117	-0.2603	1.5130	0.0529	0.2054	1.5820	-1.1309	-1.4499	0.0380	1.1062	-1.4994	-1.1175	-0.3384	0.8672	1.1179	0.9831	-0.3154	0.9401	1.5875	0.0093	-1.9113	-0.8187	-0.6574	0.8678	-0.0610	-0.6831	0.5963	-0.4917	0.5737	-1.0836	0.0421	-0.2291	-0.0397	0.2577	-0.9639	-0.1727	-0.2969	-1.1026	0.2140	0.8598	-0.0398
-0.7663	-0.2973	0.1216	1.4519	0.7918	0.0484	0.2056	-0.3553	2.7205	0.7303	-0.5781	-0.5434	0.6744	0.3429	-1.0419	1.8698	1.4674	0.0407	0.5641	0.0048	0.0963	-0.1763	1.5402	-1.6349	1.1023	-0.3114	-0.5715	1.4706	-0.1628	0.0652	0.1289	-0.0078	-0.2980	-1.6099	-1.0784	0.8203	1.1317	-0.8269	0.8513	1.0976	0.6688	0.0085	1.9369	0.3623	-2.2080	-0.8869	-0.6131	-0.6715	0.7749	-0.5121
-2.0966	0.0652	3.1175	-0.1213	-0.7290	0.5751	1.6021	-0.1953	1.4523	0.2200	-0.8108	-0.5336	1.8286	1.4648	1.7433	0.2218	0.5910	-1.0175	0.0124	-1.4022	-1.2284	0.6093	0.4198	0.3948	0.2185	-0.1286	-0.5460	-0.2646	-1.1022	1.0383	0.1773	0.1780	0.2336	1.3687	-2.5401	-0.2581	0.7693	-0.3351	-1.5718	-0.1305	3.6345	0.0883	0.4919	-0.0809	0.8321	0.3115	-0.6509	0.9739	-0.8485	1.6668
0.7369	0.8911	-1.5417	-0.2621	-1.8239	0.5040	0.3575	1.9160	-0.5784	-0.8959	-0.1630	0.0973	0.0889	0.7225	-0.0766	0.6407	0.2568	-0.8242	2.2842	-0.0353	-1.6295	-0.0782	1.1581	-0.3707	0.4366	0.3171	-1.4553	0.1858	-1.0776	1.1792	0.3578	-0.8582	-0.1394	-1.0368	0.3582	0.8890	2.7823	0.1791	0.5989	0.3105	2.5777	1.8593	0.1182	0.1293	0.7469	-0.8237	-0.0130	0.5289	0.6670	-1.7879
0.7518	0.0944	-0.5898	-1.9071	-1.1831	0.2436	-0.2181	-1.0504	1.2492	-0.3227	-0.2224	0.8834	1.1268	0.3856	-0.6987	-0.0491	0.0350	0.7192	0.4639	0.0482	1.2430	-0.2283	-1.0928	1.3719	0.2326	-2.2564	0.1609	-0.5725	-0.4091	0.1562	-0.3553	0.5691	-0.1516	-0.0411	0.8996	-1.8345	1.1345	-0.5570	-0.8754	-0.5435	1.8473	-0.5835	0.3434	-1.4183	-1.2546	-0.5181	1.2521	0.7843	0.2263	-0.7276
0.6998	-0.8732	-0.6855	-0.0547	-1.6864	-0.4913	2.7144	1.3995	-0.2055	-0.4417	-0.1520	0.1204	1.2268	-1.8134	-1.0144	-1.9881	-0.1807	0.0035	0.7398	-0.5735	0.2429	-0.7663	-1.6253	1.1125	0.8834	-0.1558	-0.1748	-0.9153	-0.9250	-1.0514	-0.3184	-1.8243	-1.3281	0.1028	0.2975	0.5755	-0.7679	-0.8130	0.9597	-0.0918	-0.0097	-1.7503	-0.8078	-0.0946	0.4371	-2.1493	0.6238	0.0428	0.0849	2.0880
0.5563	1.0843	0.6054	-0.4722	-0.9064	-0.1356	-0.3897	0.1927	-2.0318	1.7978	0.6535	-0.6529	-1.0100	1.2686	-1.3878	-0.7747	-0.7344	0.0425	1.4888	0.6121	-0.0776	1.6833	0.8997	-1.4238	-0.0565	-1.8855	0.0233	-0.3785	-1.1433	0.9321	-1.6253	0.3091	-1.4865	-1.6080	0.3327	-0.5264	-0.8011	0.0468	1.0658	-1.0840	1.1959	-0.2216	0.2825	0.5633	0.3016	0.6422	0.2406	0.8763	-0.3487	3.1140
0.3340	-0.5211	-0.3239	0.1913	0.7551	-0.0625	-0.6041	-0.6744	-0.7578	-1.0509	0.8810	0.4152	-0.1252	-0.7768	0.0507	2.3797	1.9371	0.1021	-0.1569	-0.2713	0.3867	-1.2763	-0.7344	0.5379	-1.2805	-0.7675	-1.2780	0.5690	-0.1342	-1.7046	-0.0568	-0.9787	1.2530	-0.9197	-0.2348	-0.7845	0.4562	-1.1897	0.5002	0.3846	-0.8910	0.0890	0.4293	0.8456	1.5355	-0.6129	-0.2490	0.0008	0.1730	0.7795
0.2148	-0.8383	0.6662	-0.2746	0.0644	-0.5502	0.6177	0.0668	0.6571	-1.2110	1.1756	-0.8775	-1.3713	0.6225	-0.9132	-0.7880	-1.2010	0.4355	-0.1360	0.2769	1.6060	-0.9774	0.4969	0.2472	-0.1335	-1.0493	-0.5499	1.2131	1.0384	-0.7615	0.5427	0.0589	1.3382	1.5519	-0.0509	-0.6380	0.3773	0.0414	1.2273	0.1849	0.3075	-0.1735	0.0386	-1.2883	-0.5110	0.2759	1.7554	-0.2524	-0.3785	0.7573
-0.1384	-0.6626	-0.3781	0.2563	0.2556	-1.4229	-0.9621	-1.1187	-1.9511	1.7484	-0.9529	1.8408	-0.6268	-1.4147	0.9424	0.4031	0.2237	-0.6347	1.3515	0.5451	0.8727	0.4050	0.3798	-1.2086	0.3475	-0.4152	2.0055	-0.9803	0.6232	0.7404	1.6099	-0.7984	-1.5563	-0.7265	-0.1855	0.9026	-1.6822	-0.6976	-0.9624	-1.3305	-0.5239	-0.1885	-0.5880	0.3054	-0.3507	-1.8676	-0.3401	-0.5823	0.8837	-0.7156
-0.9392	0.4761	0.1890	-1.4717	-2.1309	0.2375	-1.6712	0.6573	-0.9794	-1.5010	-1.5891	-0.7110	0.1952	-1.0702	-0.2661	1.6661	0.0391	-1.3790	0.3752	0.5087	-0.0334	-0.6868	0.9114	0.0362	0.2194	-1.5167	0.7428	-0.7793	1.0640	1.1588	0.0465	-0.2803	2.0182	-0.1401	-0.5345	-1.2885	-1.0189	1.0004	0.8844	1.0694	-0.2864	0.9588	-0.3951	-1.0127	0.3289	1.4373	-0.0873	-0.1770	-0.0436	-0.3063
0.0563	1.0168	-1.6937	-0.2231	-0.2805	-0.5285	0.8676	0.7222	-0.7030	-0.6595	0.1361	0.1719	0.0961	-1.4117	-1.2261	1.1933	0.1105	0.1901	0.8358	0.2489	0.5673	0.0899	-0.8808	-1.7413	-1.0731	0.2634	-0.2591	-2.2772	-1.4846	-0.0787	2.2739	0.5212	0.9306	1.1756	-0.5573	0.5696	0.1020	1.3656	0.5466	-0.2686	0.1300	1.8594	1.4472	-0.1691	-0.2926	-0.3336	1.3483	-0.5296	-0.8106	0.5862
-0.2042	0.9653	0.0559	0.1535	-1.4872	0.7707	0.3203	0.6813	-0.5297	-2.0288	0.6500	0.3421	0.2056	-1.4067	-1.3493	-1.1294	2.0827	-0.5169	-1.5319	0.9587	-0.8026	0.1373	-0.9622	1.4626	0.5620	-1.5830	-0.7505	-1.7206	-0.2625	-2.3643	0.0741	-1.5048	-1.0874	0.3663	-2.1590	0.3473	-0.1874	0.4432	-0.1338	-1.3711	-0.5244	-2.1107	1.8278	-1.3356	0.3881	-1.0842	0.5844	-0.9094	1.3080	0.2709
-0.2174	-1.3053	-0.1730	1.4791	0.1071	0.6486	-1.0344	-2.3899	0.9580	0.3666	0.3863	-1.1872	0.7175	-0.1830	-0.5676	-0.3237	-0.7834	0.2386	-0.2982	0.0550	-0.1923	0.9076	1.3618	-0.8589	0.1267	0.2228	-2.2986	0.8064	0.9131	-1.3691	1.1022	0.0283	-1.1507	-0.9114	1.8784	-0.1722	-0.5384	-1.2556	0.2671	0.3186	1.4525	0.1111	-0.5580	-1.9080	-1.4734	-2.2567	-0.6375	-0.8289	-0.3503	-1.4049
0.4917	-0.8882	0.5333	0.6736	0.9201	0.8382	0.4284	0.7709	0.8321	-1.1654	1.4556	0.2094	0.7879	0.3827	1.5137	0.2068	-0.5186	1.3892	-0.8659	-0.1862	1.6202	0.2887	0.5909	0.7624	1.4050	0.2695	-1.2405	2.5544	-1.2868	0.5616	0.4328	-0.2837	-0.2076	0.2926	0.7212	1.9668	-1.5415	-1.9691	-1.2338	0.3918	-0.3229	-0.8796	0.8428	0.6046	1.6314	0.4792	-1.4417	-0.2853	-0.2512	0.5238
-1.6924	0.4560	-0.3959	-0.1195	-0.9807	2.3836	-0.0141	0.5360	-1.3542	-0.3356	0.8747	1.4572	0.8675	0.5582	-0.5427	-0.3296	1.0726	0.4658	-1.0983	0.3296	2.4012	-0.5431	1.9684	-0.0411	0.2888	-0.5542	1.2387	-1.1696	-0.8648	-0.3419	-0.6021	-1.3345	1.0210	0.3038	1.5130	-0.0227	-0.4394	0.6778	1.2460	-0.7513	-1.5732	-0.2086	-3.1452	-0.0346	1.2544	0.9684	-1.0082	1.2065	-0.6034	-0.2172
0.4685	-1.2373	-0.3851	-0.8824	-0.5987	-0.3891	0.7327	0.7467	-0.4688	-0.5857	0.1437	0.4570	-0.5175	0.2256	0.8744	-1.1353	0.5094	0.1494	0.6728	-0.4566	1.4093	0.3000	-0.8450	-0.0746	0.1445	-0.1346	-1.0624	-0.9554	0.7723	-0.2948	0.2182	-0.0327	-0.2620	-1.8263	0.8789	-0.4381	-0.2315	0.4521	2.0199	-0.3447	-0.4761	1.0487	-0.8831	-0.1711	-0.4221	0.1380	0.2529	1.3539	-0.9575	1.5701
0.4561	-0.6897	0.3764	0.6607	-0.6139	0.3077	0.1348	1.4830	-0.6309	-0.2653	-0.1370	0.3083	1.7259	0.3525	-0.8877	-2.4104	1.1822	-0.5862	-0.9203	-1.7349	1.2197	-1.1414	0.1616	-0.4014	0.8550	-0.0020	-0.4929	1.6186	-0.1461	0.0983	0.0170	-0.2075	-0.2430	-0.3737	0.0768	0.6665	0.6569	0.5795	-1.4563	-0.4816	0.5071	-0.4202	-0.4891	0.4162	0.3013	1.0566	1.3324	0.9445	-0.8211	-0.0783
-0.0529	-0.4242	0.7937	-0.6559	1.3637	0.1079	0.4057	0.1976	0.4056	-0.8401	-0.6141	-1.7825	1.1304	-0.8986	0.8635	-0.0274	0.2685	-0.7931	0.0565	-2.0483	-0.1489	1.5503	-0.5089	2.0910	0.2662	0.5074	1.7084	-1.1262	-2.0163	0.3710	-0.4063	2.2630	-1.2749	0.3244	-0.4143	-1.8623	-1.7561	-0.3708	-0.3154	1.4449	-0.0610	0.3090	1.3590	0.0678	1.3690	-0.5375	-0.6942	0.5594	-0.2141	0.0563
0.2548	-1.7387	0.1400	1.3759	-0.8528	1.1713	1.1485	-0.1743	1.8827	1.2212	-0.6891	-0.4914	1.1996	-0.2586	0.7225	2.3577	1.1177	0.7157	-1.4808	-0.2994	0.5173	-2.0664	-0.0988	-1.5852	1.1219	-1.5733	-0.6705	0.6486	1.4610	0.4933	-0.6804	-0.2190	0.1626	0.0273	-1.0786	-0.5080	-0.3681	-0.8376	-0.2494	-0.7134	-0.8298	0.2971	-0.1179	0.0603	-0.0347	-1.2093	1.4698	0.7264	-0.2704	-1.2710
1.2035	-0.8394	-1.5124	-0.8165	-0.8124	0.0413	-0.2752	0.4235	0.4968	0.5915	0.2535	0.9562	-1.6098	-0.5637	-0.6125	1.6281	-1.3007	0.6275	-1.0248	-0.6982	1.8773	-0.0844	-1.1553	1.5422	1.0065	-1.5078	-1.3477	0.2294	1.3146	-0.9896	0.1849	0.8287	0.1946	1.1115	0.9450	-2.4960	0.5969	0.4586	0.2904	0.9068	-0.0404	-0.0198	-2.0038	0.0527	0.4706	-0.1095	-0.5907	0.7721	-1.2588	1.2207
1.3878	-1.1246	0.9337	-0.3158	0.8907	-1.3732	-1.1114	0.9494	0.2171	2.0806	0.1465	0.6201	0.1540	-0.8538	0.5695	-1.9237	-0.2428	-0.0845	2.1333	1.0202	0.0636	-0.3307	0.9019	-0.5614	0.2564	-0.3645	0.4025	-0.4955	-0.3257	-0.3843	0.2166	-0.4562	1.2116	0.4113	-0.4302	-0.6955	1.5340	0.2800	-0.9216	1.4148	2.8959	-0.0347	-1.1877	0.3173	0.7624	0.6758	-0.2820	-2.3466	0.2527	0.3963
-0.8751	-0.3177	-0.7594	0.3233	0.3163	-1.3608	1.1478	-0.2759	-1.2250	-0.0634	0.9402	0.5615	-0.1639	-0.6871	-1.3153	1.2436	-1.5173	0.9581	0.4587	-0.7284	0.8404	0.8387	0.2524	-1.0157	1.4645	-0.3554	-0.7240	-1.0242	0.3096	0.2384	-0.4260	-1.0201	-0.9090	-1.2958	1.5250	-1.1642	1.9508	-0.1510	-0.7194	2.0691	-0.0198	0.0614	-1.5630	0.0289	-0.1732	2.2463	-1.3151	1.0041	1.4318	0.7246
-1.5640	2.0264	-0.6040	0.1186	-0.0522	1.0334	-1.0157	-0.5060	-0.3418	1.8440	-0.7742	0.1619	-0.4483	1.9232	0.7128	-0.7722	-1.1087	0.7040	-0.1225	-1.4162	0.4363	0.2891	1.0022	-1.9798	-0.5272	-0.6251	1.5587	0.4723	1.0768	-0.4646	0.7355	-0.7326	-1.3835	0.9150	0.0797	-1.1201	-0.1224	2.2606	1.5948	-0.4319	-0.9769	0.4169	-0.0839	-1.3950	-1.8695	0.3833	0.0791	-0.3562	-2.1021	-0.8103
0.0793	-1.2981	-0.0653	-0.8754	0.5985	-1.1772	0.0169	-1.1448	0.7287	-0.7139	0.0427	0.5384	-0.3233	-2.2545	0.6488	-1.5428	-0.1076	0.4697	-0.4058	0.7711	1.3792	-0.7220	0.8453	1.1994	-1.1045	1.7687	0.8210	-0.3052	0.5042	1.9025	0.1186	-0.4337	2.7110	-0.9148	-0.5367	-1.0879	0.2587	0.1480	0.1268	-1.0473	-0.2513	-1.4861	-1.6431	0.4183	1.1977	-0.3537	-0.2202	-1.0537	0.4220	-0.8395
-2.0004	-0.8285	-1.0736	-0.0866	1.9702	0.5885	-0.5757	0.5091	0.4982	1.5005	-0.5141	0.7418	-0.8176	-1.7667	0.1451	0.4150	-2.4177	0.1995	0.7978	-0.0800	0.4084	0.5764	-0.4642	-0.1159	0.2919	0.5965	1.3475	1.2478	0.0300	1.0018	0.9996	0.5047	-0.3711	1.8525	0.0439	0.0345	-1.4241	-0.4064	0.1120	1.6518	0.6914	-1.1108	-0.6537	1.4100	-1.1572	0.4001	-0.4931	0.4588	-0.0495	0.4224
0.2095	-0.5349	-1.7296	1.4535	0.2402	1.2650	-0.7602	0.5875	-0.0267	0.3905	-0.7701	0.0394	0.2628	1.1018	1.3386	-1.5481	0.2564	0.0993	0.8585	-2.0562	0.4832	1.8542	1.2911	0.3312	1.1959	1.3374	0.8354	1.6286	0.0196	-0.5664	0.0429	-1.2773	-0.3686	0.4016	0.0747	-1.0293	-0.4110	0.1332	0.1283	0.0477	-0.6635	-1.9407	-0.2613	-0.2613	1.0278	0.6548	-0.1913	0.4285	0.8771	-0.8422
0.3153	-0.4102	-0.7340	0.0335	-0.9612	0.4770	-0.2233	-0.6408	-1.6274	1.1464	1.1563	-1.0266	-0.9953	0.0839	0.6221	-0.1143	0.2106	0.1988	1.6215	-1.0289	-0.0003	-1.5999	0.3743	-0.4439	-0.4991	0.5825	-1.8565	-0.0336	-0.0069	0.5664	-2.7816	0.4233	0.1643	-0.8535	-1.4172	-1.2481	-0.2611	-0.2605	-0.5645	0.3694	0.2407	1.2122	-0.2880	-0.2756	-1.2043	1.0884	0.9545	1.4489	-0.0919	-1.2471
0.5211	-2.9987	1.2311	-0.2419	-0.7682	-0.6793	0.0722	0.6117	-0.3202	-0.6067	0.3787	0.2049	1.6458	2.0994	0.0459	0.3492	-0.4594	-2.6297	2.0565	0.7279	0.9155	1.2560	0.8085	-0.7838	0.6048	1.3931	0.4670	-2.0279	2.3806	-0.6022	1.1713	0.5299	-0.0530	0.9758	-1.9417	-2.2502	1.5752	-0.9433	-0.0239	0.3569	-0.6977	0.9093	0.9945	1.7589	-1.7501	-0.2363	1.5376	0.6036	0.4825	-1.8130
-1.6513	-0.1636	0.6437	-0.6128	0.2458	-1.0628	-1.2143	0.5072	0.8894	-1.0724	-0.0183	1.8506	-0.6732	1.1674	0.3845	-1.2507	-0.9344	-0.2896	2.0478	1.3967	0.8175	0.3192	-0.9733	0.3032	1.2376	1.6656	-0.9695	-0.6083	0.9929	0.9514	0.6124	-0.7872	-0.3031	-0.2903	-2.4234	1.3035	-0.5006	-0.2177	-0.6578	-0.8106	-0.2024	-1.2669	-0.7846	-0.1211	-0.3742	-1.2754	0.1653	1.1205	-0.7309	-0.0061
-0.7544	-0.2189	2.7116	0.4321	-0.2851	-0.1230	0.6580	0.6221	-0.1154	2.0513	0.1465	1.5772	-2.4038	-1.6532	-0.4956	0.6408	1.0688	0.0479	-0.1045	0.5693	0.6567	0.1895	-1.9358	1.1312	-1.2975	-0.4618	-0.6390	-0.4936	0.0168	1.5623	-0.0570	-0.0044	-0.1360	-0.4440	-1.0298	-0.1171	1.1729	-0.9135	1.3815	-1.4240	-0.9831	-0.7089	-0.0973	1.9451	-0.7695	-1.3488	-1.6618	-0.7854	-1.5910	0.9717
-0.2639	-0.6535	-1.1485	-0.8391	0.8417	-0.4128	-0.3108	-0.1121	-1.6476	0.1025	-0.2916	-0.5385	-0.7160	0.5318	-0.5741	1.0236	-1.5896	1.9389	-2.0608	-0.8439	1.1334	0.9873	1.9850	1.9253	1.8460	0.3213	0.9007	-2.1126	-0.4711	0.7076	0.5830	-0.7553	-0.3182	-1.3364	0.0262	0.3870	0.3467	1.6161	1.7227	0.6278	-0.0891	1.6196	1.0696	-0.1621	-0.3919	-0.4690	-0.6993	0.1316	0.3775	-0.0086
0.6513	-0.7246	-0.3310	-0.6700	0.7502	-0.0588	0.8139	0.3273	-1.6426	1.9557	1.1067	2.0018	0.1509	-1.4431	0.1854	-0.5251	1.9818	-0.1574	-1.8084	0.7390	-0.2861	0.5776	-0.8939	1.2814	-0.8242	-0.4046	0.1642	-0.6091	2.1661	-1.2101	-0.4619	-0.5871	1.0547	1.3922	-0.6769	-1.8472	-0.0291	0.3882	-1.4805	-1.1340	0.4072	-0.9319	-0.5354	-0.7750	-0.9526	-0.4024	-0.4948	1.2476	0.8842	-0.4497
-0.2346	1.4549	0.2392	-1.3288	-0.1213	-1.5981	1.1408	0.4531	0.0259	-0.2761	-1.1350	0.5987	0.3187	1.0369	-1.0243	0.3970	1.1174	0.5985	-0.0442	-0.9245	-1.0486	0.0363	-0.9940	-0.6184	1.3189	-2.2783	2.5709	0.6948	0.4828	0.0567	-1.9454	0.6036	-0.4668	0.9443	-0.6936	0.0983	1.8703	-1.5005	1.1483	0.4870	-1.0720	-1.1336	0.4397	0.0555	-0.5172	0.6796	0.6883	0.7019	0.0974	-1.0891
-0.3087	0.6183	0.7319	-0.6037	0.1796	0.2107	-3.0349	-0.7901	-0.2305	-0.7886	0.3418	-0.9460	0.0628	0.2037	-1.8305	0.5909	0.4795	-1.8202	-1.3865	0.0959	0.1794	0.0495	0.5365	1.6105	1.8568	-1.9048	1.6248	1.3959	0.6306	0.4603	-0.1289	-0.0536	-0.5541	-0.3891	1.4753	0.2821	-1.5833	-2.2736	0.4519	-1.1958	-1.2318	1.2956	0.3035	0.6521	1.1446	0.3872	-0.6162	0.8091	-1.5108	1.0312
-0.7264	0.8045	0.9432	-0.1905	0.6967	-0.9481	0.8371	-0.2473	-1.2099	-0.0742	1.8383	0.0252	1.0633	0.1545	0.3742	0.1444	0.6498	-1.0131	-0.0451	-0.3717	0.3446	0.1144	0.4459	0.8120	-0.6119	-0.2849	-1.1900	0.1439	-0.0275	-0.0336	0.4930	-0.2731	-0.1195	1.0021	-0.0085	-0.2196	1.1150	1.6196	0.4388	-0.6018	-1.3289	0.0766	0.1608	-0.2283	0.2789	-1.1071	0.0148	0.3517	0.3308	-0.2694
-0.4680	0.8558	-0.8434	0.3698	-0.0905	0.6325	-1.6322	0.0713	-1.5682	-0.0909	-0.9013	-0.4553	0.6821	-0.7006	-1.4162	-1.3255	-0.9628	0.1486	-0.5143	0.7999	-0.6914	0.4386	0.3905	-1.6418	-0.0366	0.2620	-0.9797	-0.0997	0.9721	-0.0175	-0.6992	-1.5937	0.6922	-0.9101	1.9265	0.1100	1.4675	0.5782	0.3100	1.3181	-0.0326	-0.3002	-0.4237	-0.3180	0.6037	0.2642	-0.6507	0.0482	0.5960	-1.2095
0.8395	0.3403	-1.2593	2.0665	1.1503	-1.5131	-0.4467	1.3269	-0.1910	0.5808	0.0543	0.5740	-0.1912	1.4949	-0.4507	0.4132	-0.1246	0.1137	-1.4589	0.6796	-1.2408	-0.0630	-0.1743	0.3610	0.4347	0.0379	1.7076	-0.0323	0.9341	-0.3434	-0.2366	-1.1605	0.3303	0.7086	0.3108	0.5309	-0.1937	-2.2161	0.4360	-0.6970	-0.3007	0.4417	0.2513	1.5810	-0.4567	-0.7488	0.0539	0.2188	-0.7967	-0.5778
0.9728	-0.6171	-0.1267	-0.7292	0.8806	-0.4392	-2.6673	-0.1393	0.7056	-0.2877	0.5649	0.5218	-1.3231	0.7260	1.8486	0.1008	0.5003	0.6124	1.6001	-0.8108	0.6763	-0.5021	0.8297	1.3114	-0.4369	0.4019	-1.8055	0.3973	-0.1721	-0.4086	-0.2510	0.1602	-0.8619	-0.6860	-0.4903	1.1211	0.0026	-0.9076	-1.4745	-0.5533	-1.1047	0.5788	-1.2533	-1.2968	-0.9898	1.3201	-1.1542	1.1275	-2.1922	-1.1202
0.5162	-0.3401	-0.7817	0.5084	-0.8761	-0.3135	0.0442	-0.4656	-0.1586	0.8536	-1.5977	0.2576	1.3795	0.8570	2.0181	0.7930	-0.8554	-0.1848	-0.5600	0.0709	-1.7570	-0.3979	0.2029	-0.2280	-0.0884	0.2659	-0.9469	1.0409	0.5616	0.3388	0.3334	2.3703	0.1196	1.3960	-0.9852	-0.1391	0.6082	0.5080	-0.3651	-0.3572	1.2539	-0.9681	-0.5527	1.6605	0.6885	0.6256	-0.0143	-0.1580	-1.5408	1.3400
-0.6118	0.6376	0.7350	1.2894	1.4371	-0.3039	0.5579	-1.5061	-1.0534	0.7979	0.0639	-2.3178	-1.1195	0.1208	-0.5051	-0.1217	-1.1905	1.8631	-0.3391	0.0178	-0.7614	-0.3424	0.7193	1.1029	0.9096	-0.7047	0.2743	0.4619	-0.4299	0.0516	0.8189	-0.3410	0.4166	1.1020	-0.8384	-0.6339	-0.4044	1.0812	-0.9022	1.5329	-2.3743	-2.4811	-1.8141	-0.8003	-0.5412	0.6002	1.2176	-1.1831	-0.3055	0.6298
-0.0369	1.2976	1.6067	0.8914	0.2162	0.8755	-0.4109	2.6680	-0.9928	0.3939	-0.7217	-1.8835	0.6417	-0.9664	1.1587	0.1584	1.3475	-0.8399	-0.3755	-0.1177	-1.6685	0.0540	0.2879	-0.4479	-0.4861	-0.1991	-0.1760	1.1328	-1.9939	0.6892	1.1167	-0.7967	-0.7366	-0.4797	-0.9985	0.8366	-1.2371	1.3388	-0.2338	1.9071	-0.1056	-0.9525	-0.8620	1.5726	0.1067	1.5354	0.9985	0.4381	-0.2033	-1.8311
0.7614	1.6765	0.9431	1.9905	0.7611	-1.0027	0.7193	0.2860	1.5395	0.9196	-1.0006	-0.8083	2.0225	0.3815	1.4027	0.4469	-1.8892	-0.1672	-2.2010	-0.1200	-0.3136	1.8646	-1.8627	0.9142	0.1408	-0.9512	1.0447	0.0148	1.3121	1.9708	-0.8262	-0.0643	-0.6063	0.2830	-0.0231	-0.5778	-1.2618	-1.6302	0.0189	-1.3839	-1.2663	0.1844	-0.8190	1.6250	-0.3427	0.6223	-0.1964	-0.9255	0.5476	0.2944
0.5116	0.3770	0.3459	0.9861	-1.4362	0.3614	1.0913	0.3473	-1.7085	-1.6030	-0.1794	-1.5862	0.4736	-0.8819	0.5895	-2.1106	-0.2951	-0.2493	-2.1323	1.3790	1.1816	0.5607	1.1889	0.2882	-1.4132	1.2182	0.4521	0.2712	-2.5684	0.5689	0.3954	-0.1227	0.6476	2.0472	0.3875	1.1147	0.8435	0.8389	2.3473	-0.2268	0.7100	-0.8593	1.1749	-1.8775	0.8581	-0.7445	1.2950	0.4157	0.0156	-1.2001
-2.2169	2.4071	-0.7648	-1.3476	0.2610	1.0705	-0.8512	0.2461	-1.4486	-0.3743	-0.2225	0.0535	0.1606	-0.4741	-0.9284	0.6229	-0.9339	0.1184	-1.7667	-1.0553	0.2563	1.6412	-2.8127	-0.3980	-0.3609	-0.5584	-0.3057	0.6293	-1.5898	0.3491	0.1941	-0.8025	-1.1048	1.2380	-0.3042	0.3387	1.5927	0.8776	1.0039	-2.4636	0.4833	-0.0153	0.0270	-0.1427	-1.3781	0.9894	0.7181	0.3124	1.0067	0.3163
0.3279	-0.7405	0.2410	0.9473	0.1840	0.3241	-1.0835	-0.2710	-0.3688	1.0880	-0.5448	0.7842	-0.5438	-0.0218	-0.4075	-0.4988	0.4150	-0.6605	0.5414	-0.4704	-0.1214	-0.9131	0.4021	-2.5015	-0.3228	0.7673	0.5897	-0.8152	2.0195	1.2305	1.2421	-0.5283	0.1585	0.3683	0.7659	-1.3193	0.2481	0.4943	1.0539	-1.4869	-1.3254	-0.5424	0.2443	0.3719	-0.6456	0.1202	0.8020	0.1844	0.3448	1.9434
-0.8013	-1.3587	2.0978	0.3517	0.2949	-1.6891	-0.7073	-0.8454	0.2990	-0.4054	-1.3502	-1.0755	1.4980	-0.5084	-1.4833	0.0100	0.4611	-1.0707	-0.3787	-0.0759	-0.0682	1.2476	-0.3550	-2.2552	-1.6810	0.0334	2.5576	-1.4396	-2.1987	0.3514	0.3795	-0.2854	0.7530	-0.3384	1.2788	1.2473	0.4404	-0.5857	-0.0462	-0.6654	0.2576	-0.3892	1.1028	0.4519	-0.9526	-1.2204	0.8054	1.2764	-0.9036	-0.1860
-2.3340	1.6608	0.5710	0.6659	0.9192	0.4523	-1.6566	-0.3226	0.3550	-0.6071	-1.5487	0.0178	0.4768	-1.4126	-1.0441	0.4470	-0.9290	0.0561	0.4518	-0.6472	-0.1595	-1.1058	-0.7488	1.4209	-0.3293	-0.2739	-1.3191	-0.9906	1.1490	-2.1792	-0.2971	0.4226	0.4040	-0.3544	-0.2422	-0.2521	0.4725	-0.1385	-0.3030	-0.3098	-0.0035	-0.7425	-1.9127	-0.9394	1.9538	0.0378	0.7867	0.0147	0.6344	0.3976
-1.2486	-1.5136	-0.6395	0.8428	-1.2394	0.5633	1.3416	-0.1737	0.4673	-0.0050	1.0439	-0.0522	0.0561	-0.9644	-0.2575	0.3578	-0.7566	0.3916	-0.0948	-0.2371	0.4694	-1.3039	0.9272	0.4594	-0.2948	0.2166	1.6976	1.2793	-0.6977	0.4569	1.4536	-1.9377	1.1005	0.1149	0.3568	-1.3855	-1.3423	0.3925	1.8953	0.2697	-0.3771	-0.2317	-0.1709	-0.1858	0.6973	-0.8290	-0.8260	-0.2259	1.8455	-0.3700
-0.4062	1.7237	0.7003	-1.2899	0.0670	-0.6535	-1.2853	1.4079	0.4935	1.2971	-1.2789	-0.6098	0.0288	-0.4072	0.5515	-0.2692	-0.5077	0.6453	0.7086	-1.4298	-0.1138	1.0550	-0.8774	1.2055	2.4251	-0.0274	0.3900	-2.1933	-2.1372	0.1245	-1.5391	-0.8469	0.9759	-0.8491	-0.1405	0.5545	-0.7337	0.4581	2.1069	1.3674	0.5966	-0.7769	0.9241	0.3082	0.7610	-0.1540	1.2704	-0.8569	0.6129	0.9461
-0.3136	0.5770	-0.4685	-0.9754	2.1702	0.5196	-0.3233	0.9103	-0.3143	-0.7811	-1.8769	0.9594	-1.2682	0.5526	-0.1622	1.1623	0.0490	-0.8225	0.1417	0.9093	-0.7771	-2.0164	-0.9552	-0.0562	-1.4257	1.9244	0.3418	-0.5366	0.8018	0.9939	0.5220	1.2007	-0.1829	-2.3069	1.2516	0.1496	-0.6233	0.9111	0.7143	0.3916	0.1180	-0.6921	-0.1275	2.2278	-0.5640	-1.8718	-0.2452	0.4036	1.4123	0.4599
0.6702	-0.0160	2.8655	0.3507	-0.4524	-0.7765	-2.0686	-0.1342	0.1941	-1.9234	-0.1491	-0.7339	-0.9365	0.9882	0.3204	-0.0939	-1.6596	1.1555	0.8922	0.5243	-0.1967	-2.2496	-1.2551	-1.3006	-1.3460	-0.1769	-0.0779	-0.5874	-0.8230	-2.0428	0.3034	-0.0655	-0.9838	0.0666	-0.3055	-1.1390	0.3746	0.7629	1.1985	0.0016	0.8282	0.7567	0.3845	-0.5487	0.1571	-0.5292	1.1774	0.1772	-2.8316	-0.2803
-2.0421	-0.0022	1.0506	1.1377	-1.0366	-0.8453	1.0246	0.5433	1.4725	0.4001	0.6672	-1.5081	1.1546	0.3952	-0.1459	-0.4051	0.3385	-0.2061	-0.2895	-0.7976	0.3942	0.1171	-1.5672	0.7306	-0.0436	-1.0141	0.7261	-0.5031	-0.0138	-0.3422	-1.9647	0.2186	0.6945	-0.6685	-0.3577	0.5811	-0.1216	-0.4065	0.2670	0.1923	-0.3405	0.1459	1.1615	-0.9303	-0.1248	0.2844	0.6105	-0.2410	-1.7968	1.5326
0.4638	0.0656	2.0897	-0.9904	0.1686	-0.6626	0.0099	-0.2763	0.3062	-0.4576	-0.2979	-1.0261	1.6024	0.1181	-0.9904	-0.2562	-1.3869	-0.3231	-0.1850	-0.5211	-0.0080	1.4913	-1.3750	1.0757	0.8437	0.5069	0.7759	1.3155	-1.5016	-0.4357	-1.4863	-2.4432	0.6363	0.8394	-0.3328	-1.2817	0.4563	1.7057	-0.3191	-0.4904	0.9235	0.1028	0.2653	-0.5376	-1.1318	-0.3295	1.8981	-0.0881	-0.2079	0.9943
-0.4416	-2.1015	-0.4266	-0.7173	-0.2153	0.1595	-1.5608	-0.3157	0.2102	0.7160	0.9701	1.3471	-1.5161	1.1828	0.5840	0.0023	1.9547	-0.3113	-2.0909	-0.5676	-1.0252	-0.5640	-0.0448	-0.1099	1.1798	-0.6199	-0.7330	-0.7217	0.5043	-0.2729	0.2484	-1.0496	0.8165	-0.9401	0.0316	0.7023	-0.3342	-0.5494	-0.1137	1.3686	-0.0701	0.5320	-0.6604	-0.3532	0.1606	-0.3956	-0.4201	-0.9211	0.9218	-0.2202
1.1333	0.6731	1.4086	-0.5480	0.0725	-0.5530	-0.4933	-0.7896	0.5166	-0.1030	-0.9471	-1.1084	2.1477	0.0595	0.2282	1.7279	1.3192	0.2830	0.1397	-1.1276	0.1741	-0.2934	-0.1753	-0.8915	-1.2956	0.0487	-1.1692	1.1941	-0.3666	-0.9881	1.8593	-1.2766	-1.5462	-0.1016	-1.4924	0.6560	-1.3257	-1.0371	0.7621	0.8657	-0.0620	1.0254	-0.4770	-0.9268	1.1479	-1.0068	0.8194	-0.0136	-0.1405	-0.7933
-0.6886	-1.3460	-0.9225	0.3132	-1.5244	-1.2885	-0.9835	2.9533	-0.5705	-0.6725	-1.6845	0.9911	-1.6386	-0.6032	0.0596	1.3253	-0.7643	-0.1683	-0.8874	-0.9454	-0.0833	-0.1460	0.1754	0.3364	0.6765	-0.1739	-1.5549	-0.7347	1.7104	-2.0035	-0.2774	0.3656	1.5207	1.1504	0.8595	0.0897	0.6970	0.7672	-0.3995	0.2713	-1.8170	-0.3693	0.4004	-1.3800	1.2458	0.2624	-1.1439	-0.1732	-0.8139	-0.6279
1.8454	0.6648	1.7068	2.5701	0.6949	0.7913	0.5879	0.3141	1.2880	-0.7480	0.8425	0.0055	-1.1718	0.5546	-0.1788	0.4001	-2.0141	0.8946	2.1094	0.3654	-0.5599	0.4917	1.3526	1.6471	-0.6090	1.6911	-1.7331	-0.7819	0.7749	-0.8829	1.9759	0.3220	-0.7690	-0.7299	-0.2603	-1.4783	2.2101	1.3878	1.2525	2.0260	-0.2584	0.6051	-1.5029	1.5940	0.4707	0.5815	3.0785	-0.1675	0.7803	-1.9119
2.1329	0.7049	-0.5153	0.8376	1.0547	-0.0457	-1.2589	-0.2038	-0.1301	-0.2451	1.4938	-0.1502	1.2495	2.2907	1.5610	-0.3917	0.8263	-0.0778	0.7254	-2.2747	-0.7453	-0.1438	1.1195	-1.1072	0.4771	-0.0114	-0.9790	0.3237	0.1165	-1.2995	0.0256	1.6828	0.1492	0.0658	-1.5264	-0.2178	1.9058	-0.8302	0.2427	-0.2902	-0.2466	-0.5187	0.3439	-0.5943	0.2049	0.0233	0.6004	-0.0710	-1.2762	-0.6774
1.5879	-0.0398	-0.7682	0.3471	1.0539	0.0274	1.1186	-0.0356	-1.0167	-1.0811	-1.1679	0.6884	0.4585	0.5237	-0.0782	-1.0426	-0.1407	0.8126	1.6609	-0.5303	-0.4161	-0.6619	1.6552	1.1420	0.7866	-0.9292	-0.8599	-1.1942	0.1740	-0.8068	-0.0788	0.7661	1.9471	-0.9749	-1.4021	-0.3584	-1.5411	-0.4057	-0.4588	0.7163	-1.2883	0.4080	0.2412	0.4800	1.6069	-2.8398	-0.7292	0.0919	-0.9930	-0.0177
-0.8706	0.0076	0.5937	0.1869	0.0446	0.8074	0.5013	-1.0910	0.9628	0.9610	-0.4780	0.1738	1.5675	-0.1325	0.5906	0.4003	-0.4301	0.4757	-1.4879	0.9633	-1.2587	-0.7474	-0.7624	0.4682	-0.1977	-2.0793	-0.9132	0.0216	-0.4433	-0.4550	-0.9130	0.8513	-1.8933	0.4637	-1.2575	0.2196	1.8210	-0.1199	-0.0309	0.5019	-0.0075	0.7223	0.9328	1.2729	-0.6341	-0.5813	-0.7113	-0.3754	-1.8492	0.2695
-0.4394	-0.0090	-1.4025	-0.3544	0.5993	0.3678	0.8800	0.0593	0.7555	2.5543	0.1540	-0.5295	0.4400	1.2182	1.1234	-1.0083	-0.5810	-1.1052	0.3175	1.3609	-0.7856	0.7683	-0.0432	0.1415	0.5719	-0.8880	1.8993	1.0683	0.0124	-0.4298	0.2384	0.1111	-0.0370	1.0343	-0.3293	0.5799	0.6622	-2.0361	-0.8519	0.5350	0.6983	-0.1049	1.3193	-0.8704	-0.6654	-0.4058	-0.0392	0.4933	-0.2274	-0.6514
-0.3459	-0.8693	-1.3626	-0.9689	0.2907	1.5349	-0.3487	0.1966	0.8914	0.2349	0.8567	-0.1649	-1.0038	-0.4307	0.4823	-1.1071	-0.4013	0.1438	-1.5461	1.9558	0.6347	0.9313	0.8236	-0.0733	0.5217	0.4351	0.2539	-1.1905	0.7171	-0.2423	-0.1660	-2.0845	-0.5035	-0.6966	-0.3680	-0.2625	0.3424	-0.1016	-0.4200	0.6123	0.6958	0.6254	0.8345	-0.9671	1.1024	0.7649	-0.0815	1.4067	-2.1090	0.0774
-2.0086	0.3781	0.9751	0.9121	0.3412	-1.1438	0.3586	0.8110	0.9995	-1.2295	-0.6626	0.2214	0.3002	-0.9933	0.4501	-0.1212	-0.9873	0.0283	-0.4902	-0.5665	-0.7022	0.2713	-1.4315	1.6247	-1.2848	1.9411	0.1519	0.6658	2.4054	2.4745	-1.7657	-1.2308	0.6698	0.2186	-0.3376	0.1483	0.4960	-0.6916	0.5532	-0.5214	-0.2265	-0.7726	-1.2106	-1.3303	0.8908	1.0397	1.2296	-0.2227	-0.5143	-0.4516
-0.6622	-0.0135	-0.2302	0.0589	0.2112	1.5293	-0.5430	0.9748	-1.1734	0.5656	1.6063	-1.3677	0.7244	0.3173	0.6678	-1.3200	0.3848	0.7910	0.0173	0.9496	-0.6266	-1.5622	-1.9554	-0.0373	-1.1336	-0.8261	-0.0230	0.8095	1.4635	-1.5829	0.0334	1.0659	0.5289	-0.4284	1.2702	0.0783	-0.1713	0.2284	-0.5871	1.6218	-0.9864	-0.5186	-0.2191	-1.3041	-0.2466	0.9660	-1.0446	0.3311	0.9053	0.0748
0.0795	0.3795	-0.0996	1.6264	-0.4029	0.8942	0.2525	-0.8308	-0.5180	0.7731	-0.2910	-1.6390	-0.2208	0.5833	-0.9353	1.2006	0.2220	0.2225	0.8706	1.3786	-0.5122	-1.0365	0.1939	0.3124	-0.9253	0.7664	-0.0516	-0.8080	1.6641	0.7391	1.5150	-0.6837	0.7782	0.2125	-0.8635	-0.2052	0.5233	-0.5570	1.0951	-0.8048	0.5950	2.3221	0.2858	0.2671	1.6943	0.8274	-0.7198	-1.5681	1.6531	-0.8660
0.2791	0.3235	-0.0848	0.5178	1.7792	0.6903	0.9300	-0.0463	-0.2979	0.8484	-0.7427	-0.2337	1.2734	-0.9378	-0.2473	1.4854	1.5699	-0.2499	-1.4990	1.4566	1.3185	-0.5638	0.6086	0.5535	-1.0010	-0.7415	-1.0559	-1.3230	-0.6967	-1.5318	-0.7472	-1.0568	1.6130	0.5350	-1.7656	-1.0301	-0.8432	-0.2747	-0.7639	-0.5991	-2.8674	-0.7904	0.7502	-1.4835	0.0994	0.4560	1.2220	1.7127	-0.0251	0.1883
-1.0791	0.8910	-0.6413	-0.4180	-1.1894	0.8114	1.1624	1.6539	-0.3240	0.2669	-0.7508	-0.9220	0.5692	-1.4895	-1.5199	-0.3965	0.2084	0.8345	0.2382	0.3012	-0.9240	-0.3487	-0.2136	1.1521	-0.3122	0.8286	0.0764	-0.5402	1.9169	0.0725	-0.2567	0.1078	-1.2266	0.3418	0.5359	-0.5873	1.1310	1.3375	0.7209	1.0038	0.0895	0.3196	0.9955	-1.0566	-0.7091	-1.0017	-0.1927	0.2579	-1.4176	0.8101
-1.3631	-1.0128	0.0784	0.2383	0.9619	-1.1008	0.7817	0.5041	-0.1483	1.3460	0.4878	1.0996	0.4022	0.5919	0.0588	0.5436	-1.9081	-0.1598	0.5358	1.1272	-1.0718	-0.5244	-1.2346	-0.3567	0.4468	-0.1730	0.4864	0.1501	-1.2156	-1.1975	-0.0727	1.2013	0.1013	0.6882	-0.1983	-1.1297	-0.7559	-0.2745	0.9928	-0.1743	0.1734	0.8848	1.2589	-0.2071	0.0742	-1.1761	0.3784	0.8131	1.4051	0.4109
1.3234	0.6505	-1.1964	0.1613	-0.9085	-0.8257	0.4200	-0.1892	-0.2476	0.0196	0.8469	0.0953	0.7178	1.4280	-1.3159	-1.2804	-1.1913	-0.2609	0.0173	-0.0353	-0.4495	-0.8809	-0.8141	-1.1279	-0.7126	0.0564	-0.0124	0.6072	-1.8281	-1.0416	-0.3922	0.1646	-0.3770	0.2793	-0.6891	-2.2819	-1.2648	1.1551	-0.2504	-0.4179	-2.2364	-1.9118	0.1232	0.3500	2.4084	1.5724	-0.1639	-0.8268	-0.3308	-0.7263
0.1421	-1.4739	-1.1286	0.2950	-0.9295	-0.5477	2.1073	1.0804	1.1070	0.8738	1.9236	-0.9201	-0.9609	0.1199	-1.5505	-0.9170	-0.9216	-1.2702	0.3654	-0.4927	-0.4314	-1.8235	0.1590	-0.5378	1.4563	0.0844	1.1355	-0.0330	-1.4904	-1.0903	0.7093	-1.5913	-0.9726	1.1096	-0.7784	1.5565	1.8826	-0.1834	0.1580	-0.4429	-1.5667	1.6659	-0.5486	2.5362	0.9266	0.8029	-1.3621	-0.0283	-0.4156	1.7157
-0.9036	1.0285	-0.2850	1.4456	1.9488	2.1190	-2.2244	1.5908	-0.5410	-0.9545	-0.0325	-1.5072	-1.4961	-0.6301	1.1310	0.6110	1.1930	-0.4510	-0.4588	0.7284	-0.0971	0.0756	-1.0611	0.0356	0.0238	1.0899	-0.8220	0.1824	-1.2973	-0.3199	1.0796	0.9678	1.1835	-0.6636	1.2024	0.0095	1.7520	1.3483	0.5309	1.5196	0.5660	-0.3284	-0.2888	1.8760	-0.8775	-0.3668	0.2653	0.1907	-1.6133	0.5799
-1.6487	1.1039	1.3355	-0.6869	1.6023	-1.9931	-1.5120	0.7813	-0.9103	-1.9632	-0.7744	-1.2012	-0.1928	0.1008	0.0396	0.0633	-0.6147	1.3537	0.2946	0.5258	-1.5642	-1.5216	-0.5710	-0.7505	-0.1990	1.1183	0.3823	0.1624	1.0215	2.5276	-1.4465	-1.5560	1.6161	-0.2543	0.8678	2.7257	1.0866	0.0164	1.2568	-0.8529	-0.5312	-1.5122	-1.0125	-0.9412	-0.9478	3.1519	-0.4058	1.2264	-0.2975	1.4590
1.1632	-1.6831	-0.4050	1.5029	-1.0368	-0.7081	1.0446	2.1928	-0.3923	0.1221	-2.3800	0.6042	-0.1187	-0.5785	-1.0484	2.2629	1.3007	1.4482	-0.3994	0.7572	0.1595	1.1807	-0.8292	1.0739	-1.2315	0.6328	0.4443	-2.0043	0.4515	0.8704	-0.5059	-0.4052	0.1194	-0.3804	-0.6639	1.1515	0.8255	-1.7135	1.2471	-0.3551	0.1452	-0.6996	1.8115	-0.9089	-1.3083	1.1901	-0.3111	-1.5076	-0.5287	0.8743
-0.8688	-0.4580	-1.3328	-0.5362	0.6304	-0.2606	-0.0343	-1.2305	-0.8376	-0.3954	0.1293	0.0090	-0.0365	0.7149	0.2150	0.7601	2.1828	-0.4036	-0.2674	0.9032	0.9307	0.6234	0.2006	0.8060	1.4787	-1.6956	-0.2721	1.1630	-1.9026	-1.6130	0.3615	0.9238	-1.0766	0.9283	1.3492	0.5967	-0.1656	-0.3437	0.4452	0.8001	-0.2999	-0.9574	0.7891	0.4587	0.1969	-1.1119	-0.4103	1.0909	1.6903	0.4597
1.3979	-0.7867	0.3434	0.3561	0.1783	0.0729	-0.4634	-1.5547	0.1972	1.1265	-0.1416	-1.4019	-0.4998	1.3772	-0.6321	0.1484	0.8746	1.0158	-0.9449	2.1371	-0.2288	-0.8663	0.7899	0.8608	0.6639	-0.4777	-1.2368	0.6900	1.0068	0.7170	-0.0919	-0.3944	-0.5255	-1.9107	1.1495	1.4568	1.8868	-0.2386	1.2513	-0.7643	0.2312	-0.5915	0.0008	0.1355	-0.6216	-1.2676	-0.0459	-0.4513	1.3196	-2.3649
0.8578	-0.5095	-1.1866	1.3319	0.9150	-1.3113	-0.1646	-0.7762	-0.8008	-1.0840	0.5480	0.9899	-1.4922	1.1712	0.8969	-2.0624	-0.3752	-0.2696	-0.3166	-2.0195	-0.9933	-0.2293	-0.6278	-0.9144	-1.3325	0.8343	-0.4963	-0.1900	-0.3836	-0.8028	0.9402	-0.3211	-2.5233	-1.8894	1.4190	1.3555	0.7116	0.9691	-0.0341	0.8404	0.3893	0.0083	0.3453	2.5959	1.5698	-2.1903	-0.7648	0.9365	0.2419	-0.5539
1.2582	-1.6517	0.3835	-0.7237	1.0120	1.0968	0.5762	-0.1378	1.5434	0.1667	1.0273	0.0767	-0.6058	-0.0084	-0.1707	-0.6025	-0.7573	0.0394	-0.6675	1.0745	0.4773	-1.0900	0.9287	-1.8801	1.5983	0.5396	1.7022	0.0661	-1.6689	-0.6551	0.9301	-1.2946	-1.4839	0.4585	0.9240	-1.7332	0.8257	-0.5582	-0.0352	-0.5552	-1.8477	0.5376	0.1608	0.6833	0.8981	0.9549	-1.9484	1.5852	-0.0341	-0.0260
-1.1768	-0.0018	1.0182	-0.6430	1.6971	-1.3927	-2.1310	-0.3126	0.4095	-1.0208	-0.3560	0.0260	-1.5160	0.4985	-1.0023	1.0179	-0.2559	0.5772	-0.7110	0.6001	2.7486	-0.2394	0.3126	0.6840	3.1102	1.6419	0.0053	1.0351	0.0411	0.7852	0.4466	0.5592	-0.5512	-0.2757	-1.1719	1.4028	0.9717	1.3139	0.1314	0.2197	1.5304	-0.8274	3.2041	0.9489	-2.1739	1.7377	1.0197	-1.3525	0.2882	-1.0904
0.2484	-1.7095	3.0080	-0.5160	1.1996	-0.1645	-0.2825	-0.5491	-1.7335	1.2606	0.2945	-0.8440	-0.0939	0.0648	1.5590	-1.2782	-0.1658	0.9002	1.5076	0.0249	-0.3537	-0.4711	1.2273	-0.7337	-1.4442	-0.4390	0.0601	-0.7365	0.9227	0.3779	1.8263	0.1115	-0.5171	-0.8683	1.0431	-2.0060	-0.2540	-0.5268	-0.4205	-0.0321	0.4169	-0.1070	0.8008	0.0694	1.7765	1.1837	-0.3479	0.1134	0.1509	-0.4816
0.6199	-1.0423	-0.4820	1.0978	-0.4322	-0.5706	0.5168	-0.0524	0.0894	-1.4084	0.3079	-0.7002	-0.8218	-0.3956	1.3088	-0.6655	0.4358	0.3692	0.8554	0.9386	1.6321	-0.3360	-0.5859	-0.8905	-0.5366	-0.7285	-0.3052	-2.0747	-1.4031	-0.2372	-0.6387	-0.3842	-0.6369	0.1271	-0.8631	-0.9345	1.0140	-0.1347	2.6333	0.4318	-1.1177	-1.0658	0.1958	0.2443	-0.7699	-0.4195	-1.9481	0.2501	0.8692	1.0125
-0.4277	0.7708	0.7722	-0.5479	0.1902	-0.5513	-0.2527	0.0214	0.4997	0.7161	0.1724	1.7064	0.8348	-0.6763	-0.6737	0.9235	0.3367	0.6071	-1.2889	0.0501	-0.6696	0.7948	-0.0948	0.6199	-1.1356	-0.6053	-1.0799	-0.2779	1.4534	-1.0730	1.3721	-2.1946	-0.7786	-1.6064	0.5415	-0.8565	-1.5890	0.4918	1.0045	0.0894	0.7408	0.9970	-0.2445	-0.4459	-0.0757	0.1832	-0.7267	0.4502	-0.2294	2.0889
1.7564	1.1736	1.1863	0.1625	-0.1172	0.3400	-0.5572	0.4712	-1.3774	-0.7905	0.2797	0.7297	-0.7110	-0.7685	1.2197	-0.6620	-0.1023	-0.1153	-0.5739	0.5668	-0.5722	-0.8603	-0.7225	0.6142	-0.3307	-0.4331	-1.0572	-0.1596	-1.0521	0.9796	2.0196	-0.0892	-0.3693	1.6187	-1.2283	-0.9862	0.3075	0.2918	0.9189	1.9774	0.7493	0.0718	-0.2979	0.3450	-0.1070	-0.4057	1.6097	0.6614	0.9942	0.5188
2.5178	-0.3220	0.4345	1.3311	-0.4189	0.9087	-0.3099	-1.0377	2.1666	1.9555	-0.2841	-0.1936	-0.1846	-0.0852	1.5880	-0.1293	0.4219	1.5551	0.0851	1.2691	2.0207	0.8934	-0.6655	-0.1752	-1.5970	-0.4835	0.8624	0.1085	1.0547	-0.9494	-0.7739	-2.1597	1.1860	-1.4148	-2.9784	0.3219	-0.3630	-0.5329	0.4079	1.3859	-0.2296	-2.5128	-0.4918	1.0270	-1.7040	-0.1906	-0.9586	-0.9061	0.1889	0.2056
0.9095	-0.1396	1.5888	0.4007	-1.4301	-0.0974	0.3390	-0.1524	-0.1949	0.3852	-0.9537	0.4767	-1.9233	0.3866	-0.5372	-1.2540	0.3085	-2.3832	-0.0842	0.5695	0.7536	-0.6280	-0.4822	-0.8530	-1.5468	0.1725	1.6940	0.3190	-1.0985	-0.7202	-1.4745	1.0713	-0.1938	1.5916	0.7689	-0.1950	0.8679	0.3584	0.9982	-0.7107	-0.4125	0.5314	-0.8336	-0.3417	-0.6341	-0.8827	-1.1382	0.4875	1.0764	0.6038
-1.0166	0.4637	0.8777	0.7307	0.2902	-1.2671	-2.5172	1.0997	-0.2051	2.1878	-0.4707	-0.3875	-2.2786	-1.0522	-1.0601	-0.8744	-0.2507	1.0544	-0.4472	1.0498	-1.4690	1.1843	0.1466	-0.1499	0.9422	0.1662	0.1191	-0.4895	-0.6260	1.3666	-0.1193	-0.8002	0.4482	1.4063	-0.3055	-1.1724	1.3809	-0.0436	-0.1360	-0.0589	-0.5846	1.8219	0.5010	-0.4138	0.9242	0.9874	-0.5933	0.2976	1.0158	1.1843
-0.2607	-0.1286	-1.3885	-0.8283	-0.8316	1.2407	0.7545	0.1163	0.8789	-0.3531	0.7661	0.3760	-1.8057	-0.2542	-1.4008	0.3428	-1.1326	-0.3919	-0.0368	-1.7469	1.4887	-0.6129	-0.0900	-0.1561	0.0430	-0.1053	2.1347	-0.2578	1.3345	-1.0895	-0.2312	0.7415	-0.7642	1.0664	-0.2035	-0.3947	0.4764	0.1076	1.3658	-1.3304	-0.6484	-0.5930	0.3557	-0.1080	0.2256	1.6925	0.0564	-0.6436	-0.5452	1.4696
-1.8159	-0.7027	1.5639	-0.5055	-1.9384	0.3087	-0.3425	0.6550	0.1018	1.4538	1.9382	0.2905	0.4073	-0.3355	-0.9318	0.2543	1.8098	1.7002	0.2653	0.8540	-0.2837	0.3264	1.2426	-1.2679	1.3469	-0.3390	0.3489	-1.0622	-0.0017	-0.2480	-0.8331	-0.9664	1.1848	1.5781	1.1191	-1.0695	0.4847	0.0091	0.0698	0.1568	0.1401	-0.4134	-0.7283	-1.0982	0.7385	-0.8931	0.2329	0.6122	-0.2430	-0.9069
0.2757	-0.6086	-0.9979	-1.4612	-0.1785	0.1970	-0.4949	0.6574	-0.7688	1.3019	-0.8750	1.0497	0.3284	1.5164	-1.2965	-1.1277	-1.6269	-0.8157	-0.2102	0.2267	0.4370	0.6278	1.3999	-0.2523	0.4145	-0.1022	-1.2754	0.5284	0.1303	0.1648	-1.0294	0.3571	-0.8138	-0.8191	0.1433	1.1158	-0.9007	-1.4239	0.5805	-1.4114	-0.3188	-0.6796	-1.8700	-0.1157	-1.2296	-1.2368	1.4321	-1.2477	1.4599	-0.4633
0.4481	0.1542	2.0810	-0.4760	1.7137	-1.3258	0.6722	-1.2743	0.8515	0.9154	-0.7643	-1.2105	0.5522	0.0741	-0.3909	1.5885	-0.9673	1.3367	0.5100	0.5512	-0.6206	0.6775	-1.5627	0.7245	-0.8624	0.7488	0.0158	0.8619	1.1109	1.2539	-1.7083	-2.4784	-0.3288	1.7607	0.4702	-1.1897	-1.4914	1.1294	0.3678	-0.5082	-0.3481	0.3501	0.0104	0.1723	3.3448	-0.2669	0.2956	1.0149	0.9301	0.6123
0.0607	0.4498	-1.2857	0.2501	-0.4662	-0.4107	-0.5335	-1.2109	-1.1806	0.2937	-1.6705	-1.5908	-0.4705	-0.3168	-1.4977	-0.0208	1.7705	0.1191	1.1502	-1.9572	0.3549	-1.2226	0.1273	0.8343	-0.1468	-1.7147	0.9891	0.4635	-0.1531	-0.4509	0.3393	0.6810	-0.1131	0.0802	1.7214	-1.7157	-0.8393	0.8880	0.2914	0.4132	1.7719	0.6213	0.6368	0.0344	-1.0247	0.8026	-0.7457	-0.0315	-0.9332	2.0508
0.3084	-0.3128	-0.2667	-1.8050	-0.7133	2.0921	-0.6305	-0.6404	-0.0787	-0.5412	1.7243	-0.0120	-0.0660	0.6565	1.3896	0.9554	0.3642	1.5048	-2.1225	0.0938	-0.9971	-0.9404	-0.3586	0.6086	-1.2823	-1.3297	0.7980	0.0918	0.0875	-0.7847	-0.5751	-0.0653	0.7393	1.0679	0.1713	-0.0610	0.4862	-1.6133	0.1022	-1.0291	-0.4258	1.5347	0.8384	0.6263	-0.0393	0.0326	-1.3856	-1.0228	0.1333	1.4640
0.2150	-0.1162	-0.9821	1.0151	-1.5724	0.4655	1.0559	0.2176	0.8918	-1.0243	-0.2032	0.4106	-0.7774	-1.9946	1.1039	1.8291	1.3796	0.4034	-0.8039	1.5136	0.6085	1.5591	-0.1787	-0.2714	0.6880	-1.3582	-0.4135	-0.7800	-1.2915	0.2913	0.6611	0.9813	0.3232	-0.1858	0.4304	1.7336	-0.9649	-1.8164	0.8664	-0.6041	-0.0517	-0.3151	0.9728	0.0577	-0.3417	0.8808	-1.2677	0.8174	0.0988	-1.2764
-0.4245	-0.4347	1.5309	-0.1926	0.0334	0.3101	0.2020	-1.1164	-0.3854	1.0558	0.7890	-0.3687	1.0459	1.8546	0.3800	-0.2200	0.5174	-0.2111	1.4099	-0.6302	1.6613	0.5144	0.0633	-0.0312	0.1329	0.1606	-0.1726	0.0564	0.3927	2.1641	-0.7819	-0.9941	0.9246	-0.0798	-0.5797	-0.0763	0.1472	-0.0848	-1.2346	2.1964	-1.1044	0.0974	0.4308	0.4798	1.1493	0.6520	-0.8252	0.0490	0.5761	1.7617
3.4382	0.4585	1.0013	0.1192	3.2257	-0.6843	0.4036	0.2648	-1.1438	-0.6241	-0.7241	0.8233	0.1527	1.0429	-0.1421	-1.7678	-0.5448	0.2800	-0.5380	-0.5484	-0.2919	-0.2789	0.8829	-0.6137	-0.2353	0.0588	-0.5727	-0.1421	0.1409	-0.3742	-0.4460	-1.6210	0.8016	-2.6586	-0.3976	-0.6516	-2.2484	-1.9969	-0.2084	-0.1552	1.4216	0.0077	0.4567	-1.2679	-0.2062	-1.5661	-0.1116	1.7049	-0.9799	1.9798
0.4198	1.0944	-1.6251	0.3617	0.0599	0.2982	-0.4198	-1.7406	-0.3153	-0.2685	-0.4109	0.8239	0.1098	0.9374	0.9460	0.7506	1.7203	-1.1353	1.1104	0.3136	-0.3770	-0.5605	0.0043	0.8667	-0.6254	1.7297	-1.3937	1.6514	-1.4339	0.8567	0.6587	-0.5672	1.8395	1.0568	-0.6943	0.0813	-0.6187	1.6396	-0.2819	0.5661	-0.2577	-0.1880	-0.1891	0.3832	-1.1385	-0.8894	-1.1212	2.0062	-0.6338	1.1380
0.3903	0.7566	-0.0853	-0.5682	0.2122	-0.3912	0.5455	-1.3014	1.3608	0.2842	0.0498	0.4813	-1.2554	0.9357	-0.1035	-1.1514	0.0094	-0.5245	0.5668	0.4395	0.2092	0.3400	-1.2867	1.3717	1.5500	-0.0201	-0.7132	1.8115	1.5481	-1.7698	0.5128	-0.8132	0.0411	-0.6769	-0.9089	-1.0434	1.5573	-0.4313	1.5645	1.1937	-0.8233	0.5263	0.6616	0.7866	0.3150	0.3747	0.3951	-0.2698	1.2402	0.1849
0.7528	-0.6068	-0.0029	0.0305	-0.1719	-1.1304	-0.1041	-1.1131	-0.6620	-0.5547	-0.9126	-2.6397	1.2543	-1.4727	-0.4949	0.4391	0.5052	-1.1674	1.6395	1.6847	-0.8871	-1.1146	-0.9913	-0.2815	-0.9026	-0.7256	1.2756	-2.6791	-0.1678	0.9941	0.0202	-0.8680	1.0635	-1.0907	2.0297	0.0752	-0.7412	0.4609	0.3139	-0.6971	0.1871	0.6856	0.1725	1.4410	-1.3803	1.0868	1.3865	1.2405	0.2076	0.5995
1.2321	-0.0666	1.1173	0.2150	0.9926	-0.0622	2.1038	0.2389	1.2197	-0.7361	0.2780	-0.0371	-1.0289	-0.8517	0.9878	0.0607	-0.9573	1.1240	0.4445	2.6411	0.5270	0.2289	1.0183	-0.1946	-1.8447	0.2419	0.1884	1.1498	-0.3496	-0.3185	0.1798	0.5369	-0.3099	0.0048	0.6178	-0.0116	0.4362	-0.3194	0.2255	-1.5113	-0.3483	-0.7921	-0.7530	2.3877	-0.4175	-0.5756	-0.1707	0.0695	-0.4360	0.9250
0.4140	1.0625	-0.8915	1.6441	-1.1078	0.6086	-0.0642	1.3710	-0.2251	0.4833	1.1358	0.5207	-0.4824	-0.0493	-0.3984	0.3712	1.2349	0.4421	-0.2025	-1.8476	-0.2484	0.0355	-1.7873	-0.7766	-1.0678	1.0236	0.3892	0.5813	-0.1501	-0.2878	-1.0480	-0.1117	-0.2856	-0.5835	0.1655	-0.7380	-1.3319	0.2711	0.4825	1.0899	-0.1032	0.3641	0.0691	1.0904	-1.2241	1.3098	-0.8256	0.0247	0.4973	-1.0656
-0.8483	0.5667	-0.3430	0.7686	-0.0192	-0.5890	-0.8785	0.1872	-0.3308	0.4848	-0.9570	-0.5318	-0.9751	1.2930	-0.7462	-0.9037	0.7070	0.0057	-0.3860	-0.3897	-0.8610	0.2061	1.2950	0.3056	0.4996	0.3421	0.6405	2.0434	2.1907	0.1657	-0.4933	-1.3629	0.2532	-1.7920	0.4985	-0.1588	2.3526	-0.1189	-1.2174	-0.1502	0.4171	0.5693	1.4217	1.3620	-0.7021	-0.7702	0.5358	0.1446	-0.2198	-1.6323
-0.1341	1.0348	-0.1224	0.7219	3.7480	-1.3010	1.7343	-0.0524	0.4809	-0.7748	-0.0278	2.6772	-0.3912	0.5922	1.3531	-0.5602	0.1557	-0.6222	-0.3415	-0.2515	-0.9783	0.3241	0.2012	-1.0890	-0.1115	0.2633	0.8024	1.1521	-1.5507	-0.8061	0.2980	-1.2092	-1.4821	0.7913	-0.9991	0.7429	0.4478	-1.2326	-2.3863	-1.4599	-0.7772	-0.6930	-1.4313	-0.6593	0.8717	-0.1581	-0.7266	-0.5248	-0.8192	-0.5338
1.7423	0.1807	-0.5889	-0.4859	0.3373	1.0138	1.0313	-0.9237	-0.5744	-0.6345	-0.5394	1.0055	-0.6732	0.8661	0.2491	1.0669	-0.2789	-0.5030	0.4933	1.5883	-1.2296	-2.0396	0.2559	0.5883	-1.2203	0.8830	0.8014	-0.0368	0.9795	1.2129	2.4912	-0.6423	0.3779	-1.2303	0.3660	1.7667	0.4831	-0.6171	0.9962	-0.0216	-0.2289	0.5338	0.8763	-0.9520	2.1615	-0.3237	0.9334	-0.0231	2.2460	0.4928
0.1339	0.4989	-0.0152	0.5802	-1.7817	1.3579	-0.7289	1.8135	1.5762	-1.3911	0.6889	0.1748	-0.4065	-1.9911	0.7952	0.3165	-0.0868	0.8694	-1.4781	-0.1401	-1.6848	0.1218	-0.7835	-0.5555	-0.6340	-0.1452	0.8116	0.7907	1.5497	-1.4075	-0.1049	-0.0227	-0.4396	1.1848	0.7483	-1.4462	0.2330	-0.3630	-1.1280	0.7786	1.8137	0.2679	0.1073	-1.0170	0.5625	0.8162	-0.3924	-0.8982	-0.2295	-0.8854
-0.2127	1.3681	-0.3243	-1.1357	0.1865	-0.4480	0.4008	1.2430	0.2215	2.8247	-0.6080	-0.0415	-1.3250	-0.3852	0.2677	2.2790	0.6881	-0.5268	0.9740	0.4920	0.7757	0.0005	-1.2661	0.0063	0.2103	0.4500	1.9125	0.1091	1.4989	0.5854	0.4623	-0.3038	-0.7511	-0.6793	-1.0494	-0.8444	-0.7785	0.1481	-0.2417	1.1928	1.2654	-0.6630	-0.8443	0.1696	1.5242	-0.3019	-0.6018	0.6216	-0.5475	-1.4565
-0.0698	0.6375	2.0543	0.4940	2.1883	1.2187	0.8616	-0.8232	1.4726	-1.1309	-0.3244	-0.1888	0.5186	-0.2729	1.5474	-1.6141	0.5387	1.3549	-0.7754	-0.0961	-0.0306	0.3029	1.0435	-0.5067	-0.4386	-0.3540	0.6684	0.6134	-0.3677	0.0426	-0.1844	-0.9041	0.8963	-0.5485	1.7656	1.2207	1.2109	-0.6832	-0.6091	-0.0031	-1.6166	-0.5757	0.4024	1.2144	-0.6162	0.7862	-0.2097	-0.3271	1.1616	-0.9094
-0.2897	0.5986	0.2743	-0.0927	0.4414	1.1616	-0.4702	-2.5925	-0.1711	0.3472	0.0742	1.3186	0.8897	0.4936	-1.1171	0.8571	0.7389	-0.1490	-0.5336	-1.1268	-0.6355	0.1117	2.4793	-0.5869	0.8782	2.5811	-1.1721	-1.5705	-0.5034	-1.1050	-0.0052	0.4183	1.9042	-0.1099	-1.4802	0.8458	-0.4291	-0.4029	-0.5724	1.6130	1.9366	-0.7128	-1.9020	-0.9818	1.6119	-1.2906	-0.1562	-0.9561	0.1008	-0.6560
-0.4209	-0.9580	0.6308	-0.8812	1.0640	0.1147	-0.4800	1.1283	1.5220	-1.0958	-0.5633	-0.2825	1.8748	1.1524	0.1872	-0.1881	-0.6212	-0.2338	2.3143	0.6875	1.5161	-1.3723	-0.5894	0.0999	0.0690	1.7970	-0.9926	0.4267	-0.3467	1.1209	0.9711	-1.3818	-1.2045	-0.3705	0.9502	0.9373	0.6871	0.3207	-0.0886	0.4157	1.0102	1.8541	1.1957	1.6272	-0.5165	-1.0804	-0.1807	-0.6906	1.5929	-0.3180
1.3941	-0.1798	-0.1773	0.7375	3.0632	-0.4618	0.5133	0.1351	-0.0915	-1.0533	-1.0986	-0.4730	-0.2276	2.6458	0.1746	-0.2939	1.3585	-1.1463	-0.4300	-0.1196	-0.2899	0.7328	-0.6203	2.2423	-1.0268	0.3114	0.5761	0.1832	0.9371	1.5242	-1.4162	0.4387	-0.5146	-1.0033	1.5393	0.6239	0.1039	1.5783	0.5832	0.1596	-0.3775	0.1275	-1.2836	-0.0135	0.4432	0.2103	-1.1513	-2.0211	2.0507	-0.2233
-0.6773	0.0701	-1.2504	-0.1483	-2.2557	-1.3344	-0.6135	-1.5622	-0.7041	-0.9604	0.6552	1.1318	-1.1514	0.6639	0.0588	-1.1663	0.4109	-1.0870	2.3131	0.9675	0.7436	-0.1332	-1.4219	-0.5529	1.2459	-1.0451	-0.6842	2.4723	-0.5741	0.0015	-0.4109	0.9174	-1.1092	-0.0912	0.0557	-0.5168	1.4656	-1.8458	1.4777	3.3803	-1.5962	-0.7640	0.6082	-2.0397	1.4698	1.3406	1.2200	0.9205	0.3311	-1.7877
-0.2072	-1.4223	0.6369	0.4968	-0.8851	2.6356	0.9774	-0.4881	1.0540	-0.0860	-1.6465	0.6953	-1.7241	-0.9542	-2.5179	-1.5038	-0.8331	-1.3262	-0.2280	-1.8586	-1.4188	0.5526	0.4728	1.0099	1.1849	0.6755	0.9145	0.2409	-1.4736	0.0391	0.5427	0.4694	1.5977	0.1911	-1.3439	1.1467	0.0909	-0.4603	-0.1664	-0.6815	-0.9754	0.2414	0.2961	-1.8867	-0.0193	-1.3788	-0.8250	0.4632	0.5125	-1.2348
-0.8340	-2.2713	0.9167	0.3470	0.3828	0.1774	-0.7222	1.1187	-0.2466	-0.6336	0.1160	-1.7346	-0.8481	0.0651	0.6211	0.0076	-0.0293	-0.4398	0.2015	-0.0215	1.4060	-0.1684	-0.8240	-0.8448	0.0141	-1.5526	0.2969	0.3622	1.2881	-1.8859	-0.5005	0.7916	0.9358	0.6862	-0.6289	0.3804	1.1753	0.0946	-3.3153	2.8884	0.7873	0.2278	0.3639	0.0179	-2.1621	0.9279	1.3280	-0.8778	0.3951	0.7961
-1.0083	0.3534	-0.2469	-0.0643	-0.4630	0.7450	0.1532	-0.4231	1.0917	0.9641	-2.2489	0.1795	0.8022	-1.3359	2.2810	0.2332	0.4813	-0.3168	-0.2990	-1.5441	-0.0950	-1.3047	0.7253	0.0590	-0.3389	-1.8079	-1.1687	-0.4544	0.4957	0.8163	2.4319	0.4548	-1.9848	-1.2445	-0.0312	0.2429	-0.2118	-1.4892	0.4459	0.3642	0.8691	0.5967	-0.6927	-1.6547	0.1689	-0.8357	-1.1133	0.9502	0.9133	-1.3518
-0.5755	0.9555	-0.3086	-0.6466	-0.1778	-0.6366	0.6253	-0.1076	-0.4078	-1.9782	2.4011	-0.9888	1.0276	-0.2030	0.9216	-0.5857	1.3796	1.3351	-1.6329	-1.6918	-1.8090	-0.2203	-0.6637	0.0540	-0.2948	0.9682	0.7807	1.2603	0.4151	1.0345	-0.0186	0.2065	-1.2933	-0.0930	-0.1872	0.6526	-0.0669	0.8922	2.1317	-1.5651	0.3193	-0.6147	-0.2746	1.8818	-0.7503	1.0582	-0.1073	0.9095	0.5284	-2.0946
-0.5090	-1.2243	1.4046	-1.1369	0.8916	-1.3293	-0.9101	1.2152	-1.0031	0.7846	-0.5620	-1.3960	-0.1458	-1.5509	1.0535	-0.6825	-0.6728	-0.3084	-1.3273	-0.9593	1.1181	1.0701	-0.2963	0.8145	1.2285	1.4033	0.5734	0.6824	-1.0676	0.4345	-0.9643	0.1642	-0.8985	-0.3044	-0.1830	-0.7022	-0.4926	-0.3770	0.4529	0.6408	-2.1212	-0.9163	1.9933	0.0802	-0.9304	0.8895	0.5669	1.6921	0.5702	0.0965
-1.0672	-0.3250	-0.5793	0.2042	0.2178	-0.4824	0.0419	0.6409	-0.1476	0.1188	-0.0462	0.7984	1.0233	0.3183	-0.2442	0.9244	0.4879	-0.3983	-0.9036	1.5570	0.1665	-0.2331	0.8009	-1.1391	0.6580	0.9301	-0.2407	1.2877	-0.1329	2.0103	1.7361	0.0278	0.2346	-0.4166	-1.7300	1.4606	-0.2868	-0.5854	1.7615	-1.0547	2.0660	0.2311	-1.1585	-0.5231	-0.2816	-0.2336	0.4751	0.2658	1.8855	1.7945
-0.5428	-1.0379	1.0369	-0.1839	0.0116	1.1075	-1.1468	-0.0281	0.5043	0.5379	0.1542	1.3071	-0.6031	0.1761	-1.3994	-1.6596	-0.2511	-0.7542	-1.3981	0.1994	1.2504	0.1171	1.3278	0.3535	1.1066	0.6008	-0.9043	0.5114	1.0755	-1.1487	-0.8138	-0.3301	1.1226	-0.0257	1.4836	-0.3161	0.9692	-0.2226	-1.3277	-2.2838	-0.8557	-0.4715	-1.9821	-0.9591	0.2190	0.9707	-0.2165	-0.6205	0.7553	1.0785
0.2134	-0.3985	1.2114	0.0135	1.6400	-0.0828	-0.7888	-0.2808	-0.7801	0.5051	1.7171	-0.8292	0.2992	-0.0851	0.4647	-0.6313	0.7613	-0.4108	-0.4627	1.6590	-1.2520	0.5151	0.9538	-0.6189	-0.7600	1.0260	-1.3588	-1.0113	-0.2744	-0.1795	-0.7380	-0.8412	-0.2705	-0.1172	0.4512	1.0130	-0.1140	0.1354	-0.7267	-1.0716	0.9089	0.1518	-0.2188	0.1070	-3.0318	0.4880	-1.3043	2.5508	1.0855	0.0457
0.8459	-0.4819	0.1689	-0.3732	-0.1794	0.1014	0.3615	0.3200	-0.1882	0.6048	-0.3339	1.8532	-0.5853	-0.4196	-0.6507	2.4738	0.8282	-1.9803	0.8175	-0.3586	-1.0036	0.7394	0.1793	-0.1829	0.6074	-1.0436	0.8605	-0.3287	2.0153	-0.2589	0.2844	0.8275	-0.6354	0.1788	3.5488	-0.1051	-0.1765	1.0953	1.0391	0.3605	0.0904	-0.1903	0.2019	0.9238	-1.1088	-0.2444	0.4034	-0.0805	1.3658	-0.1745
-1.7770	-0.4187	0.7288	-1.3201	-0.1428	-1.3800	0.0710	-1.3443	-0.7066	0.9986	-0.3188	-0.4198	-2.5555	-1.7544	0.6160	0.2140	0.5294	1.1226	0.5761	-0.9815	-1.2593	0.7637	-2.2827	1.4052	-1.2393	0.8659	0.5137	-0.5622	-0.7682	-0.5073	-0.2434	-0.4490	1.6578	-0.2947	0.3707	0.0200	1.3088	-1.1543	-0.3550	-0.9560	-0.3052	0.2620	-0.1441	-0.9381	0.5538	-2.2941	1.2471	-1.6811	-1.4698	0.3883
1.0177	0.2189	-0.4341	1.4728	0.7527	-1.4239	0.0362	0.7408	0.7864	-0.9297	0.5995	-0.2258	-2.1128	-0.4563	-0.3982	-0.5451	1.5842	1.0104	-0.1088	0.3877	-0.2140	0.3155	-0.1222	2.0141	-1.0147	0.2555	-0.4993	-0.6917	1.8297	-0.2614	-2.6597	0.1423	-0.3043	0.3605	2.0326	-0.5122	-1.6275	1.7991	-1.0369	0.7377	-0.9830	-1.8038	2.2840	0.8328	1.5382	-0.4096	0.8645	0.7062	1.2333	-0.6869
-1.0109	0.7064	-0.7145	0.1340	-0.5348	1.6642	-0.7120	-1.4687	-0.5896	-1.0145	0.1507	1.9242	-0.1938	-0.3529	1.6484	0.9237	1.0559	-0.8561	-1.3127	1.1053	-2.8575	0.3919	-0.7223	-1.1247	-0.2519	0.5710	0.0166	0.1633	-2.5453	-0.3754	-0.2532	1.6211	0.3407	-0.0027	1.5993	0.4280	-1.1274	-1.6763	-1.1559	-2.0162	-0.8145	0.8517	1.8849	-0.7248	-1.0437	-0.7874	0.3126	0.7249	-0.6467	0.2508
1.4591	-0.6548	-0.6310	-0.4813	0.8241	-0.4031	-0.3119	0.2036	-0.2312	-0.4593	0.7259	0.6518	-0.0156	0.9097	0.6450	-0.5523	0.3309	-0.2335	-0.7487	1.0236	0.1911	-0.5481	-0.5683	1.1599	-0.4977	1.1945	0.7197	-0.8252	0.5620	0.1123	-0.5585	-0.1804	1.2566	0.3573	1.0719	-0.4468	0.9711	-0.7989	-0.3526	-0.1265	-1.2063	0.5256	-1.5824	1.2402	-0.3333	-1.3421	0.1890	1.0252	1.3081	0.4852
0.0797	0.1309	3.3618	-0.4735	-0.0135	0.0146	-0.2848	-0.0243	0.1690	1.4574	-0.2348	1.1247	-0.1535	0.7766	-0.3063	-0.4034	1.1725	0.7502	-2.2511	0.1042	-0.4343	1.9323	0.8695	-1.4842	-0.2781	-0.0968	-0.3060	0.0300	-0.3073	-0.2828	1.4353	1.3893	1.8151	1.6367	-0.3185	0.2078	-0.6263	-0.2730	-0.4234	0.7798	0.9723	1.0145	-0.7062	-1.3561	0.5014	-0.3086	0.0317	-1.3282	0.4534	-0.4205
-1.7568	-1.2411	0.3963	-0.7150	-1.3162	1.0600	-0.3337	-1.4435	-0.4966	2.3833	1.2336	-0.2573	0.6648	0.2099	-1.3645	0.5458	-0.9922	1.4294	0.7884	2.0220	0.3781	-1.9666	-1.1179	2.1193	1.0884	0.0688	-1.5687	-1.4580	-0.7052	0.0166	-0.9785	-2.4070	0.8260	-1.2207	0.1606	0.7547	1.6979	-1.4843	-0.1084	0.8276	-0.1129	-1.0801	-1.3700	0.6121	1.7292	0.4584	0.0740	1.1571	0.5641	-0.1577
-2.1477	0.4983	1.5538	-1.1941	0.1819	-0.0692	-0.6401	-0.4996	1.0798	-1.6092	1.2371	0.7535	-0.3906	-0.1618	-1.1729	-1.1239	-0.6676	0.1246	-0.7776	-0.4968	0.8411	-0.5566	-0.8180	-1.6331	-0.4204	0.4382	-0.0455	0.3368	0.3028	-1.4343	-1.8993	-1.6867	1.6033	-0.4718	-0.9230	0.7822	-0.8495	-0.1044	-0.9216	0.7261	0.7094	0.3425	1.8599	1.2325	1.4741	-0.0198	2.1143	0.5661	-3.1823	0.7725
1.0151	-0.5091	-0.8636	-0.2574	-1.2687	0.9754	1.3284	0.3508	-0.6992	0.4551	-0.3741	-2.0397	-2.4836	0.5213	-1.9132	-0.6173	-0.2497	-0.3870	1.1948	3.1918	-0.3273	1.0990	-0.6040	-0.7309	-0.8705	-1.5488	-0.2806	-0.6730	1.0556	-0.9601	-0.0449	0.5329	1.6594	-0.4192	-0.4179	-0.5284	-0.4355	-2.0459	0.8269	1.4746	1.0878	-2.3047	0.0256	0.6934	2.2099	-0.6498	1.2764	0.2342	-0.3903	-0.5213
-0.0170	0.1391	0.3584	1.4243	-1.2633	0.4441	0.9976	1.1079	-0.3146	-1.0146	1.1698	-0.4507	0.6611	0.8396	-2.7354	0.0688	-0.7556	0.0540	1.2054	1.8742	-0.7864	-0.2649	-0.0465	-1.0577	-0.8351	-0.4219	-1.7747	0.5967	1.5811	-0.9892	-0.0727	-0.4890	0.3083	-1.4817	0.2046	1.2202	-0.5014	-0.3206	1.0031	-0.2465	-1.2933	-0.6680	-0.4867	-1.5318	-0.0864	-0.1892	0.3631	0.8140	-0.5063	-2.9559
-0.5067	-0.7966	-0.1381	-0.4312	-0.0363	-1.2541	1.7747	0.5108	1.6930	-1.0096	-0.8907	0.6392	-1.2072	0.4177	0.7774	1.4016	0.9032	0.0315	-0.2920	-1.3053	-1.3259	0.9260	1.2430	-0.0767	-1.7774	-0.4773	-1.6917	2.2994	0.3396	-1.8941	-0.7219	-0.9664	0.5098	-1.6254	-0.7125	0.5062	1.1321	-0.7044	0.2314	-0.5492	-0.5607	1.2425	0.2910	1.9429	0.4658	-0.7453	-0.2426	0.0028	0.4310	-0.6035
-0.5007	0.0666	-0.8503	-2.3374	0.9209	-2.1987	-1.4270	-0.4635	-0.8903	0.1379	-0.5337	-0.3945	0.5158	-1.7156	-0.3605	0.5735	0.3022	1.3971	0.5412	0.7163	1.0992	-0.3478	0.1155	0.6726	-0.2684	-0.5362	-1.9094	1.0353	-1.9673	1.4164	0.0431	0.3401	-0.2371	-0.8449	1.1073	0.2469	1.0493	-0.4682	-0.6426	-0.4938	-0.2353	0.3328	-0.8316	-0.9489	2.0777	0.1800	0.1047	0.1588	-1.1215	0.2239
-0.5296	-0.2043	-0.1385	-0.3001	0.2184	1.3155	0.0379	-0.0773	-0.1959	-1.9058	0.4780	0.0344	1.7374	-1.8871	0.1202	-0.5361	-0.3707	1.6613	-2.1671	-0.2104	-1.9461	-0.9151	-1.7953	1.0806	0.6015	-0.8483	0.8079	-0.5215	-0.9735	-0.1349	1.1302	-0.6633	-0.7236	-0.4625	1.3099	3.5402	0.0679	-1.9066	-0.8886	-1.3872	2.4299	1.5149	1.5850	-0.4757	-1.8521	-0.8230	1.4413	0.2290	0.7990	1.2282
-0.5501	1.6898	0.3108	0.7958	0.1806	0.1941	0.4715	0.1160	1.4407	-0.2370	-1.2510	0.8325	1.6982	-0.6476	-0.9667	-0.4992	0.5228	0.9458	-0.6365	0.7455	-0.6829	0.5729	0.2055	0.2666	0.2732	1.3907	0.2637	0.3658	2.1166	-0.6345	-0.2181	0.6395	0.8461	-0.5891	-0.7476	-0.4816	-0.1093	-1.5484	-0.0718	-0.9475	1.4887	-1.1306	1.4460	0.0226	-0.5439	-1.0754	0.5639	-1.4311	-1.1005	-1.1830
1.0882	0.6347	-0.7647	-0.9257	-0.3000	-0.2531	-0.8012	2.2990	0.3881	-1.3289	0.5133	0.2688	-1.9863	-0.2206	-0.8853	-0.9900	-0.8220	-1.0825	0.3649	-0.8207	0.7944	0.6103	-2.0955	0.1962	-0.9024	0.7889	-0.4557	-1.1827	0.3934	0.9290	-0.0423	0.3076	-0.0867	-0.6476	-0.5112	0.2460	0.1987	-0.6247	-0.0523	0.7662	-0.4824	2.7653	0.1661	1.4995	0.4069	0.3343	2.5315	-0.2414	0.5794	-0.1952
1.6771	-0.4781	0.5349	-0.4514	-0.3551	0.6159	1.7496	-0.1880	-0.8618	-0.4154	-1.0546	0.2195	-0.6845	-1.4105	1.0738	-1.3145	0.3493	-1.2318	1.5178	0.3212	1.9843	0.9219	-0.7350	0.4991	1.2196	-1.1198	-1.6639	0.3752	1.2850	0.1051	0.1663	1.0548	0.1831	-0.4648	-0.7390	-0.2127	0.0224	-1.4997	-0.6265	0.5518	-0.0901	1.4679	1.2692	-0.2367	0.5582	-0.3814	-0.1039	-0.2074	0.3669	1.2788
-0.3717	-0.4172	0.1600	-0.6991	-0.4468	-0.1027	-0.3002	0.4138	0.9285	-0.0692	1.3134	-0.7249	1.0959	-0.4372	0.2563	-0.7207	-1.7942	-0.3224	1.2844	1.5695	-0.1846	2.0821	-0.4649	-0.8115	-2.2871	0.6547	0.9016	0.3592	0.5051	-0.4442	1.2989	-0.2501	-0.9028	-0.2846	-0.5212	-0.5248	2.1903	1.5078	0.7324	-0.0171	0.7600	-0.4337	-0.3542	0.1105	0.7511	1.0581	0.8754	-0.4327	-0.5786	0.6816
0.1147	0.1939	-0.3969	0.7623	0.8420	-2.0995	-1.7285	0.2475	-1.6685	-1.4653	0.6309	0.3927	0.7546	-0.4276	-0.8878	1.3997	-0.6405	-1.1361	0.3772	-1.9444	-1.1120	0.0429	-1.8975	0.5973	0.2958	-0.4854	0.5758	0.7036	-0.0560	-1.3481	1.2945	-0.2267	-0.3557	-1.0306	-1.3935	1.5540	0.9649	-0.8661	0.3014	-0.7003	0.6599	0.1138	-0.0550	-1.0848	-0.9287	-0.0644	-0.0438	-0.6192	-0.8763	-1.7122
0.0904	0.4164	-1.5832	0.4034	-2.1293	1.1741	-0.8418	-0.7471	-0.6058	0.7388	0.2302	0.3831	-0.7394	-0.5133	0.2979	-0.2527	0.2437	-0.7869	0.0772	-1.0085	-0.1472	-0.5775	0.7044	-1.6455	1.0070	0.2211	-1.6949	-0.0648	-0.5706	0.2303	-1.7689	0.2355	2.2217	-0.4699	0.5740	1.1780	2.6949	0.1356	-0.3229	0.9053	-0.1820	0.1910	0.3970	-0.0422	-0.5624	-0.4620	-0.3682	-1.0260	-0.5669	1.1478
0.4286	-1.0630	0.0715	-0.2269	0.9621	-1.6824	0.1502	0.5091	-0.8723	0.0759	-0.5381	0.2093	0.7690	0.1673	0.8601	0.0785	-0.4025	0.8920	0.2103	-0.5825	-1.9772	0.7093	-0.8501	0.7274	0.1011	-0.2225	-0.1553	1.6007	-1.7754	-1.2828	-0.5051	-0.0829	0.3146	0.4322	0.1992	-0.1820	-2.2283	1.6142	1.3434	-1.5948	1.0221	-0.0064	0.2307	0.7155	0.9108	-1.5290	0.2757	-1.4758	-1.0645	-1.7117
1.8710	-1.4156	-0.0779	-0.9805	1.1651	0.8406	-0.2288	0.3515	-0.3861	1.3536	-1.4280	-1.0644	1.2629	-0.7864	0.5132	-0.2095	1.1104	-1.3329	0.0552	-1.8276	-0.7130	1.1371	1.1419	0.2554	1.4047	-1.6286	0.4995	0.1740	0.8669	-0.6918	-1.8012	-0.8268	1.3024	0.6781	-0.3687	1.4235	0.7961	0.3806	1.1126	0.0846	1.8791	0.3167	0.0101	0.5148	1.2919	-0.8711	0.1619	-0.6125	0.5557	-0.7378
0.2610	-1.2269	1.1560	-0.3407	-0.8433	0.2395	-0.7135	-0.2323	-0.2752	-0.9516	1.6909	0.3126	0.9135	0.8569	-0.8737	-0.7820	-1.4045	-1.4561	0.0163	1.0427	-0.6976	1.0136	0.2459	0.3114	0.3857	-0.2460	0.8268	0.3156	0.2968	1.3938	0.9349	0.6337	-0.1393	-1.0555	-0.9228	-0.9264	-0.1642	0.2739	0.0060	1.2067	-0.7577	0.2369	-0.0391	-0.8887	0.5407	-0.3591	1.1249	-0.5330	2.3325	-1.1807
-0.6598	0.9057	-0.2311	0.0903	0.2336	1.2182	1.1363	0.0797	-0.0773	-0.4352	0.0106	-0.1677	0.2622	-0.6320	0.8933	-0.2665	2.8472	-0.1963	0.5759	1.7675	1.2258	0.4612	-0.0060	-0.1994	-1.2392	0.3336	-0.7865	0.3324	-0.5439	1.2495	0.9126	1.1676	0.1727	-0.5822	1.3922	-0.0423	-2.4874	-0.6618	0.1007	0.6480	-0.9684	2.1188	0.8375	0.4663	0.0618	1.5010	-0.1509	1.6397	-0.4235	0.4040
0.6054	-0.1920	1.4459	0.3345	1.9052	-0.5504	1.7860	-0.0825	-0.8247	0.9273	-0.2062	-1.9433	-0.4451	-0.4122	0.6818	-0.4992	1.3866	-0.1466	-1.8588	0.8055	-0.5863	-0.4681	-1.4974	0.7092	1.4331	1.3999	0.1042	0.4424	-1.4156	1.4785	0.2964	0.1211	0.8548	-0.9957	0.2762	-0.9545	-0.0141	-0.0971	-0.3900	0.6533	0.5106	0.2425	2.3973	-0.6103	0.2487	0.0991	1.5077	-0.0874	0.0952	-0.3740
1.6699	1.0634	-0.7970	-1.3114	-0.2617	-0.0644	-1.5170	0.3880	0.3541	1.5607	0.1050	-0.6315	0.1889	-1.0516	2.2745	-0.4429	1.8764	0.8184	0.0780	-0.4647	1.2910	-0.2949	-1.8226	-0.8029	-0.3282	-0.7349	0.8781	0.4278	-0.8400	0.0564	0.2991	1.0645	-0.0605	-0.8480	-0.8319	-0.0602	-1.2864	0.6563	-0.4638	-0.9995	1.3884	-2.6032	-0.1564	-0.1520	-0.9651	1.6487	-1.7514	0.4471	1.1246	1.3014
-0.4945	0.1780	-0.7638	0.4786	0.1314	1.5915	0.2107	-0.0283	0.4812	1.4206	1.2260	-0.3686	-0.0983	1.1819	0.6620	-0.8386	-0.2938	-2.3646	-0.6742	-1.2768	-0.4176	0.3592	-0.1112	-1.5689	-0.6962	0.1439	-0.4912	0.0506	2.2179	-1.2646	-0.4648	0.2679	-0.1697	-0.2670	-0.7332	0.6232	0.4785	-1.8263	-0.0454	0.4306	-0.2445	0.0922	1.2184	-0.3052	1.8253	-1.3859	2.2075	-1.1062	-1.6679	0.2309
0.4146	-0.9194	-0.6189	0.6984	0.3505	1.2304	0.2310	0.2408	0.0451	1.8096	-0.1186	-0.2187	0.2752	-1.0152	0.2567	-0.4406	-0.2707	-0.4880	1.3676	1.8010	1.5642	-0.5952	0.7040	-1.1188	0.2256	0.1089	-0.0854	-0.1490	2.3444	-0.3245	-0.4704	-1.3184	-1.1620	-0.5456	1.0455	-0.1884	0.8056	0.4952	0.3814	0.4363	0.4128	0.6753	-0.5296	1.7273	-0.4810	-0.0513	1.0119	-0.0769	0.9092	0.1764
-0.9651	-1.6322	0.8241	-0.9359	-1.8114	1.4695	0.6463	-0.3036	1.5763	-0.4656	0.2356	-2.0582	-0.0402	0.6717	-1.5793	-1.1117	0.5004	-1.3833	-0.9657	0.6677	0.1620	-0.0650	-0.6486	0.0427	0.8633	-1.1618	-0.7081	-0.6273	0.4132	-1.9551	0.4300	1.3422	-0.4657	0.1544	2.5728	0.7849	0.3045	-2.1030	-0.2362	-0.0790	-1.4197	1.9280	0.7921	-0.2459	0.3155	0.8573	-0.9256	-0.4559	0.6138	-0.8598
0.3554	0.6390	-0.4328	-0.5289	-0.0609	1.3282	-0.0702	0.9207	-0.0837	-0.4070	-0.6180	0.0690	-0.8541	0.4564	0.5840	0.8272	0.4649	1.7025	0.2876	-0.1467	-0.4899	-0.6036	-0.5073	0.6755	-2.5459	-0.2565	-0.6186	0.1813	0.1791	-0.9025	-0.2999	0.2189	1.3785	1.9773	-0.4222	-1.0708	-0.5071	-0.6523	0.8187	-1.0601	-0.0312	-0.0822	1.4724	-0.8169	-0.9516	-1.4591	-1.6167	2.2017	0.2680	-0.9530
-1.5103	0.0772	0.0070	-0.2900	-0.9224	0.3292	-1.9461	1.5827	-0.3057	0.3667	1.2269	0.1876	-0.2310	0.6105	-0.2687	-0.6430	-0.5815	-0.2958	0.6498	0.3166	-1.0731	0.7971	-0.0176	0.2607	-1.4230	-1.6749	-1.5316	-0.3504	-0.8577	0.8985	-2.1976	-0.4729	-0.3405	-0.6090	2.4532	-0.4270	-0.4025	1.6292	1.4517	-1.6427	1.9344	-2.4497	0.9178	-0.9925	0.8368	-0.5693	0.5511	-0.4949	0.2489	-0.3574
-0.9032	0.4336	0.6641	-0.1609	-0.2999	0.2495	-0.2976	0.9561	0.9880	-0.4906	0.6891	-1.6840	-1.8688	-0.9097	-1.0765	-1.0762	-1.8861	0.6370	0.1158	0.3300	-0.9028	-0.4025	0.8075	-0.6057	0.2086	-0.2702	-0.8541	0.2383	-1.4470	-1.0160	-2.4620	-0.8435	-0.1030	0.1321	-0.2741	-1.0119	0.5977	-0.0134	-0.4453	0.6942	-0.8913	-1.1642	0.3499	-0.1497	-1.4094	0.4703	0.9898	-1.0411	-1.7564	0.1934
1.9405	0.5626	-0.3648	-0.2078	0.1754	-0.1888	-0.0126	-0.2008	1.4051	-0.3596	-0.0363	-0.4612	1.0557	0.0778	0.0094	-0.8486	0.4639	-0.2053	1.3185	-0.3843	-0.7165	1.1453	1.6021	-1.1083	0.4593	-0.6692	1.0722	-0.4619	-0.9187	-0.1441	-1.6699	0.2119	0.0094	-2.5466	-0.8166	1.2775	-1.4990	-0.1101	-1.7205	-0.4770	-0.5283	1.7099	0.4401	1.2832	0.8368	-0.2352	0.5281	-0.8234	-0.3977	-1.7290
-0.0496	1.5870	-0.8617	1.9946	-0.1467	-0.7796	-0.7817	-0.2518	-2.2067	0.4340	1.4880	-0.9404	1.5446	-0.1853	-0.0674	1.1991	0.5528	-0.8461	0.8566	-1.0814	0.6989	0.1471	-0.2205	-0.6962	0.7164	-0.2193	-0.1336	0.5721	-2.7015	-0.5554	-0.4484	-0.2208	0.5527	0.6129	1.0600	0.4214	0.4852	0.0048	-0.2330	-0.4786	0.8419	1.5465	-0.9004	0.3624	-0.0952	-0.5424	0.2918	0.8488	-0.3321	1.3909
1.3432	-0.2105	1.0138	-0.0970	0.6191	-0.6110	-0.2985	-1.2279	-0.9068	-0.2038	-1.8442	-0.5564	1.2343	1.6187	0.0060	1.3297	0.2945	-0.6746	0.4150	-0.6434	0.1772	-0.5385	0.9608	-1.7102	-0.8171	0.0038	0.4049	-0.6078	-0.3509	-1.6661	0.8112	-0.3797	0.0844	-1.3874	-1.1492	-0.1147	0.0556	-0.0617	-1.7249	2.4571	1.1411	0.0314	-1.2666	0.2404	-1.1258	-0.8324	0.3177	0.7012	-1.0789	-0.8841
-0.6568	-0.3808	0.8769	0.7105	0.8931	1.2938	-0.1228	-0.7318	-0.8845	-1.6997	0.2008	-0.3429	0.5570	1.0506	-0.0422	0.0158	-0.2221	0.8117	-0.0473	-0.2530	1.2286	0.3635	0.8010	1.1913	-0.1455	0.1950	-1.5037	0.1782	0.6250	-0.0010	-0.2736	-0.5248	-0.4683	-1.4897	-0.4022	-0.3104	-0.1427	-2.4077	0.1530	-1.7468	0.1301	0.3007	0.5158	-0.3725	-0.2465	0.6746	1.1495	0.2375	-0.1900	-0.2851
1.2555	0.1777	-0.0275	-0.2399	-0.7903	0.9690	-0.4092	-1.3884	-0.9472	-0.0843	-0.0030	0.7840	-0.1015	-0.5270	-0.1359	-1.0405	0.3028	0.1274	-0.1989	0.5727	-0.9340	-0.8992	0.3813	2.3322	-0.2393	-0.3368	-0.0101	-1.6139	-0.4608	0.1944	0.7686	-0.0072	1.1779	-0.1351	0.9245	-0.2242	-1.2788	0.3799	-0.0439	-0.5261	-0.4636	0.6263	0.6220	0.3383	0.9717	0.3771	-0.9376	1.1832	0.3222	-0.3322


