
X1	X2	X3	X4	X5	X6	X7	X8	X9	X10	X11	X12	X13	X14	X15	X16	X17	X18	X19	X20	X21	X22	X23	X24	X25	X26	X27	X28	X29	X30	X31	X32	X33	X34	X35	X36	X37	X38	X39	X40	X41	X42	X43	X44	X45	X46	X47	X48	X49	X50
0.9472	0.6961	-0.0242	0.7586	0.3029	-0.5759	1.4476	-1.4722	-1.9365	-0.9160	0.2829	0.2909	0.8488	-0.2106	-0.2615	0.0757	-0.4331	0.0733	0.1252	-1.8069	0.8641	2.3676	-1.1222	0.7327	-0.5087	1.6228	-0.2928	0.6136	-1.6434	-2.0604	-1.8786	0.3299	-0.3731	2.5629	0.6910	1.1897	0.0353	1.4758	1.2115	-0.7269	0.1418	0.4107	1.3261	-0.6307	-1.0051	0.0796	-0.0443	-0.0220	0.8463	-1.4787
-0.2438	1.5670	-1.3792	0.7125	0.9389	1.1754	0.1945	0.1224	0.0240	0.7512	1.0760	0.1660	-0.8473	0.7442	-0.3328	-1.7137	0.7118	-0.6026	-0.5196	-0.9646	1.0555	-0.1865	1.2554	-0.2409	-0.6105	0.4698	-0.4172	0.5739	1.0459	-0.2098	0.1080	-0.4644	0.2227	0.4580	0.0997	-0.0551	1.1384	2.1324	0.1548	0.7116	0.4415	-0.1247	-1.0959	1.2588	-0.2661	-1.6388	0.9474	0.9145	0.3009	-1.5034
-0.2353	-0.4004	-0.8357	-0.9064	-0.0274	0.7966	-0.5393	-0.6313	0.6247	0.3875	-1.4164	1.5689	1.6281	0.1342	-0.4477	0.6581	0.8466	0.9703	1.6200	-0.3940	0.3333	-0.3733	0.3463	-0.4369	0.5838	2.4272	-1.0332	-0.8303	-0.5329	-1.2887	0.3823	1.0752	-1.7304	-0.3189	-0.0057	0.4970	-0.8906	1.0186	2.4722	1.3277	-1.1441	-0.2374	-0.7760	-1.9058	-0.0632	-0.7301	-0.2631	0.4638	-0.8596	0.2999
1.5952	0.3924	-0.3693	-1.5272	1.3403	1.4734	1.1069	0.5827	1.2095	-1.0730	1.6241	1.1656	1.1125	0.0220	0.4137	1.6417	-0.1194	-0.2167	0.6255	0.9452	-0.8858	1.1564	-1.4720	0.4157	-1.8325	0.2675	-0.6390	-1.1481	-1.4234	-1.1938	1.8318	-0.0505	0.8068	-0.7819	1.4914	-0.3479	0.1689	-0.2466	1.6193	1.7953	0.0819	-0.1272	-1.6009	1.5706	1.0613	-0.4758	-0.4048	0.0184	-0.9756	-0.0775
0.7377	0.1595	0.3272	-1.6277	1.2401	1.1610	-0.3022	-1.0548	1.3305	-0.0558	0.0136	-0.1313	-1.2331	-0.2769	1.9943	1.7987	-0.2243	-0.2236	-0.0697	-1.8580	1.8981	2.2998	1.3961	-2.0137	2.0441	1.3384	-0.9012	2.1984	0.1833	-1.5892	0.0242	1.7432	1.4110	-0.0739	-0.8921	0.4336	0.1307	-0.8889	-0.1652	-0.7768	-0.9374	-1.3231	1.6378	0.0912	-0.6883	-1.3293	-1.4479	0.0634	-0.9233	-1.4306
-1.2853	-0.4360	0.0111	1.2273	0.5773	-1.2745	0.5770	0.1944	0.4049	1.8242	-0.3558	1.5973	1.6526	-1.9569	0.1749	-1.0881	0.3772	1.3202	1.4142	-1.1269	1.2994	-0.4133	0.0200	-0.1971	0.4498	1.3231	-1.1934	0.5065	0.9947	-0.9168	0.0206	-0.4772	0.6181	1.5685	-0.2298	0.0230	-0.2643	0.6926	-1.0719	-1.0713	-1.8491	0.4526	1.5553	-1.4287	0.2868	-0.4530	-1.0514	0.2473	-0.0591	0.4842
1.3292	-0.2810	1.9013	-0.8088	-0.0129	1.4435	-1.0340	0.5077	-0.7740	-0.0408	-2.1661	0.1746	0.7540	1.2214	-1.1163	0.3391	0.8059	-1.3801	0.5087	0.2013	1.1809	0.1118	-0.7322	-0.8904	0.0362	1.2106	-0.1573	1.2700	2.3754	0.2821	0.3179	1.3832	0.0554	0.9625	-0.1067	0.1536	-1.7605	0.1994	-1.0484	-0.4294	-0.5768	-0.5597	-1.4277	2.0054	-0.0218	-0.1986	-0.7986	-0.4700	0.6156	0.7216
-0.6210	-0.4224	0.9479	0.6524	-1.1145	1.3005	-0.3111	-0.4458	-1.1955	1.3818	0.9229	-0.4192	0.6272	-2.2220	0.7518	1.3890	0.8736	-0.7059	-0.4116	1.1258	0.6742	2.5141	-0.4317	0.3926	-0.4330	0.1087	-0.2135	-0.7823	-0.0768	0.4124	1.1569	0.8627	-0.5264	-0.5507	-2.4351	2.0019	0.5364	-0.3958	0.4350	-0.5719	0.5676	-1.0494	1.0815	0.6144	-0.4837	-0.3876	0.7895	1.5213	-0.3885	0.6376
-0.2970	-0.9834	-0.4443	-0.5858	-0.9106	-0.6262	0.0926	-2.0300	-0.5014	-0.1635	0.9951	-0.2713	-0.6529	0.1323	-0.8496	0.9205	-0.4230	-0.2289	0.3178	-0.4835	0.5536	1.4336	1.4019	-0.3656	0.5862	-1.6540	1.3721	-0.0897	0.3571	0.5109	-0.6614	-0.2258	0.3985	0.2377	-0.7702	-0.3338	-0.3968	0.2510	-1.2889	-2.0046	-0.0317	0.9117	-0.5234	-2.8278	-0.8174	-1.3385	-0.6047	-0.1110	-0.9172	0.2003
-0.7707	-0.1561	0.6780	0.9640	1.4449	0.6945	-2.0947	-0.2330	0.8460	-2.4079	-0.5748	0.5753	1.6674	1.8895	1.2131	1.0005	0.6987	0.1514	2.1125	-0.6764	-0.0220	-1.6022	-0.9807	-0.4710	0.1646	1.0471	0.9746	-0.4623	-1.6168	0.8173	-0.3310	-0.8998	-1.3115	2.4941	0.6538	0.4273	0.1993	0.6139	0.3766	2.1845	0.2745	0.8022	-0.3707	-0.9058	-0.2769	-1.2792	-0.6947	1.1998	-0.7999	0.8621
0.1286	1.3938	-1.5176	-0.5714	-0.9373	1.6890	1.6485	0.4137	0.8095	-1.4618	-0.0694	-0.5516	-0.5262	-0.2164	-1.5975	-0.2338	-0.0120	0.1055	-1.0963	0.4141	-0.7371	-0.3329	1.2987	0.9683	-0.9725	-0.5265	-1.5168	-0.3207	0.9270	0.1172	0.5879	-1.2476	0.7586	-0.8301	-0.7221	-0.5582	0.6192	0.0120	0.9900	-0.4123	1.0565	-0.8189	-0.9768	0.7263	0.0391	1.2881	-1.2027	-0.8958	0.1726	0.2393
0.1897	-1.3362	-0.7032	-0.2024	-1.5397	-0.0178	0.0681	0.7534	0.2162	1.1301	0.0845	1.0945	-0.2298	0.9649	0.8351	-0.3385	0.5949	1.5308	-1.5334	-0.8754	2.9531	-0.5722	-1.5185	0.6311	-1.6822	-0.3617	-1.6622	-0.2674	-1.2588	-0.0385	0.6870	-0.7434	1.7192	0.7561	1.8674	0.0995	0.1280	1.4937	-0.6721	-1.4689	-0.6828	0.8137	0.2810	3.0509	0.0512	1.8533	0.7752	-0.2753	-2.5306	-1.2716
-0.9302	0.1718	0.3697	-0.7071	-1.5819	0.3874	-2.1693	-0.7873	1.5944	0.4300	0.6119	-0.6141	0.0417	-0.5311	-0.9487	-0.4111	-1.3504	-1.2816	0.1293	-1.5692	1.7303	0.2114	-1.5880	1.5526	0.2049	3.1176	0.7783	-2.8453	0.9109	0.4298	-0.9368	0.6221	-1.0747	1.2447	-0.7579	-1.1932	-1.8797	0.2556	0.7354	-1.9209	-1.5768	-1.6543	-0.0302	-1.0252	-0.9807	0.4012	0.1478	-0.9649	0.8743	-0.2733
-1.1991	0.6206	-0.1441	-0.8256	-0.2529	0.8324	-2.1207	-1.6859	-0.1942	0.3520	0.1038	-0.1810	-0.0947	-0.7263	-0.7557	1.3467	-0.2848	0.4067	0.4034	0.1916	-0.6362	-1.1110	-0.1852	1.0794	-1.0940	0.9517	-0.3473	0.8327	-0.1772	-1.0917	-1.5175	-0.4730	0.2695	0.4212	-0.1595	-0.3564	-0.0890	1.6603	0.9609	0.5041	-0.8896	-1.5543	0.0273	-0.7408	0.8530	-1.1344	0.2216	-1.6714	-0.4203	-0.4308
-0.2431	0.4343	-0.6100	-0.1232	-0.5777	-1.1720	0.4111	0.9711	0.9837	-0.8233	-0.8953	1.0743	0.7179	-0.8675	-2.0843	0.5789	1.2577	0.4942	1.0413	-1.2628	-0.0670	0.7089	-1.1763	-1.1978	0.2601	-0.1662	0.2354	0.5878	0.1809	1.7380	0.4333	0.4332	0.8420	1.9295	-0.5077	0.3638	-0.1858	-0.7055	2.3728	-1.0481	-1.7101	0.6894	-0.7124	0.0140	-2.2803	0.2001	-0.7024	0.2446	0.1440	0.7478
-0.4419	-0.1003	-0.0360	-0.8214	0.8991	0.4362	-0.0500	-1.8827	-1.5090	-0.0877	-1.9629	0.7275	-0.1512	-0.2835	0.1471	0.2429	-1.1595	-1.3789	-0.0541	0.2679	-0.8495	-0.1844	1.0921	-1.0947	-0.5027	-0.2421	-0.7464	1.1135	0.0303	0.8842	0.8878	0.4677	1.5373	-0.8461	0.7005	0.7611	-1.0297	-1.0717	-1.3844	-1.4107	-1.4441	1.1781	-0.9647	-1.1937	2.2822	-1.4856	1.7503	1.1334	0.9590	1.4133
-0.8873	-0.7541	0.7845	-1.1518	0.8256	-0.0200	-0.1216	-0.7105	0.0264	1.0364	-2.8775	-0.9401	0.6175	0.1174	0.8127	-0.1232	-0.2624	-1.5073	0.1245	-0.1812	-0.2249	0.7617	-2.1941	0.0032	-0.7552	-0.2315	0.0702	-0.0863	-0.4136	1.0569	-0.8316	1.4060	0.5454	1.4526	-0.1266	0.8119	-0.7627	1.2421	0.9013	-1.3247	-0.3189	1.5163	-0.5409	0.7779	-0.0727	-0.5628	0.2956	-0.0023	-0.1681	-0.6046
0.0080	0.2438	-1.9992	0.8300	-0.4588	-0.2746	-0.4702	0.6013	-0.6809	-0.5113	1.5115	-1.1576	-0.4921	-1.5124	-1.6054	-0.8661	-1.4910	0.6664	0.0428	-0.9784	-0.3438	-0.0873	-1.4104	0.7018	0.9452	-0.1636	-0.8223	-0.2080	1.8955	1.1310	-0.1897	1.1783	-0.1935	2.3114	-0.4282	-1.1563	-1.6888	-0.1962	0.9727	-0.4410	0.8950	-0.9356	-2.2241	1.8345	0.0747	0.2757	0.5814	-0.6494	1.0770	0.1316
2.6517	0.7218	0.7779	-0.3620	-0.6817	0.8598	0.5397	-1.5997	-0.4942	2.1620	0.3146	-0.4559	1.0046	1.9057	0.8987	0.5317	0.4003	0.5920	-0.3482	-0.1988	-1.1441	-0.1989	0.8093	-0.8369	-1.8154	0.2036	-0.2114	0.7864	1.2414	1.2289	0.5263	0.0921	-0.9313	0.6498	0.8247	0.2945	0.2088	0.7603	-2.6619	0.8052	1.0177	1.7708	1.0883	-1.0844	1.6102	0.4521	0.0686	0.3896	0.7248	-1.0321
-1.0230	0.6504	-0.1797	-1.9765	0.4992	0.6481	-1.1750	1.9677	0.1866	-0.1282	0.0071	0.9366	2.3259	0.0405	1.0211	0.0099	2.3501	1.4705	-2.0197	-1.2663	0.2063	-1.7151	-0.5946	0.3076	0.7021	0.9633	1.5747	2.1384	-1.5993	-0.9918	0.2816	-0.4132	0.7675	-1.3090	1.3672	-0.4324	-0.6765	-0.0706	0.0958	0.8173	0.2492	0.1272	-0.7911	0.5816	0.8348	-1.5816	1.0009	0.0131	0.5033	-0.4023
-1.0183	0.3724	-0.4049	-0.5544	0.4763	0.1507	0.7690	-1.2344	-0.1506	-0.1489	0.2066	-1.6436	-0.1718	0.7389	0.5077	-0.9739	-0.0666	1.2301	1.2316	1.4733	-0.6643	-2.3464	-0.2551	-1.1654	0.5117	1.3428	-0.0139	-0.8356	2.1586	-0.4856	-1.1088	0.0557	0.0738	-0.6650	-0.3350	-0.9263	-0.6174	-2.3781	0.0846	-0.2378	1.1088	2.2860	0.1752	0.6087	-0.9285	1.0663	-0.4426	0.4696	1.4666	0.8174
0.1709	1.6562	-1.4770	-0.0924	3.4323	0.4295	1.2489	-0.4879	0.5936	-0.1780	0.8499	0.8359	-0.3478	-0.9472	-0.1774	-0.9486	-0.2382	-1.5323	-0.1837	0.8738	-0.1619	0.1172	1.0661	-1.0033	0.5647	0.8344	1.3594	-2.1128	-0.8456	-1.6826	1.0433	0.0599	1.9191	-0.1948	0.8617	-1.6238	0.5432	-0.1570	-0.1908	0.3774	0.5607	0.0007	-0.7423	0.3923	-0.0982	1.5762	-0.6615	-0.2343	-0.4887	-0.4516
-0.8782	-0.5021	-0.5788	0.5868	-2.7756	1.3061	0.4898	-1.1480	1.3585	1.0533	-2.1560	-0.2268	-0.0538	0.1173	-0.3424	1.0022	-0.7368	-0.5276	0.7531	0.2314	0.5658	-0.0392	-2.4140	0.6997	-2.1766	-1.2042	-0.6358	0.1561	0.8812	0.9727	1.4314	0.4532	0.0252	-0.3116	0.4492	0.7014	-0.2559	0.5365	0.2282	-0.1643	-1.9447	0.1595	-0.4422	0.3814	0.1169	0.2782	1.0295	1.0602	-0.6716	0.3589
0.2720	-0.2816	0.6065	-0.2463	0.4378	-2.0020	-0.0697	1.1025	-0.2749	-0.3935	1.6433	-1.5286	-0.4160	1.5278	-1.0357	0.8592	1.8209	-1.6403	0.3516	-0.0184	-0.8076	-1.6097	-0.4248	1.6876	0.4474	0.3780	-0.9866	0.5057	0.7254	-1.0545	-0.1287	-0.1426	0.8696	-0.0714	1.0590	0.7371	0.0554	-1.9823	2.8160	-0.4007	0.2134	-0.2809	0.1806	0.8707	0.3874	0.5762	-1.7540	-0.4485	-0.6519	0.4516
-0.1215	0.2000	1.7170	-0.6174	0.7616	-0.0335	-0.7145	0.4511	1.0571	1.7737	1.0496	0.5854	0.6294	0.2748	1.5943	-1.0618	1.1442	0.1274	-0.3507	0.4702	0.0890	1.0568	0.4252	-1.9173	-0.7268	0.0898	-0.8617	1.5966	-1.0377	0.0290	1.7542	0.1305	0.9212	0.7111	-0.7882	0.9065	0.1153	-0.0410	-1.4877	0.9842	-1.6708	-1.8064	-1.2789	-0.7858	-1.2030	1.1711	-0.1920	-0.3957	-0.0327	-0.8151
1.8809	-0.8578	0.6910	0.5253	1.9054	1.2347	1.2859	0.7988	-0.6945	1.3341	0.2427	1.8457	-0.6046	-0.5985	2.4477	-0.9418	0.1897	-1.0671	0.4096	0.8732	-0.9342	-0.2953	0.7894	0.5063	-1.1694	0.1774	2.4204	0.9921	0.4208	-0.9693	-0.3257	1.6094	0.3682	-1.0584	-1.7799	-0.4610	-0.0062	-0.2615	1.5838	-2.5331	-0.6383	0.7603	1.2776	-0.0409	0.0108	-1.0283	-1.3565	1.1371	-0.4141	1.0299
-0.8892	-0.6698	0.4293	0.2895	-1.6030	1.1122	-0.9494	0.5662	-1.2555	2.2120	-0.1584	0.4828	-0.6003	1.1274	1.0199	-0.9364	0.5777	-0.9369	2.1308	-2.1745	-0.0859	-0.2464	-0.5164	-0.3729	-0.3449	-0.0511	0.9812	1.3839	-0.5063	-0.5547	-0.3632	-0.5049	-0.1638	0.6522	2.0429	0.1612	-1.0642	1.1274	0.7873	-0.7145	-1.0790	1.5930	-1.4863	1.1772	0.2278	0.6564	1.2767	-0.7978	2.2261	0.3523
0.9675	-0.3257	1.4325	0.1241	0.5925	2.4664	0.1576	1.8454	0.0784	-0.8387	1.5966	1.3857	-0.5497	-1.4697	-1.6771	-0.9601	1.0147	0.0654	-0.7751	-0.6781	-1.7735	-0.5143	-0.1616	-0.4332	1.0451	1.0883	0.1886	-1.7143	-0.7492	0.1765	-0.1692	0.0463	-0.7071	-0.8798	-0.0736	0.5478	0.0422	-2.0754	-1.2778	1.0907	-1.7834	2.2348	-0.2996	2.4518	1.2233	0.0952	-0.2129	1.1220	-1.9845	0.2035
-1.4970	0.0609	0.8460	-0.4900	0.6243	-0.1142	1.5323	0.2745	-0.8288	1.4589	-0.2618	0.0212	-0.6431	0.9171	0.0213	-0.2543	-0.5018	-1.3945	-1.3827	-1.2404	-1.3830	0.8496	-1.5381	-0.0431	-0.4244	1.3835	0.3642	0.4678	-0.0884	-1.2265	0.0204	-0.3890	-0.2436	-0.9903	-1.0089	0.0417	0.0037	1.6654	0.1288	-0.7107	-2.8319	0.4298	0.1014	-0.0546	-0.6406	1.6463	-0.5290	1.8505	-0.3955	-0.3763
-0.0047	-0.0915	0.4698	-0.1689	0.6370	0.7225	0.0125	-0.0545	-0.6536	0.5636	-1.2627	-0.8417	-0.6086	-1.4752	0.6411	1.8997	-0.9306	-1.4716	-0.3751	-1.6330	-1.0865	0.8807	-0.0207	-0.2898	-1.7000	0.5979	-0.6332	1.0090	0.1943	-0.8643	0.3938	-0.1288	0.5963	1.5113	0.1624	-0.6423	1.4813	0.5719	0.2430	-1.4784	1.9897	-0.7166	-2.6382	-0.0563	-0.6325	-0.9521	2.1525	0.3538	0.1876	-1.0633
-0.8022	0.6959	-0.3515	0.5529	-0.4009	0.2209	-0.6210	1.0645	-0.0812	-0.4589	1.0346	-0.1840	-1.0183	1.4005	-0.1047	-1.0821	-0.6112	-1.1717	0.7923	0.3393	2.5445	1.1748	-1.5565	1.1949	-0.1613	0.6327	-0.2584	0.9559	-0.8672	0.4946	0.9194	-1.5916	0.5388	0.7962	1.1249	-0.7846	-1.3145	-0.0716	-0.3283	-0.7687	0.3379	0.4558	-1.3644	1.6211	-0.3742	2.6188	1.9476	-1.1125	1.3195	0.9100
-1.9467	-1.3592	1.8754	1.5831	-0.7625	1.1047	-1.1375	0.2311	-0.5878	0.0459	-1.8997	1.2624	2.2392	2.4926	-0.1049	-1.7498	0.4681	1.0907	-0.8413	-1.1186	-1.5655	-0.7105	1.0512	-1.8689	-0.7070	-0.5343	0.1754	0.1836	0.7927	1.0491	-0.4277	-0.2483	0.0224	-1.1074	-0.1216	-0.0597	-0.5230	0.5085	-0.3694	0.7023	-0.1147	1.8715	1.1381	1.4248	0.5911	0.3378	-2.6597	1.4435	0.6031	-0.7985
1.1788	-0.4866	-0.3814	0.3753	-0.4978	0.5483	1.8283	-2.7398	0.4799	0.9087	-0.2686	1.4080	1.7355	2.6348	-0.5219	1.6233	1.7171	-0.9604	0.4396	-0.1143	-0.2484	0.2866	0.7804	0.2858	1.4595	-1.1936	0.3317	0.7456	0.6722	0.0834	0.7246	1.1869	-1.6052	0.4943	0.4627	1.0924	0.7431	-2.1251	0.5365	-0.7056	-0.0005	0.2139	1.4678	1.0089	-0.8938	0.2697	0.2563	-0.6954	-0.6160	-1.0604
0.1056	1.6152	0.0243	-1.6411	-2.0634	-0.2029	-2.2982	2.0462	1.2991	0.7865	0.0417	-1.2396	-0.0410	0.9485	0.8379	0.0439	-1.1232	-0.0074	0.7928	-0.2140	-1.5698	-0.1262	-0.1887	-0.0701	-0.2544	-0.5355	0.0388	0.2674	-0.6647	-0.2887	-2.3304	-0.1685	-0.1673	0.3259	1.0678	0.3611	-0.3069	0.5825	0.6312	-0.2754	-0.5329	0.0196	1.3462	1.3938	-0.7828	0.4533	1.2782	0.7853	1.0598	0.4923
0.0105	-0.2082	-0.7718	0.6319	1.0169	0.7464	-0.3197	-0.7254	1.7711	-1.0843	0.6613	0.2275	-0.0748	-1.8430	-0.1514	0.2086	0.2539	-1.2937	-0.5524	-0.6770	1.1599	1.7193	0.1769	1.2366	0.2489	0.5887	0.1692	-0.8991	0.7704	-0.3815	-0.0884	1.0164	0.4580	-0.0252	-2.8004	-0.1188	-0.0440	-0.9045	-0.0130	-0.2249	0.1500	-0.3083	0.1509	-0.0108	0.1864	-0.1076	-2.0304	0.2261	-0.6205	-1.9923
-0.7544	-1.2294	0.1945	0.5453	0.1847	-0.9256	-0.7139	0.5886	1.2429	-0.8463	0.1301	0.2463	1.2193	-0.2334	0.1062	-0.5591	-1.3968	-0.9707	-0.2844	-1.3645	0.7943	0.4867	-0.5224	0.4197	1.5680	1.4035	-0.9007	0.2256	-1.0816	-1.6188	-0.6814	-0.0673	-0.5100	0.9949	0.5450	-1.0157	-1.3933	-1.5419	-0.0789	0.4398	0.6784	0.4768	-0.3892	0.0115	-0.3169	-0.0877	0.3820	1.1000	-1.8450	0.5450
-1.1575	-0.1879	-0.5736	0.2138	-0.0485	-2.5369	1.1075	0.3587	-2.1613	-1.2116	1.1243	0.8084	0.3960	-1.4180	0.5961	-0.6232	1.6169	-0.3887	1.4030	-1.3824	1.4512	-1.0638	0.1182	0.0343	-0.6956	0.7943	0.8675	1.9048	-0.2276	0.6516	0.3456	-0.8451	-0.2517	0.9205	-0.1930	-0.3560	-0.5186	-0.6267	1.0488	-0.5259	2.3784	0.5601	-0.9209	0.9281	0.1536	-0.1273	-0.5741	-0.3592	-0.3597	-0.3829
-0.6969	-0.5213	1.2793	0.3967	-0.0255	0.3361	0.5444	0.7560	-1.5930	-0.8149	-0.5611	0.8993	-2.3400	0.2342	0.2811	0.8903	-0.5774	-0.7669	-1.7628	0.3674	1.2351	0.2148	-1.5403	-0.6563	0.6584	1.5142	0.0709	0.0752	1.0322	1.8666	0.8067	-1.8531	0.3545	-0.3230	1.9257	-0.0962	0.4946	0.2273	-0.3290	-0.2033	-2.6162	1.0986	-0.5768	-0.9647	0.1304	-1.6213	-1.2302	-0.0162	-0.4265	-2.6636
-0.4830	0.1794	0.6251	0.2358	0.8432	1.5723	-0.4282	1.5812	1.7519	0.8648	-0.4002	-0.9178	0.3400	0.3006	0.0997	0.2970	0.0532	-0.3567	-1.0176	-0.1033	1.8351	1.0642	1.6687	0.1172	-0.8173	-1.7147	1.9045	-1.0999	-0.5046	-1.5354	1.3506	-0.8917	1.0716	-1.3359	0.0842	-1.1529	0.9535	-0.3869	-0.5581	1.6725	0.3026	-0.6513	-0.8284	-1.3306	-0.1426	0.1271	-0.2571	-0.6561	-1.3464	-0.8881
-0.0588	0.3360	-1.0495	-0.2327	-0.9910	-3.7046	1.4488	-0.4737	-1.8786	0.0962	0.4538	0.1814	0.2590	-0.2582	0.1529	0.2121	-1.3856	-0.0427	1.3226	-2.3455	-1.1948	0.8779	0.0453	1.2400	2.2965	0.3130	0.0017	-1.0874	0.8896	-1.2844	1.1023	1.3769	0.6447	-0.1873	1.7415	-0.8489	1.0289	-0.0996	1.1174	-0.6733	-0.8328	0.7782	-0.3679	1.5692	0.0396	-0.4414	1.7123	-0.0551	0.1108	-0.3601
-0.7569	-0.4606	-0.5626	1.0342	-1.6155	0.0812	1.7595	-0.7058	0.9398	2.3485	0.9564	-0.8243	-0.4029	-0.7466	0.9374	0.4512	-1.4815	1.6538	0.3756	-0.3947	1.5284	-0.8736	0.0561	-0.3266	0.2053	-0.8383	0.7302	0.4678	-0.0213	0.8064	0.9394	0.9952	1.1561	-0.0379	0.6561	-1.4866	1.6491	-0.9079	-0.3242	-2.1079	1.4793	-1.3419	-0.8010	0.2352	-0.9353	-0.0531	-1.5792	1.4073	1.4259	-0.8851
0.4096	1.1728	0.1432	-2.1429	0.5714	-0.4663	-0.1392	0.2353	-1.7886	-0.7514	0.4001	1.4549	0.4143	-0.6538	0.3954	-0.4010	-1.4576	-0.5893	0.5592	1.6204	-0.0009	-0.0105	0.2494	-0.5174	-0.2804	0.0940	-0.9323	0.2544	0.5065	0.9783	-0.6336	1.7995	-0.4193	-0.4033	-0.4098	0.7388	0.1593	0.1376	-0.4556	0.3313	-2.1013	-1.9451	-1.5090	0.0480	-0.0030	0.7114	-0.2494	-0.1243	-0.4969	-1.8119
1.6602	-1.4948	0.3584	-0.2882	1.2410	-0.6762	-0.4005	0.3597	0.0154	-1.3828	-1.4769	0.2433	-0.2515	-0.2681	-0.9009	-0.4491	1.4182	-0.2160	0.7850	0.0062	1.1491	-0.2920	0.1252	0.5792	-0.0458	-0.4465	-1.9585	0.3488	1.0085	1.6485	0.5046	-0.6448	1.6581	-1.4899	0.2513	-2.2938	-1.7205	-1.1830	-0.3400	0.8383	-0.2660	-0.2203	-0.6215	0.7645	0.2064	0.0280	-0.4425	-0.8002	-0.1819	0.0481
-0.2920	2.2966	-1.0778	-0.7284	0.7518	-0.8289	-0.8410	1.1400	-0.9196	0.1017	0.2713	0.4644	-0.6031	-1.2268	0.2743	0.0564	-1.3125	0.0332	0.0104	-0.3748	-0.5196	0.2621	-0.8888	0.3386	-0.5729	-1.1677	1.0129	1.5935	-0.4216	0.7691	-0.1506	-1.2273	-0.8572	-0.2303	-0.1202	-2.0695	0.3595	-1.2586	-0.2925	-1.6714	-1.6478	0.4258	-0.5326	-0.0248	-0.4043	0.7433	1.0132	0.1711	0.5402	-1.4613
0.6788	-0.9372	1.0267	1.3372	0.2195	-0.5863	-1.5589	1.7026	0.2014	0.3001	-0.4577	1.2116	0.0410	-0.9343	0.1285	-1.0761	-0.2922	0.3350	0.6525	0.9668	1.0831	-0.6169	1.6458	-0.4835	0.5948	0.6886	0.9986	0.9264	-0.9889	0.4689	-0.7468	-1.3625	-0.5895	0.4692	-2.4446	-0.5883	1.0843	-0.5878	-1.0077	0.4522	1.1232	-0.2661	-0.2520	1.1502	-0.0161	-0.7260	0.8959	1.8531	-0.3456	-1.1830
-0.5215	-0.9023	1.0339	1.2082	1.6993	2.5187	-0.2180	-0.2556	-0.8794	1.8177	0.1601	1.0517	0.2852	2.6048	-1.2357	-1.0596	-1.6065	1.7312	0.5285	-0.7832	-0.8072	-0.9537	1.5710	0.5076	0.8617	0.0786	0.1543	-2.2358	1.0841	-0.0842	-1.7581	-0.0413	0.2874	1.7412	-0.2678	-1.4392	-0.0923	1.3406	-0.3927	-0.8707	0.4083	-1.9490	0.8391	-0.4048	0.2438	1.0013	-0.9534	-0.2199	1.4363	0.5011
2.9659	2.5832	-0.2133	-0.4678	1.1957	-0.3211	-2.5294	-2.0060	1.4877	-2.1077	-0.5455	-0.4304	0.6622	-1.9044	0.2587	1.4012	-1.2660	-0.2419	-0.9628	1.0327	1.4256	1.0286	0.7974	1.0311	0.2540	-1.0994	1.2033	0.8741	1.3807	0.9759	-0.7236	0.3866	0.0609	1.2133	2.1251	0.6691	-1.1116	-1.7011	-0.1703	0.7171	-0.8285	0.1635	1.3766	-0.9859	-0.2892	-0.6815	0.2566	-0.6565	1.1349	0.4382
0.5657	0.2025	-0.5894	0.0409	-2.7213	-0.0818	0.7315	-0.3012	-1.1794	-0.4362	-1.1205	-0.1753	1.7664	-0.0499	-0.6240	-1.6966	0.6934	-0.7106	0.9413	-0.1916	-0.9576	0.0915	1.6351	0.5347	-0.5975	-0.6540	1.0662	-0.7081	-0.5337	-1.2718	0.4898	-0.1580	0.2613	2.0944	1.5332	-0.2707	0.4277	0.0564	2.2144	-1.2587	0.9478	-0.0559	-0.3202	0.6364	1.8550	0.3207	-0.7212	-0.9944	-2.1375	1.6350
0.2051	1.3340	0.0239	0.4102	-0.3557	-1.6574	1.1793	-2.6159	1.1244	2.0881	1.6318	-0.9162	0.7681	-0.7235	-2.0236	-0.4378	-2.1500	-0.4287	-0.3735	-2.2483	-2.5162	0.3919	-1.2128	-1.9394	0.1149	1.3630	1.7065	1.4553	0.6887	-0.5497	0.2880	-1.3063	0.2318	0.2864	1.4578	-0.0770	0.9182	-0.3473	0.7983	-0.2359	0.4635	0.3979	-1.3600	0.5182	-1.0624	-0.6569	-0.3608	0.7701	0.0135	0.2185
-1.0099	0.9653	0.9434	-2.0260	-1.8581	0.6482	-0.9368	0.4262	-0.7216	-0.2739	-0.2982	-1.3079	-0.2110	1.2002	1.5969	-1.0635	1.4840	-0.0933	0.1184	2.2199	0.1255	0.2807	3.0107	-0.6446	0.3070	0.2058	0.1510	0.5233	1.2422	-0.5552	-0.1377	0.4827	-0.2801	0.2568	0.8946	2.0368	-2.8490	-0.3682	-0.3078	-1.4927	0.7325	0.8640	1.5750	-1.8291	-0.0389	0.4060	0.0355	0.4170	-0.2295	-1.7858
-0.2459	-1.1577	2.5349	1.7495	0.5355	1.4043	0.5440	0.6743	-0.4681	0.8938	0.5901	0.5916	0.3718	0.6858	-1.2239	-0.3906	-2.7624	-2.0925	0.0650	0.3915	-0.9865	-0.5583	0.2267	-0.4242	-0.2155	2.9365	0.7183	2.7415	0.3642	0.4957	-2.7073	-0.8979	-0.2836	1.0917	0.9902	1.2063	0.0292	-0.9050	0.6040	1.3962	-0.5051	-1.7435	-0.3955	1.2192	-1.9460	-0.0335	-0.7241	0.3449	0.5280	1.1275
-2.2995	-0.4417	0.4316	0.8395	0.5920	-0.0105	-0.5007	0.1704	-0.1271	0.1741	0.8441	-0.3455	-0.6152	0.8590	0.8323	-0.3864	-0.3464	0.1737	-1.6589	0.5395	-0.8832	1.0813	-0.1228	0.1115	0.8110	-0.2290	-1.9210	0.4061	-2.7662	0.9136	-0.5252	-1.2473	0.0416	-0.7656	0.0053	-0.0785	-0.2334	-0.3514	1.0999	1.3942	-0.5650	-0.1544	-1.6997	-0.1770	-0.3826	-0.0072	0.6857	0.7583	-0.8704	0.2298
0.1020	1.7365	0.2395	0.4959	0.7812	-0.7184	0.4980	-0.7591	-1.3608	-0.3891	0.4690	-0.0482	1.6215	1.1052	0.7288	0.7564	0.8588	0.1447	0.6691	0.5956	0.9854	-0.1414	0.4000	0.3246	-1.2381	1.9538	-1.0293	0.6366	1.4761	-1.1838	-1.4933	-0.5401	-0.1857	0.5563	0.2982	-0.4009	1.7019	-1.9427	1.4307	0.5131	-0.5891	2.2879	0.1981	-0.2495	-0.3213	0.6240	0.7063	1.1125	2.2471	1.5256
0.0159	-2.1678	-1.0171	0.7470	-0.9023	-0.0942	2.2144	-0.3368	1.4466	-0.8263	-0.9972	0.9544	0.6489	-0.3282	-0.0269	0.0146	0.9489	1.3012	-1.1204	-0.2926	0.6572	1.0018	-0.9634	0.7920	0.5013	-1.7285	-0.0662	-0.7566	-0.1670	0.7371	1.4435	-0.8027	1.9155	-0.2127	-1.3993	0.3567	-1.4135	-0.0303	0.7932	1.2929	-0.2841	0.1972	1.6537	-0.0384	-0.0782	0.7323	-0.0489	0.8045	-0.5162	-0.5724
0.1084	-1.9982	0.3829	-1.6864	0.3608	0.2358	1.3714	2.3819	0.9752	-0.1244	0.5485	-1.2174	2.8798	-2.6819	-2.0595	-1.8062	0.5323	-0.9305	0.7855	0.6293	2.1947	1.0964	0.3539	0.7450	0.5853	-0.7368	0.3658	0.7559	0.2663	-0.0310	-0.2241	1.1447	0.6315	0.4321	0.1254	-0.8526	-0.1835	0.6767	0.7230	0.5336	-0.4442	-0.9653	-0.4190	-1.3470	0.4468	-1.3694	2.2870	-2.0167	-0.0187	-0.4658
0.8139	-0.4136	1.3874	-1.1111	-0.3549	1.1122	-0.9998	0.4193	3.2427	-1.4032	0.4033	-0.8572	-0.7195	1.1779	-1.6704	0.5383	0.4219	0.2338	0.5315	-0.8404	-1.1039	-0.0689	0.2737	0.8823	0.2813	-0.6108	-0.4919	0.7408	-1.2039	-1.4564	-0.0717	1.2197	-0.6237	0.5101	-1.1369	0.2196	0.1945	-0.5210	1.3499	1.8005	-1.6160	1.5229	-0.2580	-0.8552	-0.9890	1.1433	-0.3786	0.8328	-0.2621	-0.8957
-0.8379	0.8098	1.4522	0.5521	1.5378	-2.7147	2.1606	-0.6446	-0.9238	-0.7564	0.5758	0.7732	-0.9269	-0.2602	-0.0870	0.4395	0.5414	0.2365	-1.1868	1.2090	-0.1903	-0.5874	-1.7944	1.2433	-0.1601	-2.7498	-0.7304	-0.7013	-0.1222	1.9247	1.1893	0.9966	1.7854	0.9468	-0.4051	0.2926	0.7975	-1.1400	0.9518	1.7900	1.0931	0.4104	0.7685	-0.5574	2.1199	-1.1733	-1.1610	0.3162	0.8810	0.4758
-1.8156	-0.7617	0.7896	-0.2462	-0.8136	0.1061	-1.2520	0.7098	0.3383	-0.1138	0.8771	-0.8573	0.1026	-0.9639	-0.0158	1.1816	0.9974	-0.0807	0.3354	-0.9151	-1.0973	0.6490	0.2408	-0.0176	1.0756	0.2195	0.3266	-0.0135	0.7902	1.0734	-0.6936	-0.4627	0.5402	-1.2370	-0.3660	0.3410	0.9529	1.1559	0.0672	-1.1286	-0.0722	0.6999	1.7108	-0.6017	0.0080	-0.1790	-0.1335	-1.4119	-1.4798	-0.1934
0.5447	-0.6342	0.9245	0.4403	-0.5426	-1.0341	-0.6102	0.9045	0.7482	1.7599	1.6894	-2.9360	-0.8053	2.3109	0.9362	0.0480	1.0035	-1.0638	-0.7274	0.1906	0.7306	-0.4985	1.0927	-0.1507	-1.3291	1.8223	0.4867	-0.1493	1.2401	0.8751	0.5791	-0.1540	-1.1183	-1.1712	-0.1181	0.3595	0.6228	0.5155	-0.0949	0.2991	1.5982	0.6985	2.3953	-2.0405	-0.9717	-1.3487	0.1296	-0.7298	0.3081	0.2088
0.5828	-1.5318	0.6214	0.4797	0.5656	0.7627	-0.1933	1.0445	0.1406	-1.9477	0.6660	-1.5350	-0.5269	-0.4779	-0.4180	-1.1328	-0.5881	-0.4270	-0.7273	-0.8493	0.0127	0.4434	-0.2056	-0.3177	0.3145	-0.1407	-0.9047	1.4533	-2.3263	-2.5424	0.2125	0.5500	-2.3909	0.1836	1.9002	1.1402	-1.1903	0.7024	-1.4962	-0.3328	-1.5591	1.8272	-0.3951	0.9516	0.6312	-0.8846	-1.5738	-1.1959	-1.8084	-0.1663
-0.5094	0.6820	-0.3189	0.7586	-0.6489	0.1616	0.3706	-1.5060	1.7733	-0.0089	-0.2088	-1.9515	-0.0152	-1.1694	-0.7770	1.5955	0.5975	-0.1716	0.3458	-0.3580	1.0066	1.1088	0.0314	0.0070	-0.0082	-0.1506	-0.2848	0.2323	-0.0768	1.3994	0.1220	-0.3465	2.3344	-0.1431	-1.0522	-0.4928	-0.6861	-0.0144	-1.4409	-0.5401	0.5316	0.6284	-0.6589	2.3523	-0.3793	-0.7406	0.8172	-1.4912	0.2761	-0.1849
1.3175	0.2086	-0.9995	0.3340	-0.4822	-2.1226	-0.1719	-0.9135	0.1983	-0.1736	-0.5644	1.4934	-0.2909	-0.7330	1.1877	-0.8005	0.1648	0.1562	0.9942	1.8013	-0.3234	-0.4267	0.8109	-0.9164	-0.6227	0.3422	-0.4715	0.5555	0.4137	0.5000	-1.4653	-0.3411	-1.6975	-0.4937	-0.1088	-1.0395	-2.5515	-0.2442	-1.8020	1.2251	-0.3864	0.8473	0.6548	0.5938	-2.4608	-0.6364	-0.8994	0.0490	0.6348	0.7509
0.7567	0.1323	-0.0360	1.0520	-3.0844	-1.0201	0.4026	-0.7514	-0.0894	-1.9031	-0.5165	1.0526	-0.4498	0.9809	-0.6888	0.8886	0.2306	0.3087	0.6719	-2.0188	0.0225	-0.4868	0.2561	0.3979	0.6773	-1.2243	0.3066	0.2440	-1.6127	0.5261	0.0424	-0.3971	-1.3587	-1.3766	0.7396	0.7748	1.0721	1.3239	0.9051	0.0490	-1.0367	-2.5489	-0.5799	-0.3160	-0.3460	0.8057	-1.8595	1.1293	1.1029	0.1352
0.8612	-0.1521	1.9336	1.6609	0.9985	-1.7711	-1.0052	1.1046	0.2295	-0.2436	0.5161	-0.3264	0.0814	-0.5891	-1.5787	0.0772	0.2060	-0.0794	0.1715	-0.3709	0.6606	-1.1333	-0.4810	-1.5116	-0.7423	1.9511	-0.7579	-0.4954	0.9948	-1.4862	-0.0904	-0.4995	0.9104	0.1785	-0.2139	-1.2105	0.5862	2.4265	-0.0792	0.2639	1.8985	0.6247	1.1518	2.0209	0.4821	0.0705	1.6345	-0.2312	0.0823	-0.8625
0.1457	-1.7931	-0.6199	-1.0370	0.1737	-0.7501	-0.2686	-0.9067	0.9088	-0.9166	0.9153	-0.1583	-0.5117	1.1906	-1.6322	-0.2753	-0.1353	0.1849	1.7798	-1.6218	-0.7317	-0.4342	0.3642	0.3106	1.3853	-0.8789	1.1909	-1.1034	-0.5946	-1.0688	1.2916	-0.4613	-0.3684	0.3136	-2.7438	1.0108	0.4502	1.0840	-0.3721	-0.9838	-0.1762	-0.4866	2.3366	0.3747	0.3792	0.6881	-0.8588	0.2031	-0.8634	1.2960
-0.7122	-1.1194	-0.0734	-0.7153	-1.9640	2.2936	0.4466	0.3945	0.8579	-0.6073	1.0202	-0.7238	0.0815	0.0232	-0.6507	1.2692	0.0053	-1.8147	0.2862	-1.2549	1.7774	-0.5874	-1.2775	1.1734	-0.8182	1.0863	0.3536	-0.9606	-1.5420	-0.3785	0.7485	-0.3235	0.0037	-0.4291	0.7840	0.9133	-0.3765	1.7451	-0.8784	-0.8659	-0.5270	-0.7508	-0.9945	-0.8204	0.1513	-0.8858	0.1765	0.9085	0.9682	1.6624
1.5572	0.0244	-0.1860	-1.2566	-0.1845	0.5414	0.9810	-1.8758	0.5340	0.3811	-1.9766	0.2517	-0.2100	-0.1978	-0.3649	0.7112	-0.3592	-2.8525	-0.1784	-0.9143	0.0031	0.6103	2.3105	2.5375	0.6096	-0.5901	0.3427	-0.2378	1.3909	-1.1728	-1.0703	2.1355	0.3559	-0.3796	-1.1013	1.0652	-0.1733	-1.8747	-0.0115	0.7456	1.2312	0.8479	-0.4487	-0.7228	0.1988	0.2986	-0.3080	-0.6867	-1.3999	0.1910
0.3239	-1.9781	-0.4862	0.7920	0.8012	-2.1268	-1.5031	-0.4884	-2.1893	-0.8698	0.8605	-0.5493	-0.2629	0.0096	1.2222	-0.9156	1.8649	0.5322	-0.2616	-0.4174	0.9503	1.4207	-2.1005	-0.5343	0.0634	1.7489	1.0693	-0.3492	-0.7212	-0.6744	0.3034	-0.9556	0.5743	0.5973	-1.1378	1.4315	0.4276	-0.8448	1.3521	0.4240	0.6904	0.4340	-0.7907	1.2291	-0.4940	0.4048	0.4357	-0.2608	0.9012	-0.1848
1.2209	2.5193	-1.2692	0.3892	-0.6984	1.7689	1.3630	1.8936	1.2717	-0.7456	1.2386	0.4279	-1.2480	-0.8622	-1.4840	1.1492	-1.0353	-0.5635	-0.6160	-0.0478	-0.7996	-0.2495	-0.9264	-0.0205	0.0996	-1.5034	-0.5031	0.9653	1.4172	0.0695	-0.9853	-0.3679	-0.3079	-0.0857	-0.5095	0.2233	1.1975	-0.5582	-0.9481	0.1011	-0.0855	0.4798	-0.3685	0.9610	0.9298	-0.0164	-1.1502	-0.1933	-0.5978	0.4447
0.6476	-0.9659	-0.7580	-1.3610	0.1180	0.0580	0.0215	0.0329	2.2383	1.9518	0.0739	0.1958	-1.2623	0.2878	-1.6600	0.3749	-0.7309	0.2684	-0.3957	-0.4766	-0.8952	-0.6707	0.9197	1.7564	0.5727	0.0045	-0.5685	1.7065	-1.1220	0.6636	-0.1212	-1.8542	0.4118	0.2799	-0.6125	-0.1314	-1.0794	-0.9790	0.3256	0.0051	-0.0946	-0.4732	0.7477	0.0239	-1.5980	-1.2424	0.1513	-0.4235	-0.6552	-0.3401
0.8284	1.6557	0.3152	-0.7574	-0.4912	1.0885	-1.1711	-0.6584	-0.4839	-1.5132	0.7322	-0.4869	0.0203	0.3567	-1.6151	0.5594	-0.4093	-0.4973	-0.4699	-0.3945	-1.1956	0.0941	-1.8496	0.2471	0.9355	0.2082	-0.5163	0.1529	1.2968	-0.1052	-1.2013	-1.0453	2.1395	-0.6867	-0.8565	-1.5839	1.0280	-0.5573	-1.0846	1.7249	-0.4383	1.0673	-0.3575	-1.7301	1.6064	0.1806	-0.2863	0.4720	-0.6522	-1.1669
0.3557	1.9840	0.9386	1.4765	-0.0176	-0.5616	-1.4166	-0.5335	-0.5242	0.2708	0.0795	-1.2460	0.3556	0.9315	0.0442	0.6327	0.4551	0.0496	1.0691	0.2537	-0.1130	0.5120	-1.1123	0.3441	1.2429	-1.2691	-0.1915	1.9194	0.0700	0.9501	0.1579	-2.1013	-1.1363	0.6940	-1.2027	-0.1458	0.0942	-0.9808	-0.7820	-0.1591	-0.3041	-1.3232	-0.4954	0.8386	0.7432	0.2049	0.7780	0.8912	0.3734	1.9410
-1.1591	0.0754	-0.4339	0.5063	-1.5183	-1.0943	0.4338	1.0238	-0.7840	-0.5346	-1.2551	0.2452	1.2399	-0.0196	1.2514	-0.8048	0.2510	-0.0526	1.1392	-0.5594	0.2141	-1.0678	0.8095	1.2430	-1.4253	-1.4029	0.4937	0.1617	0.0056	-0.8796	-1.3906	-0.0512	-2.0770	1.3133	-1.4841	-0.7476	0.8133	-1.6895	0.1823	0.3049	0.6789	-0.8069	1.3452	-0.4012	-0.4633	-0.5785	0.4199	1.1557	0.1576	-1.3220
-0.0479	0.8628	-1.6063	0.1520	3.1189	-0.1909	-0.4070	0.0961	-0.2798	0.0546	-0.8510	-1.0348	-1.2458	1.0677	0.5453	0.0423	-1.3894	0.1543	-0.5509	1.1322	0.2489	-0.6130	1.6854	1.3286	0.5675	-1.3100	0.2929	0.9423	-0.5534	-0.0885	-1.0803	1.6773	-1.7003	-0.6105	1.4150	-0.2542	-0.7220	-0.1753	-0.8539	-1.6823	0.7075	0.3551	0.3614	0.3876	0.0033	-1.2460	0.1825	0.5027	-0.1525	0.3855
1.9558	1.0856	0.9888	-1.4779	-0.2653	-0.6490	-1.1967	-2.0500	0.5677	-0.9788	0.3832	0.8254	-1.0951	-0.8806	0.9815	-1.1368	1.6339	0.5958	0.5780	-1.6190	-1.2485	2.2071	1.6346	0.7897	1.9654	-1.1438	1.5632	-1.7831	1.7745	0.0243	-0.3414	-0.8161	-0.7728	-0.9220	-0.1578	-0.3770	-0.3939	0.6987	0.9655	-0.8987	-0.5956	0.0477	0.5011	0.7719	1.3321	1.0236	-0.9157	-0.6830	-0.0189	3.0839
-0.6417	-0.3024	-1.4570	0.5662	-0.7947	0.2309	1.7833	-0.2050	-0.5029	0.3617	0.6573	1.1666	-2.2739	-0.3489	1.2275	1.0285	0.0299	-0.8424	0.3049	1.1936	-0.3725	-0.8366	1.4745	0.1459	2.0172	2.4216	0.1545	-0.1967	-2.0364	-1.3687	-2.7156	0.0851	0.4841	0.3671	0.6424	-0.9347	0.0719	-0.4461	0.5582	-1.9712	1.5592	1.4083	0.1835	-1.5166	0.5306	1.4798	-1.9829	-1.1787	-0.4047	-1.3703
-0.3736	-0.8436	-1.2057	-1.4536	1.0958	-1.2352	0.7587	-1.9375	1.0928	0.3390	-1.2995	0.1388	-0.1511	-0.0832	1.0468	-1.0477	-0.3450	-0.0422	1.4522	1.6192	0.3489	-1.9027	-0.3611	0.9117	-0.4340	1.8162	-1.8260	0.5310	0.8735	-0.2555	0.2308	1.6739	-0.1130	-0.3878	-0.4956	-0.6742	0.2032	-0.3147	1.2813	0.1391	0.1801	-0.4004	0.4745	1.3161	-0.1477	0.5431	1.3695	1.0776	0.1613	0.5310
0.1930	-0.6506	0.3957	-1.2530	-0.0706	0.8279	-0.5915	-0.0202	0.7323	0.5466	0.1088	0.1592	0.3761	0.4829	0.9582	-1.2117	-0.4201	0.0635	-1.5778	-0.0711	-0.6949	-0.5807	0.9307	2.4512	0.7680	0.2827	0.2034	-1.1607	-0.3086	-1.0751	0.5810	-0.1368	0.8949	-1.3913	-0.4597	-0.7259	-0.8669	0.7714	-0.0493	1.1795	-0.9964	-1.7825	-1.3890	0.1625	0.1320	0.6761	0.6320	0.5765	-1.1708	0.6616
-1.4241	0.5674	0.3614	-0.4873	-1.6648	0.2160	-0.5331	0.0716	0.4233	-2.3763	-0.3457	0.3757	1.1829	-1.4345	-0.5666	-0.1932	-0.8375	0.8589	0.0049	-0.2251	0.0731	-0.1209	-1.6984	0.5285	-0.3379	0.2472	0.5029	-0.8598	0.9592	-0.1611	0.1086	-0.3486	-0.7019	0.4362	-0.2932	1.4265	-1.4926	0.2073	-1.4559	-0.4754	0.6101	0.3165	-0.9802	1.3862	-0.3929	0.8186	-0.2376	-0.3126	0.1430	-0.1514
-0.0673	-0.0017	-0.2409	0.9517	0.0890	-1.1949	-0.2832	-0.2332	0.6394	-2.0317	-0.0243	-0.3427	-1.1377	0.0644	1.9449	0.1148	0.2073	1.6657	2.2816	1.6530	1.5652	0.3670	0.7290	1.8718	0.0623	-0.4304	-1.5537	2.4936	0.5858	-0.1869	-0.1212	0.5510	0.3107	1.3256	0.6999	0.2239	-1.0749	-0.0915	1.3079	2.1484	-0.2677	0.7436	0.9242	1.1810	0.2967	0.3794	-0.0667	-1.4243	0.4468	0.2040
-0.6098	1.1615	-0.6352	0.3148	0.2395	-0.3557	-1.6001	0.8546	-0.0050	-1.2487	0.6424	-0.3022	-0.9328	1.1970	-1.5399	-2.2668	-0.8188	-0.1403	1.4324	-2.1417	-0.3244	1.1646	-2.1282	1.1790	-1.2198	-0.7328	0.3704	1.1722	0.6845	0.1637	-1.5877	1.4661	0.8951	1.1284	1.3116	0.2532	0.7164	2.2742	-0.9533	0.3173	-0.5833	-1.1259	1.2047	0.2709	0.2755	-0.2608	-0.4197	1.2135	0.0302	1.8523
0.8279	0.3245	0.5954	0.5467	-0.6814	-1.0538	0.4900	-0.4324	-0.6206	0.3198	-0.9035	-0.4386	-0.8337	-0.8628	0.0836	1.2474	0.2277	0.3080	-0.9069	-0.5971	-1.2913	0.2445	-0.0423	1.7057	0.0073	1.4919	-1.0451	-0.3965	0.9451	-0.1476	-0.9555	2.2231	-0.5270	-0.3353	0.0560	0.3129	-1.4358	1.2631	-0.3478	0.2372	1.4966	0.8043	0.2758	-0.3539	-0.4660	-0.4555	-1.1433	-1.8596	0.6505	-0.9418
0.0578	-1.9074	-0.8478	-0.6257	-1.5530	-0.4689	0.3269	0.2582	-1.1236	0.1193	-1.4445	-0.0227	-0.6232	-1.5569	-1.8497	-0.5032	-0.6493	-0.3362	2.1314	-0.2541	-0.0865	-0.0900	-0.3662	0.3541	-0.2078	-1.4366	0.2566	0.0447	1.2634	-0.8047	-1.2113	-0.3523	0.8324	-1.5854	-1.0984	-0.1108	-0.6175	0.5577	-0.0919	1.2427	0.7785	-0.4336	-1.6011	0.6667	-0.0862	-0.4887	-1.7592	-0.4787	-0.5984	0.5010
0.8970	0.1638	-0.6219	-1.6335	0.0832	3.0134	-0.1374	-1.3684	0.5278	-0.6991	-1.2619	0.0753	0.6006	-1.1198	1.4034	0.4785	0.7616	-0.5023	-0.5745	-0.1762	0.5766	1.5823	-0.7494	0.5137	0.3706	-0.2629	1.7054	-0.4373	-0.3061	-0.5567	0.0457	-1.3095	-1.2242	-0.3668	1.7921	2.3510	-0.4616	0.5767	-1.9995	0.8072	-2.3219	-0.1657	-1.6337	-1.3732	0.3144	0.2627	0.7706	1.7987	0.6708	0.4818
0.5473	-1.3402	2.9995	-1.7202	-0.9170	0.4646	1.6403	0.8374	-0.3618	-0.9210	-0.6877	0.4035	0.6676	-0.9090	0.9147	-0.3128	1.1041	0.5844	1.2870	-0.1301	-0.3442	0.7621	0.2352	-0.5362	1.5048	0.6454	0.2290	1.4365	0.4004	-0.0435	-1.0198	0.4192	1.8294	0.7635	-0.4006	-0.8383	-0.7129	-1.0401	-0.7626	-0.3238	0.7367	0.6367	-1.6960	1.3960	-1.4468	0.3967	0.2884	-0.8755	0.0594	-0.0248
0.4442	-0.6876	1.5157	0.9742	-0.5594	0.5574	-1.0990	-1.3344	0.8012	1.8135	0.5270	1.1563	0.8732	0.2465	1.4101	-0.3594	-0.5284	-0.9453	0.3485	-0.1277	0.2671	-1.2987	-1.0349	-1.1808	-0.2574	0.8615	1.2118	1.2964	0.8127	0.7290	-0.1112	0.5631	-0.0514	-0.3241	0.4273	-0.9805	-0.5239	-1.0912	2.4010	1.3036	0.0681	1.1281	-1.5831	-0.2989	0.7779	1.3555	0.9021	-1.0294	-0.1627	2.3926
0.1505	-0.2854	1.4816	1.4531	1.3479	-1.7225	-0.0956	1.3087	-0.5042	0.2703	0.3427	-0.0104	-1.2551	0.4458	-0.6469	-0.1847	0.6114	0.5212	-1.3474	0.0889	-0.1206	0.9085	2.2088	-1.0351	1.0738	1.3793	-0.3810	1.0862	-1.7758	0.6926	0.6623	0.9020	1.3198	1.9549	0.7640	0.6325	-1.0847	-0.5845	-1.0908	-1.1257	-0.2905	-0.2003	-0.1708	-0.2233	-0.2318	-0.4063	0.7601	-0.8408	0.1061	-0.0979
-0.5788	1.2363	0.9934	1.9899	0.0176	-1.5791	-0.3320	-1.6458	-1.2209	0.6447	-0.9893	0.0027	0.2386	-1.4294	1.3477	-0.0003	-0.8837	0.2249	1.9135	-0.3909	1.3075	0.2301	0.1365	-1.7950	0.7631	1.8732	0.3576	-0.1586	-1.1234	-1.6933	0.0125	-0.7168	-0.0788	0.4980	0.2985	0.1403	0.0895	0.9371	0.0159	0.3539	-1.4116	0.1350	-0.0014	0.3832	1.1414	0.6379	-2.3757	-2.0194	-1.4336	-0.6119
-0.3004	-0.0616	-0.0608	-0.0205	-0.4837	-0.6883	-0.5803	0.9724	0.5001	-1.2963	-1.0933	-0.1834	-1.1620	0.0861	0.0132	-1.8200	-0.1812	1.2256	-0.7728	0.1663	-0.4961	0.2400	1.1873	1.9427	0.2712	-1.2963	0.0715	-1.9735	0.6202	-0.0534	-0.3182	0.1211	-0.0704	0.4811	0.3155	1.0394	0.4502	0.4221	2.8916	-0.1590	0.7443	-1.3885	-0.8504	0.1724	0.1947	1.2487	-0.2547	-0.0485	1.1235	-0.6460
0.5351	0.3272	0.0418	-0.5711	-0.8340	1.2479	-0.1516	-0.7625	-0.1002	-0.9978	-0.0440	0.1907	0.8864	2.0143	-0.0680	0.4183	-1.1871	2.2375	-1.0901	0.5469	-1.3775	-0.6742	-0.3649	0.6623	-0.3669	-1.2403	-2.6633	1.3683	-1.0406	0.3849	-0.7846	-0.0633	0.0586	-1.4641	-0.3635	0.8787	-1.1820	-1.3316	0.2594	-1.1086	-1.0700	-0.7537	-0.5606	-1.7751	-0.2622	-0.3644	-0.0393	-1.0301	0.5833	0.1312
0.9828	-0.7753	1.0314	1.3419	-1.0220	0.9442	-0.5171	-1.1767	0.9524	-0.3105	0.3512	0.0760	-1.9767	0.5922	-0.1344	-0.3306	-0.2920	0.7751	0.8618	0.6724	-1.1162	-0.1121	-0.1954	-0.3507	0.1511	-0.0995	-1.1513	0.8506	0.3756	0.3895	-1.8648	-0.9352	-1.7140	0.4554	1.7369	-0.4212	1.4767	1.6732	-1.8339	0.5695	0.7547	1.0393	-1.1513	-0.7237	0.0805	0.5728	-0.9327	1.9394	-1.2117	1.4070
-0.3631	0.0237	-0.2753	-0.6037	0.0007	1.3190	0.4006	-0.2345	0.0774	-0.3864	2.0271	0.3332	1.2388	-0.8730	0.2219	-0.3195	0.2071	-1.4875	0.5653	1.2034	-1.0983	-0.7469	-0.0526	-1.3322	0.0464	0.0800	1.8780	0.7738	-0.0902	-0.1577	-0.7769	0.1163	-0.3688	1.8077	0.8913	0.1260	0.2771	-0.0192	0.6343	0.2135	-0.4318	-0.1350	-0.2370	1.1975	1.1055	1.3986	-2.0956	-0.2582	0.1202	-1.0300
-0.1039	-0.2260	-0.2330	1.6599	-1.9006	0.7300	-0.1071	0.8305	-0.8964	0.6673	0.8874	-0.6325	0.9396	-0.5371	-1.0897	1.6311	0.0461	1.6419	2.1237	-0.4958	0.0889	-1.3924	0.2349	0.6848	-0.7821	-0.5751	0.3733	-0.4255	0.6353	2.0562	-0.6198	-0.3495	0.8405	1.1949	-0.0481	-0.4410	1.1246	0.5674	-1.0326	-1.0558	0.4967	0.0789	0.4409	-0.4566	1.1399	0.4221	1.2885	0.3505	-0.8837	-0.7644
1.0037	1.1941	-0.3021	0.4494	-0.1571	-0.7277	-1.6992	-0.6081	0.1100	0.4590	2.6285	1.5716	2.3834	1.0157	0.0227	0.3385	-1.1906	-0.7237	0.1555	0.8942	0.3425	0.2935	-1.5955	-0.1766	-1.4744	-2.3554	0.9690	0.2905	1.3955	-0.9341	0.5127	-0.2602	-0.8571	-0.0040	0.4809	0.0310	-0.0042	-1.4293	-1.1513	-0.7501	1.6784	0.8379	0.0746	-0.5840	-0.2675	0.7793	0.3498	0.2602	-0.2374	-1.3740
-1.1924	-1.4564	-0.3974	2.6130	0.2424	1.7268	1.4203	1.3176	0.7686	0.7839	1.0783	-0.2965	-0.7956	-1.5481	-0.2422	-0.0074	1.1085	0.8823	1.5926	-0.1313	1.2595	-0.2687	2.3535	-1.3570	0.5246	1.6163	-0.9166	0.3834	-0.7888	-1.0904	0.4052	0.6522	-1.1980	-0.2004	-1.3575	0.3811	0.3954	1.2252	-0.2929	-0.5962	-0.3589	0.2202	-0.2547	-0.7866	-1.2179	-0.7468	-1.5878	-1.2609	1.2242	0.4194
-1.1238	1.0759	0.7751	2.1780	1.3528	-0.9429	1.4910	0.5230	-0.4599	0.2791	-2.2596	-1.1732	0.1607	0.8529	1.2732	-1.1367	-0.1498	1.9020	0.1134	0.2421	-0.0265	-0.1704	0.9231	-0.0715	-0.2645	-0.8209	-0.0105	-0.5874	-0.4677	-0.5147	0.8505	-0.7881	-0.5384	2.1186	0.8171	-1.1531	-1.1981	-0.6704	0.7362	-0.0110	-1.1190	1.0076	-1.0560	-0.9173	-1.0292	-0.9540	1.1108	0.8158	-1.5712	0.3685
1.7561	-1.0269	0.0370	-0.8518	-0.6535	-0.6922	0.9500	1.0833	0.1898	-0.3399	2.3459	0.5278	-0.3809	0.7971	2.0712	-1.8125	-0.0664	1.0820	0.7309	-0.7664	1.2115	-1.9168	1.8780	0.4721	0.0915	-0.0973	-0.1089	-2.0452	0.2081	-2.1800	0.7892	-0.4147	-0.5985	-2.1181	-1.3974	0.3413	-0.3382	0.2298	0.9488	1.3745	-0.4775	-0.2444	-1.3314	-0.6228	0.9756	-0.3565	0.3348	0.6732	-0.8658	0.4164
-0.1023	-1.2765	-1.8992	-0.5893	1.3558	0.3462	0.4826	0.3592	-1.5830	-0.0368	-1.5067	0.4709	0.8594	0.6695	0.4140	0.4085	-1.1527	1.2883	1.0445	-2.0777	0.5142	-1.9477	-1.6933	0.1422	-0.2330	-1.1399	-0.9132	1.3529	0.3879	0.6789	0.2304	0.3916	1.0260	-1.0776	1.2989	0.5579	-1.7080	0.2776	-2.1937	-0.4024	-1.6618	-0.0125	1.6815	-0.0183	1.4142	-0.6932	1.4220	-1.2002	-1.2267	1.1047
-1.5883	-1.1984	-1.3788	0.1344	0.3780	-0.6537	-1.8345	-0.7087	1.1159	-0.6191	0.5152	-0.0672	2.2555	-1.1592	0.2883	-1.1384	-1.8304	-1.2674	-0.5159	0.2767	0.7542	-0.2239	-0.5054	0.1930	1.3564	0.0557	-0.5192	0.4452	-0.6334	-0.5975	1.4246	1.2091	-1.0288	-0.4428	0.4571	0.7364	0.0057	-0.6441	0.0985	0.8936	0.8018	0.2982	1.1923	1.2916	0.7796	0.0642	-0.0900	0.8936	-1.0263	-2.0509
1.2044	-0.0560	-1.0526	-1.3854	1.1716	-0.5629	-0.8101	0.8758	0.7581	3.2159	0.7266	0.7802	0.2723	0.5516	1.0816	-1.8731	-0.5569	1.1152	0.3248	1.8072	0.3347	-2.2342	-0.3837	-1.0060	-1.6540	-0.7262	-0.0102	-1.0914	0.9752	-0.3572	0.0139	-0.2443	-0.5506	-0.3680	-0.2363	1.0359	-0.9687	-2.2020	-0.2112	-0.6285	0.0404	0.9270	-0.8797	-0.4538	-0.1125	-1.2332	0.1047	-0.8545	-0.3049	2.2215
-1.2195	0.3970	-0.0699	-1.2886	0.7607	1.6940	-1.1782	-0.4376	-1.2172	1.1612	1.2311	0.1177	0.3434	0.3382	0.9678	-1.1890	-1.3130	-0.1123	-0.3010	-1.5821	-0.3842	0.9918	0.6119	0.0704	1.3727	-0.6146	0.0780	0.4515	0.2550	-0.6777	-0.8820	-0.9273	0.0692	0.5121	0.8147	-0.2987	-0.0493	0.0074	0.2176	-1.7834	0.5734	-1.5935	1.4356	1.2925	-0.0194	1.6473	1.7284	0.7952	0.5610	0.3044
-0.7452	1.3318	2.1801	0.6234	0.9290	0.6752	-1.1153	-0.3054	0.0050	0.3937	-1.5313	-0.6281	-1.3490	1.1352	-0.0577	0.9801	-1.1192	-0.8846	1.7963	0.5201	3.2334	1.6134	-0.8993	-0.6350	0.1043	-0.1744	-0.8611	-0.4577	0.7300	-1.4319	0.2689	-0.5979	-0.3081	-1.9548	-0.1330	-0.4328	-0.4908	-0.6083	1.1091	-1.0534	-0.1748	0.3178	-0.8158	-0.0321	1.1454	-0.4564	0.6539	0.4021	0.5137	0.5606
0.3584	0.4602	-0.2020	-0.3444	-0.8075	0.8579	-0.1505	0.6216	0.2490	0.2847	1.2745	-0.1114	-1.2915	-2.3862	-0.8753	0.5139	0.2294	-2.1011	1.2450	0.4815	0.1348	0.2283	1.0830	0.8185	1.6411	-0.9696	-0.3256	-0.2167	0.9440	-0.0260	2.9345	1.4053	-1.4345	2.0454	0.6026	-1.0781	-0.5516	0.4113	-0.5172	-0.1515	-0.6087	1.7342	1.0923	0.9963	-0.1950	-0.9645	0.2088	-0.6582	0.1651	-0.8293
-1.2847	2.2365	1.1675	-1.0026	-0.3329	0.8159	-0.5808	-0.7674	0.6927	-1.0719	-0.5479	0.0437	-0.4151	0.4376	0.9341	-1.8197	1.3429	1.6973	-0.7554	2.5486	0.2009	0.9947	0.6498	0.2831	-1.7830	1.1845	-0.6058	0.8285	-0.4769	-2.0470	0.3875	0.4193	1.7139	0.2625	1.0583	0.3275	0.0757	0.6117	0.4575	-1.2498	0.5406	-1.2504	-0.6639	1.1875	0.3965	-1.3248	-1.1443	-0.0468	-1.0218	0.9779
1.8848	0.2983	0.1188	0.3766	-0.2444	-1.3734	-1.8465	0.2172	1.6219	0.2462	-0.9296	-1.2379	1.6467	-1.3838	0.3044	1.7453	-1.0188	-0.4539	1.0080	-0.6525	-0.9644	-0.4118	-0.4894	0.8494	0.8449	0.6340	2.2085	0.4624	1.8061	1.3866	-1.0473	0.1734	-0.4179	-0.6413	0.1004	-0.0039	1.8000	1.5795	-1.0138	-0.5415	-2.0584	-1.5207	-0.6348	-0.4081	-1.0713	0.2746	-0.8281	0.8703	-1.4208	-0.2385
-0.4424	-0.5123	-1.6266	-0.2355	-1.6511	0.9448	-1.1666	0.9292	-1.3650	-0.3508	-0.0074	-0.3274	-0.0360	-2.4524	-0.2213	-0.0387	0.4529	-0.6318	-1.4190	-0.4502	-1.8619	-0.1872	0.3538	0.7096	0.0342	-1.2053	-1.7829	0.6289	-1.8921	-2.0456	0.8632	0.4457	-0.7097	0.2221	-0.6359	0.5794	0.1644	-0.9627	0.9216	1.1562	-0.0341	0.2891	-0.9049	1.4812	1.1051	2.6264	0.9031	-0.1173	-0.8154	-0.0694
1.8956	-0.6742	-0.3534	-0.3591	1.7954	0.2422	-0.6811	-0.3939	-0.3331	-0.1843	-1.5384	-0.1391	-0.8519	0.8580	-0.8440	1.6821	-1.5523	1.0165	0.3500	-0.6396	2.5812	2.1652	-0.0731	-1.1383	-0.9331	-0.5931	1.3777	0.6160	0.3579	1.2328	0.1605	1.5813	1.9201	-0.6256	-0.0549	-0.8761	-0.0984	0.6987	1.1740	0.4907	-1.3303	-0.4324	-0.1498	-0.1037	-0.5582	-0.2998	-0.7900	0.8268	1.1679	0.0258
2.1121	0.3322	0.6909	-0.4783	-0.0608	-0.0102	2.4437	2.1482	1.2746	2.5820	-0.2766	-0.0883	1.4507	-0.6773	-1.9483	-1.0948	-0.1725	-0.6882	-0.6532	-0.6013	-0.0869	0.0958	-0.8959	0.0130	0.7732	0.2119	-0.6364	-1.2928	0.0456	1.1667	1.2642	0.5905	-0.0279	0.9779	-1.3955	-0.2823	-0.5730	0.1408	-0.7043	-0.1525	-0.5090	0.0615	-0.5503	-0.7128	-1.4418	0.9499	-0.5259	1.2333	0.0181	0.2660
0.9885	1.6858	1.6472	0.8638	0.0518	-1.2542	-0.2306	0.1934	-1.4138	1.5854	-0.8737	0.9212	0.1676	0.0758	1.2632	-1.4506	0.4416	-0.6502	-0.2995	1.0932	0.5401	0.3534	-0.2261	0.1508	0.0278	1.0207	-1.0343	-0.6185	0.4693	-1.6343	1.2192	-0.2215	-0.6471	-0.1546	-0.8042	-0.3086	1.2218	-1.1946	-0.3288	0.1188	-1.3434	-1.0060	0.4100	2.0295	-0.3421	-0.9697	-0.4903	-0.2713	0.9922	-0.1915
-0.3826	-0.3860	-0.5027	1.4283	0.6606	-1.2921	-0.0862	0.0252	0.5494	0.5473	0.2517	-1.2747	-0.5686	-0.5615	0.2513	-0.6736	-2.1876	-1.0119	1.1673	-1.2324	-0.1131	-0.5021	0.0550	-0.4510	0.4870	-0.5700	-1.5726	-0.1181	-0.9772	-0.8627	0.4190	0.0301	-0.1250	-1.8086	0.2311	-0.8582	0.1121	0.7938	-1.0183	3.1620	-0.6258	-1.4819	-0.2050	0.3982	0.0361	0.5531	0.0982	-0.2974	0.6334	-0.0371
-0.8346	-0.8364	-1.3487	-1.7061	0.3950	0.0771	1.4854	1.3615	-1.5982	-1.3778	-1.6765	-0.2670	-2.4503	-1.2999	-0.9537	1.0072	-0.6052	-0.9709	0.5442	0.3640	-0.1488	-1.8727	0.2891	0.9674	0.2916	0.6723	-0.2962	0.1159	2.2833	0.8386	1.8558	-0.2537	-1.2405	1.3711	0.7719	-0.8427	1.1272	-1.4196	0.9696	-0.9968	1.5650	-0.9518	-0.4675	1.2311	-0.3711	-0.1705	-0.8984	2.9792	-0.8527	-0.0403
0.2439	0.5797	-0.6449	-0.5963	1.7769	1.3390	-0.0950	-1.0006	-0.6131	-0.5703	-0.7175	0.2397	1.1592	-0.2830	-1.4523	0.8016	-1.5372	-0.6952	-0.5695	0.0750	1.1766	-0.4896	-0.8480	-0.2607	-1.9126	-0.0148	-0.9354	-0.4624	-0.2782	2.0359	-1.0765	1.3145	-0.0528	0.7173	0.4681	2.4627	-2.2056	-1.1376	-0.8895	-0.2622	-0.5615	-0.4065	-1.9529	-0.3624	-0.0264	-0.8821	0.0685	-0.1713	0.7158	-0.4909
-0.9090	-0.8694	-1.8453	-2.1700	-0.0886	-1.0538	-0.7631	-0.5980	0.1380	-0.0383	-1.0229	0.3746	-0.6682	0.7937	0.2811	0.5208	-0.0023	-1.7414	0.2172	-1.1617	0.7146	0.7286	-0.7078	0.3084	0.6079	-0.6507	-0.2401	-1.4184	-0.2875	-0.1744	1.0690	-0.8591	-0.0237	-1.2552	-0.9224	0.9221	0.2082	-1.7034	0.2666	-0.6978	-0.4082	0.3872	1.2262	1.0031	-0.3144	0.3673	0.8539	0.9589	0.3567	0.1844
-0.0147	0.8381	-1.0978	-1.5411	-1.2329	0.0363	-0.3551	0.9671	-1.2194	0.8234	1.1138	0.1490	0.1874	0.8281	0.4504	0.3909	1.0343	-0.2375	1.0519	-0.4567	0.9853	-0.4036	-1.1128	-0.9241	-1.3512	0.2930	-1.0760	-2.4996	-0.4882	1.1284	-1.1568	-0.3707	1.0481	-1.2041	-0.0905	-1.0183	0.6028	0.4139	0.5156	0.7877	-0.0208	1.1423	0.0384	-1.3511	0.7958	-1.3189	0.3225	0.1210	1.7092	-1.5623
0.2857	-0.1513	-0.3504	-0.4914	0.4368	-0.5466	0.9463	-1.8459	-1.5555	-1.3246	0.7214	-1.1494	0.1784	-1.2210	1.0498	0.1757	-0.8729	-0.9004	2.7269	1.8877	1.0021	-1.3665	-0.0287	0.6083	0.6974	2.5061	-1.4893	-0.3813	-0.2820	0.4046	1.8132	0.5101	-0.8469	0.6247	-0.6951	-0.7849	0.4574	0.3271	-0.4287	0.5394	-0.6978	-0.0498	0.0090	0.3376	-2.0437	-0.0122	0.3399	-0.0808	0.5775	1.0573
-1.3101	-0.9301	0.5471	0.4716	-2.1103	0.2627	0.1059	-1.5556	-1.0298	0.4784	-0.5415	-0.9985	-0.5472	-0.4732	-0.2663	0.0047	-0.7069	0.5852	-0.5602	-0.9833	-0.9936	1.1804	-0.0981	0.6682	-0.9396	-0.2036	0.3676	1.3025	0.5444	1.3341	0.1456	-0.7053	0.9348	0.9745	-1.3233	1.9774	-0.4584	-0.2177	-0.4285	0.0072	1.0277	0.2318	0.9054	2.4446	-0.0517	2.3140	-1.7321	-2.0021	-0.3680	2.3173
-0.4487	-1.1504	-1.8345	0.7461	-0.4760	-0.8813	1.7843	0.4559	0.4860	0.5407	0.0331	-2.0134	-0.8075	0.3117	-2.2777	-0.8478	-1.3855	1.4694	0.0342	0.5919	0.5264	0.6867	-0.4054	-1.8963	0.1307	-0.0530	-1.1933	-0.7614	1.4392	-0.4002	-0.2646	0.9493	0.7649	-0.1317	0.8004	0.7600	0.3322	-0.7657	-0.6785	0.0515	-0.9274	-0.2190	0.9543	1.3719	0.5770	0.1498	-1.3958	0.4797	0.4888	-1.9118
0.1622	-0.9385	0.5344	-0.7437	0.6357	0.1164	-0.7615	0.6020	-0.0878	0.2540	-0.6621	0.8559	0.3837	0.2928	-0.5642	0.5169	-2.6903	0.5247	-0.1398	-1.0476	-0.3219	3.1466	2.7428	-1.0731	-0.8496	0.2570	-0.2222	-0.4519	-0.4519	-1.2756	-0.6475	1.9732	0.6908	-0.5789	-0.4083	0.0401	-0.1744	0.6522	0.0603	0.1929	-0.3225	-0.4846	0.8903	-1.0863	0.5838	0.1118	0.6089	1.5649	1.2729	-2.3934
-1.1228	-0.5593	-0.1348	-1.0013	0.1541	1.5545	2.1432	0.0374	0.5532	0.6295	1.6405	0.0434	-0.8522	0.1494	0.9258	0.0550	-1.0911	0.4404	0.6282	2.7758	1.3277	1.0129	0.4197	1.3101	-0.9192	-0.7350	-1.1774	1.3567	0.6544	-0.8657	-0.2135	-1.8423	-0.7700	-0.1579	2.2141	1.0803	-0.0749	-0.5233	-0.8758	1.3407	1.1512	0.4236	1.2921	-1.3491	0.6891	0.7711	-0.3834	-1.4198	0.2803	-0.1255
-1.3626	-0.0005	-0.7261	-0.2278	0.2174	0.0187	-0.7160	-0.3693	0.1984	-0.6412	-0.4588	-0.9380	-0.6299	-0.0410	1.7619	-1.6839	-0.4776	1.9755	0.6801	0.4520	0.7257	-0.9096	0.3953	0.8186	-1.3471	-0.7439	-0.9633	0.3804	-2.0729	-0.0183	0.7859	1.6688	-0.7568	0.5049	1.1499	0.3721	0.6715	-1.1681	1.3488	-0.2671	-0.5077	-1.5527	0.4600	0.9429	-0.8659	-1.1921	1.0696	0.3639	1.0906	-0.9201
0.7507	-0.3409	-0.4851	0.1640	-0.1326	-0.8180	-0.3424	0.7850	0.7672	-1.4388	0.4256	-0.1596	-0.2872	-0.3696	-0.5692	-1.1424	0.2420	0.7814	1.5555	-0.4383	-0.1409	-2.2649	-0.5954	-1.0558	-0.0304	-0.7592	-0.9623	0.0202	0.5349	0.3023	-0.3123	-0.3821	2.1501	-0.5058	-2.5141	0.1660	0.7750	-0.9198	-2.6334	-1.4223	-1.6621	-1.1138	-0.0625	0.2968	-0.1364	-1.8031	-0.2155	-0.2283	1.3174	-0.1628
-0.8947	1.0765	0.9264	0.0993	0.2670	0.0769	0.7426	0.3781	1.0026	-0.6435	-0.7026	-0.6963	-0.9114	-0.3653	-1.0210	0.6771	0.5853	0.1499	-0.2796	1.8979	0.4065	-0.6632	-0.1207	0.8771	-0.2542	0.9713	0.7918	-1.0498	-0.4928	-0.0490	-0.6647	-0.6455	0.6896	0.5952	1.1990	1.0755	-1.4598	0.1614	0.0401	-0.3821	-1.2034	0.3504	0.9309	0.0622	1.6532	1.2067	-0.8556	0.0645	0.0410	0.8541
0.1983	1.2297	-0.0973	1.6052	-0.1980	1.1922	0.2107	-1.1370	-0.3654	0.2415	-0.5280	-0.0881	0.4867	2.2476	0.8623	-0.6512	1.4917	-1.5180	2.8312	-0.2253	0.3451	-1.5327	-1.0160	1.0773	0.3077	0.7254	-0.1717	0.9440	1.1149	0.9436	0.2716	-1.3818	0.4624	0.5966	-0.7683	-0.5225	-0.3795	0.8495	-2.6375	0.2985	-0.3068	-0.8613	1.4717	-1.1453	0.8009	-1.2995	0.8760	-0.1369	0.8897	1.6223
0.3953	0.4711	0.8362	-1.9707	-0.7683	0.1767	-0.8587	-0.1725	0.5080	-1.7077	1.2934	-0.2772	-1.1334	0.5010	-0.8428	1.4849	-2.5892	-0.1542	-0.9784	1.9685	0.6551	-0.7015	-0.4548	-0.2106	1.5833	-0.8514	1.4162	0.2597	0.7392	-0.7548	0.2967	0.5525	-1.4711	-0.8978	-0.7707	-0.5773	-0.9194	0.6097	-0.7365	0.8981	0.1164	-2.4086	0.2152	-0.1345	-0.3512	0.1442	1.7682	1.0626	0.7724	-0.7951
0.1675	-0.3699	-1.0584	-0.0014	0.1244	-0.1642	-0.6920	-0.3013	0.1441	1.0706	-1.7187	-0.3919	-0.4048	1.0388	0.4527	1.8654	1.8084	0.3693	-1.4851	1.7620	-1.3646	0.5161	0.1358	1.6205	2.6450	-0.4121	0.1717	-1.1087	-0.3126	-0.0070	-0.7971	2.4205	2.0303	0.0458	0.0547	0.6945	-0.8833	-0.6450	1.2356	0.7763	0.2285	1.3386	-0.4454	0.5062	-0.0230	-0.3661	-0.2439	-1.4467	0.5610	-0.4531
-0.3150	2.4550	-0.2498	-1.4010	0.6395	1.8260	0.0090	-0.5615	-0.0461	-0.3008	-0.1237	0.5517	-0.2701	0.7192	-0.5153	0.0570	0.5260	0.0988	0.4621	-1.0356	0.6342	-2.1976	0.0687	1.5897	0.9079	0.2183	0.5621	0.1869	-0.7027	0.3597	0.9882	-0.3984	0.9616	-0.0802	-0.0365	-1.3705	-0.4906	-0.4394	-0.0867	1.4803	-1.4160	0.8049	-1.8721	2.4907	-0.1006	-0.3981	-0.0461	-0.7303	2.7717	-0.8133
1.2180	-0.2629	-0.1625	-0.0941	-1.1554	-0.3176	0.5387	0.1438	-0.3935	1.4723	0.7198	1.3044	0.4922	0.2866	-1.1320	0.0874	1.3669	0.3402	-0.1108	0.7144	-0.8022	0.5322	0.8242	1.4755	-1.4552	-2.2222	1.0274	1.6257	1.0406	0.3236	-1.0520	-0.3416	0.6078	-1.2431	-0.0070	-0.9051	-1.1759	0.0678	-1.0540	0.4768	0.3894	0.0240	0.3804	-0.7288	-1.7393	-0.0753	0.2630	-1.2570	0.0015	0.5553
0.7044	-0.1918	1.3498	0.4702	0.4216	-2.7064	-0.1686	0.1816	-1.6832	-0.9615	-0.1200	-0.7122	0.1527	0.0598	-1.3328	0.0304	0.7585	0.5268	-0.8569	0.0781	0.2679	0.7017	1.2222	0.2470	0.3534	0.0952	-2.5090	-2.0933	0.8964	-0.8446	-0.3065	-0.5300	-0.0672	-0.6144	0.8240	0.2961	-0.8274	1.8821	0.5419	0.5373	0.7169	-1.5862	0.6417	-1.1378	-0.7545	-0.5849	-0.7030	-0.6349	-0.1652	0.0988
-1.7336	-0.4982	1.4093	0.2901	-1.2865	0.5975	1.3147	0.5578	-0.3563	-0.7917	0.3472	1.4273	0.9940	0.7489	0.4075	-1.7814	-0.3853	0.9324	-0.1834	0.6490	-0.0317	1.3702	2.0755	-0.5072	0.5831	0.0601	-0.8584	0.3324	-0.5501	2.0118	-0.0740	0.0300	0.8907	1.2765	0.3041	1.9211	-0.0154	-0.0663	0.4332	-1.1170	-1.3745	-0.5750	-1.7241	1.0322	-0.9152	-0.3336	0.5327	2.4140	0.0650	0.6932
0.8127	1.1337	0.3287	0.9259	0.8507	0.9760	-0.3038	-0.5821	-0.6454	0.5308	0.7584	-1.0222	0.1586	0.1493	-0.3724	-0.8350	-0.4401	-0.3616	1.4384	1.0555	0.2267	1.4752	0.5539	-0.3534	-0.2425	-0.6759	0.3879	0.3859	-0.0204	-0.4329	2.2041	-0.6762	0.4040	1.4286	-1.7586	0.6229	0.6661	-1.5644	0.8850	0.0863	0.9954	0.5019	0.5075	-1.0232	0.2142	1.7738	-2.2486	1.1072	0.4424	-0.8507
-0.0167	1.6940	1.1093	-0.3428	0.1675	-0.4557	1.0062	-1.1580	1.0390	-1.5257	0.2044	0.9169	-1.9783	0.3107	0.8125	-0.4326	-1.5179	1.1921	0.9031	-0.1071	-0.6457	1.7898	-0.2775	1.4618	0.0540	-1.1853	-0.2662	-0.2489	0.6658	0.5898	0.5462	0.0237	0.8331	-0.6878	0.3906	-0.5427	1.2776	1.0358	-0.2144	2.1207	0.5132	-1.2435	0.8258	-0.5306	0.1623	0.3158	0.5510	1.5354	-0.5052	0.5884
-0.2006	-0.7969	0.8005	-0.2210	-1.2815	-2.0484	0.1222	0.9732	0.6537	-0.1585	-0.1026	-0.5251	0.3028	0.0136	0.0985	0.3985	0.4646	0.8665	-0.6266	0.1682	-0.7416	0.9269	-0.1566	2.3726	-0.1372	1.2357	-1.9365	-0.0009	-0.9661	0.0865	-0.3268	0.7313	-1.6604	-0.9472	-0.5002	-2.0990	-1.9550	-1.0039	-0.4112	-1.0001	-0.8331	-0.8257	-0.4293	-0.4654	0.3473	-1.6892	0.6206	-0.2964	0.4744	-0.0952
1.3483	0.3915	0.2973	1.5738	-0.4604	1.2173	2.2480	0.0069	0.6588	-0.3962	-1.7797	1.6827	0.2643	0.4801	-2.3240	1.2739	-0.7268	0.2956	-0.2453	1.1929	0.4156	-0.7434	-0.5961	0.5922	0.7939	1.3133	-0.5173	0.4966	0.6189	0.7579	0.9590	0.3000	1.4056	-0.1240	-0.2784	0.0537	0.2250	-0.6970	-0.8300	0.7821	-0.7513	-1.0243	-0.8914	-0.5906	0.7722	0.4948	1.2748	-2.2363	0.0417	-0.6921
0.8126	0.0851	0.0754	-1.6411	-1.7401	-0.5449	-0.1469	0.9247	-1.3525	-0.5901	0.4619	-0.2661	-1.4632	1.2377	-0.0295	0.9846	0.0019	-0.5807	0.3971	-0.7969	-0.3909	1.2492	-0.3379	-0.4298	-0.5153	0.4786	0.5456	-0.0465	-0.3778	-0.2826	-1.1491	0.4101	1.1599	0.2311	-0.1105	0.7257	-1.2039	1.0307	0.9996	0.4741	0.5971	1.2520	0.6618	-0.7355	1.1896	0.1873	-1.5555	0.9377	-0.6157	-2.3199
-1.2676	0.4236	-0.5434	0.5619	0.5886	-0.2786	0.2023	-0.0047	0.8096	-0.6912	0.5423	-1.5182	-0.9722	1.2865	2.6896	-0.6065	-0.1708	0.1766	-0.3551	0.6959	0.7135	0.5280	-0.2619	-0.1609	1.6444	-1.5714	0.4956	-0.0522	-0.8237	-0.7160	-0.7443	1.4550	1.7443	1.0170	0.1337	-0.4868	-2.4663	0.6093	-1.9696	1.2188	-0.0493	0.4813	-0.3257	1.2667	0.7897	-0.0035	0.9784	-1.0060	-0.9726	-0.4315
-0.6477	0.7314	-1.1390	0.8176	1.3052	0.5304	-0.6328	-0.9458	0.7963	1.0634	-0.9292	0.7699	-0.4872	0.8884	-2.0016	-0.4531	-0.9080	1.0539	-1.3601	-0.9157	-0.5996	1.1367	0.9255	0.1122	1.9278	-0.1251	0.2139	-0.6277	0.6077	-0.4904	1.4941	-0.8847	-0.7097	-0.4298	1.3341	-1.0765	0.8722	-0.0691	1.3085	0.4165	-0.7821	0.3339	-0.1116	-1.3061	1.3149	0.1747	-1.1255	0.7135	0.3026	1.1903
-0.3513	0.3291	0.5406	-0.6850	-1.6231	-0.6464	-0.4184	0.4456	-0.1255	0.6749	-0.3619	-0.1571	-0.8029	-0.1883	-0.1515	0.5291	-0.4190	0.1980	1.6608	-0.2987	0.9965	0.6867	-0.1283	-0.9425	-0.5124	0.1822	-1.0055	1.3623	0.6270	0.0658	-0.3535	-0.0079	0.0976	-0.3536	0.4449	-0.3374	-0.8544	1.3630	0.7092	1.1410	0.5806	-0.6037	-0.2335	-1.6737	-2.7343	-2.1524	0.1972	2.5292	1.6657	-0.9669
-0.2387	0.2527	-0.2407	0.0866	-1.3185	0.7747	-0.0542	0.4596	0.7652	-1.3459	0.6077	0.0959	-0.9406	-1.2185	-0.3928	0.2218	2.0293	0.7288	0.1530	0.1603	1.6848	-1.5490	-0.1272	-0.7434	2.6712	1.9775	-0.6549	-0.9527	-0.4521	0.9438	1.4073	-0.4349	-0.6697	0.9450	-1.2563	-0.5295	-0.2116	-0.7178	-0.3573	0.6216	0.1420	-0.3578	0.7171	-0.1742	-1.4129	1.4374	1.4416	-0.1854	1.5499	-0.9000
1.1540	1.5841	-0.3113	0.4724	0.6818	1.3070	-1.0540	0.3290	0.2999	-1.9740	1.4326	-0.2348	-0.5195	-0.4897	-0.0500	0.0865	-0.6189	-1.9437	0.9963	-0.7431	-1.4010	-0.1811	-0.7484	-0.9294	1.6106	0.4974	-0.8184	1.8187	-0.3347	0.2569	-0.2472	-0.9932	1.0034	0.2508	-0.9239	1.3160	1.0931	-2.3651	-0.6890	-0.9526	-1.1034	-0.3834	0.3725	-1.5151	1.8236	-1.3220	-1.0424	-0.7810	0.2406	-0.8389
-0.2717	-0.4743	-0.4277	-0.8167	-0.2237	0.6632	0.3324	0.6046	0.5156	-0.3825	-0.7671	1.1796	-2.3473	0.0099	-0.1738	0.1753	0.4675	-2.0033	1.5014	-0.2122	1.9694	1.2505	-0.3617	-0.3798	-0.1891	-0.0092	-1.0073	0.0339	-0.6725	-1.0022	0.9676	-2.5466	1.8929	-0.8266	-0.6946	0.5959	-0.8843	-0.5297	0.9942	0.3505	-0.6391	-1.3386	0.5049	0.1292	0.8889	0.0272	0.0250	-1.0385	-0.5068	0.3956
-0.1376	-1.7722	2.5133	-0.6931	0.3311	0.1721	-0.5210	-1.9294	-0.7233	-0.6386	1.4131	0.5956	-0.3439	-0.5749	0.9837	-0.3251	-1.3158	-0.9003	-0.5033	-0.7945	-0.3992	-1.2069	-1.2909	1.6769	1.1255	-0.5239	0.2965	1.7330	0.2055	-0.9220	-1.5273	0.8300	0.6880	0.0609	0.2609	-0.6030	-1.1497	-0.5849	-0.8761	1.1093	0.2286	0.3071	0.6594	1.2901	-0.3475	0.3916	0.0432	2.0921	-0.9084	-0.6565
-1.2222	-0.8922	0.9106	0.1700	-0.2218	0.1767	-2.5417	2.3082	-2.2697	-0.5655	-0.5642	-2.3334	0.1714	0.2992	0.4026	0.3268	-0.2220	1.0818	1.1909	-0.3354	1.3119	1.6748	2.0096	0.5037	-0.3169	-1.2729	-1.0354	0.5538	-0.8678	-1.1428	-0.8310	1.5511	0.6634	-1.4247	0.5707	-0.2558	0.6537	0.4270	0.4300	-0.2455	2.0688	0.7346	0.1796	0.2724	0.4611	1.0149	-0.1815	-0.8816	-0.5788	0.7702
0.0874	0.0104	0.3430	0.1131	-0.2782	-0.6231	1.7703	-0.4603	-1.7875	0.7022	-1.7658	0.2881	1.9521	-1.0981	0.7090	-0.6606	-0.2971	0.6198	0.0277	-1.1018	-0.2743	-1.6391	-0.2682	-1.4825	-0.3570	-1.3588	0.4296	0.7316	-0.8819	1.5813	0.1347	-0.4040	-0.6014	-0.4243	-0.7578	-0.0829	-0.8450	1.1974	0.1371	0.4324	0.8674	1.8909	-0.4865	0.8104	0.0747	-1.1502	0.4286	1.2883	-0.6090	-0.4512
1.5614	0.5126	0.9613	0.3066	0.7810	0.1317	0.2439	1.1996	0.5288	-0.3273	0.1140	-0.2833	-0.5623	0.9039	1.5389	-0.2453	-0.4254	1.0200	-0.1655	0.2906	0.7538	-1.2611	-0.2876	-0.2347	-0.9128	-0.6701	0.6188	1.4101	-0.1578	0.0976	-2.3659	0.7546	-0.4776	0.1794	0.3367	0.8835	-1.3038	-0.2897	-0.1749	0.5834	-0.9342	-1.5525	-0.7604	-0.6089	2.0971	-2.0644	-0.6974	-0.0883	0.7540	-1.5883
0.1923	2.0676	-0.0447	-0.2722	-0.1359	-0.2369	1.7116	-0.6302	1.1088	-0.6113	-0.3974	-0.2363	0.1061	-0.0857	1.1012	0.5650	0.4019	-0.5632	-0.1365	-0.2701	1.6818	-0.5004	1.0871	1.6790	0.4805	0.4610	-0.1769	-0.6106	1.5026	0.5127	-1.8784	-0.2480	-0.9961	0.2033	1.4911	-1.3839	0.9111	-0.7338	-0.6764	0.7103	-0.3311	0.4036	0.6353	1.4550	-1.0309	-0.9119	0.5099	1.8058	-1.0694	-0.4356
-0.4320	-0.8170	-0.9600	1.8660	-0.5065	0.8722	1.5117	-0.5492	0.0675	-1.4752	0.8771	-1.4586	0.2519	0.6080	0.7096	0.3881	-0.7547	0.2637	2.3525	0.7816	1.5655	-0.2560	0.4967	-2.0260	-0.5238	2.4760	0.0623	-0.1081	1.3171	3.2266	-0.6851	1.9111	0.3535	-0.4072	-1.5898	-0.6525	-1.3545	-1.4341	0.5183	0.5758	0.8115	0.3107	2.2896	0.9124	0.2586	0.8968	0.7292	0.2377	-2.0191	0.7684
-1.4457	0.1370	0.5919	-3.0223	-2.4846	-0.9548	0.7004	-0.3691	0.8226	0.6285	-0.4107	1.4193	0.0731	0.0018	1.3546	0.8457	0.6450	-0.6272	-0.3643	1.1538	-0.1884	1.6402	1.6259	-2.5556	-0.8685	0.5359	1.8140	0.2819	0.5062	0.3634	0.5483	2.8684	-0.4401	-0.6259	0.6497	-2.8620	-0.0587	2.4388	0.1268	0.5393	0.0919	-0.6214	0.1573	-1.3287	1.7019	-0.5589	-1.7803	-1.5811	0.1432	-1.0724
0.4912	-1.0985	-0.7311	-0.8307	-1.0283	0.3651	-0.0943	0.3741	-0.2231	-1.5030	-0.0032	-0.3524	-1.1603	-0.3724	-0.4612	-0.1002	0.7828	-1.1214	-0.6876	0.1411	-0.4099	-1.6554	-0.9442	-1.0635	0.6501	-1.0081	0.1142	-1.0351	-1.0231	-1.1425	3.3349	-0.3347	-0.2964	0.8437	-0.6346	-0.5621	0.8882	0.5107	0.4663	0.2574	0.7418	-0.2296	0.8840	-0.2095	1.4726	-0.0927	0.9130	0.0089	-1.4101	1.1156
-0.7528	-0.1656	-0.7258	-0.6195	0.2801	0.8745	0.5505	0.0455	1.1276	1.3722	0.6448	1.2741	1.8658	-0.5827	1.2762	-0.0551	-0.3253	-0.2462	-0.6701	-1.2748	1.6377	1.6046	-0.4132	-0.3897	0.0814	0.0152	-0.9298	-0.7499	0.4843	-0.7483	-0.9444	1.8970	-3.6497	-0.3948	-0.9908	2.3082	0.0185	-1.8721	-0.6371	0.3544	-0.6995	0.9744	-0.8118	1.0549	-2.2762	1.9482	-0.0566	-0.8741	-0.5612	0.4694
0.0986	-1.1668	0.6038	-1.4300	0.3107	-0.7655	-0.8123	0.8070	0.3672	0.5084	-0.0954	-1.8849	-0.3350	-1.1561	-1.4462	1.8842	-0.0887	-0.2416	0.5984	-0.5071	1.1603	-0.0778	-0.9719	-0.3180	-2.5973	0.3019	1.2340	-1.2968	-0.8840	-0.6762	-0.2868	-0.9211	0.2573	1.8331	-0.4665	0.4837	1.0237	-0.0677	-1.2559	-1.4583	1.0505	0.3445	-0.7563	-1.1010	0.0131	-0.5829	0.9919	-1.1446	-0.4268	0.0769
0.7075	0.3777	1.8790	0.2106	0.2705	-1.7393	-1.3304	-1.3267	-0.5037	1.3346	-0.5153	-1.2909	-0.2011	1.0053	-0.2794	0.9770	-0.0812	2.5023	0.1578	-0.9268	-0.7125	-0.0728	-0.7712	-0.5564	-0.8247	0.6190	0.9342	-0.2337	-0.0787	1.0901	0.3480	-0.3535	-0.8210	1.2158	1.4144	-0.4574	1.2958	-0.6309	-0.3316	-1.1302	0.0570	0.5233	0.3105	0.5314	0.9232	-1.0762	0.3518	2.2158	-1.6594	0.1947
2.6432	0.2698	-0.1914	1.1470	2.0860	1.0728	0.5503	0.7596	-0.8325	1.7074	-0.7794	-0.5408	0.3970	-0.3178	-1.1934	0.1549	0.1369	-0.7161	0.8031	0.3063	-1.5581	-0.1478	0.9859	0.0935	0.2490	1.4101	1.1768	0.9200	0.6823	-0.8312	-1.4716	0.0228	-0.8803	0.8577	-1.1985	-1.7370	0.0489	0.1695	-0.9137	-0.6218	0.5418	-0.9539	0.1237	-0.4540	-0.6489	0.4713	0.3492	-1.0772	0.9084	-0.1518
1.5708	-0.5167	0.2937	0.3715	-1.2137	0.2462	1.7077	0.5868	-0.4417	0.1081	0.1722	-0.7958	0.3589	-0.0723	-0.4768	0.1126	-1.9495	0.5908	-1.3469	1.9425	0.7865	-0.1155	0.5918	1.3496	1.6607	0.7817	0.4828	0.5660	-1.3372	-1.2164	-0.0404	-0.7705	0.7535	0.6078	1.2305	-0.3136	1.1071	0.5838	1.2809	-0.4225	-1.0777	0.4210	0.0842	-1.3634	0.3851	0.1694	0.0276	1.6728	-2.5468	-0.3003
0.1278	0.2106	2.1988	0.0150	-2.0214	0.1622	0.4111	0.5414	1.4171	0.8594	0.5261	-1.0336	0.1601	-1.3185	-0.2035	0.1082	-0.0488	1.0337	-0.4669	0.8848	0.6269	0.4847	-0.1343	-0.8375	0.6902	0.2486	2.4510	-2.0859	0.4382	0.4425	0.7455	0.0404	-0.4086	-1.2756	-0.8744	2.6689	0.1176	0.6707	1.0620	-1.6080	-0.6612	-1.2603	0.6880	0.6811	0.2036	1.7720	1.8997	0.3073	0.4561	0.5321
-0.4550	-0.2455	-0.4626	-0.9867	0.3995	-1.0117	0.4678	1.1751	0.8670	-0.3214	-1.1930	-0.0163	-0.5976	0.9139	-0.9009	-1.4229	-0.1760	1.7008	-1.9630	-0.6069	1.6028	-0.1541	-0.8239	-1.6753	-0.3849	0.3302	0.1929	-0.0575	1.1031	0.5878	-0.7007	-1.2519	-0.7397	-0.4496	-0.5208	-0.0045	0.9075	-1.8106	-0.2070	-1.4099	1.5344	-0.1471	-0.0940	0.7635	-2.1125	2.1411	0.8529	0.9843	-0.6635	0.4105
-1.3562	-0.5425	-0.2134	-0.9802	0.1677	-1.4328	-2.1634	-0.9903	-1.3561	-0.6109	0.1858	-1.4332	-2.7075	0.3103	0.2046	-0.8966	-0.0225	0.2694	-1.0744	-1.0800	1.0172	0.6554	0.3541	-0.0528	-1.3417	1.4162	-0.2657	-0.3348	-0.1189	-1.0798	0.0942	-0.6216	-1.0484	-0.1085	2.3003	0.4000	2.2535	-0.6967	-0.1124	0.4440	0.3399	-0.9483	-0.8689	-2.4232	-0.2292	-1.2574	-0.3652	0.0977	-1.4858	0.7368
0.1524	-0.2310	-0.4690	0.1344	2.6781	0.3673	-0.1028	0.4005	-0.8705	0.8049	1.0164	0.7249	0.0305	0.2028	-0.4802	-0.5262	-1.0761	0.5721	-0.6289	1.4761	0.9726	-0.6637	-0.4970	1.8859	0.3783	0.6336	-0.1750	0.3521	0.2322	0.4851	0.3224	0.2785	1.4791	1.0404	-1.8590	0.4594	0.5172	-0.0824	1.2869	1.2191	0.5704	-0.0613	1.7123	-0.4661	-0.8985	-2.2872	0.7511	-0.0705	-0.9871	-1.1676
0.9580	-0.0908	0.7730	-1.4878	-1.1065	-0.8994	2.2526	0.0923	-1.3555	0.7718	-1.1266	-0.7105	1.5021	-0.1512	-0.7668	1.5234	-0.6740	-0.8337	-1.3314	-0.1248	0.1728	-0.3769	0.4283	0.4477	0.0313	-0.6580	0.9048	-1.7295	0.1464	-0.5455	-1.1715	-0.5661	0.0236	1.0284	-1.1656	-0.2274	0.5054	0.9205	-0.8460	0.0920	-0.4533	1.4735	-0.9433	0.7701	0.9454	-1.5561	-0.1033	0.3232	-0.1556	0.4044
-0.3803	1.6944	0.7968	0.0177	0.8712	-0.8081	-0.3116	0.1000	-0.4825	1.0424	1.3442	-0.1182	0.7345	1.1195	-1.4123	1.4794	-1.5852	-0.8507	-0.7552	0.3839	0.3571	0.9544	0.3696	-0.1206	-0.6258	-1.3302	-1.3942	-0.3396	0.2753	2.1554	1.7841	-0.7552	-1.2112	0.1816	-0.5495	-0.3357	0.9416	-0.3601	1.0210	1.2234	1.6946	-0.7823	1.3815	-0.6088	-1.7983	2.0180	1.0106	0.4118	-2.0178	-0.1580
1.7125	1.0228	0.6847	-0.1206	0.1127	-0.1011	-1.2512	0.9142	1.6436	-0.9081	-1.5880	0.2298	-1.6791	-0.1527	2.9359	0.7793	-0.4838	0.6236	-0.9847	0.5155	-1.0893	0.1844	1.7110	1.5338	-0.1362	-1.1086	0.2510	0.1915	0.0513	-0.4736	2.0513	-1.1306	0.2721	0.5336	1.7914	1.9548	-0.4330	-0.7754	-1.0580	0.9189	0.6397	-1.8739	0.8912	-0.5525	-0.2889	-0.3848	1.0373	-2.3618	0.4475	-2.1468
0.0388	-1.5355	-0.5619	2.1435	-0.3044	1.5766	-0.5853	-1.5628	0.4455	-1.8519	0.7459	-0.0898	-1.0415	-1.3411	0.5803	-0.0547	-2.5085	0.2655	-1.4837	1.0607	0.4727	-1.1438	-0.2817	-0.1592	-1.0155	-0.6652	-0.6842	1.3964	-0.6009	-1.5520	0.6297	1.9673	0.9450	-1.1531	1.8258	1.0177	0.9332	-0.3649	-0.2119	0.4272	0.6800	1.7412	0.3777	0.4156	-0.8777	-1.8774	0.0292	0.5464	0.7205	1.4394
-1.4979	-0.4691	0.1741	-1.0229	0.1688	-0.5168	0.0372	1.4804	-0.3694	-0.0446	0.0911	-1.0015	-0.6989	-0.0126	1.0645	1.1387	0.5368	0.4896	0.8949	-2.2679	0.3719	0.5594	-2.1992	-0.1350	0.2620	-0.5847	1.2801	0.5921	-0.3049	-0.2363	-1.4272	0.0011	-1.3947	-0.5033	-0.2142	0.6093	1.1753	0.6215	-0.9491	0.7761	0.2035	-0.5263	-0.1229	-1.0644	0.2782	0.5536	0.4514	-0.0993	-0.5607	2.3558
0.4264	-0.6447	-1.6819	-1.9436	-0.1853	-1.4617	1.0452	-0.0037	1.6215	0.0221	-0.9638	0.5002	0.2394	0.1268	-1.3232	0.1080	-0.7105	-0.4969	0.6485	0.5965	-1.6066	0.0213	-1.6381	0.1208	1.2192	1.0561	0.8022	0.7681	0.2723	-0.2695	2.0262	-1.4295	-0.6176	0.7590	-0.8727	1.3112	1.4651	1.3736	-0.1241	-0.2963	-0.5655	-1.3551	1.0656	0.0689	-1.4289	2.2970	0.0251	1.4270	0.9364	-1.2527
-0.3702	0.1744	-2.0397	-0.5299	-0.5763	1.1852	0.2009	0.4236	0.1920	-1.4378	-0.0988	-0.1721	1.6325	-0.2816	-1.3113	-1.2377	-0.7958	-0.0111	-0.4435	1.1344	-1.1262	0.1190	-0.0151	-0.4669	-0.0157	-1.1341	-0.4653	0.4217	-1.8235	-0.0781	-1.6906	0.7400	-1.8676	-0.2919	-0.4094	0.8224	2.6782	-0.0613	-0.7373	0.8484	-0.5313	0.1626	-0.1264	0.0991	0.1425	0.1397	0.7006	-1.1440	-0.2636	-0.9855
-0.7416	-0.7222	-0.0334	0.9944	0.1021	-0.4930	-0.8136	-0.0290	2.0384	0.8637	-0.8858	1.3252	2.1266	-0.6736	-0.1501	-1.4637	0.0542	2.1671	0.9001	0.2434	0.1444	0.7999	1.1519	0.8488	0.3545	1.3286	0.9238	0.7130	-0.1865	0.4707	-2.2308	0.8535	-0.5426	-0.1028	-1.6804	2.3805	1.2188	1.1201	-1.1719	-0.4905	1.5253	0.5007	-0.0183	-0.5565	-0.7232	-0.2996	1.0174	-0.7415	-0.8373	1.4983
-0.2885	-0.2851	0.0664	-0.5805	2.2329	0.3000	0.2609	2.3104	-1.8004	-0.0019	-0.5393	-1.4520	-0.1121	-0.8255	-0.1599	0.3041	-1.9594	-1.2146	1.5107	-0.0606	0.5092	1.5027	0.5422	0.9295	0.8541	1.1160	0.2128	0.5855	-0.6682	0.8807	-0.2281	-1.8002	0.8711	0.4849	-1.1534	-0.3937	0.8098	0.2462	0.4823	0.6543	-0.3598	1.2397	-1.2695	1.5728	-2.2598	1.5239	-0.9339	-0.0526	0.3591	-0.0721
0.2157	1.1694	-1.1644	0.7819	1.3344	-0.6239	1.4720	-0.7148	-0.6702	0.1668	-0.6363	-0.5527	-0.6321	-0.2404	-0.1986	0.9482	0.2021	-0.4389	-0.7990	-0.4172	1.0517	0.1301	0.1587	0.6110	-1.7362	0.4531	-0.1333	-0.8234	0.3125	0.5058	0.6760	-0.4037	-0.2758	-1.0737	0.7979	-0.1180	0.9536	0.2524	-0.1841	0.1961	-1.2407	-0.2359	-1.4483	0.1530	-2.0711	2.9706	0.4152	0.0823	-0.1384	-0.1196
-0.8370	1.7081	-1.0159	1.1483	0.3210	-0.0524	-0.3523	0.4885	-0.5713	0.1473	1.1936	-0.7532	0.7011	-0.6001	-0.3762	0.6008	-0.2708	-0.0916	-0.6298	0.0526	1.5109	-1.2166	-0.6733	-0.7568	1.0678	0.9920	0.7459	0.3927	0.4535	-0.7543	0.8576	0.3624	-0.1714	0.9694	-1.2956	0.8938	1.1586	0.3311	0.3215	-0.1520	1.4664	-0.0887	0.5934	0.6407	-0.0740	0.4030	-0.3876	0.0423	-0.1492	-1.7965
0.1950	0.6597	-0.5967	0.0770	0.0747	-0.0439	-0.4617	0.6386	1.0177	0.4543	-1.3144	1.4464	-0.2057	-1.3646	-0.9333	-1.8440	-0.7963	0.0742	-0.1560	-0.5774	-1.6789	-1.2014	0.7771	-0.9033	0.3272	0.8281	-1.7577	0.6930	-0.1010	0.2911	0.0307	-0.4646	-1.1493	0.0194	-0.9779	-0.3944	-2.3161	1.6465	0.5062	-0.3112	1.2312	-0.8878	1.2268	-0.0024	-0.1676	0.4487	-0.8825	-0.0527	-0.2123	0.0054
1.2542	0.4225	0.6161	-0.2870	-0.3972	0.4345	-0.2128	-1.6356	-1.1742	-1.0581	0.7473	-1.0314	0.2937	0.5184	-0.3133	0.8141	0.4806	-1.0654	0.4860	1.0783	-0.9307	-0.8753	-0.6920	0.3315	0.5950	0.8044	1.1334	0.5893	-0.6022	1.7685	-0.3978	0.3245	0.8783	1.0848	-0.5590	1.0620	-1.1317	-0.7192	-1.4589	-0.6596	0.5491	0.4151	-0.5429	-0.3658	-0.6721	-1.0551	0.9938	-0.8464	-1.0317	0.6950
-1.0227	0.6644	-0.6457	0.0013	-0.1757	1.1411	-0.0416	0.3127	-0.2260	0.0115	1.0883	0.2722	-0.0840	-1.0888	-0.5211	0.4856	-0.7653	0.5199	0.4143	-0.0939	0.9172	-0.4076	-0.7224	-1.4454	-0.5048	-0.1168	1.4694	-0.3499	-0.0381	0.7818	0.5574	0.1058	-0.7315	-1.2128	3.2409	-0.9776	0.2848	0.2395	1.0859	-0.8189	-0.0235	1.1437	-1.1335	0.7706	0.6690	-0.5841	-1.2184	1.1931	0.0877	0.6162
0.4604	-1.1834	0.6158	2.2830	-0.7904	-0.9614	-2.9747	-1.4311	-0.1284	1.2214	0.0548	0.2327	-0.1934	0.7328	0.9165	-0.6453	-0.4109	-0.1456	0.2247	-0.8646	-0.1957	0.1884	0.0229	-1.2882	0.1499	1.0983	0.6965	-0.3181	2.0878	2.0512	0.9066	-1.0441	-0.5714	-0.2048	0.8743	-0.2697	0.6242	-1.0842	-0.5399	-0.8082	0.3236	0.3387	1.2591	1.6941	-0.6055	-0.3370	-0.0265	0.2317	-1.7662	-0.7616
-0.1088	1.9283	-1.3774	-0.6014	-1.0327	-0.1031	1.3453	0.4764	0.1541	-0.0722	1.2072	-1.0783	-0.9760	0.6342	-0.4772	1.3807	-0.2455	0.3157	0.7247	-0.4337	-1.4490	-1.2132	1.8394	-0.8406	-0.5789	0.1785	0.8383	-1.0735	0.7285	0.5809	0.7946	-1.1090	-0.8882	-1.2826	1.0373	0.8459	1.9345	-0.6971	0.3873	1.3698	-2.2146	0.4850	-0.9247	-0.9599	-3.2329	1.5724	-1.2420	-0.2877	1.6572	0.5037
-0.0892	1.8129	-1.7700	0.6553	2.0105	-1.1260	0.3995	0.3243	2.2732	1.1203	0.7920	2.4432	0.4303	-0.4628	0.1049	-1.7994	-1.7146	-0.1145	-0.1371	-0.4894	0.5434	-1.4635	-0.8232	0.3433	-1.5228	-0.2091	1.0374	1.1158	2.9271	-0.4146	-1.2754	0.8660	1.1781	-0.7571	0.2688	2.0796	0.8742	-1.2053	-1.1014	0.4673	0.1028	2.2093	0.0045	-0.5704	0.1771	0.1991	-0.9498	1.1610	-0.0565	0.0267
1.7429	0.4866	0.3363	-0.6533	-0.2551	-1.6948	-1.5824	-1.5908	0.0735	-0.9156	1.5180	1.8346	-0.1820	0.5560	0.1086	2.3096	0.4429	-2.2454	-0.9693	-0.9543	-0.8266	-0.5251	-1.2899	-0.1973	-0.9243	1.5384	-1.0541	1.0143	1.1213	-1.6342	0.1893	-0.8085	-0.1134	-2.4647	-1.3832	0.2016	-0.4023	1.1709	-1.5661	2.2168	0.7833	0.2855	1.5004	-0.0601	0.9944	0.2414	-1.5997	0.6339	1.4115	0.8568
0.2047	-0.4720	1.0298	0.4829	0.6162	-1.0168	0.4042	0.8300	-1.1206	-0.1603	0.8216	0.3385	-0.3204	-1.6062	0.5610	0.9945	-0.0729	1.3098	-0.7539	-0.0440	-0.0101	1.9651	1.6988	-0.6596	-1.8296	0.0936	-1.1266	-0.7866	-1.9699	0.9361	-1.6088	0.2631	-0.5443	1.5546	-0.2859	1.1672	-0.5427	0.0328	0.0485	0.6327	1.0273	1.7278	-1.2202	0.0266	0.4833	1.8376	0.4110	1.2027	0.2114	0.1337
0.8372	1.2534	0.1487	-0.5279	1.5022	-0.7527	-0.4836	-1.2429	-1.0145	0.0745	-1.2767	-0.0628	-0.7039	-0.0759	-0.3284	-1.5402	1.1770	-0.7842	0.1753	1.7178	0.0851	-0.3278	0.0519	0.6212	-0.5527	0.1044	-0.3233	0.1506	1.9574	0.8344	1.0260	0.5641	-0.2769	-0.6761	0.5177	2.5846	-0.5078	1.2009	1.1955	0.4456	-0.9498	-0.8168	1.6355	-0.9725	-0.4153	0.3295	-0.1506	0.3870	1.1465	0.2731
1.4435	2.6836	0.1436	-0.8084	1.0290	0.0540	1.5645	-1.2884	-0.1317	-1.0033	-0.6991	-0.9873	-0.3253	-0.9753	0.5550	-1.4396	0.2824	-1.6119	0.4997	-0.3357	0.0590	1.3145	-0.1337	0.6969	-0.5715	-0.8333	1.1477	-0.6710	-1.3936	2.1699	1.4521	0.3391	-0.5085	-1.3520	1.0483	-0.6659	0.2818	-0.4922	0.6344	2.7461	-0.4214	0.3512	-0.2197	-0.6076	-0.9165	-1.2116	-0.0401	-0.2872	-0.5243	0.7486
1.2628	0.3984	-0.3102	1.2552	0.1408	-0.7585	0.6822	1.1667	0.7815	0.5559	0.0859	-1.1027	-1.0562	-0.3755	0.6125	1.3814	-0.5346	0.8414	-1.0736	-0.7837	-0.6416	0.5898	-0.3484	-0.9337	-1.3860	-1.0121	0.7803	0.9670	0.6407	-0.5181	0.9854	0.6643	-0.0032	-0.7945	1.0443	0.5514	-1.1894	0.4844	0.5267	0.6264	-2.1455	-0.7207	0.8438	-2.0166	0.5945	0.0426	1.3634	-0.1505	-0.5195	0.0519
1.2960	1.3573	-1.0385	0.6019	-0.7628	0.0324	-0.5058	-0.6916	0.7188	-0.2617	1.6251	1.1888	0.2808	-0.8337	0.2768	-0.7669	1.0174	-0.0174	-1.4585	0.2949	-0.6697	-0.3651	-0.9692	0.1114	-1.4421	-1.8789	0.6072	1.1650	-0.3806	0.8437	-1.4384	1.4704	-0.5334	1.0815	-0.1294	1.1859	0.1211	0.9324	-0.1824	-0.2286	-1.3638	-1.1215	-0.1913	0.0976	0.4506	0.0446	-0.2390	-0.9102	-0.7333	-2.4221
-0.6284	-0.8286	0.9373	0.3170	1.1061	-0.1025	0.0118	0.4642	-0.0066	0.9546	-0.5761	-1.4706	0.3473	0.3830	0.6997	-1.4711	-1.0411	-0.7667	0.0565	1.0309	-0.0746	-1.1864	-0.4825	-1.6746	0.6837	-0.9604	1.2935	0.8059	-0.3016	0.3913	0.9674	0.3697	0.0680	0.2546	-0.4197	0.0821	0.6030	-0.3411	-0.5516	0.7074	0.7428	-1.3138	1.4846	1.9549	1.2498	-0.5919	0.2576	0.1455	-1.8478	-0.3526
1.2372	-0.6946	-0.0178	2.0212	0.1530	-0.6137	-0.8028	0.2417	-0.2288	-0.6669	-1.3064	-0.3009	1.6342	1.2477	-0.6730	-0.1636	0.8731	0.2594	-0.6751	-0.6809	-0.5879	-0.7152	0.1602	0.7235	-0.8399	-0.4556	-1.2858	0.5527	1.2366	-0.2098	0.4647	2.4386	-2.8022	-0.6273	1.6013	-1.2713	-0.0595	-0.2284	0.3986	-0.5838	-0.2534	-0.3849	0.9282	1.2056	-0.3011	0.4433	-0.1622	0.0029	-0.7760	-1.0015
-0.3471	0.7465	1.5466	0.4717	-0.6114	-2.1381	1.0262	1.2794	1.4145	0.4735	1.2237	-2.4361	0.6719	-0.7413	-0.1508	2.2798	1.7503	0.7277	-0.5674	1.9233	1.0360	-0.8698	0.2195	0.2572	-0.8945	0.2399	0.3640	-0.6057	-0.3361	-0.0628	1.0173	-0.1895	0.2155	0.5400	-0.0308	-0.6869	-0.3017	1.0750	0.6455	2.2285	0.3522	0.6534	-0.1147	0.7957	-0.6981	0.9240	-2.0467	-0.5879	0.2279	0.6145
0.1173	1.1011	2.5646	0.0346	1.6166	0.5774	0.2426	-0.4637	1.1613	-0.2638	-1.1058	1.6220	0.7562	-0.9294	-0.0765	-0.5630	0.5301	-0.7622	-1.6818	0.7194	-0.3706	-0.8838	0.3183	0.0075	2.5457	0.9017	1.7235	0.9475	0.6687	0.5456	-0.5441	1.7015	2.5267	-0.0052	1.0700	-0.6156	-0.3908	0.6792	-0.5140	-0.1178	0.2542	-0.3746	0.5997	0.5649	1.3321	-1.8561	-0.6658	1.6823	-0.8029	1.4557
-0.2702	0.0890	0.4230	-0.0369	-0.2309	-0.8598	-0.6997	-1.5303	0.7676	2.5509	1.2300	0.0637	-0.0604	0.3669	-0.4206	-1.2648	1.4245	0.4038	0.0324	0.2052	-0.6402	1.7903	-0.6699	2.5256	-0.0272	-0.4844	0.0448	-0.8006	-0.4965	1.0172	1.3025	-0.9103	0.1531	0.4943	0.6111	1.7739	0.3312	0.5060	-0.4381	-1.2299	-0.3365	-2.0689	-0.3850	-1.6175	-0.2867	0.1207	1.1834	-0.4509	0.4280	1.6003
0.1804	0.0409	-1.8890	1.6846	-0.5526	0.8204	0.0280	0.1984	0.1808	-0.2127	-0.6075	0.1436	-0.7086	-0.5994	0.9569	-0.5136	0.3270	-1.0281	-0.0449	1.0693	-0.5572	-0.1395	-1.6260	-0.8001	-1.5250	0.9145	1.2951	0.9630	0.5688	-2.0364	0.4233	-0.2152	0.0831	-1.0093	-0.6191	0.5763	-1.0395	-0.6676	0.0323	-0.9800	1.0537	0.0413	-1.7705	0.4703	-0.4926	0.3106	-1.0533	-0.6387	-0.0130	0.2540
-1.7950	-1.6670	-0.8829	0.7805	-0.1275	-3.1928	0.7443	0.9438	0.9701	-0.2148	-0.7326	-0.7677	-0.9766	-1.6571	-0.0754	-1.0100	-0.3762	1.2833	0.3069	-0.7680	0.0200	0.4871	-0.0252	-1.4796	-0.0958	-0.8644	1.3372	0.1253	0.8821	1.7436	-1.2083	-0.0779	-1.0076	0.3480	0.4491	-0.4208	0.1919	0.5005	1.3629	-0.5188	-0.4618	0.2956	0.0021	-2.1797	-1.6518	-0.2998	1.6019	0.5470	-0.2842	-1.0403
0.7807	-0.3987	-1.5800	1.8196	0.1925	1.9087	1.3165	-0.2614	0.7018	-0.6031	-1.5813	-0.3469	0.7111	1.6297	0.7617	0.3016	-1.2973	-0.6844	0.0793	0.8468	-0.8422	1.6716	-0.7756	0.1973	0.8287	-0.1811	0.1908	-1.5762	-0.9442	-1.5870	0.0560	-0.3516	0.3040	1.0357	0.6514	-0.4915	0.6502	-1.2532	1.8402	0.1085	0.2905	-0.0610	-0.4180	1.5791	1.7493	0.0689	0.3743	-1.3438	-1.6252	0.0185
-0.0136	-0.4693	0.2101	-0.5623	-0.5340	-0.6648	0.1424	0.3748	-1.0051	0.1034	-1.0145	0.2350	-1.4688	1.9022	-0.4082	-1.4694	0.3242	0.9620	-1.3469	1.6685	-1.0367	-1.4046	-0.9495	-0.5195	0.3149	1.2218	0.0816	-0.4909	-0.0255	2.3087	1.1341	-0.3984	-2.1150	-0.9996	-0.0460	0.4240	-0.2334	2.0345	1.0323	0.7225	-0.9375	-0.0670	0.6750	-1.2284	-1.7126	-1.1070	-0.2687	-0.2804	-2.0455	0.5566
2.3322	0.2966	0.9359	0.8051	-0.2945	1.9210	0.3344	0.6091	1.0910	-0.3740	3.0703	0.5931	-2.2999	0.7280	-0.0680	0.0255	-0.4327	-0.5411	-0.4426	0.0570	-1.0566	-0.7407	-1.5784	-1.4072	-1.3841	-2.0869	-0.7973	-0.7330	0.6280	-0.7046	-0.1032	-0.1513	0.7736	0.4071	0.0846	0.8928	1.3763	0.1037	0.1799	-1.8916	-0.6255	-3.0676	-1.0465	-0.9845	-0.7535	0.7491	1.3190	0.0327	0.2170	-1.4184
-1.2888	0.4042	-0.4519	-1.5907	-0.4954	-0.9715	0.5644	0.8915	0.1902	-0.9535	0.0857	-0.9804	1.2626	0.7565	-0.8449	0.0319	0.0879	1.0268	-0.2006	-0.3797	-1.0057	0.1141	-0.7923	0.3969	0.9009	-2.7060	0.2313	0.3160	-0.5091	0.8073	-0.4885	-0.9861	-0.1066	1.4135	-1.2193	-0.6849	0.4243	0.3782	-0.4165	-1.3317	0.2690	0.5640	1.1553	0.6357	0.0163	0.3516	0.9093	-0.2452	1.8224	-1.3912
0.2547	1.0255	1.0380	-0.8579	-0.1773	-0.5369	0.4547	-0.2942	2.0299	-0.4221	-0.4038	0.0011	0.1738	0.2269	1.7305	-0.9543	-1.9229	-1.1981	-1.2747	-1.9963	-1.9603	-0.3229	-0.8311	-0.5595	-0.4659	-1.6275	-0.9811	-0.3348	0.0824	-0.5951	-0.1213	-1.1754	0.4979	2.0561	3.1668	1.1922	-0.0416	-0.1229	-0.4530	-0.4736	0.1030	-0.5383	0.0606	0.3778	2.0321	-0.2368	1.1422	-1.0318	-3.2088	0.4316
-0.0007	1.7950	0.8861	0.4763	-0.6627	-0.4989	0.4002	-0.0832	0.4839	-0.2629	-0.2666	0.4136	-2.6221	0.2464	0.3321	-0.8571	-1.5250	0.7605	-1.1047	0.2905	0.5246	0.0303	1.1360	0.1278	0.6959	0.4477	0.0289	0.4137	-2.4607	0.7422	-0.3209	0.2023	0.0669	1.6912	-1.0076	-1.3120	-0.1669	-1.1571	-0.7839	-0.8370	1.0078	-0.1904	0.7190	-1.7511	0.5712	0.7537	0.9109	0.3066	1.3050	0.3379
1.0124	-0.4482	-0.7661	1.0271	-0.1821	0.1763	-0.4786	0.0923	-0.3451	-0.7687	-1.2356	-0.1734	-0.5632	-0.0027	1.2484	-0.9642	-0.8890	2.3182	1.2937	-2.8816	-0.4820	-0.2976	0.9573	-0.6646	0.2648	0.3080	-1.0669	-0.0706	0.3832	-1.3589	1.8075	0.5962	0.3328	1.0321	1.9093	-0.5751	0.2451	1.2186	2.1676	1.0154	-0.2447	-0.2684	-0.0106	-0.7323	-0.9783	0.4354	0.2472	0.2381	0.5669	-0.5464
0.0698	-0.4184	-1.9891	-0.6653	1.1542	-0.4827	0.8195	1.0288	2.0817	-0.8076	0.2010	-0.2559	-1.0143	-1.6222	-0.5761	0.8105	-0.4389	0.8648	0.6562	0.7464	-1.6813	0.9356	1.4073	-1.3717	0.5741	2.1398	0.6693	2.3566	-1.0619	0.4252	-0.0192	2.7899	0.4948	-0.5169	-2.2557	0.7102	0.4621	0.4895	1.0370	0.4451	-1.0467	-2.7268	-0.9146	1.3648	-0.6150	-1.9918	1.0143	-1.3258	0.4032	0.3000
0.7124	1.6874	-2.1892	0.1250	1.6988	-0.1411	1.0388	-0.5963	1.0942	1.0392	0.2728	-1.5878	-1.7125	-1.3558	1.0840	0.0472	-2.7116	-0.0358	-1.4215	-0.5492	-1.1182	-0.0878	0.0028	0.1120	0.4505	-0.6820	-0.9819	-0.6483	-0.9000	-0.8284	1.0994	-0.4336	-0.9727	0.8405	0.9922	1.5524	0.6228	-0.6022	-1.1080	-2.2333	-0.8724	-0.1903	0.3985	-0.4457	0.3556	0.6848	-0.0870	-1.3574	1.2693	1.2014
0.4250	-1.1335	-0.5003	0.5875	-0.2897	0.2731	-0.6488	-0.7759	-0.9977	0.3254	-1.2097	-0.1264	-0.1505	0.3252	1.4811	0.7740	-0.8893	-1.7355	0.0632	0.3114	0.2452	-0.2469	-0.1666	-1.3862	-0.7320	0.8521	0.9241	0.0205	-1.5436	-0.0483	1.2671	1.2676	2.0496	-0.3310	1.8960	0.0549	-0.7890	0.4751	0.7362	-1.0816	0.0138	0.9320	-2.3446	-0.1689	0.4017	1.9936	-0.7825	0.2063	1.2986	-1.1759
-1.3009	1.9812	1.1099	1.7172	-2.1217	0.4013	-0.5136	-1.7198	1.4715	-0.3658	0.4982	-0.0402	-1.2575	-1.6843	-0.0909	-0.3724	-0.3827	1.2165	-0.2372	0.7637	-0.2502	-0.4779	-0.1159	-0.2424	1.2116	-0.7799	-0.4036	0.3039	0.7367	2.8702	-0.8422	-2.0579	0.7230	-0.1418	-0.8757	-0.1512	0.0196	-1.9360	-0.0151	0.1818	-1.1530	-0.4564	-0.2890	-0.5386	0.6648	0.4701	-0.7423	0.0178	-0.7427	-0.2253
0.9198	-0.3105	-1.7619	-1.3586	-0.0270	1.3920	1.6654	-0.6401	1.4181	-0.2100	-1.4979	1.4081	-1.1127	1.2485	-0.4494	-0.1593	-0.1242	-0.2301	-0.4627	-0.1664	-0.4409	1.0514	-0.8786	0.2932	-0.0020	1.7188	-0.1719	-0.0723	-1.7336	1.9315	3.0145	-0.2811	1.1410	0.1517	1.9528	-1.4593	0.0807	0.3744	1.1453	1.0916	-0.9669	-1.2374	-1.0800	-0.5558	-1.3467	1.3723	1.5527	0.2577	-0.1004	-0.0375
-1.3442	2.0717	1.3246	2.0268	0.1167	1.9671	-0.3768	-0.8084	-1.3122	0.9517	0.2090	-1.6711	0.7304	-1.1968	1.4307	1.3485	0.9155	-0.1253	-0.1377	0.0392	-1.3712	-0.7108	0.0220	-0.1415	-0.4103	0.9911	0.2424	-0.3283	-0.2817	0.0845	-1.3346	0.5648	-1.6623	0.5353	-0.1835	0.8540	-0.8917	0.4782	0.9085	0.1553	-0.5306	-1.1436	-1.5304	0.5827	-0.1550	0.1734	1.3060	-0.4885	1.2968	2.0060
0.4242	-0.0369	0.2625	-0.7801	0.4428	-1.2767	-0.4318	0.8279	0.9660	0.1524	0.2373	-0.5679	0.1039	1.4437	-0.0212	1.2591	1.0781	-1.8073	-1.0660	0.0393	-0.5201	0.4239	-0.4045	0.0763	-1.5526	0.8771	1.3420	0.3212	0.8212	-0.4647	-0.6574	1.1309	1.3885	-1.3589	-0.0911	-0.8741	-0.6832	-0.1355	-0.2356	0.9499	0.5868	0.1515	-1.5055	-0.3117	-0.1106	-1.8639	0.5912	-0.7404	0.9898	0.4290
-0.3648	1.8642	-0.0456	-1.8760	1.0978	-1.1123	-1.1339	0.5837	0.5643	-1.0284	-0.8574	-0.1837	0.6327	-1.7754	-0.6511	-1.0112	-0.3892	-1.0133	0.0652	0.2848	-0.8170	-1.1364	0.3193	1.1525	0.3733	-0.0792	1.2343	-1.9052	-0.5184	0.7331	-0.3080	0.2130	-0.0118	1.7964	-0.3780	0.1052	0.5188	0.9296	0.9322	0.0397	-0.1718	-0.0169	1.5099	-0.3900	-0.5651	-0.5126	0.1407	1.5949	1.1309	1.3365
-0.3473	0.9406	1.3279	0.0104	0.4041	0.1094	-1.0219	-1.6069	-0.6012	-0.7083	-0.1550	-2.0319	0.7579	-0.2889	1.7659	-0.1082	0.4864	-0.2399	0.3768	0.9321	0.7285	-0.2857	0.3780	-0.0983	0.2239	-2.0178	-1.3938	0.1397	2.0537	0.9749	-1.0952	-0.4187	-1.0724	-1.2490	-1.1877	-0.2462	-0.5145	0.0486	0.6592	0.7562	-0.2756	1.6659	0.9161	1.9213	0.0908	-0.7201	1.1792	-1.0901	0.2647	0.4814
0.4537	-2.3590	-0.8020	-0.6955	-0.8030	0.6053	-0.5828	0.5131	-1.3519	0.1655	-0.2951	0.7856	0.0467	1.0523	-1.0985	1.6473	0.5402	-0.6440	1.5172	2.0001	0.1274	-1.0417	1.0060	-0.7257	-1.0287	0.2180	0.2450	0.3484	0.7550	0.0101	-0.5699	0.1699	0.2534	0.8399	0.7405	-0.3099	1.4313	1.0010	-0.4024	1.3785	1.4663	-0.6253	-0.0078	-0.1825	1.6145	-0.3395	-1.0515	0.7677	0.5177	-0.3627
1.9041	0.0038	0.9220	-1.2269	-1.0579	0.5057	0.0366	-0.7496	0.0716	0.0862	-1.3460	-1.1975	1.1728	-0.4508	1.1860	-0.1175	1.1033	0.6608	-0.1255	0.6829	0.6499	-1.5663	1.5212	0.3378	-0.2512	0.5953	0.4106	0.5958	-0.1455	-2.7688	0.0764	0.2726	-0.1668	-2.0754	1.2552	0.6457	0.9264	-0.0951	-0.1205	1.3882	-1.2730	0.5704	1.1054	-0.4212	0.4860	-0.6338	0.3998	1.0098	0.2457	-0.3600
0.7675	-1.5122	-1.2327	0.0154	-1.4354	0.8498	0.4369	0.6030	1.7347	0.3835	0.0628	0.5775	0.4518	0.6801	-0.0224	-0.1907	0.5488	-0.2832	-0.4722	-0.1983	-1.6289	-0.6114	-1.7179	1.4593	1.2191	-0.0762	0.5853	-1.0103	0.0990	2.2579	1.2520	0.2383	-0.7285	0.2885	0.1679	-0.4227	0.3332	0.5290	0.2606	-0.0627	-0.7268	1.1052	1.6890	-2.3660	0.1883	0.5961	0.5172	-0.1743	-1.2263	1.7329
-1.0731	0.4031	-0.2939	0.2738	-1.0095	-1.2167	-1.3021	0.4293	-1.1856	1.2305	-0.7645	0.2046	-0.2659	-1.0532	-0.4787	0.0154	2.4867	0.8744	0.8903	0.2568	-0.5261	-0.9422	0.9593	-0.2134	-0.1276	0.1740	-0.4172	-0.8378	-1.3544	0.2740	-0.6988	1.0141	-1.0156	-0.2712	0.2408	-2.1005	-0.8907	-0.6134	-1.2794	0.5348	-1.9169	-0.4543	0.3229	0.1091	-0.4843	-0.2805	1.7005	1.1653	-0.5674	0.1708
0.7681	-1.0567	0.4440	0.6536	-1.8328	-1.4237	0.1559	-0.2086	-1.0708	0.5693	-1.2801	-0.3960	1.4197	-1.2787	1.4047	-1.0345	-0.5596	-1.4687	-0.4382	-0.9937	-0.0189	-1.1867	1.4132	-2.4022	1.0047	-1.0474	0.1079	-0.5983	1.0786	0.9868	0.6095	-1.1766	0.4725	-0.7252	-0.0147	0.6565	0.4848	0.2203	0.3643	0.5444	-0.1494	1.3837	-0.8275	-1.8101	0.8816	-0.6044	-2.8445	-0.6881	-0.9538	-2.1550
0.9147	0.0435	-1.0764	-0.3973	-1.1682	-0.5364	-0.6787	0.2434	-1.6372	0.2037	-0.4655	0.7684	0.5910	-0.6902	0.7585	-0.3156	-1.5359	-0.9087	0.9023	0.0403	-0.2639	-1.0636	-0.2466	0.9712	0.8071	-0.6743	-0.0802	-1.6991	-1.3765	-0.8254	0.6347	-0.1763	-0.2692	-0.7390	0.7366	0.5844	-1.7129	-1.1948	-0.3751	-0.7834	-0.3536	0.4132	-0.2376	-0.0104	-1.6318	-0.6016	-0.3622	1.1712	0.0691	0.1739
0.1493	0.8961	-0.6184	-0.1332	1.2174	-0.9446	-1.8091	1.1062	-0.5947	-0.6617	-0.0205	-0.9637	0.6647	0.1127	0.0564	1.0894	2.7934	0.9159	0.9719	-0.1749	-1.4356	2.5995	0.0519	0.0458	0.5897	-2.4894	-1.1190	0.6278	-1.8514	-0.8683	-0.5487	-0.8486	-0.4176	-1.9975	-1.3723	-0.4105	-1.1716	0.1912	-1.5238	-1.3960	-0.3883	-0.2241	-0.4396	2.2380	-1.1993	1.0973	0.1299	-0.3754	0.2199	-0.2243
1.2054	-0.6588	-1.2272	-1.8043	0.0536	-0.5992	-1.3299	1.4281	-0.7769	-0.6678	0.3749	0.7785	1.6401	-0.5968	-0.2303	1.5258	0.5514	-0.4983	-0.8258	-1.4716	-0.9592	-0.5777	0.5448	0.2266	0.0835	0.2856	-0.8603	0.4082	-0.5785	0.5116	-0.3037	1.3330	-0.0613	-0.0605	1.1000	0.2274	0.5341	-0.0011	-0.8936	2.2312	-0.4494	0.0395	0.5995	0.6598	0.2447	-0.1104	-0.1032	1.7246	-1.7133	-1.1553
-1.4163	0.8848	1.1976	1.1107	-0.7008	-2.5041	0.2038	-1.3016	-0.7638	-0.1291	0.0729	-0.1409	0.4003	1.0261	-0.4015	0.0903	-1.5814	0.5114	0.2497	-0.9446	1.1066	-1.5894	-0.0790	-1.4951	2.4538	-0.7214	-0.5292	-1.3132	-0.0971	-0.7895	1.6363	1.5820	-0.3264	0.2712	0.0733	0.7351	-0.5351	0.7813	-0.7127	1.1059	1.6146	-0.8153	0.5031	-0.7693	2.0996	-0.8445	-1.3123	0.8107	-1.2800	0.4782
0.2952	-0.7589	-0.1463	-0.0056	1.8197	0.3213	-0.0417	-1.2656	1.3199	0.4500	-0.4416	-0.0444	1.2915	0.8848	-1.8763	-0.7160	-1.7468	-0.0111	3.0039	1.2922	0.7390	0.5735	-0.6038	1.3851	-0.3253	-0.7681	1.9195	-0.6684	0.9450	-1.2634	-0.1793	-0.3969	-1.0622	0.4144	-0.9617	-1.2454	0.7056	0.4115	-0.8851	0.3363	0.1837	-0.0013	0.3449	1.0327	1.5463	1.4853	0.0454	-0.0643	-0.1430	0.9381
-1.3985	-1.0385	0.6471	-0.6138	0.8809	-1.1636	-0.6638	0.5890	0.9640	-1.5260	-0.3532	-0.0758	-0.7370	-1.1499	-0.8241	0.8924	1.6600	0.5279	-0.9857	-0.3662	-1.7419	0.4938	0.2472	0.7526	-0.7423	-1.7594	-1.3812	0.0271	-0.0525	1.1076	1.3534	0.8369	0.7472	1.2359	-0.9895	-1.3826	-1.0367	-1.2859	0.1436	-0.8089	-0.9741	1.6464	0.9770	-0.4753	0.2125	-0.1878	0.5225	1.0758	-1.7008	-1.5099
-0.9707	-1.1127	0.3662	-0.5030	1.3013	-0.4728	0.6929	0.7430	0.8350	-0.8401	0.8367	1.6114	-1.7299	-0.0736	-0.9313	1.4961	2.0913	1.9616	-0.9856	1.1693	-0.0417	0.0782	0.9854	-0.5894	0.2073	-0.7522	-0.4586	-0.2426	-0.3240	-0.0716	-1.4224	0.8119	-0.7201	0.8724	-0.5518	-0.8002	-1.1665	-1.6269	-0.7398	0.1381	-0.2948	0.2927	-0.2108	1.9833	2.1372	-0.2759	0.3566	-1.3792	-0.3832	-0.4428
1.4528	-1.4493	-0.5364	-0.6198	1.3097	-0.7154	-0.7982	0.2015	0.2344	-1.7187	1.0791	-0.4439	-0.7453	-0.5448	-1.0457	0.2941	0.9090	-1.2695	0.1191	0.5861	-0.3627	0.8324	-0.7693	-1.1018	-0.3292	-0.9638	0.0410	0.1542	0.2578	-0.0607	-1.4421	0.9708	-1.6978	0.1266	0.7245	-0.3954	-0.8383	-0.1185	-2.3963	0.0112	-0.8096	1.0995	-1.2114	-1.0731	-0.8136	-0.9549	0.6854	0.0023	0.3194	0.0799
-0.6798	-1.2113	0.4838	1.2953	0.6262	1.0310	-1.2837	-0.6484	-2.0067	0.4703	-1.9220	0.0480	0.3300	0.7084	1.1269	-0.1481	-0.1100	-1.4968	-1.4444	0.3519	-0.2736	-0.2437	-1.5436	1.0537	-0.8028	-2.1045	-0.3089	-0.3464	-1.4345	-0.1665	0.2153	0.1766	-0.3649	0.5790	-1.1726	0.4072	0.9460	-0.7704	-1.1746	0.5037	-0.1659	-0.6428	0.0510	-0.7257	-0.1855	-0.3674	-0.5253	-0.1302	0.4448	0.9245
0.6344	-0.4986	-0.2479	-0.9221	0.0864	-0.6541	-1.6344	0.8735	0.2580	0.5846	0.2986	-0.2208	0.2358	0.1023	0.2882	-0.2053	-0.0233	-0.1186	0.2128	-0.7937	-1.1825	0.8124	0.9103	1.3024	-0.3507	0.5148	-1.0545	-1.3212	-0.5146	-0.6826	1.1815	0.2145	-1.6453	1.4195	-0.1830	1.6589	-0.7813	2.1258	0.6087	-0.3394	-1.0751	-0.4757	1.4610	-1.0864	0.1422	-0.2961	0.1457	-0.0658	1.5885	0.5739
0.0689	-1.3889	0.5555	2.2989	-0.6887	-0.0900	-0.0961	-0.1425	-1.2348	-1.5656	-0.6724	0.1441	0.9067	0.9411	-1.1388	-0.1642	-0.6360	0.8500	-0.0985	1.3034	0.7859	-0.5246	-0.5014	0.4168	0.4859	-0.2906	0.7908	0.6169	-3.3093	-0.4806	0.4778	0.1479	-0.6077	-1.1889	0.5904	0.2156	1.4737	0.3391	-0.6718	1.3472	0.9155	-1.3359	0.4325	0.6164	0.9593	1.2873	0.0822	0.6027	0.3503	-0.5591
0.0001	1.1899	-2.1462	-0.1896	0.7738	1.4224	0.1834	-1.1418	0.0545	0.9151	1.6695	0.3141	0.0073	-0.7581	-0.0885	0.2010	0.7938	-2.0654	0.0627	-1.1096	-0.3001	0.1332	-0.0680	-0.6603	-1.5717	0.5005	-0.1908	-1.3164	-0.3725	-1.0184	-0.4934	0.5963	0.0653	-0.8644	0.1793	-0.4693	-1.9348	-1.0599	-0.4922	-1.1636	-0.5996	0.8346	0.2205	-0.2824	1.4728	0.0292	-1.2795	-0.1344	0.2249	0.2438
-1.3122	-0.3734	-0.6317	-0.9078	0.7965	-0.2556	0.7447	-1.1779	-0.6245	1.0870	-1.2440	1.1480	1.7321	-1.0466	-0.5505	-0.1890	0.2954	-0.2563	-0.0320	0.5654	1.0172	-1.7573	-0.9997	-1.7830	0.4919	-0.2285	-0.9400	2.2346	-0.0318	-0.7434	-0.7724	0.7476	0.4902	-1.4365	-0.3441	-0.7563	1.1631	-1.6081	0.4120	-1.0682	-0.7494	0.1896	-1.0819	-1.4073	-0.0140	0.4123	-0.1242	-0.5563	1.3510	-0.0126
0.1841	-0.8288	0.4734	-0.6660	-0.7983	0.3345	0.1558	-0.5048	-1.6475	1.4265	0.0719	-0.0600	0.6002	-2.3098	-0.6697	-1.0184	-0.3499	-0.8731	-1.6102	0.9039	-0.0315	0.9185	0.1323	0.8143	0.0394	-0.6665	0.8592	-1.0305	0.4146	0.8270	-0.9382	0.7289	0.4653	-1.5156	0.1021	1.5867	-0.7306	-0.6011	1.7403	-0.5625	0.0938	0.9167	1.0603	-0.6324	0.2230	0.8967	-1.4562	-0.4359	-0.3818	0.7887
1.7539	-0.4933	-1.0181	0.6962	0.8686	-0.4151	-0.7307	0.1318	0.3619	-0.2047	0.2069	0.2031	-0.4175	-1.2249	0.8315	-2.1177	-0.3918	-0.2992	0.1220	0.0042	-0.3765	1.4423	0.6209	-0.8181	-1.3981	-0.4777	-0.6889	0.5783	1.2135	2.3806	2.0318	1.2520	-0.2248	-0.6529	-0.2824	1.5802	1.9379	-1.0230	-0.6250	-1.4403	-0.0186	0.2432	-2.5550	-1.1751	0.6621	0.4608	1.7070	0.5135	0.6038	-0.4218


