
X1	X2	X3	X4	X5	X6	X7	X8	X9	X10	X11	X12	X13	X14	X15	X16	X17	X18	X19	X20	X21	X22	X23	X24	X25	X26	X27	X28	X29	X30	X31	X32	X33	X34	X35	X36	X37	X38	X39	X40	X41	X42	X43	X44	X45	X46	X47	X48	X49	X50
0.4382	-0.5322	0.4343	0.2433	-1.3819	0.3449	-0.3228	-0.0904	-0.8528	0.7508	2.4433	0.9056	1.8634	-0.3052	-0.5213	0.1459	0.6176	1.6657	-2.2886	-0.6209	0.7968	-1.3251	-1.0238	-0.1219	-0.8909	-0.7172	0.4498	-1.0690	-0.1369	0.1731	0.9694	-0.6704	-0.0730	-1.7768	1.2141	-0.9853	-0.4677	-0.3367	-0.9945	-0.6445	1.1967	-0.7285	0.2288	1.8013	2.0777	0.1886	-1.1160	0.7368	2.0296	-0.4391
-1.0585	1.7069	0.5380	-0.2662	0.1527	-0.4041	-2.1202	-1.5601	-1.5783	0.4868	-0.2549	0.5246	0.1486	1.0269	-0.4730	-0.3101	0.5338	1.3048	0.6434	-0.1592	-0.3001	-0.7394	0.3329	0.7885	-1.3213	-0.0542	0.4366	-1.2880	2.6351	0.4752	-0.5203	-1.2241	0.6876	0.5559	1.8050	1.1974	0.6200	0.6697	0.0245	-1.5499	0.9567	0.1592	0.7949	2.2212	-0.3192	1.1961	-0.4838	0.0599	0.2812	-0.3692
-0.3002	0.1473	-0.8426	-0.2237	2.0058	0.3723	1.3427	0.6608	-0.5709	1.7012	1.9219	0.2085	-0.5380	-1.4511	-0.2683	1.4113	-0.4904	-0.0425	-0.9177	-1.0972	0.3580	1.1089	1.2508	-0.5681	-2.5870	-2.3959	-1.5008	-0.1115	1.3828	0.7260	-0.3056	-0.5085	-0.2004	-0.6947	-0.2378	-0.4262	-1.3783	-0.6919	0.2163	-0.7431	0.7794	-0.9678	-1.2561	1.4059	-2.9092	-1.1358	-2.4222	0.4311	0.4892	1.2348
0.6333	0.3232	1.3266	-0.6777	-0.1495	-2.5014	0.6377	-0.3046	0.2995	-1.8746	0.4120	1.5248	1.0003	1.0609	-1.1665	1.1236	0.9315	1.3950	-0.6876	-0.8560	0.1597	0.3312	0.7837	-0.5183	0.0283	-2.3249	1.8280	0.2500	-0.5300	-0.3460	-1.0203	0.6781	-0.1181	-0.9830	-0.3409	0.8601	-0.2229	-1.1147	-0.5825	0.7799	-0.1390	0.1694	-0.0201	-0.1895	-0.1380	1.0568	0.0698	-1.3903	-1.1946	-1.2581
0.6621	-1.8003	-0.1413	1.1446	-1.2811	-0.1400	-0.2383	-0.7246	-0.0881	-0.2814	-1.7443	0.6376	-0.9255	-1.6316	0.3263	-0.6579	1.0562	-0.2174	1.1562	2.2414	0.1381	-1.8723	1.2825	0.9867	-1.1023	0.7445	-0.4160	1.2319	1.3470	1.2022	-0.2912	-0.2974	0.6964	-0.2225	0.6685	0.2553	2.0110	-1.7936	-0.3846	0.3754	-2.5592	-1.3942	0.0323	-0.8181	0.9934	-0.2262	0.1488	0.3138	1.8324	-0.4138
-0.8153	1.7303	0.9508	0.5769	0.2643	-1.2456	-0.0180	-0.4186	0.5811	0.9216	1.4039	-1.1022	-0.4483	-1.5720	-0.1825	-0.9169	-1.8174	1.6428	-0.0760	0.4578	0.1771	-0.5978	0.8618	-0.5303	0.6469	1.3013	-1.5659	-0.0700	-0.4007	-0.6986	-0.4489	-1.2545	1.4378	-0.5039	-0.2434	-1.3507	0.2149	-0.8859	-1.0344	-1.3429	0.3109	-0.8643	0.4807	0.2838	-0.6715	0.5761	-0.3707	-0.6702	-1.1292	0.4437
-1.5946	-1.2447	0.4903	-0.1859	0.8896	1.6695	-0.2065	0.8977	1.1050	-1.9876	0.3932	-0.3034	0.5039	0.6561	1.7955	1.3463	-0.5423	0.7727	-0.1171	-0.6609	0.8278	-3.2381	0.0602	-1.0802	0.7767	0.5193	-0.0767	0.6456	-0.9192	0.9969	0.5993	-1.0436	-0.3418	-1.5141	-1.3823	0.0828	-1.3833	-0.4212	-1.6631	-1.5886	1.7651	0.0920	0.3647	-0.0623	0.4604	-0.0225	-1.6345	0.5175	0.6266	0.1257
-0.5915	0.3684	-0.7263	0.3809	0.0294	-0.3001	1.5691	-1.1042	1.2321	-0.4774	-2.3099	2.3080	-0.4941	-0.0199	-0.0159	-1.6716	0.3666	-2.4051	0.4332	0.3121	-0.5479	0.6230	0.7757	2.2110	1.1909	-0.0683	0.7518	1.0780	-0.5374	-2.5207	0.6071	-0.1549	0.5621	-0.9779	1.1368	2.0537	0.9465	1.0652	-0.0548	-1.2443	0.1193	0.5072	0.3717	-0.2749	-0.8196	-2.4125	0.3693	0.4948	0.7745	0.5528
-0.7963	0.4994	0.7181	1.3842	0.8827	1.5270	-0.7450	0.0728	-0.8081	0.3193	-1.4274	0.0781	-0.6708	1.6755	-0.9968	-0.2271	-0.2011	1.6370	0.5025	-1.8722	-0.3726	0.0861	-0.2895	-0.0810	0.9345	0.7922	0.3137	-0.6364	-0.6578	-0.6893	-0.2518	0.9540	2.5620	-0.2545	0.5121	1.5631	-0.5704	-1.6279	0.6954	0.5530	-1.3512	-2.1526	0.2796	-0.6003	0.4501	0.5266	-0.6335	1.3353	-1.6939	-1.1253
-0.3096	-1.1954	-0.2731	1.9176	0.4094	-1.8907	0.6391	-0.0750	0.5409	0.7355	0.8651	-0.4657	0.6234	-0.6881	-1.6608	-0.2664	0.5210	-1.1238	-0.3840	-0.1568	1.2309	0.6922	-0.7614	0.4769	0.0720	-0.7140	1.1488	0.9704	0.5026	0.1298	0.6859	0.5664	-1.8390	-1.3110	0.2434	0.5458	1.5963	0.1190	-0.5189	-0.5624	-0.0459	0.3590	2.0929	1.1835	0.6985	1.9586	-0.4124	-0.3575	0.7922	-0.1350
2.7226	0.8927	0.1069	-0.0018	-1.7720	-1.0938	-0.4459	0.2890	0.4805	-1.5505	-1.4399	-0.0263	-0.6115	0.8487	0.3029	-1.0806	-1.2073	-0.0848	-0.3638	-0.0875	-0.8255	-1.5340	0.8635	-0.4432	-1.0400	0.9020	-0.4511	-0.5827	0.9279	0.0973	-0.1287	-0.4528	0.7536	-1.0084	1.2051	1.6831	1.4503	0.6756	0.5075	0.6070	-0.8457	-0.8880	-1.6876	-2.0228	0.9876	0.3045	0.8248	-0.9120	-1.3284	0.1212
-1.3899	-0.9686	1.0789	2.2233	1.4742	-0.3097	-0.0325	0.3061	0.6139	-0.5553	-2.0639	0.8417	0.4252	0.1133	0.4873	-0.2780	-0.9660	0.0214	-1.9608	1.2530	0.5835	1.2839	-1.0473	-1.1068	0.0951	-1.7867	0.7111	-0.5181	-0.4282	2.6395	1.2290	-0.6153	-0.2678	1.8668	0.1383	0.4851	-0.3209	0.4135	0.5050	0.4133	-1.0167	0.4042	1.7698	0.9211	0.4032	1.2593	1.7684	0.7718	-0.7611	0.4345
0.7997	0.9112	-0.3830	-0.8300	1.4467	0.4802	-0.0009	0.3408	1.0573	0.2227	0.2645	-1.2198	1.8204	-0.1506	-0.4614	-1.8846	-0.7099	1.4093	1.2228	-0.2954	-1.7557	0.8125	-0.0209	0.7199	1.3528	-0.4212	-2.5075	-1.0414	-0.0844	0.1493	-0.8722	-1.0105	0.1965	0.5328	0.2265	-1.0552	0.7653	0.2386	0.3701	0.0210	2.4873	-0.6398	0.0586	0.5153	-0.5235	-0.2382	1.5023	-1.4224	-0.7635	-0.5821
-1.3238	0.2653	0.1027	0.9372	-1.0957	2.6688	-2.1957	0.1806	1.4927	0.0587	-1.4310	-0.3381	0.3655	-0.2980	0.6623	-0.3136	0.2136	-0.8406	-0.5801	0.6229	-0.1588	1.3882	0.8672	0.8778	-0.0492	0.5515	-0.2326	-0.6834	1.0323	-0.3271	-0.4974	-1.0179	-0.2519	0.0853	1.7348	-0.1587	-1.1398	-0.0264	-1.2239	-0.5199	0.1498	-0.7414	1.8315	0.9184	-0.8032	-0.0830	-0.1066	-0.2763	1.1623	1.2089
0.4398	0.8840	-0.5796	-0.7133	0.5655	0.1610	1.2919	0.3274	0.4533	-0.1687	-2.9861	-0.4905	-0.0132	-0.3148	-0.4641	1.8195	0.2386	-0.2229	-0.6576	1.3588	0.0427	0.9494	-0.2792	0.4724	0.2661	0.0280	-0.9234	-0.3088	-0.3722	-0.0638	-0.5413	-0.0220	1.0633	-0.5707	-1.2594	-1.1132	0.8373	0.4353	-2.6705	1.4854	0.1887	-0.3052	-1.0008	-0.4781	2.3155	2.2362	-0.7680	0.1222	0.8843	0.1839
0.0956	0.3597	2.1352	-0.3060	-0.3449	-0.2424	0.4722	-0.9685	-3.0729	2.0718	0.8665	-0.7116	-0.4957	-0.6698	-0.7620	-0.1502	-1.0596	0.6021	0.0165	-1.1639	-0.5622	0.2664	-0.3738	0.8350	-0.4842	0.3242	0.5400	0.0698	-2.3232	0.0216	-0.6957	-1.4266	0.7079	0.0862	-0.6033	0.0275	-1.1431	0.8499	0.8750	0.9101	0.5603	-0.1742	0.0443	1.0613	0.7861	0.4634	1.3486	0.4845	0.0361	0.7982
-1.4376	1.1824	-1.5607	0.1639	0.0730	0.2090	-1.0562	-0.6706	0.2893	0.6456	-2.5992	-0.6873	-0.2266	-0.1413	-0.3229	1.0140	0.0545	-0.8016	0.1516	-0.2520	0.3487	-0.8855	-0.0393	-1.3840	0.3681	-0.3524	-0.1267	0.3036	-1.0491	1.1131	-0.2231	1.0051	-1.4082	0.3693	1.5059	0.0204	0.0388	-1.1492	-0.7512	0.5328	-0.2709	-0.5640	-0.8887	-0.0484	1.9114	0.3465	-0.3895	2.3241	0.0075	0.3159
0.5960	-1.0746	0.9711	0.5639	-1.0176	0.0101	0.8355	0.4833	-0.5288	0.3064	0.8657	0.5648	-0.7317	1.3303	0.8354	1.6023	-1.1029	-0.7456	1.6194	-0.5452	-0.9082	-2.1631	0.1737	-1.2825	0.0847	0.0106	-0.3007	-0.6797	0.5682	-1.2101	0.1379	-1.7810	1.0006	-0.4623	0.3095	1.6537	0.3847	-0.0682	-0.5154	-0.0043	0.3973	0.8080	-1.6159	-1.9124	-1.6641	0.3019	0.2522	-0.8438	-0.7860	1.3646
1.8438	-0.9088	2.3025	-0.3347	-1.6543	-1.5207	-0.3611	0.4434	-0.9375	-0.0149	-1.2863	1.1588	1.0381	-0.1143	-1.5994	1.1007	-1.1772	-0.4584	2.1656	1.1769	-0.7905	0.7956	-1.9818	-1.2229	0.1587	-0.8120	1.1259	-0.6306	0.4984	-0.3371	-0.9523	0.5870	1.4879	-0.0006	0.1237	-0.8956	0.6587	0.8875	0.9930	1.9346	0.1462	-0.7858	0.5121	-1.6950	-1.3281	0.9915	-0.4764	-0.6655	0.7932	0.4377
-0.3066	0.4502	0.6116	-0.0415	0.0612	-0.0952	-0.1510	1.7594	0.3772	0.3011	1.4729	-0.1130	-0.0683	1.7959	-0.1430	-2.4331	-0.0814	-0.1768	0.2667	-0.6804	-0.7329	1.1937	-1.8088	0.3261	0.4815	1.3407	-0.0743	-0.8280	-0.1438	1.1384	-0.8661	-0.5595	1.4542	1.0827	-0.4553	1.5485	-0.0581	0.1061	-0.4293	-1.6889	-2.0266	0.0613	-0.3202	-0.9304	-1.6475	1.0630	-0.5137	-0.5022	1.0560	-1.3556
1.1123	1.7657	-0.3052	0.3394	0.0216	0.0361	-0.9526	-0.6312	-1.0605	-0.5992	-1.1541	1.2985	1.6035	0.7172	0.0671	-1.6290	-0.4835	0.2665	0.6218	0.3590	-0.0051	0.3269	-1.4691	-1.0632	0.0387	-0.8242	-0.3995	0.3888	-0.2199	-1.6820	2.0976	0.1565	0.0148	0.4931	-0.2088	0.7437	0.3179	-0.1165	-0.4352	-0.0933	-0.2832	-0.5926	0.4669	0.0199	-1.0875	-0.0280	0.1957	0.5387	1.8776	-0.6614
-0.4417	-0.1040	-0.1464	-0.8850	-2.3166	-0.1077	0.9733	0.3099	-0.5340	0.9019	0.2242	1.6967	1.2121	-1.5295	-0.2631	0.5142	-1.9562	-1.0217	-0.4622	0.4481	-0.2113	0.7968	-0.0912	-1.7701	1.1495	0.1067	-0.2907	1.2659	1.0544	-1.2173	1.5725	1.0348	-0.2922	-0.9372	0.6501	-0.8649	2.0379	-1.0621	-0.8922	0.7875	-0.0949	1.4065	-0.3684	1.0016	-0.4844	-1.1424	-1.0857	-0.9624	-0.3190	-0.6087
-0.1075	0.0929	1.3160	1.8193	0.1072	0.1789	1.6392	1.1949	0.5095	-1.0544	2.3196	-1.6618	-0.5261	0.0755	0.5277	-0.2794	-0.9681	-0.1807	1.4922	0.5532	-1.8580	-0.0338	-0.0793	0.2283	-1.0776	-1.5969	-1.4766	-0.5486	1.1346	-0.5081	0.5898	0.5290	0.4381	0.8575	-0.2675	-1.7403	0.4472	0.9280	-0.4205	0.9972	-0.7320	1.1601	-0.4155	2.6099	1.5465	0.4714	-1.5823	0.7429	-0.0727	1.2503
-1.4548	1.1292	0.9682	0.5233	1.0073	-0.6167	-1.1223	-1.0403	2.2739	-2.0028	-0.8852	-1.0140	0.0283	-0.7221	-1.0185	0.8591	-1.5235	-1.2170	-0.2428	1.0291	-0.7771	-0.1022	0.0741	-0.2465	1.3990	-0.5469	-1.7171	-1.9631	-0.4537	-0.4511	-0.2436	-0.3791	1.3565	-1.2280	-0.8234	0.6288	0.8992	-0.0549	0.0424	0.2269	-1.6861	-0.7153	-0.1992	0.7654	0.9924	-1.4695	0.1162	-0.9499	-0.1201	-0.3610
1.5232	-0.9165	-1.3307	1.5013	-0.7805	0.0067	1.8907	-1.1723	-1.5265	-0.3647	-0.1380	-0.8633	0.5365	-0.7725	-0.1985	-0.6394	-1.0460	-1.0815	1.4573	-0.3671	-1.5330	-1.3369	-0.4577	0.5060	-0.6934	0.2176	-0.9634	1.0396	-0.1980	1.9577	-1.4863	0.3280	0.2865	1.1504	-0.8264	0.6549	0.5702	-1.1369	-0.4111	-0.2548	0.7482	1.7911	-0.0294	-1.8252	0.9302	0.1522	1.2164	-0.9762	-0.4009	1.3445
-1.3702	0.0169	-1.0218	0.7021	0.4304	-0.3571	0.1828	0.3653	0.0931	0.4132	-1.1751	0.6020	0.4202	-0.3689	-0.2257	-0.6273	1.2834	1.6387	-0.1299	-0.6564	-2.2724	-0.8680	-1.2119	0.3910	-0.3331	-0.7012	1.2142	-0.7672	1.3287	-0.8096	0.0993	-0.6715	-1.0368	0.9715	0.0694	0.9548	0.8792	0.7239	-1.4396	-0.4919	-0.1525	-0.3031	-0.6267	-0.4286	0.2669	0.7686	-0.7157	-0.1678	1.4121	-1.0519
1.9134	-1.0701	1.3169	0.6658	-0.9781	0.8648	-0.9096	0.1970	-0.8510	-0.5858	-0.2457	0.1409	0.6046	0.9429	0.1353	-0.5412	0.8171	0.2464	1.1012	0.4093	0.5190	0.5622	0.1165	0.1649	-2.2515	-0.9846	0.5737	-0.9533	1.3977	0.7206	1.7086	0.4814	0.9944	-0.4263	-1.1389	0.2668	-1.3072	-0.2042	1.0345	-0.0134	0.7157	-1.0042	-0.3983	-0.4014	0.9620	-0.9400	-0.8279	0.1970	-1.1373	-0.3222
1.3616	-0.9918	-0.1285	-0.6570	0.4005	0.6606	0.8046	-0.1163	0.4740	2.2069	-0.3546	-0.2694	-0.6269	-1.3942	2.0747	-2.4362	-0.4477	1.5252	0.4066	0.9375	1.3520	0.8772	0.1038	-1.4420	0.6050	-0.2930	1.4619	-0.1924	-0.6172	0.5681	0.5041	0.4448	0.5194	-1.2095	-0.2293	-0.2648	-0.2509	-1.0943	1.2887	0.9934	0.0044	0.7556	-2.2533	0.1182	0.4954	0.5500	0.6075	0.2789	-2.7494	1.0092
0.1922	-0.3992	0.0908	-0.8745	-0.1893	-1.0588	-1.0184	-0.1631	-0.5348	0.3983	-0.0230	-0.2940	-2.2897	-1.5973	-0.4515	0.6595	1.0222	-1.0646	1.2142	0.4585	-0.4957	-0.8599	1.0671	-1.5334	0.8793	-0.8376	-0.5396	-0.8301	0.7318	0.7742	1.9338	-0.3694	-0.6277	-0.9143	0.1391	-0.1396	-0.4388	-0.8061	0.6853	-0.1888	-0.0744	0.0508	-1.7404	0.9176	0.2927	-0.7093	0.6083	-0.1583	-1.1396	-0.4031
0.4423	-1.7557	0.1996	1.4041	0.1290	-1.5031	0.8890	0.4627	0.2952	1.1467	1.0004	-0.3224	-1.0543	0.6002	-0.2230	-1.6098	-0.0583	-0.7540	-0.9372	-0.8855	0.1435	-0.3451	0.3574	0.9043	-1.3376	1.7486	-0.2338	1.5333	0.9657	-1.2027	-1.9671	0.0831	1.7093	0.4770	-0.3552	0.3229	-1.1052	0.0582	0.6143	-0.9254	0.0156	-0.3126	-2.3614	-0.4545	-0.4716	0.6746	-1.6797	-0.8497	0.4749	1.9752
-0.0796	-0.2818	1.6483	-1.5666	1.2107	-0.4461	-0.3827	0.9117	0.6075	-0.0912	1.6138	0.0772	0.5123	0.3630	-0.8854	0.1603	-0.8519	0.5955	-0.6275	-2.4344	0.2119	-0.3537	0.1368	-0.5949	0.2498	1.2697	0.8409	-0.1982	0.4172	1.6325	1.4508	0.1385	0.8975	1.1071	-0.5222	-0.2394	-0.2524	0.5246	0.1798	-0.0014	0.5574	0.2610	0.5361	-0.6868	1.3812	0.3259	1.2602	-1.5206	0.1451	0.4783
-0.3736	-1.5562	1.5467	-2.0116	0.9545	0.3563	1.7944	-1.1659	-2.8155	0.0967	-0.5917	0.9552	0.3609	-0.9934	-0.8937	1.2745	-0.6692	-0.0007	-1.1823	-0.2220	0.5052	0.7558	1.8998	0.8048	-1.0580	0.2784	-1.7991	-0.3400	1.2255	-2.0116	1.1367	-0.0885	0.7285	0.0810	0.7067	-0.8827	-1.2120	-0.2708	-1.2487	0.2176	-0.1265	-0.2254	1.0074	0.9869	-1.1052	0.4900	0.2976	-0.4403	-2.1151	0.7966
-1.1546	-1.5568	0.7961	1.7351	0.4188	0.0343	-1.1949	2.0171	1.0249	0.5372	0.0788	0.9214	0.1533	-1.1985	-0.9654	0.1067	0.8400	1.6394	1.8650	-0.2068	-0.6335	0.2574	1.1780	0.0028	1.5569	1.2650	-0.9403	0.2595	0.3608	-1.0159	0.4730	0.6196	-1.3269	1.4879	-1.5180	1.1071	1.0487	0.0661	1.2762	0.2814	-1.1061	-1.0731	-0.2371	1.9033	-2.4690	-0.5615	-0.7574	-0.2872	0.5929	0.1045
0.1009	-2.2217	-2.4110	0.6781	-0.1617	0.9080	0.0886	1.3589	0.7791	1.6569	1.1026	-1.1216	1.5108	0.8324	-0.6932	0.0331	0.2978	-0.3610	-0.1825	0.6118	-0.2664	1.4375	-0.5922	0.0214	-1.0209	-0.1878	-1.1975	0.3801	-0.0560	0.1947	0.5765	-1.0928	-0.7275	-0.7559	0.8609	0.5155	0.8901	1.1592	0.2372	0.4126	0.3394	1.7365	-0.2962	-0.4098	1.5949	0.2852	0.2380	-0.2823	1.0317	-0.9534
1.6666	-0.6947	0.2207	0.0668	-0.5259	-0.3000	0.9629	0.5426	-1.0841	-0.1154	0.1232	1.2207	-1.6787	0.2048	-0.5176	-1.3516	-2.3493	1.8571	-3.0107	-0.4668	-0.5244	-0.7627	0.1178	-1.4310	-0.2321	-0.1918	0.8322	1.1762	1.4143	0.3667	-0.2482	0.3054	0.6179	-1.2972	2.3324	-1.0775	-0.0584	-0.5149	0.1425	0.4220	0.3724	0.8712	1.5298	-0.8307	-0.8362	-0.9998	-0.6178	-0.1755	-1.0751	-0.3891
0.9528	0.4433	0.0989	-0.0710	1.6162	1.6327	0.3345	-0.2036	-0.8379	1.1090	-0.3852	-1.2650	-1.1370	0.2925	-0.1420	-0.1214	-1.0458	1.3110	0.7993	1.6524	0.0518	-1.6727	-0.1512	1.0089	-0.4611	0.8229	-0.0537	0.6359	-0.8199	-1.2923	-0.7133	-0.1688	-2.6790	0.7151	1.2334	0.5618	-0.2901	0.2940	-1.7389	1.6808	-0.3484	1.2203	-0.7724	-0.4454	-1.5026	-0.4907	0.0991	-0.6047	1.2041	0.4565
1.4640	2.5363	-1.3440	0.0648	1.0918	-0.9985	0.4696	1.1741	-0.1335	0.3402	-0.5296	-0.3728	0.0198	1.3813	1.4207	0.0253	-0.7229	-0.0044	-0.7935	-1.2014	-1.9306	0.2865	1.0282	1.0321	-0.3101	-0.1371	1.9142	-0.3046	-0.0234	1.1081	0.2861	-1.0410	0.1121	-0.3016	-0.7272	-2.2621	1.0526	-0.5862	-0.0192	0.1875	-0.1675	-1.1063	-0.4624	0.1186	-0.8961	0.4018	0.3014	0.6161	-0.8928	0.7072
0.0992	0.4951	-1.0233	0.8241	1.8367	-0.7959	-0.2356	1.5150	0.2931	-0.6780	0.1045	-0.3622	1.8812	2.0093	1.9420	1.2057	0.2393	-0.4415	0.9618	-0.6221	-1.0171	0.7570	-0.2395	0.3623	1.3042	0.9109	1.2953	-0.3737	0.1850	-2.2024	2.0786	0.5798	-0.3476	1.0847	0.7640	-0.3640	-0.5426	2.4550	0.1319	1.0755	-1.1704	-1.0485	0.0308	-0.3670	0.2438	1.5111	0.6024	-0.4446	-0.4670	1.1731
-1.4199	0.6065	0.5015	-1.6324	0.1325	1.2506	0.7997	1.8327	-1.4136	-0.1944	-2.4860	-0.1034	0.2311	0.3207	-0.3850	-0.6234	-1.9901	-0.3705	0.2233	1.7442	-0.1962	-1.5365	-3.2699	1.2204	0.2086	-0.2482	0.1386	-1.4666	1.2452	0.4952	0.3517	-0.6185	-2.2323	-0.5767	0.1247	0.7752	0.9473	-0.2406	-0.5788	-1.0573	0.3543	0.6398	-0.5032	0.4602	-0.8253	-1.1539	0.5234	-0.8801	-0.5164	1.3947
0.3924	-0.1020	-1.7735	-1.3470	1.4661	1.3236	-0.4345	-0.1809	-1.2103	-0.8249	1.0183	1.0356	1.3995	0.6785	0.4839	0.6045	1.6253	0.3274	-1.6608	-0.6996	-1.2311	0.5717	-2.0889	1.0917	0.8498	1.6324	-1.6769	-0.0116	0.0028	-1.1854	-0.5444	0.9468	-0.6699	0.7147	1.9782	-0.2183	0.0626	-1.1901	-0.1194	0.8835	-0.2652	-0.0509	-0.2271	-0.6549	-0.7643	0.0982	0.9223	0.2190	1.4390	-0.1349
1.5096	-1.2538	-0.3973	0.1933	-0.0547	0.3557	-0.5770	0.7268	-0.5114	1.9039	-0.2302	-2.1175	2.6638	-0.3750	-0.1351	0.3857	1.0505	0.5562	0.1312	1.0655	0.0310	-1.0514	-1.2775	1.1468	-1.1989	1.9703	-1.3070	0.0385	1.5703	2.1109	-0.9261	0.6458	-0.0531	-1.7647	-0.5587	1.5164	0.3176	0.7864	0.4972	-0.4821	0.6717	-0.5003	0.8148	0.3372	0.7092	1.1435	-0.3660	-1.2441	1.1111	1.0419
0.1444	-1.0811	-0.1257	-1.5625	-1.0732	0.4753	0.4793	-1.2200	-1.2993	1.0109	1.1191	0.7180	1.0273	0.3814	1.4333	-0.3674	2.8792	-0.7659	0.5557	-0.7342	-0.2151	0.3305	-2.3445	1.6415	0.1138	-0.0761	-1.6123	-0.0626	0.3378	-0.5821	0.7444	0.5834	-0.9901	-0.3092	1.0677	0.2191	-0.0136	-2.6686	0.5424	-0.3669	0.2629	-2.6353	1.3688	1.9851	-0.5266	1.0102	-0.6728	-0.1203	0.4240	0.3312
-1.0684	2.3818	-0.3399	-0.9730	-0.2137	0.7393	-0.5780	0.7183	0.2859	1.0200	-0.6602	0.6405	1.5354	-1.0212	0.1214	0.7486	0.1972	-0.8538	1.5394	0.5718	0.6377	0.6439	-0.1913	-0.1076	0.2967	0.0925	0.0917	-0.9480	0.2615	0.5286	-0.0227	1.0781	-0.8821	1.0159	-0.3714	1.1752	0.1190	0.1221	-1.7381	-0.0394	0.3042	1.7961	-0.7735	0.3159	-0.6362	-0.7575	-0.0313	0.6231	-0.0638	1.7920
-0.1263	-1.3897	0.9362	0.4135	1.4916	0.1642	0.7580	-1.0548	1.1497	1.2943	-0.1785	0.3868	1.0333	-0.0176	-1.0547	-0.1194	-1.2804	-0.0463	-1.8072	0.8191	-1.6820	0.8534	0.6585	-0.1106	0.6035	1.0574	1.5231	-0.7597	0.7067	0.2549	0.6599	0.0642	-0.5585	0.9104	-0.7161	-2.3289	1.6883	-0.0527	1.4935	-0.0216	-2.0684	-0.2209	0.3140	0.5409	-1.3538	1.1043	-0.5241	-0.6818	2.4879	0.3036
-1.0395	-1.1987	2.2643	-0.8264	-1.9377	-0.5109	-0.7746	1.1406	0.1057	-0.2957	0.0108	0.3650	-0.7057	0.9179	-1.0319	-0.4995	1.8121	-0.0785	0.2236	1.6612	0.3132	0.0707	-0.0437	-0.7191	0.4306	-0.5645	-0.7809	-1.3168	-0.0222	2.0085	0.6323	-0.3109	-0.0974	1.1148	0.7815	-1.2720	1.0736	0.4938	0.8133	-0.9649	0.2645	-1.0441	-1.0197	0.7311	-0.6631	-0.8315	-0.7266	-1.5222	-0.9488	-0.6072
-1.3174	1.1749	0.0319	1.2015	-0.3296	0.5031	1.4301	-0.4013	0.7224	2.2097	0.8973	-0.4020	-0.7963	1.3123	0.3699	-0.4242	-0.5874	-2.2474	1.9092	0.7263	0.1483	-1.3350	-0.1503	0.0284	-0.0227	0.3755	0.6491	1.4156	-0.1501	-0.5985	-1.4437	1.2611	0.8976	-1.2565	0.1511	0.4661	-0.8465	-0.5683	0.0669	-0.6237	-0.5599	-0.6837	2.8846	0.4230	1.4044	-0.9859	-0.9082	0.8529	-0.2214	0.7296
0.5535	-0.5937	1.5456	0.1066	-1.0384	-1.0368	0.8029	0.3975	-1.0509	-0.3914	-0.3213	-0.9375	0.6066	0.8291	0.0766	-0.5564	1.3388	0.7208	0.9385	-0.4102	-1.0860	-0.7178	-0.9671	0.5268	0.4134	-0.1108	-0.8645	-0.5687	-1.1448	1.0147	0.6697	-0.8687	-0.4916	0.7241	0.8506	-2.7403	1.2362	0.5315	-0.6724	-1.8759	0.2293	1.0429	-0.2576	0.6142	0.3603	-0.0603	-1.4763	-0.4034	0.7522	0.1247
0.6450	-0.6989	-0.5357	-2.7827	0.4955	-0.9392	-1.6816	-0.7325	0.5023	0.8324	-0.5448	0.1878	0.1163	1.6077	-0.5216	0.6319	-0.4078	-1.4805	-1.1112	-0.6120	-0.7802	0.2884	1.0434	0.0804	-1.0594	-1.1934	1.4989	2.5534	0.0462	0.0817	1.5840	-0.5282	0.6276	0.3506	-0.1374	-1.1315	-0.1566	-0.2170	-0.5481	1.3095	-1.2070	-0.7579	1.1578	-0.3645	0.8889	-0.3012	-0.3216	-0.0926	1.6341	-0.8843
-0.0247	0.9107	2.3739	-0.2123	-0.0446	-0.9359	1.6305	0.0404	-0.6802	0.7147	0.8937	1.6048	1.0316	0.6128	-0.4873	1.6007	0.3370	1.6067	0.1893	0.0001	0.3370	-1.3397	-1.3516	1.5763	1.1152	2.4437	0.0305	2.4020	-0.0360	0.0244	-0.9801	0.6743	-0.3463	0.2469	-0.0963	1.9221	-0.0279	-0.6179	-0.5127	0.1035	-0.0516	0.4301	-0.4601	-0.4087	-0.1645	0.7967	-0.1796	0.1284	-1.4551	0.1078
1.4333	0.3664	1.3994	-0.5213	0.4229	-0.3550	-1.6490	-0.0414	-1.8990	-0.2756	0.0984	0.9706	1.3701	-2.6108	0.3178	0.0306	0.0216	-0.1693	-0.8052	0.7641	1.2816	0.3209	-0.1618	0.9224	-0.9490	0.6705	0.8415	1.0663	-1.4190	-0.3076	1.8384	-0.8127	-0.6059	0.7877	0.1318	0.0612	0.2662	0.0337	-0.5018	-2.0281	-1.0216	-0.4852	0.5644	0.7327	-0.3156	0.3225	-1.1285	-0.8431	0.3617	1.8602
-0.6801	-2.1871	-0.5402	-0.9706	1.6314	-0.4385	-0.8810	0.2052	0.1428	-0.7921	-0.5962	0.2536	-0.6175	0.9872	-0.2650	1.2002	1.0046	-0.3287	-1.2551	0.0650	-0.4301	0.8497	0.3377	1.6698	-0.5264	0.2373	1.9743	-0.0043	1.2400	-0.4148	0.0536	-0.8906	-0.9660	-0.6500	-0.4200	-0.2037	0.1205	-1.8151	0.1350	-1.7839	0.7953	-0.0339	0.4807	-0.2448	-0.1370	-0.4236	-0.3019	-0.9727	-0.8278	-0.7198
1.1199	-1.0142	-1.6831	-1.0495	0.4801	0.8001	-0.3467	1.4044	0.6959	0.9243	-0.0040	0.7548	-1.3221	0.6339	1.7116	1.6538	0.5705	0.1879	1.0678	1.9036	2.7271	1.8334	-0.2019	0.5860	0.9708	-1.2129	-1.0923	-0.3764	-0.5010	-0.1431	0.6358	-0.8740	-0.5874	0.6801	1.1788	1.1318	0.0279	-2.0229	-0.5586	-1.5991	2.1218	1.3702	1.3590	-1.7573	0.1305	-0.4569	-0.3555	1.0374	-0.5480	-1.1969
-1.0584	0.6693	2.6750	-0.3835	0.6972	0.3221	0.0035	0.5894	0.9262	0.9868	1.1306	-0.3792	1.6012	0.2272	0.3810	-0.1148	1.3298	0.6340	-1.0974	-0.5324	-0.1586	0.9747	-0.3896	0.7874	-0.1580	-0.9421	-1.3639	0.4941	-0.8903	1.1486	0.8598	1.9170	0.1297	0.9532	0.2601	-0.5250	1.0689	-1.1232	-0.6823	-0.3296	-2.5412	-1.2080	2.0057	-1.5777	-1.1779	0.3678	0.2891	0.2399	0.4431	-0.6204
0.2761	-1.4357	1.0771	-0.5365	-0.7678	-0.4300	-1.0155	0.8558	1.1083	0.4819	-0.5807	0.7667	-1.0174	0.0047	-1.3003	-0.1632	1.7805	-0.3004	-1.3541	1.2970	-0.2183	-0.3808	-1.7149	0.7623	-1.8391	0.1332	-2.3488	1.2912	-0.5577	-1.6879	-0.2742	0.7067	-0.6520	2.2455	0.8530	0.9003	-0.6671	-0.1510	-0.5280	-1.7071	1.2020	0.8613	-0.1123	0.2395	0.9625	-1.2166	-1.5561	0.2183	0.7995	1.8393
-1.1263	-1.3294	-0.0594	0.3693	0.5365	-0.9357	-1.5679	-0.0084	0.3333	-0.0450	0.0174	0.9722	-0.3989	-1.3740	0.9075	-0.1800	0.7262	-1.5128	0.2392	-0.2927	0.4206	-0.0020	-0.0121	-0.6881	-1.0179	-1.0478	-1.3188	0.8569	0.2959	0.7174	-0.0535	-0.4420	-0.0384	0.2994	-0.5896	-0.5657	-0.8577	-1.0624	-0.4232	0.4123	1.5157	-1.3131	-2.3745	-1.1763	0.1254	-0.3766	0.0555	-0.3264	0.1476	-1.3905
-0.6013	-0.6227	-0.8891	-1.1870	0.4611	1.1728	1.4692	-0.0451	0.4737	-0.3683	-1.0254	-0.4943	-0.8568	-1.7177	-0.0721	0.1046	-0.4368	1.0399	1.5306	0.4172	-0.5989	1.3349	-1.1787	2.3922	-0.4297	-0.2426	0.4073	-0.8929	-0.2849	0.5092	-0.4746	-0.3704	0.5962	-0.6755	-0.0568	-2.3267	-0.7520	0.0985	0.9865	-0.0816	-0.3078	-0.4068	1.0667	-0.8511	-1.0667	-0.5857	0.7475	-0.4216	0.2537	0.8902
-0.0109	-1.2775	1.6955	-1.2511	0.6503	0.6566	0.5487	-0.5825	0.2398	-0.0964	-1.3391	0.2723	-0.9204	0.9016	0.8956	-2.1140	2.3487	1.4616	2.2897	0.6870	-0.0612	-1.9842	-0.4777	-1.6466	-1.0073	-2.3554	-0.0748	-1.8234	-0.2234	-0.5422	0.7972	-1.0582	-1.3088	-1.4032	-0.5969	-0.1220	-0.4344	0.4033	-1.8214	-0.9818	-0.3361	-0.9993	0.2954	1.1552	-0.8759	-0.1632	-1.3089	-1.4867	0.1671	2.4713
-0.8154	0.9815	-0.9003	-1.5740	-1.2987	-0.3215	-1.2104	-1.5867	-1.4013	-0.9871	-0.2112	0.2967	0.8085	-1.2507	0.6368	-0.3376	-1.5334	0.1522	-1.1502	-1.4524	-0.6294	1.8546	1.1937	0.9419	1.5957	-1.5910	0.7404	1.2282	1.1310	-2.1108	1.0921	-0.4607	-1.1648	-0.1492	0.1846	1.2813	0.1143	-0.2892	-3.0977	-1.1476	-0.0003	0.5250	0.2983	-1.0442	-0.3547	-0.6994	-0.3022	-1.0962	1.5981	-1.3967
-0.3733	-0.6549	0.7540	-0.2813	0.0666	0.1553	0.5306	-0.2464	0.5252	0.1749	-0.1822	-1.7262	1.6716	-2.5559	-0.4871	-1.2198	0.1210	-0.4411	-1.9162	1.6221	-0.1294	0.1693	1.2521	0.7458	1.2740	0.5765	-0.2182	-0.8530	0.7702	1.6818	-0.6108	-0.8208	-0.4490	0.5862	0.5069	0.4096	-0.4564	-1.6017	2.3246	1.7747	0.4921	0.9431	-0.6412	-0.0921	-1.1200	2.3560	-1.0660	-0.0363	0.5481	0.1686
-0.2341	0.2976	-0.2621	1.7262	-0.6159	-0.2804	-1.0307	-0.1957	-0.8992	0.2397	1.2715	-1.1120	0.3195	-0.2085	-0.2374	-0.7302	-0.3083	0.3082	0.4797	0.4406	0.1582	1.5745	0.7281	-0.8469	-2.4070	1.6678	-1.7349	0.6594	1.7237	0.7163	-0.2878	0.8460	0.7381	0.1729	-1.3965	-0.1527	1.4186	1.1760	-0.8164	-1.2302	-0.1229	-0.5115	0.3596	1.7510	1.4778	0.2334	-1.6029	1.6670	-0.2410	-1.2766
0.1981	0.9983	0.4466	-0.0346	0.3851	-0.2647	2.2684	-1.0582	0.2316	-0.4400	-0.1955	-0.0885	0.2602	-1.0281	1.6853	-0.3185	0.9130	-0.3902	-1.4890	-0.9688	-0.1077	-0.9654	0.8422	-0.5415	0.1172	-0.9938	-0.4738	-0.0034	0.4266	1.1363	0.0158	-1.0289	-1.7051	-1.6671	0.3788	-0.3879	1.3825	-0.1903	1.0510	0.2110	1.2613	-0.0031	-0.6143	-0.6660	-1.0457	-1.3778	-0.5949	-0.0652	0.5266	-0.1217
-0.7524	-0.4804	-0.5500	0.8537	0.3949	1.4742	-2.3230	-0.1170	0.3149	-0.6623	-0.0406	-1.0113	-0.5418	-0.0640	-0.6869	-0.7665	0.6192	-0.7225	0.3202	-0.0079	-0.0519	-1.6772	0.8165	0.2136	-1.3030	1.6004	-1.5234	0.2959	0.1285	-0.3111	-0.5753	-0.2586	-0.0018	0.4268	-0.2689	-0.3932	0.3189	1.2889	0.9780	0.9905	-0.7164	-2.7023	-0.6689	1.5050	-0.0817	0.4912	-1.2964	1.0321	-0.2541	0.3082
0.0250	-1.0198	-0.7985	-0.2668	-0.4813	0.6713	-1.9976	1.4405	2.0389	0.6183	-1.8616	-0.6021	0.7002	-1.4895	-0.3810	0.8325	2.7863	1.7489	-0.2237	-2.2305	-1.4759	-0.8408	-0.3358	-0.6998	0.4405	1.7474	-0.8001	0.9900	0.5536	-0.9040	0.6510	0.6036	0.0641	0.4030	0.1200	-0.5516	-1.0144	1.5590	0.1685	-2.0011	2.3224	0.6877	0.1241	0.6016	0.1705	-0.4018	0.9270	0.0349	2.7599	-1.0589
1.5157	1.9376	0.2358	-1.6277	-1.1243	-0.9507	0.4396	0.2067	-1.0277	-0.6264	-1.4971	1.0424	-0.3308	-0.6484	-0.6583	0.6537	2.0605	0.4298	0.9606	-0.4116	-0.8799	0.4549	0.6468	-1.1539	-2.0751	2.4302	0.0902	-0.5057	-0.0864	0.3950	0.7216	-0.8549	-1.2572	-0.0764	0.1967	-0.7724	0.2820	-0.3960	-1.7189	-1.3029	-0.7652	-0.1716	-0.7378	-0.5318	1.7917	1.5742	-0.5807	-0.5590	0.6471	-1.7846
-0.7264	-0.8604	0.3669	0.9550	-2.0325	0.4879	0.0977	2.2235	-1.4244	-0.0859	-1.8408	-1.0756	-0.6330	0.7124	-2.0115	-0.2035	-0.6642	1.6631	-1.4065	-0.2848	-0.9501	2.6731	-0.7620	-0.4263	2.0098	-1.2946	0.6452	-1.9712	-0.5467	0.0612	2.1705	1.7381	-0.6786	-0.2072	-0.0084	-0.6297	0.4881	2.2980	0.1447	-0.2983	0.0720	-0.2650	0.0491	0.0506	-0.6331	-2.1304	0.2600	1.8487	-0.2238	0.4267
1.6182	-1.4526	-1.5177	-0.3470	-0.5428	-0.7288	-1.0216	1.1774	1.3027	-0.5203	-1.1257	0.1623	1.0405	-0.5918	0.4605	0.4582	1.2624	-1.0789	0.7030	0.0128	-0.4222	-0.4771	-1.0746	1.3702	-1.0140	-0.3921	0.0108	-1.0995	-1.2830	0.8610	-1.6458	2.9342	-0.6059	1.3732	-0.8629	0.9690	-1.4664	0.9468	-1.3107	-0.3255	-1.1881	1.2606	1.2413	-0.2544	0.4148	0.1476	0.5874	1.4902	-1.0727	-0.3313
1.2152	1.0474	0.0975	-0.0343	0.9204	-1.3468	-1.8075	0.0483	0.3412	0.1679	-0.1704	-0.0329	-0.3472	1.4526	-0.2711	0.7799	0.0436	-0.3785	0.8746	-1.3767	-0.2283	-0.7864	-1.1624	-1.7988	-0.8164	-1.6629	-0.4107	1.5522	2.0579	-1.2823	-0.7928	0.4237	-0.8249	0.4006	-0.2248	-1.3629	0.4517	-0.3943	-1.4229	1.0553	-0.4158	-1.3948	-2.1174	0.4994	-0.7498	0.8546	-0.9593	0.0089	0.6062	2.9044
0.1273	-0.6969	0.3696	-1.1823	0.1824	-0.2437	0.5189	0.4310	0.0886	-0.4823	1.2765	0.5992	-0.8600	-1.0505	-0.3299	-0.7384	-0.0295	0.9905	-0.3994	0.6911	0.7683	-1.2337	-0.4764	0.2867	1.5690	1.8496	1.2859	-1.0963	-0.5925	0.9168	-0.8568	-0.0839	0.5952	-0.4143	0.0932	-2.1400	-2.2589	-1.2432	-0.6305	1.4059	-0.6719	-0.3484	-1.0540	-0.1395	1.0699	0.5782	-0.8853	-2.1299	0.8037	-2.1249
-0.3770	-0.3929	-0.2355	-0.5983	-0.3364	0.3417	2.0350	-0.6930	0.2101	-0.1665	0.9255	-0.1997	-2.3741	-0.5363	-2.6994	-0.2344	1.0990	0.1504	-0.9073	0.2877	0.6628	-2.2510	-1.1748	-1.8367	0.6581	-0.0883	0.0219	-0.0677	-0.4782	1.2833	-0.7418	-1.3374	0.7865	-1.2387	-1.0799	-0.3504	-0.2224	-0.9500	0.2171	-0.4118	0.5882	0.5367	0.5746	-0.1567	-0.3372	1.6007	-0.5867	-0.2516	0.0238	0.9608
-0.4737	0.0592	-0.0496	0.6381	-0.6474	-0.4325	-0.2719	-0.6270	-0.1589	-0.8810	-1.3184	1.2097	-1.6199	0.5254	0.4171	-0.4369	-0.8988	-0.0041	-0.6168	0.3670	0.9951	-0.1680	0.0541	-0.0136	1.8307	1.3966	0.3677	-0.1028	-0.9422	-0.4381	0.1200	1.1984	0.7585	-0.9883	-0.1020	0.6523	1.6426	0.6176	0.1999	0.8455	-1.3197	-0.2829	-1.4939	-1.9108	-0.6465	2.0817	-0.8872	-0.0862	-0.1609	-0.5177
0.1381	-0.4478	-0.5358	-0.3427	1.0059	-0.2617	-1.7710	0.3535	1.3194	-0.0657	0.3877	-1.5565	0.1202	1.1691	0.0547	0.0905	-0.3866	0.4741	0.1058	-0.0218	-0.0672	-0.2759	0.4551	-0.5548	2.0708	0.3903	0.1660	-1.0896	1.7079	-1.3275	-0.3559	0.1754	-0.5818	-0.4705	0.4510	-0.2224	-0.0119	-0.6761	0.1074	-0.6097	-1.6554	1.1755	-1.1854	-0.0625	0.6268	-0.2609	0.0593	-0.2188	0.0060	0.0693
-1.0799	0.2081	-0.7723	-2.1965	-0.1804	1.0656	0.5277	0.7969	0.1188	-1.4826	-1.6543	-1.2405	-0.5333	-0.2823	0.1912	-0.0319	1.7048	-1.5899	0.2869	-0.8518	-0.1460	-0.4693	0.4479	-0.9746	-0.2591	-1.0183	1.3990	1.6832	-0.2640	-0.4437	1.0799	-0.1778	0.5884	0.5184	0.3149	-2.8597	-0.8741	1.5400	-0.8962	0.2180	0.8225	0.5071	0.6617	-0.8688	0.5928	0.2377	0.7282	-0.3014	-0.0863	0.0840
0.5096	-0.4835	0.6388	0.2254	-2.1862	0.3242	0.4546	1.4821	-0.3298	0.1712	1.0516	0.6010	-0.3126	-0.6551	0.3268	-0.9937	0.2888	0.6382	-1.1568	0.2567	0.4979	0.4471	0.6857	0.3323	0.6809	0.1346	0.0183	0.3180	-0.1145	-0.1317	-0.3335	-0.7524	-1.1315	-2.4892	-1.1888	1.2530	0.2119	2.0936	-0.2878	-0.2856	-0.8356	0.9026	-0.1346	0.1213	0.7099	0.9737	0.1962	-0.4678	-0.8534	-0.6816
-0.1380	-0.9330	-1.1023	-0.7310	0.5200	-0.6962	-0.3692	0.8530	0.5966	0.5926	-0.1546	0.8082	0.8111	-1.2196	0.0473	0.4569	1.6644	-0.7378	0.6444	2.3803	-0.1477	0.8269	-0.5962	0.6974	0.1875	0.6488	-0.0934	-1.0325	0.5149	0.0184	-0.8815	0.4251	-0.9045	0.8733	-0.5609	0.5547	-0.3923	-0.2646	-0.1033	-1.9465	0.9098	-1.2302	-0.5871	0.0490	0.7383	-0.2765	-0.7367	-0.6455	2.0833	-1.2962
1.2550	1.5310	0.7501	2.0224	0.5442	0.1719	1.1337	0.6220	-0.4598	-0.5965	1.4732	0.2204	0.7715	2.2336	0.8105	1.4456	-0.9337	0.2125	0.3989	-1.3294	-0.3251	-0.0202	0.8144	-1.0708	1.7489	-0.2553	-0.5042	0.0236	0.3601	0.1162	0.3285	0.5055	0.4047	2.7256	0.1645	0.4671	-0.8895	-0.5226	-0.4521	0.6918	-0.8214	0.8430	-1.0601	0.1459	0.1953	1.1164	1.3924	-0.7947	0.7515	-0.5060
-2.2048	-0.6805	-2.1842	0.8157	-1.2000	0.8288	-0.2369	0.8449	2.4648	0.3160	1.5802	-0.9992	-0.3477	-0.4931	0.2042	0.1931	1.7745	1.7507	-0.8583	-0.8465	-0.0600	1.1828	-0.1401	-0.1720	0.3284	-0.2201	-0.1172	-1.0318	1.3015	-1.1082	-1.6477	1.1919	0.0585	-0.0908	0.1632	0.3243	-1.3164	-0.3245	0.1356	0.7426	-1.2034	-0.9632	1.3137	1.7724	0.1388	-0.4772	0.3004	-2.2531	-0.9051	1.3538
1.3277	0.2170	-0.5555	0.9165	-0.5592	-1.5368	1.2736	-0.3220	0.8090	-0.5290	0.2760	-1.1770	0.8216	1.0866	-0.3260	0.6417	-0.0174	-0.3249	-0.5957	-0.3385	-1.4886	1.1070	0.2841	0.1282	-0.3359	0.8017	-1.0309	0.2033	-1.3820	0.3546	-2.8966	0.4964	-0.3247	-0.7687	-0.6784	-0.8018	-0.6839	-0.9561	-0.2411	-0.9747	-0.1631	1.3807	-1.4529	1.1068	-1.0231	-0.2511	0.9074	-0.5436	1.4136	-0.9882
0.6221	0.4358	0.2135	0.2888	0.9599	0.7881	0.5163	0.4618	0.8919	1.2660	-0.5053	0.7760	-2.1705	-0.1721	0.8391	-0.5467	-1.3195	1.3849	1.2432	0.4698	-0.0369	1.0037	-0.3748	0.5487	1.8734	1.2171	-1.0186	0.1293	0.9607	-0.3299	0.4530	-0.3230	0.4600	1.1783	-0.3404	1.1841	-0.1850	0.2449	-1.1623	0.1015	-1.8104	0.2988	-0.6387	-1.5569	1.6515	-0.2548	-0.7354	-0.4178	-0.9191	0.0372
1.1796	-0.0182	-0.3443	-0.1515	0.2407	2.8643	-0.3812	-0.0481	-0.7232	0.6424	2.1142	0.1503	-0.0718	-1.3133	0.1381	0.7972	0.3896	-0.5368	1.3686	0.5205	0.7761	-0.7936	1.3531	-0.0988	-0.7094	-0.9593	-1.9098	0.2400	-1.1849	-0.9097	-0.2381	-0.3415	0.0762	-2.7693	1.5253	1.1086	0.4477	1.6743	-1.0281	1.2104	-0.9409	0.7974	-0.6299	1.0835	1.1393	-0.0326	-0.5900	0.5120	-0.2223	1.2794
-1.0694	1.2282	-0.7062	-1.0091	-0.0456	-1.6937	0.6674	0.8437	-1.1253	-0.9368	0.5034	0.9422	-0.8570	-0.2126	-0.0843	-0.0960	1.2500	-1.9600	0.0100	-0.2651	1.0774	0.4331	-0.5812	0.4721	-0.1364	0.7384	-0.2769	0.4336	-0.7790	0.2151	1.2057	-0.9932	2.0165	-1.5653	-0.7517	1.0795	-1.7588	-0.7447	0.8660	-0.4192	1.2919	-0.3419	0.1700	1.0950	0.9025	-0.0654	1.3503	0.7147	-0.7575	-1.3670
0.1298	0.8393	0.4665	0.6479	2.3359	1.0919	-0.8686	-1.6503	-1.0066	-0.1268	0.5416	-1.3329	0.6204	-0.5783	-0.4742	-0.0287	-0.2382	0.0230	0.7175	-1.0307	1.0013	0.7030	-1.1738	0.9052	0.1541	-0.0649	-0.6510	-0.3174	-0.8661	1.2903	-2.1817	0.2681	1.3911	0.4523	0.2043	-0.2985	-0.8850	-0.5906	0.8559	-0.9904	1.2226	0.1897	-0.1219	-1.0537	1.0773	-1.7424	-1.0151	-2.5117	1.2179	0.0842
-0.3964	-0.1315	1.4114	-0.2554	-1.6492	2.2628	0.6965	0.5189	-1.1867	0.0383	-0.6662	0.5731	-0.1264	-0.0271	0.2352	1.2876	0.1955	1.1746	-1.7124	1.8711	-1.6605	-0.0477	1.1732	1.2410	-0.8743	-1.0079	-0.6834	-0.4556	0.3246	0.0381	1.0387	0.1306	-1.2602	0.4530	0.9775	-0.5103	1.8537	-0.5208	-0.7351	0.3089	1.6805	1.6764	-0.4593	-1.9529	0.5643	-0.6632	1.5570	0.4753	-1.2125	0.7128
0.6195	-0.8834	-0.0194	0.9925	2.1264	1.3839	-0.5666	-0.5246	-0.4082	-0.9585	0.4350	1.5728	0.1685	-0.1625	-0.0648	0.8902	1.2987	-1.5867	0.8033	-1.7331	-0.4465	0.9883	1.7369	1.8271	-0.9587	0.3292	1.0483	-1.2032	-0.0603	-1.0592	-0.6151	0.8254	-0.0837	-1.1172	0.6063	1.0953	0.9584	0.3058	-0.6716	-0.3260	0.1266	-0.5797	1.1851	-0.3786	-1.3483	-0.6854	-1.5963	-0.3326	-1.3008	-0.2310
1.0753	-0.1144	0.6544	-2.4058	0.4824	-1.1657	0.9579	-0.4670	-0.3525	0.2251	0.2759	1.8616	-0.6889	-1.3973	0.2842	0.0386	0.0597	-0.2602	-0.8729	-0.3865	-0.2700	-2.1381	0.8659	0.6132	0.9808	-1.4600	-1.3157	1.5946	-0.4123	2.2362	-1.2014	-1.5050	0.2020	-0.0857	-0.4755	1.9111	-1.2466	0.1249	-1.3435	-1.0352	-0.6476	-0.7372	0.5270	1.3755	-0.9147	0.3152	0.7198	1.0084	-0.5227	-0.0374
-0.6673	0.4002	-0.6876	1.2506	1.4858	0.4192	-1.7998	-0.9925	0.2399	0.6903	-1.8377	-0.3371	-0.2036	1.1832	0.3803	-1.7494	-1.2321	-0.4686	0.4297	-0.5016	-0.8974	0.6762	-0.5913	-0.4057	-0.6199	0.3089	0.6583	0.0950	0.1555	0.4166	-2.0097	0.0930	-0.2414	0.2783	-1.1165	0.2633	0.5003	0.3100	0.2444	0.1283	0.2255	1.8131	-0.3101	0.9697	-1.5971	0.4000	0.9972	-0.3889	-0.7857	0.2722
0.3204	1.6365	1.6388	-0.2829	0.6750	-0.5008	-1.2611	-0.4259	0.5627	-0.8348	-1.7997	-0.1760	0.6372	0.9904	-1.2297	-2.3662	-0.0666	-0.0985	0.5522	-0.5398	-0.1630	-0.0868	2.0047	-0.1039	0.0258	-1.6938	0.8222	1.1335	0.0354	-1.4459	-1.1843	-1.5157	-0.2436	0.7479	-1.2077	0.5578	0.5280	-0.4110	0.5945	0.7793	-0.9809	2.0992	0.3810	-0.5199	-0.4457	0.1282	0.9483	-1.1347	0.6356	1.0938
0.4951	1.2911	0.5840	-0.1692	0.3830	-0.2582	1.9876	-0.4696	0.3581	-1.7368	-2.2803	1.2647	0.0112	0.4283	-0.2102	-0.9269	0.6106	-0.0090	-0.3717	0.9901	-2.2103	0.0325	0.0341	1.9311	0.3108	-0.8229	1.0174	0.8507	1.5746	-0.9200	-0.5854	1.0986	-1.0946	0.3563	0.3762	-1.4645	-1.3877	1.4939	0.0612	-0.5995	-1.5847	0.0858	1.0057	-0.9952	-0.7272	0.6363	0.6359	0.4676	-0.4584	-0.3054
-1.8683	0.3088	0.4825	0.2246	-0.1778	-0.9131	1.3458	-1.0312	0.5770	0.5968	-0.3528	0.3031	0.9333	-0.2188	-0.1274	-0.9914	-0.1086	0.0408	-0.6050	0.0148	0.4936	-0.7528	0.5144	0.1501	0.6453	0.2277	0.0289	-0.8521	-1.5209	-0.8973	0.6981	0.4513	-0.5825	-0.3256	0.8119	1.3159	0.8335	1.8725	0.7062	-0.0634	0.8856	-0.5779	0.0904	0.1739	-3.1719	0.0099	-0.1589	-0.9932	-2.8058	0.1323
-0.7713	-0.9671	-1.3099	0.0053	0.0890	-0.7923	0.1812	0.6958	0.1588	0.0227	-1.5494	-2.3942	0.8716	-0.8814	1.8611	0.8343	0.7530	0.3147	1.0458	-1.1901	-1.0166	1.5860	-0.0489	-1.0754	0.1677	1.0815	-0.7367	-0.3761	0.0769	1.0997	-0.1931	-1.2635	-1.3647	-0.3810	-0.0400	-1.5435	0.7757	-0.6755	-0.7413	1.3236	1.1446	0.5630	1.6039	-2.1444	0.4396	-0.8492	-0.1292	0.1298	-0.2597	0.2160
0.7511	-1.3731	-1.2654	1.2021	-2.6580	0.8639	-0.8536	-0.3367	-0.0237	0.6451	-0.7412	-1.0815	0.5816	-0.7822	0.5030	-0.1170	0.7265	-0.6931	0.9463	2.0351	-1.8729	-0.3185	-0.9805	0.4242	-0.6410	-1.1081	0.7220	0.9979	0.0526	-1.1765	-0.7454	1.2360	-0.0828	-1.3812	-1.0854	-0.3952	-0.3168	1.2320	0.2555	0.4715	-0.0282	-0.6741	1.2684	0.1447	0.2774	-0.6179	-1.4275	-0.0233	-0.9394	0.5138
-0.1126	0.1519	0.8849	0.8940	0.0553	-1.0051	1.0238	1.1006	0.7847	-0.7739	1.4401	-0.5188	-1.7572	0.1422	0.4624	0.0530	0.0614	-0.4745	-0.5167	0.8775	-0.4158	1.7096	1.3398	-0.9229	-1.7517	-0.2924	-0.2532	-0.6752	1.1171	0.3375	0.7410	-1.3064	1.2657	-0.3856	-0.6175	-0.2701	-1.1635	-0.1458	0.0306	0.4721	-1.7370	-0.9829	1.2615	-0.7940	-0.4866	0.3853	0.6197	-0.8299	0.5854	-0.8049
-0.0437	0.6525	-1.2645	0.1416	0.0290	0.3139	1.1550	0.0952	-0.0774	0.0484	0.5655	0.3554	-0.2305	1.0343	-1.0802	-0.5468	0.6155	-0.1866	0.6757	-0.0488	0.3823	1.1759	-1.2188	-1.6951	-0.4296	1.1723	-0.5252	-0.6637	-0.6905	-1.0135	0.3911	-0.3061	-0.2664	0.2121	-0.1847	-0.1712	0.3605	-0.3974	-0.4397	-0.4854	-0.3018	-1.2912	-0.9597	-0.3056	2.2573	-1.0659	-1.3079	-1.1821	-0.2016	0.5322
0.5249	-0.2168	-0.1622	-0.0121	-0.8237	-1.3493	-1.7569	0.5317	1.0460	1.3846	1.8422	0.3935	-0.5425	-1.5705	-0.0449	0.4495	1.4799	0.0131	-1.3954	2.4762	0.6965	-0.0289	-1.3855	-0.2164	0.4892	0.9945	-0.9012	-0.3399	-0.4351	0.7967	-0.1456	-1.0240	0.1303	0.2405	1.0432	1.2264	-2.2435	1.6180	0.6527	-2.3373	-1.5944	-0.4875	-0.3312	-0.7608	0.0731	0.5060	0.1482	0.3583	-1.9453	-0.4951
1.2581	-0.1698	0.1250	-0.3597	-0.5587	-0.1269	0.3370	0.7038	1.2588	1.0621	-0.0478	0.0225	-0.1500	-1.0564	0.2794	0.0919	0.5713	0.1590	-1.6767	0.7757	-0.6984	0.3410	1.6703	-0.2810	-1.2100	1.4913	-2.1170	0.1700	-0.4146	-1.6221	0.4872	-1.0764	0.2073	-1.5128	-0.5563	0.1205	-1.0479	-1.1633	-1.0726	0.2885	0.0454	-0.6213	-1.9886	-0.9838	-0.3547	-0.0709	-0.3422	-0.6032	-0.8298	-0.0523
0.1122	-0.1344	0.3701	0.1789	1.0520	0.7503	1.0814	1.3818	-0.2928	-0.2175	0.1824	-0.0333	-0.4998	0.9829	0.9637	-0.5856	-0.1696	0.4199	0.5888	0.4937	-0.0875	-0.4912	-0.2874	-1.4327	-0.2290	-0.2147	-0.0518	-0.1588	-2.1578	-1.8349	0.2525	-1.0097	-0.2768	-0.4740	-1.2495	0.3217	1.6806	0.1979	-0.4263	-0.0039	-0.4363	-0.4290	-1.2333	-0.8210	-0.7022	0.7568	0.5192	-0.6299	1.4019	-0.6267
0.2396	1.7054	-0.8692	-0.1007	-0.5979	-0.0030	1.0263	-0.4795	-0.2421	-1.1386	0.7779	0.1028	1.8729	-0.7225	2.4681	-0.4553	0.4820	0.2955	-0.8156	-0.5952	-0.0859	-0.5980	2.0809	-1.1397	0.2865	-0.7077	-0.7444	0.0810	0.6669	-0.0444	-0.3081	0.5389	-1.0272	-0.0194	0.0275	1.8128	0.9808	2.3700	0.2640	0.6058	-0.3075	-0.8127	-0.0957	1.6492	0.7023	1.1685	0.2716	0.5615	1.4630	-1.7142
0.3423	0.4575	-0.4175	0.1176	-1.5241	1.8606	0.7908	0.0956	1.1765	1.5578	-1.0748	0.4807	1.2987	0.0066	2.2368	0.1841	-0.6083	0.2960	-1.5915	-0.9505	-0.8904	0.2820	0.2103	0.4710	-0.3975	-1.4032	0.5474	-0.9346	0.7288	1.3306	-0.6980	0.0006	-0.3457	-0.6356	1.9085	0.3115	-0.7747	0.6012	-0.6215	-1.0643	-0.0756	0.3375	0.7996	0.8448	-1.3629	0.9784	1.8854	-0.6585	0.9257	-0.7048
0.1484	0.3048	0.0926	1.2533	0.5241	0.2687	0.4054	0.0635	0.7388	2.7102	-0.2930	-1.7818	-1.1187	-0.2921	1.1750	0.3507	-0.2357	0.2378	0.4167	0.3013	0.4363	-0.4631	1.0226	-0.4521	-1.2880	-0.3521	1.3755	0.9894	-2.4636	-1.0245	-0.5393	0.7543	0.8799	1.2522	1.6452	0.0281	2.0992	0.9255	0.4863	-0.8064	-1.3348	0.1070	-0.7068	-0.9906	0.5888	-0.3273	0.5910	1.0500	2.0195	0.4684
1.1430	-0.5679	-1.0275	1.1880	0.5222	-0.1183	2.1498	1.0079	-0.0578	0.0103	-1.2765	-0.7819	0.1404	0.9323	1.5102	-0.0894	-0.4212	-1.1125	1.0097	-0.8660	-0.4327	0.8809	-0.7871	2.2943	1.3890	-1.2123	-0.9404	0.6957	1.4071	-0.4119	-0.6458	0.4525	1.4965	1.4799	-0.1626	0.4045	-0.2416	1.8010	-0.0768	-1.1831	0.9771	-0.7823	1.6454	0.1522	-0.0363	0.4408	-0.6629	-0.4525	-0.7159	-0.5155
0.0095	-1.4964	-1.2049	-0.6079	-1.6998	-0.6074	-0.7436	-0.6349	2.0963	-0.5509	-0.5981	2.6500	0.2061	-0.9182	-0.3115	-0.9412	-0.3674	-0.5657	0.9077	-0.6195	-0.2086	-0.7364	-0.7048	-0.7258	0.4250	-1.5328	0.8609	0.4360	1.0290	-0.7701	2.1032	0.7499	0.2059	1.9743	0.1349	0.6004	0.3165	0.6981	-0.8087	-0.1481	0.5705	-0.0330	-0.5352	-0.1100	-0.9241	-0.0381	-0.6009	0.0149	0.0344	1.9320
0.8990	-0.5429	-1.9974	-0.3054	0.3629	-0.6028	0.6544	0.7001	0.9907	-0.6198	0.4601	-0.0067	0.8059	0.0905	0.0476	0.3072	1.6982	-0.1650	1.5528	-1.1718	0.0853	-0.4477	-0.6310	-1.2688	-0.4368	-0.7059	0.6718	2.5600	-1.2885	0.0774	1.1159	-1.1944	-0.5561	1.1001	-0.2941	-0.4574	-0.7705	-0.0699	-1.6021	0.4251	-1.2968	0.2193	0.1560	-0.7188	-0.0266	-1.5934	0.2505	1.9617	0.1553	0.8901
0.4218	-0.3940	0.2673	-0.2383	0.8740	-0.5300	-0.5119	-0.5088	-0.0165	0.1045	-0.0423	1.1307	-2.3945	0.6306	-0.1527	0.2879	2.6552	0.8926	-0.3277	-0.1552	1.0160	1.2815	0.3598	-1.0917	1.0577	-0.9294	-0.0994	0.6425	0.1155	-1.1571	-0.0043	0.1609	0.6605	-0.0863	0.5191	-0.5951	-0.3206	0.1529	-0.5909	1.1046	2.1124	0.3171	0.7053	0.1058	-0.7450	-0.1257	0.4831	-0.4863	-0.7554	2.3066
-0.9240	-0.3709	1.0048	-2.4748	-0.5167	0.6510	-0.4895	-0.1041	-2.1151	0.3391	-1.0207	-0.1997	0.7486	0.5416	0.1877	-0.6903	-1.6583	0.3726	-0.8047	0.2778	0.0474	-2.1145	-0.0341	0.8230	2.0359	-0.2462	1.2816	-1.0242	-0.6224	2.2901	0.1790	-1.1110	-0.5659	1.0339	0.5361	0.6865	0.4378	1.0207	-1.3672	-0.3004	-0.1788	0.5301	-0.4407	-0.5291	0.6527	-0.0127	0.9016	-0.5285	-0.7802	-0.1204
-1.2658	-0.7449	1.4672	-0.0355	1.0995	0.8267	0.4533	-0.0208	-0.7811	0.0298	0.8147	0.1458	0.9073	-0.1633	-0.7821	0.2503	-1.1512	0.2382	0.4840	1.3122	1.1008	-0.0644	0.4559	-0.1554	-2.1981	1.3817	-0.4210	-0.9243	-0.7913	-0.4741	-0.9812	0.8326	-0.4617	0.9944	-0.9243	0.5548	-1.9032	-1.4959	-1.5184	-0.4048	-0.5187	-1.4506	-0.3021	-0.8418	-0.6208	-1.3370	1.0047	0.0066	-0.3063	-0.3404
-0.3295	-0.0868	0.9424	-0.2470	-1.4399	1.5141	1.7309	1.4576	-0.7511	-0.3003	1.9516	-0.1862	0.2977	-0.7125	0.2535	-0.4540	0.2004	0.7526	-0.1620	0.3222	0.6548	-0.2799	0.9914	1.6632	-0.9806	0.1921	1.4159	-0.8069	-0.1085	0.0549	0.5671	-0.6623	1.1024	-0.3811	-0.2822	-0.3641	-0.7107	-0.1319	0.0517	-0.3603	-0.9292	-0.0533	-1.1261	0.1726	0.7383	-0.9102	-0.7399	0.7663	-0.7706	-1.3162
-0.6772	-1.5906	-0.7373	-0.2497	-0.0728	-0.8376	-2.9700	-0.3924	-0.4507	3.1333	0.3960	0.1274	0.9158	1.3861	0.4852	1.0679	0.1974	0.1502	-0.4984	-1.5149	-0.6739	-1.3154	-0.4334	0.7330	-0.5584	-0.0718	-1.1879	-0.2840	0.7146	-1.2232	-0.5351	0.3357	-0.4459	-1.6083	-0.9525	-1.7574	-0.6373	0.4058	-0.0645	0.3239	-0.5346	-1.3230	-0.1857	0.1725	-1.1023	-1.0634	0.6194	0.7098	0.9190	-1.1882
-0.2461	0.8185	1.0453	0.4748	0.5577	-0.8266	0.1854	0.6601	0.9695	1.3863	0.2712	0.0712	-0.0330	-0.6875	1.5197	0.5053	-0.7538	-0.5145	0.1560	1.0207	-0.4829	-0.3389	0.4799	-0.6835	0.4466	1.1670	2.4308	0.9674	-0.9378	-0.1720	-0.2580	0.3323	0.6301	-0.7643	-0.1870	-0.0007	0.0475	1.3526	-1.1376	0.7880	-1.1673	-1.5240	-0.1437	1.5819	0.3624	1.2646	-0.4386	-0.3038	-1.1258	-0.7785
-0.2939	0.2027	-0.5784	0.2320	0.0506	0.7609	-0.5226	0.7542	0.1720	1.4928	0.9503	0.6222	-0.2910	0.3113	1.0059	-1.4954	0.8748	-2.4659	-0.8392	0.7153	-0.5945	0.2587	-0.8714	-0.9138	-0.9508	-0.0917	-0.4880	1.7811	1.4827	-0.7199	1.6761	-1.3079	0.6753	0.3327	0.7250	2.2557	0.8493	-0.3461	0.5823	0.2083	1.2260	-1.4008	-0.4423	-1.8408	-0.4935	-1.5524	-0.7876	1.3733	0.1937	-0.0217
-0.0573	0.4448	1.4644	0.2733	-0.0636	-1.6690	-1.6473	-0.5512	-1.0618	0.4758	1.6599	0.1353	-1.9743	0.4256	0.2194	-0.2002	-1.3452	-0.8802	-0.3870	1.0899	2.1220	1.9867	0.3958	0.3864	-0.3458	-0.7330	-0.5425	-0.8102	0.8922	0.4052	-0.7745	1.5184	-0.4630	-1.0500	0.9685	-2.0178	0.5254	0.7668	-0.7838	0.5790	-0.6249	0.2321	-0.1132	0.0486	0.4789	-0.2335	0.7482	1.1408	1.5434	1.4893
0.0721	0.0167	0.1832	-0.5442	1.2022	-0.5831	-0.3625	-1.4347	0.3696	-0.0071	-1.8234	-1.5605	1.0951	-0.9018	0.4567	1.3329	0.8869	0.3664	0.6718	-0.2379	-1.1884	0.1677	0.0590	0.9988	1.2698	0.4996	0.9672	0.7571	2.7615	0.3993	1.1988	-0.9519	0.2888	-1.1907	-1.7817	-0.1125	2.1033	-0.5035	0.6968	2.1352	-0.4445	0.1091	-1.0892	-0.5438	-0.6393	0.3632	-1.1817	0.9875	1.4889	1.6912
-0.4286	1.4682	-1.0981	1.1071	-0.5799	-0.3235	0.0664	2.0232	-0.1535	-0.0369	0.6344	-0.0230	-1.1556	-0.4349	-1.1463	0.2848	0.5879	0.8628	-1.6804	-1.6035	1.1043	0.2767	-0.2992	-1.3294	-0.8355	-1.1503	0.0566	1.1586	-0.1569	1.2596	-0.6517	0.5760	1.8587	-0.4860	1.2716	1.1764	0.3829	-0.3536	1.1070	1.4602	0.9521	0.3283	-1.7671	1.8124	-1.0359	0.0934	-0.7683	1.2925	-0.5403	0.4918
-2.2944	-0.0934	0.6038	0.7945	1.5935	0.5966	-0.0132	1.1705	2.4600	-0.4639	2.1481	-1.6179	-1.4778	-0.3117	-0.2327	0.0427	-0.7109	1.6961	0.3479	-0.1755	0.3258	0.1787	0.8989	-1.2951	-0.0839	-0.3232	0.3872	0.5726	0.0604	-1.2430	1.3904	0.7183	0.8876	0.9046	1.1667	-0.6925	1.2097	-0.1416	-1.0859	-1.2631	0.1735	1.0943	-0.5725	-0.1466	-2.0085	0.7144	0.3264	1.7329	-0.0759	-0.1407
-1.1952	0.1997	0.9979	0.5291	-0.3388	-1.7162	0.1428	2.1613	1.0543	0.7071	0.6536	0.3882	1.7034	-0.9997	0.4857	-1.6779	-0.2920	-0.4871	2.6704	0.3219	-1.0233	-2.2359	0.4327	-0.7979	0.5225	-0.0723	-0.8706	0.1503	0.6618	-1.8151	-0.5150	0.1749	-0.2477	-0.4067	-1.1700	0.9811	2.0851	1.0987	1.0474	0.4516	-0.1525	-0.1911	-0.3666	-0.5580	2.1476	0.1786	0.9637	-0.6393	1.2213	1.0466
0.2462	1.1865	-0.8868	-0.5768	1.6487	-1.0344	0.0928	0.5766	-1.4324	-0.3645	1.2846	-0.1454	-0.7830	-0.7417	-0.0973	-1.0961	0.7808	-0.1501	-0.9921	-0.2336	0.0343	-0.1131	0.1090	0.2634	0.6689	-1.0751	0.4351	0.5046	1.5522	-0.0001	-0.5326	-1.6997	0.5777	-0.1537	1.0122	-0.6932	1.5883	-0.0534	-0.1917	0.0869	0.4880	-0.4216	1.9885	-1.5814	-0.5347	1.4647	0.9019	1.1203	-0.0160	0.6072
0.4979	-0.9508	0.8557	0.6784	-0.1186	0.6964	-1.0215	-1.6613	-1.4036	0.4990	-0.3616	-0.4978	-1.3393	0.8447	0.1502	0.8712	0.0313	1.3429	-0.3699	-0.9235	0.8637	-1.1535	-1.3308	1.2119	-0.5168	0.0965	1.6538	0.5554	-0.2025	0.4616	-0.0084	0.8065	1.2969	0.8121	0.8299	0.7418	0.5713	-0.4774	-0.1670	-0.4754	-2.2046	0.4913	-1.0886	0.5217	-0.3333	1.5855	-1.4865	-1.1474	0.3042	-1.8105
-0.8441	-0.2076	0.0088	1.0777	-1.2294	0.3753	-0.6886	-0.4723	0.1118	-2.1265	0.6447	2.7930	2.3175	0.0497	1.0290	0.7268	-0.0183	-0.3786	-0.2410	0.6639	0.4179	0.4180	0.4115	-0.4084	-1.7776	0.9243	-0.9960	-0.7977	0.8487	-0.9016	2.0217	1.0370	0.2431	0.1261	-0.8153	1.3380	0.9765	-2.0940	0.4625	0.1131	0.0596	-0.3572	0.6189	0.8672	0.5223	0.8877	-0.5406	1.9570	-0.6858	1.6113
0.3577	-1.1541	-0.0826	-0.3647	0.3054	-1.7070	-0.1559	0.2925	-0.9099	-0.5082	-0.4533	1.1109	0.3154	1.2057	-2.2071	-0.7180	-0.1219	1.2986	0.2163	0.4264	0.4058	-0.1116	0.0613	0.2311	0.5582	1.1299	-0.3507	-0.0269	0.8016	-0.3146	0.7843	1.9897	-0.5597	0.0949	0.9574	1.0313	-0.0272	-0.2295	-0.2916	0.1933	-0.0067	-0.1736	0.8356	0.4778	-0.0195	1.9753	0.1703	-0.4148	0.2650	0.3159
0.8020	0.6127	-0.5140	-0.9627	-1.0982	-1.8294	0.2356	2.5573	0.1311	-0.6089	0.3612	-0.1074	-1.4049	2.4999	2.2415	0.3329	1.2485	0.6173	-0.0883	1.0525	-0.1041	0.3349	0.2758	0.6265	-0.3570	1.1594	-0.4990	-2.6796	0.1584	-0.4215	0.9129	0.4981	2.5150	1.7837	-0.2382	0.7519	-0.0812	-1.0730	-0.9850	-1.2516	0.5563	1.0072	-0.0107	-0.0744	0.5207	0.1123	-1.0793	1.1592	-1.4229	0.8042
-0.1855	1.7818	2.2460	0.9819	1.0325	1.5521	1.3911	0.1854	-0.3400	1.1560	-0.2135	-0.0713	0.1748	0.0438	1.7272	1.4197	0.7074	0.0512	-0.9957	-1.6110	0.3854	-0.2592	2.7032	-0.4787	0.8235	-1.3484	-1.2448	1.1829	0.2077	-0.4307	2.7038	0.8305	0.0257	-0.0884	0.5714	-0.1586	0.7788	0.4526	-1.2933	-0.7086	-2.4049	0.7264	-0.8301	0.4429	-0.5676	-0.6778	0.0818	-0.7318	-0.6936	-0.2191
0.0200	0.6183	-0.2631	0.2624	0.7674	-0.0535	-0.8996	-0.6163	-0.0522	-0.4902	0.2086	1.1999	-1.1269	0.9380	1.0458	1.4547	-0.2286	-1.3764	-1.3611	0.5470	1.0246	0.4456	0.7779	0.8922	0.1387	0.5945	0.2197	1.4007	1.0470	0.8612	0.3843	-0.9992	-0.3237	-2.1717	0.2566	-0.7971	-0.6903	-1.0390	0.7773	0.2387	-0.3554	-0.4139	-1.1449	-0.3872	0.5896	0.6414	-0.8843	-0.7499	1.0728	1.2479
-0.3655	0.9195	-0.1431	0.1547	1.6469	0.4283	0.7820	-0.5157	0.2798	2.6812	0.2876	0.0363	1.0708	-0.2821	1.3001	-0.7952	0.5614	-0.8473	1.0562	0.2050	-0.8190	-0.3926	-0.2481	0.0080	0.3021	0.4692	1.3218	-0.0407	-0.2045	0.2793	-0.5030	-2.1255	0.5569	-0.6279	-1.4732	-0.4560	-0.0696	-1.3105	0.7751	1.2752	2.3396	-0.8504	1.0569	-0.2948	-1.1645	-1.2581	1.7793	-0.7973	0.3765	0.3220
-1.1692	0.5767	0.0632	1.3059	-1.3952	1.4841	-0.6002	0.9174	-1.0444	-1.5527	-0.0501	-2.5332	-0.2418	0.5481	-0.7213	-0.6823	-0.4255	1.4529	-0.2784	-0.5412	-0.9449	-1.7088	-0.3836	-0.6946	-0.6721	1.1362	-1.4497	0.2279	-0.3931	2.2210	-1.6289	-0.7852	0.6870	0.9119	2.2200	0.4018	1.4478	0.5340	1.7106	0.4138	-1.1439	0.5474	0.9803	0.4434	-0.9604	-1.0430	-0.6884	-0.6010	0.0583	-0.7250
0.1886	1.1051	0.7021	-1.6362	-0.4544	-0.6627	-0.1083	-0.4047	-0.2914	-0.4776	-0.6717	0.1064	0.0189	-1.6231	-1.3599	-1.2216	-1.3611	1.9272	-1.4489	1.6750	-0.5540	0.9570	-0.6524	-1.9950	-1.4842	-2.0725	0.0975	0.4169	-1.8361	1.9268	-0.2154	-0.3582	0.0075	0.3622	-1.1173	1.4926	-0.0111	-1.8529	1.1516	0.3108	-2.2577	-0.6931	1.1450	0.3896	-0.4556	-1.9967	0.0411	0.5976	1.1422	-1.0280
0.6754	1.4336	1.7637	-0.9422	0.2130	0.1299	-0.3256	-2.1414	-0.8586	0.9468	-0.4146	-1.8741	1.5803	-0.6989	0.0855	1.2201	-0.2637	2.6239	0.8339	0.0780	-0.3869	1.8524	1.7648	-1.0547	1.1512	-0.5860	2.3030	-0.6145	1.6636	-0.7010	-2.6163	-2.7272	0.7095	-1.0540	0.1262	-0.3333	0.7208	0.6735	-1.2055	0.1165	0.0091	-1.0435	1.0976	0.2163	-0.3564	-0.4680	-2.4865	1.3523	0.0663	-2.0642
0.0560	1.7959	1.0530	-0.0746	0.5903	-0.1303	0.0163	-0.7436	-0.3126	0.3754	0.1039	-1.0938	-0.0189	1.6757	-0.1647	-0.0813	-1.3295	1.1855	0.0434	-0.7519	1.1567	1.5896	2.0052	0.4212	-0.0246	-1.0449	-0.3035	-0.6796	-0.1084	1.3285	0.2927	0.7948	0.3587	0.1714	1.3016	1.8432	0.3932	-0.8056	-0.4417	-0.0601	-0.9388	-1.8663	-0.1648	-1.4434	-0.2469	-1.8472	-0.0024	0.5352	1.2203	0.5647
0.6157	0.2428	0.5045	0.7828	-0.0635	2.0870	2.1347	1.0776	0.1359	-0.4541	0.2431	-0.8857	-0.4558	-1.0991	0.3278	2.7846	2.5301	0.3270	1.1219	-1.3634	-2.2329	-0.0411	-0.1969	0.4075	1.0645	1.3942	0.9299	-0.6756	-0.8759	0.8013	-1.2988	1.0791	-0.0902	0.3423	0.2220	0.2515	-0.1537	-0.3574	-0.1486	0.5913	1.4346	-0.8672	0.0952	-0.8589	1.7189	0.3433	1.4153	0.6298	0.4447	0.5424
1.2006	-0.0413	0.0194	1.0280	-2.2599	-0.5379	0.6512	-1.3633	-2.2155	0.5510	1.4589	-1.4638	-1.1826	0.9985	0.3466	0.1440	-0.7460	0.7953	0.2770	-0.3013	0.7132	1.3388	0.0145	0.0072	0.4325	-0.2408	-0.7436	0.1160	-0.1616	0.8591	-1.3291	1.5955	-1.7728	-1.3765	0.9177	1.1878	0.1343	0.4893	0.3540	-0.8369	-1.5166	1.0333	-2.3113	-0.3463	-0.7346	-1.3550	-1.5752	-1.0812	-2.2157	-0.2233
1.5430	0.2425	-0.3193	0.3029	-0.3751	-0.1058	0.9260	-0.8973	-1.1333	-1.5146	-0.8740	0.3358	-0.8366	0.4485	-0.4774	0.7845	0.4894	2.1780	1.2476	0.2719	-1.5217	-0.1384	1.5808	-1.1688	-0.2802	-0.5522	1.8525	0.5020	-0.4120	0.7697	-0.6604	0.9471	1.6002	0.5746	-1.2638	0.2824	0.0449	0.3661	1.3101	-0.8373	-0.5160	-0.1890	0.4841	-0.0514	-1.4235	1.1289	0.2010	-0.0215	-1.0896	-0.2336
0.1399	-1.7695	-1.4587	-1.5587	-0.8624	1.2194	-1.1841	-0.8692	-1.6653	-1.8023	0.6607	1.0481	0.5052	-0.3513	-1.2748	-0.1564	-0.0420	0.5777	2.0878	-0.7684	-0.9507	-0.0661	0.2355	-1.2470	0.4657	-1.2723	1.5837	0.4803	-1.8548	0.6552	-0.5342	-0.9723	1.4593	-0.5160	0.7132	0.4334	-2.1788	0.2026	-0.9917	-0.4404	0.9249	2.3358	-1.7591	0.8680	-1.0538	-0.9934	-0.7333	1.0472	0.4747	0.8865
-0.8244	-0.3424	2.0769	-0.8900	1.8629	-1.1399	0.8096	-0.0315	0.1840	-0.2898	0.0327	-1.3978	1.6061	-0.8345	-0.1892	1.6592	-1.8433	-1.0990	-0.2072	-0.1674	0.4504	0.1164	-0.5106	-1.5340	-1.1767	0.6476	-1.8378	-1.4511	-0.7646	0.2667	-0.6591	0.7784	0.8246	1.6893	1.7732	0.1297	0.7237	1.6907	-0.3332	-1.1996	1.0169	2.2609	-1.8268	-0.3030	-0.9480	-1.6352	-0.4861	-0.7480	-0.1363	0.4557
0.6464	-0.6972	-0.0986	0.6445	-0.7928	1.8433	0.5296	-1.4510	-0.8486	-0.5401	0.5487	0.2055	0.6775	1.1400	0.4471	-0.3840	0.1451	-0.0554	0.4187	-0.9107	0.0142	1.7423	-0.3811	-0.4830	-0.8077	-0.5559	-0.2957	-0.8778	-0.2783	-0.2060	1.6175	0.9331	0.3027	2.1830	-0.1409	1.1900	0.2520	1.1504	-0.0596	1.3118	0.0143	0.8773	1.0639	-1.0061	1.8813	1.7903	0.8049	0.3356	0.2858	-0.4222
0.0654	0.6347	0.3925	-0.4354	-0.2346	-1.3615	-2.7697	-0.7157	-2.1494	-0.7205	-0.4373	0.6675	1.3108	0.3431	-0.2902	0.2657	-1.0709	0.9494	-1.2013	0.2572	0.9053	-0.5798	-0.3993	0.7084	-0.8529	1.5868	2.0836	-0.2308	-1.2055	-1.0809	-0.1470	-1.0467	-0.8942	1.4739	2.5681	-0.3801	0.1845	-0.4335	-0.0070	-1.0755	-0.1502	-0.5764	1.3025	-1.2432	2.5020	0.7148	-1.6119	1.0654	1.4320	0.7625
-0.1868	0.3326	-2.1417	-0.9401	0.2764	-0.3917	-0.9410	0.2723	0.9439	0.0984	-1.6393	-1.0488	-0.4016	-0.9943	0.7510	0.6449	0.2875	0.4303	-0.5171	0.1976	0.6540	-0.9786	-0.5914	0.2014	-0.0840	-0.6045	1.4077	-0.2986	0.7260	0.6983	0.6019	1.0737	-0.6111	-1.0470	-0.4997	0.7994	-0.3863	0.1839	-0.3578	2.1665	1.6777	0.2000	-1.7401	1.2238	0.2635	2.0107	-0.5189	-0.4369	-0.7951	-1.2387
-1.5090	-0.3498	0.5974	-0.5314	2.0504	1.1502	0.8309	-1.8143	-1.6567	0.8922	0.1935	-0.8897	-0.2370	0.3741	-0.3265	0.1348	0.3125	1.2806	0.3619	0.0917	-0.1927	0.5112	1.3617	0.2122	-0.8000	1.5208	0.0536	0.1071	1.1972	-0.5543	0.9633	-0.6021	1.1746	-1.9560	1.2132	0.5191	-0.3505	0.7793	0.2613	-1.5799	-1.0047	1.3875	0.7431	1.5115	0.1481	-0.2424	1.3327	0.3540	-0.9251	1.6731
-0.1870	-0.1749	-0.5265	0.8199	0.0182	-0.7558	-0.5292	-0.6981	0.2929	-0.5788	0.8294	0.2749	0.5077	0.6753	-0.2978	-1.0240	0.3259	0.5308	-0.2813	-2.2459	0.1279	-1.0103	-1.2203	-1.4798	0.3903	-0.8856	1.0952	-0.2101	1.1218	2.5247	0.5513	0.7009	1.1075	-0.8759	-0.9306	-1.3690	-0.1141	1.0674	-0.9446	0.0206	-0.2780	0.0461	0.8435	-0.0874	1.1789	0.6520	1.0981	1.1871	2.2566	-0.7899
0.5869	-0.0261	1.1190	0.4898	1.2997	2.0097	-0.2794	0.5618	-0.2665	-0.2992	-0.1025	-0.1531	1.0225	-0.2850	1.3113	-0.4793	0.5364	-0.4267	0.0023	-0.4161	0.7043	-0.8257	-1.0289	0.2611	2.2752	1.6973	-1.1003	-0.4667	0.4145	1.0344	0.2386	-0.0438	1.3653	1.7686	0.0002	0.0481	0.4732	0.9283	1.5291	0.4268	1.8579	-0.1979	-1.6571	0.0205	0.3999	-0.9369	1.5053	-0.8763	1.4362	0.4270
-2.1085	-0.0214	1.9642	0.7698	-0.1371	0.6655	0.2025	-0.4222	-0.6691	-0.8467	-0.0745	0.1245	-0.5907	0.4473	-0.8230	0.4159	1.0117	-0.3769	1.8032	1.0102	-0.1154	-0.8024	0.3785	-0.1837	0.0872	1.2312	-0.1993	-0.5409	0.1762	0.8038	1.6994	0.4881	-2.7185	-0.7163	1.1984	0.0342	-2.0311	-1.9904	0.3604	-0.6791	0.2505	0.7922	-1.6820	0.1968	-1.5614	0.5019	0.5873	-0.1331	0.4478	-0.4850
-1.5776	1.2700	-1.2612	0.8273	-1.7849	-0.2253	0.4905	1.1535	0.8450	-1.6233	0.1099	1.0376	-1.2861	-1.5603	-1.5115	0.9033	-2.3321	-0.9662	-0.5084	-1.5782	-0.5560	1.2506	0.0970	-0.4461	0.2943	0.5861	-0.1472	-1.3115	-1.7120	-1.0980	0.1590	-0.3486	0.4361	0.2024	-1.2684	0.6184	-0.2594	1.1684	0.2390	2.0445	-0.1196	-2.0156	-1.3627	0.1806	-0.3386	-0.0513	-0.8808	0.0254	0.7438	0.3256
-1.5864	-1.6991	1.4185	-0.7222	1.2061	0.4644	-0.3508	1.1734	-0.6744	-0.9918	-0.1432	-0.6867	0.1259	-0.0910	1.9212	-0.2679	-2.2591	-0.6895	-0.2651	-0.0309	-1.8419	1.5334	-0.4812	-0.2088	0.7016	0.0360	1.4860	-1.8121	-0.6440	2.2126	-0.0271	0.3327	0.6288	-0.9327	0.8011	0.3303	-1.6803	0.5690	-0.6310	1.3598	-0.3625	0.9268	1.1145	0.9996	-1.1639	-1.5781	-0.7382	0.1655	0.5759	-1.3873
0.2824	0.1495	0.1327	-1.1149	-1.0941	0.1920	-2.0055	-0.5053	0.4402	0.4123	1.4108	0.1058	-0.8378	-1.1909	0.7424	-0.6917	-0.0868	-2.2765	-2.3441	1.7294	-0.0479	1.9158	0.3524	-0.4447	0.8471	0.5878	0.8811	1.4803	-1.1139	-1.2644	-1.3851	-0.7157	0.4957	-0.2065	-0.8606	-1.5606	0.8487	-1.0020	0.7022	-0.4466	-0.4120	0.1677	-0.2586	-0.2281	1.3239	0.4192	-0.3729	-0.5840	-0.7973	0.2078
1.0366	2.2098	0.4101	0.0888	-0.4026	-0.3724	-0.5882	-0.1747	0.8884	0.9380	1.1045	0.8665	0.0057	-1.7915	0.0275	0.9371	-0.9064	-0.8173	1.4045	-0.4168	1.4902	0.6238	0.0318	0.6187	1.4890	0.3039	0.4518	-0.1037	1.2113	0.6779	0.9685	0.5761	-1.0801	0.7907	0.3697	0.1004	1.1501	0.0170	-0.3412	0.5969	-1.9273	-0.7669	-0.3757	-0.4767	1.1577	0.8691	-0.4369	-0.9036	0.4110	-1.0678
0.5973	-0.0313	1.6629	1.2997	0.8158	0.1692	1.4797	-2.0665	-0.3950	0.4171	0.3336	0.1457	0.3967	-1.0212	-0.7334	0.1778	0.8193	-0.4265	-1.3740	0.2038	-0.8173	-0.5537	-0.2177	-1.0597	1.5084	1.6016	0.1343	0.4199	-0.1734	0.8177	0.0650	-1.7601	-0.7421	1.4852	1.5720	-1.4444	0.8518	-1.7167	0.8767	1.6767	0.0243	-1.7348	-0.4912	-0.8601	-0.2669	-0.9533	0.1718	-0.9251	2.2035	1.4700
-0.2525	-2.0437	-1.4858	-0.5034	0.4930	-0.0260	0.1375	1.5432	1.4918	1.3751	0.7465	1.0420	1.3797	-1.0330	-0.2590	-1.4079	0.4554	-0.0305	-0.9013	-0.5746	0.5652	-0.5176	-0.1832	0.8353	0.8278	-2.0209	1.3240	2.7840	0.9310	-1.7619	-1.1065	-0.0213	-1.1437	0.0422	-0.9758	3.2244	0.0249	-0.2111	1.1721	-1.8422	-0.1735	-0.0660	0.0868	0.5230	-0.1096	0.5739	0.3582	-0.4330	-0.7894	1.3089
0.9055	-0.6507	-0.3389	-1.6791	1.3146	-0.2686	0.0671	0.7221	-0.1333	0.7081	-0.5235	0.9713	1.1021	1.3645	-0.9027	-0.4926	0.3585	0.1535	-0.7574	-1.4351	0.9431	-0.1508	1.3657	-1.3764	0.8401	0.0584	1.3525	0.0681	-0.4277	-0.7384	-0.3063	-0.6587	0.2973	1.4936	0.3083	0.4174	-0.4481	0.1301	0.2520	-1.9844	1.5377	0.0146	0.2823	0.2965	0.2177	-0.3058	1.0330	0.0539	1.2760	0.4504
-1.4626	-0.1622	-0.1514	0.7902	-0.3807	1.3879	1.8553	0.4320	0.7811	-0.3203	0.8975	-2.1220	0.7311	0.4442	-0.2921	-0.5707	0.7902	-1.0084	0.0472	-0.2411	0.7051	1.0474	-0.0640	0.2198	-0.1396	0.3245	-0.2171	-0.7260	-0.1366	0.9653	-0.1232	0.7375	0.4599	-0.6520	0.1868	-0.3200	0.6461	0.4576	-0.6688	-0.0497	0.1091	-1.4251	0.2362	-3.0380	-2.0541	0.9167	0.6587	-0.4290	1.6595	1.5204
0.6087	0.4092	-0.4792	-1.2721	-0.3468	-0.2506	-1.4401	0.0733	1.1884	0.4237	-1.0610	0.6631	1.0205	0.9070	0.9984	0.3938	0.2823	-2.0079	0.9060	1.2016	0.5524	0.3834	0.2555	1.2114	0.7516	-0.1814	-1.6855	-0.1568	0.2933	-1.1124	-1.3377	-0.0650	-0.1599	-0.4603	-0.2524	-1.8250	1.8797	1.4215	1.5148	0.8630	-0.3773	0.9150	-0.4337	-0.7350	-1.7649	-0.5801	0.3997	0.4609	0.8986	-0.3483
1.3522	1.3821	-0.9595	-0.6167	0.3387	-0.6306	0.1566	-0.5480	0.2486	-0.7802	-1.3926	0.3320	2.1797	0.4748	0.7461	-2.0130	0.6012	0.3453	-2.0545	1.5329	-3.0987	-0.6590	-0.9325	-0.1749	-1.3799	-1.4087	0.9889	-0.2338	0.6761	1.7003	0.3598	-2.0721	-0.0750	0.4857	-0.1139	0.7254	1.3468	-0.4898	-0.8012	0.1196	0.5393	-0.2030	0.4270	-0.4515	1.3512	0.9080	1.1445	1.4612	-0.0894	1.0656
-0.2558	-0.0734	-0.2068	0.7829	-0.9685	1.1107	0.3564	-0.3597	0.3735	-1.5349	0.2757	0.4440	1.0723	-0.9515	-1.4959	-0.0457	0.1177	-0.2644	0.6483	1.2917	-2.1176	1.6587	-1.2011	-0.1431	-0.5618	0.2830	-0.1778	-0.0175	1.5231	-1.6396	-2.5150	-1.4692	1.5754	0.1099	-1.5527	-1.6127	-0.8841	2.1778	1.0116	-0.1931	-2.2950	0.2548	-1.3778	0.7131	0.7584	-0.8277	-0.8135	1.3164	2.0108	-1.0133
0.9964	0.8643	-0.6913	-0.7286	0.3255	0.5498	-1.1421	-0.1233	0.5514	0.1397	-1.8048	0.0103	0.1224	-0.2971	0.3907	0.3603	-0.4804	-0.7888	-2.5536	-1.2459	1.4558	-1.1198	1.7226	-0.8412	-0.1371	1.5243	-0.7774	-0.6218	-0.0232	0.0336	1.8493	-0.5177	-0.3781	0.2343	0.9903	1.5675	-1.2372	0.1267	0.5768	-0.1575	-1.3716	0.7375	-0.2674	-2.1099	-0.2422	1.4737	-2.1445	-0.0998	-2.1030	-0.0863
-1.2685	-1.5646	0.4782	-1.0422	1.7384	-0.3077	-0.7920	-0.1837	-0.3042	-0.2095	-0.3608	0.1299	0.4360	0.5078	0.2276	0.7414	-0.5610	-1.5165	1.0390	0.4207	-1.1911	0.4064	0.1899	1.8691	0.5783	-0.4639	-0.6443	-0.2870	-0.6263	0.4634	-1.4424	-0.0514	-0.2490	1.4999	-1.5609	-0.5605	1.2647	0.4973	0.4537	0.0256	-0.2599	-1.3908	1.0198	-0.3743	-0.8401	0.1535	2.2146	1.4089	-0.0804	-0.3932
0.8163	0.0415	-0.2841	-0.0548	-0.7161	1.8475	-2.8937	0.8499	0.0966	-0.3586	0.0597	-1.8188	0.1275	0.6324	-0.6640	0.3116	0.6223	1.5925	0.6236	-0.9410	0.6588	0.1914	-0.7540	-1.6261	0.0508	-1.1457	0.3199	1.4852	-0.3846	1.4608	-1.0523	0.8951	1.5508	-0.0193	0.0380	-0.4073	0.0164	-1.1490	-0.3281	-0.1570	-0.7427	0.0147	0.4524	-0.2770	0.3668	-0.4042	-0.7526	-0.4273	-0.1813	-0.8072
-0.5109	0.4912	1.4695	-0.4536	-1.4839	-0.6921	-1.3705	-0.1687	0.5043	0.7625	0.5936	0.6611	0.3110	-0.0826	0.2212	-0.1999	0.7078	-1.7037	1.6273	0.7619	1.2530	0.4725	0.2323	1.3217	-0.6912	-1.7576	0.5293	-1.7083	0.1523	-0.3674	0.7568	0.3660	1.5100	0.5712	1.3645	-0.8193	-0.1575	0.0461	0.4748	-1.0550	0.3661	0.7843	1.4926	1.1372	0.4889	-1.3525	1.3937	1.4108	-2.0194	-0.0517
1.5812	0.5374	-0.0960	0.4418	-1.3859	0.1889	1.8958	-0.1379	-1.0399	0.8680	0.8377	-0.2949	-0.7208	-0.7117	0.8334	1.6067	1.1329	0.7330	0.3834	0.3595	-0.0370	-0.5391	1.0333	0.1357	-2.5947	-0.5046	-0.0521	1.1780	0.1596	0.1986	0.5896	1.3598	-0.7339	-0.2439	0.0385	-0.2372	0.8765	0.4448	-0.3254	0.0909	2.1140	-2.2390	-0.3232	1.9485	0.9819	-0.8989	0.3363	-0.3549	-1.0048	0.3102
0.5697	-0.5653	-0.7220	1.2093	1.2634	0.0401	0.7256	-0.4832	-0.5350	0.5294	0.3669	1.2460	-0.3762	0.0242	0.6944	-0.0042	-0.4037	-0.9182	-0.1262	-0.1300	-0.2967	-2.0600	-1.0229	0.6992	0.6249	0.1170	1.7365	0.2895	0.0520	1.2312	0.1694	-0.0545	0.4457	-0.2784	-1.9182	2.1551	-0.4374	0.4138	-0.6107	-1.3711	-0.3140	-2.2366	1.2060	-0.4858	0.3559	0.7536	1.0266	1.2894	-0.0314	-1.2303
-1.1212	0.5992	1.6821	0.9726	-0.0016	0.0621	0.0065	0.3230	-0.5470	0.3421	0.0451	0.6739	-1.9690	0.1559	1.2400	-0.1762	-1.7704	-1.7304	0.7574	0.3363	0.9936	-0.2530	-0.7320	-1.0197	0.8732	0.5385	1.1136	-1.3622	-0.1735	0.8638	-0.7967	0.7431	1.9267	0.5087	-1.4982	-0.1392	0.1267	0.5144	0.5733	0.3869	-0.0826	0.5979	0.1605	-0.9790	0.9182	-0.7083	-1.0309	1.0888	-0.7391	0.9026
-0.7579	0.5340	-0.4331	0.8208	-0.0083	0.5293	0.6788	1.3949	-0.8753	-0.7262	-0.3974	-1.4811	0.3989	0.6753	1.3312	-1.3468	1.4872	0.8082	-0.6654	-0.6188	0.3359	-1.0697	0.0021	-2.4435	-0.1485	2.8827	-0.3029	1.7887	0.1142	-0.0083	-0.3179	0.4781	0.6451	0.1363	0.2281	-0.8480	-0.3932	0.0151	0.4170	0.9336	1.2418	0.1245	-1.0518	2.2558	-0.1813	-0.5634	1.0769	-0.0274	-0.7061	-1.2960
-0.8051	2.2075	0.0423	-2.2732	-0.7216	1.2213	0.4195	1.5053	-0.9540	0.7669	-0.6390	-0.1339	-1.2153	-0.1706	-0.4760	-0.2291	-1.0060	-0.3219	0.3186	-1.4324	0.5098	2.0778	0.5383	0.7377	-1.6920	0.2869	-1.1746	-0.0410	-1.8569	0.3753	-0.6130	-0.1826	-0.4813	-0.5941	-0.9226	-0.2774	0.9955	0.1197	0.8066	1.7483	-0.5691	-0.1209	-1.1113	0.6723	0.4796	1.0583	-0.3770	1.9638	1.2813	-0.3510
-0.6265	-0.2445	-0.3283	1.2629	0.5668	-0.0286	-0.7055	-0.2589	0.0428	2.4052	-0.8601	-0.0897	1.3261	-1.1177	0.4105	0.2820	0.5803	-0.6047	0.0733	1.0146	-1.0367	1.2749	0.6904	2.6442	-0.4351	0.2875	-0.8235	0.0669	0.7147	-1.3377	1.2345	0.2448	-0.7259	-0.1728	0.5639	0.1879	-0.2453	-1.8405	0.6289	0.1586	1.1280	-0.5049	-1.3026	0.0041	0.5339	-1.4441	1.0828	1.0245	-0.5694	-0.8160
-0.1869	-0.8262	-0.5532	-1.3232	-0.7706	0.2160	-1.2947	1.5289	-0.0369	-1.5834	2.9921	-0.7420	-0.7065	0.1561	-1.3475	-0.1688	-0.0668	1.5385	-0.6776	0.3158	0.4768	1.0295	-0.0691	1.3078	-0.9674	1.2254	-2.5342	0.3858	0.2051	-0.5429	-0.9418	-1.1063	1.5853	-0.2817	-0.7821	1.8058	0.1027	-0.8108	0.9588	0.2078	0.2025	-1.2977	1.5163	-0.7535	-0.3919	-0.5489	-1.4208	-1.4627	0.3953	0.1755
0.2585	-0.5384	-0.3414	-2.7813	0.0013	0.4833	-0.5239	-0.1483	1.1881	0.4473	1.2684	-1.0342	-0.7597	1.2340	-0.0205	-0.5195	-0.9215	-0.7168	0.0710	0.1744	0.2910	0.3675	-1.0198	0.2394	0.2734	-0.4844	0.3616	-0.3984	0.6544	0.6970	-0.7409	0.3295	-0.9541	0.9260	-0.8179	-0.4975	0.9079	0.0566	0.3650	-0.7875	0.7273	-0.4260	-0.0237	-0.0289	-1.8139	-0.1006	-0.5531	-2.4060	-0.7801	0.4737
0.5641	1.7801	-0.9432	1.6267	-0.7942	-0.7991	0.6829	1.4269	-0.8209	-0.4160	1.2825	0.0673	-1.3035	0.0047	-0.0037	0.2288	-0.1814	-1.6381	-0.4923	0.3814	1.1470	1.0373	-1.0758	-0.9745	0.8663	1.5698	0.5588	0.6977	-0.0689	0.5892	-0.1285	-0.6821	-0.5347	0.6117	-0.1217	0.1826	-0.8858	-1.7487	-0.0259	-1.4969	-0.8938	-1.7771	1.5310	0.3249	0.8249	0.7098	0.5670	-0.3346	0.1310	-1.6020
-0.0154	0.2621	-0.4538	-1.4270	0.9287	-0.7632	0.6280	0.1080	-0.0894	0.0174	0.1089	-0.3689	-0.3564	-0.2572	1.0372	0.2360	-0.0348	0.0242	0.7289	0.1026	0.9333	-0.5119	1.5899	0.8145	-0.0327	0.9038	0.7255	-0.0060	-0.0238	-1.1045	-1.4196	-0.8178	0.8052	-0.6403	-0.7259	0.4183	-1.6736	-1.1570	0.0285	-1.0390	0.2908	-0.2628	-1.0606	1.2848	0.8815	1.4578	0.8639	0.1769	1.3676	0.2609
-0.7577	-0.4454	0.5559	-0.6119	2.2939	2.1043	1.6007	0.1852	-0.8599	0.0530	0.0215	-1.4239	0.9740	1.1071	1.3200	-0.3568	-0.3237	1.1487	0.5257	1.1619	-0.7898	0.8454	-0.6563	1.3849	-1.4623	0.5672	0.6473	-0.0115	1.2776	1.7698	0.7690	0.0365	0.8382	2.5022	0.6433	-1.2508	-0.3989	-0.5904	-1.5815	1.8673	2.0670	-0.4083	-1.1692	-0.4778	-0.1073	-0.2644	1.0573	0.3209	-0.3756	-0.4822
-0.9629	0.5030	-1.2153	-1.5157	0.3325	1.2191	-0.8362	-1.3122	2.4625	-0.4994	-0.2928	-0.5280	-1.4296	-1.4388	1.2974	0.4015	0.0555	0.5815	0.0455	0.1885	0.6061	-0.9578	-0.3151	1.1008	-0.4863	-0.4367	-0.2912	0.2555	-0.1733	-0.6159	-0.7003	-0.0150	0.5260	0.5047	-1.2068	2.0707	1.1078	-0.3868	0.1360	-0.2638	-0.6939	0.8932	-0.1080	-0.6688	-0.4082	-1.9525	-0.9688	1.7808	-0.1679	0.4380
0.7817	0.4788	-0.3026	-1.0199	-0.1132	-0.5897	-0.8257	-1.1449	-0.8939	-0.2265	0.1344	0.0924	0.1802	0.0385	1.0587	-0.5693	0.0529	0.1887	-2.1635	-0.1675	0.5994	-0.6398	1.4858	-1.3263	0.4997	-0.7679	-0.6365	-0.5809	1.8364	0.5468	0.2250	-0.7515	0.7923	-0.6696	-0.4469	-1.4825	1.5584	0.1562	0.9950	-0.0127	-0.9117	2.4602	0.1842	1.5196	-0.5349	1.8002	-0.4125	0.4259	0.5503	0.4707
-1.2248	-1.4258	0.9921	-0.4640	-0.1107	0.0654	1.0347	-0.7043	-1.6399	0.2218	-0.0752	-0.4082	-0.1693	-0.7568	0.2077	-2.4622	-0.0446	-0.8327	-0.2555	-0.3921	-0.3429	-1.8360	0.0702	-0.6144	-0.5047	-0.2204	-0.1741	-0.4745	-1.5345	-0.0010	-0.2560	2.7830	2.1863	0.6312	-0.0446	-0.6044	-0.5496	-0.5767	0.2838	-0.6036	1.0181	-0.5328	0.8424	0.8191	-0.8285	-0.0244	-0.6109	-1.0124	0.7563	0.7087
0.6864	-0.4159	-0.5547	-0.5201	2.5168	0.8946	0.5491	-0.1948	-0.6849	1.4668	-0.3500	0.8760	0.4788	-0.2317	0.5315	-0.3797	-0.1692	0.6421	-2.4246	-0.6709	0.6852	-1.2033	0.0239	-0.0924	0.9467	2.3953	-0.7464	-0.3450	0.1616	0.0451	0.4354	1.5133	-1.6834	-0.1262	0.6521	0.0623	-0.4916	-0.3462	0.9842	-1.7060	0.5204	0.9579	-0.6569	0.7006	0.3573	0.8265	-0.9829	1.0129	-0.4052	-0.1982
1.2994	0.0854	0.1334	0.5377	1.1449	-0.7567	0.5602	-0.2343	0.7416	0.6919	-1.7512	0.1527	1.8256	-0.4774	-1.8703	1.0165	-0.2671	0.9057	-0.4252	0.3730	2.4065	0.9967	1.5311	1.0883	-0.9612	0.0383	-0.7608	0.5349	1.3210	0.5184	0.7028	1.1392	0.4369	1.5196	-0.6010	0.5273	0.6456	0.5825	0.5334	-1.7913	0.7696	-1.7091	-0.2409	-0.0599	0.4437	1.5778	-0.3167	0.2773	0.8188	0.0594
-0.0856	-0.6592	-0.7240	1.4501	0.3534	1.0521	0.5071	0.4194	0.2653	1.7016	-0.6069	0.4060	-0.1709	-1.4539	0.0150	0.8684	0.1968	0.9481	-0.4664	0.8946	-1.2468	1.1324	0.0718	-0.0590	-1.6254	-1.2265	-1.8855	0.1494	1.2790	1.0576	-0.1225	0.8471	-0.3321	0.3089	1.1127	0.1991	-0.3527	-0.0303	-0.3438	-0.2967	1.3590	0.2316	-0.2675	-1.3425	0.7952	2.5809	-2.2154	-0.3761	0.3181	0.7700
0.1620	0.4938	1.1101	-2.5920	-0.6782	2.0076	1.7110	1.3318	0.3397	1.4807	-0.5629	-0.2862	-0.4263	-1.7093	0.0308	-0.2013	-0.4064	-0.6233	-0.2730	0.4143	-0.0944	-0.3663	1.2098	0.3864	-1.6358	-0.1647	1.3116	-0.4090	-0.9600	1.1367	-0.3608	-0.3547	0.3515	0.7589	0.2576	-1.0284	-0.8031	-0.6286	0.3240	-0.5877	0.1687	-1.2120	-0.6453	0.7107	-0.5264	0.8119	-0.0783	1.3088	0.3678	-0.2328
1.0376	0.7492	0.9953	-0.6360	-1.1932	-1.3458	0.4902	-1.1008	0.8304	0.4723	-0.2387	0.2183	-0.9310	-0.6661	1.0369	1.6582	0.7550	-1.4093	-0.8119	-0.6850	1.3032	-1.0463	-2.6754	0.4343	0.1839	-0.6622	-0.5468	-0.3942	-0.3570	0.0682	-1.1622	-1.4948	-0.8936	-1.8210	0.6449	-0.9793	-0.6032	-0.5414	0.3246	0.4935	-0.9894	-0.7092	0.7432	0.4428	0.6697	1.3478	1.0223	0.1736	-0.3911	-0.8257
-2.0934	-1.0158	-1.0707	-0.2139	-0.5941	1.6927	-0.0101	-0.5638	-0.9018	1.4912	-1.1006	-0.4415	-1.9412	0.9846	1.2937	0.0254	-2.1112	1.6325	1.1817	0.6129	0.7529	-0.0559	0.9264	0.2759	-0.6947	-0.8257	-1.6152	-0.3626	0.9392	-1.1222	-0.4951	0.8393	0.5304	-0.2780	1.8718	-1.7645	-0.3078	-0.4957	-0.4368	-1.0878	-0.5284	-0.0640	-2.1564	1.5323	1.3113	0.3944	1.3160	-0.3425	0.3622	0.5985
1.2682	-1.1284	0.7238	1.3229	0.4064	-0.5671	-0.0056	0.6577	1.4545	-0.7220	-1.2625	-1.1693	1.4690	0.3337	0.6826	-0.3936	-0.9248	-1.0982	-1.1197	0.3483	-0.3119	-0.0318	1.5716	-1.2019	-0.3804	-0.4145	1.1671	-0.8579	0.1357	1.4199	-1.0943	-0.2853	0.4420	1.1997	-0.5627	1.0419	-0.5427	1.8020	0.6909	-1.0514	-0.1311	-0.6565	0.4255	-1.6009	-0.9559	-0.3108	0.1544	-0.8421	-0.4188	0.1751
0.3802	-0.1194	-0.1222	-0.1713	0.4647	-1.5075	0.0584	-0.6015	-0.7081	1.2717	-1.6878	-0.0208	-0.0655	1.2054	-1.1713	0.1013	0.5628	0.0566	1.3651	-1.8311	0.1610	0.7419	-2.7476	-0.6364	0.2493	0.0064	1.1092	-0.4493	0.1396	-1.3762	0.3428	-0.2814	-0.2746	-0.7929	-0.4910	-2.1334	-0.2441	-0.5300	0.3371	-0.9649	1.3189	-1.2160	-0.6039	0.5208	-0.3952	-0.6296	-0.9409	-0.0890	0.7109	-0.8539
0.1150	-0.5351	-0.3875	0.7379	0.1671	0.4756	-1.0751	1.0565	1.6410	-0.0043	0.0491	-0.1998	-0.1391	1.3302	0.6692	1.2308	-0.4491	-0.5927	-0.0512	-1.8826	-1.7983	0.3964	-1.8934	0.3302	2.4894	-1.4666	-1.1587	1.0116	0.6461	-0.8147	0.9645	-0.4726	0.3289	0.0236	-0.8951	0.5256	1.4023	0.6745	0.0294	0.7308	0.8276	0.0288	-0.2010	1.3516	0.6491	2.4607	0.0820	1.7504	-0.0696	-0.5850
-0.4724	-0.2500	0.1972	-0.4999	1.1242	-0.4441	-0.4964	-0.2728	-0.0833	-1.4522	-0.1042	-0.5578	0.1509	-0.6782	0.4303	0.6756	0.1335	1.0875	-0.7487	1.3507	1.8098	-0.0207	1.2601	-0.7567	0.9107	0.5740	0.6677	-0.3747	0.1661	-1.4469	0.4055	-2.6749	-0.0912	0.1122	0.6843	0.4613	-1.3869	1.0405	0.1534	-0.2198	0.5089	0.4784	0.0162	-0.5234	0.1481	0.3819	0.5082	0.4528	-1.0247	0.7569
-0.6285	-2.1210	0.9230	0.5943	0.6242	-0.4988	0.5368	-0.3035	-0.5957	0.0463	0.1155	1.5563	1.6269	-0.7687	-1.3381	1.9504	-1.2970	-1.1228	0.2953	-0.0206	0.0237	-0.8312	-0.6131	-0.7161	-0.0186	0.2936	-0.3415	0.2017	0.7674	0.2478	1.9133	-0.3568	1.7448	0.0429	0.8931	-0.0425	-1.2521	0.2362	0.6148	0.4984	-0.0672	0.8186	0.5862	1.1415	-1.2339	-1.9784	-0.7805	0.5389	0.1216	-1.2611
-0.3710	-1.7084	-1.0102	-0.6122	1.1057	-1.4701	-0.3703	0.5289	0.0440	-0.9004	-0.8491	1.7298	-0.8331	-1.3975	0.4828	1.3571	0.9708	-0.5217	-0.8107	0.8439	-0.3503	-1.7280	-0.7586	0.2057	-0.1286	-0.3297	0.2427	-1.5126	2.2593	-0.3916	2.4474	-1.1365	-1.2656	-0.9913	-0.1298	0.0159	-0.0316	0.1592	-1.0380	-2.4566	-0.8884	0.4566	0.3655	-1.0138	-0.3007	0.9379	-0.5718	-0.6540	0.5496	0.3402
-0.2686	-0.6185	0.2046	-0.6267	0.5575	-0.1586	1.4930	1.1109	0.7739	0.6328	-0.2217	-0.3451	1.4058	0.2874	-0.6350	0.3171	2.1174	0.0913	-0.4889	0.9608	-0.6996	-0.6184	0.5740	0.2549	1.2136	-0.8218	0.9089	0.5181	0.7319	-1.3460	-1.5335	1.3558	-0.0162	-0.8433	0.1796	0.7045	-2.4948	-1.3991	0.6501	-0.6663	0.5953	0.8789	0.3260	1.3200	-0.1217	2.2555	1.6469	-0.9650	0.7915	-1.6784
-0.4776	0.7742	0.5236	-1.4135	0.6009	-0.0018	0.4186	-0.7808	-0.5489	-0.9164	0.8360	-0.6816	2.0009	-1.0547	0.2785	0.6959	-0.0754	-0.6760	-0.8759	-0.9597	-0.9915	0.3351	0.7487	-1.2349	-1.0630	-0.0933	0.4458	-0.0893	0.7022	2.0446	0.5717	2.1007	-0.6110	0.5530	-0.5516	0.5307	0.3808	0.6156	0.4091	-0.8212	-0.1785	-0.2307	0.8439	-1.8299	2.0546	-0.8673	0.6405	0.2997	2.0847	-0.5218
1.5635	0.1034	1.0216	1.2654	-1.3333	-0.5618	-0.0130	-0.5139	0.9815	-0.3893	-0.6589	-1.2349	0.0326	1.0915	-0.0951	0.1432	-0.9197	-0.3987	-0.4959	-0.7286	2.2706	-1.1460	-1.4522	-0.4968	-0.5941	0.9936	0.4279	0.5924	0.0626	0.8661	-0.4236	0.1470	-0.0104	0.7020	-0.0327	-0.9743	-0.8582	1.1812	-1.4317	-1.1359	-2.5204	-2.6980	0.7612	-0.2380	0.2279	-0.5347	0.6451	-0.4788	0.1841	0.7406
-1.0971	1.4204	-0.0285	1.2858	-0.8615	1.0896	-0.8669	-0.9542	-1.3726	-0.5140	1.5063	-0.1485	-0.0842	0.4892	1.1270	-0.4407	-0.9653	-0.5739	-0.5506	-2.1079	-0.3729	-0.9233	-0.4838	1.2532	0.6839	0.5219	1.6194	-0.8697	0.9477	0.6958	-0.2860	-1.8505	0.1892	0.3961	0.4961	1.2576	-1.2987	-0.3329	-0.7192	-0.3216	0.4152	0.0919	-1.8683	0.8929	-0.3496	0.4309	0.3756	1.2973	-0.4679	-0.1220
-0.3970	-0.7988	-0.3960	0.7941	0.7074	0.9500	0.9883	-2.1545	-0.2351	-1.6385	-0.4890	-0.6139	-1.0852	1.5325	0.5752	-1.1082	2.3177	-0.2602	-0.1772	1.6355	-0.2399	-0.4060	-0.8958	0.8428	3.2128	1.1632	-0.8251	-0.3215	-0.9881	2.9382	1.1085	2.6014	0.4822	-0.8993	0.8462	0.7084	-1.5865	-0.1758	0.9726	-0.0290	-0.5391	-0.4261	-0.5178	0.8390	0.2063	-0.4059	1.4594	0.3144	-0.2437	0.2736
0.4564	-0.5343	0.2079	-0.4654	0.7133	-0.0448	-0.2092	0.1285	-0.3740	1.0192	-0.7657	0.2375	-1.1335	-0.3948	-0.7960	-1.2420	-1.1994	-0.2856	-1.2459	0.6071	-0.0065	-0.4515	-0.4843	-0.9221	-1.1705	-0.4896	-0.2678	0.3741	1.4162	-0.9079	0.1992	1.5709	0.6349	-0.2086	0.9540	0.5643	0.2872	-1.7204	-1.0005	0.5112	-0.6062	-0.1542	1.2471	-0.6086	0.3879	0.2605	0.3331	-0.8986	0.0666	0.4490
0.0069	-1.8949	-0.5588	0.1931	-0.2694	0.8304	-1.4620	-1.3552	1.7248	0.1409	-0.2408	-2.4197	0.2531	-0.6263	1.8347	-0.3022	-0.4179	-1.1718	-0.1492	-1.2995	2.1754	-0.0719	1.3449	0.1690	0.2048	0.7148	1.1519	-1.5645	0.1804	-0.9553	0.6960	-1.1226	-0.7708	0.2585	-2.7296	-0.4193	-0.0321	-0.6704	0.1369	1.0212	0.8330	-0.0556	0.3097	-0.5981	0.6464	0.5288	-0.5500	-0.5280	0.7099	1.5816
-0.2109	-0.2398	-0.4535	1.7181	1.6123	-1.1900	0.1261	0.3788	0.6826	-0.0839	0.9700	-0.1749	-0.9654	1.7625	-0.3694	0.2682	-1.0095	1.1789	0.0458	0.8215	0.6827	1.2124	-1.3813	0.2384	-0.4895	-0.7737	0.4486	-0.6104	-1.0212	1.5836	-0.2575	-0.7538	0.9967	-0.1568	1.6672	1.9504	0.0473	-1.0511	-2.4969	1.7609	0.9144	-0.0527	-0.6719	1.5015	-1.7844	2.3288	-0.0840	-0.7600	-0.9852	-0.0942
0.0743	0.2993	0.5737	0.3161	2.7260	-0.7550	-1.0569	0.0015	0.1908	0.9503	-0.9183	-1.7234	0.4952	-0.2465	0.3983	0.6179	0.9032	1.3444	0.6872	0.4446	0.5072	0.6484	0.5235	-0.6337	0.0027	-1.3490	0.9883	0.2546	-0.1633	0.9806	0.2741	1.2445	-2.7796	-0.5480	-0.7052	-0.0406	0.4152	-0.4122	-1.4369	1.1517	-0.1552	-1.0517	0.8109	-1.1966	-0.2275	-1.5051	1.0387	-0.4632	1.4405	-0.8063
1.4208	-0.3738	-1.3502	0.0228	1.0146	-1.1851	-0.4355	-0.9158	1.7946	0.6077	0.8766	-2.3168	2.1948	-1.2819	-0.1139	-0.2468	-0.0710	1.0298	0.5427	0.1510	0.9109	1.0699	0.7056	2.2578	1.4713	-0.0188	0.1364	0.0286	0.4978	-0.9698	0.5066	-0.4107	-0.2201	1.8945	-0.3360	0.4573	-0.4885	-1.5770	-1.6067	-1.5673	0.2301	-0.0562	-1.4980	0.0222	0.3062	-2.0399	-0.4225	-0.6454	-1.0381	0.1230
0.3743	0.3260	-0.1873	0.7684	-0.8817	-0.6494	0.6888	0.1490	-0.7073	0.8067	-1.1072	1.3029	0.1826	-0.1827	-0.8517	1.1221	0.4728	0.5448	-0.1188	-1.8076	0.6487	-0.0749	1.4018	-1.2603	3.1795	0.7070	-0.5411	-0.0636	-0.4861	-0.0614	1.1748	-0.0767	0.5689	0.1242	-0.9351	0.0553	1.0386	0.0367	-0.5725	-0.8559	1.8800	-0.1932	1.2912	1.4212	2.2986	1.0140	1.9863	-0.2138	2.0509	-0.7425
-0.6473	2.5785	0.5474	0.5409	-0.5888	0.8354	-1.5186	-1.9987	-0.3555	-0.8704	-0.9026	-1.4068	-1.4132	1.1946	0.3627	-1.5705	-2.4949	0.8295	-1.7939	-0.0010	-1.2254	1.3139	-0.0222	0.7322	-0.3741	-0.5771	0.4877	0.4271	0.7571	0.6627	0.8364	-1.9276	-0.5954	-1.2891	-1.9809	-0.1306	-0.4662	0.1175	2.2285	-0.7943	0.5117	-0.0293	-0.1097	2.5834	-1.2036	-0.9427	-0.9700	-0.3076	-0.3322	-1.0275
-1.7814	-0.7044	0.4274	-0.5359	-0.7395	-0.2071	-0.7789	-1.2941	-1.9486	0.0947	1.5936	-0.7741	-1.4863	-1.6761	0.5749	0.2689	-0.3292	-0.2812	-1.3762	2.0753	1.0199	-0.1190	-0.0740	-0.4973	-0.3709	-0.4021	0.9072	1.4101	-1.2941	-0.6049	1.9236	-2.4084	-0.2486	-1.4967	0.6048	-0.1337	-0.7140	2.4176	-1.3004	-0.0993	0.5555	1.3904	0.0275	-0.0278	0.2986	-0.4746	1.3455	-1.2253	-2.0313	0.4498
-0.2189	-1.6646	-0.6828	-0.6739	-0.1525	-0.5574	-0.6376	0.9300	1.3303	0.4865	0.1142	0.9940	0.1156	-0.0744	-0.8020	-0.9659	0.6760	-1.1433	0.9704	0.4499	1.0128	-1.1154	-0.9241	0.4069	-0.2199	-0.4645	0.9926	-0.5698	-1.7639	0.8619	-0.0478	0.0873	0.2087	0.5190	0.6138	-2.3193	0.4326	-0.4076	-0.0790	-0.3457	-1.0861	0.5793	-0.5151	-1.4561	0.7588	-0.8348	-0.0910	1.2746	-1.3459	1.2656
1.1819	0.9167	1.4512	-2.1598	2.0085	-1.8865	0.4988	0.4655	0.0646	-0.6126	-0.8548	-1.2430	0.1599	-1.0617	-0.6445	0.5356	0.4188	-0.7425	1.1259	0.8998	-0.6026	-0.9891	-0.1650	-0.3936	-0.2141	0.8636	0.6825	0.0049	1.8829	1.1262	1.6311	0.1474	0.4216	-1.2081	-0.3362	-0.1358	-1.1593	-1.3643	0.5489	-0.6844	-0.3131	1.0789	0.6562	-0.2720	-0.8705	0.3919	0.1641	-0.1604	0.0642	1.5123
1.7623	1.4215	0.0966	-0.2443	0.3210	-1.2640	-0.4277	2.2918	-1.0305	-1.1104	-0.9428	-0.4397	0.3328	-0.9921	-0.9648	-0.1551	0.2337	0.2568	-2.4226	0.1653	-0.4429	1.4725	0.8369	0.1887	1.7527	-0.0732	-1.9549	0.6776	-0.0864	-0.2916	-1.2422	0.8624	-0.7871	-1.1241	-0.7935	0.1823	-1.9791	2.5457	0.7968	0.9051	1.2574	-0.5709	-0.2023	-1.0009	0.5234	0.3776	-1.2967	-0.8609	-0.1389	0.2482
0.6723	0.2068	1.3446	1.7798	-0.4561	-0.2948	-0.4137	-0.4604	-1.6166	-0.8998	-0.4281	-0.2378	-0.6999	-0.5132	0.1830	0.5778	-0.3776	-1.1221	0.9021	-1.8919	1.1197	0.8301	-0.3129	-0.5657	-0.9266	0.2246	-0.3963	-2.6977	1.4231	0.5797	0.6253	1.0576	-0.5924	-1.7679	-1.8303	0.5485	2.9494	0.0811	-1.3654	0.1063	-0.1743	1.2320	-0.7742	1.0492	1.1373	-0.9114	0.8670	-0.1035	-0.5868	1.1336
-1.2440	0.5910	0.5871	0.8435	-1.8154	-1.9039	-0.6382	0.8948	0.9215	0.7239	0.7592	-1.9906	0.5367	-0.6066	-0.2528	-1.4386	-0.0310	0.1706	-0.1373	-0.2095	0.4484	-0.1735	0.6644	0.6706	0.6879	0.1390	-0.8300	-1.3284	-0.1647	-0.5612	-0.9591	0.7194	-2.0146	-0.3781	-3.2548	-1.4134	-0.5001	-0.1221	-0.6194	0.3794	-0.3511	-0.4646	-0.4148	0.5927	1.2880	-0.1595	-0.0884	0.9019	-0.4638	-1.7050
-0.0362	0.6707	0.3684	-1.1349	-0.8089	0.2213	0.5295	-0.3450	0.4862	-0.0077	1.0725	-0.1275	-1.0891	0.8933	-0.6865	1.0433	-0.3345	-0.5226	-0.5071	0.8276	-0.6405	0.2104	-1.3605	-0.9603	0.9406	0.2048	-0.2734	-0.0196	0.8152	-0.2434	0.8808	0.3728	-1.3059	1.0714	-0.6863	-2.0454	0.5684	1.1196	1.1804	-1.4472	-0.1968	0.1620	-0.9128	1.0578	-0.1061	-0.0435	-0.6669	0.1096	-0.3303	0.7611
0.5447	0.0580	0.5210	0.6928	1.1989	-1.3344	0.7903	2.1457	0.9761	0.9698	0.6230	-1.0795	-0.8241	-0.3821	-0.1439	1.0893	1.2656	0.0188	0.8065	-1.9423	-0.9079	-1.1850	-0.7914	-0.3861	1.0267	-1.2837	-0.1359	1.4525	-0.9364	0.1033	0.0879	1.0089	0.5144	-0.8481	1.7866	0.3008	-1.5903	0.5123	-1.8935	1.0241	-0.1854	0.1915	0.3724	-0.5522	0.1057	-0.9670	-0.2027	-0.2178	-0.4100	0.9385
-0.5889	-0.6481	2.2250	-0.3935	0.9371	1.6257	-0.8805	2.5471	-1.1979	-1.2324	-0.2567	1.0848	0.1296	-0.8117	0.4002	1.4873	0.0756	-0.6804	0.0459	0.8720	-0.0306	0.7848	1.0741	-0.0708	0.2150	-0.6952	-0.5874	0.6967	1.0704	0.7323	0.4340	0.1920	0.0004	-0.5900	1.9410	1.3129	0.7681	-1.2728	-0.6716	-0.0072	0.8239	-1.3718	1.3085	-1.3654	-1.0102	-0.5798	1.8607	1.6768	-2.1475	1.4751
-0.4071	-1.2158	-1.7689	-0.3978	1.0807	0.3465	0.1937	-1.1977	1.0679	-0.7086	0.2909	-0.3367	0.3056	-1.1461	0.3619	-0.6617	-0.3631	1.2966	-0.2470	0.6747	-0.3854	1.4602	-1.0982	-1.6045	1.0460	0.2063	-0.9667	0.7776	-0.6940	-0.2320	-1.1144	-0.3566	-0.3530	-0.7050	-0.7205	0.9955	2.2185	2.3265	-0.6339	0.3663	-0.1469	0.0625	-0.9995	-0.1683	0.4738	-0.5890	-1.4427	-0.1233	0.1817	-1.7678
-1.9127	0.9406	-0.4221	1.0861	-0.3513	-0.6340	1.3331	-0.6868	-0.2316	0.0328	0.2347	-1.0116	-0.0162	0.2448	0.5110	-1.0753	0.9995	1.4322	0.1973	-0.3077	-0.4459	0.0202	-1.3836	-1.4773	0.8922	0.9510	-0.2049	-2.4489	0.5670	0.3269	-0.8299	-0.3504	-0.5396	-0.8785	0.5040	0.8058	1.6793	-1.8571	1.4264	0.3574	0.7327	0.0912	0.4720	-1.3190	-0.2755	-0.6187	1.1195	0.7522	-1.1720	-0.7155
1.1255	-0.9629	0.2324	-0.5328	-1.5863	-1.2958	-1.7118	-0.7683	0.8087	-1.7704	1.4678	-0.5695	-1.1205	0.8442	-1.7589	0.5946	0.3149	0.0814	0.5658	-0.9055	0.1206	0.9952	-0.8397	-1.5141	-0.9074	0.7414	-0.1513	-0.1607	0.2042	0.9253	0.2994	-0.5417	1.7162	-0.2976	0.3643	-0.6515	0.4883	-0.0835	1.1961	0.7396	0.0507	-0.6759	1.4643	-0.4832	-0.5011	-0.3773	-1.8326	0.2876	-0.2993	-0.7818
0.1791	0.5595	0.2921	1.2822	-0.2155	0.3097	0.2386	1.5495	-0.4357	0.6106	-0.7184	-1.5415	-0.5875	-0.9638	0.9965	1.1788	-0.4172	1.0401	-0.4398	0.3141	-0.8806	1.8501	0.2063	-0.5156	1.0448	-0.6500	1.7026	0.6719	-1.0065	-0.9760	1.4134	0.9099	-0.2975	-1.2028	-1.1235	-1.0232	0.6278	0.1272	-1.4754	-0.5059	0.8200	0.2231	-0.7776	-0.6437	-0.2544	0.5655	-0.6607	-1.0277	-0.6380	1.0868
0.7035	0.6801	1.3650	-0.9115	-1.3757	-0.8905	1.1687	-0.5691	0.9378	0.3927	0.3823	0.4865	0.0073	-0.2808	0.2874	0.7394	0.6575	1.0502	-0.5284	-0.3662	1.0507	0.7040	-0.2896	0.0097	-0.5959	0.2457	0.1722	0.7489	-1.9579	-0.3281	0.2475	0.0081	-0.6454	0.0867	-0.5002	0.3413	1.4505	-0.0644	-0.9404	-1.3322	-1.3673	-0.1921	-0.0888	0.7738	1.0512	-0.3365	-0.2702	-0.2018	1.2169	-0.0842
1.9019	0.8591	-0.3423	-0.9719	0.6110	-0.4655	-1.7865	0.2658	1.7029	-0.0018	0.6638	0.3918	0.9815	-0.0401	-1.3540	1.0160	1.1281	0.5211	1.1221	0.2871	-0.8874	1.5867	1.4531	1.4183	0.5118	-0.1209	1.1348	0.0155	-0.4312	0.0523	1.0752	0.4529	-0.2722	0.2829	-1.9011	0.2454	-0.5904	-1.2613	1.1101	0.5555	0.9871	-0.2897	-0.0876	0.7244	1.8848	0.3484	0.4055	-1.2596	-1.1251	-1.3296
1.9448	0.6980	-0.3836	1.1200	0.1414	-1.0569	-0.1069	0.3376	0.5637	-0.4507	-1.3162	1.6964	0.6847	0.8331	0.2341	0.3027	1.7146	-0.2031	1.8586	0.9276	-1.2142	-0.1212	1.1892	0.9330	0.9317	-0.8512	0.4929	-1.1610	0.9680	-1.0832	-0.9703	-1.7201	0.0514	-0.1920	0.7138	-0.1633	-0.1260	0.7544	-0.5955	0.3440	-1.0973	-0.4709	0.9091	0.2386	1.8055	0.8319	0.5792	-0.6769	-0.0069	-1.6252
-0.1007	-0.7594	0.5707	1.1167	-0.2605	0.4990	1.1804	-0.2193	-0.4845	-0.4320	0.0162	0.3969	1.3827	-0.4924	-0.6000	0.1238	-0.1238	0.8586	-0.8884	-1.8739	-0.4375	-0.5002	0.3374	-2.0567	-0.5254	-1.4877	0.7808	0.1413	0.7781	-0.7629	-0.0979	-0.0833	0.5324	-1.3540	2.2663	2.0228	0.3901	2.0717	0.5045	-0.3078	0.3618	0.6888	-0.5773	-0.1577	-0.7062	-0.7863	1.1604	-0.6281	-1.2619	0.1803
0.1237	3.1358	-1.5316	1.1608	-0.4570	0.1728	0.1508	0.0129	1.7315	-1.4125	0.7256	-0.1602	0.5476	-0.1521	-1.7628	-0.4341	-0.3685	-0.2408	-0.0773	2.1942	-0.5753	-2.4715	-0.3988	0.5215	-1.2076	-0.0172	1.6309	-0.7286	-0.1824	0.2048	-0.7741	0.3490	1.3579	0.1010	0.3993	1.9937	2.1316	0.9317	0.6245	-0.9567	-1.0540	1.4247	-1.1766	-1.6363	0.0081	-1.0783	-0.6193	-1.2241	0.5235	-0.5107
-0.6647	0.7628	0.2861	0.6778	-0.5486	0.4517	0.8994	1.0194	0.5281	0.7165	-1.6293	0.3079	0.0574	1.3272	-0.1190	-0.6669	-0.7652	-0.4860	0.8301	0.1091	-1.8066	1.1418	0.8261	0.8881	0.4284	-0.5920	1.2623	1.1667	0.8176	0.2731	-0.6929	-0.8521	0.2079	-0.8120	-2.2454	-0.2425	-0.6475	-0.0677	0.0025	-0.4967	1.0780	-1.0487	1.1678	1.1416	-0.2018	1.4772	0.1832	-0.3922	1.1658	-0.8205
1.2572	1.6757	0.2137	0.5735	-0.1881	0.2961	-0.9432	-0.1579	-1.7465	-1.5356	-1.1232	0.8720	-1.0368	2.4159	-1.5368	-0.9351	-0.3095	-1.2484	0.3063	-0.9775	1.0118	-1.0052	-1.2361	-0.6689	1.7292	1.1538	-0.2341	1.0684	-0.3267	-0.5076	-0.8058	-0.9515	-1.0435	-0.4188	-0.1573	0.0503	-0.9243	-0.5842	0.4814	1.1444	-0.1873	0.9871	0.3967	0.0564	0.3752	0.7268	-0.4285	0.5332	0.6654	0.4499
-1.7012	-0.3895	0.1180	-1.0183	0.6037	-1.6947	-0.0962	-1.3284	1.3664	0.9324	-1.1929	-0.5244	0.0461	-0.0633	0.6973	-1.1464	-0.0191	-1.1027	1.2471	0.9647	-0.2373	-1.0785	0.6002	-0.7377	-1.4401	0.8109	1.4515	-0.1130	2.2446	0.4892	-0.4076	0.9632	-1.6383	0.1553	-0.1539	-1.6776	1.3791	-0.3007	1.2368	-1.1110	1.7840	1.5396	-0.2513	-0.9112	0.9984	-0.4954	0.4172	0.2282	1.8932	0.0024
0.1575	0.0436	0.3673	0.6547	0.2601	0.6024	-1.7186	1.3380	-0.1386	-1.1964	-0.8947	-0.2720	2.3660	-0.4434	0.2622	0.9114	-0.0242	-1.0717	-0.2240	0.4396	-0.7653	-0.6695	2.1120	1.1074	-0.0655	-0.3652	-1.5632	0.1312	-0.0109	0.6226	1.6347	0.7801	0.9792	-0.1633	2.3686	-0.3840	0.6091	-0.1913	-0.4988	-0.2084	0.1290	-0.7490	0.4780	0.5339	-0.8432	0.6972	-1.0798	1.3254	-1.9933	0.4878
-0.9586	0.6694	0.5934	-1.5882	-0.4269	1.2379	-0.6623	0.0357	2.0428	-2.7035	0.2497	-1.1054	0.0734	-0.5317	-1.0338	1.5911	-0.5602	-0.3234	-1.3838	0.0308	1.3879	0.9987	0.3711	-0.1047	-0.5407	1.6325	0.4526	-0.3719	-1.4462	-0.4293	0.7135	0.3355	-1.2188	-1.5604	1.3225	-2.6667	-0.4839	-0.0941	-1.8684	-1.1574	-1.2050	0.9729	0.8869	-0.4312	-1.2309	0.5477	1.2232	0.7758	0.3681	1.5941
0.9972	0.0473	0.0367	-0.6530	-0.9310	-0.5871	-1.3516	0.2884	-1.0602	-1.7982	0.6044	0.9606	0.2033	0.2493	1.0609	1.7173	0.7487	-0.4208	0.8609	0.9364	1.6269	-0.2079	0.3128	0.8539	-0.3068	0.3823	0.7764	1.4293	1.4221	-0.7685	-0.4378	-0.5290	1.0278	0.4368	0.1456	-0.0549	1.1459	-0.1351	0.3789	0.8986	1.5973	1.0384	1.1012	-0.9516	-0.3303	-0.0182	-1.2390	0.9430	-0.2977	0.3780
2.0076	1.9646	-0.5596	-0.4470	-1.1402	-1.2577	-0.8452	-0.5489	-0.0939	0.3201	2.4182	1.3153	-0.7628	-1.4668	-0.6898	0.5998	-0.8645	0.2555	0.3473	0.5718	0.2536	-0.0364	0.5610	-0.6354	-0.0850	-0.0677	-0.9621	0.9844	-0.9197	0.6265	-0.2951	0.6969	1.1568	-0.4328	-0.0234	-0.0147	2.3824	-1.3577	0.3161	-0.3265	0.1882	-1.1132	1.3687	0.9234	-0.5832	-0.0898	-0.2852	-1.3130	0.1279	0.2066
-1.6127	0.8668	0.8485	0.6703	-0.7100	-0.9359	-0.8066	1.1663	0.5843	-1.0385	-0.4387	0.9769	-2.1271	0.9275	-0.0777	-1.9664	-0.8585	-0.6997	1.0566	1.2822	-1.1183	-1.0866	0.7869	3.4095	-1.5500	0.8599	-0.8688	0.0550	0.3365	1.1184	0.3682	1.1003	-2.4899	0.3627	1.3552	-0.1860	-0.0408	2.3448	-0.1456	0.4493	-1.1873	-1.4934	0.1049	2.7614	0.3425	-1.5524	-0.8369	0.3800	0.4010	-1.9115
-1.4893	-1.4276	0.4518	0.3636	-1.5887	0.4996	-1.0368	1.6305	-0.3040	-0.2961	-1.0208	-0.1302	-0.2652	0.4435	1.0206	-1.1681	-0.8431	0.1899	0.0042	-0.0465	1.8057	-1.3179	-0.3119	-2.3173	-0.6008	-1.0751	-0.0910	0.3708	-0.4490	0.6005	0.2330	1.7758	-1.0421	0.8907	0.5112	-1.3600	0.5238	1.0420	0.2590	0.7456	-0.6773	2.1513	-1.6738	-0.5671	1.1764	0.8530	1.0133	-2.9829	-1.0512	1.4818
1.3922	-0.6402	-0.1019	1.4488	0.8741	-1.3241	0.8909	-1.4227	-1.8631	1.4927	0.7718	0.3458	1.0916	0.9531	1.3249	0.3498	0.5825	-0.4017	0.2323	-0.9744	0.1811	0.0139	0.5995	0.5095	1.7991	-0.0341	1.4468	-1.6784	0.3265	-0.7019	-0.4417	-1.1828	0.7527	-0.3721	-0.5454	0.0545	-0.9516	1.1155	-1.4833	-0.1392	-1.9055	0.3237	-1.5357	-0.0973	-0.1237	-1.3406	-1.6525	-0.2686	-1.0783	-0.4334
-0.3127	0.7753	-1.0555	1.4625	0.7251	0.3043	-0.3041	0.1799	-1.5454	-1.1320	0.5427	-1.0909	-0.0571	2.2786	-0.2591	-1.6291	0.8034	-0.2603	-1.7253	0.9493	-0.6155	-0.7568	-1.7322	-1.4471	0.7994	-0.4070	0.3115	-1.2290	-0.0937	0.9335	0.6307	-0.3141	-1.0340	1.3711	1.4184	-0.5352	0.3637	0.2994	-0.8192	-2.2160	1.7453	1.3859	0.4073	0.5073	0.6830	0.5809	0.7042	-2.1643	-0.8379	-0.2374
-0.1189	0.6120	0.0870	-0.4115	1.6195	0.1006	0.2007	-1.0713	0.6837	0.2321	-0.4328	-0.7057	-0.0151	-2.1316	-2.1251	0.0511	-0.4367	0.5044	0.6295	-2.6723	0.5720	0.3034	-0.2431	0.4816	-0.0282	0.1634	-0.3263	0.8304	0.0613	0.1513	0.2122	0.4152	0.0611	-0.5633	0.2122	0.5812	-0.6743	0.6783	-0.7580	1.5805	-0.0425	0.6125	1.1878	-1.3570	-2.1213	-0.4220	-0.5048	-0.4176	0.7554	-1.1736
-0.7790	1.3837	1.1099	0.1627	2.4307	-0.2129	0.8489	1.1416	-0.0671	0.6343	1.5625	-1.3572	2.3926	-0.5638	0.2658	1.9575	-0.1804	-0.2022	-0.0906	1.7709	0.4283	-1.1350	0.1375	-0.5092	-0.4057	-0.3933	0.0580	0.4494	-0.9433	1.5909	-0.4568	0.8563	0.5682	0.1462	0.6872	-1.7012	-0.4600	-0.3271	0.9762	-0.5339	0.3494	-0.5031	1.1561	-1.5811	0.0324	-0.0963	-0.3437	0.3713	-0.1252	-1.5527
-0.3754	-0.7263	-1.3551	-2.9292	0.4598	0.1274	0.6692	0.9022	-3.5109	0.0551	0.1858	0.8532	-1.1301	1.4185	0.5607	-0.0089	-1.7400	-0.8268	-0.2993	-0.9755	-0.3302	0.9523	-1.5691	0.7023	-0.0766	-0.1625	0.0194	-0.5129	0.0465	0.4237	-1.4046	0.7033	0.3463	-0.9160	-0.1229	-0.3895	1.9568	1.7068	0.3521	-1.6039	-0.5690	0.9047	0.6670	1.3188	0.9832	0.7012	0.8211	-2.6983	-1.7069	0.1984
0.2498	-1.8645	-0.4634	0.2745	-1.0699	0.1539	-0.3578	0.8015	1.2995	-1.1635	-0.5423	-1.1730	0.4058	-0.0751	-0.7360	-0.3552	0.6594	0.0456	-0.7240	-2.7016	-0.8210	0.7760	1.7200	-0.5964	1.0381	-0.7294	2.0495	-2.4999	0.5690	1.4894	-0.7410	1.6703	-0.8798	2.0846	-0.0972	0.8120	-0.1229	-0.2687	-1.7494	0.9854	0.5959	0.1271	1.4584	-1.0553	-1.1775	-1.1568	0.2910	-1.7977	1.6031	1.5949


