
X1	X2	X3	X4	X5	X6	X7	X8	X9	X10	X11	X12	X13	X14	X15	X16	X17	X18	X19	X20	X21	X22	X23	X24	X25	X26	X27	X28	X29	X30	X31	X32	X33	X34	X35	X36	X37	X38	X39	X40	X41	X42	X43	X44	X45	X46	X47	X48	X49	X50
-0.7759	-0.6605	-1.1524	0.1325	-0.9288	-0.0795	0.0771	-0.5201	-2.7942	-1.7222	-1.5483	0.0285	1.1217	0.2139	-1.4961	0.5843	-0.8464	-0.2034	0.6361	-0.6044	0.4099	1.1368	-0.3132	-0.0920	-0.6232	-1.2660	-0.5119	-0.6066	-0.1484	1.1403	-1.3508	0.2248	0.4247	-1.1597	-1.4764	1.5406	1.0629	0.5242	0.4304	0.3861	-0.1915	-0.3400	-1.1388	-0.2366	0.1733	0.0563	-0.8570	1.1178	1.4370	0.9904
0.5105	1.4786	-0.4200	1.6574	0.7366	0.9013	-0.9887	-0.5340	0.5423	-0.5055	0.9855	1.2044	3.6833	-2.2652	-0.1640	0.2166	1.0546	0.9700	0.3331	-0.0309	-1.1859	-1.1553	-0.6275	1.9204	1.6211	0.4931	1.2053	-0.2398	1.7680	0.6887	-0.4604	-0.3097	0.8236	-0.1315	0.2943	-0.6184	-0.6798	0.9876	-0.0737	0.3114	-0.0474	-0.4877	0.2803	-0.0169	-0.6297	-1.7700	0.1580	-0.5977	-0.7175	-2.3422
-1.7694	0.5112	-0.2128	-0.4881	-0.4417	-0.1088	0.4676	0.0736	1.4901	0.5667	-0.2653	-0.3431	0.3055	-0.5560	0.2653	1.7191	0.2875	-0.3183	1.0192	1.8512	-2.9897	0.9310	-0.1392	0.7884	-0.3721	0.9273	0.2496	-0.4106	-0.4144	-0.0735	0.4093	1.8086	-2.0512	0.5688	-0.0079	0.7335	-0.9327	-0.8748	-0.1155	-0.8431	0.9390	1.4538	2.1500	0.6596	-1.2136	-0.3909	-0.6171	-0.0609	0.9264	-0.3107
-0.3373	-0.6898	0.2699	1.1789	-0.5625	0.8518	-1.8731	0.6192	0.6440	0.0950	-1.4754	-0.1693	0.1045	-0.3425	1.9967	-0.3908	-0.7087	-0.3588	0.2919	1.5309	-0.8724	-1.5229	-0.0220	0.6640	0.5625	0.7372	-0.1041	-0.0901	-0.0110	-0.2524	-1.3031	1.1189	0.3175	-0.3369	0.2591	-0.3421	-0.5730	-1.5045	1.4371	-0.0704	1.3775	0.0664	-1.9637	1.2992	1.4925	-0.8034	0.8956	-0.6162	-0.6232	-0.8564
-1.7151	-0.1862	-0.3003	-0.5253	-0.4326	0.5345	0.2519	0.8579	-0.4322	1.7110	-0.3917	-0.5578	-1.6887	-0.3306	-0.1846	-0.5492	0.6830	-0.2969	1.2388	-0.9406	1.2080	-0.7450	-0.5125	0.0415	-0.0430	1.0215	-1.3820	-0.3915	-0.1809	-0.0543	0.3863	1.1702	-0.5642	-0.6301	-0.3844	-0.4940	-1.0263	0.6930	-0.0296	-1.0678	0.3072	0.8564	0.1975	0.6556	0.0447	-0.0782	-0.1566	0.9295	1.7180	0.6550
-0.1074	0.9871	-0.5731	-0.0921	0.0402	-0.7406	-2.1863	1.8090	-0.9801	-1.2771	-1.4686	-0.6260	-2.1278	-2.3667	-0.7847	0.9938	0.8845	0.1248	0.7359	-0.2692	-0.1018	-0.2276	0.8018	-0.3766	0.9763	-0.8259	0.9216	0.5294	-1.5642	-0.0065	1.9470	-0.5384	-1.2779	1.2736	0.5279	-0.5238	0.8573	0.6439	-0.2787	0.3952	0.8185	-0.4766	-2.5433	0.3697	0.5255	1.8743	0.3530	0.6413	-0.4427	-0.5207
-0.3522	-0.2291	-0.2615	0.3449	-1.2467	0.1921	0.5834	-0.4634	-0.9364	1.4423	-0.7259	-2.2270	-0.1374	0.8959	0.1333	0.6898	0.9190	-0.0575	0.1273	2.3780	0.9405	1.3750	-0.2358	-0.6255	-0.1560	-1.1368	-0.8130	-1.3490	1.0225	-0.3510	0.6844	0.3693	-0.7026	-0.5937	2.2879	1.0184	0.1073	-0.1117	1.2656	0.5127	-0.2267	-0.8190	0.1068	-0.5868	-1.8476	-0.6140	-0.2566	-1.1664	0.6909	0.3219
1.4318	0.7425	-1.6224	-0.8309	-1.3042	-1.1713	0.4909	-1.2356	-1.0795	-0.0056	-1.9076	-0.4087	-1.1047	0.7531	-1.0801	0.7108	-0.2453	-0.9171	-1.0150	-1.3397	0.2377	0.2907	-0.1507	-0.2021	-1.0045	0.6996	-0.5403	1.0264	2.0004	-1.4689	-0.7695	0.9970	0.8866	0.3076	0.5907	-0.0163	0.2713	1.2049	0.3573	1.3215	2.1308	1.4522	0.7506	0.5459	1.1275	-0.4086	1.4405	-0.4516	-1.1108	-0.1629
0.1573	0.1090	0.2132	0.8362	-0.4957	0.4689	0.3968	-1.2943	-0.0880	-0.2334	1.8681	-0.9727	-0.1007	-0.8516	-0.0796	-0.6256	0.2068	0.0420	1.4888	0.3458	-1.1331	0.8828	-0.3979	-0.1026	0.0199	0.5821	1.2323	0.3801	-1.1506	0.1577	0.3177	-0.4425	-0.4904	0.6627	0.0304	1.0120	1.4520	-0.4402	-0.8856	0.8883	1.2237	-1.5679	-2.5942	-0.2322	1.8407	1.8160	0.5064	0.2692	0.9478	-0.6934
1.1502	-1.8248	1.1547	-1.7459	0.7051	1.5987	-0.1177	0.9965	-0.2025	1.8638	-1.3068	1.3378	1.0023	0.2168	1.1156	-0.1504	0.3790	-0.3388	-0.0900	0.8446	-0.8444	-0.6632	0.5081	-1.0709	0.6568	-0.8559	-0.3905	-0.0819	-0.7802	-0.8552	0.1876	0.2771	-0.5185	-1.7056	-1.0796	-1.1419	-0.5582	0.1607	-0.6105	-0.8507	1.0514	0.5313	-0.5950	0.2106	0.6213	0.1160	0.2636	2.3613	-0.2799	-2.4430
1.5582	-0.3321	0.2208	0.0989	-0.1155	0.6179	1.3507	0.6851	-0.6796	-0.8647	-1.1645	-1.5572	-0.8745	-0.6958	0.0613	-0.1363	1.3024	-1.6006	-0.3848	1.2411	1.3288	-1.1532	0.6270	0.7530	0.8530	-0.8906	-1.0360	0.5219	0.0623	-0.4646	-0.5862	0.6478	-0.8160	-2.8823	-0.5542	-1.4206	-0.2658	-0.7399	-0.2820	-0.1136	1.8271	-0.0106	0.4124	0.9532	-0.3018	0.9170	0.5515	0.6742	0.8030	-1.1906
1.7086	-0.2987	-0.7425	0.7692	-0.9614	-0.0548	0.8505	-1.8050	0.4782	-0.0088	-1.0046	-0.6835	-1.3507	0.1662	1.6198	-0.9140	1.2020	-1.6300	-1.2860	0.5213	0.1677	-0.0742	0.3301	-0.1478	1.0196	0.4816	1.1735	1.7623	-0.0409	0.5087	-0.7989	0.0666	0.3633	-1.1869	0.4026	-0.2809	1.7146	0.7114	-0.0530	2.2167	0.7986	0.6482	0.6441	-1.0938	-2.1469	0.5279	2.5157	-1.0094	0.4173	0.4322
-0.5427	0.5531	0.5314	1.8108	2.5825	0.2818	-0.2167	-0.8537	0.1403	0.0966	0.0217	1.2193	0.1563	-1.4076	0.7042	0.9610	0.3748	-0.8666	-0.1820	-0.5888	0.2913	-0.5697	-0.2661	-1.1248	0.4251	-0.3261	1.3932	-0.3938	0.1468	1.5788	-1.1104	-0.2592	-0.4645	-1.8981	0.4899	0.8806	0.7626	0.1335	-0.9373	-0.9337	-0.9015	0.2436	-1.3108	1.3744	0.9946	-0.0970	-0.4881	1.3006	-1.3682	0.9542
-0.5655	1.1282	-0.1584	-0.2972	0.5872	1.4664	0.4238	1.4086	0.0103	0.0560	-1.6426	0.5155	0.8154	0.5494	-3.1024	-0.8814	-0.3050	-1.6818	-0.5431	0.2765	-0.2799	1.2028	-0.8672	1.5851	-0.8510	0.5491	1.4145	0.8761	0.2029	0.4593	-1.0061	-1.4318	0.9146	1.0001	-0.3695	-0.9123	1.7672	-1.2206	0.1435	1.4021	-0.4100	-1.5837	0.4718	-0.9576	0.2392	-1.2234	0.4494	1.0842	-1.4677	-1.4347
-0.6770	-1.5091	-0.0008	0.5337	-1.4633	0.4135	1.3577	0.6808	-0.6298	-0.1238	0.8897	-1.3659	-0.6030	-1.1204	1.0992	-1.2319	-1.0145	0.3803	0.9598	0.7615	-1.6964	-0.5356	-0.4969	1.2491	0.2823	-0.4265	-1.1689	0.4319	0.4058	1.3190	-2.4341	0.5776	1.9752	1.5246	-1.4535	0.0944	-0.9715	0.9381	-0.7282	-0.7719	-0.9653	0.5198	0.9272	1.6068	-0.4484	-0.3717	-0.3584	0.4216	-1.0421	-0.6011
0.6616	-0.4755	0.2056	-1.8458	0.6692	0.0234	1.7564	-1.0486	1.1652	1.7470	1.0092	-0.9982	-0.3782	-0.4493	0.3009	-0.3110	0.3035	-0.9363	-0.8803	1.2731	0.3889	1.1069	-1.5018	-0.5591	0.3661	-1.7721	0.9384	1.4236	-0.1473	-0.8733	-0.5560	-0.2159	0.9907	0.8911	-1.4744	0.6565	-0.7594	0.8579	0.8358	1.8010	-0.1657	2.0517	0.8700	1.4591	-0.1716	-0.4350	0.6491	-1.0222	0.5412	-1.0331
0.3484	-2.0864	-1.2759	0.9693	-1.0169	-1.2158	-1.6110	-0.5636	-0.5556	0.2196	-0.6023	-0.6654	1.4202	0.1547	0.2423	-0.7249	0.8519	0.9442	0.2332	0.3566	-0.3006	-1.2565	0.0843	0.8119	0.5644	-0.4882	-0.7624	0.3162	0.2206	-0.4343	0.4052	-1.4460	0.3365	1.4402	-2.7318	0.8147	-1.4210	-1.1855	-1.3734	-0.4969	-1.1303	0.1553	0.6176	0.5503	0.1715	0.0078	0.5626	1.3725	-0.6567	-1.4199
-1.7194	1.8188	-0.0578	0.7927	-0.5641	1.2111	0.5597	0.3836	0.7180	0.3607	2.9954	-0.2079	2.0325	0.5724	-1.3384	-0.7513	0.4996	-0.5934	-0.0544	-0.2013	1.4787	1.5818	-1.0959	0.1800	-1.4936	0.5080	-0.0869	-0.4562	0.1805	1.3708	-0.0774	0.2500	-1.4428	0.4379	-0.2865	0.5881	-0.4659	1.0213	0.0991	1.2026	-1.1540	0.4543	0.8183	0.0082	-0.4765	1.4514	-0.1937	-0.0106	-1.9817	0.5116
-2.3070	1.0372	-0.3896	-2.5610	0.8383	-0.2084	0.3219	2.3435	1.4730	-0.5519	0.4321	0.3295	0.2595	-1.6022	1.3704	-0.4685	1.3517	-0.6337	-0.1403	-0.4671	-1.6842	1.4709	-0.1284	1.5978	-0.8812	-1.3705	0.8244	0.1423	-0.0373	-0.2438	1.5757	-0.7455	-0.6749	-0.4788	-0.3563	0.8769	-1.3117	0.3946	0.8276	-1.1315	-0.0183	0.7869	-1.1717	-1.1723	-2.0146	0.3527	-0.2044	-0.8510	-0.4414	-0.6311
-0.3291	0.8576	-1.9260	0.1220	-0.3409	0.0150	-1.1607	-0.2756	-0.1733	-0.2466	1.6977	-1.7098	-1.1431	-0.6437	-0.3292	-1.0678	-0.9011	-1.1250	-0.1791	-0.9000	-0.2055	0.3852	0.2446	0.5368	0.7295	0.5814	-0.0907	2.0817	1.3850	0.5045	1.0433	1.3479	0.3971	0.0511	-0.0589	0.0628	-0.8503	-0.6570	0.5438	-0.6602	-2.1347	-1.5595	0.8235	-1.3576	0.4103	1.1409	1.9219	-1.0967	-1.5707	1.1221
0.9914	-0.0511	0.0771	1.3391	0.2443	-0.5341	1.4818	-0.4557	0.9027	-0.5107	0.4228	-0.8686	-0.1040	-0.5229	0.7197	0.7212	-0.5239	2.0905	0.6338	-0.6502	0.5748	-1.1777	0.5494	1.0087	0.0607	0.0475	1.3639	1.4851	0.9656	0.2960	-1.3126	-0.6479	1.0309	-0.9425	0.2488	0.7632	0.6269	-0.7259	2.1216	0.6060	-0.6241	-0.5319	1.0357	-1.1002	-0.8196	0.3898	0.2688	-0.4151	0.3754	-0.7138
-0.8921	-0.0388	-0.3584	0.1467	0.5998	0.0875	0.9776	1.0456	0.4277	-0.2711	0.6322	1.3660	1.6685	1.4023	0.1716	-0.2474	1.9586	0.4631	0.8018	0.4480	0.1647	0.5951	0.0480	-0.3208	-1.4009	0.8275	0.6717	-0.8165	-0.9471	0.1356	1.7817	0.0219	-1.3931	-0.3294	1.1188	-0.2786	1.0886	-0.3080	0.1387	-0.4786	1.9026	-0.0361	-1.3111	0.4487	0.0567	-0.2127	1.7116	-0.2724	1.4230	0.2294
2.4111	0.1861	2.3364	0.0994	-0.9646	-0.9882	0.3208	0.3293	-0.2456	0.0012	0.2482	-0.2684	1.1581	1.0278	0.5852	-0.2867	-0.4863	-0.5199	0.5459	1.4123	0.1436	2.7557	-1.0612	-0.8798	0.0086	0.0837	-0.5688	1.5069	1.3417	-1.2970	0.2687	1.5098	0.6563	-0.4753	-0.7332	0.6408	-0.4130	-2.2944	-0.9079	-0.7373	1.8616	-0.0639	0.7619	1.2696	1.0096	0.6680	0.0634	0.1074	-0.5711	0.7469
-0.5296	1.5781	1.8984	0.2994	0.9372	-0.1207	0.5466	-1.2503	0.0670	-0.5839	1.5364	0.4821	1.0612	1.4518	0.4128	0.5374	-0.8608	-0.4360	0.5658	-0.6627	-0.3352	2.0168	0.8896	0.8393	-0.0925	-0.8498	-2.2678	-0.6769	-0.4149	0.5053	1.2203	-0.2306	0.6955	-0.1480	-0.7660	-0.3957	0.9605	-0.7743	-1.6562	-1.6190	-0.3692	0.5972	2.0289	-0.7319	0.8816	0.4754	1.6147	-0.3894	1.3603	-1.7255
0.1846	-0.4849	-0.1988	0.8617	1.3512	-0.0032	-1.8447	1.1475	-0.4961	1.0134	-0.0781	-2.4799	0.7937	-0.9582	0.4207	0.5914	0.5360	1.2303	2.2249	-1.9545	1.0965	0.7631	0.0020	-0.1908	-1.1735	-0.4281	0.5573	-1.0922	0.0878	-0.6133	1.0970	-0.6067	-0.2577	0.6528	0.9139	0.1123	1.1862	0.0543	0.4573	-0.2066	-1.7520	-0.8904	-0.2912	-0.6774	1.2014	-0.1384	0.9292	-0.8085	-0.1581	-0.9213
0.5716	-0.9119	-1.9317	0.8187	-1.0020	0.9761	0.9811	0.1818	1.1060	-0.0555	-1.4532	2.0108	1.4909	0.1638	-0.7355	0.8124	0.2586	-0.1917	-0.4060	-1.3061	0.1609	0.0591	-0.3508	1.5981	-0.3571	0.8557	-1.5897	-0.6450	1.2031	0.2160	-0.0109	-0.5848	0.6081	-1.6448	1.3892	-2.0651	0.7526	1.8488	-1.4330	-1.2736	0.5025	-0.6489	0.1515	1.5321	-0.0911	-0.3568	0.1198	0.1701	-0.6160	0.7346
1.6604	1.2712	0.6879	0.1068	-0.6420	-1.0696	-1.4137	0.6853	-1.0327	1.6802	-0.3411	-0.5483	1.0402	0.8963	0.7580	-0.0781	1.6347	0.2198	-0.6599	-1.6483	1.7939	-0.0312	-0.4940	-1.1729	-0.5123	1.0852	-1.7083	0.1152	-0.0097	1.1721	0.5338	1.1276	0.1066	0.7932	-1.7927	0.3871	1.7899	0.5395	0.4475	1.0105	-0.0897	-0.9053	1.8994	-0.3041	-1.0999	1.6451	-0.6549	-0.7517	-2.0958	0.1362
-0.2466	1.2042	0.6443	0.7980	0.4325	-1.3423	-1.0226	0.8292	-0.3862	-2.3461	-0.2574	-0.8487	-0.2261	-1.5892	-0.1028	0.1442	0.8723	0.8510	0.3023	-0.5736	0.2939	-0.5646	0.2718	-1.0137	-1.3939	-0.8804	1.2094	-0.9994	0.2136	-0.1553	-1.0544	0.8120	1.0094	1.8324	-0.5534	1.5835	-1.7709	0.2891	0.8608	-1.2310	-0.7180	0.6136	1.0905	0.2263	-1.1697	0.0963	0.6592	-0.2520	-0.9602	1.3731
-0.7581	-1.8309	0.4134	0.7250	1.0289	-1.1231	-0.6265	-1.1714	-1.9060	0.2209	1.7594	0.0465	-0.0209	0.1392	0.7696	-0.1017	1.9941	-0.0740	0.8629	-0.2265	1.5980	0.2131	-0.1965	-0.6658	-0.8750	0.1931	0.1477	-0.7249	-1.3148	-2.0249	1.5189	-1.5320	-0.6289	2.1434	1.5814	2.3101	0.2267	-0.2507	0.0126	-1.3071	-0.1144	0.6951	-0.2068	-0.8525	0.6638	0.9029	0.0042	0.9062	-0.4521	1.8905
-1.2983	1.9294	2.6674	-1.1003	0.6964	-0.3493	0.9088	0.3202	-0.9022	-1.2332	-0.9858	-0.1593	0.3881	2.2786	1.0344	0.8021	-0.5060	0.0220	0.0059	1.5857	-2.0082	0.2870	0.4494	-0.6111	-0.1680	0.5567	0.4510	0.7856	0.0511	0.6836	1.3865	1.1317	-0.2723	-0.7722	0.4756	0.6609	-0.2471	1.0358	1.1839	-0.9666	0.2200	2.3110	1.6694	0.2939	0.8587	1.3607	-1.0012	-1.5010	0.4524	-0.7936
-0.5663	-0.1228	-0.2658	-0.5054	-0.3855	-0.2949	-1.9257	0.2329	-0.2062	1.9708	-0.0057	0.5371	-0.7702	1.6535	-0.0408	-0.5496	-0.9559	-0.6231	0.2196	-0.1899	-1.2834	1.1217	1.3882	2.1812	-0.9752	-1.5253	-0.2883	1.9260	-0.7178	0.0730	-0.3556	-0.1726	1.1321	0.5306	-2.2117	0.4868	-0.8018	0.1451	-0.3054	0.1032	-0.8459	-0.7666	1.0178	-0.0153	1.9366	0.0217	-0.8431	1.1283	-3.1370	0.8989
0.4616	0.7085	0.3386	0.1334	-0.1914	-0.3157	-0.4162	-0.5097	0.1256	-1.6656	-0.2129	-0.7687	0.7990	0.3295	0.2871	-1.9636	1.6228	-0.6524	0.1883	-0.7635	1.4787	-2.1722	0.6232	-1.5085	-1.3612	1.4750	-0.3184	-0.1813	1.8866	0.7997	1.8892	0.4983	-1.8427	-0.4285	-1.5112	2.2282	0.3143	-1.4331	-0.5690	0.1274	0.0484	-1.6474	-1.4062	-0.6113	-0.2369	-0.6607	-0.0145	0.3985	0.8809	-1.4943
0.8121	-1.1265	-1.7077	-1.0503	0.3126	0.6747	0.3700	1.0517	1.2763	0.0017	-1.4715	-1.1120	-0.7290	0.1966	1.2708	0.2600	-0.3980	-0.4427	0.4637	0.1119	0.6532	-0.4714	0.1124	-0.3414	-2.2215	-0.2478	0.1399	0.6613	-0.1918	-1.5566	-0.1411	-0.4746	-1.8570	0.6423	-0.2265	-2.6016	-0.1619	-1.4993	-0.6071	0.2818	-1.8134	0.7878	-1.8951	0.3539	-2.1665	-0.5207	-1.5050	1.9919	0.1689	-1.0519
-0.0373	-0.8065	0.5614	-0.6651	-0.5184	0.0044	0.8299	1.2450	0.9628	0.1570	0.1549	-1.6692	-2.3071	-0.1776	1.0637	-1.4114	-1.2115	-0.0293	-0.6317	1.0408	-2.3815	-0.8915	1.8208	1.1023	-0.6160	1.1651	-0.1204	1.1766	0.6816	0.2397	-1.0531	-0.8549	-0.5080	-0.8664	1.6035	0.5741	-0.8859	0.8015	-2.5383	1.0931	2.1997	0.1908	-0.7760	0.0211	0.6234	-2.3246	-0.0280	0.9362	0.4879	0.7622
0.0788	0.9169	-0.3859	-0.1025	-0.7683	0.1403	0.7570	2.0777	0.4219	-0.7297	0.9385	-0.0536	-0.4328	-0.5407	-0.4420	0.5798	0.5591	0.7362	-0.8671	-0.3427	-1.2824	0.8962	-0.9518	1.5997	1.7617	-0.6139	-0.8932	1.2963	-0.7176	0.8786	0.4923	-0.6540	1.5864	-1.2237	-0.0140	2.1954	-0.4970	-0.1363	0.3223	0.0719	-1.6007	0.2210	-0.4302	1.6051	2.6983	-0.2587	-0.0019	-0.7943	-0.9130	0.3227
1.1857	0.1312	-1.5595	-1.1712	0.4957	0.6515	1.3492	0.5348	0.9063	0.2678	-0.0556	0.1666	0.1384	0.9916	0.0808	0.7362	-1.6188	0.3066	-0.2893	1.7882	-0.4573	0.3829	0.2416	0.5122	0.3911	-1.2725	-1.3639	0.7123	0.1975	0.6374	0.1625	-1.9825	-0.8210	0.5631	-1.8869	-0.6995	0.2618	-1.4946	-0.6704	2.1895	1.6730	-1.3779	0.3203	-2.3072	0.6166	0.4169	0.7085	0.1326	0.9950	-0.6969
-0.5330	0.8942	1.3050	1.3675	0.2964	0.3115	-2.1803	0.3993	1.0209	-1.2414	-1.4426	-1.0535	-0.6226	1.1507	-0.5369	-0.9469	0.9526	-0.6237	-0.5526	0.7778	1.4110	0.7056	-2.8440	0.6673	-1.8100	-0.4616	-1.4659	-0.0263	0.7879	1.8378	-0.3906	0.1800	-0.6012	-1.0340	-0.2555	-1.3501	0.1170	-1.2784	1.1108	-0.2933	-1.4975	0.2545	1.8562	-0.7661	0.0720	-1.3455	0.9040	0.8499	0.9824	-0.4353
-1.0513	-0.7707	-1.4691	-1.0706	0.0691	-0.4688	-1.9009	0.2256	0.1481	-2.0425	-1.3113	-0.9890	0.1947	-0.7479	0.4178	-0.2131	-0.6043	-1.9935	0.3584	0.9554	-1.5765	-0.0176	1.9834	-1.2556	-0.4744	-0.4642	0.0172	-2.0055	-1.2954	1.5675	-1.0878	0.1531	0.5398	-0.3003	-2.3610	0.4775	0.0694	0.2985	0.7517	0.2812	-0.9074	0.2945	-1.6442	-2.9825	-0.6719	1.3641	-0.5616	-0.0470	1.1383	0.1316
-0.1359	1.1142	0.8651	0.6126	0.9420	2.0802	-1.3208	0.0860	-0.8384	-1.3745	0.1839	0.0868	0.7323	0.2725	0.0724	-2.0836	-0.3326	0.2633	2.6751	-1.9971	-0.5340	0.5435	-0.3190	0.4131	-0.5794	-1.2023	-1.1403	-0.1737	2.3045	-0.0219	0.7568	1.4800	0.4773	1.2737	-1.9232	1.8538	-1.0154	0.9374	0.4733	-0.6413	-0.9145	-2.1434	-0.4262	-1.6643	0.8754	-0.3114	1.2225	0.8984	2.1547	-1.0627
-0.1447	-0.5034	0.7323	1.2859	0.2902	-1.0546	0.4287	1.7697	1.4818	0.1281	1.1358	-0.7593	0.1897	0.5013	-2.2276	0.9149	-0.9170	-0.1139	0.5920	-0.0982	0.4407	0.8277	-1.3303	0.8754	-1.5615	0.4501	0.5067	2.4244	-0.4984	-0.0134	1.1900	-0.4712	1.1952	-0.2799	0.1550	0.3547	0.0069	1.6933	1.7043	0.6618	-1.2294	1.8719	0.1943	0.9153	-0.4647	-0.2130	-1.1871	-1.2485	1.3142	-0.5349
-0.0758	0.3005	-0.1104	-0.2846	-1.3288	-0.5251	-0.3461	0.2484	-0.1071	-0.7205	-2.2644	0.7001	1.2769	0.3766	-0.0864	-0.3402	-1.0701	0.4536	-2.6090	0.7686	-0.2649	-0.8884	0.3831	-0.1531	0.1777	-0.0595	0.2797	-1.4482	0.8715	0.8443	-0.3905	-0.1540	0.4834	0.6696	-0.0770	-0.1473	1.5646	1.6457	-0.4304	-1.7946	-0.8876	-0.2915	0.6322	-1.8825	-0.9954	-0.0619	0.1057	0.7960	2.4430	-0.1503
1.1390	-2.3076	-1.0458	-1.9458	-0.4673	-0.5660	0.7712	0.0011	-0.8837	-2.3249	-1.4569	-2.1892	1.0451	-1.2154	-0.2407	1.2602	0.5058	-0.3407	1.8092	0.0147	0.6664	-0.8015	-1.7857	-0.3727	0.6474	-0.7095	2.0971	0.4731	-1.3006	2.4782	-0.1585	-1.2678	-1.0727	-1.3276	-1.0318	-0.6000	0.1064	0.0689	1.8197	0.5835	-0.9666	0.2562	-0.3199	0.8259	-1.4947	2.2768	0.0211	-2.0486	-0.6741	-0.5727
0.5013	0.7534	-0.1542	0.2548	2.4127	0.3536	-0.1775	-1.2194	-0.3547	0.5845	-1.1384	-1.8855	-0.8584	-0.6135	0.1138	-0.0919	0.1246	1.8710	0.5893	-1.2535	1.4003	-3.2915	-2.0213	0.1764	-0.2359	-0.6208	1.1895	1.4591	-0.9562	-2.8045	0.5755	1.7258	-0.9227	0.5704	-0.7632	-0.8644	0.0756	-1.0754	-0.3775	0.3483	-0.8039	0.7757	-0.9690	-2.2549	-0.0648	0.6909	-0.6717	-2.1926	-0.4278	-1.2275
0.5808	0.6506	-0.7683	-2.3044	1.2751	-0.8377	0.9639	1.5582	1.5954	-0.1518	0.4454	-0.9319	0.2322	0.1483	-1.5680	-0.5220	0.4600	-0.5078	-1.0186	-0.4644	0.7066	-0.2219	-0.7000	1.3476	-0.0927	0.5192	0.5959	0.4773	-0.0475	0.5531	0.4196	0.5330	-0.5588	-1.0588	-0.9273	1.0198	-0.7871	-0.3174	-0.7437	0.4738	0.1875	0.0966	-0.6414	-0.0280	-0.4253	1.5631	0.2488	0.9745	-0.1189	1.3717
0.8371	-0.0919	-0.5803	1.8270	0.3051	1.1722	0.3943	0.1978	-0.6718	-0.0831	1.0136	0.2203	0.8614	-0.3681	0.4914	0.1198	0.6934	0.3230	-0.4937	-0.2421	0.2750	2.4855	1.6349	0.2277	1.4882	-0.1727	0.1617	1.6572	-1.0149	0.3141	-0.6677	-0.7321	1.7463	-0.5381	-0.3984	-0.8246	-0.2191	0.0988	0.2211	-0.5920	-0.7185	-1.4653	-0.3620	-0.7986	-1.1619	0.2035	-0.8135	0.9174	-0.3126	-0.4752
-1.0969	-1.1343	1.6809	1.0229	0.7953	1.7329	0.4888	0.4274	-0.9021	-0.5819	1.0719	0.5941	0.6793	0.0565	-0.9672	0.9910	0.0960	1.1328	-1.3092	-0.5029	0.2378	-0.4266	-0.6436	-0.3920	-0.4901	0.1479	-1.1166	0.6834	0.3686	0.4655	-0.9311	-0.7217	-0.3415	0.6786	1.5760	-1.4183	-0.1048	1.9011	2.0354	-1.3433	2.0853	1.6060	0.3711	-0.9731	-0.9158	-1.0588	-0.7060	0.0340	1.2646	0.7508
0.4955	-1.0296	0.9857	-0.5216	0.3488	-1.5805	0.0213	-1.2923	-0.4564	-0.9107	0.8440	0.7040	-0.6388	0.4018	0.4205	0.8231	-0.2859	0.7726	-1.5987	-0.5314	0.1458	-1.1864	0.3059	0.4586	0.0183	-0.6312	1.8877	0.5003	1.2573	-0.0725	-0.9908	-0.1883	-1.2734	-0.7795	-0.5354	-0.2917	2.3177	-1.4780	0.6148	-0.0428	-2.0409	0.9531	0.5997	0.3210	0.3174	1.0788	-0.1599	-0.2407	2.6292	0.6312
0.4009	0.4499	0.1804	2.6777	-0.6246	-0.2382	-0.0703	-1.6830	0.2902	0.7470	-0.9585	0.7605	0.6816	0.6606	-0.3376	0.4337	0.3306	0.7698	0.9461	1.0911	-0.7049	0.1765	-0.7835	1.5464	1.1240	0.0967	-1.5411	0.0525	1.0179	-2.4073	0.6134	0.6530	0.1229	-1.1355	1.1649	0.7455	-2.3209	0.6173	1.3071	-0.8730	0.9375	0.0808	-0.3776	-0.3846	2.1704	-1.3395	-0.6835	-0.3436	0.0384	1.2446
-0.0280	-0.5751	1.3142	-0.4291	-0.5150	0.2207	-0.0001	2.3527	-0.0121	1.2249	-0.2933	0.0257	0.9822	0.1386	0.3339	-0.3351	-0.3181	0.0412	1.0655	0.9953	0.1285	0.2747	0.0639	0.5531	-0.3404	-1.2009	-1.8540	0.6627	-1.0228	0.5506	0.0465	-1.5128	-0.7618	0.4169	0.8394	-1.0861	2.2034	-1.4497	-0.8616	0.1621	-2.0693	-2.1559	-1.8846	0.5331	1.8496	1.5860	1.4062	1.2692	-0.7982	-2.0194
1.9286	1.4113	-1.2048	-1.1350	0.3288	-0.6264	1.5416	-0.4194	-1.8108	-0.5699	0.4209	1.8032	1.0041	0.1119	0.6470	-0.0119	1.0533	1.2809	0.1392	-0.6595	0.1900	-0.4507	0.7035	-2.6175	1.0425	-1.4611	-1.2370	1.2374	-0.2046	1.0748	0.2585	-0.9646	0.4323	-0.0445	-1.1512	-0.6032	-0.1767	-1.0041	-1.2259	-0.8102	-1.5118	2.6424	-0.3028	0.0988	-0.0690	1.1955	-1.4069	2.1214	-0.0153	1.0341
2.1028	-0.3426	1.2322	-0.3202	0.0252	0.3367	0.1880	-0.8729	-0.7211	-1.1778	0.9431	-1.0068	-0.0994	-2.1291	-0.2796	1.2468	-0.0956	0.6448	0.5382	-0.2082	-0.5936	-0.3397	-0.2391	1.2479	0.8136	-1.8299	-0.9145	-1.6684	0.7956	-0.0055	1.3856	-1.5565	0.0864	-0.2037	-0.7534	0.6461	1.0446	-0.6840	-0.1250	1.1487	-0.8532	0.8172	0.1532	-0.3414	-1.4688	-0.2116	-1.0769	0.0717	0.4560	-1.9291
-0.2171	-0.5549	-0.9947	0.0834	0.7475	0.3484	1.1250	-0.7198	1.6318	1.0093	0.9948	1.3189	-0.9541	1.0005	-0.5692	0.7084	0.8778	0.0170	0.6315	-0.5530	0.3240	-1.1196	0.1580	-0.1948	-2.0992	-1.7646	0.0073	0.0869	-0.8824	-0.3200	-0.0323	0.5802	-1.8626	0.8749	-0.1354	0.9523	-0.7358	2.0165	-0.3642	0.6170	-0.2825	0.5206	0.2844	0.5571	-0.8558	-1.1469	1.8548	-0.5686	0.3857	0.0615
-1.6385	-0.9023	0.8910	-0.4191	1.2892	-0.1317	-0.0137	1.6159	-0.4034	1.0456	0.2968	0.9819	0.9649	1.8845	-0.5118	0.0540	-1.6061	0.1036	0.1303	-1.1083	1.9839	-0.1903	0.8776	-0.1963	-0.4021	-0.9209	0.4862	-0.0782	1.4091	0.6891	1.4726	0.3776	-0.1732	-1.3556	-0.3052	-0.1094	0.4921	1.0942	-0.6632	0.4121	0.2186	0.2667	-0.1906	0.1729	-1.6907	-0.5174	0.0664	-0.3163	-0.1083	0.8731
-0.5173	0.8786	-1.1244	-0.8529	1.5583	-0.1932	-0.6600	0.0718	-0.3896	1.1096	-0.6146	0.7396	0.9017	1.1792	0.1070	-0.9699	-0.2054	-0.8504	-1.2148	0.8842	-1.3155	1.7436	-0.8076	-0.3558	-0.5691	-0.3238	0.1566	-0.6182	-0.5481	0.4086	-0.7836	0.5915	1.0069	-2.0346	-0.2667	1.2309	0.2172	-0.3409	1.0178	-0.7984	0.4189	0.7557	-0.6873	0.2893	-1.5073	1.4645	-1.6480	0.3292	-0.9601	0.8210
-0.5513	0.2464	-0.4887	1.2710	0.8617	0.0194	-0.1294	-0.0370	1.0140	-0.4425	0.4426	-2.0615	-1.1390	0.6391	1.1254	0.2950	-0.8371	1.1813	-1.4246	-1.1101	-0.1651	-0.1490	1.1939	-0.7912	-1.0975	1.0138	-0.1801	0.4198	-0.9746	1.5686	-0.8875	-0.3082	-0.9203	1.7772	1.4475	-1.1221	-0.0243	-0.9356	-0.1172	2.6715	0.5097	0.7814	-3.5292	-0.3878	-1.7259	0.0418	-2.2386	-0.9862	0.0307	1.5498
-1.7490	0.5498	0.0443	-1.0496	1.2832	-0.5194	1.5621	0.5275	-0.3277	-1.4543	-1.1912	0.2666	0.8880	0.3843	0.3311	0.6456	0.9200	-2.2718	1.2645	-0.1265	0.1404	-1.0432	-0.7426	1.5049	-0.2662	-0.2788	-0.8093	-0.4122	1.1835	1.4723	-1.5831	-0.0344	0.2824	-0.7585	0.9174	-0.1082	1.8000	0.7984	0.7060	0.1102	-0.5514	0.3898	0.5410	0.0782	0.6660	-1.0251	0.3053	-0.3129	-1.6722	0.2531
-2.0031	0.4302	-0.5248	-0.2585	-0.4017	-1.5435	-1.3813	0.0755	-0.3247	0.9137	0.0177	1.1125	-0.4596	-0.0417	0.7391	-0.3653	0.3302	-1.3439	-1.4061	0.5324	-0.4195	-0.3485	0.2802	0.3079	0.0123	-1.9231	-1.1820	-0.2205	-0.0752	0.0331	-0.5579	0.2684	1.1916	-1.4166	1.1578	1.4077	1.8502	0.7383	0.6860	0.4373	-1.2776	-0.9694	-2.0243	0.2461	1.1928	0.2328	0.1083	0.5895	-0.6565	-0.1329
-1.0309	0.7161	-0.0510	0.4769	-1.3863	-0.0477	0.0935	-2.5987	2.6991	-0.0502	0.9503	-1.7051	-0.6486	0.1745	0.3256	-1.0285	0.0238	-1.7983	-1.9021	-0.3664	-0.3891	1.6646	0.8165	-1.1466	0.7741	-0.2991	0.0174	-0.0765	0.2201	-0.5215	-0.9025	1.5724	0.2094	0.1494	-0.5117	-1.9118	-1.4690	0.4129	-1.0535	0.7950	-1.1957	-0.4835	-0.1485	0.9335	-0.0837	0.0870	1.4478	1.2238	0.3921	-1.6414
0.4161	-1.2861	-0.1956	-0.9261	-0.5169	0.1319	-1.1268	0.6774	0.5453	-0.3161	-1.5662	0.5764	-0.7557	0.4743	-0.2905	0.0318	0.9480	-0.6304	-1.2417	0.5138	1.2206	-0.5973	0.0848	-1.1317	0.5594	0.2376	1.4961	0.1312	-0.7961	0.1184	-1.6401	0.0919	0.2675	-0.0202	0.0927	0.1118	1.1907	-1.2924	0.8606	1.8263	0.1954	-0.1242	1.0256	0.0072	-0.5326	-1.5831	-0.0277	-0.1682	0.3949	1.3460
-1.2503	-0.0792	0.2116	0.5160	1.3405	-0.2708	0.5492	0.0394	1.0933	1.0137	1.4405	0.4486	-0.8255	0.0157	0.6436	1.3948	0.2124	0.7240	0.8923	-0.4313	-0.1430	-0.6161	-3.1044	-0.6791	-1.3692	-1.3120	0.7922	0.5043	-1.1528	-0.5156	-1.0128	0.5702	-1.8013	-0.9327	-0.5604	0.4666	-1.4725	0.8854	0.8104	0.1258	0.6631	0.0245	0.1252	-0.5288	-0.5749	-0.8181	-3.1877	-1.3178	1.6569	0.5341
-1.1923	2.1528	0.5411	-0.5107	-0.4393	0.0769	-1.5312	0.0335	-0.6299	-0.0584	1.0313	0.1830	-0.1875	-1.7434	0.0678	0.7060	-0.0706	-0.0651	-0.4592	-0.4322	-0.8087	-0.9017	0.2722	-0.7780	-0.1212	0.8949	0.1114	2.1524	-0.9733	0.4162	-2.6046	1.8923	0.9913	1.5573	1.2099	0.6001	1.4534	-0.6543	-0.7246	-0.5382	-1.5639	0.4088	-0.0629	0.3936	-1.2323	-1.0310	-0.6286	1.4030	-0.6015	-0.1797
0.0334	0.2063	0.1273	-0.1184	-0.4573	-0.0894	-1.5675	-0.7469	-0.6324	-0.1497	0.0797	-0.7077	0.3225	1.0527	-2.2270	-0.9995	-0.3540	-0.4998	-0.5531	-0.8446	0.2877	-0.0391	-0.9994	-0.4479	1.0180	0.1546	0.6635	-0.0976	-0.7854	-1.1722	0.3988	-0.4702	0.5469	0.1483	-1.5221	-0.3372	-0.5672	-0.6875	1.8225	-1.3563	1.3684	-0.0413	0.2023	-0.0282	1.9275	-0.5059	1.1872	1.4349	-0.2835	0.6205
-0.3489	-1.5799	-0.2507	0.8784	-2.5676	0.8660	-1.4811	-0.1091	-0.7695	-0.0848	-2.3642	0.3338	0.5646	-0.6483	0.4788	0.4355	1.1812	-0.2653	-0.0294	0.6726	0.4341	-0.3010	2.1304	-0.9458	-0.9257	-0.9497	-2.4260	-2.4455	-0.7975	1.7173	0.7964	-0.1919	-0.0817	0.6632	0.3238	-0.5676	0.0655	-0.6423	-0.1176	1.3674	-0.4640	1.0914	-0.6624	-0.8114	0.5749	1.2352	1.7416	-0.6680	0.7286	-1.1031
0.4617	0.8866	-0.8700	-0.6972	-2.1695	1.3575	0.0969	-1.4714	-1.2277	0.3809	0.0646	-1.5446	0.3197	0.4698	0.4464	-1.3591	1.0837	1.1033	-0.4019	-0.5454	2.0855	-0.2909	0.4537	-0.3191	0.1427	0.3980	-0.6765	-0.7014	0.0746	-0.4945	-0.6924	0.9663	-1.3679	0.2928	1.2655	-0.8622	1.8876	1.2452	-1.5539	0.1841	0.8414	-0.1419	-0.2318	1.0660	0.6597	1.9874	-0.3982	0.1222	-0.1328	0.2669
-0.2970	1.3465	-1.3131	2.0927	-1.0016	-1.0686	1.1121	1.4885	-0.6817	-1.6054	-0.6439	1.8580	-1.2905	-1.0888	-0.0892	0.1509	-0.5903	1.1479	1.5110	-0.6403	-0.5370	-0.6911	-1.0980	1.1779	0.2215	-0.5824	0.9546	-2.6732	1.4127	0.3350	-0.3406	-1.5724	-1.2445	0.4446	0.2622	-0.6755	0.5390	-0.6845	0.2370	1.1422	1.1866	0.4274	-1.3234	-1.3994	-0.1956	0.1609	2.5044	2.0074	-0.5006	0.4403
-0.5767	1.2045	1.8930	-0.5600	0.4922	1.3889	0.0818	-1.2906	-1.2978	0.1345	-0.8141	0.7704	0.5370	-0.5594	1.0803	-0.6331	-0.4399	0.8354	-0.5548	0.4809	-0.3894	2.4111	-1.3174	0.3959	0.3617	1.1010	0.2695	-0.7808	-0.0655	0.2583	-0.5140	1.8990	-1.0397	0.5320	-0.6880	0.6330	1.2289	-0.1181	-0.7150	-0.0554	-0.8560	0.0385	-0.9445	0.9879	-0.9705	-1.9314	-1.1637	0.1551	0.3358	0.3598
-1.8918	2.2460	1.3078	-1.4551	-0.2767	-0.9316	-0.1927	0.4624	0.1363	-0.7684	0.6057	-0.8862	-0.2465	-0.1309	-0.4628	-0.9729	-1.3350	-0.8953	1.1863	-1.8780	1.4748	-1.0595	1.5156	0.3812	1.0508	0.5240	0.3456	-0.8813	0.0417	-0.3006	-0.6916	0.0855	1.6354	-0.5118	-0.0449	0.5248	0.0015	0.7318	1.5081	0.0133	-0.7029	-0.1996	-0.2548	0.5006	-0.3486	0.5450	-1.3935	-1.0736	-0.1444	0.4535
0.1592	2.6254	-0.0570	1.7001	-0.5538	-0.1164	-0.2427	-0.1835	-1.7384	-0.0760	-1.1549	1.2686	0.5127	0.6198	-0.6372	2.0851	1.6164	0.5075	0.9663	0.0109	-0.9060	-0.3241	1.3937	-1.2747	0.1870	0.3587	0.0332	-0.6414	0.5832	0.3676	0.2652	1.2626	0.3144	-1.0660	0.5360	-0.2709	0.4423	0.9652	-0.1331	-1.2333	0.2630	0.6592	0.2960	0.2598	-0.3542	-1.6784	-0.2855	-1.3798	1.1650	-0.5982
-0.1794	-1.4728	-1.0479	-0.6502	0.0652	0.4980	-0.7331	1.1816	0.7267	0.2802	-0.5864	-0.0906	-0.4387	0.1768	1.3947	0.5134	1.8602	0.3773	0.5795	-0.4719	-0.0497	0.2748	0.7468	-1.3105	0.6335	1.0319	-0.0830	-0.9664	-0.4952	-1.3835	0.4742	0.0285	-0.9311	1.1157	-0.7879	-0.8729	1.6824	-0.4532	-0.2564	0.3146	1.5119	-0.6269	-0.0387	0.4630	0.2533	0.2165	-0.7713	-0.1985	-0.1471	0.5269
0.8835	0.8352	0.7590	0.0192	-0.4837	-0.4112	1.0323	0.1778	-0.2973	0.5149	-1.1941	2.6214	-0.6381	0.1842	1.4399	-0.9372	0.6908	-0.8499	0.8834	-0.4292	1.5458	-0.3034	-0.3100	0.6963	0.4896	0.4623	-1.1157	-0.4200	-0.5988	0.2067	-0.4355	-1.1847	0.0689	-1.4870	1.0630	-1.8160	0.2489	0.7282	0.3399	0.7236	-1.1284	0.3720	0.4586	2.5773	-1.0913	-0.6648	-0.3548	-3.4336	0.5178	-0.5336
-0.6986	-1.0837	-0.2126	-0.6824	-0.2002	-1.8436	0.6936	-0.5354	1.2343	-0.3972	0.1721	0.3507	0.9844	1.6852	0.6919	1.4411	0.7781	-0.7338	-0.4153	0.0544	0.0664	0.0865	-0.0137	-0.1325	0.4328	0.3825	0.1841	-1.4598	0.0340	0.4674	-0.6556	-0.2113	0.6561	0.0628	-0.8000	2.1453	0.0740	-0.5431	0.4192	-0.2671	-1.3361	1.2317	0.9056	-0.6612	0.3381	0.1357	-0.1754	-1.2566	0.6789	-0.7735
-2.3933	1.6777	0.3173	-0.2508	-0.0312	-0.1779	-0.2147	-0.4877	-0.4890	0.9579	-1.9464	-0.5224	-1.6598	-0.8553	0.3427	-0.8699	1.8134	-0.0488	0.3642	0.5939	1.0109	0.2079	0.5140	-0.0651	-0.9513	-0.1234	0.4426	-0.6346	-1.1929	0.4161	1.0509	0.2631	0.3212	0.1951	1.2209	-0.7154	1.5123	-0.8385	0.7671	-0.1684	-0.9951	-0.2197	-0.2864	1.4710	1.3335	-0.4052	-0.1826	0.1795	0.6185	0.4630
-0.7072	-0.6525	-0.5407	-0.3145	-0.8268	-0.0424	-2.5410	0.0788	-1.7920	-1.4967	0.1738	-0.1943	-1.3647	0.1433	0.2588	0.5835	-0.0636	1.6900	0.1384	0.1847	-1.0178	-0.3342	0.3700	0.5395	-1.2347	1.4326	-0.3507	0.0838	0.6727	0.5634	-0.3317	0.4244	-1.3814	0.4016	-0.0027	1.7415	-1.1923	0.4538	0.1245	1.1864	0.6410	1.1496	1.5967	-0.3017	0.6213	-0.4117	-0.1075	-0.4314	-1.7301	0.7668
-2.1445	0.2975	1.1478	0.3231	-0.1776	-0.7632	-1.2210	1.3948	0.4650	0.5241	1.4037	0.7720	0.3294	0.9931	-1.0140	-0.9769	0.2103	1.3283	0.4063	-0.7123	-0.3419	-0.5441	-1.2920	1.3869	-0.0210	1.2687	1.4073	-0.1424	-0.3936	-0.2370	0.3334	0.4754	-2.0153	-0.6793	-0.3225	1.5157	-0.5505	-0.4608	-0.0682	-0.5353	0.5382	-0.9776	-0.3800	-1.0716	-1.4148	-1.1841	-0.3055	0.6199	1.1510	2.0439
-0.5896	0.9665	1.9520	-1.4231	-0.7204	0.4093	-0.4893	0.1062	0.1367	1.1020	0.6025	-0.4981	-0.1605	0.5385	0.5584	-1.7091	-0.6954	1.5564	0.2527	-0.3983	-0.2052	-1.6228	0.7908	-0.6611	1.7128	-1.4708	-0.1007	-0.8566	0.8038	1.2909	1.5774	-0.2573	1.4706	-0.1328	0.4789	0.7335	-1.2449	-0.9903	-1.3697	0.0036	0.8692	-1.0863	0.8693	-1.0387	0.0804	0.1561	-1.8939	-0.5983	0.6717	1.9682
-1.7056	1.7316	-1.4613	0.6913	2.7377	0.5148	-0.9263	0.4631	1.4517	1.5413	-0.0207	0.5677	0.1921	-0.4075	-0.5363	-0.7684	0.7632	-1.3763	-0.6472	-0.8850	-1.3479	-0.5216	-0.5434	-0.5081	-0.2389	-1.2960	-0.4633	-0.3883	1.0082	-0.1013	0.5788	-1.5950	-0.6019	1.8312	-1.5222	0.7230	-1.3758	0.7112	-0.9733	0.6805	-0.6313	0.4338	2.4736	-0.8263	0.6205	1.0793	-0.8763	-0.3295	-0.9769	0.4899
-1.4059	-1.2835	0.7080	-0.4334	0.2224	-0.0707	1.2371	-0.1648	0.2736	-0.9883	1.8627	-1.0988	0.8457	0.4347	0.6666	-1.0125	1.0981	-0.1112	0.6042	-0.8554	-0.6132	0.1731	-1.4608	-0.2909	-0.1177	1.4933	-0.5242	-1.5697	0.0085	2.0051	-1.7400	0.6684	0.0254	-0.0121	0.1583	1.8017	0.4075	0.8730	-0.8647	0.1709	-1.6131	-1.1968	-0.5175	0.8083	-1.3385	-0.4820	1.3579	-1.5782	-0.1627	1.2746
-2.0263	-0.3382	-0.6721	1.3357	0.8765	-0.4113	-0.7065	-0.5212	-1.1859	1.1288	0.5783	0.7693	-0.8019	-0.5172	-0.9437	-0.4159	0.7592	0.7922	-0.7207	1.6188	0.3323	-0.7617	-0.2862	0.6416	1.1461	-0.3385	1.3617	-0.5157	0.3267	-0.3660	-0.1650	0.3523	-1.0608	-0.1715	1.0745	-0.8376	-0.2836	-0.0667	1.3661	-1.3956	0.3593	1.0304	0.4714	-1.3179	0.0757	-0.2028	0.8433	0.4317	-0.1427	-0.2730
-1.0032	1.5556	0.6899	-1.1312	1.4212	0.0706	-0.7720	-0.1062	0.5854	0.7885	-0.1790	-0.2884	-0.1772	-0.2890	0.4588	-0.4270	-1.0027	-0.8235	-0.2207	0.8265	-1.1503	-0.0539	-0.2993	1.9408	-0.0879	-0.8417	-2.1576	-0.4972	-0.9075	1.1338	-1.0684	-0.5495	0.5928	0.7970	-1.2022	-0.2981	-0.3769	-0.7047	0.1812	-0.5904	0.4136	0.4040	-2.1330	0.4081	-0.5183	-0.5927	-0.9519	1.6148	0.0784	0.5053
-1.0102	0.2296	1.7793	1.2686	-0.0327	-0.9961	0.9819	1.7449	-0.4507	-0.9272	-0.0628	-0.6643	-0.5893	-1.8671	-1.2668	-0.7028	-1.1700	-0.6187	-0.1822	0.0363	0.2196	-0.4090	-1.3690	0.3309	1.1304	-0.9472	0.1627	0.0911	0.6843	1.2406	2.3912	1.0828	-0.1122	0.1340	-1.2966	1.2287	-0.9642	-0.4305	0.0652	-1.4385	-0.2761	-2.9237	-2.2204	0.1677	-0.0263	-0.2571	0.1733	0.4468	1.7099	0.9671
0.1521	-1.6108	-2.6507	-1.2506	0.2581	-0.0957	0.5711	0.8605	-0.3450	-1.9271	0.5633	-1.8119	-1.0869	1.1669	0.0378	-0.9294	-2.4204	0.4153	-0.8827	0.5319	0.4161	-1.1853	-0.8728	-0.8793	0.4626	4.0228	-0.7705	-0.0728	-0.9020	0.0084	1.5209	-1.1989	0.5778	0.0413	0.4878	-0.6085	0.6722	-0.7371	0.5829	0.2265	3.2447	-0.9110	0.1366	-1.3345	-0.0655	0.4396	-1.0911	-0.1790	0.1598	0.7384
0.3533	1.0327	-1.3037	1.8864	0.0106	1.0898	0.2546	0.6250	1.8161	-0.6421	-0.1942	-0.9274	0.4433	-0.5368	2.5718	1.5125	-0.3346	1.1539	1.4385	-0.8032	0.2513	0.7314	0.9327	-0.4905	-1.3782	-1.1864	-1.3696	-1.6954	0.3970	-1.4734	-0.5316	-2.2577	-1.1685	-0.7136	-0.0731	-0.4745	-1.2385	-0.2218	1.2836	0.5818	-0.2635	0.5175	-0.1070	-1.3439	0.0424	-1.3875	-0.0426	-0.0277	-0.6763	-0.5270
0.2651	-0.9821	-1.0318	-1.4524	-0.0873	1.0259	0.4462	-0.4692	-0.7005	0.2960	-1.0756	0.7504	-2.0145	0.4529	-2.1163	-0.7080	0.1257	2.1186	-0.2629	-0.6521	0.5991	2.6334	-0.1435	0.7986	-0.7330	0.6960	0.0703	-1.3119	0.3602	0.8118	-0.3171	0.2649	-0.6502	-0.1347	0.7781	-0.1689	-2.3194	-0.8336	-0.1455	-0.0451	-0.8310	0.5938	-1.1517	0.3348	-0.4433	0.7520	0.4422	-0.4850	0.1951	0.0675
-0.3584	-0.1126	-0.3498	-1.8040	0.9920	-0.4561	-0.6361	0.1741	0.1365	-0.6333	-0.6382	-0.2161	0.9997	0.0812	1.9537	-0.7046	0.6057	0.3663	1.6506	0.2861	-0.1943	-1.2517	1.9807	-1.4133	-0.8144	-0.4121	1.3757	-0.8168	0.6877	-0.4909	1.8609	0.1589	0.9448	0.4898	0.4314	0.1503	0.2979	-0.3895	-0.9688	1.0857	2.4751	-0.2924	0.0635	-1.5763	-0.9719	1.3420	0.2931	-1.5673	0.6203	-0.0423
1.6723	1.1152	-1.7759	0.3001	1.5657	-1.0392	-0.3901	0.6547	1.9497	0.9120	-0.0553	-0.5952	-1.3773	1.5709	-0.3346	-0.4139	0.8846	-1.5766	-0.5656	-0.3521	1.7051	0.2663	-2.2451	-0.0926	-0.2853	-0.1108	-0.3074	-0.5858	-1.0394	0.5241	0.9609	-0.9303	-0.9528	-0.5774	-0.5604	-0.0981	0.5566	0.3609	-0.6685	-0.2864	-0.5661	0.0814	0.1164	1.2187	-0.5262	0.4424	0.2711	0.3844	0.4871	0.7731
-0.2886	0.3400	-1.6060	-0.5490	-1.2725	0.2234	-0.7382	-0.5299	0.3336	0.7075	-0.0069	0.9746	-1.3991	2.0254	0.3451	0.2315	-0.2486	-1.0594	-0.6694	0.8533	0.7226	0.1454	-0.1323	-0.5304	-1.4915	-0.4226	0.4068	-1.8869	1.1253	-0.9187	0.1194	1.2627	0.0214	1.8021	-0.0292	-1.2401	0.5209	-0.8080	-0.4917	0.6043	0.8092	1.1227	-0.6535	-0.7749	-0.3537	0.6855	1.2741	-1.3011	-0.2124	0.8691
-0.0284	-0.9170	-0.4035	-0.3605	-2.1312	-0.8692	-1.1511	1.0076	-0.3725	-0.3876	-0.5932	0.3274	-0.3854	0.4435	-1.6331	0.3364	0.5098	-1.6687	-1.0356	-1.4601	0.6249	-0.6791	-0.5945	0.4540	-1.1529	-1.1972	-0.6741	-0.9866	0.4345	-0.5596	0.8760	-0.9944	1.8735	-0.6293	0.2372	0.4151	-0.1391	0.0262	-1.0733	0.2582	1.4346	-1.0589	-0.2265	-0.1506	-0.0414	1.2669	-1.6360	0.9418	-1.9267	-0.6138
-0.6936	-0.5826	-0.4877	-0.7646	-0.8068	-0.2644	-1.8026	-0.0044	0.1060	-0.0283	-1.3016	-1.1821	1.8543	0.9839	-0.0422	0.2610	2.3563	0.3517	2.2201	1.3374	-0.4232	0.8507	-0.9771	0.1827	-0.3646	0.0021	-0.3268	0.8403	1.6541	1.4598	-0.3571	-0.7496	1.2334	-1.5623	-0.2595	0.2929	1.9077	1.9738	0.0638	1.0770	-1.1115	-0.8367	-2.0085	-1.9709	-1.6717	0.0401	0.5099	-0.3808	-0.6669	-1.0998
0.6824	-0.1704	0.8936	1.5267	-0.5743	-0.7676	-0.9035	-0.0626	-0.6277	0.7143	-1.0551	-0.1977	-0.2958	-0.2738	0.1169	-0.1378	-0.0034	-0.3558	0.9265	-1.2480	-0.4881	-1.4596	0.1483	0.2213	0.1103	-0.7029	1.1658	0.8211	0.1355	-0.8115	-0.6895	-0.3077	0.8382	-0.1302	-2.8784	-0.1774	-1.3346	0.7237	0.4040	0.5321	-1.1990	-0.0142	-0.6502	0.5273	0.6466	0.9177	-1.1077	-2.4024	0.8298	-0.3822
-1.4358	-2.0700	0.2531	0.6722	0.2375	0.1790	-0.4909	0.5146	3.1713	0.4600	0.9020	0.0736	0.0110	-0.1478	-0.2988	1.0678	-1.5253	1.2506	-0.3674	-0.4120	1.2849	1.8326	-0.5978	-0.5513	1.2915	1.3057	0.6050	0.2628	-0.6093	-2.0302	1.1193	-1.7337	-0.0886	0.5292	1.7037	4.2832	0.5754	-2.3774	-0.9235	0.2954	-1.7185	-1.4129	0.8380	1.3094	1.4725	-0.7935	0.2518	-1.3569	-0.1583	-0.9820
-0.4501	0.1707	0.4342	0.1834	1.0126	1.8623	-0.4494	0.2526	0.7562	-0.0906	1.2615	0.4602	-1.8874	-1.2045	0.8721	-2.0556	-1.9229	-0.8131	-0.0931	0.4623	0.9001	-0.5282	1.7325	-1.2041	-2.1923	1.0981	-0.4645	-0.6405	-1.6859	0.3225	0.4353	-0.0043	1.3344	-0.6112	-1.3954	-0.6347	1.5691	-1.6330	-0.1564	2.6745	-1.1303	-0.5632	0.0318	0.1237	0.5282	-1.0691	0.2261	2.0578	-0.5117	1.2435
-2.3119	-0.5196	-0.6713	-1.4316	0.0631	0.9594	1.9794	1.1333	-1.0202	1.8845	1.1705	-0.0464	0.3128	-0.4469	-1.2848	0.8809	-1.6386	-1.6718	-0.3351	-0.0678	0.4366	1.0365	0.8456	-1.1682	0.3585	0.5712	-0.7728	0.9606	0.2861	-0.2913	0.0236	1.4660	0.1637	-1.3833	0.8312	0.3503	0.1794	1.0463	0.6218	1.3089	0.3315	1.4601	0.7495	-0.3575	0.1193	-0.7240	0.5660	0.5587	-1.5404	-0.3531
1.6661	-0.2897	-0.7071	-1.1237	-0.7105	0.3433	-3.0513	-0.8997	-0.2568	0.2896	0.5659	-0.5138	0.8486	1.7389	-1.2863	-1.1100	-0.7303	-1.4102	-0.8451	0.1959	-1.7814	0.4585	-0.6499	-0.6966	-1.8313	1.6126	-0.0786	-0.5088	1.8769	0.0337	-0.3336	-0.4299	-0.4785	-1.2916	1.9266	-0.2778	-0.9480	-0.7357	-2.2588	-0.6705	-1.2942	-1.3908	0.8795	-1.6127	1.8739	-1.2174	-1.2178	0.3595	-0.8252	-0.6161
1.8182	-2.0580	-0.3749	-1.7386	-1.0419	0.9052	-0.8572	-0.3170	-2.4842	-0.4900	1.8641	-0.7785	0.7847	1.6815	-0.0788	-1.6707	1.7332	0.5835	-0.8649	-0.3982	0.9898	0.4742	-0.3857	1.5510	-0.6587	0.6843	-0.4773	1.7775	-0.1690	-0.9102	1.6737	-1.4266	0.5786	-0.7969	0.3622	0.1039	-0.4805	-1.5327	-1.6225	1.2728	-0.0362	-1.8740	0.1116	-1.0740	-0.8412	0.2768	0.6758	-0.9251	-0.9170	0.4834
-1.0425	-0.0447	0.2880	0.8085	-1.4079	-0.3688	0.4606	-0.1976	1.2029	-3.0304	0.0544	-0.2197	0.5232	0.5397	0.8412	0.0395	0.0298	-0.6657	0.4294	0.3395	1.2319	-0.6892	0.2941	-0.9610	0.3047	-0.2981	0.2482	-0.7820	0.1070	-2.0691	-1.2180	-0.2869	1.5865	0.8415	-1.3950	0.8206	-0.5924	-0.4686	1.4451	-0.3701	1.0129	0.8395	1.2844	-0.6116	-0.3741	1.0141	-0.1280	-1.3481	0.9678	-1.7550
0.0805	-0.2482	-1.4744	-0.5479	0.8044	1.1163	-0.8891	-0.4391	0.2245	0.8122	-0.9660	2.4003	0.5446	-1.4618	0.8855	-0.0615	1.4974	3.3306	0.6907	0.5920	-0.6292	-0.5283	-0.5064	1.2739	-1.1776	-0.5418	-0.0160	-0.2656	-0.6248	-0.0498	1.1727	0.8206	-0.5328	-0.5329	1.0717	0.7887	-0.9282	-0.5641	0.6814	1.8081	-0.7704	1.0631	0.5894	0.9773	1.3182	-0.0366	0.5825	-0.7568	-0.5750	0.2253
-1.7755	0.7461	0.6341	-0.9324	-1.0615	0.4979	1.0439	-1.6058	-0.3586	-0.2721	0.1371	0.5330	-0.4894	-0.1434	-0.1143	-1.8042	1.6830	1.6618	-0.8805	-0.4968	-0.8524	0.5033	0.1026	0.2060	1.2143	-1.0072	0.2106	0.1157	-0.3188	-1.0971	1.7754	0.9879	-0.1583	-0.9962	0.7346	-0.3904	-1.0896	-0.5183	-0.0849	0.6060	0.0804	-1.2463	1.0079	0.4782	-0.5883	1.1892	0.1096	1.0553	0.2704	1.0347
-1.9355	0.9603	-0.4175	-2.1785	0.3264	1.4461	-0.4525	0.6004	-0.3082	0.7623	0.8842	-0.2779	0.6852	1.1559	-0.4560	-0.1754	-2.1008	1.2406	-2.1923	1.2830	-0.3157	-0.6513	-1.3211	-0.8151	0.4018	-0.8090	0.3850	-1.6550	-0.0338	-0.1747	1.2752	0.3145	2.4481	0.7514	2.1531	-1.7057	-0.3522	-0.2138	-0.7160	-0.8248	-0.5005	-1.6446	-1.0283	-0.5677	-0.9647	1.2073	2.1587	3.1633	-0.3791	0.7702
0.1917	-0.5312	1.9127	-0.4841	0.8295	0.8367	0.8496	0.8502	-0.4464	-0.9738	0.7498	-0.2595	0.2477	-0.6997	-0.7924	-0.3499	-1.4947	0.1788	0.7845	-2.4456	-1.0457	-0.4908	0.5622	-1.0884	-0.7053	0.3004	-0.3582	0.5135	-1.4277	0.1762	-0.0536	-0.3311	2.2691	-0.7470	0.3406	0.0116	1.0320	0.8462	-0.2755	-0.1671	-0.4831	-0.8799	1.1452	0.0891	0.0876	-1.5812	-0.1818	0.3137	-0.5749	0.2191
0.3994	1.0189	-1.0562	0.8154	0.2469	0.4920	0.8375	-0.8503	0.0008	0.2039	-0.9975	-0.3771	1.6313	1.8018	0.7863	-1.3395	-1.0466	1.1630	0.8438	-0.1778	-0.6288	0.1264	-0.9795	0.4831	0.3315	-0.3235	-0.4817	-1.4476	-0.7227	-0.7182	1.0212	0.8306	-0.1896	-0.1772	0.0165	-1.3232	-0.4580	0.9183	-0.4423	1.2710	1.5713	0.0084	0.4424	-1.7952	0.6204	-0.1637	0.7801	-0.1438	0.0793	-1.0537
-1.0161	-0.2505	1.3129	-0.3348	-0.3843	-0.0213	0.6575	0.4261	0.3388	-0.0237	-0.2041	0.7174	0.6476	0.0845	0.3727	1.6527	-0.9461	0.5110	-0.6815	-2.2569	0.2156	0.9398	1.8117	-1.0994	-0.4428	0.4977	-0.3135	-1.4123	-1.0022	0.1893	0.5955	0.0797	1.8085	0.1773	1.5604	-1.5064	-1.9190	-0.4826	-0.0856	-1.5375	-0.2193	-0.2982	1.7887	-1.3552	1.1958	-1.2710	-0.6744	-1.1202	1.5558	0.2629
-0.9193	0.6247	0.4987	0.7823	0.3749	1.0540	0.1248	-0.9521	-0.1341	-1.8644	1.7903	0.3326	0.2795	0.1302	-0.1513	0.7643	1.4240	0.5786	-1.0371	1.4198	-0.4483	-0.4671	0.9831	-0.7535	1.2456	0.1457	1.1737	1.0008	-0.0894	-0.3853	1.2827	0.5250	0.6330	-0.1208	-0.6475	-0.1602	0.4642	0.0785	-0.7857	-0.6978	-0.7070	1.6214	1.5518	-0.3673	0.1549	1.6533	0.0736	-0.9956	-0.1909	-1.4282
0.2207	-0.1522	1.0247	0.2076	0.6922	-1.4500	0.2828	-1.3643	0.3973	0.7451	0.2770	0.7905	-0.5841	-2.3294	0.8948	0.0612	0.8581	0.4236	1.1547	0.6834	-0.2447	0.8588	-1.0140	-0.5838	0.3515	1.4330	0.5156	0.2014	0.4076	-0.9377	-1.1165	-1.7099	-1.1630	-0.7693	0.4056	0.0346	-0.7958	-0.4605	0.4709	-0.1261	-1.4220	0.7338	0.7769	0.0541	-0.9293	-2.2772	0.9969	-0.0618	-1.4211	0.0315
-0.7045	-0.7092	2.0189	0.7534	0.0428	1.0499	1.1088	-0.9895	0.0133	0.1914	0.5841	2.0920	1.1185	1.3584	0.3525	0.2609	-1.5452	-0.6329	-1.5854	2.0626	1.1843	0.9833	-0.7310	0.4894	0.8896	-0.8845	0.7389	1.5965	-0.2004	0.4865	-0.6906	0.3728	-0.3552	1.0354	-0.4297	-0.6542	-0.6497	1.5818	-1.4839	1.2319	1.7527	-1.4270	-0.1696	2.4224	-0.4463	-0.7107	-1.1016	-1.7109	-1.1665	0.3620
-0.4926	0.1556	1.3646	0.3216	0.4831	1.2231	-1.0394	-0.4501	1.1385	-0.0084	1.0129	-0.9896	-1.0104	0.1054	-0.6387	-0.0816	-2.1306	-0.2346	-2.2512	-0.1595	0.1431	0.1155	0.9690	3.0829	-0.1282	-0.8944	1.0916	-1.6074	-0.3954	-0.1256	0.6087	-0.6257	0.8505	0.2313	0.9700	0.2653	1.0170	-1.6682	0.7108	-0.1162	-0.7126	-0.8193	-0.7881	1.2941	2.2509	-0.1274	-0.9320	-0.7727	-0.6300	-0.9686
-1.7461	-0.6822	-1.1208	0.8292	-1.0703	0.9277	-1.6937	-0.9153	0.7195	0.4719	0.3267	0.8294	-2.0906	0.6685	0.1308	-0.4068	1.2417	-0.5717	-0.0016	0.1096	-0.6098	-1.0428	0.8731	0.8329	0.6874	-0.7974	2.0606	-0.6607	0.7567	0.2802	0.1590	-0.8753	-0.7290	-0.5035	-1.0370	-0.5326	0.8797	-1.5161	0.9195	0.2784	1.2027	0.4978	-0.4560	0.2043	-0.0116	-1.8157	0.2700	0.4288	0.3417	-0.9635
-0.6098	-0.8608	-1.2944	-0.7323	0.6690	-1.5349	1.3099	-0.7767	1.9859	0.5187	-1.7719	1.1120	0.1825	0.3528	-1.8008	-1.4713	0.1966	-1.0559	-0.6696	-0.0468	-0.6852	-1.5505	-1.7945	-0.5120	-2.3676	2.1757	1.5173	-0.3857	-0.5840	-0.2868	-0.5549	-1.2909	0.7248	-0.8423	-0.3810	-0.1639	0.2103	-0.3907	0.2303	1.4546	-0.5471	1.9421	-0.6620	0.4903	0.1123	0.3740	-0.3638	0.8534	-0.1698	-0.8421
0.7431	0.2250	-0.8692	-2.4757	-0.9734	-1.1447	-0.0151	1.6613	-0.7163	-0.2131	1.3988	0.1034	-0.7178	0.7681	0.3299	-1.2786	0.4209	-1.5997	-0.0370	-1.4792	-1.6871	-0.6978	-0.0746	1.2278	-0.4205	0.7794	-1.0008	0.0327	1.1069	-1.4699	-1.5880	0.5715	0.6695	-0.2818	0.8742	-0.9774	-0.0471	0.4534	0.5570	-0.5614	0.3784	-0.7715	-0.0134	0.0660	0.0697	-0.5964	0.7099	-0.7152	-0.3009	1.8212
-1.0428	1.3357	0.2026	0.3455	-0.5369	0.2961	1.2949	1.2409	-0.4755	-1.1111	0.0718	0.3712	-0.1763	1.4382	0.3763	-0.0745	-1.2952	-0.1463	-0.1475	0.1344	0.4552	0.5534	-1.5247	-1.8714	-0.7942	0.1331	-0.8574	0.1483	-0.6933	-0.3651	-1.3024	1.3043	0.4576	-0.7539	-0.2938	-0.5741	-0.2387	-0.3047	2.0407	0.1093	0.1577	1.2503	2.8435	1.8938	-0.6974	-0.5486	0.0525	0.6909	-0.8567	0.5296
-0.6079	0.8764	-0.1721	0.3952	-1.1394	-0.4493	0.0325	-0.1671	-1.2544	-0.6014	-0.2447	1.1174	1.2209	0.3156	0.9625	-0.1913	0.4810	1.3383	-0.9726	0.2137	-1.3634	-1.3409	0.6473	-1.4221	-1.3090	-0.4599	-0.7672	-0.2061	0.6305	0.3699	1.3668	-0.3099	-0.7903	0.7034	1.1140	-1.7473	1.7721	0.3359	-0.1620	1.0991	-0.4292	2.2386	1.9455	0.4120	0.6417	0.1057	-1.1650	0.7721	0.0740	-0.0225
0.0775	0.3124	0.6381	-0.3694	0.5287	2.0846	-0.4663	0.5169	0.7600	-0.0250	-0.3698	-0.6196	-0.5158	-1.0640	-0.2074	1.5075	-0.2507	0.0285	-0.1951	0.7842	0.6560	-0.0388	0.9426	-0.4638	-0.0717	0.9513	0.9482	-1.6532	-0.4015	1.0907	-0.7332	-0.2945	-0.9874	1.0321	-0.8292	-0.3442	0.0043	-1.9529	0.2044	-0.9863	2.8977	0.4012	1.6972	-0.6594	-0.4945	-1.7577	-1.7008	-0.0158	-1.2731	0.0517
0.6539	-0.4382	-0.7557	0.1360	-1.1269	-0.1128	0.7717	0.3855	-0.7710	0.2333	0.5069	-2.7803	-1.9750	-0.0994	0.3460	0.5174	-1.7315	-1.4868	1.1681	0.8214	-0.7177	-0.0176	0.8902	-0.7782	-0.7464	1.4004	0.3484	1.1811	1.4609	-0.1158	0.0822	-1.2730	0.2279	0.6485	-0.5840	-1.9687	0.1536	-1.6293	-0.2961	-0.2452	-0.1336	-0.1404	-0.4000	-0.2634	0.1738	0.6135	-0.1238	0.5040	-0.2730	1.5608
0.6372	-0.8576	0.5598	0.0234	-0.3537	1.0791	-0.4216	0.3504	1.9079	0.0984	-0.7424	0.9956	0.5766	0.9687	-0.4534	-0.2229	0.8136	-0.2919	0.0876	-0.1232	-1.2895	-0.3511	1.0396	-0.6516	0.5674	-1.3943	-0.8821	-0.5852	-1.1403	-1.1785	-0.4362	-0.1806	1.5705	-1.7046	0.4892	1.0836	0.8824	-0.4637	-0.4488	-1.7528	0.1232	-1.2987	-2.8218	0.2449	0.0963	-0.5247	1.0901	0.9731	-0.4732	0.7858
0.7557	0.1952	0.0403	0.1568	-0.0938	0.2105	-0.2335	-0.5426	0.1877	0.9239	0.8513	1.5789	-1.9148	0.4525	-0.0658	1.4879	0.5526	1.1396	0.7339	0.7052	0.9514	0.7110	1.4867	-1.9049	0.9435	-0.2759	0.0669	-0.3298	-1.0786	0.1695	0.1478	0.3308	0.0617	1.3754	-1.0925	0.3472	-0.4554	1.3119	-1.9025	1.1403	0.6240	-0.8032	-0.4426	-1.8473	1.6480	-0.1469	-0.6688	-1.0714	-0.7075	0.1047
0.4803	0.5708	-0.7313	1.4230	1.3870	-0.9397	0.2264	-1.3858	-1.6888	0.6322	1.2903	0.5118	-0.1323	-0.2836	-0.1351	1.2047	-0.9552	-0.3864	-0.0131	0.8016	1.8805	0.7389	-0.2028	-2.0031	-1.8681	-0.2734	0.0737	-0.8424	-1.1828	1.0151	-0.2526	-2.3908	0.5214	0.6096	0.1078	-0.8402	-0.1742	-0.3823	-1.2052	-1.7747	-1.1009	0.7102	-0.2099	-0.1146	-0.9263	-0.7106	0.0353	-0.4987	1.2820	1.2321
0.9421	-0.7810	0.1492	1.0843	1.0457	1.2481	0.2902	-1.0016	0.9669	1.0094	-1.5769	1.9759	0.4043	1.5378	-0.1462	-0.0423	-1.8183	0.6821	1.0491	-1.0258	-0.1271	-1.3705	2.3112	-0.7242	0.4801	-0.0792	0.8108	-0.0716	0.0239	0.4414	2.5523	0.0086	0.2697	-0.9799	-0.6027	-0.5545	0.4453	0.0332	-1.6080	0.6411	0.6567	0.6261	-0.0486	-1.6825	0.0941	-0.8574	1.1375	1.8563	1.2343	0.8737
-0.0500	-0.4235	-0.5873	-1.1256	1.3819	0.7427	1.6021	1.9778	-0.2350	0.8864	-1.0063	-0.0908	-1.4724	-2.5171	-0.9433	0.9497	-1.2110	-0.3138	-0.6439	0.9049	-0.6645	1.2419	-0.0390	-0.1023	-1.8394	-0.3383	-0.0830	0.3674	-0.8538	-0.3890	0.4233	-1.1167	0.4682	0.2410	1.4851	-1.3640	0.3879	2.3810	1.1802	-0.3208	0.8397	-0.3047	-1.0476	0.3479	0.8939	-0.0034	-0.4602	-2.3267	-0.7146	-1.2001
0.1143	0.7013	0.0620	-0.0157	0.5947	0.8912	1.8203	-0.2546	0.9818	0.6041	0.0085	-0.0175	-0.0208	0.4042	-1.1173	0.1106	0.2445	0.8008	-0.3139	0.2089	-1.6792	-1.5292	0.7364	-1.1799	-1.2346	0.6809	0.4797	0.8531	0.1183	-0.9229	-0.0366	1.3609	0.5394	-0.2183	0.5672	0.8959	-0.0375	-0.4293	1.1243	-0.1447	-0.6030	0.6040	0.3610	-0.0301	-0.9119	0.9001	1.1713	-0.5607	0.0166	0.1377
-0.9803	-0.1708	1.2110	-1.4097	1.0661	-1.3098	-0.5822	1.5342	0.7424	0.8028	0.4950	-1.6128	-1.0339	0.4977	-1.1740	0.0793	1.3568	-0.3131	-0.8058	-0.7890	-0.2439	-1.0257	-0.7008	0.2732	-0.3949	-1.7967	0.3027	0.5823	-0.2072	1.6778	0.7116	-1.1348	0.7311	0.7620	-0.7260	0.0394	-1.1359	-0.0919	-0.1114	-1.2923	-0.3660	0.3858	0.3566	-0.7197	-1.1250	-0.5799	-0.3998	-1.0061	0.0055	0.6501
1.0046	-0.3852	0.9979	-1.6124	-1.3539	-0.4263	0.7957	-0.4846	0.9038	-1.3512	1.9279	0.2747	1.8006	0.5484	-0.4521	-1.2656	-1.2099	-1.3063	-0.6940	1.1911	-0.4625	-0.7828	0.5155	0.1317	-0.1650	-0.3481	-0.9093	0.0434	-0.2316	1.2042	0.1000	-0.6404	-0.4821	-0.4935	2.3148	-1.9885	-1.3613	-1.1161	0.8892	1.3837	1.6887	0.2519	-0.7634	0.0019	-0.4659	-0.5577	-0.5679	-0.7248	0.7676	-1.7219
1.0035	0.2714	0.0298	-0.3402	-2.2846	-0.0536	-0.7335	-0.8017	2.8843	-0.7907	-0.9809	1.3783	-0.4264	0.5341	1.1783	0.9505	1.4037	0.1439	0.2067	0.7487	-1.1426	-0.3578	-0.5608	-0.5311	0.8503	-0.4130	-0.7023	0.1045	1.0719	0.0009	-0.5342	1.7291	-1.0990	-0.7295	-0.1743	0.3451	-1.2822	-0.5037	-0.5332	-0.7814	-0.2500	0.6569	-0.9812	-1.3705	0.4985	0.3335	0.3109	-0.1043	0.0043	-0.3264
-0.7107	-0.5820	-0.5380	-0.1954	-1.1376	1.0233	-0.8429	0.5850	-2.0599	0.0837	-2.1300	-0.2742	0.1982	0.5673	2.5987	0.0594	-1.5434	-0.3510	-1.3618	0.0625	-0.7143	-0.4863	1.3625	1.6895	-1.1186	-1.3201	-0.3629	-1.2752	-0.0467	-0.7214	-1.9283	0.5692	-0.9887	0.0796	0.0055	0.2423	-0.2946	-1.0950	0.1873	0.6320	0.4109	0.6945	-1.1598	1.2423	0.5597	-0.9098	1.8122	0.6753	-1.6657	-0.4090
-0.6692	0.5428	-0.6833	1.2097	0.9239	-1.2557	0.0816	1.1473	0.3044	2.9701	0.8417	0.7953	0.1691	-0.9032	-0.5827	1.5780	-0.0054	-1.4765	0.2067	-0.4904	-0.5494	-0.6806	1.1198	-0.8515	0.3349	1.7224	-1.4576	-0.4495	-0.6371	0.7923	0.6863	-0.1352	0.2399	0.5129	0.1715	0.9618	-0.4814	-0.9219	0.2763	0.7512	-0.3229	0.1511	-0.2544	0.2437	0.6329	2.1962	-0.6761	-0.5090	2.0935	0.1693
-0.3814	-0.2273	-0.0054	2.0236	0.5223	0.5823	0.5823	-0.5503	-0.5692	-1.4616	-0.2078	0.2212	-0.2413	-0.0998	0.3024	2.5742	-0.0668	-1.5165	1.2613	1.2038	1.8557	1.8512	-2.1513	0.6576	0.1714	-1.4276	0.8786	-0.6182	-0.6188	1.0189	0.3450	1.0863	-0.5241	-1.3037	-0.1947	0.0576	-0.1571	0.9443	0.2916	-1.0909	-1.2689	0.5547	-0.2549	2.5703	0.5354	-1.8616	-0.0388	-1.1943	-0.0765	0.0792
-1.3436	-0.0263	-0.8981	1.3076	-0.4945	-0.4776	0.8224	1.7399	-0.2192	-0.4359	0.2515	1.0075	-0.9626	-1.8001	-0.3983	-0.1224	1.9329	-0.1002	-1.3594	1.6831	-2.0027	-0.8157	-0.4738	-0.5849	-1.1478	0.6598	-0.6672	0.8765	0.9033	1.0582	-1.3080	1.1924	-0.0983	0.3575	-0.5434	-0.9466	-0.7817	0.8579	1.3610	0.4370	-0.0596	1.8303	0.4987	0.1373	0.0330	0.0196	1.5049	2.4736	0.6191	0.3704
0.0569	1.2419	1.1799	-1.1206	-0.2836	-0.1304	0.3831	0.3004	0.6083	1.2792	-1.5249	-0.4054	0.9367	-0.3422	0.2530	-0.1177	-0.6751	0.5780	1.9076	0.0924	1.1935	0.0880	0.8914	-1.1384	2.4586	0.2729	0.4820	2.2494	-0.5056	-0.8885	-0.8781	0.2298	1.1903	-0.3675	-1.6052	-0.2031	-0.1471	-0.2117	0.6373	-0.6222	1.8414	-1.0130	-0.7844	-1.5504	-0.0092	-0.3099	-1.2583	1.2913	-0.2926	2.0886
0.1285	1.1067	-1.8968	-1.5193	0.5445	-1.5446	-1.2290	-0.3485	0.0610	1.6254	0.8619	-1.0203	-0.2208	-0.0985	1.7877	-0.7548	-1.1630	1.4719	-0.4802	1.3740	0.4314	-1.2184	-0.0273	1.3838	-0.3041	-1.8206	0.1777	0.7808	0.8401	-0.2150	-0.6778	-1.8105	-1.0419	-0.7506	1.6924	0.9230	0.1674	0.4602	-1.1552	0.0472	0.6025	-0.2306	-1.0429	0.7276	-0.8714	-1.2344	0.6279	1.3222	-0.3614	-0.5143
1.3147	-1.8528	-0.0288	0.7221	0.5928	0.7566	1.9215	0.0334	-1.2408	-0.6215	0.3961	0.5096	0.3502	0.3885	-0.2977	0.5626	0.0354	-0.5609	-0.7382	-0.9782	0.4969	0.5032	0.8107	-1.2867	-1.5450	-0.6403	-0.3188	0.0981	0.3940	-1.5277	1.3035	-0.9124	0.9284	0.7241	0.7549	-1.2477	-0.1264	-0.7926	0.1628	-1.8293	-1.3251	0.8140	1.8008	1.0595	-0.1075	-0.1257	1.5077	0.8880	1.4106	-2.1196
1.4593	1.1753	0.2579	0.6325	0.8721	1.1990	-0.1874	0.5512	-0.8283	-0.5145	2.7879	-0.2203	-0.3468	-1.1537	0.1751	0.4825	0.5303	0.8300	2.4075	1.4319	-1.0665	-0.9174	1.1503	-2.1934	0.0290	2.1745	2.3820	0.1438	0.4827	0.5046	-1.0225	3.4542	-0.8300	-1.8902	-1.4525	0.2255	-0.1842	0.0489	-1.4550	-2.3532	0.7326	0.0798	0.2731	1.4885	1.2095	-1.5028	-0.3640	-1.1638	1.1598	0.6806
0.4544	-0.1843	-0.8312	0.2055	-0.3587	-0.0428	-1.0740	-1.6507	0.2334	-1.0907	1.4979	0.5164	1.1127	-1.5011	-0.2567	-0.3080	-1.8278	-0.3493	-1.1562	1.0280	0.3019	-2.0150	0.3588	0.3486	1.6426	-0.8833	-1.6951	-1.1916	-0.0496	0.4790	-0.0222	-0.4618	-1.6767	0.1780	-0.5509	-0.1472	0.6894	-0.8647	-0.4235	-1.7077	-0.3908	-0.0632	-0.0870	-0.0753	0.5201	-0.7235	0.1834	0.9190	-1.3594	0.1185
-0.4458	1.8796	0.4574	-1.1711	0.2423	0.0163	-1.0430	0.7314	1.5626	0.8325	-0.9594	0.3088	0.4876	-1.7242	-1.2673	-1.2594	-1.8323	1.3595	0.1137	-0.1115	-0.8671	-1.3133	-0.5562	-1.1701	-0.5746	-0.3125	-0.1713	-0.1898	0.3374	0.3165	0.7127	-0.6423	-2.0208	1.7810	2.1364	0.4368	1.3557	-0.5659	0.3090	-0.7193	-0.5173	-0.6172	-0.8939	2.0431	0.2475	0.2509	0.5893	-0.4474	1.3225	-0.0515
1.4415	0.3774	-0.2708	-0.6662	1.3766	0.0753	0.7971	-0.4567	1.7319	0.5879	0.1316	1.8046	-0.5447	-0.7554	0.3514	-0.1266	-0.9070	1.5757	-1.2322	-1.0080	-0.7171	-0.1847	0.6862	0.6185	1.2984	-0.1277	1.8583	-0.9391	2.3034	1.3300	-0.5216	-0.5737	0.2637	0.5528	-0.2486	0.3410	0.5931	0.8959	0.3624	1.4213	-1.0809	0.5833	0.0247	-0.9069	2.6573	-0.3629	-0.7067	-0.4404	-0.5895	1.1605
-0.0106	-0.4879	-0.8979	-0.6231	1.5780	-1.9908	0.8635	0.4821	-1.1934	1.1238	0.5626	-0.7688	-0.3551	0.7922	-0.6863	-0.4909	-1.5630	-2.0353	-0.1123	0.0909	0.3327	0.1194	0.4466	0.4326	0.7093	0.0140	0.3651	0.2579	0.8191	0.8721	0.2480	0.1470	0.2293	-0.2124	-0.6298	1.0670	-0.8984	0.1204	1.4481	-0.7398	-0.6832	-0.1096	-0.7007	0.9991	1.5473	-0.2816	-1.1232	0.9216	-0.1455	0.9549
0.8267	-1.4132	2.5640	0.3292	1.4464	-0.1935	-1.1707	0.6756	0.3106	-0.9324	-0.3921	-0.6543	0.6614	-1.1605	-1.1177	0.1223	-0.6302	2.0756	0.3020	-1.1756	0.4376	0.7747	0.5495	0.5454	-0.4030	-0.5303	1.0391	-0.2769	0.1742	1.0199	-3.2229	0.9830	1.8791	-0.9238	-1.1942	0.3461	-1.2375	-0.7138	-1.6532	0.5959	-0.2067	-0.1923	-0.6681	-0.6131	0.4339	-0.0844	-0.4913	-0.0548	0.0151	-0.1751
0.7488	-1.0881	0.0732	-0.4434	0.8342	-0.3469	1.1665	1.0140	-0.2783	0.3445	-0.0573	0.2149	-1.1473	-1.6820	-1.4919	0.4054	-1.4058	1.3225	-0.1813	2.1027	-0.1627	-0.4861	0.1443	-1.0338	0.6472	-0.0979	-0.3892	-1.6693	0.7366	0.8791	0.1192	2.1122	-0.9268	0.4569	-2.0853	0.3666	1.3876	0.6693	-0.2098	-0.5582	1.3418	0.6847	-0.5328	-0.3256	-0.5039	-0.4024	-1.6875	0.3264	-0.0238	0.4595
-0.6287	0.9487	-0.9735	-0.0443	0.2884	0.8079	0.2000	-0.2289	-1.5703	-0.3673	0.0207	2.3921	0.9790	-0.0351	0.4404	-0.7461	-0.1306	1.4699	0.8181	0.9851	1.0649	-1.8712	0.2727	-0.7774	1.2429	1.4835	-0.1676	-0.6936	-1.0684	0.0669	-0.7661	-0.5668	0.4934	1.0510	1.6270	-1.5985	-0.6745	-0.9315	0.7990	-0.8029	0.4970	0.0857	-0.6474	0.5265	1.2450	-0.4420	1.4258	-0.2807	0.8567	0.6237
-1.2273	0.5433	-0.2354	-0.8029	0.7496	0.1632	1.6557	1.3640	-1.3853	0.1129	0.2324	-1.2102	0.0703	1.6338	1.6434	-1.3607	-0.5191	1.2226	-0.3773	-0.4692	-0.9448	-0.3303	-1.0395	-0.6685	-0.2155	1.0824	1.1065	1.4932	1.3146	1.4270	0.0217	-0.1013	0.4717	-1.0985	-1.1402	0.8020	-0.7372	0.0769	-0.4609	1.2885	0.3316	-0.6105	-0.0675	0.5770	-1.6048	-1.9322	0.1686	-1.7290	0.8275	0.7833
-0.8576	1.1542	0.3945	-0.1971	0.2099	-1.4285	-0.4960	1.8068	-0.0093	0.4033	-0.6876	-0.1114	-2.6673	-0.6281	-2.9245	-0.0332	1.6173	1.3876	1.7800	-1.6483	1.9364	-0.3762	1.7036	1.1554	0.3849	0.6862	-0.9775	0.5989	0.4933	-1.3387	-0.9547	-0.6509	-2.9978	-0.2196	0.3160	-0.9798	-0.0687	0.1472	-1.1989	-0.7840	-0.7487	1.7084	0.2109	-1.4209	1.0100	-0.3110	0.1654	-0.6027	-1.1469	-0.8434
0.0116	1.1023	-1.2466	-0.4382	1.0515	-0.6197	-0.6846	-0.4073	0.8234	1.5386	-0.3201	-0.4364	1.8533	1.0024	-1.1014	2.6878	0.9936	-1.7041	1.9715	1.5034	1.2540	0.5588	-1.4255	-2.3429	0.7086	0.3626	-0.3300	0.6286	-0.1169	1.1692	0.0665	-0.8982	0.2876	-0.1814	-0.4206	-1.0435	0.6217	1.5127	-0.9797	0.6040	0.4715	1.3241	1.4419	0.0172	-1.1356	-0.4053	1.2645	-0.3043	-0.3879	-0.9177
-0.8990	-0.6829	-1.9196	-1.1900	-0.2195	-0.9921	0.6218	1.3306	1.8243	-1.0666	0.9364	-0.3698	0.9564	0.4091	0.7629	0.9743	-0.2247	-0.1173	-1.1390	-0.0306	1.8070	2.1643	-0.6312	1.1265	1.1719	0.9061	1.1527	1.1193	0.7696	-0.4736	1.2681	0.1465	-2.1783	-0.3665	-1.1244	-0.7842	1.4116	-0.0822	0.2200	1.0661	0.7375	-1.4586	-0.0243	-0.9335	0.7483	-0.1247	2.6727	-2.0943	1.1578	-0.1716
-0.4510	-0.4527	-0.9697	0.5996	-0.5739	0.4031	0.1275	1.0119	0.3991	-0.3040	1.6293	-0.3638	0.7092	-2.0464	0.5304	0.4516	0.2227	1.2825	0.4870	-0.2624	-0.3293	0.7645	0.0326	-0.4857	0.0244	1.4593	0.6949	0.5410	0.4177	-0.4128	1.4529	0.2903	-0.7686	-1.6445	-0.3171	1.0595	-0.2166	0.2823	0.4715	-0.1727	0.4305	0.2139	0.3313	0.6149	-2.1114	-2.2356	-2.2351	-0.6930	-0.2018	1.2338
2.4119	-0.7997	0.5000	-1.4277	-0.3102	1.1168	0.2011	-2.0503	-0.5332	0.0863	-1.2956	0.2358	0.1936	0.2571	-1.0865	-1.2245	-0.2543	-1.1048	-0.4565	1.3311	0.7214	0.4249	-0.4269	1.4942	0.0649	0.2794	0.0417	0.5402	-0.4233	-0.3248	-0.0025	-0.0554	-1.4663	1.5218	0.5691	-0.8524	-1.4312	-0.6022	0.5207	0.0059	1.1849	-0.9947	1.6318	-0.3530	-0.5698	-0.0568	-1.6407	-1.0093	2.0097	-0.9384
1.1939	-0.7926	0.0641	0.4693	-0.9789	-0.3254	2.3999	-1.4685	-0.5339	0.1775	-0.2106	-0.4677	-0.0364	0.6284	-1.4019	0.9417	-1.9473	-0.0493	-1.4978	0.1895	-0.0696	-0.2394	0.4738	1.7148	0.2292	-0.1425	-0.6241	0.9513	0.7374	2.0068	-0.5109	-2.0237	1.7352	-0.0554	0.6584	-0.8846	0.5346	-1.7529	-2.0480	0.2739	-0.5712	0.7106	-0.0876	-1.9562	0.2445	0.0545	-0.0016	-1.0826	-0.4755	-0.4515
0.1479	1.2620	-1.3050	-1.1908	-0.0922	2.1721	-0.5807	0.2885	-1.3232	0.3226	-0.7921	-0.8577	1.4312	-1.2057	0.9615	-1.4727	0.3218	0.0846	0.0906	-0.8136	-0.0622	-0.7149	-0.8681	-0.3281	-0.7695	1.5663	-0.7044	1.2203	1.6298	-0.5907	-0.2074	-0.0183	-0.2881	-0.0524	2.0087	-0.5109	0.7268	1.2890	-0.4113	-0.0866	0.3182	1.3861	0.5301	-0.0844	-0.2686	-0.9948	-0.8297	1.1400	1.6006	-0.6244
-1.2831	0.1315	1.2008	-1.5420	0.8132	-0.8184	-0.6595	0.5613	-1.3478	-1.1542	1.3484	0.9529	1.2798	0.7208	0.0658	-0.2697	0.8411	0.1954	-1.3191	0.1928	-1.1613	0.1110	-3.2195	0.9302	0.1004	0.5664	-0.1041	-0.1190	-1.3080	-1.5296	-0.9694	0.6427	-0.3950	0.4154	-1.3423	1.2112	-1.6042	-1.6637	1.4853	-0.0574	-0.4619	0.4200	1.7663	0.1051	0.8484	0.4369	-0.5263	-0.6213	-1.3295	0.7928
-0.3141	0.0419	-1.6737	-0.9195	-0.1774	-1.0685	-0.7704	0.8206	-1.4472	-0.3191	0.5817	0.5449	0.0544	0.5112	2.0332	-0.5301	0.1560	-0.4138	0.8802	-1.3891	-0.4431	0.1576	-0.4930	2.2060	-0.1706	0.9602	-0.6858	-0.6648	-0.5949	0.1794	-0.3894	-0.0303	-1.4259	-0.3683	-0.7216	-0.7876	-0.5980	-0.0806	-1.4447	-0.6557	-0.7749	1.3154	0.6554	-0.5026	0.6098	-0.9501	-2.0526	-0.5665	-0.0310	0.2628
0.3425	0.5324	0.2910	0.5871	1.5607	1.0434	-0.2914	-0.3856	0.3046	1.1705	0.4839	-0.2542	1.0408	-1.4696	-1.3173	1.4368	1.4961	0.2704	-0.6938	1.7941	0.0347	-0.3774	0.6503	-1.1383	-0.5206	-0.1776	0.4471	0.5763	-1.0584	-0.3876	-0.3841	-0.4239	0.7168	-1.5783	-1.2087	-0.8062	1.1312	-1.7230	-2.5870	1.0123	-1.2848	-2.1111	0.9793	1.3368	-1.1260	0.3091	-0.2604	0.0156	-0.4725	0.9188
0.4622	-0.7463	-1.0121	-1.0727	0.0834	0.3791	-0.2413	0.3939	-0.5025	-1.3705	0.9544	-0.0483	0.2417	0.1652	0.1983	-0.9327	-0.3471	0.3566	-0.9190	-0.7682	-0.8114	-1.6419	1.0040	0.4190	0.3527	-0.0807	0.1529	-0.0157	0.6070	-0.6378	0.3104	0.4144	-0.8266	-0.1329	-1.0503	1.3541	0.0076	-1.1263	0.4660	-0.2058	0.5009	-1.2002	-0.0873	0.0289	-0.7980	-0.8549	0.8031	0.9220	-0.3439	0.4036
1.0401	-0.6465	0.1221	-0.4353	1.1964	1.1615	0.1897	1.0207	0.0069	1.2704	-0.8962	0.7417	1.1517	0.3189	-1.8782	1.7888	0.4999	0.4024	-0.7326	0.0686	0.5234	-1.5207	1.1085	0.7370	0.7687	0.9009	-1.1682	-2.3037	-1.0274	-0.1806	0.9395	-0.1157	0.4500	-0.3142	-0.2215	-0.1436	1.9554	-0.8413	0.4484	-0.9174	0.1968	-0.1354	-0.1266	0.7428	-0.0393	-0.1659	1.0570	-0.0313	0.7960	0.5353
0.1574	-1.5788	0.2223	1.8959	-0.0032	-0.7637	0.7687	-2.6547	-0.1433	-0.3687	-0.4626	-2.1265	-0.7875	1.0635	0.0631	0.3875	-0.9611	-1.1906	0.5648	0.3413	1.2577	-1.7292	0.1505	-0.5272	0.2951	0.9710	-0.9499	-0.0833	-1.2086	0.3636	-1.3065	3.0208	-0.1117	0.3880	0.8902	0.2132	-0.9599	0.0953	0.0199	-0.1454	-0.7387	1.1652	1.2587	0.1792	-0.0697	0.2854	-0.5909	0.5291	0.2244	-0.7194
0.3060	0.6844	0.1206	0.0499	0.2952	-0.3969	-0.6844	-0.3776	0.5961	-0.4416	0.1549	1.2350	-1.0531	0.4570	-1.2323	1.2290	-0.2114	-1.2554	-0.9415	-1.8640	-0.1476	-0.0032	0.7349	-0.1989	-0.7337	-2.1023	-1.2212	0.5772	-0.2267	-1.2130	-0.8106	1.2070	1.2435	-0.4583	-0.0275	-0.7211	-1.1262	0.5811	0.4962	-1.2904	-2.5327	0.7073	-1.0445	-0.3677	0.0879	2.0967	-1.7823	0.1815	1.1544	-0.0299
-0.6616	-0.3421	-0.1958	-0.5474	0.0724	-0.2178	-0.4408	0.2334	-0.0611	-1.9174	1.2369	1.0742	0.0350	-0.8006	0.4676	0.4846	0.1277	0.6563	0.3710	-0.0021	1.1541	0.6568	0.9993	-0.0050	-0.7513	-0.2246	0.6360	1.5919	-0.1868	1.1430	0.3632	-0.4646	-1.0376	-1.5466	-1.3726	-0.8616	1.3981	0.2934	0.5875	0.0486	-0.5690	0.4907	0.9263	-0.8326	-0.9015	0.5150	1.0364	0.5641	-1.4069	-0.1747
0.4133	0.4894	-1.4062	0.5421	-0.3997	1.0727	-0.1758	0.3994	-1.6900	0.0016	0.4045	-0.9179	-2.0524	-0.4757	2.8061	0.2875	-0.6805	0.5398	-0.0941	0.8473	-1.7839	1.1025	1.3582	1.4248	0.3223	-0.8215	0.3520	-1.2838	-0.3634	-0.4556	0.8962	0.0579	0.1242	0.2625	-0.2292	-0.7582	-0.3330	1.3916	0.2788	0.1712	-0.3013	-0.3340	1.3639	1.5983	1.3653	0.9207	1.6876	-0.6326	-0.7535	0.5654
1.0969	1.3420	0.0778	0.1659	0.4660	1.2639	0.9311	-1.2556	1.5606	0.5122	-1.4790	-0.3517	2.1923	-1.0753	1.5883	0.0666	0.5987	1.1342	0.5662	0.6361	-0.0800	-0.0352	-0.1939	1.5486	-2.2278	-0.4281	-0.3090	-0.3565	0.2377	0.4087	0.9664	-1.3235	-0.4994	-1.0256	0.8727	-1.1572	0.4910	-1.2566	1.4153	0.0517	0.8137	-0.6969	-1.0886	1.6990	-0.8812	-0.3240	1.0868	1.3221	0.4042	-0.2088
-2.3852	-0.3425	-1.0885	-1.2070	-1.2128	-1.4954	-1.5596	-1.6769	-0.3252	0.6706	-0.4104	-0.0360	-0.8632	1.2017	0.9500	0.4899	0.1093	-1.3048	-0.4016	0.0261	0.2611	0.0395	0.9422	-0.9037	1.0833	1.1619	-0.9587	0.4902	0.7553	-1.3301	0.6766	0.2545	-0.6002	-0.9573	-0.7220	-0.1898	-0.2544	0.6599	-1.3370	-0.9582	-0.1487	-0.5010	0.2372	-1.4036	-1.3809	-0.2100	-0.5494	0.9320	-0.1769	-0.4644
0.4170	0.5728	0.4240	1.8569	-0.5481	-0.7114	1.3154	0.1434	0.2374	0.2709	-0.6314	0.1291	0.0319	0.4512	1.6705	1.1922	1.4439	-0.5035	-0.2674	-0.6940	-0.4085	0.0998	0.0562	-0.7659	0.2435	-0.3306	-1.8437	-0.1979	0.4220	-0.5615	-0.3895	-0.2024	1.2537	-1.3213	0.5072	-0.5891	0.6632	-1.4582	-0.9782	-0.4916	-1.2589	-0.9805	-0.1634	-0.2691	-0.1521	-0.8480	0.4859	-0.5997	-0.7416	0.0490
1.6896	0.9643	1.5158	2.1100	-0.1831	-0.0899	0.2513	-1.1085	-1.5681	0.5223	-0.0615	-1.6221	0.3359	0.5725	0.2060	0.9582	-2.1476	0.4401	-0.0180	-0.1196	1.5192	-0.5643	1.3523	0.4222	-0.3666	-1.0631	0.2044	0.9920	0.4632	-0.9744	-1.9717	0.1333	-0.2593	0.0945	0.4373	-0.2331	-0.4436	0.2336	-0.1789	2.0510	0.1143	1.7576	1.4409	-0.1724	-1.4897	-1.5822	-1.1894	-0.4614	-0.2192	0.7354
-0.7631	-0.9605	0.7472	1.5136	0.9989	1.7708	-0.6410	0.6343	0.6623	1.3613	-0.6496	-0.1139	0.5744	-1.0707	-0.8519	2.2459	-0.5823	-2.8324	1.1647	0.7932	0.3348	-0.4292	-1.3312	0.0624	0.3802	0.1618	-1.3178	0.3910	-0.1184	1.5481	0.5322	1.8451	-0.8608	-0.4955	-0.3535	1.4141	-0.0699	0.1822	-0.5398	-0.1846	1.7929	1.3023	-0.3906	1.0916	0.7702	-0.9520	-0.3767	-1.7137	0.9563	1.0286
-0.9077	-1.6626	1.1601	-1.9610	-0.6242	0.3186	0.2056	1.1441	-0.5602	-0.9149	0.1214	-1.1898	0.9521	-0.6844	0.6638	0.4825	-0.7883	0.8308	-0.3917	-0.5495	-1.1561	-0.2421	0.2190	0.1825	1.3715	0.1372	0.2295	0.0035	-0.5851	-0.9379	0.8546	1.2714	-1.0410	1.6028	0.7841	0.6622	0.7312	1.3542	-0.4309	0.3480	1.3233	0.3721	0.9825	1.2659	-0.9150	0.5278	-0.7254	0.8336	-1.3051	-1.8972
-1.7059	0.9627	-0.0412	0.3382	-0.1061	0.5270	-0.2867	-0.2789	0.0961	1.8586	-0.8109	0.8528	-0.0990	0.3382	-1.3348	-1.1795	-1.1760	-0.9346	3.2677	0.6997	1.2215	-0.0283	1.4301	0.2819	-3.2092	-0.2007	0.5344	-0.5885	1.6047	0.0266	-0.3806	0.5134	-0.7621	-1.5123	0.7420	-0.6512	1.4444	0.3244	0.8195	-1.1900	-1.1571	0.5173	-1.7213	0.1717	1.6986	-0.6386	-0.8916	-1.0230	-0.7435	-1.2059
0.6004	-1.8956	-0.4861	0.3101	0.0742	-0.5981	-0.4414	-0.5312	-0.6442	0.3173	0.0044	-0.3534	-0.7192	1.1499	-0.4994	0.4932	0.7337	0.0158	-0.3569	-0.7118	2.7671	-1.6090	0.5069	1.3998	-0.1345	-0.3793	0.4852	-1.9170	-0.8568	-0.5591	-1.7382	1.1061	0.8759	0.2309	1.0899	0.6246	1.4809	-0.9437	-0.6082	-0.3420	-0.5497	-1.5726	1.0928	0.5450	-0.3669	0.6384	-0.9769	2.0532	-0.1871	-1.5580
1.3611	-0.1766	-0.5418	0.8219	-0.1792	-1.6560	1.5695	0.0100	0.2943	-0.2210	-1.0375	0.1637	-1.0542	0.3480	1.2466	-0.6145	-0.0218	0.8448	-1.1711	0.0389	1.7879	1.1589	-0.2263	-0.2340	-1.3940	0.4444	2.3306	-1.8705	-2.6898	-0.7733	-1.2209	1.2130	-0.0597	-0.8189	-0.3451	0.1280	0.2320	1.5130	0.3462	-1.3394	-0.0552	-0.8962	-1.2179	1.3304	-0.0052	0.8426	-0.9903	0.2161	0.5674	-1.3479
0.6722	-1.8970	-0.5263	0.5818	0.1866	-0.6659	-0.2845	1.6792	-0.4070	0.5690	2.1767	-0.2873	-1.8127	-0.4906	-0.1328	0.1753	0.2578	-1.2529	-0.2149	-0.9487	-0.1387	0.3099	-0.3908	-0.3747	-1.7940	2.1500	-0.9651	-0.7677	-0.6991	2.1346	0.3028	-0.4420	-1.0004	-0.1465	0.6692	-0.5880	-0.8986	-0.0611	-0.0511	1.1228	-0.5234	-0.1051	-0.3063	-0.2966	0.3360	-2.0915	0.1224	0.6679	0.3043	1.2630
-1.8116	0.9739	-0.3073	0.1702	-2.0205	-1.5477	0.0100	-0.8945	0.1888	0.7871	0.3508	0.4974	1.1623	-1.2316	0.6649	0.3225	0.7462	1.4253	0.5432	-0.1392	-0.7478	-0.0106	-0.4832	-1.4820	0.4201	0.3670	1.1276	-0.0936	-0.1460	-0.4948	0.8646	-0.2005	-1.2242	0.8082	0.1905	-2.6447	1.0275	-0.0414	0.7775	-1.1127	-0.1301	2.1873	0.4944	-0.8344	-0.3737	-1.2356	2.9974	-2.0158	0.8862	0.9887
-0.1764	-1.0110	-0.5878	0.4177	-1.5792	-0.2885	-0.6781	-0.4240	1.2005	-0.2913	-2.0881	-2.2188	0.6207	-0.5113	-0.5728	-1.9858	-1.0855	-0.2428	1.2674	0.3563	-0.6442	0.3200	0.3939	1.2920	0.8413	0.4398	-0.1452	-2.2936	0.4060	0.2611	0.3727	0.3586	0.0622	-0.2673	1.0072	0.2752	-0.8924	-2.0795	0.8671	1.9672	-1.2067	0.9865	-1.2294	1.0229	-1.3948	-0.2230	-0.0464	-0.1528	0.2753	-0.9866
1.7550	-1.1470	1.1119	0.0491	0.8248	-0.0680	-1.7179	-0.0835	-0.3950	-0.7586	2.4665	0.4322	-0.0176	0.2677	-1.6440	0.3561	-0.3438	0.2942	-1.3625	0.8346	1.2938	0.0809	1.3285	0.5879	0.8410	1.5050	0.2295	0.9740	2.3286	0.0396	-0.9268	-0.0124	1.0155	0.9649	0.4681	-2.0116	2.0828	-0.2628	-0.6288	0.4052	1.2262	-0.7058	1.3768	0.2092	-0.2751	1.1503	-0.0939	-0.9926	-0.0215	0.7356
0.8223	0.8039	-0.4324	0.9531	-0.2906	0.3917	0.4607	0.9850	1.4020	1.4083	-0.5820	-0.3059	0.2033	0.5766	-1.2082	-1.0995	-0.3337	-0.8757	-1.0758	-1.8987	-0.1838	-0.9608	-2.2186	0.5458	0.1691	1.2868	-0.0195	0.5835	0.8011	-1.0028	0.6318	0.4153	0.1532	1.2181	0.9826	0.6386	-1.5255	0.4056	-1.7597	0.2595	0.2520	-1.2948	-0.3557	-0.8099	-0.1220	-0.1860	-0.6143	0.0440	-0.7739	1.0439
0.2216	-1.7218	0.6451	-0.8119	-0.7602	2.0127	-0.1982	0.4790	-1.4003	-0.4406	-1.0619	-0.0302	-0.1401	-0.8445	0.0356	-1.1961	0.1234	-1.0037	-0.3215	-0.5098	0.4666	-1.1859	1.3783	0.2902	0.0456	-1.2045	1.1823	-0.6744	-0.1765	0.4414	-1.1689	-1.8450	-1.1754	0.4519	-0.5756	-0.4412	0.3014	0.5195	-0.2874	-0.4268	-0.8955	0.9176	-0.7187	0.2065	-0.7793	-0.0038	0.2024	-1.1042	-0.9624	-1.4729
0.1092	0.8846	0.4871	-0.9622	-0.6667	0.1196	2.0115	-0.8954	0.3066	-2.1683	-0.5040	0.0255	-0.9225	1.2036	0.7214	0.8326	-0.6662	0.8772	1.4809	2.2029	0.5723	0.2728	0.0781	-0.0317	1.0102	0.4838	2.9251	0.4440	-1.1477	-0.7480	0.7300	1.4153	0.6032	-1.2560	-0.3779	-0.3922	1.7483	0.0342	0.1196	-0.3717	-0.9034	-1.3517	0.4183	-1.3297	-0.4429	-0.0531	1.4513	0.3957	1.0202	-0.5837
-0.3511	1.0703	1.6280	0.0486	-1.2578	-0.8910	0.1101	1.0648	-1.5024	-1.0627	0.1993	0.9451	0.5293	-1.2930	-0.1114	-0.7526	1.5710	-1.2726	-2.2677	0.2045	2.5109	0.3562	-1.0288	-0.6888	0.0030	0.3989	-0.0708	0.6041	1.3607	0.6259	0.0066	-0.8029	-1.9347	-0.3386	-0.8804	0.9566	0.5500	0.9444	-0.4343	0.1704	0.5935	-0.2523	2.0452	-0.8062	0.8112	0.6663	-0.2835	0.6115	0.2010	-1.5594
-0.2453	-0.1447	0.1404	-1.2052	-0.4750	0.8495	-0.3524	-2.6930	0.6091	0.1101	-0.9383	-0.6153	-0.8435	1.3258	0.4101	0.7592	0.7355	-0.6565	0.1991	-0.0682	-1.3591	-1.9317	0.9999	0.2010	0.4070	2.0236	-1.3705	1.0400	-0.5043	1.4085	0.8668	-0.8303	1.6390	1.0265	0.7905	-1.1516	-0.5720	1.0063	-0.5308	-1.0419	0.0166	-1.2844	-0.2260	1.1220	-0.9087	0.5611	-0.4043	1.7501	0.3082	0.9119
1.0286	-1.0647	0.7846	0.2276	-2.2683	0.2535	-0.8442	-1.1259	-2.2546	-0.6511	-1.5507	-0.8318	1.3077	-0.5727	0.2580	-0.0060	-0.8841	-0.1502	-0.1350	-0.1678	1.6289	0.6503	-0.5292	-0.8310	0.0823	0.6702	0.1684	0.4475	-0.8754	-0.5629	-0.0586	-0.0718	1.3664	-1.0115	0.3927	0.6597	1.2462	-0.3163	1.2632	-0.0962	1.5476	0.3866	0.6366	0.6674	-1.3720	0.2581	-0.9109	-1.1063	-0.0188	-0.6304
-0.5944	-0.0495	2.8575	0.2985	-0.3288	1.1505	0.6642	-1.6610	0.0788	0.2143	-0.4512	1.8190	-0.1926	0.0425	-0.9902	0.5351	-0.8169	-0.8065	-0.5833	0.5219	0.4674	0.7358	-0.9809	0.9030	2.1898	1.2477	0.2762	-0.6869	0.2751	0.6564	-1.1836	-0.2166	1.6476	0.6616	0.5755	-0.7084	-1.6068	1.6415	-1.8155	-0.3942	1.5835	0.7647	0.4557	-0.9522	0.6572	-1.0239	-0.5156	-0.3147	2.4467	1.4394
-0.9750	0.5134	0.8622	0.6737	-0.1592	0.4901	-0.0928	1.1812	-0.0216	0.3574	-0.3527	0.4927	1.5243	0.2677	-2.8804	-1.3071	0.3195	-0.7521	-0.0150	-1.0014	-0.5802	0.1461	-0.7355	-1.1708	-1.4901	-0.1510	0.2100	-0.0950	-0.9627	-0.5663	0.4487	0.3312	-0.0350	0.4772	0.5310	-0.0389	-0.7985	1.2569	1.5649	-0.8156	-1.8979	-0.0320	0.3375	-0.8672	1.2391	0.0987	-0.4154	-0.9458	-0.5488	-0.1222
-0.3040	-0.0266	-2.4793	-0.5266	-1.0448	0.4206	-0.4640	1.2329	0.7767	-0.7750	-1.1054	0.5452	1.4442	1.1595	-0.0987	-0.9604	1.0406	-0.1808	-1.8233	-1.2410	0.3376	-0.2549	2.0499	-0.5618	1.9107	1.3804	-0.4165	0.5772	1.0568	-0.4067	-1.0195	0.4473	-0.3729	-1.0591	-0.0200	0.3241	0.5141	-0.0009	-1.0683	-1.3793	-0.2490	1.3448	-0.6423	-0.9142	-1.3346	-1.1073	-1.8001	0.4952	-0.0791	0.4173
0.8090	2.4579	-0.6750	0.4238	-0.5922	0.0718	-0.7068	-0.0487	-0.4206	0.3847	1.0285	1.3855	-1.2293	-0.7269	-0.6365	-1.1368	0.9243	0.9365	0.4188	-0.0245	0.3426	1.3385	0.0497	0.3378	1.9455	-0.3055	-0.2012	-0.4534	1.1262	0.0334	-0.7983	0.6287	-0.9489	0.5431	0.8355	1.4723	1.5331	-0.9627	-1.2550	0.2122	0.2996	0.4823	-1.3057	0.4807	0.2670	0.2024	1.2688	0.8266	-0.3145	-0.3379
1.1089	-0.0911	-1.7790	2.3480	0.1257	-0.0743	1.4210	-0.7653	-1.0113	-0.3907	-0.4041	0.4316	0.0738	2.2724	1.3115	-0.0376	-0.9839	0.3035	-2.1340	-0.9678	0.3630	-1.1672	-0.2757	1.2607	-0.2068	-1.8284	-1.2479	1.3625	1.7146	0.9822	-0.0635	-1.1188	-1.2169	-0.6583	-0.5353	-1.3027	0.1977	1.2095	-0.2827	-0.2013	0.0515	1.4202	-0.0792	-0.8096	1.8702	1.1170	0.0138	-0.0530	0.2689	-0.1340
-1.1462	-0.2316	-0.9052	0.2747	-0.9401	-0.2740	0.1356	-0.3762	2.5198	-1.0300	0.5287	-0.2808	0.2950	-0.2109	-2.5982	-0.3870	-0.3993	1.1998	-0.1118	0.8001	1.2265	-1.7224	-0.5441	-0.2918	-0.7282	-1.9595	0.2727	-0.6270	0.1000	-0.7939	-2.0030	-0.4482	-0.8402	-1.5827	-0.7168	1.6539	1.3484	1.0987	-0.1592	0.2476	-1.0721	0.0806	-0.7766	-0.6260	-1.1656	0.5522	0.0207	1.3393	-0.3131	-0.0006
-0.1789	-1.4140	-0.6811	0.6434	-1.8554	-1.0472	2.1366	-1.2920	-0.1180	-1.1872	-0.5568	0.0055	0.3774	0.9673	-0.6719	-0.7103	0.3784	-0.2585	1.9331	-0.8239	-0.1431	-1.4778	-0.1768	-1.2993	-0.8764	-1.5024	-2.2735	1.4479	-1.1097	-0.6676	0.0328	0.6048	0.6462	1.3088	0.3927	-0.0272	0.1249	-0.7430	-1.0331	-0.2325	-1.6157	1.8932	-1.5782	-0.5700	0.4637	-1.3951	-0.6458	0.1644	-0.7084	-0.6659
1.6269	0.2208	1.8706	-0.7562	1.7397	0.0251	-1.2513	-1.5418	0.9051	1.4846	0.3230	-0.4483	1.4588	1.6044	1.2121	-0.2628	0.0215	0.7457	-0.4590	1.5994	-0.0471	-0.0612	0.6701	-0.9277	-0.8300	0.4387	0.7241	-0.1228	0.4456	-2.2897	-1.0997	-0.3029	1.9725	0.4004	-0.5379	1.0910	0.9445	-0.6884	0.0088	0.0552	-0.5639	0.3438	-1.1513	1.6818	-2.4649	1.7511	-0.9686	1.7448	1.2080	1.3202
-0.7848	-0.0618	-0.7323	1.5488	-1.2520	0.8115	0.9931	1.1671	-0.1806	1.0994	1.7929	0.8569	0.2051	0.5391	1.6449	-0.0594	0.2014	0.6109	0.6786	0.3557	0.5538	0.5848	1.4749	0.4049	0.2920	1.1279	-0.6337	1.0282	-1.2283	1.5316	-0.5298	0.3065	2.4215	0.7933	0.0592	0.6122	-0.7361	-0.5076	-0.1551	0.9839	0.1206	0.0242	0.4175	-0.1097	1.3323	-0.6852	0.4578	0.2234	-0.6096	1.4920
0.4367	-1.1913	0.8664	0.6388	0.2614	-0.7537	-0.0728	-1.9411	1.1720	-0.9584	-0.9864	-0.5421	1.6548	0.8779	-0.4640	0.0704	0.1969	0.2688	-0.4247	-2.4076	0.5428	-0.0162	-1.7521	0.3298	-1.3349	-0.0313	1.4075	0.4144	-0.5657	-0.9562	0.3187	-1.8310	-0.0076	-1.3492	0.4148	0.7669	-1.2146	0.7655	0.1493	-1.5523	0.9211	-0.2793	0.5677	0.8186	-2.8994	-1.6787	-0.4285	-1.1401	-0.3183	-0.3388
1.5165	-1.2170	0.1237	-0.3613	1.3666	-0.2138	-1.8133	-0.7244	-0.8571	0.4709	-0.1101	1.1853	-1.0014	1.4778	-0.6743	0.5656	2.1019	-0.2907	-2.1266	-0.7853	0.4242	0.0839	-0.7585	-0.0578	-1.0492	0.2188	0.2724	-0.9589	-1.2761	-0.4167	-0.4861	-0.3104	-0.7808	-0.3159	0.5921	-1.3449	-0.9636	-0.5042	-0.4670	-0.5031	-1.0695	-0.6101	1.0654	0.3916	-0.4378	0.6535	0.1483	0.0268	-0.3475	-1.3070
0.3960	1.4140	0.6623	1.7708	-1.0209	-0.8140	-0.1154	-0.0235	0.3534	-0.3535	-0.2073	0.7331	0.4327	0.9855	0.5628	1.8053	-1.3615	0.4154	1.1763	-0.4211	0.1606	-1.1075	-0.3698	-0.5721	0.2185	1.8202	0.8702	0.7613	0.2022	-1.0593	-0.3363	-2.1474	0.6930	0.1118	1.0790	-0.6362	-1.7191	1.0262	0.1072	-1.0473	-0.4633	1.6550	-0.9910	-0.6118	-0.5559	-1.5770	0.3334	0.9417	0.8224	0.0123
1.8306	-1.2179	-0.4823	-1.2769	0.5806	-2.3936	0.2693	0.0474	0.1942	-0.5320	0.0527	-2.1340	-0.1844	-0.1020	-1.7820	-0.7722	-0.7171	0.6790	-1.3409	-0.2578	-1.5900	0.5964	0.2212	-1.3615	1.0248	0.9093	0.0949	0.8450	-0.7185	-0.5950	0.0612	1.0141	-0.7536	-0.0739	0.1054	0.0317	0.0222	-0.4970	0.2706	-1.2785	0.1536	-0.0195	1.8113	-1.7920	1.3997	0.8823	-0.1136	-0.4317	-1.4907	0.1088
0.1799	-1.4860	-0.7535	-1.7911	-1.0863	1.8721	0.2222	0.8302	0.7171	-0.3231	-1.5011	-1.6210	0.5653	1.2640	1.4956	1.2606	-0.4376	0.7611	-0.7192	0.6973	-1.2870	-2.3369	0.1543	-1.2447	-0.0614	-0.0377	-0.9065	0.2633	-0.0573	-0.8889	-2.0291	-1.2433	0.6509	-1.1436	0.7919	-0.3278	-0.7686	0.7039	-1.4175	-0.7064	0.0591	-0.5985	-0.2997	1.7766	0.6607	-0.0609	-1.4897	-0.7346	-0.4135	-0.6901
-1.0318	0.6685	-1.0340	0.6711	0.7114	0.9847	2.3785	0.6343	-1.1570	0.9174	-1.9658	0.1063	1.0814	0.6886	0.2117	0.7379	0.0207	-0.3101	-0.6771	-0.0305	-0.2684	-0.7197	0.7748	-1.2798	0.1486	-2.0870	-0.2449	1.2161	0.6188	0.3935	0.6795	1.5571	0.9358	0.0613	-0.4468	-2.1752	-0.9133	1.3521	-0.6040	-1.8343	0.8555	-1.1046	0.5683	0.9962	-0.8432	-0.6669	-1.1231	-0.1592	-0.5753	-0.4893
0.4526	-1.7105	0.5008	-0.9703	-0.7673	-0.3308	-0.5781	0.8097	0.6403	-0.6394	-0.0356	0.3933	0.7523	-0.8793	0.1936	-0.9562	-0.5542	-1.2909	0.3432	-0.7367	1.4939	0.4094	-0.4111	-0.4822	0.4428	1.3468	1.0745	0.1906	-2.2749	0.1269	0.4997	0.0096	-0.8198	0.5266	0.9927	0.2228	-0.7784	-0.8886	-0.8910	1.6187	-0.2285	0.2837	0.1628	2.0207	-0.6087	-0.0981	0.1381	-0.6626	-1.2328	0.7675
-1.3664	-0.5991	-0.0808	0.5077	0.0517	1.1931	-0.9122	-0.0852	0.1176	-0.5354	-3.4114	-1.2786	1.2775	0.4524	0.1933	-0.8079	1.3849	1.1375	0.7547	1.3565	-0.9098	-0.1143	-0.6362	1.2423	0.3537	-0.4647	2.3987	-1.2386	0.9139	0.5282	-0.3003	1.4440	-0.6178	0.6011	-0.7806	0.7567	0.9840	-2.1190	-0.1745	-1.2966	-0.1788	-1.1807	-0.0469	-0.4701	0.5135	0.1944	1.2150	0.9936	-1.0101	1.3552
-0.3121	0.4883	-0.5674	-0.7641	-0.3057	-0.7282	0.4010	-1.2411	0.5482	-1.7255	0.1227	-0.7087	0.8556	-0.4855	-0.5549	1.8868	-0.5151	-0.0557	-0.1938	-0.3289	-1.1689	-0.4781	0.3443	-0.8683	-1.5087	0.0989	0.2544	-0.1605	0.3239	0.1981	-1.0418	0.4689	0.2330	0.0772	-0.2587	-0.7660	-0.6502	1.1740	-0.2191	1.4092	0.9421	0.1213	-1.1179	-0.7440	-0.8985	1.0578	0.3596	-0.0527	-1.2760	1.3751
0.1022	0.4259	0.7885	-0.1370	0.1094	0.7894	0.4340	-1.0254	1.0997	0.4988	-1.6040	0.9693	0.0694	-0.1156	-0.6413	1.1831	0.1863	1.7357	1.0946	0.1375	-0.6254	-0.4952	1.4044	0.9176	0.5681	0.2393	-0.4127	0.5122	-1.9905	-1.2212	0.8457	1.4553	0.4794	-1.0624	0.4301	-0.8123	-0.8443	-0.8382	0.2350	0.6336	0.2611	-0.7133	0.0513	0.2741	0.1454	1.3426	-1.0077	-0.5665	-1.2168	0.2900
-0.7586	-0.3814	-0.4705	-1.0436	-0.7920	0.2310	-0.1067	-0.7885	-1.4537	0.7563	-1.1394	1.7297	-0.2295	0.0740	-0.6280	-2.9328	0.6498	-0.1440	-0.1372	3.8134	-0.9534	-1.5470	-0.0196	-2.5036	1.1061	-2.0077	-1.3372	-0.4073	0.2072	-0.1331	-0.2545	-0.4945	-0.5864	-1.2889	-0.3355	-0.0509	-0.3633	-1.4645	-0.5850	0.0776	0.4392	-0.7954	1.4823	-0.7874	0.3042	0.9651	-0.3568	0.2968	-1.4249	-0.2074
0.1219	-0.2865	1.5081	0.5394	0.3823	0.5312	-0.1120	0.5904	-0.5328	1.6860	-0.7085	-0.3794	1.8638	-1.0140	-0.7961	-0.2267	0.5006	-0.9406	-0.3431	-1.8904	-0.5275	-0.8274	-1.0631	0.2954	-1.9022	0.6230	0.2167	-1.1464	-1.3183	0.0662	-0.6818	-0.8752	-0.5643	-0.6079	0.9211	1.1052	-0.7261	-1.1306	-0.8420	-0.7991	-0.7233	0.6151	-0.7355	1.2703	0.4224	1.8332	0.8077	-2.1380	-0.5246	-0.9545
0.1043	1.0584	-1.3311	-0.0773	-0.2429	-1.3566	-0.4921	0.0911	2.3740	0.3063	1.0451	-0.0687	-0.1691	1.5203	-0.5350	-1.2710	0.5394	0.2826	-0.5218	1.2915	0.6145	0.7850	0.3744	-0.0297	0.6552	-1.3472	0.0424	-0.5848	-1.3922	1.0222	-0.8023	-1.9251	-0.4203	-1.3919	-0.5662	-1.7552	1.4308	0.1329	-0.2112	0.1941	-1.7793	-1.6110	-0.7759	0.1564	-1.4082	0.5816	0.9693	-0.8714	-1.1387	-0.8862
-0.9684	0.2545	-0.3657	-0.5972	1.3052	1.2460	1.3298	-1.2997	1.1651	-0.4536	0.8387	1.4671	0.9647	-1.5836	-1.0826	0.2113	-0.5133	0.0311	-1.2052	-0.6865	-1.5312	1.6997	0.2175	0.6346	1.1097	0.0621	0.2723	0.2020	0.1829	0.1336	-0.1656	-0.2813	0.1708	0.8114	-0.0266	0.1129	1.3022	0.2303	-1.3174	-0.3853	-0.6894	0.2797	-1.0894	-0.3472	-0.3547	0.2016	-1.3149	0.4169	-1.5635	-1.3263
0.3718	0.3918	0.0265	-1.1617	2.3042	1.0370	1.0816	0.8437	-0.1355	1.0947	-0.0214	-0.6323	1.3787	1.4349	0.4737	-0.6700	0.4068	0.1440	-1.5200	-0.1688	0.7701	0.8774	-0.3586	0.5075	-2.3823	0.9458	-0.2660	-2.0330	-0.9159	-2.3178	-1.1396	0.4870	-0.3361	0.1113	-0.0988	-1.9265	-0.8789	-0.1105	-0.0579	0.6547	-1.1935	0.1721	0.4590	1.2980	-0.1284	-2.3575	0.2287	0.1323	-0.3479	-0.8231
0.0191	0.2538	-0.0484	1.5946	-1.2473	-0.3310	1.6503	-0.7350	-2.8908	1.2507	-0.2476	0.2835	1.0184	-0.1693	0.5187	0.1330	-0.2646	0.9653	-0.1105	-0.8053	-0.5065	0.2800	-0.4002	1.5411	-0.0851	-0.8638	-2.1166	-0.8899	-0.6741	1.4645	0.7965	0.1869	0.7143	1.0205	2.3481	1.2198	0.9619	-0.3479	-1.1281	-1.1358	-0.0655	0.7384	-1.2692	-0.1132	0.0043	0.2766	-0.4025	-1.6158	-0.0793	0.4380
1.1845	-0.1882	-1.1630	1.1688	0.1518	-0.7443	0.8903	-0.8080	1.9474	0.7099	1.5560	-1.1118	-0.0834	1.1457	0.0415	-0.8246	1.2962	-0.9788	0.4971	0.0013	-0.1236	-2.0425	-1.1107	2.1070	0.4228	0.5846	0.5809	-0.2435	1.3990	-0.0225	-0.2893	0.4052	1.1004	1.0030	1.4344	-0.7650	-0.6440	0.4345	-1.8392	1.2652	0.1793	1.3073	0.4094	0.5657	-0.3595	-0.1182	-0.1359	0.3967	1.1215	0.0945
0.8168	-0.3524	1.1245	-0.1726	-1.6392	-2.1873	2.0991	0.7372	-0.3197	-1.3303	-0.8254	0.8083	0.3736	0.8161	-0.8150	-0.3332	-0.1848	-0.4654	1.0579	-1.2819	-0.0515	-0.5424	-0.1171	-0.0353	-0.4132	-0.3089	-0.4684	-1.0055	-0.8394	-1.6110	0.3748	-0.3109	-1.9374	0.3567	-0.7786	-0.3062	0.2866	1.4052	-0.4242	-0.0374	0.5809	-0.8887	-0.2649	-0.2185	-1.1504	-0.7755	0.3992	-0.0616	-0.2039	-1.1796
0.4138	-0.4836	1.2886	0.2716	1.1254	1.7906	0.8276	-1.0222	0.5677	0.3991	1.6512	0.2081	0.2243	-0.0500	-1.5370	-1.1201	-1.0107	-0.1117	-0.1938	0.3100	-0.0201	2.4131	-0.2701	0.0415	0.6290	0.6925	0.1852	-1.1519	1.1818	-0.5492	-0.8867	0.5919	1.1098	0.2932	1.6296	0.6682	0.8296	0.4928	-0.3942	0.6444	-0.5208	-0.0331	2.4986	-0.1579	-0.4219	-0.7977	-0.0660	0.8842	0.6130	1.5034
-0.3755	1.7617	0.0798	-0.2381	-1.7409	-0.3292	-0.0551	-0.1932	1.6132	0.2002	-0.3152	-1.5302	0.3742	0.7375	-0.3394	-0.4608	0.9186	0.8560	0.8243	0.1175	1.0900	-0.7000	-0.1501	-0.9943	0.9393	-2.1437	1.2091	0.5022	0.2672	-1.4227	-0.5402	0.7745	-0.8752	0.6496	-0.0426	-0.4801	-0.2848	2.7476	-2.3322	-0.1456	1.1663	1.6539	0.4734	-1.3196	1.8779	1.6429	0.5028	0.9067	0.2888	0.8553
0.5506	-1.2236	2.3820	0.3317	-1.0682	-1.3648	0.8279	-0.2062	-0.5916	-0.7590	-0.6722	0.9608	0.5285	-0.5412	-0.1907	-0.5098	-0.1876	-0.5512	1.2282	-0.0162	-0.6576	1.5311	0.0980	-1.3593	-1.6769	0.5336	-1.7533	-1.2310	-0.6791	-1.6331	-0.5773	-0.3314	-0.2147	1.1276	0.0525	0.3076	-1.5862	-0.4976	-0.3360	-1.0672	0.0959	1.5148	-1.2610	-0.1934	1.7042	0.0496	0.3540	-0.0689	0.4998	1.8553
-0.1916	0.0320	1.8426	0.2869	-1.2221	0.9543	0.1296	-0.0091	-1.8543	0.2382	0.7771	0.3461	-0.0054	0.6483	1.6493	-1.7044	-0.9355	-0.7726	0.2094	0.3372	1.5320	-0.9441	-0.0603	0.8689	0.7682	-0.9050	1.8443	0.2849	-0.2664	-0.8018	0.9601	-0.0545	1.0659	1.4188	-2.0932	0.5705	-0.5074	-0.2242	1.1336	0.4545	0.3898	0.4097	-0.3111	1.5076	0.5479	1.2944	0.2825	-0.3483	1.5357	-0.7430
1.4629	-0.4119	0.6712	-1.4585	1.9629	-0.7434	-0.3625	-0.7183	-0.2766	1.9999	-0.1269	-2.2293	-0.2806	0.6946	0.4761	-0.5099	-1.9207	-0.4291	-0.3621	-0.3864	-0.2114	2.2138	0.8061	-1.1784	0.0424	0.1452	1.2621	-0.5752	-0.0359	-1.3798	1.6276	0.9644	-0.2223	-0.1337	-0.4987	0.0471	0.2452	0.5653	-0.1485	-1.5682	-1.0247	-1.3663	-0.5282	0.5544	1.9784	-1.0321	0.4403	0.9889	-0.6300	0.1193
0.0199	-0.7548	-0.5572	-0.0560	0.5549	-0.5518	0.8300	-0.4737	0.6398	2.4786	0.7738	0.0273	1.7532	-1.1734	-0.7240	1.6928	-0.6586	2.4324	-0.0492	-1.5103	0.6649	-0.8253	1.3185	1.6452	-0.7215	1.4149	1.2144	-0.2607	0.8246	0.3381	-0.7714	0.1261	0.5517	-1.7793	2.1792	-0.5641	-0.9232	-0.1885	1.2278	0.7278	0.5453	1.7967	-2.5450	-0.1187	-0.1700	-0.9236	-0.3971	-0.9036	1.7013	-2.6996
-0.6025	-0.3073	-0.0879	-0.2736	-0.1352	0.2535	-1.4496	0.4080	0.6168	-0.7660	-0.7068	0.1826	-0.0421	-0.7052	0.1876	0.1399	-0.4562	1.3718	2.1098	-1.1127	-0.5696	0.5961	0.6792	0.7669	-0.0947	0.6642	-0.6273	-1.1177	-2.1163	-0.5214	0.0675	0.9088	1.0820	-1.0874	0.3368	-0.9434	0.4671	-0.1557	0.0618	-0.7567	-1.2325	1.0610	-0.0808	0.5850	0.3127	1.0803	0.5029	-0.1945	-1.6947	-2.0585
0.0194	0.5428	0.6133	-0.1532	-1.2987	0.5292	-0.0944	-0.4263	0.2903	-0.5730	1.6178	0.3392	1.1062	1.1531	0.0661	0.4705	-1.2912	1.1134	-0.7576	-0.4450	1.9436	0.6622	-0.2264	0.7875	-1.1752	-1.8718	0.1728	0.4128	0.0336	0.6063	0.0535	-1.5309	0.2361	-0.1099	0.3320	0.3781	-2.2507	-0.6966	0.8652	-0.9781	0.5856	-0.2849	0.7900	-0.4437	-0.2833	-1.2798	0.0521	0.7557	-0.6658	0.0690
-0.3244	-1.7350	0.7094	-1.3207	-0.8759	0.1659	0.1760	-0.5831	0.1082	1.2068	1.3419	-0.8321	0.7413	0.4690	0.6612	0.9221	0.9950	0.2870	0.2082	-1.3572	-1.5586	0.8490	0.1808	-0.0905	-0.1549	1.0525	0.7562	-0.3748	1.5495	-0.8331	0.1425	-0.1088	-0.1421	-1.0526	0.4687	-0.7322	-1.5494	0.2998	2.4757	-1.5020	-0.5685	-0.0005	0.4388	2.6948	1.5011	-0.4971	0.4908	-1.1783	-0.6758	-0.7957
-1.5451	1.1141	-1.3483	0.6480	-0.6842	-0.6169	0.9036	0.6290	-0.1829	-0.6504	-1.7334	1.4168	1.6483	-0.4845	-1.5115	0.9476	-1.8659	0.8832	0.3802	-0.2146	0.2826	-1.1509	-0.5297	-0.5368	1.1447	0.2906	-0.0676	-1.7359	-1.2860	0.3797	-0.1269	-0.3486	0.5071	-0.0183	-0.2394	-0.7454	-0.8478	-0.0375	0.8974	0.3964	-0.1554	1.6231	-0.3131	0.5565	-1.6446	0.0977	0.3407	1.7474	-1.3084	0.0313
0.8012	0.0558	-0.2372	-0.9361	-0.0777	-1.3454	-1.2677	-0.5382	-2.0691	0.4689	1.9336	-0.2785	-0.7653	-1.3645	-0.3550	1.1494	0.1470	-1.0154	-1.2896	0.2991	1.8519	-0.5303	-0.2354	-1.2976	-1.2293	-0.6425	0.8538	0.3241	1.5450	0.5407	-0.2779	-0.4362	-0.5087	-0.0402	-0.5394	1.2725	-0.5282	0.1252	-2.0946	0.8948	-2.0128	0.2007	-0.5173	-1.0352	1.1408	-1.0558	0.4629	0.1328	0.4806	-0.3691
-0.9548	1.0419	-0.5005	0.2567	0.8173	-0.9214	0.1044	-0.0742	-0.7375	-1.2201	-0.2056	-1.1634	-0.6225	-0.7862	0.0838	-1.3193	1.5771	0.8432	0.8368	-0.5422	0.0730	-0.5248	-1.6814	0.2245	0.7475	-1.9504	1.2254	-0.4335	-0.7383	0.5400	1.8762	-0.3856	-2.1688	2.6819	-0.1712	-1.1537	-1.6901	-0.9884	-0.2999	0.1037	-1.8017	-1.5467	0.5618	-1.6314	-0.2772	0.1295	2.2254	-0.5805	-0.6462	-2.0556
-1.0122	0.4488	0.5051	0.3705	-1.2059	0.6913	-1.2896	0.2087	-0.1582	-1.0438	-0.1486	2.2178	0.6891	0.1367	-2.3102	0.0922	1.0992	1.9394	0.4663	-0.4223	0.6499	1.4076	0.8215	-0.3487	0.0971	-0.7932	0.7315	-1.3770	1.2340	1.4534	-0.4134	-0.7435	0.1750	-1.7992	0.3949	0.2920	0.3134	-0.8885	0.1184	-1.3111	0.1788	-0.6386	0.8201	0.3973	0.4142	-2.0243	-0.4312	2.4120	0.3390	-1.6897
-0.1243	-0.4318	0.4139	-0.3912	0.1812	1.2042	-0.2200	-2.0114	0.7231	2.1592	0.7681	-1.7651	-2.7626	0.6872	0.9892	0.1039	-0.1234	-1.1320	-2.1908	1.0285	-0.1849	-0.4359	0.2846	0.8339	1.3030	-0.6660	-1.1418	0.6616	-0.1512	0.1099	0.5449	0.6845	-0.2677	-0.1697	0.3679	2.1638	0.8308	0.8953	-1.9123	-2.0325	-0.5374	-1.0334	1.2077	-1.1752	0.8660	-0.1677	1.1102	0.6360	-1.9172	0.2465
1.0706	-1.4847	0.1349	-0.5033	-1.1064	0.2899	-0.5897	0.2252	1.1265	0.3642	-0.1824	-0.3097	1.0887	-0.3142	2.4772	0.4284	-1.7474	-2.1764	0.9409	-0.2246	-0.6385	0.9479	-0.6687	-1.1492	1.6790	0.5535	0.0828	2.8799	-1.7826	-0.7179	-1.6820	-1.2214	-1.9851	1.7783	0.7549	-0.1901	0.7621	-0.1020	1.6957	0.3731	2.9659	0.6956	-1.7025	0.3465	0.8626	-0.0925	0.6689	0.8798	1.0794	-0.4403
-0.1646	0.7634	0.3927	1.9747	-0.3563	0.5945	1.0539	0.3103	1.0418	-0.2124	0.5380	0.8657	0.7422	-1.2764	0.5545	-0.8490	0.2410	-0.9246	0.2017	-0.6618	0.8210	-0.0343	-1.1907	-0.3197	0.6117	0.0183	-0.6317	-0.2585	1.2244	-1.4293	-0.0888	-0.8607	-1.8585	-0.2526	1.6209	-1.2677	-0.7577	-0.1509	0.2028	-0.6652	-0.0922	-0.6765	0.4110	-1.2294	0.7744	0.0967	-0.0079	-0.1361	-0.2050	-1.0163
-0.4924	-0.2910	1.5246	-0.4563	1.3440	1.5636	0.7599	-0.8746	-2.4502	0.9629	0.6271	-2.5038	1.2434	-0.5859	0.2007	0.0325	-1.2705	-1.8418	-0.1493	1.1132	-0.0329	1.4944	0.6807	-0.4953	-0.7956	1.0266	-0.2417	0.8019	0.4155	0.8377	-1.0403	-1.6230	-0.1312	1.5223	-0.4640	1.1322	-0.7131	0.1361	1.8682	1.0039	-0.2631	-0.2083	0.9345	1.3190	-1.4339	-0.7467	2.2830	0.7471	-0.5175	0.8528
-0.7688	0.3937	0.2121	2.3316	0.7102	1.5576	0.4051	-0.0285	0.8185	1.4489	-1.2793	0.5108	-0.2040	-1.5978	-0.3323	-0.2532	-0.0679	0.4983	1.0375	0.3666	0.2158	1.8115	2.3659	-0.5430	-0.7516	-1.0865	1.1052	-0.4051	1.3344	0.1865	2.0584	0.7958	-0.3639	-0.0657	-0.5446	-0.5642	0.3865	-0.7790	1.3302	0.0813	0.0101	1.4973	-0.0768	-0.5838	-0.6351	2.1906	-0.2844	0.6439	0.2251	2.0454
1.1614	-1.3977	-0.2111	-1.5670	0.2862	-0.1916	-0.2960	-1.3482	0.1097	-1.5994	-1.1724	-0.5494	-0.5322	-2.0003	-0.3505	-0.2729	1.0980	-0.6231	-1.1823	0.5540	0.9921	-1.8434	-0.6218	-0.5478	0.6860	0.2048	-2.0299	-2.2204	0.5947	0.2949	-1.4249	0.0890	1.4209	0.3140	-0.7408	-1.0729	-0.9707	-0.6303	0.1984	-0.4002	0.5862	-0.3478	-0.9230	-0.2509	-0.0831	-1.7489	-1.0299	-0.3384	-1.3946	1.4195
-1.6785	-3.0230	2.1832	-2.4818	-1.9219	0.2081	-1.4272	-0.2919	0.4291	0.9432	0.0362	0.3260	-0.6590	1.8373	0.8429	-0.9767	-0.9807	-0.6439	-0.3251	1.0098	-0.0405	-0.5941	-1.0562	-0.7802	-0.0599	-1.1216	0.1112	-0.1740	-0.7051	-2.1447	1.5715	-1.0448	-0.6926	0.6946	0.8126	-0.5193	-0.3794	-0.5788	0.3572	-0.3791	0.7305	-0.6276	0.3228	-0.8455	-0.2297	1.3141	1.1634	-0.4358	-0.5124	0.8018
-1.1343	0.0327	-0.4839	-0.7743	1.1395	-0.1869	-0.6174	0.4979	1.9781	-0.3859	-0.1064	1.5384	-2.1880	0.9708	-0.2586	0.2099	0.5014	0.9262	0.0631	0.0797	1.4181	-0.7302	1.2699	1.5594	-0.2667	-0.0866	0.4949	0.4274	0.0055	0.3335	-1.4196	-1.4216	0.7840	1.5462	0.4841	-0.9455	-0.3858	1.3620	-0.9112	-2.5039	-0.9408	0.0972	0.9391	0.9183	0.5224	-0.5548	-0.5700	-0.2101	0.2825	0.2817
-1.6752	0.3081	0.4474	1.0055	-0.6203	0.6905	1.1037	-0.1211	-0.7490	0.2624	-1.0508	0.1664	-1.3900	0.8808	0.1621	0.2456	0.1901	0.4973	0.5348	-0.3637	1.2887	-1.7608	1.3818	0.7013	-1.0439	0.5996	0.0579	3.5419	0.3293	0.9127	0.1995	0.0072	-0.9430	-1.3277	1.2061	0.5152	-0.7173	-0.0396	-1.1037	0.2612	0.7318	1.2149	-0.6873	-0.2143	-0.2117	0.7864	-0.5440	-1.1568	2.0364	0.5469
3.0589	0.1921	-1.1093	0.7588	-1.8664	-0.2650	0.9549	-0.8745	-0.8206	-0.2849	0.3877	-0.0989	-0.7552	-2.4316	-0.5821	-1.3297	1.4178	-0.1151	0.4867	-1.0102	0.4296	-0.8182	-0.1884	-0.3611	0.7294	2.5248	-0.5721	-0.4670	1.0190	-0.6663	-1.1236	1.6799	-0.9163	1.1574	0.0417	-0.5375	0.4996	-0.6361	1.0482	-0.1088	-1.2900	-0.3292	1.0119	-0.8835	0.9886	-0.0189	0.0661	-0.4211	-0.6139	0.8924
-0.7187	1.0172	-0.7438	3.0628	-0.3248	-1.6332	0.9361	0.4717	-0.3001	0.2359	-0.8925	-0.5620	-1.6239	1.5690	-0.5991	0.1285	-0.4407	-0.7528	1.7268	1.4756	-1.3945	0.6662	0.6845	-0.3437	0.8412	-1.7584	-0.7727	1.1747	-0.5731	0.9870	0.5128	0.9887	0.7949	1.9910	-1.0214	-2.6254	0.6115	-0.0269	-0.4011	2.3472	1.3223	-1.1404	-1.5984	-0.1374	0.7241	-0.1577	-1.6616	-0.2706	1.2510	0.3958


