
X1	X2	X3	X4	X5	X6	X7	X8	X9	X10	X11	X12	X13	X14	X15	X16	X17	X18	X19	X20	X21	X22	X23	X24	X25	X26	X27	X28	X29	X30	X31	X32	X33	X34	X35	X36	X37	X38	X39	X40	X41	X42	X43	X44	X45	X46	X47	X48	X49	X50
1.8443	-2.1419	0.1463	0.7203	0.8388	-0.5345	1.3282	-0.8727	-0.0548	-0.7277	-0.8345	-1.6416	2.0810	0.4811	-0.3873	0.4590	-0.3564	0.0774	-0.9333	-0.1128	0.6062	0.6297	-1.3492	0.2316	0.9297	-0.1661	-1.4554	-0.4356	0.0772	0.0576	0.0653	0.9218	-1.1221	0.8510	-1.4494	-1.4307	-0.4497	-0.5504	-1.5142	0.1195	0.0622	1.1202	-0.8802	-0.2881	-0.1154	0.1177	-1.7181	-0.3009	0.1282	0.9939
0.7035	0.6801	1.3650	-0.9115	-1.3757	-0.8905	1.1687	-0.5691	0.9378	0.3927	0.3823	0.4865	0.0073	-0.2808	0.2874	0.7394	0.6575	1.0502	-0.5284	-0.3662	1.0507	0.7040	-0.2896	0.0097	-0.5959	0.2457	0.1722	0.7489	-1.9579	-0.3281	0.2475	0.0081	-0.6454	0.0867	-0.5002	0.3413	1.4505	-0.0644	-0.9404	-1.3322	-1.3673	-0.1921	-0.0888	0.7738	1.0512	-0.3365	-0.2702	-0.2018	1.2169	-0.0842
-0.7790	1.3837	1.1099	0.1627	2.4307	-0.2129	0.8489	1.1416	-0.0671	0.6343	1.5625	-1.3572	2.3926	-0.5638	0.2658	1.9575	-0.1804	-0.2022	-0.0906	1.7709	0.4283	-1.1350	0.1375	-0.5092	-0.4057	-0.3933	0.0580	0.4494	-0.9433	1.5909	-0.4568	0.8563	0.5682	0.1462	0.6872	-1.7012	-0.4600	-0.3271	0.9762	-0.5339	0.3494	-0.5031	1.1561	-1.5811	0.0324	-0.0963	-0.3437	0.3713	-0.1252	-1.5527
1.4208	-0.3738	-1.3502	0.0228	1.0146	-1.1851	-0.4355	-0.9158	1.7946	0.6077	0.8766	-2.3168	2.1948	-1.2819	-0.1139	-0.2468	-0.0710	1.0298	0.5427	0.1510	0.9109	1.0699	0.7056	2.2578	1.4713	-0.0188	0.1364	0.0286	0.4978	-0.9698	0.5066	-0.4107	-0.2201	1.8945	-0.3360	0.4573	-0.4885	-1.5770	-1.6067	-1.5673	0.2301	-0.0562	-1.4980	0.0222	0.3062	-2.0399	-0.4225	-0.6454	-1.0381	0.1230
-0.8955	1.1120	0.7254	0.0500	-0.1653	-1.1754	-0.0619	1.0117	0.0388	0.0948	1.5123	-0.9025	-0.7113	-0.4539	-0.0243	-1.8458	-0.4363	-1.0380	1.4676	-0.9701	0.8565	0.5588	0.2352	0.5100	1.3847	2.0276	0.4500	0.0909	0.3254	-0.9080	-0.4092	0.5421	0.2155	-0.1152	0.5874	-2.0017	-0.7436	1.2849	0.1905	1.3914	0.2805	-0.6366	0.0001	-0.4652	0.1866	-1.0773	-0.5258	1.2504	0.5103	-1.5840
0.4382	-0.5322	0.4343	0.2433	-1.3819	0.3449	-0.3228	-0.0904	-0.8528	0.7508	2.4433	0.9056	1.8634	-0.3052	-0.5213	0.1459	0.6176	1.6657	-2.2886	-0.6209	0.7968	-1.3251	-1.0238	-0.1219	-0.8909	-0.7172	0.4498	-1.0690	-0.1369	0.1731	0.9694	-0.6704	-0.0730	-1.7768	1.2141	-0.9853	-0.4677	-0.3367	-0.9945	-0.6445	1.1967	-0.7285	0.2288	1.8013	2.0777	0.1886	-1.1160	0.7368	2.0296	-0.4391
-0.7470	1.6337	1.7705	-2.2411	-0.9871	1.2616	-0.6838	-1.0832	1.7296	-0.6082	-1.2601	0.4515	-0.9570	0.7613	0.2242	-1.6134	-0.1194	0.1626	-0.4574	0.9246	0.2520	1.7553	1.3147	0.5476	1.6549	-0.0659	-0.5527	-2.3606	-1.4872	0.1572	0.3229	0.5696	0.2650	0.3310	-2.0785	1.8385	0.4319	-0.0397	0.1422	0.1865	1.9456	-1.1773	-0.9174	-1.0297	-0.0150	0.2763	0.8083	-0.9930	-1.1285	0.8526
0.1444	-1.0811	-0.1257	-1.5625	-1.0732	0.4753	0.4793	-1.2200	-1.2993	1.0109	1.1191	0.7180	1.0273	0.3814	1.4333	-0.3674	2.8792	-0.7659	0.5557	-0.7342	-0.2151	0.3305	-2.3445	1.6415	0.1138	-0.0761	-1.6123	-0.0626	0.3378	-0.5821	0.7444	0.5834	-0.9901	-0.3092	1.0677	0.2191	-0.0136	-2.6686	0.5424	-0.3669	0.2629	-2.6353	1.3688	1.9851	-0.5266	1.0102	-0.6728	-0.1203	0.4240	0.3312
1.5157	1.9376	0.2358	-1.6277	-1.1243	-0.9507	0.4396	0.2067	-1.0277	-0.6264	-1.4971	1.0424	-0.3308	-0.6484	-0.6583	0.6537	2.0605	0.4298	0.9606	-0.4116	-0.8799	0.4549	0.6468	-1.1539	-2.0751	2.4302	0.0902	-0.5057	-0.0864	0.3950	0.7216	-0.8549	-1.2572	-0.0764	0.1967	-0.7724	0.2820	-0.3960	-1.7189	-1.3029	-0.7652	-0.1716	-0.7378	-0.5318	1.7917	1.5742	-0.5807	-0.5590	0.6471	-1.7846
1.6707	-0.7745	1.0536	-0.0010	0.3268	0.9400	0.1614	0.5099	0.3265	0.2034	0.8147	2.6636	-0.6971	0.1502	-1.0115	-0.5370	-1.3114	-1.5587	0.6907	0.5035	-0.0499	-0.4029	-1.2756	-0.4343	0.7366	-0.1384	1.4060	0.3784	-0.1374	-0.0060	-0.4472	0.7355	-0.8047	0.5897	0.0843	1.1020	0.0703	-0.2230	0.7744	0.1476	0.7029	-1.0910	-0.7140	-0.3912	-0.1730	-0.4146	1.5579	-0.6736	1.2411	-0.2209
0.7973	1.7168	0.9547	0.5743	0.0152	-0.7727	-0.4305	0.5054	0.6068	1.2522	-1.6750	1.7644	-0.0975	-1.0816	-0.3278	0.5155	3.0106	-1.5641	0.3900	0.4787	1.7600	-0.1282	-2.0234	-0.8056	-0.4634	0.4554	-1.3116	-1.8172	-0.2246	0.0805	1.5271	-1.2666	-1.2101	-0.6809	-1.3392	0.5514	0.5450	0.7349	0.1190	1.4051	-0.6724	0.5797	-1.4526	1.3406	-0.7634	-0.5419	-2.1033	-0.2078	-0.2408	-0.8329
-1.7012	-0.3895	0.1180	-1.0183	0.6037	-1.6947	-0.0962	-1.3284	1.3664	0.9324	-1.1929	-0.5244	0.0461	-0.0633	0.6973	-1.1464	-0.0191	-1.1027	1.2471	0.9647	-0.2373	-1.0785	0.6002	-0.7377	-1.4401	0.8109	1.4515	-0.1130	2.2446	0.4892	-0.4076	0.9632	-1.6383	0.1553	-0.1539	-1.6776	1.3791	-0.3007	1.2368	-1.1110	1.7840	1.5396	-0.2513	-0.9112	0.9984	-0.4954	0.4172	0.2282	1.8932	0.0024
1.1255	-0.9629	0.2324	-0.5328	-1.5863	-1.2958	-1.7118	-0.7683	0.8087	-1.7704	1.4678	-0.5695	-1.1205	0.8442	-1.7589	0.5946	0.3149	0.0814	0.5658	-0.9055	0.1206	0.9952	-0.8397	-1.5141	-0.9074	0.7414	-0.1513	-0.1607	0.2042	0.9253	0.2994	-0.5417	1.7162	-0.2976	0.3643	-0.6515	0.4883	-0.0835	1.1961	0.7396	0.0507	-0.6759	1.4643	-0.4832	-0.5011	-0.3773	-1.8326	0.2876	-0.2993	-0.7818
0.5519	1.0349	-0.3500	-0.9188	1.5623	1.2915	-0.9097	-1.6344	-0.1762	-1.1598	-0.2344	-0.6641	-1.0427	-0.2845	-0.9003	-0.5345	-0.8431	0.5382	-1.2194	1.4497	-0.1528	-0.0707	0.2965	1.8551	-0.7690	-1.2548	-0.8910	-1.7326	-0.1670	-0.3523	1.5383	1.1433	0.1472	0.2842	-0.5457	0.1465	-1.5017	-0.0852	-0.2776	-1.0887	0.3147	-1.6185	1.3434	-0.4577	-0.4508	1.1763	1.6993	1.9493	1.7193	0.1865
1.3616	-0.9918	-0.1285	-0.6570	0.4005	0.6606	0.8046	-0.1163	0.4740	2.2069	-0.3546	-0.2694	-0.6269	-1.3942	2.0747	-2.4362	-0.4477	1.5252	0.4066	0.9375	1.3520	0.8772	0.1038	-1.4420	0.6050	-0.2930	1.4619	-0.1924	-0.6172	0.5681	0.5041	0.4448	0.5194	-1.2095	-0.2293	-0.2648	-0.2509	-1.0943	1.2887	0.9934	0.0044	0.7556	-2.2533	0.1182	0.4954	0.5500	0.6075	0.2789	-2.7494	1.0092
0.4332	0.5548	1.5503	0.6509	-1.4260	-0.3305	0.9455	-1.2996	0.5990	-0.0142	1.2098	-0.0708	0.6167	0.9307	-0.7700	2.1445	-0.4211	2.0424	1.7806	0.8545	0.6508	0.8314	0.2531	-0.4364	0.6335	0.5923	1.7612	1.2737	0.3047	-0.3990	0.0932	0.7530	1.3101	-0.2848	0.5073	0.4823	-0.3703	0.5371	0.1363	-0.4565	0.4176	0.7465	0.6748	0.6874	-0.6720	-1.1619	1.7271	-0.4884	1.7023	2.2907
1.6905	1.9249	0.4034	1.0838	-0.4509	1.5382	0.4965	0.5018	0.3198	-1.4277	0.1725	0.9670	-0.9811	0.6509	-2.1730	-0.8075	0.7929	-0.6579	-0.4864	-0.7959	0.2879	-0.6278	0.3332	-2.0414	0.6061	-0.9252	-1.6236	-0.5070	1.2134	-0.6856	0.3604	-0.0767	1.2888	-0.2609	-1.3608	0.5233	0.0168	-1.1517	-0.8892	1.5959	1.9350	-0.1250	0.3641	0.1993	1.3759	-2.3323	-0.8816	0.1237	-1.7472	0.0937
1.0225	0.2752	-1.2132	0.3394	-0.6399	-0.2663	-0.4659	0.3542	-0.7336	-0.9748	0.3500	-1.4957	0.0392	-0.4322	0.0618	1.6656	0.2623	-0.5367	0.8749	-0.7424	0.3087	1.6344	0.3032	1.1786	-0.0657	-0.8669	0.8247	0.0790	-1.3175	0.5146	-0.1202	-1.3620	0.8218	2.4366	1.4525	1.5644	-0.4858	0.6428	0.8239	0.3153	-0.6556	0.7542	1.2696	-0.4539	-2.2886	-0.0992	-1.3519	-0.3188	0.4746	-0.0134
0.5960	-1.0746	0.9711	0.5639	-1.0176	0.0101	0.8355	0.4833	-0.5288	0.3064	0.8657	0.5648	-0.7317	1.3303	0.8354	1.6023	-1.1029	-0.7456	1.6194	-0.5452	-0.9082	-2.1631	0.1737	-1.2825	0.0847	0.0106	-0.3007	-0.6797	0.5682	-1.2101	0.1379	-1.7810	1.0006	-0.4623	0.3095	1.6537	0.3847	-0.0682	-0.5154	-0.0043	0.3973	0.8080	-1.6159	-1.9124	-1.6641	0.3019	0.2522	-0.8438	-0.7860	1.3646
-0.3736	-1.5562	1.5467	-2.0116	0.9545	0.3563	1.7944	-1.1659	-2.8155	0.0967	-0.5917	0.9552	0.3609	-0.9934	-0.8937	1.2745	-0.6692	-0.0007	-1.1823	-0.2220	0.5052	0.7558	1.8998	0.8048	-1.0580	0.2784	-1.7991	-0.3400	1.2255	-2.0116	1.1367	-0.0885	0.7285	0.0810	0.7067	-0.8827	-1.2120	-0.2708	-1.2487	0.2176	-0.1265	-0.2254	1.0074	0.9869	-1.1052	0.4900	0.2976	-0.4403	-2.1151	0.7966
-2.1016	-0.6242	-1.5147	-0.0129	1.2965	-0.5125	0.7234	1.3296	0.3730	-0.2133	0.5894	-0.5494	-0.1988	-1.5004	-0.4915	0.1540	1.0960	0.5510	1.6623	0.8897	-1.0409	0.4141	1.0462	-0.5115	0.8072	-0.6145	1.0251	-0.0326	-0.5314	-1.0769	1.0209	-0.3807	-1.3565	-1.7110	-1.1924	0.8284	0.4096	-1.4216	0.0973	0.3938	1.6233	-1.1318	-1.2089	0.7866	-0.9571	0.3514	-0.2792	0.8996	0.9034	-0.9677
1.1123	1.7657	-0.3052	0.3394	0.0216	0.0361	-0.9526	-0.6312	-1.0605	-0.5992	-1.1541	1.2985	1.6035	0.7172	0.0671	-1.6290	-0.4835	0.2665	0.6218	0.3590	-0.0051	0.3269	-1.4691	-1.0632	0.0387	-0.8242	-0.3995	0.3888	-0.2199	-1.6820	2.0976	0.1565	0.0148	0.4931	-0.2088	0.7437	0.3179	-0.1165	-0.4352	-0.0933	-0.2832	-0.5926	0.4669	0.0199	-1.0875	-0.0280	0.1957	0.5387	1.8776	-0.6614
0.2070	0.7416	0.3538	0.1423	2.0083	0.9807	0.9308	-1.1225	0.6083	0.9259	-0.6505	0.6214	-0.0110	-0.7741	-0.1472	0.1836	0.6335	0.5169	-1.9036	0.9287	1.8437	-2.3921	-1.1746	0.7628	-0.8338	0.2747	-0.4313	-0.4616	-1.0125	0.6127	-1.1338	1.4079	-0.7463	0.5286	-2.2247	0.7400	-0.9828	-0.6893	0.2608	-0.6544	0.2404	-1.0954	-0.1153	-1.1925	0.6985	1.0739	1.7530	1.8989	-0.4754	1.0351
0.3878	-0.2765	-1.1696	0.0344	-0.0384	-0.0891	0.7260	0.5613	-0.3700	0.9525	-0.3347	-0.2557	-0.3234	1.4223	1.1028	0.1755	-1.0816	1.8869	1.3326	-0.3162	0.5882	-0.5534	0.5014	-0.1713	-2.2960	1.4564	0.5879	0.4276	0.3857	-0.1187	-0.0790	0.0005	0.9488	0.8569	0.3093	0.6520	1.2541	0.9106	-0.4175	0.2232	-0.5341	1.3130	0.3824	-1.1102	-1.0994	0.7074	-0.0650	0.3496	2.3826	-0.7530
0.1399	-1.7695	-1.4587	-1.5587	-0.8624	1.2194	-1.1841	-0.8692	-1.6653	-1.8023	0.6607	1.0481	0.5052	-0.3513	-1.2748	-0.1564	-0.0420	0.5777	2.0878	-0.7684	-0.9507	-0.0661	0.2355	-1.2470	0.4657	-1.2723	1.5837	0.4803	-1.8548	0.6552	-0.5342	-0.9723	1.4593	-0.5160	0.7132	0.4334	-2.1788	0.2026	-0.9917	-0.4404	0.9249	2.3358	-1.7591	0.8680	-1.0538	-0.9934	-0.7333	1.0472	0.4747	0.8865
0.4208	-1.0928	-0.8964	0.1856	1.2633	-0.1650	-1.0927	-1.2812	0.4100	-0.9181	0.9219	1.2726	-1.7160	-0.6201	0.4581	-2.3428	1.0954	0.3821	0.2303	-0.9064	0.0428	-0.2738	-0.2661	0.4838	1.0829	2.2839	-0.0183	1.1629	-0.7440	1.7247	-0.8136	-0.4704	1.9515	0.7596	-1.4525	-0.1945	-0.7992	0.0621	-1.7722	0.1448	1.8921	0.0292	-0.0343	0.7829	0.8652	-1.7680	-2.0090	0.8674	-0.5753	0.6814
-0.3499	1.4474	-1.0075	0.2247	0.3145	-0.9949	-0.5398	-0.3301	0.8907	0.3871	-0.0568	-0.5599	2.9161	-1.5574	0.2841	0.3801	0.8236	-1.5320	0.2989	0.9688	-0.1052	1.4741	0.1495	-0.3378	0.2424	1.1056	-1.5519	-0.4904	0.9398	-1.4509	2.1153	-0.2985	-1.0944	0.0693	1.2654	-1.0330	0.2303	-0.6669	0.2864	-1.1510	-0.5019	-2.1069	-1.3646	-0.3975	-0.7017	-1.5827	0.3024	1.4831	-0.7469	0.1755
0.5351	-0.2048	1.2848	1.2225	0.5101	-1.6362	-0.7087	0.0359	1.0331	0.5857	-1.6402	-0.9195	0.3039	1.7127	-1.3163	-0.2753	-0.8918	0.0527	-1.3512	0.9574	-0.7913	-0.0060	0.0963	0.7838	-1.3496	0.0907	0.8611	0.6431	-0.0181	0.2969	-0.5578	1.0197	1.0558	-1.1648	0.8212	-0.1921	1.3815	0.0298	-0.1146	-0.4480	-0.3641	0.8005	-0.4038	-1.1287	0.0541	-1.9887	-0.6565	0.9955	0.3991	0.1777
-0.1155	-0.4648	0.3774	-0.2698	1.7305	0.9259	-0.4693	0.5082	0.3926	0.5535	0.4970	0.0339	0.0272	0.3047	1.1114	-0.8938	0.8827	0.5609	0.3212	1.9244	-2.7215	-1.2052	1.6398	0.5058	0.9190	-0.2807	0.7548	-0.6130	0.8538	0.2307	1.0223	0.4350	-0.3264	1.5452	0.0580	0.3964	0.3908	-0.0783	2.0834	0.1174	1.2051	0.6271	-0.0023	1.0689	0.8171	-0.7949	-1.4348	-0.1179	-0.5591	0.7766
-0.9157	-0.0151	0.8879	-0.1406	-1.7054	1.0916	-0.3333	0.6101	-0.0120	0.3589	0.2659	0.8445	0.4439	-0.9884	0.5952	-0.1158	-0.7069	1.8666	1.6408	-0.2278	0.4278	-1.4076	1.0441	0.4036	1.6938	-0.0882	0.0907	0.3925	-0.1873	-0.2501	-0.1506	-0.9898	-0.4850	-0.2343	-0.5708	-2.3949	0.3481	0.2935	0.0799	1.4308	-1.0359	1.4844	0.2118	-1.3437	1.3113	2.5442	-0.5824	1.7343	0.1829	0.9940
0.0200	0.6183	-0.2631	0.2624	0.7674	-0.0535	-0.8996	-0.6163	-0.0522	-0.4902	0.2086	1.1999	-1.1269	0.9380	1.0458	1.4547	-0.2286	-1.3764	-1.3611	0.5470	1.0246	0.4456	0.7779	0.8922	0.1387	0.5945	0.2197	1.4007	1.0470	0.8612	0.3843	-0.9992	-0.3237	-2.1717	0.2566	-0.7971	-0.6903	-1.0390	0.7773	0.2387	-0.3554	-0.4139	-1.1449	-0.3872	0.5896	0.6414	-0.8843	-0.7499	1.0728	1.2479
0.3577	-1.1541	-0.0826	-0.3647	0.3054	-1.7070	-0.1559	0.2925	-0.9099	-0.5082	-0.4533	1.1109	0.3154	1.2057	-2.2071	-0.7180	-0.1219	1.2986	0.2163	0.4264	0.4058	-0.1116	0.0613	0.2311	0.5582	1.1299	-0.3507	-0.0269	0.8016	-0.3146	0.7843	1.9897	-0.5597	0.0949	0.9574	1.0313	-0.0272	-0.2295	-0.2916	0.1933	-0.0067	-0.1736	0.8356	0.4778	-0.0195	1.9753	0.1703	-0.4148	0.2650	0.3159
0.4951	1.2911	0.5840	-0.1692	0.3830	-0.2582	1.9876	-0.4696	0.3581	-1.7368	-2.2803	1.2647	0.0112	0.4283	-0.2102	-0.9269	0.6106	-0.0090	-0.3717	0.9901	-2.2103	0.0325	0.0341	1.9311	0.3108	-0.8229	1.0174	0.8507	1.5746	-0.9200	-0.5854	1.0986	-1.0946	0.3563	0.3762	-1.4645	-1.3877	1.4939	0.0612	-0.5995	-1.5847	0.0858	1.0057	-0.9952	-0.7272	0.6363	0.6359	0.4676	-0.4584	-0.3054
0.0070	0.1209	0.2491	0.6125	-1.7459	-0.4204	-0.9583	2.3383	0.8409	-0.2518	-1.2710	0.0267	0.6011	0.9083	0.4240	-1.8079	0.6071	-1.9910	-1.1995	-0.9950	1.3331	0.1376	1.4872	-1.0583	-0.4371	-2.1563	-0.3753	-0.0148	-1.3843	0.5884	0.0072	0.5043	1.2177	0.3988	-0.3763	-0.8553	-0.1963	-0.1211	-0.6193	-0.0119	1.4152	0.7392	-0.0595	2.1806	-1.8772	0.8309	0.5095	1.1690	-0.3139	-0.3278
-1.5946	-1.2447	0.4903	-0.1859	0.8896	1.6695	-0.2065	0.8977	1.1050	-1.9876	0.3932	-0.3034	0.5039	0.6561	1.7955	1.3463	-0.5423	0.7727	-0.1171	-0.6609	0.8278	-3.2381	0.0602	-1.0802	0.7767	0.5193	-0.0767	0.6456	-0.9192	0.9969	0.5993	-1.0436	-0.3418	-1.5141	-1.3823	0.0828	-1.3833	-0.4212	-1.6631	-1.5886	1.7651	0.0920	0.3647	-0.0623	0.4604	-0.0225	-1.6345	0.5175	0.6266	0.1257
-1.1656	-0.3569	0.2519	0.2560	-0.1520	0.1286	1.5843	-1.9810	0.3957	0.0613	0.8692	-1.8418	-0.1013	-1.3646	-1.7784	-0.1357	0.6364	-1.4344	1.1943	0.0949	1.3671	0.1501	-1.5390	1.1853	-0.0770	-1.3082	-0.1707	0.5978	1.6786	-0.5727	0.4282	-0.3142	0.9672	-0.9461	-0.2493	-0.3664	-0.2585	-1.1189	-0.5987	0.1554	-0.6935	0.0992	-1.3955	-0.3459	1.8812	-1.1393	0.6322	-1.3639	-0.0861	-0.8075
-0.7440	0.7266	0.2352	0.1625	0.9611	-0.9167	0.7431	1.4645	1.4726	0.6944	-0.8901	0.4835	-1.2162	1.3985	0.7693	1.3642	0.9161	-1.6386	0.5075	-1.1962	0.7683	0.2653	-0.0158	1.6518	-1.9782	1.9124	0.2916	1.5256	-1.2415	0.6923	-1.2842	0.2592	-0.8118	0.0964	0.3317	0.9337	-0.9490	-2.2907	0.4633	-2.5235	0.3652	-0.7017	0.6726	-0.6610	-0.2264	-0.5020	-0.6265	-0.1979	1.3152	-0.7118
-2.4190	0.5872	1.6656	0.2058	-0.2131	-0.0406	0.5670	-1.3294	0.9061	-0.2375	-1.0803	0.2060	0.5066	-1.7796	1.2207	-0.5084	1.1734	-0.1025	-0.2127	0.4688	0.8932	-1.0533	0.2522	-0.1987	-0.4797	-0.7067	-1.6102	0.0126	1.3227	-0.6213	-0.4798	-0.4366	-0.5349	-0.5982	0.6480	0.6171	-0.9645	1.8108	-1.1128	1.1880	2.0873	0.3767	-0.3908	-2.3826	0.4991	1.7439	-0.9807	-1.5661	0.9442	2.6185
1.3617	-0.6071	-2.0367	-0.5004	0.8747	0.2323	0.5607	-0.2834	0.3232	-1.7956	-1.0198	-0.4032	-1.5390	-0.8180	-2.1540	0.0608	1.2364	1.8804	0.4232	0.2775	0.2178	-0.4703	1.2172	0.4164	1.6521	-0.1453	0.7009	-0.2838	-1.4585	0.2976	-0.9163	-0.2338	-0.9494	2.0790	0.5479	-0.4488	-0.6445	-1.0238	0.1195	0.6199	-1.0758	1.6551	0.0785	0.6216	0.8846	1.4602	1.2719	-0.6973	1.2529	-0.3312
-1.0395	-1.1987	2.2643	-0.8264	-1.9377	-0.5109	-0.7746	1.1406	0.1057	-0.2957	0.0108	0.3650	-0.7057	0.9179	-1.0319	-0.4995	1.8121	-0.0785	0.2236	1.6612	0.3132	0.0707	-0.0437	-0.7191	0.4306	-0.5645	-0.7809	-1.3168	-0.0222	2.0085	0.6323	-0.3109	-0.0974	1.1148	0.7815	-1.2720	1.0736	0.4938	0.8133	-0.9649	0.2645	-1.0441	-1.0197	0.7311	-0.6631	-0.8315	-0.7266	-1.5222	-0.9488	-0.6072
0.3423	0.4575	-0.4175	0.1176	-1.5241	1.8606	0.7908	0.0956	1.1765	1.5578	-1.0748	0.4807	1.2987	0.0066	2.2368	0.1841	-0.6083	0.2960	-1.5915	-0.9505	-0.8904	0.2820	0.2103	0.4710	-0.3975	-1.4032	0.5474	-0.9346	0.7288	1.3306	-0.6980	0.0006	-0.3457	-0.6356	1.9085	0.3115	-0.7747	0.6012	-0.6215	-1.0643	-0.0756	0.3375	0.7996	0.8448	-1.3629	0.9784	1.8854	-0.6585	0.9257	-0.7048
-0.3770	-0.3929	-0.2355	-0.5983	-0.3364	0.3417	2.0350	-0.6930	0.2101	-0.1665	0.9255	-0.1997	-2.3741	-0.5363	-2.6994	-0.2344	1.0990	0.1504	-0.9073	0.2877	0.6628	-2.2510	-1.1748	-1.8367	0.6581	-0.0883	0.0219	-0.0677	-0.4782	1.2833	-0.7418	-1.3374	0.7865	-1.2387	-1.0799	-0.3504	-0.2224	-0.9500	0.2171	-0.4118	0.5882	0.5367	0.5746	-0.1567	-0.3372	1.6007	-0.5867	-0.2516	0.0238	0.9608
0.1381	-0.4478	-0.5358	-0.3427	1.0059	-0.2617	-1.7710	0.3535	1.3194	-0.0657	0.3877	-1.5565	0.1202	1.1691	0.0547	0.0905	-0.3866	0.4741	0.1058	-0.0218	-0.0672	-0.2759	0.4551	-0.5548	2.0708	0.3903	0.1660	-1.0896	1.7079	-1.3275	-0.3559	0.1754	-0.5818	-0.4705	0.4510	-0.2224	-0.0119	-0.6761	0.1074	-0.6097	-1.6554	1.1755	-1.1854	-0.0625	0.6268	-0.2609	0.0593	-0.2188	0.0060	0.0693
-1.5090	-0.3498	0.5974	-0.5314	2.0504	1.1502	0.8309	-1.8143	-1.6567	0.8922	0.1935	-0.8897	-0.2370	0.3741	-0.3265	0.1348	0.3125	1.2806	0.3619	0.0917	-0.1927	0.5112	1.3617	0.2122	-0.8000	1.5208	0.0536	0.1071	1.1972	-0.5543	0.9633	-0.6021	1.1746	-1.9560	1.2132	0.5191	-0.3505	0.7793	0.2613	-1.5799	-1.0047	1.3875	0.7431	1.5115	0.1481	-0.2424	1.3327	0.3540	-0.9251	1.6731
0.5535	-0.5937	1.5456	0.1066	-1.0384	-1.0368	0.8029	0.3975	-1.0509	-0.3914	-0.3213	-0.9375	0.6066	0.8291	0.0766	-0.5564	1.3388	0.7208	0.9385	-0.4102	-1.0860	-0.7178	-0.9671	0.5268	0.4134	-0.1108	-0.8645	-0.5687	-1.1448	1.0147	0.6697	-0.8687	-0.4916	0.7241	0.8506	-2.7403	1.2362	0.5315	-0.6724	-1.8759	0.2293	1.0429	-0.2576	0.6142	0.3603	-0.0603	-1.4763	-0.4034	0.7522	0.1247
-1.4199	0.6065	0.5015	-1.6324	0.1325	1.2506	0.7997	1.8327	-1.4136	-0.1944	-2.4860	-0.1034	0.2311	0.3207	-0.3850	-0.6234	-1.9901	-0.3705	0.2233	1.7442	-0.1962	-1.5365	-3.2699	1.2204	0.2086	-0.2482	0.1386	-1.4666	1.2452	0.4952	0.3517	-0.6185	-2.2323	-0.5767	0.1247	0.7752	0.9473	-0.2406	-0.5788	-1.0573	0.3543	0.6398	-0.5032	0.4602	-0.8253	-1.1539	0.5234	-0.8801	-0.5164	1.3947
0.0069	-1.8949	-0.5588	0.1931	-0.2694	0.8304	-1.4620	-1.3552	1.7248	0.1409	-0.2408	-2.4197	0.2531	-0.6263	1.8347	-0.3022	-0.4179	-1.1718	-0.1492	-1.2995	2.1754	-0.0719	1.3449	0.1690	0.2048	0.7148	1.1519	-1.5645	0.1804	-0.9553	0.6960	-1.1226	-0.7708	0.2585	-2.7296	-0.4193	-0.0321	-0.6704	0.1369	1.0212	0.8330	-0.0556	0.3097	-0.5981	0.6464	0.5288	-0.5500	-0.5280	0.7099	1.5816
0.7690	-0.0718	-0.2934	1.3214	-0.8094	1.0346	-0.4952	-0.1080	1.0252	-1.3474	-0.2343	0.8432	-2.1625	-0.5940	-0.0812	-0.0622	-1.1783	-0.5778	-0.5389	0.3012	0.5741	-0.4867	1.1324	1.1121	-0.0394	0.4417	0.6629	-1.2854	0.0981	0.8240	1.1208	0.2179	0.5928	-0.1051	-0.6438	0.4243	0.9466	0.3245	0.3704	-0.3320	0.8804	-0.7211	-0.4805	0.2405	-0.7211	0.5073	1.9551	1.1954	-1.1055	0.8241
0.6821	-0.1359	1.5610	-0.5177	0.8181	1.7478	-0.7175	-0.8646	-1.0300	0.7874	0.8170	1.0009	-0.6116	-0.1457	1.6033	-0.7787	-1.1304	1.2847	-0.5553	-1.3443	-0.8057	-0.7889	-0.4811	0.8515	0.2275	-0.0714	-0.3118	-0.9695	-1.2996	0.1426	-0.4810	-0.5386	-0.2604	0.3038	1.8497	-0.2323	-1.6560	-0.0984	-0.5657	0.5541	-0.9063	0.1621	-0.4832	0.1765	0.5374	-1.5955	0.4563	0.8792	0.5004	-0.9912
0.6621	-1.8003	-0.1413	1.1446	-1.2811	-0.1400	-0.2383	-0.7246	-0.0881	-0.2814	-1.7443	0.6376	-0.9255	-1.6316	0.3263	-0.6579	1.0562	-0.2174	1.1562	2.2414	0.1381	-1.8723	1.2825	0.9867	-1.1023	0.7445	-0.4160	1.2319	1.3470	1.2022	-0.2912	-0.2974	0.6964	-0.2225	0.6685	0.2553	2.0110	-1.7936	-0.3846	0.3754	-2.5592	-1.3942	0.0323	-0.8181	0.9934	-0.2262	0.1488	0.3138	1.8324	-0.4138
0.8366	0.6233	2.2889	0.0495	1.3586	0.7672	1.8826	-0.6944	1.1850	-0.0900	-0.8385	1.3030	0.5502	-0.2853	2.5435	1.8559	1.2525	-0.4047	0.1526	-0.4989	0.5840	-1.1607	1.2890	0.1961	0.1580	1.3836	-0.8470	-1.0603	-0.1422	-0.3177	0.2502	1.3699	-0.9403	1.9603	-1.2508	0.3627	0.0060	0.3338	0.3076	1.5877	0.6603	-0.4214	1.0856	0.2519	0.8559	-0.9676	-0.5843	1.5874	-2.1071	-1.0834
0.6157	0.2428	0.5045	0.7828	-0.0635	2.0870	2.1347	1.0776	0.1359	-0.4541	0.2431	-0.8857	-0.4558	-1.0991	0.3278	2.7846	2.5301	0.3270	1.1219	-1.3634	-2.2329	-0.0411	-0.1969	0.4075	1.0645	1.3942	0.9299	-0.6756	-0.8759	0.8013	-1.2988	1.0791	-0.0902	0.3423	0.2220	0.2515	-0.1537	-0.3574	-0.1486	0.5913	1.4346	-0.8672	0.0952	-0.8589	1.7189	0.3433	1.4153	0.6298	0.4447	0.5424
1.6016	-1.0155	-1.9731	-0.0826	0.0927	-0.9468	0.4222	-0.2956	-1.8001	-0.9152	0.0856	-0.9392	-0.1393	0.7702	-0.9748	0.4583	-0.8954	0.2707	0.8887	-0.0610	-0.2206	-0.5808	0.5754	0.3373	0.2942	-1.2533	-1.0550	-0.6249	-1.0329	-1.2426	0.8151	0.1447	-0.3078	0.2818	-0.5979	0.6338	-0.5112	-1.2186	0.2182	0.4967	-0.0828	-0.0670	-1.5044	0.2122	0.0556	-1.3692	0.2546	-1.8141	-0.5627	-1.5279
-0.8153	1.7303	0.9508	0.5769	0.2643	-1.2456	-0.0180	-0.4186	0.5811	0.9216	1.4039	-1.1022	-0.4483	-1.5720	-0.1825	-0.9169	-1.8174	1.6428	-0.0760	0.4578	0.1771	-0.5978	0.8618	-0.5303	0.6469	1.3013	-1.5659	-0.0700	-0.4007	-0.6986	-0.4489	-1.2545	1.4378	-0.5039	-0.2434	-1.3507	0.2149	-0.8859	-1.0344	-1.3429	0.3109	-0.8643	0.4807	0.2838	-0.6715	0.5761	-0.3707	-0.6702	-1.1292	0.4437
-1.1952	0.1997	0.9979	0.5291	-0.3388	-1.7162	0.1428	2.1613	1.0543	0.7071	0.6536	0.3882	1.7034	-0.9997	0.4857	-1.6779	-0.2920	-0.4871	2.6704	0.3219	-1.0233	-2.2359	0.4327	-0.7979	0.5225	-0.0723	-0.8706	0.1503	0.6618	-1.8151	-0.5150	0.1749	-0.2477	-0.4067	-1.1700	0.9811	2.0851	1.0987	1.0474	0.4516	-0.1525	-0.1911	-0.3666	-0.5580	2.1476	0.1786	0.9637	-0.6393	1.2213	1.0466
-1.8683	0.3088	0.4825	0.2246	-0.1778	-0.9131	1.3458	-1.0312	0.5770	0.5968	-0.3528	0.3031	0.9333	-0.2188	-0.1274	-0.9914	-0.1086	0.0408	-0.6050	0.0148	0.4936	-0.7528	0.5144	0.1501	0.6453	0.2277	0.0289	-0.8521	-1.5209	-0.8973	0.6981	0.4513	-0.5825	-0.3256	0.8119	1.3159	0.8335	1.8725	0.7062	-0.0634	0.8856	-0.5779	0.0904	0.1739	-3.1719	0.0099	-0.1589	-0.9932	-2.8058	0.1323
-0.9426	-0.6727	-0.2231	-0.0386	0.0365	2.2225	-1.0835	0.5320	0.1851	-0.2635	1.3222	0.9314	-1.2463	0.3463	-0.2952	0.1087	-0.5322	-0.8152	-0.9154	-0.9312	0.2340	-0.6125	-0.4323	0.4279	0.3620	-0.5558	-0.3328	0.5484	-1.0653	0.3424	1.1693	-0.5233	-0.2512	-0.2224	0.1168	-0.2423	-0.7574	0.3108	2.1910	1.1327	-0.3576	-1.3101	0.0721	0.1292	-0.2493	0.7653	1.6450	-1.3344	-1.3439	1.1268
-0.0261	1.6346	-0.0685	-0.5294	-0.0250	-0.0464	0.3551	1.5456	1.3700	0.3398	-1.9581	-0.0914	-0.1121	0.8392	-0.0426	0.1853	1.0561	-1.0777	-0.5446	-0.3820	-0.5635	-1.0900	1.1817	0.1933	1.2702	-1.8054	0.7333	0.0138	0.1959	-0.5488	0.3441	1.5032	2.3621	0.9605	0.3612	-0.1222	0.4717	1.6337	0.0925	-0.0234	-2.3092	-1.0807	0.2493	-0.6150	0.6644	0.5834	-1.3627	-0.4998	-1.3710	-1.6660
0.1791	0.5595	0.2921	1.2822	-0.2155	0.3097	0.2386	1.5495	-0.4357	0.6106	-0.7184	-1.5415	-0.5875	-0.9638	0.9965	1.1788	-0.4172	1.0401	-0.4398	0.3141	-0.8806	1.8501	0.2063	-0.5156	1.0448	-0.6500	1.7026	0.6719	-1.0065	-0.9760	1.4134	0.9099	-0.2975	-1.2028	-1.1235	-1.0232	0.6278	0.1272	-1.4754	-0.5059	0.8200	0.2231	-0.7776	-0.6437	-0.2544	0.5655	-0.6607	-1.0277	-0.6380	1.0868
0.6968	1.3388	-0.4665	0.1893	0.5495	-1.5619	0.6544	-0.5521	0.8027	-0.0303	-0.7667	0.8406	0.9122	3.6279	-1.5682	1.4489	-0.0151	-0.2597	1.1004	0.4859	0.6488	0.8697	-1.9986	1.6476	-0.6743	-1.0854	1.0965	-0.6156	-1.0953	0.2732	-0.3108	-0.5098	-0.0324	-1.0883	-0.2058	1.8090	1.8047	-0.4350	0.0600	0.3974	1.4354	0.1803	1.1157	0.2329	0.3442	-0.8585	-1.2547	-0.8547	-0.4803	0.6314
-1.4466	-0.8459	-1.2206	-0.4343	2.0515	-0.9133	1.3423	0.0610	0.9221	0.5573	-1.3940	2.2585	-0.4513	-0.5944	0.5619	0.1327	-0.5693	-0.9648	-0.9750	-1.3222	0.1118	0.5629	0.4315	-0.3463	-1.1963	1.4092	0.3312	0.4509	-0.6528	0.4432	-2.0470	0.8726	0.0201	-2.2911	1.0937	0.1788	-1.3445	0.8628	1.0596	0.2341	0.9966	0.6330	-0.3262	0.9784	0.2518	0.4979	-0.5644	0.6223	0.9053	-0.5824
-0.2754	-0.4151	-0.4907	0.4340	-0.7303	2.6125	0.4969	-0.9884	-0.8334	-0.9535	-0.7609	0.1578	-0.4709	-0.7283	1.6196	-1.4819	1.8468	-2.4104	1.4979	0.3596	0.8705	-0.3180	-0.7281	0.3529	-0.8616	0.8343	0.4794	1.1128	-1.0657	1.1953	0.4158	1.2979	0.0883	-0.0671	-1.0465	1.4433	-0.0559	-1.3985	0.9825	-0.1684	-0.0502	-1.6530	-0.5107	0.2993	0.1397	-0.8403	2.5900	-1.1879	0.1387	-0.4455
0.9055	-0.6507	-0.3389	-1.6791	1.3146	-0.2686	0.0671	0.7221	-0.1333	0.7081	-0.5235	0.9713	1.1021	1.3645	-0.9027	-0.4926	0.3585	0.1535	-0.7574	-1.4351	0.9431	-0.1508	1.3657	-1.3764	0.8401	0.0584	1.3525	0.0681	-0.4277	-0.7384	-0.3063	-0.6587	0.2973	1.4936	0.3083	0.4174	-0.4481	0.1301	0.2520	-1.9844	1.5377	0.0146	0.2823	0.2965	0.2177	-0.3058	1.0330	0.0539	1.2760	0.4504
-0.3127	0.7753	-1.0555	1.4625	0.7251	0.3043	-0.3041	0.1799	-1.5454	-1.1320	0.5427	-1.0909	-0.0571	2.2786	-0.2591	-1.6291	0.8034	-0.2603	-1.7253	0.9493	-0.6155	-0.7568	-1.7322	-1.4471	0.7994	-0.4070	0.3115	-1.2290	-0.0937	0.9335	0.6307	-0.3141	-1.0340	1.3711	1.4184	-0.5352	0.3637	0.2994	-0.8192	-2.2160	1.7453	1.3859	0.4073	0.5073	0.6830	0.5809	0.7042	-2.1643	-0.8379	-0.2374
0.1626	-0.4964	0.9780	-0.0072	0.4102	0.4150	-0.5200	-0.4147	-0.3063	-3.4713	-0.4237	0.3323	0.2795	-1.1562	0.6405	-0.9991	0.7692	-0.1167	-0.1012	0.6926	0.8579	-0.8491	-0.7560	0.3821	0.1098	-0.7186	0.9467	0.8027	-2.1863	-1.3673	-0.2132	0.5801	0.0729	-1.9912	0.2043	-0.1117	-0.9120	-1.8489	-0.2336	0.7149	-0.7810	-2.3616	-0.8690	-0.7243	-0.3728	-0.1157	-0.1863	0.3732	-1.7175	-0.0344
-1.3842	0.4432	0.3586	0.6350	-0.2549	0.9336	-1.7985	0.2386	1.1586	0.3357	0.6714	-0.9831	0.2153	-1.0660	1.0958	1.7654	0.4875	0.1491	-0.1006	-1.1607	-0.8827	-0.7491	0.5806	-0.7581	0.5328	-0.3097	0.1268	1.7690	-1.1573	-1.5605	-0.1013	2.4094	0.4598	1.1130	0.5463	0.6445	-1.4744	1.3561	-0.5229	-0.3457	-1.9965	-0.1643	0.6383	0.4535	0.0665	-0.3770	0.0437	-2.0420	-0.3610	0.1663
0.2444	0.5385	-1.4662	-0.3788	0.2143	1.8603	-0.6817	0.6234	-1.6800	0.1154	-0.1623	-0.6349	0.5008	-2.2888	-0.4163	-0.3624	0.2428	1.7103	0.4666	1.1497	-0.5515	1.1555	-0.1406	0.1546	0.4259	-0.5418	0.7887	-0.4239	0.2002	1.3772	0.1473	-0.7647	-0.8065	0.6181	0.5102	-1.5185	-0.5815	2.4448	1.1026	-0.9346	0.3103	-0.3918	-1.6332	-0.9824	1.2699	0.2247	1.0776	1.8722	-0.2275	1.7552
-1.7812	0.6312	-1.9976	0.7769	-0.9802	-1.0864	-0.3100	-0.2563	-1.0423	-0.1549	-1.5973	1.7312	-0.0757	0.5303	1.2620	-0.7503	0.3971	0.6220	0.5666	-0.4349	0.7736	-0.0473	1.1756	-0.6997	-1.2974	-0.7697	-1.3295	0.7018	-1.5322	-1.7974	0.8095	-1.0571	-0.4705	1.2618	0.0557	1.2220	0.3964	-0.5899	1.1700	0.0498	1.0918	0.4908	-0.0768	-0.3858	-0.2205	-1.6710	-0.6105	1.0445	1.5259	0.9446
0.8296	-0.8481	0.3351	-0.2650	-0.8540	0.3581	-0.5024	-0.2430	-0.3199	-0.6301	-0.4217	-1.4203	0.4825	1.1843	0.2383	0.4240	0.4685	1.4683	-0.4476	-1.1353	-0.1484	2.2771	0.5534	0.5679	1.1399	0.5834	2.3077	1.3213	-0.2460	0.0967	0.4658	-1.7927	0.2967	1.2401	-0.5370	-0.0566	-1.5844	-1.0053	0.4203	1.7784	-1.5201	-0.3350	1.0912	2.0785	-0.2886	0.5102	-0.1163	-0.0598	-1.3917	-0.4995
1.6666	-0.6947	0.2207	0.0668	-0.5259	-0.3000	0.9629	0.5426	-1.0841	-0.1154	0.1232	1.2207	-1.6787	0.2048	-0.5176	-1.3516	-2.3493	1.8571	-3.0107	-0.4668	-0.5244	-0.7627	0.1178	-1.4310	-0.2321	-0.1918	0.8322	1.1762	1.4143	0.3667	-0.2482	0.3054	0.6179	-1.2972	2.3324	-1.0775	-0.0584	-0.5149	0.1425	0.4220	0.3724	0.8712	1.5298	-0.8307	-0.8362	-0.9998	-0.6178	-0.1755	-1.0751	-0.3891
0.1981	0.9983	0.4466	-0.0346	0.3851	-0.2647	2.2684	-1.0582	0.2316	-0.4400	-0.1955	-0.0885	0.2602	-1.0281	1.6853	-0.3185	0.9130	-0.3902	-1.4890	-0.9688	-0.1077	-0.9654	0.8422	-0.5415	0.1172	-0.9938	-0.4738	-0.0034	0.4266	1.1363	0.0158	-1.0289	-1.7051	-1.6671	0.3788	-0.3879	1.3825	-0.1903	1.0510	0.2110	1.2613	-0.0031	-0.6143	-0.6660	-1.0457	-1.3778	-0.5949	-0.0652	0.5266	-0.1217
0.2412	0.6960	-0.9952	2.9875	0.8728	-0.4170	-0.2029	-1.7557	1.4279	0.8656	-0.7039	0.0605	1.2994	0.3914	-3.5246	-0.9298	-1.2575	-1.1179	-0.0833	0.8431	0.5913	-0.3673	-1.2786	0.3260	0.5249	0.3775	1.2275	1.0775	-1.7107	-0.3494	-2.0264	0.3306	-1.2731	-1.4317	0.0071	-0.5674	-1.6078	0.7758	-0.7875	0.0803	-0.6041	-0.3391	-0.3190	-0.3220	-0.5168	0.2643	1.2176	-0.6365	-0.5203	-0.7946
1.1430	-0.5679	-1.0275	1.1880	0.5222	-0.1183	2.1498	1.0079	-0.0578	0.0103	-1.2765	-0.7819	0.1404	0.9323	1.5102	-0.0894	-0.4212	-1.1125	1.0097	-0.8660	-0.4327	0.8809	-0.7871	2.2943	1.3890	-1.2123	-0.9404	0.6957	1.4071	-0.4119	-0.6458	0.4525	1.4965	1.4799	-0.1626	0.4045	-0.2416	1.8010	-0.0768	-1.1831	0.9771	-0.7823	1.6454	0.1522	-0.0363	0.4408	-0.6629	-0.4525	-0.7159	-0.5155
-1.0455	-0.3225	0.0583	0.5398	-0.1578	-0.2751	-0.6444	-1.1959	-0.5220	0.4297	0.7629	0.4997	-0.4941	-0.8888	-1.3816	-0.3042	0.4239	2.0984	1.2627	-0.7284	0.2840	1.4689	1.3771	-0.1611	-1.6760	1.7909	0.9976	-0.1908	0.7185	0.1611	-1.0224	-2.3569	-0.4351	0.8918	-0.4811	1.1649	-0.7654	2.0882	-0.0247	2.8445	1.2155	-0.1820	1.8294	0.3053	-0.5531	1.0902	-0.1371	-0.1001	-0.8678	-1.4564
-1.5929	0.2095	1.0047	-0.9146	1.4923	0.2923	1.7796	1.4057	0.3294	0.3726	-2.4692	-0.2830	0.2785	0.9480	-2.9607	0.9012	1.7469	0.6347	1.8278	0.4129	0.6282	-0.8231	-1.0781	-1.3002	1.1806	0.2805	1.4072	0.3642	-0.1264	0.2560	-0.9834	-0.4830	1.2436	-0.0710	1.2612	0.0237	-0.7276	1.0462	0.0105	-0.3182	-0.7696	-0.2815	0.8358	-0.8572	-0.7969	-0.2709	1.2497	0.0769	-0.0513	-0.3767
0.4777	-0.7852	-0.0538	0.2556	-1.2951	0.1204	0.6440	-0.4907	0.6240	-1.0957	-0.4886	-0.3844	-0.5095	-1.3961	-1.6022	-2.0968	0.8633	-0.0855	-0.0375	1.7144	0.4545	0.3138	-1.7230	0.0459	0.9050	0.5145	-1.2210	-0.3974	1.2225	-1.8864	0.9950	0.4527	0.5189	-0.4967	1.2131	-0.2753	-1.5756	0.5154	0.6178	-1.5597	1.1538	-0.1178	0.5887	-0.2218	1.1912	-0.6534	-0.0496	0.9146	-0.3053	-0.2748
-1.9286	0.3536	1.9022	0.7997	-0.0429	-0.6850	0.0033	-0.4503	0.0522	-1.2359	-0.6532	0.9496	-0.4790	-0.0700	0.8800	-1.4437	-0.2051	-1.5228	0.0321	-0.2672	-0.8830	0.9912	0.3591	2.0600	1.2575	0.0114	0.4319	-0.5413	-0.2678	-1.4391	-1.0536	-0.6197	1.1185	-0.4315	-0.8602	-0.1479	0.3040	-0.7076	0.7331	0.0261	0.6962	1.2159	-0.4420	0.2953	1.3375	-0.1618	0.5962	0.6151	-0.1805	-1.0233
-1.5776	1.2700	-1.2612	0.8273	-1.7849	-0.2253	0.4905	1.1535	0.8450	-1.6233	0.1099	1.0376	-1.2861	-1.5603	-1.5115	0.9033	-2.3321	-0.9662	-0.5084	-1.5782	-0.5560	1.2506	0.0970	-0.4461	0.2943	0.5861	-0.1472	-1.3115	-1.7120	-1.0980	0.1590	-0.3486	0.4361	0.2024	-1.2684	0.6184	-0.2594	1.1684	0.2390	2.0445	-0.1196	-2.0156	-1.3627	0.1806	-0.3386	-0.0513	-0.8808	0.0254	0.7438	0.3256
2.3781	1.4203	-1.7593	-0.2112	0.1200	-0.6203	-0.2602	2.0974	-0.2709	0.1788	-2.1045	0.3527	-1.5807	1.1316	0.7443	-1.2533	0.2333	1.1807	0.9797	-0.5679	2.2644	-0.3363	0.5640	-0.5091	1.6147	0.0031	-0.9193	0.6463	1.0983	-1.3898	-0.5280	-0.5028	1.6467	0.4739	-0.4711	-0.5131	-0.2787	-0.5689	1.2015	1.3260	1.9314	0.6622	-0.2188	-0.8392	1.9646	0.0356	1.3302	0.5405	0.1190	0.5921
-0.2109	-0.2398	-0.4535	1.7181	1.6123	-1.1900	0.1261	0.3788	0.6826	-0.0839	0.9700	-0.1749	-0.9654	1.7625	-0.3694	0.2682	-1.0095	1.1789	0.0458	0.8215	0.6827	1.2124	-1.3813	0.2384	-0.4895	-0.7737	0.4486	-0.6104	-1.0212	1.5836	-0.2575	-0.7538	0.9967	-0.1568	1.6672	1.9504	0.0473	-1.0511	-2.4969	1.7609	0.9144	-0.0527	-0.6719	1.5015	-1.7844	2.3288	-0.0840	-0.7600	-0.9852	-0.0942
-0.8244	-0.3424	2.0769	-0.8900	1.8629	-1.1399	0.8096	-0.0315	0.1840	-0.2898	0.0327	-1.3978	1.6061	-0.8345	-0.1892	1.6592	-1.8433	-1.0990	-0.2072	-0.1674	0.4504	0.1164	-0.5106	-1.5340	-1.1767	0.6476	-1.8378	-1.4511	-0.7646	0.2667	-0.6591	0.7784	0.8246	1.6893	1.7732	0.1297	0.7237	1.6907	-0.3332	-1.1996	1.0169	2.2609	-1.8268	-0.3030	-0.9480	-1.6352	-0.4861	-0.7480	-0.1363	0.4557
-0.4791	-1.3580	-0.4409	-0.1238	1.5831	-0.0336	-0.5593	-0.1128	1.4288	-1.7651	-0.0613	1.7732	2.2489	-0.3800	0.2070	-0.2975	-0.3279	1.0946	-0.1819	0.5657	0.3120	-1.8782	-1.0952	1.6776	1.4214	-0.9627	0.0170	0.6489	0.4564	-0.5905	-0.8887	-0.8214	-1.1844	-1.1514	-0.8496	0.1181	-0.9352	-0.1937	1.4542	-0.8068	0.7210	1.4229	-0.1078	-0.1706	0.3599	-0.4654	0.7458	1.0505	0.1897	1.0323
1.0376	0.7492	0.9953	-0.6360	-1.1932	-1.3458	0.4902	-1.1008	0.8304	0.4723	-0.2387	0.2183	-0.9310	-0.6661	1.0369	1.6582	0.7550	-1.4093	-0.8119	-0.6850	1.3032	-1.0463	-2.6754	0.4343	0.1839	-0.6622	-0.5468	-0.3942	-0.3570	0.0682	-1.1622	-1.4948	-0.8936	-1.8210	0.6449	-0.9793	-0.6032	-0.5414	0.3246	0.4935	-0.9894	-0.7092	0.7432	0.4428	0.6697	1.3478	1.0223	0.1736	-0.3911	-0.8257
0.4480	1.4127	-1.5050	-0.9748	-0.6377	-0.7102	-1.7604	0.1164	0.8662	-0.8243	0.4435	-0.6193	1.9139	-1.8486	-0.0506	-1.7240	-0.1102	-0.4537	-1.2916	-0.0421	0.1586	-1.2431	-0.9304	0.2406	-0.3444	0.4673	-0.6556	-1.3205	-1.5651	0.0223	-1.8927	-0.6023	0.4881	1.8333	0.0851	-0.4093	0.4662	0.5018	1.0305	-1.2488	-1.0590	1.5986	0.1106	2.1512	1.2181	-0.7161	1.0113	-1.9399	-1.7411	-0.5258
2.1609	-1.8063	-2.4730	0.6113	0.1392	0.1136	-0.4961	0.5109	1.3655	1.9372	-0.4038	0.4533	-0.0580	-0.9482	0.2790	-0.9405	1.6094	-0.3884	0.3010	-1.2915	0.4897	0.0823	-0.1140	0.0605	-1.3213	0.6867	-0.7190	1.6716	1.3977	0.0535	0.4616	0.9424	1.0372	0.0304	-0.8855	0.5667	-0.3024	-1.6508	-1.3119	-1.2364	-0.8104	-0.2932	-0.1990	-0.0778	-1.1510	0.4418	0.2494	0.4382	-0.1425	0.4072
1.1334	0.6641	1.7795	-0.7732	-1.6297	0.3297	-1.2297	0.4896	0.2598	-1.6968	-0.4036	0.4105	-0.2384	-1.1237	-0.0756	-1.2445	0.2930	0.5484	-0.1678	-1.0029	1.8237	0.5738	0.8431	-1.1987	-0.6416	0.0253	-1.7054	-1.8795	0.2508	-0.6561	-0.0616	-0.8653	-0.0821	1.4535	-1.7289	0.4022	0.4979	-0.4610	-1.4900	-1.5579	0.1721	1.1849	0.7652	1.0747	-0.4218	0.6316	0.1961	-0.0041	-1.5565	-0.9356
0.5249	-0.2168	-0.1622	-0.0121	-0.8237	-1.3493	-1.7569	0.5317	1.0460	1.3846	1.8422	0.3935	-0.5425	-1.5705	-0.0449	0.4495	1.4799	0.0131	-1.3954	2.4762	0.6965	-0.0289	-1.3855	-0.2164	0.4892	0.9945	-0.9012	-0.3399	-0.4351	0.7967	-0.1456	-1.0240	0.1303	0.2405	1.0432	1.2264	-2.2435	1.6180	0.6527	-2.3373	-1.5944	-0.4875	-0.3312	-0.7608	0.0731	0.5060	0.1482	0.3583	-1.9453	-0.4951
-0.4071	-1.2158	-1.7689	-0.3978	1.0807	0.3465	0.1937	-1.1977	1.0679	-0.7086	0.2909	-0.3367	0.3056	-1.1461	0.3619	-0.6617	-0.3631	1.2966	-0.2470	0.6747	-0.3854	1.4602	-1.0982	-1.6045	1.0460	0.2063	-0.9667	0.7776	-0.6940	-0.2320	-1.1144	-0.3566	-0.3530	-0.7050	-0.7205	0.9955	2.2185	2.3265	-0.6339	0.3663	-0.1469	0.0625	-0.9995	-0.1683	0.4738	-0.5890	-1.4427	-0.1233	0.1817	-1.7678
0.9136	-0.4605	-1.0813	-0.8508	-0.5527	-0.5875	-1.0246	-1.0376	1.0686	-1.1583	1.8815	-0.1562	0.0207	0.3856	-0.5014	-0.6810	-0.0778	-1.2807	-1.6694	-0.0079	0.1146	-0.9643	1.0433	1.8268	-1.7549	0.4486	0.3263	-0.7890	1.3300	-0.2124	0.4513	0.6582	0.0468	1.3565	-0.8856	-1.2582	-0.1959	-0.2929	-0.0152	-0.0071	0.9155	-2.1838	-0.9395	-1.0446	0.6972	-0.6600	-0.9693	0.4382	1.5679	-1.3972
1.1324	-0.3090	-2.5330	1.8548	-1.5594	-0.8144	-0.8404	2.4103	-1.0232	1.0939	0.2466	-0.4446	0.2914	-0.5425	-0.1595	0.0391	0.4997	-2.0306	-0.7500	1.2768	-0.9936	-0.9680	0.0317	-0.2186	-1.0681	0.1657	0.2747	1.8365	0.9839	-0.2093	-0.3645	-2.2047	0.5258	-0.3626	0.0146	1.4071	1.4345	-0.3056	-1.3684	0.0159	0.8828	0.6895	-0.9291	2.1158	1.2631	-0.8427	1.0119	-0.3844	-0.7098	-1.1518
1.9019	0.8591	-0.3423	-0.9719	0.6110	-0.4655	-1.7865	0.2658	1.7029	-0.0018	0.6638	0.3918	0.9815	-0.0401	-1.3540	1.0160	1.1281	0.5211	1.1221	0.2871	-0.8874	1.5867	1.4531	1.4183	0.5118	-0.1209	1.1348	0.0155	-0.4312	0.0523	1.0752	0.4529	-0.2722	0.2829	-1.9011	0.2454	-0.5904	-1.2613	1.1101	0.5555	0.9871	-0.2897	-0.0876	0.7244	1.8848	0.3484	0.4055	-1.2596	-1.1251	-1.3296
-0.7963	0.4994	0.7181	1.3842	0.8827	1.5270	-0.7450	0.0728	-0.8081	0.3193	-1.4274	0.0781	-0.6708	1.6755	-0.9968	-0.2271	-0.2011	1.6370	0.5025	-1.8722	-0.3726	0.0861	-0.2895	-0.0810	0.9345	0.7922	0.3137	-0.6364	-0.6578	-0.6893	-0.2518	0.9540	2.5620	-0.2545	0.5121	1.5631	-0.5704	-1.6279	0.6954	0.5530	-1.3512	-2.1526	0.2796	-0.6003	0.4501	0.5266	-0.6335	1.3353	-1.6939	-1.1253
-0.3096	-1.1954	-0.2731	1.9176	0.4094	-1.8907	0.6391	-0.0750	0.5409	0.7355	0.8651	-0.4657	0.6234	-0.6881	-1.6608	-0.2664	0.5210	-1.1238	-0.3840	-0.1568	1.2309	0.6922	-0.7614	0.4769	0.0720	-0.7140	1.1488	0.9704	0.5026	0.1298	0.6859	0.5664	-1.8390	-1.3110	0.2434	0.5458	1.5963	0.1190	-0.5189	-0.5624	-0.0459	0.3590	2.0929	1.1835	0.6985	1.9586	-0.4124	-0.3575	0.7922	-0.1350
0.7726	0.5825	0.4406	-0.2916	-1.3772	-1.0711	-1.1006	-1.0887	0.7808	0.8263	-0.9915	-1.1989	1.5812	2.2037	-1.1260	-0.4309	0.3807	-1.5871	-0.1301	-2.3585	0.7946	0.0971	-0.8378	-1.1289	-0.8642	-0.8408	-0.9733	0.0646	1.0610	-0.3583	0.8238	0.6549	0.0596	0.0911	-0.2931	0.1476	-1.4229	1.2821	0.9939	1.1439	-0.9702	0.2625	0.2848	-0.0386	-0.1581	-0.7814	-1.4893	-0.5054	-0.9644	-3.5660
-1.0339	-1.2034	-0.3709	-1.5534	-0.8307	-0.0099	-1.1612	-1.8520	-0.3473	0.0317	0.7394	-0.4708	-0.1166	-1.1982	1.3347	-0.7818	-2.4176	-0.9916	1.2954	-1.9318	0.2764	-0.0047	-0.2709	-0.7597	-0.3729	-1.7990	-0.5973	0.1436	0.1718	-1.1289	-0.7021	2.3819	1.5332	1.1356	-0.8925	-0.0855	1.3298	0.0492	2.0318	0.3827	1.7787	1.3251	0.6954	0.3597	0.2218	-0.6023	0.9127	1.8087	-0.6388	0.2027
1.9134	-1.0701	1.3169	0.6658	-0.9781	0.8648	-0.9096	0.1970	-0.8510	-0.5858	-0.2457	0.1409	0.6046	0.9429	0.1353	-0.5412	0.8171	0.2464	1.1012	0.4093	0.5190	0.5622	0.1165	0.1649	-2.2515	-0.9846	0.5737	-0.9533	1.3977	0.7206	1.7086	0.4814	0.9944	-0.4263	-1.1389	0.2668	-1.3072	-0.2042	1.0345	-0.0134	0.7157	-1.0042	-0.3983	-0.4014	0.9620	-0.9400	-0.8279	0.1970	-1.1373	-0.3222
-0.4724	-0.2500	0.1972	-0.4999	1.1242	-0.4441	-0.4964	-0.2728	-0.0833	-1.4522	-0.1042	-0.5578	0.1509	-0.6782	0.4303	0.6756	0.1335	1.0875	-0.7487	1.3507	1.8098	-0.0207	1.2601	-0.7567	0.9107	0.5740	0.6677	-0.3747	0.1661	-1.4469	0.4055	-2.6749	-0.0912	0.1122	0.6843	0.4613	-1.3869	1.0405	0.1534	-0.2198	0.5089	0.4784	0.0162	-0.5234	0.1481	0.3819	0.5082	0.4528	-1.0247	0.7569
-0.9240	-0.3709	1.0048	-2.4748	-0.5167	0.6510	-0.4895	-0.1041	-2.1151	0.3391	-1.0207	-0.1997	0.7486	0.5416	0.1877	-0.6903	-1.6583	0.3726	-0.8047	0.2778	0.0474	-2.1145	-0.0341	0.8230	2.0359	-0.2462	1.2816	-1.0242	-0.6224	2.2901	0.1790	-1.1110	-0.5659	1.0339	0.5361	0.6865	0.4378	1.0207	-1.3672	-0.3004	-0.1788	0.5301	-0.4407	-0.5291	0.6527	-0.0127	0.9016	-0.5285	-0.7802	-0.1204
0.6195	-0.8834	-0.0194	0.9925	2.1264	1.3839	-0.5666	-0.5246	-0.4082	-0.9585	0.4350	1.5728	0.1685	-0.1625	-0.0648	0.8902	1.2987	-1.5867	0.8033	-1.7331	-0.4465	0.9883	1.7369	1.8271	-0.9587	0.3292	1.0483	-1.2032	-0.0603	-1.0592	-0.6151	0.8254	-0.0837	-1.1172	0.6063	1.0953	0.9584	0.3058	-0.6716	-0.3260	0.1266	-0.5797	1.1851	-0.3786	-1.3483	-0.6854	-1.5963	-0.3326	-1.3008	-0.2310
-1.9169	-1.2311	0.4635	-0.1910	0.6289	1.2515	-1.2379	1.3278	-1.3064	-0.2918	1.6516	0.6947	1.6229	1.2904	-0.0398	-2.1682	0.1978	-0.5446	0.4684	-0.4753	0.2524	0.7878	2.1396	0.1124	-1.4127	-1.8827	-0.8930	-0.8175	-0.7847	-1.2217	-1.6519	0.2778	0.5767	-0.5412	-0.9298	0.3417	0.8653	0.6542	-0.5247	0.0427	-2.2940	2.3255	0.2309	-0.1784	0.8108	-1.1707	-0.8628	1.3716	0.0996	-0.4903
0.1575	0.0436	0.3673	0.6547	0.2601	0.6024	-1.7186	1.3380	-0.1386	-1.1964	-0.8947	-0.2720	2.3660	-0.4434	0.2622	0.9114	-0.0242	-1.0717	-0.2240	0.4396	-0.7653	-0.6695	2.1120	1.1074	-0.0655	-0.3652	-1.5632	0.1312	-0.0109	0.6226	1.6347	0.7801	0.9792	-0.1633	2.3686	-0.3840	0.6091	-0.1913	-0.4988	-0.2084	0.1290	-0.7490	0.4780	0.5339	-0.8432	0.6972	-1.0798	1.3254	-1.9933	0.4878
0.2434	2.1253	-0.6227	0.6448	0.9430	1.0344	2.3020	-0.8160	1.2794	-1.2187	0.3013	0.5987	0.5116	0.2250	-1.0859	-0.0641	0.4696	-0.0360	-0.8928	-0.5754	1.8939	1.3104	-0.2882	-0.7842	0.7983	-0.3709	0.5428	-0.0350	-0.1983	-0.8654	-0.0325	2.3098	1.4164	-0.5424	0.9380	1.6600	-0.6876	1.0038	-0.7737	-1.6517	1.0027	-0.1017	-0.8965	0.4354	0.4716	-0.5877	1.1902	0.5900	0.7314	-1.3367
0.5884	0.1719	0.7010	-1.1753	-0.5464	0.9488	1.7938	-0.3291	1.3496	0.2085	-0.8282	0.6554	0.1329	0.0021	0.0706	0.9818	-0.9516	-0.5812	0.8780	0.7953	1.0217	0.6906	0.2389	0.2376	1.0739	-0.0793	-0.4593	-0.5893	0.1625	-1.2175	-0.0231	1.3645	0.0311	-0.4015	-0.4351	1.8155	-0.2000	0.1142	1.5649	-0.3526	0.1524	-1.7134	1.0490	-0.5920	-0.7721	-0.1780	0.2824	0.5178	0.6378	0.6254
0.6754	1.4336	1.7637	-0.9422	0.2130	0.1299	-0.3256	-2.1414	-0.8586	0.9468	-0.4146	-1.8741	1.5803	-0.6989	0.0855	1.2201	-0.2637	2.6239	0.8339	0.0780	-0.3869	1.8524	1.7648	-1.0547	1.1512	-0.5860	2.3030	-0.6145	1.6636	-0.7010	-2.6163	-2.7272	0.7095	-1.0540	0.1262	-0.3333	0.7208	0.6735	-1.2055	0.1165	0.0091	-1.0435	1.0976	0.2163	-0.3564	-0.4680	-2.4865	1.3523	0.0663	-2.0642
0.3338	-0.6094	0.1153	1.5748	-1.2499	0.6800	-0.7551	-2.1169	-0.7020	-1.6658	0.8729	1.3707	-1.1075	0.1125	-0.8831	1.2308	1.7064	0.5921	-0.6525	0.1785	0.1870	-0.0076	1.3338	0.4270	-0.6457	0.3561	-1.1236	0.3661	0.6271	0.7248	-0.0702	0.1927	-1.8485	-2.2508	0.2907	0.1654	-0.4597	0.8857	0.7315	-0.5044	0.2100	-1.1556	0.4053	-0.6323	1.1801	0.8712	-1.2012	0.9632	-0.0831	-1.4571
0.4525	0.2072	1.7626	-0.2918	0.6053	0.8400	-1.8823	-1.6905	0.1175	-0.7648	0.6406	1.9509	0.5680	0.1259	1.1791	-1.4218	-0.6437	-0.8731	1.1512	1.1096	0.0703	-0.4493	-0.3721	0.1131	0.0040	0.6395	0.0591	1.4311	0.7760	0.9787	-0.4926	-0.8000	-1.3392	0.0693	0.4739	0.4004	0.9634	0.0893	-1.0929	1.1886	0.8424	-1.4872	0.0371	0.4636	-0.5522	1.6955	-0.9218	-0.6328	-0.0797	0.5103
-0.2371	1.4830	-0.4199	-1.1005	1.3455	-1.0484	-1.2058	1.3145	-1.7079	0.1343	1.1554	-0.7289	0.2775	-0.5414	-0.7323	2.6750	0.4177	0.4313	-0.4692	-1.0653	1.0058	0.5124	1.8315	1.4841	-0.4409	1.0075	-0.8375	1.4661	-0.8120	0.5516	-0.5911	-1.3915	-0.1266	-0.2886	-0.4353	0.2730	-0.8929	0.2729	-1.2932	1.0430	0.0804	-0.0653	0.2097	0.3026	0.4272	-0.3063	0.2541	-1.1448	-0.2150	0.2595
-1.7894	0.6392	-0.0268	1.8635	0.5173	-0.4683	0.3133	0.2186	-0.4722	0.5867	-0.0435	0.5653	-0.0888	1.2041	0.6481	0.5855	0.6051	0.1911	-0.7687	1.0869	-0.8849	0.7517	1.3071	0.2207	0.1021	-0.4555	-0.4693	1.4049	-0.5709	1.8436	0.8099	0.6123	0.2137	-1.7863	-0.4535	0.9886	-0.8645	1.0577	0.8332	0.3949	0.4294	-0.7548	0.3541	0.4671	-0.7949	0.9153	-0.4482	1.1795	1.7916	-0.5742
0.1517	-0.7749	1.0269	-1.6188	0.2936	1.8646	-0.8759	0.2306	-1.2237	0.2768	0.0373	0.2138	1.0423	1.1252	-0.4988	0.2855	-0.6017	1.1907	0.0683	-1.2432	0.0670	2.1721	0.7657	-0.9785	-0.0193	-0.7998	-0.3889	-1.0362	0.0971	-0.8270	2.0625	1.3920	-0.5650	0.5068	-1.7722	-0.2362	-0.5927	0.8042	1.2985	-0.0577	0.6538	-1.3838	-0.3876	-0.0144	0.0006	0.1961	-1.0947	1.0414	-1.3576	-1.0781
-0.1007	-0.7594	0.5707	1.1167	-0.2605	0.4990	1.1804	-0.2193	-0.4845	-0.4320	0.0162	0.3969	1.3827	-0.4924	-0.6000	0.1238	-0.1238	0.8586	-0.8884	-1.8739	-0.4375	-0.5002	0.3374	-2.0567	-0.5254	-1.4877	0.7808	0.1413	0.7781	-0.7629	-0.0979	-0.0833	0.5324	-1.3540	2.2663	2.0228	0.3901	2.0717	0.5045	-0.3078	0.3618	0.6888	-0.5773	-0.1577	-0.7062	-0.7863	1.1604	-0.6281	-1.2619	0.1803
-1.1778	-0.1402	-0.7329	-2.9807	0.7327	0.1421	-0.0650	-1.6859	-0.2551	-0.4167	0.7641	-0.4131	0.9860	0.6264	0.9934	-0.4363	-1.9111	0.7936	-0.3106	0.2147	0.4238	0.8428	0.9661	0.4176	-2.7868	-0.5157	0.3308	-0.2183	1.2025	-1.1994	0.5108	0.8382	0.1388	-0.6602	-0.2414	0.2839	-0.6151	0.4301	1.2641	-0.1975	-0.4677	-1.0618	-1.0747	1.2553	-1.5699	0.6776	-0.0453	-0.7988	-0.6680	1.0965
-0.2341	0.2976	-0.2621	1.7262	-0.6159	-0.2804	-1.0307	-0.1957	-0.8992	0.2397	1.2715	-1.1120	0.3195	-0.2085	-0.2374	-0.7302	-0.3083	0.3082	0.4797	0.4406	0.1582	1.5745	0.7281	-0.8469	-2.4070	1.6678	-1.7349	0.6594	1.7237	0.7163	-0.2878	0.8460	0.7381	0.1729	-1.3965	-0.1527	1.4186	1.1760	-0.8164	-1.2302	-0.1229	-0.5115	0.3596	1.7510	1.4778	0.2334	-1.6029	1.6670	-0.2410	-1.2766
-0.5540	0.4562	-0.5065	0.2361	0.5927	-0.6389	-0.5573	0.2847	0.9267	0.6449	0.6666	-2.1118	0.4007	1.4504	0.1265	0.9330	-0.8386	0.3799	1.0514	-0.1158	-0.3915	0.4886	-0.4350	0.7441	-1.1264	0.0516	0.0382	-0.1411	0.6381	-0.1586	0.8988	-0.5309	-0.1780	0.5671	-0.2928	-0.5455	2.2122	-1.0966	0.3538	-1.1854	-2.0304	1.0905	1.5287	-2.9500	-1.8894	1.1554	-0.3496	0.7544	-1.4728	-0.0119
0.2618	-0.9935	-2.2186	-1.7300	-0.6611	2.2376	0.6356	0.7737	-0.8327	1.4516	0.0040	-0.2763	0.4729	0.0327	-0.4215	0.6426	-0.8220	-0.6139	0.2607	-0.6456	-1.6709	0.2378	-1.3390	1.2617	0.7507	-1.5285	0.6756	-0.0129	0.6429	-0.4255	-2.2411	-0.0125	-0.2236	1.9963	-0.4241	-1.7571	1.4123	0.8510	0.9260	1.7250	0.1812	-1.4812	1.3115	2.2188	-0.5403	0.2134	-0.4020	-1.8708	-0.6810	0.6516
-0.5889	-0.6481	2.2250	-0.3935	0.9371	1.6257	-0.8805	2.5471	-1.1979	-1.2324	-0.2567	1.0848	0.1296	-0.8117	0.4002	1.4873	0.0756	-0.6804	0.0459	0.8720	-0.0306	0.7848	1.0741	-0.0708	0.2150	-0.6952	-0.5874	0.6967	1.0704	0.7323	0.4340	0.1920	0.0004	-0.5900	1.9410	1.3129	0.7681	-1.2728	-0.6716	-0.0072	0.8239	-1.3718	1.3085	-1.3654	-1.0102	-0.5798	1.8607	1.6768	-2.1475	1.4751
-1.0504	1.5515	-1.6772	0.2934	0.7670	1.7843	-1.0364	-0.2954	0.0455	-0.1585	0.0915	-0.9116	1.6315	2.6961	-1.6229	1.6747	1.7731	-2.4575	1.3549	-2.0431	0.1646	-0.5353	-0.4436	-0.5317	-2.1367	-1.3520	0.2463	-0.3806	-1.8599	-1.5262	0.4258	-0.3439	1.4509	2.3204	-0.2702	0.6733	-0.2081	-0.5597	-0.4579	1.5051	-1.1313	-0.8673	0.8905	0.0838	-0.6630	0.4696	0.3647	-0.4061	2.0070	1.5577
-1.0799	0.9186	-0.5016	0.7740	-0.4797	0.0656	-1.1795	-0.1266	-0.5309	0.5630	-0.7679	-1.3633	0.5268	0.3410	-1.1515	1.0642	1.0200	-1.3154	1.1551	2.0954	-0.3080	-1.0765	1.1298	1.3476	0.8842	0.3331	-0.3664	1.0358	-0.1485	2.7924	-1.2617	-1.9807	-1.4274	0.6847	1.6978	1.5336	-0.6497	-0.0058	0.4713	-1.4814	-1.2647	1.3715	-2.4762	1.1779	0.1151	0.9179	2.4377	-0.5982	-0.9881	-0.2016
-1.0799	0.2081	-0.7723	-2.1965	-0.1804	1.0656	0.5277	0.7969	0.1188	-1.4826	-1.6543	-1.2405	-0.5333	-0.2823	0.1912	-0.0319	1.7048	-1.5899	0.2869	-0.8518	-0.1460	-0.4693	0.4479	-0.9746	-0.2591	-1.0183	1.3990	1.6832	-0.2640	-0.4437	1.0799	-0.1778	0.5884	0.5184	0.3149	-2.8597	-0.8741	1.5400	-0.8962	0.2180	0.8225	0.5071	0.6617	-0.8688	0.5928	0.2377	0.7282	-0.3014	-0.0863	0.0840
-0.4974	-0.1814	-0.7851	1.8899	2.0360	0.2510	0.6405	-0.3765	0.7076	-0.2111	0.2346	1.0697	0.1350	1.9737	0.8497	0.5906	-0.5415	0.1758	1.2947	-1.3098	-0.1852	0.1530	-0.3821	-0.5694	-0.1438	0.2587	1.0193	1.3020	0.4089	-0.8863	-0.6958	-0.5964	-1.9772	-0.2923	2.4776	-2.0952	-0.7672	-0.2875	1.0546	0.5770	0.1109	0.8278	-0.4587	2.6428	-0.4717	0.7807	-0.2281	1.5953	0.3255	-1.0387
-0.1572	0.7974	-1.2837	0.1441	0.7031	0.3032	-0.3116	1.1237	-1.3713	-1.0561	-0.6539	0.1261	-1.1576	-0.1832	1.5209	0.2471	-0.1256	-1.6667	-1.1668	-1.2490	-0.7540	1.0495	0.7401	-0.5229	-2.3193	1.5853	0.8017	0.9519	-1.0569	0.7209	0.1988	0.9438	-0.5547	0.2711	-0.6402	0.5544	-0.0238	0.7440	1.2274	0.0381	0.4372	-0.5072	0.9922	1.5337	0.1845	-0.6666	0.0270	-0.2798	0.7537	0.3982
1.4955	-1.0071	-0.8471	0.6925	-0.6687	0.0465	1.4160	-1.0344	-0.1310	1.3464	0.4761	1.2671	-0.8978	0.7730	1.6656	-1.1075	0.8594	0.0376	1.1471	-0.3010	-0.1362	-0.0889	-1.4576	0.6395	0.4989	0.8758	-0.7209	-0.1482	-1.4566	-0.8055	-0.3384	0.2814	0.0640	-0.2298	0.3760	0.1556	0.7589	0.6623	1.9719	1.5616	-1.2343	-0.2986	2.4428	0.4628	-0.2043	-0.6103	0.0667	-2.6949	-0.4214	1.5446
-1.4626	-0.1622	-0.1514	0.7902	-0.3807	1.3879	1.8553	0.4320	0.7811	-0.3203	0.8975	-2.1220	0.7311	0.4442	-0.2921	-0.5707	0.7902	-1.0084	0.0472	-0.2411	0.7051	1.0474	-0.0640	0.2198	-0.1396	0.3245	-0.2171	-0.7260	-0.1366	0.9653	-0.1232	0.7375	0.4599	-0.6520	0.1868	-0.3200	0.6461	0.4576	-0.6688	-0.0497	0.1091	-1.4251	0.2362	-3.0380	-2.0541	0.9167	0.6587	-0.4290	1.6595	1.5204
-0.6801	-2.1871	-0.5402	-0.9706	1.6314	-0.4385	-0.8810	0.2052	0.1428	-0.7921	-0.5962	0.2536	-0.6175	0.9872	-0.2650	1.2002	1.0046	-0.3287	-1.2551	0.0650	-0.4301	0.8497	0.3377	1.6698	-0.5264	0.2373	1.9743	-0.0043	1.2400	-0.4148	0.0536	-0.8906	-0.9660	-0.6500	-0.4200	-0.2037	0.1205	-1.8151	0.1350	-1.7839	0.7953	-0.0339	0.4807	-0.2448	-0.1370	-0.4236	-0.3019	-0.9727	-0.8278	-0.7198
1.2825	-1.8475	-0.8502	-1.0836	1.9043	-0.6762	-0.0869	-0.7388	0.4772	-1.6576	0.2053	-1.8163	-1.3161	-0.7317	0.3665	0.1113	0.2487	-0.0839	-0.2195	-1.0434	0.4983	0.1546	-0.7871	0.7786	0.0369	1.0681	-1.3730	0.8334	0.0836	-0.5517	-1.7264	0.6742	0.3499	0.4509	-0.6008	1.1450	1.2156	-0.6086	2.3323	0.6097	-0.9783	0.1696	-0.9828	-1.4454	-1.2472	-2.5643	1.4932	-0.0204	0.2181	-0.6419
-0.9477	1.4871	-0.2968	2.5521	-1.0451	0.0844	-0.1766	-1.0619	-0.2136	-0.3073	-1.5251	2.3338	-1.4033	0.2836	0.7179	-0.6859	-0.3662	-0.5566	-1.6248	-0.8012	-0.6471	1.2132	0.5514	-1.2846	-0.5795	-2.4774	-0.0406	-0.1177	-0.6213	-0.9093	-0.4529	-0.1622	0.3110	0.4476	0.4617	1.5000	1.5421	-1.6592	-1.5593	0.1567	1.5858	-1.1754	0.9838	-1.1543	1.6772	0.4848	-0.9998	0.3302	-0.8663	0.6894
1.1707	-0.6082	1.0904	-0.4975	-0.9452	-0.7553	-0.8640	1.2890	-0.6220	-1.1361	0.2815	-0.6085	-0.8195	-1.5990	2.2120	1.0366	0.5108	0.5765	0.5875	-0.7467	0.1584	-2.4149	1.1400	0.8090	0.0168	0.5333	-0.8464	-2.0225	-0.7632	-0.6369	-0.0355	-0.7955	0.4042	-0.8653	2.0288	2.5928	0.3125	0.1533	-0.4409	1.9300	0.0426	0.1603	-0.3973	0.1218	0.1646	0.4738	0.0286	1.0327	-0.4604	1.1043
-0.2792	-0.5187	-1.2258	-1.4229	0.5616	0.2855	1.1533	-0.8273	-0.0980	1.8323	-0.9762	-1.2638	-0.5208	-0.1436	-0.1199	0.0710	-0.6453	-0.1308	-1.1129	0.8441	-0.1020	-0.4370	0.1281	0.1315	-0.7629	-0.1513	-0.3469	-0.7518	1.3795	-1.4493	-0.5615	-0.3107	0.2711	-0.0048	1.0660	-1.1781	0.3358	-0.6116	0.6525	0.7444	0.0552	0.5829	-0.3481	0.5182	-1.0326	-0.8771	-1.3629	1.1225	0.8356	-0.1367
-1.3899	-0.9686	1.0789	2.2233	1.4742	-0.3097	-0.0325	0.3061	0.6139	-0.5553	-2.0639	0.8417	0.4252	0.1133	0.4873	-0.2780	-0.9660	0.0214	-1.9608	1.2530	0.5835	1.2839	-1.0473	-1.1068	0.0951	-1.7867	0.7111	-0.5181	-0.4282	2.6395	1.2290	-0.6153	-0.2678	1.8668	0.1383	0.4851	-0.3209	0.4135	0.5050	0.4133	-1.0167	0.4042	1.7698	0.9211	0.4032	1.2593	1.7684	0.7718	-0.7611	0.4345
0.2396	-0.5460	0.6971	0.3531	-0.1043	1.5781	0.3657	1.6173	2.0278	1.4842	-0.0755	0.1168	-0.2362	-0.4975	1.4944	-0.0740	-1.7128	-1.4963	-1.1339	1.0498	3.7268	-0.9931	0.4573	-0.9149	-0.5973	2.5103	0.7530	-1.0650	2.4256	0.4034	-0.8331	-0.7349	1.1656	-0.0332	-0.1074	-0.3678	-0.1875	0.6865	-0.8653	0.0975	-0.2202	-0.0132	-0.0042	-1.6242	0.6241	0.9969	-0.3454	-0.1234	0.7589	0.1598
-0.2686	-0.6185	0.2046	-0.6267	0.5575	-0.1586	1.4930	1.1109	0.7739	0.6328	-0.2217	-0.3451	1.4058	0.2874	-0.6350	0.3171	2.1174	0.0913	-0.4889	0.9608	-0.6996	-0.6184	0.5740	0.2549	1.2136	-0.8218	0.9089	0.5181	0.7319	-1.3460	-1.5335	1.3558	-0.0162	-0.8433	0.1796	0.7045	-2.4948	-1.3991	0.6501	-0.6663	0.5953	0.8789	0.3260	1.3200	-0.1217	2.2555	1.6469	-0.9650	0.7915	-1.6784
0.3034	-0.7621	0.1897	0.6153	0.3314	-1.1673	-1.1564	-1.6262	1.6149	-2.2786	-0.7732	0.9458	-0.1164	0.7748	-1.2664	-0.4707	-0.1420	0.0312	-0.4138	-1.8810	1.4458	-1.0312	-0.0326	0.2369	0.8012	0.5234	-0.4548	-0.5693	-0.5607	-0.1931	1.5950	-1.1629	-0.3331	-1.4337	1.0989	0.4996	1.6672	0.5573	-0.2911	0.0631	0.6704	-0.2127	-0.1942	0.7822	-0.6983	-0.7238	-0.3570	0.7984	-1.7577	-1.4449
-1.3174	1.1749	0.0319	1.2015	-0.3296	0.5031	1.4301	-0.4013	0.7224	2.2097	0.8973	-0.4020	-0.7963	1.3123	0.3699	-0.4242	-0.5874	-2.2474	1.9092	0.7263	0.1483	-1.3350	-0.1503	0.0284	-0.0227	0.3755	0.6491	1.4156	-0.1501	-0.5985	-1.4437	1.2611	0.8976	-1.2565	0.1511	0.4661	-0.8465	-0.5683	0.0669	-0.6237	-0.5599	-0.6837	2.8846	0.4230	1.4044	-0.9859	-0.9082	0.8529	-0.2214	0.7296
-0.1855	1.7818	2.2460	0.9819	1.0325	1.5521	1.3911	0.1854	-0.3400	1.1560	-0.2135	-0.0713	0.1748	0.0438	1.7272	1.4197	0.7074	0.0512	-0.9957	-1.6110	0.3854	-0.2592	2.7032	-0.4787	0.8235	-1.3484	-1.2448	1.1829	0.2077	-0.4307	2.7038	0.8305	0.0257	-0.0884	0.5714	-0.1586	0.7788	0.4526	-1.2933	-0.7086	-2.4049	0.7264	-0.8301	0.4429	-0.5676	-0.6778	0.0818	-0.7318	-0.6936	-0.2191
0.2332	-1.4569	0.2608	0.5923	0.8510	-0.4514	-1.2276	-0.6870	0.4575	-0.5074	-0.7774	0.4691	-0.0835	0.9483	0.4208	1.5892	0.2021	2.0244	-1.5776	0.5679	-0.9257	1.2574	0.2056	-2.0948	1.3810	-1.9336	0.7051	-1.0702	-1.1234	-0.0540	-1.1969	0.9009	-0.2473	0.3676	-2.4601	-1.0134	0.7288	0.1338	-0.1113	0.1598	1.0833	-0.7397	-0.1635	0.1073	-0.7982	-0.0873	-0.4994	-0.2690	-0.0782	0.9834
0.3862	0.0344	0.4959	-0.1206	-0.0578	1.4047	1.0319	-0.3878	-0.6688	0.7660	-0.4991	-1.1523	1.2109	0.8239	-0.5157	-0.1673	-0.4116	-1.9798	-0.7817	0.7712	0.0503	0.3733	-0.2873	-0.6402	-0.9003	0.0485	-1.8772	0.4741	0.9205	1.2617	-0.4152	-1.2746	-0.6869	-0.6091	-0.8441	0.7969	-0.2312	-0.9126	1.0124	0.2043	0.5409	1.5616	0.6609	0.6833	-0.9543	-1.2793	0.9428	0.6280	-0.1599	-1.6861
-0.6056	-0.2771	0.1115	-0.6148	-0.6834	1.5042	-0.4314	-0.5227	-0.3435	0.2669	-1.8676	-1.2111	-1.2150	-0.0066	-0.9273	-0.9632	1.2109	-0.9583	0.4255	1.4755	-0.3216	0.3861	-0.7647	1.4313	-3.0379	0.1816	0.9670	0.0434	-1.0962	-0.2429	-0.4461	-0.1766	1.5515	-1.3495	0.4366	0.3060	1.1386	-0.9663	1.2021	-0.0294	1.3109	-0.0899	-0.6968	0.7900	0.8200	2.4112	1.9588	0.0693	-0.0676	2.2842
-1.1212	0.5992	1.6821	0.9726	-0.0016	0.0621	0.0065	0.3230	-0.5470	0.3421	0.0451	0.6739	-1.9690	0.1559	1.2400	-0.1762	-1.7704	-1.7304	0.7574	0.3363	0.9936	-0.2530	-0.7320	-1.0197	0.8732	0.5385	1.1136	-1.3622	-0.1735	0.8638	-0.7967	0.7431	1.9267	0.5087	-1.4982	-0.1392	0.1267	0.5144	0.5733	0.3869	-0.0826	0.5979	0.1605	-0.9790	0.9182	-0.7083	-1.0309	1.0888	-0.7391	0.9026
1.2398	-0.0055	0.7662	-0.4320	-1.4258	-0.8487	-0.2480	-0.4765	1.1515	1.4793	0.5630	0.8100	-0.5917	-2.3737	1.1965	1.1844	0.3129	0.5013	1.1359	0.0390	-0.5785	-1.0911	0.0109	2.3845	-0.6071	1.8462	-0.3583	-0.4175	0.6654	-1.8199	0.9504	-0.4810	-2.2543	0.5281	1.2787	0.7548	-0.1122	-0.9690	1.1265	0.3100	-0.7973	0.9751	-0.2862	-2.1357	-1.2423	0.0467	0.2470	-0.8091	-0.2945	0.2395
-2.3578	0.4651	1.4669	0.4022	-0.8575	-1.9292	0.2278	-1.8601	-1.5195	0.1824	-0.1099	-0.6479	-0.6825	-0.0460	1.4040	-1.7223	0.4731	0.9193	0.8195	-0.8313	0.3909	-0.4795	-0.5952	-0.2066	-0.8395	0.5865	-0.0934	0.2574	-0.9795	0.5273	-1.2692	0.2746	-0.3659	-0.6617	0.7689	0.6869	0.3145	-0.1423	1.2350	-1.5822	-0.6502	-1.1814	0.4894	-0.6079	0.1240	-1.1219	1.0940	-0.3937	-1.0523	0.0225
-0.3240	-1.6191	-0.1691	0.4211	0.4392	1.6774	-0.1277	0.5014	-1.8369	0.3389	0.8814	0.2607	-0.2323	-0.3828	-1.1565	0.4686	-1.1196	0.2495	1.0280	-0.1561	2.3588	0.8279	0.5131	-1.0384	-0.3406	-0.5988	-1.3459	0.7841	-0.0628	1.3636	-1.1174	-0.6743	0.0304	-1.0391	-0.6077	0.2458	0.5645	-0.8772	-0.0319	0.1204	-1.0765	1.0813	0.0739	0.6692	-1.3493	0.0533	-0.6963	2.4319	0.0267	-1.1172
-1.3238	0.2653	0.1027	0.9372	-1.0957	2.6688	-2.1957	0.1806	1.4927	0.0587	-1.4310	-0.3381	0.3655	-0.2980	0.6623	-0.3136	0.2136	-0.8406	-0.5801	0.6229	-0.1588	1.3882	0.8672	0.8778	-0.0492	0.5515	-0.2326	-0.6834	1.0323	-0.3271	-0.4974	-1.0179	-0.2519	0.0853	1.7348	-0.1587	-1.1398	-0.0264	-1.2239	-0.5199	0.1498	-0.7414	1.8315	0.9184	-0.8032	-0.0830	-0.1066	-0.2763	1.1623	1.2089
1.1567	-1.7010	-1.1549	-0.2374	1.0636	0.7370	0.6169	-0.9664	0.9034	0.6120	-0.3267	-1.6297	-0.8010	-1.0189	-0.4469	0.2281	0.6669	0.5739	-1.7282	-0.0842	-0.7117	-1.0811	0.4197	0.0844	-1.1087	-0.0498	0.3924	-0.5682	-0.9885	-0.3726	-2.2363	-1.2538	-0.7201	0.4275	1.8487	-0.1489	0.7881	0.9843	0.6282	0.4837	-0.4207	-0.0748	0.6373	0.7808	1.2553	-0.9521	-0.0249	0.5394	-0.0313	0.4168
1.0896	-0.1727	0.0428	-0.1929	-0.5085	0.7370	0.1552	1.8112	0.4348	-0.8431	-1.5855	0.5091	-0.3712	-0.4788	-0.7821	-0.4495	-1.7131	-0.8344	0.3327	0.8185	-0.6892	1.2066	-1.3303	-0.9076	1.0139	0.6543	0.6122	0.1290	-0.1643	0.5683	-0.3098	0.1862	-1.0420	0.0932	-0.1146	0.9376	-1.0827	-0.6347	-0.6420	0.6800	0.8450	2.4626	0.3709	-1.2408	0.5465	1.7050	0.5844	0.2847	0.7796	-2.0289
2.0076	1.9646	-0.5596	-0.4470	-1.1402	-1.2577	-0.8452	-0.5489	-0.0939	0.3201	2.4182	1.3153	-0.7628	-1.4668	-0.6898	0.5998	-0.8645	0.2555	0.3473	0.5718	0.2536	-0.0364	0.5610	-0.6354	-0.0850	-0.0677	-0.9621	0.9844	-0.9197	0.6265	-0.2951	0.6969	1.1568	-0.4328	-0.0234	-0.0147	2.3824	-1.3577	0.3161	-0.3265	0.1882	-1.1132	1.3687	0.9234	-0.5832	-0.0898	-0.2852	-1.3130	0.1279	0.2066
0.1484	0.3048	0.0926	1.2533	0.5241	0.2687	0.4054	0.0635	0.7388	2.7102	-0.2930	-1.7818	-1.1187	-0.2921	1.1750	0.3507	-0.2357	0.2378	0.4167	0.3013	0.4363	-0.4631	1.0226	-0.4521	-1.2880	-0.3521	1.3755	0.9894	-2.4636	-1.0245	-0.5393	0.7543	0.8799	1.2522	1.6452	0.0281	2.0992	0.9255	0.4863	-0.8064	-1.3348	0.1070	-0.7068	-0.9906	0.5888	-0.3273	0.5910	1.0500	2.0195	0.4684
1.2682	-1.1284	0.7238	1.3229	0.4064	-0.5671	-0.0056	0.6577	1.4545	-0.7220	-1.2625	-1.1693	1.4690	0.3337	0.6826	-0.3936	-0.9248	-1.0982	-1.1197	0.3483	-0.3119	-0.0318	1.5716	-1.2019	-0.3804	-0.4145	1.1671	-0.8579	0.1357	1.4199	-1.0943	-0.2853	0.4420	1.1997	-0.5627	1.0419	-0.5427	1.8020	0.6909	-1.0514	-0.1311	-0.6565	0.4255	-1.6009	-0.9559	-0.3108	0.1544	-0.8421	-0.4188	0.1751
1.5232	-0.9165	-1.3307	1.5013	-0.7805	0.0067	1.8907	-1.1723	-1.5265	-0.3647	-0.1380	-0.8633	0.5365	-0.7725	-0.1985	-0.6394	-1.0460	-1.0815	1.4573	-0.3671	-1.5330	-1.3369	-0.4577	0.5060	-0.6934	0.2176	-0.9634	1.0396	-0.1980	1.9577	-1.4863	0.3280	0.2865	1.1504	-0.8264	0.6549	0.5702	-1.1369	-0.4111	-0.2548	0.7482	1.7911	-0.0294	-1.8252	0.9302	0.1522	1.2164	-0.9762	-0.4009	1.3445
0.1867	-1.3983	-0.6262	0.0077	-0.1634	-0.4453	-0.5992	-0.4370	-0.2008	0.5344	-1.0338	-0.3062	1.0765	-0.7315	-0.5948	0.3168	0.1016	-1.0618	-0.1303	0.3623	-1.3986	0.9174	-0.0606	-0.4433	0.5733	-0.1221	-0.8178	-0.2048	-0.4919	0.6808	-0.2368	-0.7093	-0.1684	0.4750	-0.2446	-0.6078	-2.0850	-0.3353	1.3258	-1.6638	-1.0877	1.1075	-1.4748	0.1906	1.6299	0.3519	0.7511	-0.1550	0.3239	0.4455
0.1065	-0.0338	0.2273	1.3333	0.9685	1.2271	-0.0881	1.1051	1.1279	0.0132	0.6096	1.1928	0.2544	-0.5416	-0.2026	1.8401	1.7968	1.2641	0.6429	0.3724	-0.6493	-0.1465	-0.7239	-0.7440	-0.3191	-0.8390	0.1986	1.2788	0.4463	-1.0018	0.5885	0.7133	0.4815	0.5822	1.4259	-0.4090	-0.5332	0.3810	-0.5574	-1.0555	-2.0212	-1.2900	-0.8700	-0.3675	-0.6285	-0.1124	0.4047	-1.0232	-0.0220	-1.2532
-1.1263	-1.3294	-0.0594	0.3693	0.5365	-0.9357	-1.5679	-0.0084	0.3333	-0.0450	0.0174	0.9722	-0.3989	-1.3740	0.9075	-0.1800	0.7262	-1.5128	0.2392	-0.2927	0.4206	-0.0020	-0.0121	-0.6881	-1.0179	-1.0478	-1.3188	0.8569	0.2959	0.7174	-0.0535	-0.4420	-0.0384	0.2994	-0.5896	-0.5657	-0.8577	-1.0624	-0.4232	0.4123	1.5157	-1.3131	-2.3745	-1.1763	0.1254	-0.3766	0.0555	-0.3264	0.1476	-1.3905
-0.0154	0.2621	-0.4538	-1.4270	0.9287	-0.7632	0.6280	0.1080	-0.0894	0.0174	0.1089	-0.3689	-0.3564	-0.2572	1.0372	0.2360	-0.0348	0.0242	0.7289	0.1026	0.9333	-0.5119	1.5899	0.8145	-0.0327	0.9038	0.7255	-0.0060	-0.0238	-1.1045	-1.4196	-0.8178	0.8052	-0.6403	-0.7259	0.4183	-1.6736	-1.1570	0.0285	-1.0390	0.2908	-0.2628	-1.0606	1.2848	0.8815	1.4578	0.8639	0.1769	1.3676	0.2609
0.9107	-0.3421	1.1661	-0.9771	-0.8325	0.7908	0.0906	1.5071	-0.8574	1.0710	0.3024	0.4483	1.0859	0.1978	-0.1994	-1.3629	-0.0824	-0.5280	-0.4890	1.5637	1.1939	0.2214	1.1500	0.4277	-0.4539	3.6775	0.4720	0.8564	-0.0089	1.0403	-0.9913	-0.5656	-1.9848	2.1914	-1.5028	-1.4001	0.7126	-1.1379	-0.0241	0.6773	1.6026	1.6188	-0.9132	-0.3373	1.3236	0.2205	-0.0727	0.9688	0.1952	0.7433
-0.3213	0.3094	0.5488	1.7675	-1.5184	1.3701	1.0009	-1.6164	1.0644	0.6906	1.6282	0.1035	0.7771	0.8284	1.6386	-0.3858	-1.8517	-0.1318	-1.7866	0.1198	-0.3053	-1.1999	0.0004	1.0187	1.1427	-1.1172	-0.9241	0.2701	0.6595	0.0362	-0.0620	-0.3022	-0.8401	-0.7685	2.5187	0.4915	-0.8623	-0.2605	0.9932	0.9561	-1.2619	1.6457	-0.0065	-0.5874	-0.0350	0.9329	1.0868	-1.3639	0.8663	0.0768
-0.3066	0.4502	0.6116	-0.0415	0.0612	-0.0952	-0.1510	1.7594	0.3772	0.3011	1.4729	-0.1130	-0.0683	1.7959	-0.1430	-2.4331	-0.0814	-0.1768	0.2667	-0.6804	-0.7329	1.1937	-1.8088	0.3261	0.4815	1.3407	-0.0743	-0.8280	-0.1438	1.1384	-0.8661	-0.5595	1.4542	1.0827	-0.4553	1.5485	-0.0581	0.1061	-0.4293	-1.6889	-2.0266	0.0613	-0.3202	-0.9304	-1.6475	1.0630	-0.5137	-0.5022	1.0560	-1.3556
0.6087	0.4092	-0.4792	-1.2721	-0.3468	-0.2506	-1.4401	0.0733	1.1884	0.4237	-1.0610	0.6631	1.0205	0.9070	0.9984	0.3938	0.2823	-2.0079	0.9060	1.2016	0.5524	0.3834	0.2555	1.2114	0.7516	-0.1814	-1.6855	-0.1568	0.2933	-1.1124	-1.3377	-0.0650	-0.1599	-0.4603	-0.2524	-1.8250	1.8797	1.4215	1.5148	0.8630	-0.3773	0.9150	-0.4337	-0.7350	-1.7649	-0.5801	0.3997	0.4609	0.8986	-0.3483
0.1620	0.4938	1.1101	-2.5920	-0.6782	2.0076	1.7110	1.3318	0.3397	1.4807	-0.5629	-0.2862	-0.4263	-1.7093	0.0308	-0.2013	-0.4064	-0.6233	-0.2730	0.4143	-0.0944	-0.3663	1.2098	0.3864	-1.6358	-0.1647	1.3116	-0.4090	-0.9600	1.1367	-0.3608	-0.3547	0.3515	0.7589	0.2576	-1.0284	-0.8031	-0.6286	0.3240	-0.5877	0.1687	-1.2120	-0.6453	0.7107	-0.5264	0.8119	-0.0783	1.3088	0.3678	-0.2328
-0.2861	-0.1086	-0.6084	0.3293	-2.2701	1.0421	1.5914	-0.8372	0.4189	-0.6000	0.1427	1.0690	-0.4785	0.8193	-1.6621	0.6820	-0.1487	-0.4631	-0.9178	1.5352	1.1117	0.2196	1.2981	1.3646	-0.6807	0.2973	-1.4297	-0.1003	-0.1900	0.7861	0.3488	-0.2530	0.0941	-1.4249	-0.2967	-0.0703	1.4305	-1.4794	-1.2335	-0.6454	1.1520	-0.5856	-0.8625	0.3534	-0.2192	-0.4004	0.2787	-1.0764	-0.3114	-0.9379
-0.6013	-0.6227	-0.8891	-1.1870	0.4611	1.1728	1.4692	-0.0451	0.4737	-0.3683	-1.0254	-0.4943	-0.8568	-1.7177	-0.0721	0.1046	-0.4368	1.0399	1.5306	0.4172	-0.5989	1.3349	-1.1787	2.3922	-0.4297	-0.2426	0.4073	-0.8929	-0.2849	0.5092	-0.4746	-0.3704	0.5962	-0.6755	-0.0568	-2.3267	-0.7520	0.0985	0.9865	-0.0816	-0.3078	-0.4068	1.0667	-0.8511	-1.0667	-0.5857	0.7475	-0.4216	0.2537	0.8902
-0.9935	1.6875	0.9067	-0.9583	-0.0931	0.2861	-0.4200	1.3135	-0.3570	1.3611	0.6778	0.6884	-2.2949	-0.3742	-0.2617	0.7238	-1.8516	0.4472	1.5355	1.2524	-1.1761	-0.2323	-0.1381	-0.1160	-1.5765	-0.4236	-0.8472	-1.4690	-1.2704	0.1405	1.0250	-0.4622	0.9377	-0.9430	-1.5204	-0.2385	-1.5361	-0.0017	-0.3983	-0.4660	0.2632	0.9997	-1.8987	-0.0145	-0.8762	-1.4184	2.6681	-0.2678	-0.7977	-1.3288
-0.5915	0.3684	-0.7263	0.3809	0.0294	-0.3001	1.5691	-1.1042	1.2321	-0.4774	-2.3099	2.3080	-0.4941	-0.0199	-0.0159	-1.6716	0.3666	-2.4051	0.4332	0.3121	-0.5479	0.6230	0.7757	2.2110	1.1909	-0.0683	0.7518	1.0780	-0.5374	-2.5207	0.6071	-0.1549	0.5621	-0.9779	1.1368	2.0537	0.9465	1.0652	-0.0548	-1.2443	0.1193	0.5072	0.3717	-0.2749	-0.8196	-2.4125	0.3693	0.4948	0.7745	0.5528
-1.0694	1.2282	-0.7062	-1.0091	-0.0456	-1.6937	0.6674	0.8437	-1.1253	-0.9368	0.5034	0.9422	-0.8570	-0.2126	-0.0843	-0.0960	1.2500	-1.9600	0.0100	-0.2651	1.0774	0.4331	-0.5812	0.4721	-0.1364	0.7384	-0.2769	0.4336	-0.7790	0.2151	1.2057	-0.9932	2.0165	-1.5653	-0.7517	1.0795	-1.7588	-0.7447	0.8660	-0.4192	1.2919	-0.3419	0.1700	1.0950	0.9025	-0.0654	1.3503	0.7147	-0.7575	-1.3670
-0.5274	-1.6325	0.0067	-0.5839	-1.1521	-0.0372	0.0287	-0.6368	1.8301	-1.5926	-0.8513	0.2057	0.5208	-0.1475	0.8842	0.3389	0.4484	0.2091	0.9382	-0.7001	-0.4910	-0.0119	0.6556	1.4913	-0.3577	-0.2641	-0.0793	0.0771	-1.3920	1.0445	1.3992	0.4064	0.9056	1.3348	0.5465	1.6272	-0.9318	-3.2808	-0.6737	0.0190	-0.2038	0.1379	-1.1128	-0.4875	-0.0979	-0.5989	0.1419	-0.3031	0.5434	1.3755
-0.2380	-1.0280	1.2583	1.6485	-0.2853	-2.0852	-0.7268	0.1849	-0.5557	-0.8665	0.1485	-0.0870	0.8999	-0.4802	1.1922	-0.0511	0.0145	0.9492	1.4070	0.3509	2.3207	-1.0721	-1.4543	0.9090	-0.3695	-1.2065	-0.7031	0.4668	0.5605	-0.1562	-0.6667	-0.7509	0.4700	0.4691	0.0604	0.6340	-2.8159	0.2368	-1.7667	-1.4173	0.1959	2.3538	-0.3569	-1.8490	2.1823	0.2630	1.1007	0.3251	-0.1476	0.3007
0.9964	0.8643	-0.6913	-0.7286	0.3255	0.5498	-1.1421	-0.1233	0.5514	0.1397	-1.8048	0.0103	0.1224	-0.2971	0.3907	0.3603	-0.4804	-0.7888	-2.5536	-1.2459	1.4558	-1.1198	1.7226	-0.8412	-0.1371	1.5243	-0.7774	-0.6218	-0.0232	0.0336	1.8493	-0.5177	-0.3781	0.2343	0.9903	1.5675	-1.2372	0.1267	0.5768	-0.1575	-1.3716	0.7375	-0.2674	-2.1099	-0.2422	1.4737	-2.1445	-0.0998	-2.1030	-0.0863
0.9124	-0.1753	-0.9127	-0.6685	-0.1224	-1.2487	-0.2061	0.0973	-1.1454	0.8320	0.0400	-0.1784	-0.4146	-0.7986	0.4604	1.2053	-1.1303	0.9457	0.2923	0.1387	-0.5800	-0.1538	0.9689	-1.3918	0.8449	0.5531	-0.2089	-0.3119	-0.5073	-0.6198	-1.1420	0.6808	-1.0392	0.0983	1.4351	-0.6895	1.5264	0.2056	-0.0387	-1.0614	-0.2471	0.0309	-0.8773	-0.6190	-1.4104	-1.0537	0.1281	-0.2449	-0.7180	0.3711
0.1886	1.1051	0.7021	-1.6362	-0.4544	-0.6627	-0.1083	-0.4047	-0.2914	-0.4776	-0.6717	0.1064	0.0189	-1.6231	-1.3599	-1.2216	-1.3611	1.9272	-1.4489	1.6750	-0.5540	0.9570	-0.6524	-1.9950	-1.4842	-2.0725	0.0975	0.4169	-1.8361	1.9268	-0.2154	-0.3582	0.0075	0.3622	-1.1173	1.4926	-0.0111	-1.8529	1.1516	0.3108	-2.2577	-0.6931	1.1450	0.3896	-0.4556	-1.9967	0.0411	0.5976	1.1422	-1.0280
-1.2229	0.9966	0.1296	2.6187	2.0172	-0.1013	1.9277	0.9165	0.5452	0.9141	1.3290	1.5488	-0.5318	1.0310	-0.9867	0.1334	0.1931	0.8647	-0.8345	0.8340	-0.3123	-1.0757	-1.2183	-0.2322	-1.5776	0.8345	-1.8032	1.6446	1.5591	-0.2060	-1.6128	-0.1544	-0.1618	-0.0419	-0.2146	-1.3776	0.0038	-1.7709	0.0763	0.6080	-0.8680	0.9518	-1.8039	-0.1498	0.4051	-1.9940	0.5967	-1.1232	-1.0659	1.2427
0.2824	0.1495	0.1327	-1.1149	-1.0941	0.1920	-2.0055	-0.5053	0.4402	0.4123	1.4108	0.1058	-0.8378	-1.1909	0.7424	-0.6917	-0.0868	-2.2765	-2.3441	1.7294	-0.0479	1.9158	0.3524	-0.4447	0.8471	0.5878	0.8811	1.4803	-1.1139	-1.2644	-1.3851	-0.7157	0.4957	-0.2065	-0.8606	-1.5606	0.8487	-1.0020	0.7022	-0.4466	-0.4120	0.1677	-0.2586	-0.2281	1.3239	0.4192	-0.3729	-0.5840	-0.7973	0.2078
-0.6673	0.4002	-0.6876	1.2506	1.4858	0.4192	-1.7998	-0.9925	0.2399	0.6903	-1.8377	-0.3371	-0.2036	1.1832	0.3803	-1.7494	-1.2321	-0.4686	0.4297	-0.5016	-0.8974	0.6762	-0.5913	-0.4057	-0.6199	0.3089	0.6583	0.0950	0.1555	0.4166	-2.0097	0.0930	-0.2414	0.2783	-1.1165	0.2633	0.5003	0.3100	0.2444	0.1283	0.2255	1.8131	-0.3101	0.9697	-1.5971	0.4000	0.9972	-0.3889	-0.7857	0.2722
-1.0585	1.7069	0.5380	-0.2662	0.1527	-0.4041	-2.1202	-1.5601	-1.5783	0.4868	-0.2549	0.5246	0.1486	1.0269	-0.4730	-0.3101	0.5338	1.3048	0.6434	-0.1592	-0.3001	-0.7394	0.3329	0.7885	-1.3213	-0.0542	0.4366	-1.2880	2.6351	0.4752	-0.5203	-1.2241	0.6876	0.5559	1.8050	1.1974	0.6200	0.6697	0.0245	-1.5499	0.9567	0.1592	0.7949	2.2212	-0.3192	1.1961	-0.4838	0.0599	0.2812	-0.3692
1.0915	0.0410	-0.1566	-0.2854	-0.1143	0.3451	1.4436	0.9665	-0.2592	-0.1806	-1.1715	0.9877	2.4095	-1.6493	-1.1856	0.3777	-0.1634	-1.6265	-0.6387	-1.5042	0.7630	-0.4949	0.1088	2.0581	0.7569	0.1621	0.1801	-0.1115	1.0213	-0.2876	0.9399	-0.2702	1.4560	-0.2746	0.8926	0.3339	0.2415	-0.1027	-0.9608	0.0417	0.9756	0.0007	0.3525	0.3992	1.2527	-0.9881	-0.3101	-0.0079	0.7732	1.0522
-0.7264	-0.8604	0.3669	0.9550	-2.0325	0.4879	0.0977	2.2235	-1.4244	-0.0859	-1.8408	-1.0756	-0.6330	0.7124	-2.0115	-0.2035	-0.6642	1.6631	-1.4065	-0.2848	-0.9501	2.6731	-0.7620	-0.4263	2.0098	-1.2946	0.6452	-1.9712	-0.5467	0.0612	2.1705	1.7381	-0.6786	-0.2072	-0.0084	-0.6297	0.4881	2.2980	0.1447	-0.2983	0.0720	-0.2650	0.0491	0.0506	-0.6331	-2.1304	0.2600	1.8487	-0.2238	0.4267
2.0314	0.4359	-0.5644	0.1121	0.3470	0.6875	0.0748	1.1712	1.9850	1.8432	0.4726	-0.3289	0.1727	0.8150	-0.8149	1.0731	-1.7305	0.4010	-0.3481	1.7598	0.0418	0.6182	0.3307	1.4531	-0.8157	-1.1894	-0.2249	0.0478	-0.4250	0.4886	-0.2406	-0.3639	0.6949	-1.9106	1.5551	-1.2422	1.9787	-0.5878	-0.8283	2.0774	-0.6975	0.2859	0.1339	0.3001	-0.3898	0.2274	0.8769	0.2900	0.7587	-0.4948
2.5212	-0.4675	0.4803	-0.6232	-0.7131	-1.1856	0.4856	-0.3153	1.5844	0.1949	-0.7855	1.0056	0.8459	-2.2135	-0.2899	1.0049	-0.0233	-1.4665	-0.7285	-0.9191	0.8911	-1.0168	0.9794	-1.1734	0.1786	0.8336	-0.4150	0.0797	-0.5759	1.2878	0.2038	0.3952	2.1230	-0.2546	0.7721	-0.5662	-0.0415	0.4052	1.0640	0.0274	-0.7780	0.7679	0.0110	0.3792	-0.9361	1.4809	0.3947	1.0193	2.1903	1.0276
1.5970	0.5934	0.5917	-0.2696	0.3307	-0.2840	0.8630	0.6795	0.9617	0.1383	1.0337	-1.3729	-0.5675	0.9400	1.3601	-0.3866	0.8625	-0.7887	-2.2577	-0.3954	-0.2523	0.6312	0.6619	-0.2280	-0.6528	0.2243	-1.3096	-0.3517	0.3972	1.4723	0.9326	0.0867	2.2429	-1.5321	-0.7827	0.2532	0.2531	-0.4292	-2.1292	0.9028	0.5761	-0.8650	1.6268	1.4826	0.1132	-0.1707	-0.9402	-0.2706	0.0965	-0.1352
-0.3150	0.6931	2.1567	-1.0214	-0.8707	-0.2701	0.8535	-0.5730	0.4832	0.3270	-0.1714	-1.7377	-0.1611	0.5103	-0.8524	0.5880	0.4789	0.8017	-0.7147	-1.4929	-0.3597	0.8895	0.2729	0.9348	0.5228	0.4656	0.9910	-2.1500	-0.2965	-1.0855	-1.0224	0.1279	0.7156	0.5153	-0.1216	-0.7117	-0.5615	-0.2863	-0.0931	1.8474	1.6193	-1.1743	-0.0521	1.6893	1.5440	-1.5981	0.7686	-0.8629	1.9856	1.9658
0.6864	-0.4159	-0.5547	-0.5201	2.5168	0.8946	0.5491	-0.1948	-0.6849	1.4668	-0.3500	0.8760	0.4788	-0.2317	0.5315	-0.3797	-0.1692	0.6421	-2.4246	-0.6709	0.6852	-1.2033	0.0239	-0.0924	0.9467	2.3953	-0.7464	-0.3450	0.1616	0.0451	0.4354	1.5133	-1.6834	-0.1262	0.6521	0.0623	-0.4916	-0.3462	0.9842	-1.7060	0.5204	0.9579	-0.6569	0.7006	0.3573	0.8265	-0.9829	1.0129	-0.4052	-0.1982
-0.0574	0.6295	-0.1170	-1.0816	-1.2317	0.7668	0.8171	-0.0022	-1.0779	-0.1212	-1.7145	-1.5343	-0.2842	0.8532	0.7818	-1.3396	0.1471	-0.7444	0.1124	-0.1296	0.5897	-1.0204	1.2087	-1.1989	1.3757	-0.6359	-1.8455	-1.3525	-0.4969	2.4581	1.0897	0.5902	-0.5974	-0.9415	0.6489	0.0265	0.2694	0.0080	0.1260	0.7769	1.1273	0.1915	-0.0098	-0.3599	0.5182	-0.2727	0.5816	0.5593	0.8879	0.0285
-0.4859	-0.8111	-1.6659	1.7391	-1.5734	2.2753	-1.1828	-1.1353	1.5468	-0.4954	1.3378	-0.1920	-0.8044	0.0115	-1.0577	-1.0091	1.4428	0.4636	0.7926	0.5601	0.6835	0.5140	2.1282	-1.4105	-1.8293	-0.9808	-0.9271	-0.5344	1.5915	-0.0657	-0.0156	-0.7486	0.8855	-0.2966	-0.0048	-0.6549	0.2322	-1.1884	2.4935	-1.6975	-0.0937	0.4933	1.2903	-3.0600	0.0120	-0.6245	-1.1354	1.7159	-0.0514	0.0006
1.1199	-1.0142	-1.6831	-1.0495	0.4801	0.8001	-0.3467	1.4044	0.6959	0.9243	-0.0040	0.7548	-1.3221	0.6339	1.7116	1.6538	0.5705	0.1879	1.0678	1.9036	2.7271	1.8334	-0.2019	0.5860	0.9708	-1.2129	-1.0923	-0.3764	-0.5010	-0.1431	0.6358	-0.8740	-0.5874	0.6801	1.1788	1.1318	0.0279	-2.0229	-0.5586	-1.5991	2.1218	1.3702	1.3590	-1.7573	0.1305	-0.4569	-0.3555	1.0374	-0.5480	-1.1969
-0.1075	0.0929	1.3160	1.8193	0.1072	0.1789	1.6392	1.1949	0.5095	-1.0544	2.3196	-1.6618	-0.5261	0.0755	0.5277	-0.2794	-0.9681	-0.1807	1.4922	0.5532	-1.8580	-0.0338	-0.0793	0.2283	-1.0776	-1.5969	-1.4766	-0.5486	1.1346	-0.5081	0.5898	0.5290	0.4381	0.8575	-0.2675	-1.7403	0.4472	0.9280	-0.4205	0.9972	-0.7320	1.1601	-0.4155	2.6099	1.5465	0.4714	-1.5823	0.7429	-0.0727	1.2503
-2.2944	-0.0934	0.6038	0.7945	1.5935	0.5966	-0.0132	1.1705	2.4600	-0.4639	2.1481	-1.6179	-1.4778	-0.3117	-0.2327	0.0427	-0.7109	1.6961	0.3479	-0.1755	0.3258	0.1787	0.8989	-1.2951	-0.0839	-0.3232	0.3872	0.5726	0.0604	-1.2430	1.3904	0.7183	0.8876	0.9046	1.1667	-0.6925	1.2097	-0.1416	-1.0859	-1.2631	0.1735	1.0943	-0.5725	-0.1466	-2.0085	0.7144	0.3264	1.7329	-0.0759	-0.1407
-0.0856	-0.6592	-0.7240	1.4501	0.3534	1.0521	0.5071	0.4194	0.2653	1.7016	-0.6069	0.4060	-0.1709	-1.4539	0.0150	0.8684	0.1968	0.9481	-0.4664	0.8946	-1.2468	1.1324	0.0718	-0.0590	-1.6254	-1.2265	-1.8855	0.1494	1.2790	1.0576	-0.1225	0.8471	-0.3321	0.3089	1.1127	0.1991	-0.3527	-0.0303	-0.3438	-0.2967	1.3590	0.2316	-0.2675	-1.3425	0.7952	2.5809	-2.2154	-0.3761	0.3181	0.7700
-0.0021	0.0524	0.1961	-0.6959	-0.2018	0.6149	-0.2818	-0.2302	1.3251	0.3858	1.1066	-0.3657	-3.0671	-0.8421	0.9690	-0.6576	-1.7593	0.3580	0.0149	1.0178	-1.3154	-1.7043	-1.5110	0.5929	-1.1390	1.6766	-0.2339	-0.3734	-1.5010	0.6779	-1.0083	0.3758	1.2407	-0.2973	-1.0886	-0.2398	-1.8002	-0.4112	-1.1297	-0.0944	0.5048	0.5995	1.3866	0.5726	-2.1375	-1.6596	0.3851	-0.4179	0.0528	1.5843
2.4163	0.8037	-0.2962	0.0440	-0.8185	0.4018	-1.5439	0.0933	0.0549	1.8762	1.4826	-0.5579	-0.2267	0.9515	0.0197	0.9652	-2.4257	2.3734	-0.0079	-0.8547	-0.9942	-0.4491	-0.4544	0.8667	0.2353	-0.9731	-0.9802	0.3389	-0.4759	-1.2371	0.5190	-0.3448	-0.8664	0.4707	0.2654	1.6844	0.5296	0.4406	2.3233	0.1308	-1.2622	1.1797	-0.8448	0.4057	-0.7487	0.6326	0.4812	0.8973	-0.4622	-0.7727
-1.0796	0.7157	0.8333	-1.0317	-0.6480	0.4768	0.8992	0.2304	-1.4089	-1.9588	-0.4792	-1.5613	-0.8072	-0.2594	0.1507	-1.3642	-0.7817	-0.0986	1.1442	-0.2356	-1.1669	0.0199	0.0262	-0.0475	-1.4730	-0.9949	0.6587	0.1276	-2.3713	-1.1047	1.4961	-0.7333	1.3225	-0.3403	-0.5226	0.5948	-0.7632	1.4092	-1.6779	0.5834	-1.2523	1.3613	-1.3198	-0.0231	0.2523	0.1609	-0.5096	-0.1794	-0.6919	-0.3140
0.2090	-1.5072	1.5297	-0.4426	-0.2153	0.6727	0.7446	-0.7837	-0.7915	-1.1681	-0.4293	0.4195	1.2883	0.9125	-2.0036	-0.4718	0.3172	-0.1645	-0.1538	-1.0612	-1.3199	-0.0244	0.7874	0.5794	0.6870	-2.5179	-0.7128	1.1583	-0.1305	-1.4641	-0.7742	1.3526	0.8355	0.2989	0.7013	-0.6747	-0.1553	0.9419	0.2843	0.7438	0.9244	-0.3620	0.1325	1.1376	1.3127	0.5222	-1.6932	1.4152	0.3158	-1.4812
-0.1868	0.3326	-2.1417	-0.9401	0.2764	-0.3917	-0.9410	0.2723	0.9439	0.0984	-1.6393	-1.0488	-0.4016	-0.9943	0.7510	0.6449	0.2875	0.4303	-0.5171	0.1976	0.6540	-0.9786	-0.5914	0.2014	-0.0840	-0.6045	1.4077	-0.2986	0.7260	0.6983	0.6019	1.0737	-0.6111	-1.0470	-0.4997	0.7994	-0.3863	0.1839	-0.3578	2.1665	1.6777	0.2000	-1.7401	1.2238	0.2635	2.0107	-0.5189	-0.4369	-0.7951	-1.2387
0.5447	0.0580	0.5210	0.6928	1.1989	-1.3344	0.7903	2.1457	0.9761	0.9698	0.6230	-1.0795	-0.8241	-0.3821	-0.1439	1.0893	1.2656	0.0188	0.8065	-1.9423	-0.9079	-1.1850	-0.7914	-0.3861	1.0267	-1.2837	-0.1359	1.4525	-0.9364	0.1033	0.0879	1.0089	0.5144	-0.8481	1.7866	0.3008	-1.5903	0.5123	-1.8935	1.0241	-0.1854	0.1915	0.3724	-0.5522	0.1057	-0.9670	-0.2027	-0.2178	-0.4100	0.9385
-0.1870	-0.1749	-0.5265	0.8199	0.0182	-0.7558	-0.5292	-0.6981	0.2929	-0.5788	0.8294	0.2749	0.5077	0.6753	-0.2978	-1.0240	0.3259	0.5308	-0.2813	-2.2459	0.1279	-1.0103	-1.2203	-1.4798	0.3903	-0.8856	1.0952	-0.2101	1.1218	2.5247	0.5513	0.7009	1.1075	-0.8759	-0.9306	-1.3690	-0.1141	1.0674	-0.9446	0.0206	-0.2780	0.0461	0.8435	-0.0874	1.1789	0.6520	1.0981	1.1871	2.2566	-0.7899
-1.2248	-1.4258	0.9921	-0.4640	-0.1107	0.0654	1.0347	-0.7043	-1.6399	0.2218	-0.0752	-0.4082	-0.1693	-0.7568	0.2077	-2.4622	-0.0446	-0.8327	-0.2555	-0.3921	-0.3429	-1.8360	0.0702	-0.6144	-0.5047	-0.2204	-0.1741	-0.4745	-1.5345	-0.0010	-0.2560	2.7830	2.1863	0.6312	-0.0446	-0.6044	-0.5496	-0.5767	0.2838	-0.6036	1.0181	-0.5328	0.8424	0.8191	-0.8285	-0.0244	-0.6109	-1.0124	0.7563	0.7087
1.0419	-0.1072	-1.0965	-1.1603	0.0127	-1.1382	-0.1994	0.3683	-0.1612	-1.9119	-0.1634	-1.6087	1.1408	-1.2174	-0.3499	-1.3120	-1.8635	-0.3248	-0.5450	0.6237	-1.0232	0.0922	0.8245	0.1947	-0.9893	0.2092	1.0420	1.3003	0.5004	-0.4516	0.6839	-0.8800	0.1517	0.3055	-1.6966	-0.0980	-1.1111	-0.6878	-0.5717	0.3312	1.4717	-0.9236	0.9252	0.5294	-0.0780	-0.1603	0.7446	0.3482	0.3119	-0.5067
-0.2681	-1.2765	-1.1514	-0.6956	2.2619	0.6311	-0.4004	0.4452	0.0884	0.4636	-0.0703	2.7055	0.1321	-0.9346	-0.2865	1.4306	0.2464	-1.8375	-0.0915	-0.3647	-1.6602	0.6232	0.5018	1.9714	0.1856	-0.1940	-1.1186	0.9777	-0.3505	-0.0024	-0.7187	0.2751	0.2500	-0.3200	1.0878	-0.9686	1.1695	-1.3858	0.3244	-0.2340	-0.5578	-1.3453	1.1205	-0.2196	1.7076	-0.5910	0.0422	-0.3711	1.4110	0.1159
-0.2533	0.4779	1.6632	-0.6583	1.0550	-0.7854	0.9228	-1.4158	-0.7223	2.0397	-0.1755	1.2865	-0.1028	0.4953	-0.5201	0.9092	-0.2881	1.1356	0.1270	-0.9037	-0.7433	0.1866	0.7634	1.2858	-1.3291	0.4033	0.4952	-0.3027	0.2141	-0.3856	1.2870	-1.1184	-0.2356	-0.7601	-0.9793	0.5175	-0.8407	0.5810	-0.6596	1.3806	1.2644	0.3770	0.8317	2.0382	0.7967	-0.7912	-0.0093	-0.3640	-0.6837	-1.2652
-0.7577	-0.4454	0.5559	-0.6119	2.2939	2.1043	1.6007	0.1852	-0.8599	0.0530	0.0215	-1.4239	0.9740	1.1071	1.3200	-0.3568	-0.3237	1.1487	0.5257	1.1619	-0.7898	0.8454	-0.6563	1.3849	-1.4623	0.5672	0.6473	-0.0115	1.2776	1.7698	0.7690	0.0365	0.8382	2.5022	0.6433	-1.2508	-0.3989	-0.5904	-1.5815	1.8673	2.0670	-0.4083	-1.1692	-0.4778	-0.1073	-0.2644	1.0573	0.3209	-0.3756	-0.4822
-0.0794	0.2546	1.0345	-0.7748	0.3035	-0.6604	-1.6402	-1.1967	0.9825	-0.2260	-0.6965	0.2605	-1.8104	1.0497	-1.5670	-0.1885	1.0221	0.0337	0.1741	-0.5801	-0.7736	-1.0604	1.4052	1.2296	-1.0805	-1.4191	2.1584	-0.2205	0.4793	-0.9125	-0.5954	0.1731	-0.3432	-0.1294	1.0511	-1.4330	2.2225	0.1101	-0.4816	0.4715	1.0706	-1.9634	1.7418	-0.1172	-0.4079	-0.4352	-0.4414	-0.2037	1.2791	1.5258
-2.4285	0.4254	-0.4191	0.1029	-1.7212	-0.2360	0.2244	1.0390	0.8278	0.8204	-0.3650	-1.9938	0.8403	-0.4500	0.5690	-0.3078	-0.8591	-1.8119	-0.6046	0.4354	2.0004	-1.5010	-0.9127	-0.1466	-0.7015	-0.7443	-0.9914	-0.0678	-0.4433	0.7295	1.9565	1.2366	0.9265	-0.7157	-1.4118	-0.3413	-0.1945	0.2885	1.4311	1.4895	0.6932	-0.5925	-1.6618	0.7891	1.1701	1.4172	0.6993	-0.5875	0.6398	-2.0000
-1.7325	-1.2164	-0.2875	0.5839	0.5907	-1.1568	0.2198	0.0444	0.9181	0.5397	0.3012	1.2501	-0.7502	1.6033	-2.2126	-0.5687	-0.8846	-2.0785	0.1724	0.4725	-0.4934	0.9760	-0.9857	-1.3477	-0.6179	-0.4716	-0.2775	2.6747	-0.2659	0.9659	1.0013	0.0393	0.8342	-1.4080	-0.9548	-0.4285	0.5714	-2.9498	1.4269	0.7739	0.2410	1.0743	-0.3190	-0.1685	-0.3329	-0.4983	0.8850	2.4608	-1.1693	0.1545
0.1298	0.8393	0.4665	0.6479	2.3359	1.0919	-0.8686	-1.6503	-1.0066	-0.1268	0.5416	-1.3329	0.6204	-0.5783	-0.4742	-0.0287	-0.2382	0.0230	0.7175	-1.0307	1.0013	0.7030	-1.1738	0.9052	0.1541	-0.0649	-0.6510	-0.3174	-0.8661	1.2903	-2.1817	0.2681	1.3911	0.4523	0.2043	-0.2985	-0.8850	-0.5906	0.8559	-0.9904	1.2226	0.1897	-0.1219	-1.0537	1.0773	-1.7424	-1.0151	-2.5117	1.2179	0.0842
0.5697	-0.5653	-0.7220	1.2093	1.2634	0.0401	0.7256	-0.4832	-0.5350	0.5294	0.3669	1.2460	-0.3762	0.0242	0.6944	-0.0042	-0.4037	-0.9182	-0.1262	-0.1300	-0.2967	-2.0600	-1.0229	0.6992	0.6249	0.1170	1.7365	0.2895	0.0520	1.2312	0.1694	-0.0545	0.4457	-0.2784	-1.9182	2.1551	-0.4374	0.4138	-0.6107	-1.3711	-0.3140	-2.2366	1.2060	-0.4858	0.3559	0.7536	1.0266	1.2894	-0.0314	-1.2303
-0.3778	-0.2840	0.8416	0.6664	0.8716	-0.8399	-0.8825	-2.2347	1.1882	1.2200	0.3019	-0.6431	-0.4691	1.3310	-0.2956	0.1978	0.9645	-0.3404	0.9520	-1.3442	0.3890	1.4594	-0.9582	-0.9346	-0.3236	-0.6971	1.5812	-0.2539	-0.8569	-0.3229	1.1211	0.6782	0.3321	-2.4576	1.4573	0.4213	0.2351	1.0410	0.3614	-0.6432	0.5551	-1.1321	0.5722	0.8168	-0.5338	-1.1339	-1.4287	0.2751	-0.2063	0.2318
0.4979	-0.9508	0.8557	0.6784	-0.1186	0.6964	-1.0215	-1.6613	-1.4036	0.4990	-0.3616	-0.4978	-1.3393	0.8447	0.1502	0.8712	0.0313	1.3429	-0.3699	-0.9235	0.8637	-1.1535	-1.3308	1.2119	-0.5168	0.0965	1.6538	0.5554	-0.2025	0.4616	-0.0084	0.8065	1.2969	0.8121	0.8299	0.7418	0.5713	-0.4774	-0.1670	-0.4754	-2.2046	0.4913	-1.0886	0.5217	-0.3333	1.5855	-1.4865	-1.1474	0.3042	-1.8105
1.2994	0.0854	0.1334	0.5377	1.1449	-0.7567	0.5602	-0.2343	0.7416	0.6919	-1.7512	0.1527	1.8256	-0.4774	-1.8703	1.0165	-0.2671	0.9057	-0.4252	0.3730	2.4065	0.9967	1.5311	1.0883	-0.9612	0.0383	-0.7608	0.5349	1.3210	0.5184	0.7028	1.1392	0.4369	1.5196	-0.6010	0.5273	0.6456	0.5825	0.5334	-1.7913	0.7696	-1.7091	-0.2409	-0.0599	0.4437	1.5778	-0.3167	0.2773	0.8188	0.0594
-0.3002	0.1473	-0.8426	-0.2237	2.0058	0.3723	1.3427	0.6608	-0.5709	1.7012	1.9219	0.2085	-0.5380	-1.4511	-0.2683	1.4113	-0.4904	-0.0425	-0.9177	-1.0972	0.3580	1.1089	1.2508	-0.5681	-2.5870	-2.3959	-1.5008	-0.1115	1.3828	0.7260	-0.3056	-0.5085	-0.2004	-0.6947	-0.2378	-0.4262	-1.3783	-0.6919	0.2163	-0.7431	0.7794	-0.9678	-1.2561	1.4059	-2.9092	-1.1358	-2.4222	0.4311	0.4892	1.2348
2.2886	-0.0218	0.7646	0.3679	-2.0810	1.2668	-2.0172	0.2133	-0.8358	0.6064	-0.4826	-0.8913	-1.3909	-1.2152	-0.8699	2.3851	-0.8472	0.3300	1.2413	0.3454	-0.3341	0.2508	0.4865	0.9781	2.3502	-0.1801	0.0940	2.4728	-0.0477	-0.6628	0.0776	-0.7802	-2.2075	-0.1739	0.9741	0.9031	0.1669	1.8184	-0.2759	0.1721	1.1410	-2.2653	0.1152	-0.1636	-0.6371	0.3579	-0.6724	-0.1869	-1.3560	1.2806
0.4423	-1.7557	0.1996	1.4041	0.1290	-1.5031	0.8890	0.4627	0.2952	1.1467	1.0004	-0.3224	-1.0543	0.6002	-0.2230	-1.6098	-0.0583	-0.7540	-0.9372	-0.8855	0.1435	-0.3451	0.3574	0.9043	-1.3376	1.7486	-0.2338	1.5333	0.9657	-1.2027	-1.9671	0.0831	1.7093	0.4770	-0.3552	0.3229	-1.1052	0.0582	0.6143	-0.9254	0.0156	-0.3126	-2.3614	-0.4545	-0.4716	0.6746	-1.6797	-0.8497	0.4749	1.9752
-0.4869	0.2819	-0.8174	0.7650	-0.2114	-1.1237	-1.2469	0.0190	-2.4839	0.4646	0.5054	0.2304	0.1784	-0.9355	0.1133	-2.3747	1.0770	1.9753	0.8250	-0.6059	-0.0840	-0.0443	-0.4680	0.1845	0.2375	-0.9861	0.0635	0.6580	-0.6909	0.9392	1.4237	-1.1613	0.6772	1.1783	0.2167	1.6616	-0.2276	0.5261	0.1313	0.6196	0.2581	1.0729	-1.0677	-1.0638	-0.0700	0.2310	1.0661	-1.8213	-2.5251	-0.0970
0.5778	-1.3358	-0.0589	-1.4409	1.3481	-1.3570	-0.4510	0.3108	-0.8583	-0.7118	-1.2093	-0.1265	-0.7811	1.3078	0.5537	-0.2554	-0.3361	1.8224	-0.1090	0.0980	0.9581	-1.2897	-0.6849	-0.4801	0.2785	-0.9699	-0.5469	-0.2442	-1.6990	-0.5889	0.0476	-0.5305	-1.0489	-0.9081	-1.5722	2.3349	-1.6635	-0.8874	-0.8055	0.2506	2.3938	-0.1944	-2.0928	0.5421	0.4460	0.7079	0.2425	-2.1983	0.2120	1.1875
0.5765	-2.6805	-0.8850	0.5045	1.3585	0.1379	0.4881	-2.1451	0.4829	-0.7853	0.7413	1.0347	0.9445	-0.0659	-1.1099	-0.0353	-1.3614	0.5597	1.6099	-0.0225	0.1840	-1.2801	-0.8270	0.0414	-0.8592	-0.7552	0.4396	1.5504	0.1160	1.1672	-0.5725	-1.4885	0.2844	-0.3483	1.0879	0.3680	0.5591	1.8458	-0.4185	2.1970	-0.2000	1.0166	-1.2249	-0.1937	0.3569	0.6350	0.3372	0.6442	0.7445	-1.3361
0.4218	-0.3940	0.2673	-0.2383	0.8740	-0.5300	-0.5119	-0.5088	-0.0165	0.1045	-0.0423	1.1307	-2.3945	0.6306	-0.1527	0.2879	2.6552	0.8926	-0.3277	-0.1552	1.0160	1.2815	0.3598	-1.0917	1.0577	-0.9294	-0.0994	0.6425	0.1155	-1.1571	-0.0043	0.1609	0.6605	-0.0863	0.5191	-0.5951	-0.3206	0.1529	-0.5909	1.1046	2.1124	0.3171	0.7053	0.1058	-0.7450	-0.1257	0.4831	-0.4863	-0.7554	2.3066
0.5869	-0.0261	1.1190	0.4898	1.2997	2.0097	-0.2794	0.5618	-0.2665	-0.2992	-0.1025	-0.1531	1.0225	-0.2850	1.3113	-0.4793	0.5364	-0.4267	0.0023	-0.4161	0.7043	-0.8257	-1.0289	0.2611	2.2752	1.6973	-1.1003	-0.4667	0.4145	1.0344	0.2386	-0.0438	1.3653	1.7686	0.0002	0.0481	0.4732	0.9283	1.5291	0.4268	1.8579	-0.1979	-1.6571	0.0205	0.3999	-0.9369	1.5053	-0.8763	1.4362	0.4270
0.0467	1.9246	0.9350	1.0333	1.0038	0.7273	-1.4605	-1.4220	-1.1225	-0.4071	0.7869	2.1160	-0.0592	-0.5022	0.0414	0.9154	-1.0837	0.1973	0.2965	-0.6457	-1.0764	-0.4040	-0.8157	0.5638	-0.8048	0.4278	2.2620	0.0258	0.1080	-0.1464	-0.4017	0.8192	0.3213	-0.0565	0.8941	-0.9750	1.2420	-0.0333	1.0581	-0.2544	-0.5339	-0.5306	-0.7439	0.0531	1.7234	-0.4605	0.6319	-0.8124	2.0292	-1.2605
0.5833	-0.7029	-0.4550	1.2318	2.0496	0.1301	-2.0547	-0.1565	-1.5435	0.1059	-0.4143	1.1297	-0.8498	-1.3346	-0.0706	3.9700	-2.2102	-0.9238	0.1736	-1.2232	-0.2957	-1.2588	0.6333	1.8671	0.3523	-0.7545	-0.1246	-0.1725	0.8099	-0.2567	1.6176	-0.8717	-1.5567	-0.6306	0.3253	0.6387	-0.0927	-0.9194	-0.0584	0.5098	0.7162	-1.4579	0.2487	1.1380	0.4918	0.6216	-0.9229	-0.7384	2.2591	0.4927
0.5306	2.1328	1.5213	0.1032	-0.3314	0.1923	-0.3428	0.2854	1.0524	0.8454	0.2090	1.1672	0.1392	1.0235	-0.1122	0.9663	-0.3990	0.6989	-0.9397	0.1205	0.9382	-1.8279	-0.0693	-0.6810	0.2486	-1.0294	0.2465	0.2743	-0.1248	-1.9222	-0.2162	0.2179	-0.6824	-1.0167	-0.1654	1.1863	-1.8178	1.2470	1.7058	-1.1694	0.5232	1.4093	0.3897	0.6711	0.1118	2.4040	-0.5210	-0.3852	1.3690	-1.4797
0.2585	-0.5384	-0.3414	-2.7813	0.0013	0.4833	-0.5239	-0.1483	1.1881	0.4473	1.2684	-1.0342	-0.7597	1.2340	-0.0205	-0.5195	-0.9215	-0.7168	0.0710	0.1744	0.2910	0.3675	-1.0198	0.2394	0.2734	-0.4844	0.3616	-0.3984	0.6544	0.6970	-0.7409	0.3295	-0.9541	0.9260	-0.8179	-0.4975	0.9079	0.0566	0.3650	-0.7875	0.7273	-0.4260	-0.0237	-0.0289	-1.8139	-0.1006	-0.5531	-2.4060	-0.7801	0.4737
-0.1380	-0.9330	-1.1023	-0.7310	0.5200	-0.6962	-0.3692	0.8530	0.5966	0.5926	-0.1546	0.8082	0.8111	-1.2196	0.0473	0.4569	1.6644	-0.7378	0.6444	2.3803	-0.1477	0.8269	-0.5962	0.6974	0.1875	0.6488	-0.0934	-1.0325	0.5149	0.0184	-0.8815	0.4251	-0.9045	0.8733	-0.5609	0.5547	-0.3923	-0.2646	-0.1033	-1.9465	0.9098	-1.2302	-0.5871	0.0490	0.7383	-0.2765	-0.7367	-0.6455	2.0833	-1.2962
0.0696	-0.4471	0.5726	0.7331	-0.1196	0.4656	2.2409	0.1105	-1.2840	-0.6765	-1.8146	-0.1171	0.1414	-0.9883	-1.3206	0.2635	0.4562	-0.8996	0.4496	-0.4610	1.6362	-0.3327	0.3688	-0.2771	0.2997	-0.4516	-1.7252	-0.4123	-0.0939	0.2075	-1.5913	-0.2005	0.5460	-0.4278	1.4521	1.2356	0.8394	-0.7936	0.4612	-0.8759	-0.3784	-0.2483	0.0607	-0.0086	-0.7673	0.5055	-2.3971	0.4060	-1.2286	1.0522
0.8739	-0.6671	1.3724	0.8741	0.5906	0.0899	1.0729	-1.0704	0.6372	0.0915	-0.7798	-0.5948	-1.8571	-0.6981	1.0064	0.7224	-0.5302	0.9591	-0.1865	-1.1568	-0.7287	0.7714	-0.5271	0.2584	-0.6199	-1.9441	1.4256	0.1005	0.4787	0.1943	-0.1974	0.5692	-1.3361	0.1591	-0.6385	0.6125	1.1755	1.7872	-1.8812	0.4689	0.2007	-0.9652	-0.7625	0.5498	1.3011	-0.3585	1.5475	-1.8579	1.6729	0.1019
0.1910	-1.3111	0.2648	1.5594	-0.2755	0.1201	-0.5948	0.4937	0.9912	-1.6464	0.7659	-1.3209	1.7495	-0.6256	-0.3837	-0.3664	-0.8040	0.5308	0.5740	-0.6872	-0.8018	1.8517	0.3747	0.7086	-0.6518	0.9585	0.6927	-2.2753	-1.9999	1.2073	-0.9515	0.9535	1.2064	-0.5722	0.7952	-0.8992	-0.5281	0.3653	0.0527	0.0879	0.3104	-1.1526	-0.5133	-0.1908	0.9647	0.7855	-0.2652	1.0290	0.2790	1.4999
1.1803	-0.7487	1.0561	-0.3801	0.6738	-1.5198	0.3374	1.8761	0.0760	-0.7132	-0.0874	0.4411	1.4312	0.1910	-0.5214	-0.1334	1.4209	0.2976	-0.4254	-0.7034	1.2763	0.0388	-0.5955	-0.5189	0.6787	-0.4165	-1.1516	1.5277	-1.5829	0.2061	-0.0287	-0.1500	-2.5325	0.0484	-0.6963	1.3649	-0.9898	0.8908	0.7415	-0.2012	-0.4532	0.8180	0.7205	1.0749	0.3589	0.2174	0.1254	-0.6670	-1.8211	1.7960
1.2403	1.0188	0.4565	-0.6939	0.0128	1.0872	-1.3255	1.0353	0.5394	0.4799	-0.9760	0.2863	-0.1219	-0.3572	0.6411	-1.0357	0.2784	0.2283	0.0396	0.2280	0.0607	1.3923	0.3917	-0.4809	-0.1786	0.5608	1.0500	1.1609	1.1499	0.1955	1.6469	1.5289	-0.1855	0.5719	-1.9585	-0.0166	2.5020	0.9583	-0.0129	1.5356	-0.1330	0.1463	0.1663	-0.5583	-0.6002	-2.5456	-0.9727	2.8024	-0.0405	2.5344
-2.4813	0.8926	-0.3403	1.5170	-1.4709	0.5661	-0.8467	-0.9828	1.3161	-1.5736	1.0653	-1.3627	0.1638	0.2879	1.6486	-0.0925	-2.2972	-0.4177	-1.1918	0.3215	-0.4498	-0.0288	-1.9745	-0.1251	1.8282	0.1188	-0.9950	0.4267	1.2261	-1.6978	-0.6593	1.5933	1.0331	1.8144	-1.1340	-0.5845	-1.8231	0.7533	-1.0499	1.7384	-0.8504	0.4096	-0.5638	0.2943	-0.2326	-0.8346	0.2765	-0.2753	-1.0744	0.4849
-0.6745	0.3810	-1.0947	-0.3381	-0.0549	-0.2814	0.5266	-0.1759	-1.1624	-0.2118	-0.2320	0.4276	-1.5496	0.4227	-2.5633	0.6316	1.3016	-1.1712	1.2974	-1.0739	0.1298	0.7919	0.2969	1.2409	-0.4895	-0.6284	-0.7710	2.8784	-1.4122	-0.5182	0.5771	-1.9333	-0.2838	0.2252	-0.5987	0.3925	0.4790	0.1510	1.1353	0.3876	-0.3615	0.4216	0.3367	0.6485	-2.1866	0.9108	1.4183	0.1570	0.9573	1.6567


