
X1	X2	X3	X4	X5	X6	X7	X8	X9	X10	X11	X12	X13	X14	X15	X16	X17	X18	X19	X20	X21	X22	X23	X24	X25	X26	X27	X28	X29	X30	X31	X32	X33	X34	X35	X36	X37	X38	X39	X40	X41	X42	X43	X44	X45	X46	X47	X48	X49	X50
-1.0349	1.5804	0.6483	-0.2409	1.9711	-0.2330	-1.0897	-0.0022	-0.4332	-1.0891	1.6692	0.6741	1.0737	-0.1902	1.3897	-0.2727	1.4530	0.3513	0.0953	0.6612	1.2135	-0.0265	0.1038	1.0543	-0.9534	-1.1387	-0.3619	-0.8227	0.3592	0.6800	-0.6354	-2.9167	0.6912	-0.8489	0.1236	0.6156	0.3450	1.7498	0.8277	-0.1165	-1.0376	-1.3781	-0.8229	-0.6917	0.4677	1.8245	-0.3240	0.9200	-1.5308	1.1746
0.1174	-1.6166	-0.3885	-0.4414	-0.3100	-0.2627	-0.3685	0.4143	1.0167	-1.0126	0.6410	0.1634	0.7453	-2.4332	0.3290	0.2084	-2.0872	-0.1222	0.2317	-1.0771	1.3847	-0.0191	-0.5755	1.0052	0.0963	-0.0689	0.8609	1.0126	0.2951	0.1352	-0.8704	-0.2541	1.4187	-0.4973	0.0519	0.1239	0.3907	0.1520	0.3667	-0.3981	1.8940	-0.3505	-0.3371	-1.2361	-1.0414	-0.3789	-0.2565	0.8120	0.5798	-1.0150
-1.5512	-1.2264	-0.1585	-0.3631	-0.5977	1.8196	-0.1916	2.2816	0.6424	-0.5524	-0.4303	0.8553	-0.9909	-1.6385	-0.8509	-0.3896	0.5996	-1.4488	0.7790	0.1047	-0.7073	0.0302	0.4003	0.3999	1.5108	2.4003	0.3304	0.4211	-0.0102	0.4441	0.2847	1.2957	-1.0698	0.1146	-0.4021	-2.8104	-0.2633	0.5834	-2.6702	-1.1109	-0.2775	-0.5311	0.4192	1.0431	1.7985	0.1383	1.7539	-0.0555	1.2757	1.0974
1.7847	-0.8453	1.3164	-0.6966	-0.0389	-1.1851	-0.8833	1.9431	0.1658	0.6956	0.6224	0.2553	-0.6107	-0.5901	-0.4618	0.2176	-0.0905	-0.4775	-0.2823	0.7265	-0.5994	0.6509	1.7189	-0.2324	-0.5012	1.0076	0.4480	0.6731	-1.2363	0.4801	1.7270	2.1387	-0.7124	1.8706	0.3172	1.0600	0.4606	0.1773	-0.5592	-1.0564	-0.7462	0.3970	0.0355	-1.1494	0.2696	-0.7049	-0.3579	-0.0258	0.7420	0.4307
1.4622	1.8989	0.6335	0.2478	-0.5967	-1.1240	0.7277	-0.9945	-0.2861	0.2654	1.3614	1.7927	1.3531	1.9333	0.5669	-0.0370	-1.5176	-0.2644	-0.9688	-0.8317	-0.7181	-1.3635	-0.3087	-0.1426	-0.0084	-0.1086	2.1434	0.5812	-0.2039	0.7770	0.9497	-0.9399	-0.0963	-0.0732	0.2930	-0.9350	0.4240	0.1773	-0.2781	2.0128	0.4784	-0.0040	-0.4987	0.5436	1.1323	-0.1793	0.2526	0.8218	0.9503	-0.3252
0.1988	-0.6385	1.6067	0.9073	-1.4399	0.7477	0.9870	-1.2185	-2.6976	-0.1218	-0.0040	1.3132	1.1036	-1.8131	-0.7217	-1.6310	1.4601	-0.6483	0.2021	-0.7552	-0.0994	-0.9113	0.7103	2.3079	-0.1364	-0.8429	0.9526	0.2183	-0.0178	0.0643	-0.4135	0.1922	0.8485	1.2760	0.5175	0.8840	-1.1323	0.4205	-0.9292	1.8709	1.5800	0.2208	1.5643	-0.0903	0.8672	-1.4841	-0.9421	0.0159	-0.8553	0.5513
-0.4491	0.5397	-0.1994	0.6589	0.0833	-0.7705	-0.4441	0.2851	0.1270	2.2655	-0.1336	0.0889	0.2837	0.2233	0.9248	0.7035	0.7767	-1.1953	-1.3832	0.3976	1.7086	0.8302	-1.1412	-1.5296	-0.3848	0.0217	-0.4139	-0.2984	-0.2042	-1.1824	0.4522	0.4807	1.7318	-0.5349	0.9505	-0.1749	-0.4765	-0.8776	-0.3756	1.0864	-0.1011	0.0964	0.1440	1.0256	0.1175	1.1314	1.6604	0.1545	-0.3638	-0.2430
0.9602	2.3212	-0.9012	-0.6493	0.1822	0.1418	1.0335	0.6185	-0.3233	0.3922	-0.5126	-0.2898	0.6145	-0.9814	-0.2157	-0.1300	0.1618	0.4820	0.9695	0.4042	0.2605	1.3880	0.7453	-1.0967	-0.2059	-0.7868	-0.8129	0.1295	-0.1458	0.6340	1.4203	-0.0192	0.2411	-0.1767	0.3496	-0.8215	0.0710	0.4608	-0.3603	0.4747	-0.4329	-0.6215	-0.2193	0.6277	-0.1988	-0.0782	-0.0997	0.1450	1.0658	-0.5963
-0.1182	1.8858	2.4238	0.9225	0.3171	1.7953	1.6772	-0.0866	-0.0156	2.9707	0.7540	-0.7132	-0.5691	0.9770	-1.4367	-0.1685	1.1096	-0.4562	0.4547	-1.5583	0.6290	-2.0159	0.1746	-0.5084	-1.3186	2.4192	0.4408	0.1107	-0.2979	-0.4752	0.4570	-1.4477	0.8312	-0.0207	-0.0196	0.4209	-0.0842	0.0337	0.0038	0.3885	-2.1585	-1.3062	1.5800	-2.1008	-0.5748	0.6073	1.0310	1.2869	0.1170	0.3941
-0.9399	1.7942	-0.2836	-0.0654	-2.3174	1.0052	0.6758	0.3386	0.2706	-0.4011	-0.1670	0.3924	-0.1293	-0.5696	0.0808	-1.2519	-1.2069	-1.9076	-0.9821	1.2245	-1.3298	-1.3202	1.9492	-0.3580	0.1894	1.0519	-0.3528	-0.5147	1.2151	-0.9985	-0.9745	0.0469	0.7958	-1.8223	-0.0376	-0.2141	-1.6265	-0.2379	-0.9488	0.7639	0.6371	0.2226	-1.6715	-1.0253	1.6833	0.1187	-1.2429	-0.6668	1.2615	0.2952
-2.4905	0.4199	0.0622	-0.3175	-1.6322	-0.1419	-1.0253	1.2265	-0.5453	0.2272	0.9455	-0.4699	-1.4587	-0.1185	-1.7826	-0.3829	-2.3049	1.1112	0.6202	-0.5110	-0.9254	-1.2314	1.0908	0.3240	-0.1396	1.1632	-1.5078	-1.7439	-0.9006	0.7056	-0.6810	0.6721	0.8918	0.6352	-1.7958	-0.3131	0.9173	-0.3182	0.2409	0.3249	-0.9703	0.0070	-1.3806	0.7681	-1.1682	0.4396	0.9064	-1.3114	-1.3916	-0.4353
0.0642	-0.1577	0.1137	0.6892	1.2672	0.5446	1.0204	0.0281	-0.3632	-0.5238	-1.6078	0.0518	-0.0546	0.3297	0.8746	-1.5225	0.9758	-0.2007	1.5882	-1.7106	-0.3779	1.0046	0.1277	-0.1922	1.3016	0.9567	0.0748	1.0614	1.7977	1.7278	-0.8937	1.7936	-0.4133	-0.6223	-0.0219	0.1103	1.1170	1.0622	-0.4498	-0.6711	-0.9620	0.3501	-0.8276	0.5389	-0.4607	0.4810	-0.9403	-2.0067	-1.1837	0.0940
1.1241	-1.5287	-1.7774	-0.7447	0.1390	-0.1080	-0.7493	-0.2577	-0.4216	0.3659	1.1756	0.3975	-0.6024	1.7303	-0.0648	-1.1557	-1.2448	0.0331	-0.3852	0.3611	0.0779	0.7452	-0.4303	-0.2316	-0.7305	0.3085	-0.0962	-2.6389	0.0561	0.2168	-0.3104	-2.4888	0.9860	0.2588	1.1698	-0.6335	-1.0576	0.6909	-0.4669	1.0325	0.1823	-0.3703	2.4245	-1.7130	1.1581	1.2843	1.0066	-0.5039	1.0595	-0.0150
1.7511	0.2462	0.9975	-0.0351	-0.1537	-0.2578	0.0515	-2.6632	0.2382	0.2103	-0.8820	-1.5591	-1.6322	0.6950	1.0234	0.7821	-0.1440	-0.2812	-0.0628	0.8674	0.1391	-0.4491	-0.8276	-1.2944	-0.7962	-1.0116	0.7907	-0.3756	1.2276	-0.9447	0.2708	0.6821	1.0698	1.7996	1.1020	-1.4830	-0.8912	1.2429	2.2527	0.3753	-0.0058	0.9836	2.0226	-1.7764	-0.2506	-1.3177	0.1967	0.9584	0.3212	-0.3717
0.8701	0.9311	0.1619	0.7704	0.0188	0.0409	-0.5581	-0.9031	-0.1237	1.6446	0.6755	0.5939	0.6702	-1.0685	0.5239	-0.4931	1.0474	-1.0494	0.0403	1.0524	-0.5407	-1.7826	0.1312	0.0994	-0.6109	-0.7346	-0.9985	1.9702	-0.3055	0.0159	0.6527	-0.1854	-0.8288	2.3416	-0.6867	0.2718	-0.6416	-0.7464	0.3570	-0.8812	3.1434	-1.1073	-0.9027	-1.1956	-0.1835	-0.1185	-0.2943	2.1383	1.3933	0.3553
0.3109	-1.8388	0.9382	0.7082	1.0910	-0.8464	0.2521	-0.0513	0.5834	0.0088	0.0175	-0.4032	-0.3579	0.1385	-0.1635	0.3584	-0.0856	-0.0339	0.9336	-1.2218	1.0659	-0.6724	0.1173	-1.1154	-0.0042	-0.5006	1.0079	-0.8269	0.3099	-1.1083	1.1677	1.3843	0.5887	0.2324	1.3016	-0.6191	0.2512	1.4929	0.6119	0.1053	-1.0211	-1.6119	-1.1734	0.5821	-0.5571	0.7479	-1.1930	-0.4823	-1.0357	0.0109
0.9663	-1.4444	-0.7263	0.9544	0.1796	1.5689	-0.3271	-0.2720	0.0243	-0.4206	0.3272	-0.2226	0.9179	0.8224	0.2179	0.2452	0.7723	0.7734	0.3431	0.6654	-0.2430	0.6229	-0.4875	-0.4618	0.7083	-0.2545	-0.1432	2.4724	-1.6497	0.6968	-0.9575	-0.2853	-1.0219	0.1754	-1.4811	0.4874	-0.3432	0.0211	-0.0899	-0.2669	-0.9505	0.2465	-1.6237	-1.2207	1.0400	-0.5054	-2.2089	0.4355	-0.2129	-0.6220
0.6079	0.1124	-0.9626	1.3661	0.1423	-0.1922	-0.0299	-3.2217	-0.2143	-0.1823	-0.9169	1.0636	-1.4731	2.1977	-0.4231	-0.7886	0.4954	-0.1958	-0.2590	-1.0752	2.8300	-0.7207	-3.6043	-0.2843	0.3331	-2.2524	0.9482	-1.1925	0.5362	1.6797	0.2094	-0.4785	-0.0958	-0.1112	0.2060	0.2294	1.6565	1.8567	1.1929	-0.3977	0.2522	1.1825	1.0867	0.9647	0.7460	-1.0573	0.7342	0.8021	1.1185	-0.8439
-0.3220	-0.6226	-0.5013	0.6922	0.5202	0.5552	0.0560	0.2009	0.3890	-2.5680	-0.4983	-0.0162	0.5610	-0.4184	0.4675	-0.4576	-1.2478	1.3041	-1.9344	-1.0489	-0.0453	0.6498	1.2333	0.6263	-0.4678	-0.2173	-1.5542	-0.4083	-0.5031	0.4086	-0.6529	-0.2324	-1.8562	1.5971	-1.1949	1.8434	1.9075	-0.0142	-0.9665	0.7025	0.7095	-0.4191	-0.2555	-0.6005	1.2357	0.0853	-0.4276	0.2891	-1.3081	2.8411
-0.8304	-1.5207	-2.0316	1.4006	-1.1049	1.0799	-0.4805	-0.2072	1.6226	2.1809	-0.3414	0.4711	-0.8388	0.1998	-1.1276	0.0236	0.6907	1.4421	-0.1900	-0.3372	-0.4310	0.9750	0.7567	0.3655	0.4315	-0.3903	-2.3322	1.3174	1.0740	-1.1813	0.5015	0.6834	-0.7457	-0.9267	-1.0937	-1.8803	0.5856	1.4076	-0.7184	1.8594	1.2851	-0.5154	-0.0454	0.4967	0.0109	-0.2941	0.0853	-1.2853	-0.4713	-0.5988
-1.4130	-0.6424	0.6772	0.1681	-0.7970	0.7208	0.0547	-0.0799	-0.4410	0.2207	-0.2305	-0.3529	0.4957	-1.1278	0.8894	0.9565	-0.6986	0.0792	-0.1035	-0.3115	-0.7698	-0.4981	2.6442	0.9976	-0.4031	0.6100	0.5304	0.1479	-0.3649	0.9808	-0.8636	-0.2499	1.6063	-0.3171	0.8836	-0.0159	-0.3459	0.4284	-0.2267	0.0493	0.1357	1.4080	0.9940	-0.4669	0.3822	-0.6691	-1.5838	-0.0291	0.3170	1.9556
-0.7530	0.5540	-1.8069	0.2369	-1.2289	-0.6811	0.3689	1.7842	0.0275	-0.4328	-0.8360	1.2784	0.9747	-1.0444	1.3866	1.6908	-0.3725	0.4150	-0.5347	-0.1144	2.0749	-1.9012	1.2512	1.3608	-0.0222	-0.5714	2.0252	1.3366	1.2420	2.3235	0.0961	1.2000	-0.2205	0.8135	-0.3916	-0.5649	1.3451	-0.4554	0.9731	-1.6437	-1.4335	0.0647	0.6067	-0.9515	0.8863	0.2350	-1.0100	-1.0430	-0.1872	0.6074
-0.2945	0.4859	-0.9597	0.3401	0.5170	-0.1240	-0.7906	0.9554	-0.0944	-0.0912	0.2586	0.6073	-1.0558	1.9618	0.4285	0.1677	0.1956	-0.7954	-0.0065	-0.1403	-0.6798	-0.8326	0.6216	-1.1963	2.7486	1.6664	1.3023	-1.3936	-1.2504	1.5117	-0.4169	-1.0829	0.8572	-0.3339	0.0324	-1.3890	0.4473	-0.1159	0.3854	0.5722	-0.2713	0.6443	1.9691	1.1207	1.7007	-1.4737	-0.4791	1.5776	-0.8156	-0.8450
0.8771	0.0443	-0.4159	1.0083	-1.2592	-0.7330	-1.4198	-1.7374	1.6313	-0.7237	-0.5377	0.6338	-1.3713	0.7066	-1.8560	0.8555	-0.6684	0.3958	0.1601	0.7645	-0.5901	-0.2541	2.2395	1.6331	-0.6546	0.5103	-1.0858	-0.3569	-0.1733	0.0163	0.5190	-1.3516	0.0483	1.2571	1.0824	0.8084	0.1614	-0.7771	-0.4229	-0.3154	0.2026	2.2575	-1.5245	1.3227	0.2703	0.5679	0.1655	-0.5456	-1.1422	0.3270
-0.0371	0.5359	-0.1677	-0.7772	-0.0578	2.6919	0.1155	0.3037	1.2799	-2.1319	-0.6694	-0.6290	-0.8948	-1.0936	1.4189	-0.1164	-0.1664	-1.4335	1.2889	0.5479	-0.7189	-1.2061	1.2026	2.1270	-1.4223	1.2143	0.1819	-0.2432	0.7265	-0.3034	-0.9495	0.0308	-0.0479	-0.1611	-1.4807	0.6804	-0.5273	0.7090	0.7671	0.8831	-0.4564	-0.1961	1.0070	-0.2024	0.8161	-0.0472	0.6636	-0.2553	0.3965	-1.9550
0.0335	0.0588	-1.5935	1.1033	0.9393	0.5068	0.0062	-0.6315	-0.3965	1.4706	-1.8663	-0.1326	-1.2629	0.0564	-1.0336	-1.1353	0.3786	-1.0125	0.2609	-0.0611	1.1007	1.3991	0.2183	-0.3581	0.4712	0.4858	0.5793	-0.4080	0.8087	-0.5036	-0.0229	-0.2692	1.0142	0.1927	0.3694	1.0658	-0.2036	0.4890	-1.5001	1.1801	-0.0910	0.1578	-1.1742	0.0665	0.7574	0.3627	-0.5362	-0.5450	-1.7351	0.8097
-0.4708	-1.3437	1.2008	-0.8309	-1.9870	-1.1695	1.0160	1.1411	0.0736	-0.0684	0.5780	-0.9395	-1.3502	-0.7548	1.4576	-0.9659	1.8278	1.2741	0.3688	0.3325	0.5933	0.5388	0.8265	0.7834	-0.4121	1.6248	-0.3058	-0.1438	1.2947	-1.3479	-0.9914	-0.6952	-1.6423	0.5652	-1.9054	-1.2685	-1.3784	-0.6694	-0.0284	-0.6212	0.6473	1.3685	-0.1301	0.4696	1.2356	0.6752	1.5596	-1.7820	-0.4670	-0.6445
1.0562	-1.9223	-0.9676	0.9792	0.2043	-2.7260	-0.8770	0.1142	-0.0836	0.6898	-2.4279	-0.2097	-1.8467	1.2919	1.3637	0.1751	0.1984	0.2102	-0.5840	-0.0238	-0.2571	-0.7746	-0.4968	0.6710	2.6986	-0.6077	-0.5574	0.6449	-0.6438	0.0797	0.6075	-0.6415	-0.4794	-0.4294	-0.8092	1.2594	2.4897	-0.2341	0.7249	1.0657	-0.5583	-1.5226	-0.4175	1.2248	-0.7987	-0.2139	0.4500	0.1634	1.3204	0.3565
2.1514	-0.6543	-1.3468	-0.2911	0.7583	-0.7108	0.1990	0.6784	0.3773	0.8661	0.4086	0.7458	0.9745	0.0233	1.1203	0.3660	0.1005	-1.0524	-1.2441	0.6114	0.1296	-0.8367	-0.3573	-1.0359	0.5748	-0.6214	0.4981	0.4609	-0.4097	1.1870	0.2664	0.5714	0.2586	0.2520	-0.1535	-1.9805	-0.2155	-0.0766	-0.5828	-0.4850	-1.5749	0.9221	0.4088	0.8325	0.3310	-0.1187	0.2817	0.7304	0.3633	-1.0794
-0.2339	-2.0003	-2.3875	0.1377	1.4766	0.8817	-0.0847	0.7703	0.1154	-0.6377	-0.2856	0.5879	0.6423	-0.3060	-1.4054	-0.0262	-0.2372	-2.1399	-0.2386	-2.0888	0.8188	0.7744	-0.6416	-0.0935	-0.5536	-0.4766	-0.6596	-0.3656	1.7672	0.5778	-0.8009	1.6083	1.4308	0.2239	-0.8153	-0.0677	-0.4385	1.0327	-0.7392	2.3617	-0.2545	-0.3286	-0.5771	-0.0379	0.3468	0.1149	0.0798	-0.0003	-1.0864	-0.5151
0.2442	1.0632	-0.0288	-0.7640	0.6635	-0.6939	-1.5112	-0.2189	0.5388	-2.3313	-0.2640	1.5118	0.5146	1.5131	0.3861	0.9128	-0.0908	-1.6819	1.3118	1.8042	-1.0365	1.2263	0.7897	0.7060	0.1548	-0.6245	0.6959	0.2516	-1.2532	-0.2136	0.4557	-0.7833	0.8693	-1.3366	1.3483	0.7071	-0.2297	0.7042	0.4216	-0.7691	-0.9327	1.9507	1.0078	-1.6466	-0.6599	0.9456	-1.6645	2.1783	0.4997	1.2178
0.1522	0.7849	-0.1008	-0.7134	0.4025	0.4285	-2.0507	0.3446	0.6809	0.6430	0.8525	-0.0943	-0.7896	-0.9983	-1.1142	-0.2840	0.7860	1.2288	1.2789	-0.5027	-1.6307	0.6494	0.6909	0.1799	1.7096	0.0641	-0.6001	0.5840	0.3413	-0.0449	1.1035	-0.1601	-0.4583	1.5826	-0.5258	0.1966	-0.9395	-2.2673	-0.6330	1.0426	-1.4404	-1.6243	0.0059	-1.7351	-1.7196	-1.2007	-0.0421	0.5544	-1.1237	0.9070
0.1498	-2.0673	-0.4100	0.5268	-0.5715	-0.9448	0.7603	0.1010	-0.9789	-0.0641	0.1280	-1.5989	0.7238	0.7324	-0.3083	-0.6485	-0.4439	0.0801	0.2747	0.1102	0.4165	-1.3286	0.6879	-0.8228	1.4965	-1.0248	-0.3019	-1.2083	0.7036	0.0242	-0.9966	-2.1630	-0.5273	0.3802	0.8580	-0.0286	1.1448	-1.5706	-0.1014	1.1261	0.1477	-0.4222	1.0650	0.8275	-0.3180	1.0968	-0.1013	-1.3468	-0.3038	0.3472
-1.9298	1.3752	-1.3608	-0.8885	-0.7930	-1.1036	0.3400	-0.5648	-0.9800	-0.0447	2.2282	-1.2723	2.1699	-0.8693	-0.2981	-0.2372	-0.2621	-1.7308	0.9940	0.8683	1.6466	1.4398	0.3057	-0.9340	-0.6090	0.0777	-0.1800	-0.8438	0.1978	0.4166	-0.0723	-0.3300	-0.8958	-0.1091	2.1487	1.7677	-0.1261	1.2503	-0.3816	0.4577	-0.2006	0.9119	0.2916	1.7401	-1.1653	-0.2356	0.0481	-0.6673	-1.6666	1.6864
-1.2566	1.0030	-0.5885	0.2743	0.0540	-0.1425	-1.4093	-0.1070	-0.7010	-0.5772	0.4535	-0.2270	0.3162	0.4670	-0.5399	-0.5711	-0.9731	0.1527	-0.3876	0.0815	0.6429	-0.6267	2.2694	-1.4955	1.4274	-1.0085	-0.0959	-0.8760	0.5933	1.3331	-0.4570	0.1899	2.0814	-0.7050	-0.2375	-0.6388	-1.1533	-0.3827	0.5791	-0.3085	1.0175	0.6646	0.0416	-3.3076	-0.2461	1.5730	0.0900	-0.0032	1.3136	-1.7590
-0.3815	2.2463	-2.0474	0.2264	0.0149	-0.3826	0.2308	1.3454	-1.5931	0.1366	0.6455	1.7133	-1.0766	0.4817	-0.6569	0.6314	-0.4581	0.2570	1.6861	-0.3622	1.3867	2.2676	-0.3924	0.3591	-0.5466	-1.5761	0.6545	-0.8488	-0.8161	-2.1272	-0.4690	-0.3666	0.1469	-0.2543	0.0547	-1.1689	0.2018	0.3276	0.4370	-0.1021	-0.6349	-0.6152	1.1989	-0.6647	-1.4967	-1.1595	-1.7378	0.7962	0.5403	-0.3502
1.9199	0.6815	0.2837	-0.5061	-0.1397	0.3983	-0.1690	-1.2180	0.1986	0.3761	-0.6050	-0.9350	-0.5377	0.0393	0.4813	-1.3972	0.1080	-0.5684	-1.4949	0.4803	0.4737	2.5467	0.6844	1.0647	1.1703	-0.9477	0.4045	0.7546	-0.7280	0.8305	1.8951	-1.0467	-0.7304	1.0331	-0.3150	0.0468	1.1627	1.0228	0.1842	-0.0719	0.9077	-0.2690	0.7427	0.8372	0.8767	-0.3821	1.2398	-0.3289	-1.0821	-0.4640
-0.3702	1.5658	-0.3245	0.3032	-1.5498	0.4083	2.0055	-0.6682	-0.9549	0.5535	1.5570	0.9694	0.4630	-0.3030	1.2484	-1.0352	-1.2244	0.0684	0.6441	1.2420	-0.4860	0.6266	0.7158	0.0680	1.7546	0.2814	0.7464	-0.3561	-0.7366	-0.1779	-0.1557	-1.6243	0.9414	-0.9905	-0.9964	-0.0573	-1.4943	-0.0150	-0.8269	0.5041	0.1029	-0.1129	-0.0330	0.5626	-1.3438	0.4535	-2.8014	0.7112	1.0579	-0.6026
1.1189	1.6604	-0.6841	-1.3154	2.8853	1.7550	0.4341	-1.2577	-0.7569	-0.4097	-0.7507	0.2383	-0.2599	-0.1926	-2.0177	-0.6303	-2.2788	0.3123	-0.1699	-1.0962	-0.7693	0.7352	-0.0521	-0.7625	1.1521	1.2400	0.7218	-0.0967	-0.5040	0.4179	-1.1919	1.0642	-0.6085	-1.6587	0.8028	-0.6343	0.1780	0.4171	0.3463	-0.9937	-1.8220	-0.3353	-0.6955	0.0316	0.1821	-1.9180	-2.1109	0.7469	0.8942	-0.1931
-0.3100	-0.2714	-1.0535	-1.5977	-0.7065	-1.9740	-1.1287	-1.1173	-0.4036	1.9238	0.8218	-1.1569	-1.2570	-0.2169	1.4668	0.7108	-1.0642	1.0713	1.0105	-0.4379	-0.4107	0.2379	0.3978	-0.1855	-1.0109	0.1065	1.9596	0.2610	-1.4481	-1.4904	-1.8503	1.6586	0.1080	-0.8496	1.9087	-1.0878	-1.9409	0.0787	-1.2664	0.4814	0.7968	0.3228	-0.4792	-0.9176	-0.1529	-0.5577	-0.0945	-0.9947	-0.1751	-0.1494
0.9021	2.1163	1.0259	-0.0396	0.7072	0.7489	0.0229	0.0620	-1.3609	0.7234	0.3138	-1.8465	-0.5563	1.2030	1.1435	-0.5955	1.7483	-0.4420	-0.3981	-1.5861	-0.0670	1.5586	2.2540	-0.3507	-0.9686	-0.2763	1.2716	-2.4079	0.9316	-0.1712	-0.3681	0.3211	-0.4459	0.5930	-0.8647	0.0040	-0.6477	0.9352	0.9253	-0.5274	1.8794	-0.7669	0.6023	-0.4329	-0.2696	-0.0673	-2.4321	0.7888	0.1408	-0.5254
-1.7155	-0.3793	0.2411	0.8906	-0.7035	1.0734	0.4039	-0.3512	0.1298	-0.1195	1.6700	1.1043	2.5489	1.2385	1.9821	0.2921	1.8411	0.9068	-0.5630	0.5955	-0.5063	-0.0229	0.4023	-2.0711	1.9573	1.3682	-0.5260	-0.9963	-2.4571	-0.7779	0.8460	0.4998	0.5534	1.8615	-1.4421	1.8301	-1.7883	-1.9272	0.6816	0.6083	-0.9766	0.9911	0.1460	-0.2143	0.3813	0.6193	0.3484	-0.1678	0.4682	-1.8558
1.0541	0.5790	0.0537	-0.6686	1.1197	0.5679	0.8440	-0.6624	0.5229	0.2606	1.1220	-0.5789	-0.4232	-1.1538	-2.5894	-0.3961	-0.2297	-0.6626	0.3373	-0.6372	0.4420	1.1650	-0.0981	-0.4809	0.2357	-0.5463	-1.1218	-1.2017	-0.2825	-0.4506	-0.0420	-1.0428	0.3236	-2.5870	-0.1219	0.0615	-0.3898	1.0597	-0.3059	-1.2195	1.5311	-2.0590	0.9301	-0.7998	-0.0363	2.1853	-0.1463	1.4008	0.2497	-0.4849
1.5780	1.4382	-0.4897	-0.8794	1.5727	-0.3655	-0.2676	0.6517	-0.5028	-0.8019	-1.1722	-0.6198	0.4911	0.0021	0.9671	-0.1466	0.5182	-1.1097	1.0574	0.6924	-1.1293	-0.7072	0.4034	0.4682	0.3668	1.5572	0.5816	1.2342	1.4560	1.4227	-1.9250	0.1143	0.9562	-0.4170	-0.0765	-0.8884	-0.5570	-0.9901	-0.0606	-0.0833	-0.3940	-0.7426	0.3285	0.2455	-0.7977	0.5063	0.4522	1.4292	0.1719	-0.8318
1.2650	-0.7245	0.6299	1.4470	-0.4132	-0.0190	0.0003	0.2067	0.8426	0.2278	1.0009	-0.0913	-1.0103	0.4362	1.2796	0.1546	-0.8091	0.8487	1.2956	-0.6384	-0.0503	1.4751	-0.0372	0.2209	-0.8421	-0.7388	-1.4910	-1.2420	-0.4729	-0.4881	1.3062	0.4873	-0.2530	-0.7271	0.6617	-0.7003	-0.6370	-0.5126	-1.1003	0.3000	0.3039	-0.8564	-1.2294	-0.3943	-0.4933	0.5477	0.2439	-0.3101	-0.3465	-1.2850
-0.8429	0.0430	-1.1057	0.9296	0.0156	1.6139	0.0832	0.6001	0.1573	0.6408	-0.5756	-1.1815	1.6786	1.3877	-0.1461	-0.9602	-1.6696	-0.2439	-1.5687	1.4958	0.7544	-1.0328	-0.0640	-0.3495	-1.5899	0.4810	-0.0802	-0.6951	-1.3554	-1.6443	1.3987	-0.7546	0.6078	-0.4610	-1.5532	0.5321	1.0364	0.8963	1.7239	0.0566	-0.8100	-0.3471	0.4777	0.0664	0.4750	-0.5183	1.5759	0.9558	0.0019	-2.3025
-0.6153	-0.1376	1.6659	1.5546	1.0117	1.1340	0.0519	-0.8399	1.2630	-1.8694	-0.2411	0.3858	1.1993	-0.3535	1.0375	0.5989	-0.3579	-0.7140	-0.7355	0.3229	0.1112	-0.0135	-0.8285	0.2542	0.5072	1.7180	0.8712	0.8390	0.2105	0.5583	-0.6217	-0.5657	-0.4140	0.2339	-0.5948	0.3714	-0.5389	1.7686	-0.4046	0.4084	-0.3804	-0.2716	1.4006	0.7548	1.2011	-0.5499	-2.8746	-0.5407	-0.1911	0.6606
-1.1686	-0.3102	1.7505	-2.0141	-0.9338	-0.8580	-1.2416	-0.0594	-0.0023	-1.8923	0.6896	-1.5270	-1.0581	1.0123	0.4800	-0.4734	0.7785	-0.9188	2.0727	-2.2456	0.8639	-2.2822	-0.2340	0.4614	-0.3952	0.3822	-1.6745	1.5597	-0.8748	0.6518	0.5760	0.1828	-0.9423	-0.1484	2.0797	0.6911	-2.1516	0.5527	-0.0920	0.4443	0.6955	-0.1820	-1.0135	0.7715	-0.6740	0.8948	-0.3624	-0.5742	-0.5621	-0.4306
-0.5843	-2.2534	0.8276	0.0253	-0.5364	0.2930	2.0902	1.7061	0.7539	-0.3810	0.8420	0.2640	0.0438	-0.5293	0.3870	1.2950	-1.1280	1.1229	0.2881	-0.0862	1.5726	0.9174	-1.7714	0.4050	-0.7524	-1.3378	-0.1610	-0.1194	2.1432	1.5350	1.4483	-0.8319	-0.5439	0.5614	-0.8578	-0.6127	-0.0028	-1.4189	0.0692	0.6679	1.1136	-0.5509	0.3723	0.8371	-0.1178	-0.5132	-1.8675	0.7728	-1.2461	-0.0268
1.2586	-1.1152	1.6931	-1.6649	-1.0722	0.5761	-0.9676	0.0621	0.5461	-1.8770	1.9224	-0.3289	-0.0790	1.6090	-1.3698	-2.7747	-1.5567	-0.7851	0.0527	-0.2524	-1.0517	0.4594	-0.1522	-0.1820	-0.3871	1.9813	1.0633	-0.1021	0.7744	-0.1407	-1.4787	0.3525	2.0990	-0.1427	-0.7867	1.4306	1.7286	-1.1956	1.0322	2.3723	-1.8126	-0.9219	-0.7718	-0.3410	0.2758	-1.3717	0.4218	-0.4302	-1.0010	0.7472
-0.8749	0.3585	-0.1300	-1.0609	-0.0592	1.6081	1.7918	-2.1090	-1.1602	0.6415	-1.2993	-0.7380	-0.5380	-0.1316	0.4084	0.2083	-1.1315	-0.0455	0.7656	0.2460	0.4863	-0.3252	-0.4013	-0.3974	0.0072	0.7431	0.5533	-0.7589	-0.0260	0.2923	0.6336	-1.4885	-0.2648	0.1435	0.5971	-1.4659	1.4046	1.6606	0.5909	-1.9025	-1.3522	1.1216	-1.2616	0.1748	1.1034	0.0171	2.1444	0.2883	0.7695	0.7474
0.1290	0.6380	1.1638	1.6471	2.8187	0.5529	-0.6911	0.4766	0.2204	0.4425	-0.5338	-0.2594	-0.7805	0.5543	-0.4683	0.2664	-0.0791	-0.4246	1.3892	0.0921	0.5993	-0.6388	-0.7650	-0.5275	-0.0314	-1.6325	0.0200	0.1026	1.0975	1.9453	-0.8044	-0.7306	0.9212	-0.0021	-1.5139	-0.8888	1.9843	-0.2733	0.3980	1.0515	0.1173	-0.5182	0.7469	0.3129	-0.5907	-1.4465	-0.0928	1.1525	-0.9976	-0.9427
-0.1862	-0.7136	-1.0304	-0.5319	-2.1506	1.8798	0.8911	-0.5601	0.3390	-1.4269	0.7311	0.5490	-1.2328	0.2457	-0.5798	-1.0651	0.9865	1.1474	0.3379	0.2934	-0.2197	-1.0529	-0.7811	-0.2594	1.0053	0.2325	0.3079	-0.6300	0.4187	-0.3757	-0.5270	0.6436	1.3103	0.3630	-0.8901	1.0888	-0.0115	1.5822	2.3412	-1.1683	0.9008	-0.1664	-0.7846	-0.4931	-1.0389	1.0542	0.3709	-0.6091	1.2408	2.6013
-0.1748	-0.6727	-1.0223	-1.0815	0.0175	-0.7225	1.3148	0.6536	0.3919	0.0771	0.0018	0.6565	0.1601	0.0146	-1.8698	1.4728	-0.3892	0.5001	0.8516	-1.1311	-0.0503	-0.0912	-1.1332	1.0103	-1.0389	1.1495	-1.9283	-1.1113	0.5874	-0.7189	0.6392	-0.6457	1.6107	-0.7136	-2.3155	1.2067	0.7758	2.0730	-1.9512	-0.2567	-0.8265	-0.4354	-0.1046	0.8446	0.1992	0.6619	0.1307	-0.5030	-0.9485	0.3972
0.4116	2.4800	0.1868	0.0168	-0.0710	1.3694	-0.4709	-0.4735	0.6903	-0.9686	-1.4443	-0.0164	0.8067	0.3382	-0.2587	0.7267	0.2714	1.0828	-0.0284	0.2741	2.1651	0.4872	-0.1904	-0.0080	1.1340	-0.1681	-0.2276	1.4615	0.2826	0.1288	0.2537	-1.1148	-0.9535	0.5347	-0.9319	2.3156	1.6044	0.4376	0.1798	1.0482	0.5226	-0.4772	-0.6928	0.5736	-0.4910	-0.3582	1.4919	-0.2936	0.7218	-1.0095
-0.9022	-0.3543	-0.3805	-1.0597	-1.0090	-0.2990	-1.6881	1.6584	-1.6542	0.0888	0.5791	-0.8105	-0.8427	0.3840	0.3843	0.4329	-0.6552	-0.8754	0.1742	-0.1608	-0.2782	1.7028	-0.2801	-1.2483	1.3504	0.8775	1.0438	0.7747	-0.6880	0.9940	0.2368	-0.4447	0.4176	-1.1639	0.5807	-0.6193	0.2903	-0.1891	0.6792	0.8154	0.0472	1.7167	-0.3552	0.8245	-1.8099	0.7675	0.6976	0.2037	-0.7476	0.4081
1.5079	0.6425	1.3622	0.1799	-0.7019	-0.0205	0.9754	1.6709	-1.6371	-0.4476	-1.5892	-1.3853	0.4364	0.4826	-2.1422	-0.2457	0.2612	-0.2490	-0.0045	0.6909	0.9907	-0.3996	-0.2645	1.2249	-0.4051	-0.5947	-1.3976	1.3746	0.7845	-0.5552	2.3882	0.2009	-1.1597	-0.7613	0.7373	0.7391	0.2644	-0.0308	-1.2817	1.4150	0.5792	-0.1216	-1.7323	0.4005	2.4558	1.1401	-0.4312	-0.5277	-0.2315	-0.6868
0.8643	1.2457	-0.5416	-0.4469	-1.1241	0.4911	-0.1853	-1.5560	0.6644	1.2601	0.3538	0.7533	0.3479	0.1605	-0.1678	-0.1214	0.6450	-1.3344	0.7888	-1.1782	-0.9724	1.8584	-0.4015	-0.0741	3.0891	-0.6588	0.6913	0.0792	0.7617	-0.4775	0.5626	0.1506	-0.3521	0.2994	1.0961	0.7930	-0.4853	0.1944	-0.7578	2.0534	-0.2938	0.0415	1.1346	-0.5769	-0.3156	0.5565	-0.6279	0.6044	-1.2906	-0.5776
0.9710	-0.3531	0.2037	2.2449	0.3381	0.3184	-0.8983	-0.0666	-0.6546	1.8852	0.3645	0.6954	1.1905	-0.8940	-1.2194	-1.7975	-0.6011	0.3228	1.8253	-2.1495	0.1019	1.1525	2.0731	-0.4959	0.4197	1.3970	0.3788	0.4798	0.1862	-0.6034	-1.2485	0.3457	-1.9164	-0.1418	1.0675	-1.6141	0.3359	0.3789	0.8140	0.2527	-2.3827	0.4773	-0.2356	0.4996	-0.8499	-0.7444	-0.4153	0.2522	-0.2728	0.9597
1.0314	-0.9889	-0.3740	1.1001	-1.3739	1.2878	0.0081	0.6390	0.8636	-0.6656	0.1011	-0.8329	-0.4846	-1.2302	0.5620	-0.7730	-1.3258	1.4089	0.0586	0.1539	0.5288	-0.9134	1.4629	0.1859	0.7495	-0.2785	-0.4166	0.8558	0.9613	-0.4517	0.7567	0.7206	-0.5248	0.1481	1.4621	0.7150	-0.6798	0.0125	-0.0416	0.0980	0.4284	0.3921	-1.1732	0.9088	1.1591	0.0699	-0.3717	0.0690	0.3739	0.9158
-1.1268	-0.3071	1.5808	-0.0900	1.1585	-0.7926	1.2515	2.1002	0.8734	1.3485	0.3698	1.1039	1.7358	-1.1562	0.0249	0.8567	-1.1421	-0.7869	-0.4220	-1.5417	-1.7836	0.1716	0.7185	-0.3343	0.0990	-0.6146	0.1564	-1.0624	-1.3316	-0.4001	-1.2519	1.0044	-0.6983	-0.5035	-1.8016	1.0157	-0.5467	0.1645	1.1958	0.8210	-0.5177	-0.8076	-0.5912	0.8139	-0.9104	0.2791	-1.7400	-1.1979	1.2020	1.0512
0.8396	0.0947	0.6078	-0.1453	0.6471	0.0819	-0.4864	-0.7272	-1.3891	-1.2104	0.7185	-0.3027	-1.1509	-1.1836	-0.0766	-1.4997	-0.6123	-0.2344	1.3270	1.0736	0.3694	0.6414	0.9562	-0.2793	-0.1322	-0.9519	0.1640	-2.1674	-0.4317	-0.3016	-1.3564	-0.3981	1.2190	0.9401	-0.5005	-0.8339	-0.0242	0.6071	0.3564	-1.6224	1.1575	0.1404	0.4036	-0.9251	0.7128	-1.4514	1.8030	-0.0402	-0.8170	1.3098
0.0845	0.7080	1.1969	-0.0601	-0.2891	-0.8534	-0.2926	0.1071	-0.2575	-0.2168	-1.4846	-0.6549	0.3788	-0.7268	-0.9645	0.7413	-0.1455	0.2130	1.5208	1.7856	-0.3747	-0.0754	-0.8896	0.8344	-0.9872	-0.9132	-1.2482	0.7821	-1.0810	0.0822	-0.6422	-0.0396	-2.9952	0.4179	-0.7619	-1.1025	-1.9126	0.0462	1.3764	0.3410	1.0211	1.1374	-0.5463	0.1754	0.8286	-0.7926	0.8338	-0.4985	-0.5527	-2.2980
1.4337	-0.2402	0.6575	-1.1597	-0.5932	0.1946	-0.9525	-0.6767	0.6384	1.0282	-0.4426	-0.5481	-0.3574	1.9165	-0.1291	-0.3443	0.7293	0.3625	-0.8295	0.7717	0.0896	0.4239	-1.0717	-0.7066	-0.4022	0.3990	0.9962	-0.4961	1.2037	1.3299	-1.6688	-1.1145	2.0815	-1.2421	3.1788	1.0312	1.8673	-0.7172	-2.7406	0.3425	-1.0029	-0.3071	1.3217	-0.6378	-0.1625	-1.3502	-1.2441	-1.5382	-0.3906	0.5218
1.4384	-0.4363	-0.0300	-0.3509	0.4686	-0.5678	-0.7264	0.8024	0.0574	1.2599	1.4313	0.6901	1.1507	-1.9528	-0.8247	-1.4447	-0.5882	0.6272	-0.4286	-1.0088	-0.8047	0.4861	-0.8512	-0.3622	-2.0516	1.2873	0.0745	0.8912	0.0052	-0.9911	-0.3605	1.1233	-1.2151	-1.5006	0.5765	2.3777	-0.5542	-0.1473	-0.0537	1.0186	0.1245	-0.7096	-0.0104	0.0893	-1.1474	1.2397	-1.0916	-1.5188	-0.6539	-0.9620
-0.7732	-0.7678	0.2676	-0.4235	0.6287	-1.0660	-0.3811	1.2579	0.3694	0.0662	0.0206	-0.8044	0.0120	-1.3462	0.7727	0.5964	0.1825	-1.0617	-1.7352	0.5355	-0.2335	-1.0788	-0.9611	-0.5564	0.0120	-0.2845	-0.2137	0.1218	0.1882	-0.0115	-0.0317	0.4208	1.7121	0.9071	0.0992	-2.5455	-1.6506	0.8762	1.1335	-0.6058	-0.3409	0.2831	1.2049	-0.0053	0.6637	-0.1069	-0.0672	2.8245	1.1289	-0.9910
-1.8328	1.0292	-0.9502	0.0309	0.7889	0.5548	-0.8246	2.0319	1.0249	-0.6125	-0.7908	-1.5421	0.4181	-0.3718	-1.7861	-1.3494	0.8705	-1.2653	0.5473	1.1082	-1.2061	0.2870	1.0572	-0.1850	0.5425	0.5323	1.9369	-1.2294	-0.2465	0.7957	-0.8730	0.3482	-0.6541	-0.7426	0.8027	-0.2610	-0.8338	0.4973	-0.7951	-1.2871	-0.1725	0.4595	0.7691	-1.5625	0.1706	-0.3899	0.4059	0.0214	2.2267	-0.5961
0.0370	-0.6291	-0.5335	-0.3610	0.4693	-0.7554	1.5269	-0.4552	-1.5291	0.5005	0.5078	-0.9258	-0.8001	0.0712	0.9444	-0.8571	0.5590	-0.5225	0.9652	0.9101	1.1002	-0.7301	0.2706	0.3426	-0.3983	2.3072	-0.0970	-0.8512	-0.2071	0.5033	1.3346	-0.7767	-2.2510	1.0728	-1.0546	-1.4067	0.8354	0.0687	-0.4463	1.4300	0.8398	-0.6041	0.4063	0.4943	-0.9132	-0.0819	1.6175	-1.2441	-1.7464	1.4573
-1.1723	-0.4151	-0.2472	0.1013	0.9027	1.7108	-0.8358	0.2648	-0.1689	-0.1962	-0.6127	1.3782	0.4903	-0.5980	-1.1237	1.1394	-1.2506	0.0048	0.7671	-0.9108	-1.0600	0.3054	-0.4375	-2.3057	0.2575	2.0276	0.4557	-0.1048	-0.6583	-1.1747	0.0274	-0.1876	-0.4117	-0.1017	-1.7805	1.1368	-0.6898	0.0765	0.3406	0.6441	1.5000	-1.3443	-0.3178	-1.7639	-0.2412	-1.2505	1.1952	-0.9056	1.0990	0.0535
-0.6946	-0.3159	-0.2941	0.5677	0.2737	0.5335	0.4735	1.2057	0.5150	-0.8796	-0.9277	0.4857	0.7853	0.0555	1.1648	1.3637	-1.1600	0.6957	-0.2848	-0.9625	0.6529	-0.1676	-0.3977	-0.3810	1.1947	-0.7923	1.0221	1.8770	1.2101	0.2049	0.5262	-0.3492	-0.2732	-2.5122	0.3958	-1.7487	-1.1416	-0.7741	-0.8946	0.7243	-1.2545	1.1708	0.6102	-1.5910	0.0020	0.5442	-0.4153	0.0301	0.2876	-0.8731
-0.6122	-0.8551	-1.0107	1.4804	0.2236	-0.1251	-2.8435	0.1629	-0.0649	-1.3555	-0.3734	-0.5828	0.1763	0.9625	-0.8729	0.1249	1.0956	-2.4884	-0.6919	1.7645	-0.7912	-1.3834	-1.4007	0.2077	-1.3086	-1.1023	-1.3231	-0.0543	0.3017	-0.7394	1.5265	-0.3822	0.8576	-2.2823	0.2732	0.0387	1.0727	-0.0128	1.4717	-0.2478	0.2328	0.1726	-1.1102	-0.0699	2.6249	-0.7354	0.7855	-0.1438	-2.0065	-1.6152
-0.4624	0.3850	0.9037	0.4194	0.9935	-0.5350	0.0873	-0.8763	-0.0997	0.7786	0.1910	1.9177	-1.0247	-1.2649	-1.3174	1.2636	0.3497	-0.3573	-1.5604	1.8431	1.8357	0.9265	-1.2670	0.1945	-1.2263	-2.5809	0.7930	-0.2742	-1.2205	-0.6262	-0.4543	-0.5784	1.0508	0.2112	-1.3161	-1.4967	0.1345	-1.0275	-0.2864	-1.6492	1.3596	-0.0202	-1.3472	-2.7987	-0.5126	-0.3905	0.7743	1.1201	-0.7867	0.9194
0.5967	0.1836	0.3567	-0.5614	-0.0259	-0.3293	-2.2051	-1.9193	0.1650	1.6806	-0.6952	0.4734	-1.0531	0.5658	-0.0897	-1.1478	-0.0977	-2.0032	-0.4829	-0.8241	1.1044	0.5405	0.1891	2.6919	0.0292	-0.5798	-3.1197	0.6926	0.9814	0.5064	-0.4212	1.1605	-2.0987	1.3434	-0.5646	-1.8489	0.3653	0.1278	-1.3808	0.4233	-0.7166	-0.5005	-0.2497	0.7869	1.8206	0.5061	0.2242	-1.5141	1.2896	-1.8527
-0.6727	-1.0341	1.1372	1.2137	-0.1402	2.2361	1.2404	0.0940	-0.4732	-0.8351	1.7667	-0.2941	-0.0496	0.4628	-0.2271	-0.4010	-0.6115	0.8652	-1.9732	1.8019	-0.4678	0.5871	-0.1100	1.4198	0.1047	0.3327	-1.6344	-0.3829	0.8227	-0.7601	-0.9156	1.9266	0.0016	1.1249	-0.2196	-0.7777	1.2272	-0.9737	-0.2393	-1.5370	0.7427	0.6650	-0.6705	0.6844	0.1181	0.5755	1.1252	-0.7402	-0.2847	0.6892
-0.7064	-0.8361	-0.5743	-0.2296	0.2658	0.0566	0.0232	-0.5463	0.4457	0.5958	-2.3208	0.2611	1.8752	-0.7631	-0.6870	-0.1904	0.8884	-0.0872	0.0706	1.4913	0.0567	-0.3115	-0.2101	-0.5147	-0.5575	0.1958	-1.7664	-0.5676	-1.4361	0.1929	0.1254	0.5596	1.0965	-0.4942	0.6450	-0.7512	-0.3276	-1.2854	-0.8753	0.1037	-2.0782	-0.7741	0.6604	0.7705	-1.2997	-0.2079	-0.3999	0.6568	1.4725	-0.4542
0.6761	0.4578	0.1660	-1.3178	-0.1508	-0.5348	0.5334	-0.9963	-0.6178	0.5219	-0.2705	0.0385	-0.6412	-1.5740	1.5763	-0.8072	1.3199	-0.7081	2.2152	0.8546	-0.6885	0.0738	-1.9142	0.8829	1.5463	1.5980	1.3905	-0.1761	0.3080	1.1684	-0.3592	0.9510	-1.0762	0.5332	-1.7319	0.1855	-0.2975	1.1707	1.1067	0.9095	0.2298	0.4628	-0.0577	1.9459	1.1147	-0.0847	-0.7201	-0.6460	0.5224	0.4768
0.1434	0.0838	0.0715	2.5400	-1.5351	-1.0762	-0.5038	-0.7665	0.2104	-1.1332	0.3827	0.6762	-1.0371	0.3007	0.7071	0.2665	-0.9319	1.4916	-0.9384	0.7696	0.5882	-0.5865	0.9456	0.8187	-1.7539	-0.0722	0.7644	-0.1990	0.6254	1.1934	-0.3893	-0.6908	1.6675	0.0833	1.3492	0.5062	0.8897	0.3415	1.1243	0.8997	-0.4918	0.8672	-0.2448	0.2651	1.2137	0.2687	0.5266	-0.3341	0.9774	0.2140
0.3653	0.4580	-0.2360	1.5246	-1.0684	-0.6802	-1.2238	-0.8235	1.1639	-1.9392	-0.3640	0.4138	-0.3687	0.1706	0.8913	-1.9401	0.7984	0.0064	-1.2661	0.7999	-1.1684	-1.3609	1.1887	-1.0661	0.7813	0.5696	-1.0191	-0.7755	-1.2908	-0.1668	0.4958	0.3887	1.3985	-1.4418	-0.8855	-0.4299	-0.4516	-0.1896	-0.5988	0.5582	-0.0058	2.0068	-0.2083	0.3002	0.1046	-0.5311	-0.3456	0.6910	-1.5756	0.2255
-0.6374	1.0311	-0.4006	0.3024	-2.3204	-0.2496	-0.8949	-1.2024	-0.7503	-1.1959	0.4623	-0.0329	-0.6327	1.0709	1.0834	0.0428	0.7342	1.0833	0.2140	-0.2647	-0.1965	0.3783	-0.8256	0.6459	-0.5835	-0.4058	-0.0637	0.0919	1.0392	-1.0495	-0.6746	0.0921	0.5184	1.2035	0.8997	-0.0312	2.1229	-0.0515	1.0366	1.3128	-0.6285	1.8459	-2.7688	-1.1992	-0.1860	-0.2031	0.6660	0.9566	0.1551	-0.7446
1.0635	0.2037	0.0969	-1.1229	-0.6833	-0.1330	-2.0077	0.9071	2.1662	0.0014	-0.2519	-1.0763	0.2480	0.0135	-0.4820	0.0238	0.8538	-0.0424	0.1300	0.9419	1.1765	-0.2063	-1.1576	-0.7634	0.6789	-0.8318	-0.7815	0.8897	-0.1289	0.9903	1.4590	-0.3534	1.2053	0.4621	1.4924	1.8864	-0.0059	0.0777	1.1496	0.8880	-0.2339	-2.7857	-0.2187	0.9654	-2.4090	2.6953	-0.7656	-0.0668	0.6243	0.1343
-1.6126	-0.4814	0.3269	-1.9847	1.4401	-1.0936	-0.8129	0.7718	1.3193	-0.5048	0.3286	-1.1585	-0.2308	-0.2330	-0.0397	-0.1114	-1.6298	0.0779	0.6391	0.4777	-0.2094	-0.0483	-0.2282	0.3058	0.8415	-0.1839	-1.5685	-1.3655	-1.4271	-2.4996	1.0475	1.6326	-1.3409	-0.0474	-0.8958	0.2714	0.8841	-0.2605	0.8016	1.4403	0.8466	1.1147	1.1525	0.0570	1.5490	-0.3160	-0.3595	-0.2681	-0.7517	-1.1246
0.0995	-0.9773	-0.6510	0.8529	-0.5339	-0.1161	-1.1870	-0.6406	1.4295	0.5368	-0.2823	0.9881	0.3781	-0.5357	-0.4751	-1.4736	-0.7801	-1.3241	-0.9731	1.5366	-0.3899	-0.9559	-0.0783	-0.1781	-0.1847	-1.1536	-1.2733	-1.5153	-1.0056	1.4002	-0.0988	0.1355	2.0078	-0.2980	0.9650	1.3123	-1.3116	0.6333	-0.6435	0.4609	0.0288	-1.2042	-0.7742	-1.2882	-1.0726	0.9370	0.0463	1.7298	0.0310	0.0919
-0.0254	1.7821	0.8341	0.9733	1.4330	3.1460	0.8637	-0.4734	-0.0066	2.5589	-0.0391	-0.9386	0.9555	0.4506	-0.3707	0.2005	0.6451	-0.8276	0.6598	-1.0191	0.1382	2.0009	0.1167	-0.1232	1.1699	-0.8109	-2.9933	0.2016	-0.0430	-0.8303	-0.3235	0.7727	-0.1363	1.5715	0.4161	0.6866	0.0407	-1.6711	-0.2894	-0.7554	0.9247	1.5769	-0.9547	1.2069	0.1905	1.5463	0.5820	-0.4502	-0.0589	-0.5011
0.7561	-0.0139	-1.3016	-1.9517	-0.9430	0.0817	-1.5688	-0.7832	0.4382	-0.2584	-0.2439	0.4277	-0.4467	0.6958	-0.2044	-0.2277	1.7863	-1.2379	-0.7308	-1.4394	-1.8292	1.2965	-0.0018	1.9035	1.2619	-0.1370	0.3435	1.3418	-2.4485	0.4713	0.0166	-0.6657	0.6365	-1.1852	0.8007	0.0355	0.5203	-0.5811	0.8316	0.5011	-1.0436	-0.9871	0.8702	0.3990	0.1133	0.5579	-1.3986	1.1671	-0.9021	0.2388
-0.1340	-0.7307	-0.6205	0.1889	0.9872	-0.6871	-0.6500	-1.3421	1.6134	-1.2715	-0.3688	-0.5002	-0.8237	-0.2458	-1.6019	-0.1079	0.1448	0.9538	1.8409	0.1820	0.7724	1.4632	0.1486	0.2282	1.6023	0.4875	-0.2098	-1.3058	-0.4130	-1.0565	-0.5818	-1.9452	0.0608	-0.3736	-0.0823	-1.9691	-1.8405	-1.0762	-0.0235	0.1094	-0.1110	1.7284	1.2932	0.0690	1.8581	-1.9959	1.0493	-0.6264	1.2600	-1.3155
-0.9947	-0.3466	0.8716	0.2474	-0.2618	0.7568	0.9711	-1.2302	-0.4554	-0.9542	0.0737	-0.3409	-0.7311	-1.8831	0.7251	0.2904	-0.1454	1.9839	-1.3247	-2.2208	-1.2834	-0.9328	0.2899	0.8648	-0.4115	0.2591	0.7908	0.8727	1.9827	-0.5591	0.5660	-0.3389	-1.0225	0.0566	0.6725	-0.1930	0.6153	-1.3368	1.2911	0.7714	1.1594	0.4144	1.7513	-1.1269	0.8175	0.5399	0.6674	0.4380	0.6752	0.3422
-1.5709	1.1856	0.7824	0.6886	0.3913	-0.9315	0.9948	0.8385	-1.6823	0.7353	0.5933	0.4637	-0.6456	0.7862	0.9819	-1.5571	-0.3235	-1.4930	0.2110	1.7259	-0.3237	-0.2277	0.9072	-1.3009	-1.0277	0.6734	0.4338	-1.1741	1.4265	-1.1922	0.3939	1.5966	-1.7030	-1.3416	0.3666	-0.8905	-0.7097	-1.8085	0.0582	0.1157	0.9941	-0.1966	-2.4184	0.3719	0.5428	-0.8381	0.5970	2.2031	0.2869	0.6474
-0.7466	0.6547	0.0769	-0.6562	-1.1542	-0.3142	0.4967	-1.7234	0.1269	0.6253	0.2746	1.9213	0.6319	-0.1904	-0.6541	-1.3693	-0.2496	-0.1543	0.0904	-0.3752	2.1493	1.2726	-0.7935	-0.1853	0.1207	-1.5897	0.1857	0.1187	0.6870	0.5027	-1.9518	0.7325	-1.2881	-0.0031	-0.1571	1.1080	-1.3786	0.6180	0.7889	-0.0386	-0.0461	0.6554	-0.4126	3.2718	1.1922	-0.3325	0.1044	-0.5911	-0.6121	-0.2735
1.7281	-0.0558	-0.5597	1.1249	0.0892	-0.9263	0.4667	0.2716	-0.7518	-0.1896	-0.1344	-1.3656	0.6833	0.4345	0.6240	0.4001	-0.9490	1.2797	0.4397	-0.2419	-1.5615	0.7337	0.1915	1.5422	1.1811	2.8657	1.3535	1.2623	0.2806	0.7737	0.2478	-0.7876	-1.0286	1.1231	-1.1716	0.8297	0.0155	-1.2830	0.8989	0.1501	-0.0682	-0.6693	-0.1970	-0.4619	1.4283	-0.4148	-0.4829	0.5188	0.3424	-1.3470
-1.5616	-1.5487	-0.3873	-1.7659	0.2899	-1.1149	0.1066	-0.1027	-0.2137	0.2440	-0.8470	-0.9480	0.7969	1.7431	-1.2564	-1.1798	-0.6084	1.8934	-0.7375	0.6773	-0.4290	-0.8672	-1.5805	0.1767	-0.4334	1.6607	-0.9324	-0.4825	0.4579	0.9393	-0.2655	-0.5528	-1.5941	0.5401	1.4635	0.5937	-0.5508	-0.8565	1.2950	0.5103	0.0503	-0.1401	0.7907	0.2246	0.2378	-0.4220	0.3616	1.0104	-2.6755	2.0423
-0.3108	0.9475	-1.0870	1.2910	-0.3147	0.1333	0.0494	-0.6819	-1.2929	-1.0338	-0.8819	-1.3530	0.5801	0.8120	-0.4130	-0.7838	-1.5677	-1.5748	-0.7997	-0.2926	0.0203	0.2128	0.0380	-0.9347	-1.5769	1.0008	-1.5276	1.8725	-1.0051	1.7940	1.8839	-1.1347	0.6513	-1.5746	-0.0047	-0.2153	-1.1605	-0.3022	-0.4280	-0.4737	-0.2005	-0.5795	1.2913	-0.1898	-0.8156	0.1251	-0.8117	-0.7736	-1.5150	0.9894
1.0903	0.7918	0.1194	-0.0268	0.2448	0.2815	-0.4743	-2.0451	0.1974	-1.7213	0.8775	-0.8383	0.2383	0.9222	-1.1815	1.2894	0.2286	1.0020	0.1349	1.9877	-0.2782	-0.5474	-0.3957	-0.6873	0.7711	-0.2344	2.7606	0.9203	0.7762	-0.2509	1.4851	-0.9327	-1.4825	-0.8203	1.0223	2.6338	-2.5118	0.4703	0.4991	-0.8353	-0.6062	-0.4844	-1.2958	-0.9003	0.5659	-0.4946	0.4629	-1.2373	-2.1565	0.1668
0.2376	-0.6967	1.1808	-0.1046	-0.8741	0.0880	0.2865	-2.2692	-1.5479	1.3430	-0.0342	-1.7242	-0.0746	-0.0637	0.9716	0.2275	-0.2595	0.9819	-0.8072	-1.8611	-0.1983	-0.1009	0.1876	0.9277	-0.4050	0.4390	1.0948	0.8495	1.7151	-0.8208	0.5589	-0.2916	-0.6161	3.0328	0.0520	-1.2229	-0.8314	-1.0090	-0.1784	0.1903	1.2641	-0.3151	-0.1651	-1.0682	-1.6394	-0.7109	0.7868	0.8110	-1.0424	-1.8632
0.1600	0.9100	-0.4300	-1.1560	0.9689	0.1105	2.1379	0.4729	0.5998	0.4544	-1.2225	-1.5198	-0.7241	-0.1271	-0.0402	-0.6662	0.0544	1.1467	0.8187	0.1703	-0.5187	2.5312	-0.8876	0.3850	-0.7489	-0.5838	-0.0350	0.3618	-1.5457	-0.3410	0.8231	-0.0395	1.4579	-0.3995	1.7755	0.9711	0.0157	-0.9959	0.0617	0.3960	-0.2160	0.0918	0.9348	-0.4419	0.8131	0.0905	-0.0784	-1.9687	1.6353	-2.0028
1.5093	1.5369	-1.6206	-0.3275	-0.1007	1.2678	0.0090	-2.0280	0.6420	-2.1120	-1.1857	-0.3452	0.9255	1.3426	-1.0392	1.3059	0.7635	0.2431	-0.7231	0.7945	-1.4047	1.9521	-0.7015	1.1965	0.0119	-0.9417	-0.1214	-1.0607	-0.1461	-0.1499	0.6718	0.3602	-0.4267	-1.3938	-0.6960	-0.4439	-0.2959	-1.1975	-0.7368	-0.6007	2.6327	1.2885	0.5047	-0.5103	0.7616	-0.3386	0.1145	-0.5242	0.6874	-2.0981
0.5162	-0.3421	0.6970	1.3134	-0.1707	-1.2401	-0.4469	-0.7952	0.0079	0.5722	0.5665	1.3525	-0.0433	-0.9654	-0.8063	-1.1492	0.4675	0.8049	-0.0075	-1.3879	-0.2966	1.4374	0.1571	1.7557	-0.5020	1.4957	0.7240	1.7191	0.9348	0.4374	0.9534	-0.5676	-0.4000	0.2287	-0.6715	0.7018	-0.8597	-0.0629	-0.1111	-1.0448	0.4952	1.2781	-0.3640	-0.2015	-0.5735	-1.1313	3.3944	1.6212	-0.8547	-0.5516
0.5809	0.6569	0.7119	1.6674	-0.1014	-0.2680	-0.3746	-0.1403	-1.5654	-1.6799	-0.2075	-2.0077	-1.0700	-0.1901	-0.4319	2.2819	0.2967	0.8808	0.4994	0.8754	-0.6105	-1.4984	-0.1275	0.7829	0.8833	-0.2243	-0.6705	-1.0146	0.6325	-0.6694	0.1567	-0.7287	0.3618	0.6618	0.8610	0.1090	0.0301	0.8585	0.3010	1.2651	-0.4759	-0.0082	0.2685	0.1027	-1.1290	-0.4745	-0.3876	1.5367	0.2774	0.6996
-1.0848	-0.8631	-2.0168	-0.4899	-0.6667	-0.4969	-1.7193	0.6155	-1.1183	-0.2291	-0.2941	1.5486	0.6363	1.3473	-1.1916	-0.1783	1.0167	0.5566	0.4684	-1.5310	-1.2457	1.7771	1.7921	0.4657	1.3144	0.0482	-3.2987	-0.9984	0.5645	-0.2341	-0.0185	0.9976	-0.1681	0.6133	1.7993	-0.6014	0.7018	-0.5217	-0.8650	2.4816	-0.6443	1.2584	1.5836	0.0611	-0.8910	-1.3870	0.2455	-0.3448	0.7795	0.3599
-1.0171	-0.8952	0.7877	-2.5862	2.1471	-0.2580	-0.0304	0.3578	-0.2279	0.0185	0.5699	-1.9653	-0.6670	1.2654	-2.4316	1.1296	-0.2408	0.5300	-0.1955	-1.5494	-1.2079	0.6297	-0.6534	-0.8293	1.8208	-0.7631	0.4129	0.0671	-1.9316	-0.0741	-0.6837	0.7067	2.1498	-0.9155	0.7356	1.4889	-0.5945	1.3892	-0.3154	1.5602	1.3579	-1.1858	0.7058	2.0463	0.0446	-1.7111	0.5981	-0.8171	0.1720	-1.1038
-0.1452	-0.3105	-1.3450	-0.6317	1.0182	0.1228	0.5245	-0.6272	-0.2472	1.9624	-0.1733	-0.1215	-0.5624	1.4611	0.6758	2.6800	0.8889	-0.1253	0.8431	-0.6925	0.3780	0.4345	1.0097	-0.3927	-0.2139	0.5800	1.8556	1.5515	-0.5136	1.4290	-0.5966	-0.5438	-1.0055	1.6658	-1.9360	1.3363	0.9112	-1.5685	-1.3723	0.4767	2.2950	3.5250	-1.3007	-0.1654	-0.5808	2.3732	-0.9139	1.1968	1.6763	0.8993
0.9810	0.2517	0.4388	-0.8870	0.5383	0.6789	-0.1924	-0.6619	-0.9353	-0.5112	-1.7153	-0.3760	0.5751	-0.9291	0.6265	0.2451	1.8701	-0.4223	1.5652	-0.1690	0.3224	0.9604	1.7334	-0.5945	0.8092	-1.2948	-1.3566	-1.4100	1.0966	-0.0363	1.5083	1.4105	1.3201	0.6424	-1.0230	-1.2893	0.1025	-0.5139	1.2693	0.0280	-0.8949	-1.1934	0.6862	0.4255	0.3314	1.0405	-1.4842	0.6142	0.1279	-0.0846
-1.4218	0.8656	2.3148	-1.5911	0.3659	0.2240	-0.6452	-0.2531	0.5937	1.7075	0.2012	-1.7529	0.4301	-1.4765	-1.1490	-0.7790	0.8929	0.7153	-0.0191	0.8923	-1.2898	-0.4128	-0.3210	-1.1893	-1.0826	-0.0928	0.4100	2.3274	0.3536	-0.2315	-0.5108	-0.3964	-1.2561	-0.1928	-1.5766	-0.4448	0.6279	-2.1625	0.7383	1.0153	0.8078	0.7136	-0.6213	-0.8036	1.5495	0.8619	-1.5406	-1.8862	2.0034	-0.2840
-0.8031	0.3574	0.4219	-0.1692	2.0515	0.3685	1.5609	0.0768	0.7923	0.6770	0.4723	-1.8344	-0.5478	-0.6129	0.3212	-1.6667	-0.2669	0.0353	-0.2061	-0.2195	0.1747	0.1939	0.3132	1.6566	0.7593	0.0137	1.6534	0.7995	0.7406	1.6051	-1.3600	0.8106	-0.7917	0.7557	0.2327	-1.0414	-0.1280	-0.1699	-0.1025	-0.9389	-1.7047	-1.1881	-1.1169	0.4705	1.4349	-1.9689	-0.3227	0.4905	0.1892	0.3984
-0.1502	-1.2655	0.7843	-1.8726	0.5883	-2.4501	0.4361	-0.9717	-2.2435	-0.7213	0.0183	0.5517	2.7580	0.0915	0.6352	0.1984	2.1308	0.0359	0.7370	-0.6665	-0.0449	-1.0813	0.8451	0.0351	0.1404	-0.9157	0.8898	0.2906	-1.0403	-0.6529	-0.1075	-1.3635	-0.8547	-0.5404	-0.5751	0.1183	0.1547	0.0141	1.0799	-0.3960	-0.7183	-0.4893	1.5194	0.7737	-0.1757	1.2215	0.1924	0.1951	-1.7022	0.3136
-1.7359	0.2810	-0.9804	0.4965	-0.0568	-0.5690	-0.4278	-0.7519	-0.6939	-0.9156	1.6691	1.5239	-1.5667	-0.3063	0.6736	-1.7279	0.5340	1.6421	-1.1944	1.4496	0.4241	-0.6191	0.0315	-0.0985	0.0192	-0.5944	1.3855	1.9935	-0.2151	0.3846	-1.3469	-0.1058	-0.3170	0.8318	0.3321	-0.0444	-2.5862	-1.0510	0.2174	-0.7900	-1.1844	0.4549	-0.6793	2.7411	0.9907	0.9519	-0.8659	-0.9088	0.6956	0.9976
-0.7388	-1.8049	-1.2526	-0.2786	1.3694	0.2865	-0.1885	-0.7265	-0.9032	-0.7753	1.3291	0.9960	-0.4647	-0.3265	0.8439	0.9540	2.4157	-0.7490	-1.3644	1.7003	-1.1900	0.7511	-0.8694	0.5224	-0.6215	-0.1209	-0.7566	0.1633	-0.7266	0.4938	-1.2157	2.3466	-1.4884	-1.6487	-1.2715	-0.5275	0.4582	0.4785	-0.9911	0.8535	-0.5676	-1.8038	0.7966	0.6743	-0.1538	0.2394	0.0728	1.0991	0.3067	2.6989
1.2152	0.7373	0.2169	-0.7268	0.8538	-0.2536	0.2176	-1.2875	0.3578	-1.5182	0.5790	-0.3275	1.1202	-0.1681	0.0529	-1.1028	1.1400	0.0625	0.2283	-0.3976	-0.6928	0.9042	-0.8891	0.2148	-1.2637	0.3584	-0.8532	0.5653	1.2513	-0.4836	-0.4834	-0.1712	1.1372	-0.4276	-1.3683	0.3218	0.0705	-0.0678	1.7386	-0.0020	-1.1652	0.5855	1.4876	-1.3068	0.1323	1.7923	-0.7018	1.3221	1.2828	0.7856
0.5435	-1.0910	-0.8875	0.9513	1.6407	0.4634	0.6532	-1.5888	0.8116	0.5241	0.8494	0.8586	-0.6560	-0.1370	-2.1483	-0.0834	0.3421	-0.5524	-0.6590	-0.6402	-0.5522	-1.2378	1.8537	0.5097	-0.2342	-2.9414	0.1452	0.3612	-1.8226	-1.7385	-0.0735	-0.2529	0.5495	1.6299	0.3678	0.9661	1.1146	-0.9049	-1.5463	-0.6092	0.3477	-1.6294	0.1284	0.1867	-0.5610	-0.2918	-0.0562	0.2738	0.4828	-1.6505
-1.5771	-0.2309	-1.0995	-0.9045	-1.1808	-1.4857	0.5767	0.8731	-0.1360	-0.9533	0.6158	0.6728	0.0455	0.2770	-0.2299	0.8778	0.4541	0.3830	0.4637	-0.3417	0.4735	0.5125	-0.4272	-0.1885	-0.9926	-1.4532	0.9182	-0.2304	2.5863	0.2263	-0.1961	-0.9925	-1.9907	-1.2508	-0.2636	0.6627	-0.3057	-0.0997	1.4185	0.5449	-0.3282	-0.7221	-0.6984	-0.7946	-1.7054	-0.1565	1.4625	0.3892	-1.4858	0.6112
-2.8918	1.3713	0.1881	-0.9128	0.5964	-0.6364	-0.0174	0.4526	-0.3108	0.0239	0.7116	-0.1137	0.3464	-0.8567	-0.0323	0.6793	0.2227	0.8777	0.9352	-0.2092	1.0425	-0.5002	0.9780	0.5240	0.5572	1.5436	0.3094	0.1665	0.6943	-0.1419	0.8160	0.1803	-0.8573	-0.4534	0.6929	0.1156	-0.2560	-0.4277	0.4830	-1.4912	0.6934	0.0980	1.3406	2.2410	0.8829	-0.5973	0.0391	-0.0978	-1.6156	0.9102
1.1934	-0.5465	-0.3441	1.7955	0.2751	-1.8481	0.8630	0.9268	-0.0759	0.8881	0.7259	2.2705	0.0774	0.8381	-0.1707	-0.9697	-0.0222	0.5007	-1.3425	0.1518	0.6014	-0.1297	0.3911	1.1995	-0.4486	-0.8992	-0.0068	0.0618	-2.0540	-0.1055	0.0989	-0.9110	-1.2132	-1.4826	-0.0940	0.3594	1.0136	-1.5463	0.4439	0.8617	-0.0001	0.1251	-0.2967	0.0719	-1.4023	-0.4536	-2.6635	1.3892	-1.3505	-0.1113
-1.2592	-0.3701	-1.3879	2.1540	-1.1133	-0.3915	1.7820	0.5737	-0.3413	-0.1131	-0.9367	0.1951	1.1517	2.3055	1.3794	-2.2285	-0.6401	0.2341	1.8588	1.0533	-1.0714	-0.3482	-1.2397	-0.4604	-1.2293	-0.1907	1.7647	0.0632	0.7942	-1.7425	-0.4700	-0.1651	-0.5517	-0.6178	-1.9268	0.9348	-0.5007	0.6549	0.2238	1.2594	-0.4374	0.1269	-0.3220	1.4612	-0.5492	2.0276	-1.2276	-3.0102	0.7062	-0.5046
0.9640	-0.4773	-1.0183	0.9836	-0.0196	-0.2882	-0.7739	0.7852	1.5181	-1.7221	-0.7233	-0.7478	0.9620	1.6987	0.0478	0.2007	-0.0418	-0.4927	0.3598	-0.7422	0.0624	2.8240	-0.5417	0.3026	0.8226	-0.3729	-0.5464	0.3246	-2.6641	0.8360	-1.7574	-0.2440	0.6082	-0.8825	-1.0283	0.8319	-0.0927	-0.0121	0.6427	0.5636	-0.2166	0.0662	0.1086	-1.3207	-0.1116	-1.3380	0.6595	-2.0187	1.2526	1.5344
0.4742	-1.4456	-0.1393	-0.2117	-0.0643	0.0961	1.2989	1.5758	-0.5310	0.6048	-1.2896	0.0751	-0.8382	-1.4007	0.3693	0.3462	0.5574	-0.2631	0.9917	1.0882	0.4944	-1.5381	0.3667	0.1105	0.7162	0.9899	0.0773	-1.2463	0.5163	1.4084	-0.9275	-0.8492	-0.0181	-1.9727	1.1392	0.3048	-0.3957	1.0532	-1.0987	0.2332	-1.7484	-0.7521	-1.0414	0.7852	-0.8433	0.6029	-0.0739	-0.0706	1.1191	-1.7596
0.1065	0.9940	-0.7004	1.5051	1.5709	0.8468	-1.4869	0.5693	1.4333	1.6564	-1.3392	-1.3156	2.4453	-0.4579	-0.6588	0.3442	1.1181	-1.4838	-1.9497	1.0152	-0.6146	0.4678	-0.3502	0.3190	-0.9922	-0.4706	0.9783	-0.9513	-0.0176	0.6389	-1.3330	0.9412	0.2974	0.9941	-0.3877	-0.7052	-0.5883	-0.4245	0.7384	-0.6942	0.5524	-0.9680	0.8584	0.6343	-0.4347	0.7841	1.0428	-0.5099	-0.7021	0.5649
-1.5839	-0.7297	-0.6479	0.6918	-1.9334	0.2982	1.2729	2.8708	-0.8675	1.4330	1.2912	-0.2506	1.4281	-0.7563	-2.0353	1.7040	-0.7466	0.6678	-1.4560	0.5996	0.2522	-1.5466	-0.4675	1.1516	-2.6455	-0.9527	-0.7045	0.7501	0.0434	0.1946	0.2201	-1.9379	-0.4526	-1.3793	-2.2059	0.6451	0.2803	0.1644	0.3163	-0.7887	0.1070	0.6557	-0.0633	-0.9580	0.1128	-0.5130	0.8152	0.9109	0.4698	-0.4590
-0.7406	-0.8611	0.5961	0.0103	1.1545	-0.6700	-0.2388	0.9550	-0.8198	-0.7019	0.4798	1.7751	-1.1671	-1.7247	-1.2385	1.2033	-0.0212	-0.6043	-0.9192	0.9525	-0.1431	-0.2294	-1.0554	-0.2690	1.2166	0.0179	-2.0827	-0.6607	-0.0177	0.7121	0.6067	-0.8972	-0.9869	-0.0114	-0.8420	1.9961	-0.3401	0.1870	-1.2584	-1.5426	-0.2759	1.0617	0.3805	-1.4920	-0.2550	-2.1046	1.1831	1.5105	0.5361	-0.0246
1.1882	0.3365	-1.6719	0.0156	0.7529	-0.3522	1.0555	1.3489	0.6834	-1.2385	0.8961	-1.1763	1.5012	1.1154	0.5861	-1.4509	-0.4283	-0.2304	0.9560	0.5597	0.3042	-0.8423	0.6394	0.3277	-0.7704	-0.4071	0.4257	-0.8054	-0.8405	1.7099	1.1670	-0.2692	0.9660	1.5175	0.0076	-0.3588	0.4488	-2.6437	-0.8314	0.3503	0.0342	-0.3953	-0.7547	2.2421	1.0637	-0.0304	-0.3638	0.9650	1.1671	1.2866
0.4727	-2.0326	-0.3470	0.3468	-0.1986	-0.6610	-0.4832	0.6080	0.1808	-0.7880	-1.9675	1.9604	-1.5254	0.8453	-0.1942	-0.7195	-0.4982	-1.3421	0.1235	0.5731	0.9497	-0.5558	0.7177	1.8398	-0.6837	-1.1296	-0.0592	-0.1505	0.9292	-1.7736	-0.8885	0.6928	0.0515	0.1647	1.8394	0.3769	-1.8582	0.7752	-0.7318	1.8055	1.4603	0.9707	1.6868	-0.0863	-1.4534	-0.7018	0.2429	0.5133	0.1319	-0.2368
0.3949	0.1989	0.4770	-0.6581	0.5475	-1.6497	-2.8481	0.3436	1.6473	0.3326	1.2265	-0.9416	-1.1967	-0.0652	0.0299	1.3502	-2.4568	-1.7886	-2.3963	-0.4889	0.1439	-1.4673	-1.7590	-0.4574	-0.6563	0.0894	-0.6025	-1.3657	0.5030	-1.6756	2.1335	0.1573	-0.8042	-0.1258	0.2472	-0.2100	0.5347	-0.7097	-0.1328	1.1801	-0.5975	-0.8335	-0.6719	-0.0215	-0.5448	-0.1867	0.5833	-0.2649	-1.8210	0.0587
-0.4836	1.0737	1.0420	-0.1084	2.1127	0.6066	-0.4752	-1.1380	1.3104	-0.1917	-1.4033	0.5200	0.4155	0.6586	0.4770	-1.0412	-1.5326	0.8549	0.4234	-0.0228	-0.6343	2.5995	1.3595	-0.2712	1.0097	0.2019	2.0017	-1.2378	-1.4711	-1.9729	0.0081	-0.2082	-1.5321	-0.2314	-0.3099	1.5297	-1.2499	0.2939	-0.1304	0.6039	0.2859	0.6509	0.5799	-0.7920	-2.5437	-0.4521	-1.4300	-1.7629	0.6069	-0.1609
-0.5637	2.3429	-0.6065	-1.4899	0.3144	-0.4688	0.6194	0.2450	0.1247	-0.5119	0.7827	1.4678	-0.6011	-0.0336	-2.4408	-0.6980	0.1610	0.0823	-0.1243	0.0714	-0.8322	-0.0447	0.3380	-0.1433	0.9216	-0.6273	0.7985	2.3336	-0.1192	-0.1144	0.1000	0.5371	-0.9910	-0.3965	-2.7050	-1.0121	2.2384	0.6493	-0.8651	0.2671	0.0759	0.4857	0.8302	-0.0610	1.2340	0.5411	-0.9850	-1.4156	-0.3521	0.0926
-0.9896	-0.4096	0.3539	0.6564	1.0509	-0.6070	0.1688	-1.8637	-0.4117	-1.2128	-0.9462	-0.4860	-0.1455	-1.3475	0.0042	0.5090	1.4993	0.2095	0.2870	-0.0180	0.9072	-1.0756	0.0304	0.2731	0.0810	0.0636	-0.5579	-0.9049	-1.6790	0.0031	1.6456	-0.5428	0.2092	1.2363	1.3620	0.4285	0.5974	-0.2583	-1.2076	0.0788	-0.2604	0.3643	0.5484	-0.9872	0.5585	0.2998	-0.0554	-0.9688	0.6977	-1.0638
-0.5483	0.1943	0.7301	-0.0832	-2.0294	-0.2851	-0.2841	1.0405	0.2371	-1.2882	-1.1323	-0.5259	0.1810	-0.2738	0.0103	0.2771	1.0780	1.4948	0.7991	0.4889	1.9679	-1.0306	-0.2180	0.1563	-0.6374	1.6129	0.1178	0.6726	0.1668	-1.3706	0.2925	-0.4242	-0.3594	-0.3162	2.3566	1.0400	1.7978	-0.2666	0.5880	0.3795	0.6352	0.8707	-0.1906	0.1207	-0.2127	-1.5653	0.4413	-0.4445	0.3091	0.1452
-1.7207	0.0019	-1.4406	0.5022	-0.1921	-0.2905	0.8080	0.6185	-1.4869	-2.2659	0.2319	-0.0407	1.8989	0.1589	-1.0273	0.9668	2.5196	-0.7446	-1.5216	0.1948	-0.2823	-0.7379	0.8900	-0.7476	0.0612	-0.5992	-0.8300	0.2571	-0.1787	1.2815	-0.8832	1.0026	-0.9090	0.0789	1.4477	0.8967	-0.7532	-0.4882	0.7304	-1.3501	0.0707	0.1807	0.8260	0.9928	1.7795	-0.3170	-0.2300	2.2691	-0.4926	-1.4426
1.4921	0.7066	-1.7033	0.6901	0.3183	-0.2690	0.5659	-0.9475	0.2630	1.0975	1.0107	2.1189	0.5963	-0.0841	1.2667	-0.4202	-0.3602	0.3599	0.1619	-1.8204	1.6448	-0.3582	-0.4203	-0.1308	-0.0340	-1.4512	-1.0209	0.2209	-0.3806	-0.5538	1.0402	1.6257	-0.2866	-0.9807	-0.8663	0.7672	0.5908	1.0098	-0.3379	-0.9699	1.1803	0.8858	0.8951	-1.5050	1.3088	0.9137	-1.0957	0.7623	1.0175	-0.3965
0.1561	0.1493	0.2977	-3.6276	0.5551	-2.1392	0.7298	-1.7265	-0.5582	-0.5001	0.8994	1.9092	-1.9250	1.1594	-0.3550	-0.1247	2.2781	-0.4168	0.2564	0.7309	0.5042	-0.0955	-0.0618	-2.1121	0.2403	-0.2352	0.6441	-0.9892	-0.2949	-0.7015	-0.8167	1.2573	-0.8712	0.0233	-0.5358	-0.3935	0.3938	0.7797	1.1422	0.0346	-0.9208	2.2320	0.5224	-0.3492	0.2030	0.3411	1.4599	-0.7489	1.7281	-0.2133
-0.8032	-1.0738	0.3442	1.7751	0.1885	0.0999	0.1057	-0.6553	-0.0075	-0.8040	-0.4563	-0.3054	0.7075	-1.2222	0.0088	0.4202	0.4899	1.4915	0.0362	0.6556	0.1023	0.0655	-1.7249	0.8055	-0.5682	1.6206	0.0194	0.6578	1.3150	0.4640	1.8301	0.1810	-1.2925	-0.8967	-0.3530	-1.1332	0.7006	-0.9896	-0.4223	0.8621	-0.3452	-0.7500	-0.1762	0.3290	0.3212	0.1836	-0.6355	-0.1074	-0.7554	-0.2646
-2.5952	1.2374	-1.0192	1.1698	0.6897	-1.5936	-0.1340	-1.2617	1.2030	-1.4029	0.8446	-0.9952	1.1200	1.5260	1.5505	-0.6549	1.5377	-0.4737	-0.9381	1.0755	1.5984	0.3116	-0.4458	-1.7052	1.4121	-0.6244	-0.4273	-0.0653	0.0243	-0.3591	2.0451	1.6114	-0.5996	-0.6668	-2.0574	-1.4688	0.6418	-0.1966	-0.0403	-0.7934	0.4648	0.4837	1.0485	-0.4382	0.2270	0.3030	0.6906	0.3868	0.9097	-0.3275
-1.0525	0.7192	0.0948	-0.3502	-0.9325	0.1964	-0.8802	-0.8132	1.3025	0.1411	0.7350	1.1706	1.8101	0.2313	1.7885	0.7374	0.8923	0.6568	2.1033	0.5670	0.0064	0.4374	1.2793	-0.6881	-2.2264	-0.5558	-0.3024	-0.8239	-0.1912	-1.9678	-1.3725	-1.4195	-0.8543	-0.5186	-0.7760	-0.0037	0.6030	-1.0366	0.5921	-1.6104	0.1821	-0.2586	1.1512	-1.1389	0.4855	-0.7426	0.3482	-0.9723	-0.7232	-0.7549
0.5824	-0.0287	-1.6545	1.3362	-0.7947	-0.5138	-0.5668	0.4211	1.4911	0.3369	0.0598	0.6566	1.3155	-0.6208	-1.4547	1.4473	-1.5709	-0.0753	0.9043	-0.7667	0.3273	-1.3416	0.2930	0.7270	-1.9346	0.0060	-0.6268	0.7753	-2.8919	-0.1356	-1.7825	-2.0526	-1.6560	-1.3175	-1.4620	1.5807	-0.7610	-0.5075	-0.7771	0.1564	0.1135	1.2306	0.3314	0.2305	-0.6529	-0.5699	2.0121	-1.4322	-0.2300	1.1593
1.1354	0.0800	-1.3873	0.2499	-0.7344	-0.1787	-0.8091	0.5239	0.7051	2.0915	-1.4009	-0.4095	1.6694	-0.1588	0.4089	-0.2531	0.3371	1.8144	-0.1998	-0.5010	-0.3947	-0.3705	0.3195	1.9369	-1.1847	-1.7172	-0.0701	-0.5869	-0.7538	0.9950	-0.7148	1.4685	0.7268	-0.0215	-0.7587	1.3328	-1.2153	0.4161	0.7418	-1.6708	0.0296	0.2811	0.2917	-1.0778	-0.0764	-0.3893	-1.4844	-1.1173	1.3705	0.7777
-0.1567	1.5696	0.1900	0.0058	-0.4270	-0.2784	-0.9663	-0.8770	0.3666	-1.8869	0.3809	-1.2263	-0.0863	1.3098	0.1726	1.2533	-0.4730	-0.3205	-1.5999	-0.5187	-0.8661	0.2987	-0.6890	-1.6356	-0.8314	0.5164	-1.2044	2.5771	-0.3141	2.4216	0.4910	-1.2181	-1.8117	-1.4192	-0.9325	-0.6755	0.0767	-1.2638	-0.2031	-0.3543	0.4607	1.2035	-1.2662	1.0634	1.4616	-0.8597	0.8863	1.6364	-1.4375	-3.0706
-0.1368	-0.5605	0.5222	0.4115	-0.4211	1.9210	0.2493	1.0613	0.1821	-1.1138	-0.5155	-0.1762	-0.0863	0.3835	0.1838	0.3236	1.7989	-1.8584	-0.9388	0.0123	1.9153	-0.8209	0.5132	0.0713	0.5553	-0.3694	0.5176	1.2611	0.7087	-0.2696	0.4250	1.9275	-0.1503	-1.5738	-0.9173	-0.0812	0.0964	-1.1801	-0.2338	0.1901	0.3971	-0.9659	-0.4941	0.4463	0.7072	-0.1617	-0.0093	0.2535	0.1460	-0.3846
-1.2772	0.8123	-2.7421	-1.2903	-0.0686	0.6435	0.7773	0.2784	-0.7996	-0.0228	-0.4279	1.3270	2.4087	0.7837	-0.4126	1.2570	1.2303	-0.5762	0.0362	-0.9190	0.6701	-0.0613	-1.5547	0.2718	-0.6940	0.2951	0.7957	1.4356	-0.7553	0.9022	0.3013	-0.9837	-0.2497	-1.5352	-1.0787	1.1054	0.2574	-0.0262	-0.8265	-1.6269	-1.1239	-1.4621	-0.5933	-0.1504	0.8669	-0.9862	0.0509	0.3051	-2.4414	0.9672
1.0305	0.6366	-0.0966	1.1026	-0.6071	-0.1521	-0.5143	-0.4062	-0.5021	1.0678	0.3516	-0.4505	0.4698	1.0277	1.0026	0.8263	0.4045	-0.5826	1.9368	0.4549	-0.2383	2.0850	-0.7710	0.6674	0.7394	1.6333	-0.8876	0.0480	-0.5940	0.2515	-0.0264	-0.8480	0.7270	0.1639	0.2847	-0.9286	-0.1143	0.3180	0.9775	-0.1961	0.6251	0.5019	-0.3968	-0.0496	-0.8327	0.2180	2.7654	-1.0318	-0.0258	0.0215
1.1284	0.6241	-0.3765	-0.9022	-0.0818	-0.9225	0.4050	-1.1367	0.3156	1.4335	-0.7621	0.0831	-0.2516	-1.6917	-0.1700	-1.1941	-2.0044	0.2223	0.4587	-0.5460	-0.2477	-0.1123	0.6108	1.2300	0.1734	0.9610	-0.8669	1.1817	-0.2446	1.2101	0.0587	1.8620	-1.3528	0.1149	-0.2495	-1.7454	-0.6356	-0.7658	1.3537	-1.7150	0.2060	0.5123	0.0058	0.4778	-0.2243	-0.1778	1.0359	-1.6314	-0.8001	0.0684
-0.9865	1.0521	-0.6255	0.8806	0.0569	-0.3232	0.5466	0.2093	0.1736	0.9771	-2.1110	1.8619	0.8800	-1.3379	-0.0408	0.2391	-0.9398	0.2951	0.3364	-0.7495	-0.8089	1.0381	-0.0564	-0.7662	1.1830	1.0516	-0.0665	0.4610	-1.0570	-0.8450	1.5209	0.5925	-2.8361	0.5200	0.3801	0.6241	1.2449	1.6468	0.8610	-1.1724	1.2267	-0.2923	-0.4041	1.4826	0.1840	0.6195	0.2651	-0.5134	0.9109	0.4023
1.7761	-0.4042	0.5612	-1.1756	-0.2354	0.0534	-0.6765	0.6675	0.8257	0.4655	-2.0123	1.1896	-0.1789	-0.9470	0.3302	0.6490	1.0045	-1.7769	-1.2921	-0.3605	-1.3781	0.1393	0.3949	2.6391	-3.1775	0.1020	0.2281	-0.5998	0.4529	-0.7831	0.7941	0.9636	1.3596	-0.0531	-1.7624	-0.3642	1.5807	-0.3483	-0.1710	-0.4923	-0.0391	-0.1258	-0.6988	-1.6694	-1.5047	0.6387	-0.8485	-0.5127	-0.3945	0.5262
-0.2329	0.4572	0.4620	-0.0244	-1.1250	-0.1707	-2.0107	1.7652	0.6235	-2.1780	-1.1977	0.1063	-0.1343	0.4975	0.2110	-0.3582	-1.3872	-0.2387	-0.7293	0.2534	-2.3185	0.1601	-0.0899	-2.0302	0.0781	-0.0380	-0.3878	0.7597	0.1157	-0.8017	0.0730	0.0229	0.0402	-1.8324	-0.6995	-3.6215	0.2344	-0.7337	-0.5752	0.3798	-0.1178	0.5626	0.5846	0.2027	0.3473	0.7681	-0.0307	0.5458	-1.5847	1.4770
-0.3448	-0.6451	0.4569	-0.9857	0.4285	0.6976	0.8570	-0.3390	0.4184	0.1537	-1.1212	0.1970	0.5448	0.5629	-0.0359	-0.1834	-2.1560	-0.0366	-0.9584	-0.4266	-0.7011	-1.5915	-0.1905	-0.3862	0.8973	1.0829	0.6545	2.4219	-0.6445	-0.1650	-0.5487	0.5355	-0.3142	-0.9136	1.3692	2.0436	0.2276	1.8730	-0.5349	-0.8676	-0.9908	-0.1647	0.6765	-0.7663	0.0261	1.4157	-1.3419	0.4892	0.7237	-1.3338
-0.4605	0.5141	-0.8105	-0.5279	-0.9524	0.0733	0.6894	-0.4319	1.1960	-1.9700	1.0703	1.2610	0.8976	-0.9602	0.3515	1.3075	-0.6157	-0.6367	-0.4715	1.3135	0.2669	-0.1416	-1.8779	-0.3699	0.6475	0.6043	0.9540	1.0299	0.2159	1.7009	-1.9006	-1.7629	0.3510	-0.9978	-0.0474	-1.0288	0.3177	0.6472	-1.0364	-0.3134	-2.4494	0.1927	-0.5804	-0.6295	-1.1818	0.6554	-0.9423	-0.2313	-0.1556	0.7418
-0.0571	-0.1333	-1.1867	-0.1332	-0.4844	0.6033	0.6846	1.5838	1.0018	0.4207	-0.6728	2.0388	2.0728	0.1876	-0.5362	-0.6586	-0.5497	0.8335	0.6610	0.6153	-0.2761	-1.2577	-1.0407	0.0298	-0.1103	-0.6559	0.1763	-1.4180	-2.4349	-0.7329	-0.2623	-0.3234	-0.1119	1.9206	-0.1977	0.9949	1.5729	-1.4657	-1.0436	1.5519	-0.5501	0.1527	1.1057	-0.1584	-0.4767	0.0260	-0.6250	-1.6772	-0.9532	0.3950
0.8487	-0.1941	-0.0797	-1.2059	-0.1341	-0.1090	0.1347	-0.1415	0.0275	0.1032	0.1745	0.5591	0.2221	0.3890	-0.3085	1.2747	-0.1281	0.4482	1.0037	0.5948	1.1368	0.8506	-0.8573	0.3205	-0.7104	0.1455	0.4450	-1.9924	-0.4785	0.9605	0.2090	-0.4522	-1.9195	2.0179	2.1703	0.7626	3.2265	-0.3801	-1.8013	2.1403	-0.6436	-1.3476	1.8740	1.0245	-1.3603	-4.2086	1.1262	0.2973	-1.6489	0.2261
-1.0355	0.4646	-1.3725	-1.2614	0.9174	-1.1727	-2.0348	0.3493	-0.1860	0.1332	-2.0771	0.1189	-0.3952	1.2760	-1.4337	1.1402	1.1935	-1.2236	-1.0863	-0.5485	-0.5052	0.0538	-1.6366	1.0366	-1.9497	1.2405	-0.7685	-0.2405	1.4719	0.3112	0.5456	1.6167	-0.3325	-0.9077	0.3541	0.3050	-0.0661	1.1411	-0.2921	-0.2512	0.7175	1.0026	0.6538	-1.7645	-0.5590	0.8604	0.5435	-1.3106	-0.8206	2.0928
0.0896	0.0966	0.7710	-1.4293	-1.9374	-0.8259	-1.1923	-0.1293	-0.9877	-0.7720	-0.2373	0.2231	-0.8968	0.1789	0.6261	2.3196	0.1618	0.3601	0.3518	1.5586	0.3976	0.2434	-0.7947	0.2032	0.2276	-0.1908	-0.1442	-0.9822	0.2311	-0.3542	0.3461	3.1015	-0.2016	-1.0833	0.4431	-1.8335	-0.8407	-0.3738	-0.6743	0.3683	-0.7448	-1.3827	-1.0310	0.7173	-1.2686	1.1038	1.5319	-0.8268	1.1265	0.7908
-0.3291	-0.9553	2.5452	-1.7957	1.1441	0.6094	-0.0827	-0.8369	0.3763	-1.7150	-1.4187	1.5011	-0.2241	0.8018	0.2696	0.0548	-0.2830	1.2467	-0.7465	1.3776	0.5852	-0.6192	-0.2541	1.2233	-0.2030	1.9355	-1.1007	-0.1596	2.4556	0.1888	0.2655	-0.4503	-1.6124	0.6064	2.1256	2.3671	0.3374	-1.0518	-1.2300	-0.7125	0.5022	-0.3369	-0.3669	-0.5351	0.9049	0.2790	0.9304	-0.2918	0.5573	0.5607
0.0938	-1.3712	0.2434	-0.3276	0.4692	-2.0424	0.0365	2.0394	0.6261	-0.9604	0.1762	0.3446	0.0085	0.3345	1.0288	0.9373	-0.8228	1.5360	0.6102	0.1970	-1.1589	0.7655	-0.0097	0.5091	-0.5010	0.6339	1.9056	-0.8229	-2.1710	0.3731	-0.8817	-0.1152	0.5644	-0.9116	0.6834	-0.4559	-1.7663	1.0747	-0.4400	1.2012	-1.3456	0.1509	0.9226	-0.2149	-1.0496	-0.4296	0.6850	1.8340	1.0998	-0.2702
1.0426	0.8630	-0.8495	0.8685	-2.2308	-0.1971	-0.4458	-0.4879	0.6321	-0.1035	-0.6623	-0.2058	-0.2185	0.3954	-0.1007	1.2965	1.2068	-0.9503	-0.5227	0.1587	0.7604	0.3713	-2.1302	-0.0301	0.7977	-0.8831	-1.4907	0.4933	-0.1778	-0.7961	0.0451	-0.3735	-1.7650	-0.8084	0.1921	-0.0748	0.1099	0.1538	-0.1862	-0.5297	0.5186	-0.8656	0.0312	-0.4547	-1.5086	-0.0580	1.2470	0.6623	-0.7904	0.2934
-1.5386	0.6590	1.2537	0.2721	-0.6341	-1.1588	0.4055	0.1136	0.6798	-0.5374	-0.1039	-0.9464	-0.7504	-1.4042	-0.2952	1.6436	-1.3730	-0.8771	-0.7127	0.2452	-0.4830	0.6147	-0.1321	0.5058	-0.8628	-0.7993	0.6006	-0.3443	1.4167	-1.3132	-1.0169	-0.9306	-0.1021	-1.4253	-0.7345	-1.0235	0.3778	-0.4896	0.7737	0.1214	-0.5978	0.6747	-1.5848	1.0501	-0.5413	0.5234	-1.2104	0.4499	1.1327	0.3482
0.2192	-2.1260	-1.0475	-1.0191	0.2727	-2.0370	-0.9427	-1.8810	0.7139	-0.3480	1.2261	0.4642	1.4737	-0.1597	0.1597	0.9754	0.0183	-0.2345	-0.3270	1.1964	1.3049	-1.3975	-0.9459	-0.8424	-0.5598	-1.0113	1.0461	0.4587	0.0797	0.1136	-0.3877	-0.0840	-0.8610	0.7532	-1.0189	-0.2774	-1.4881	-0.1831	-1.4801	-0.1650	1.3477	0.1269	0.0024	1.9127	0.1112	0.1857	-0.0738	-0.0357	1.3504	-0.3754
-0.3185	0.8752	-2.0131	0.1897	0.8111	0.3020	-0.9502	-0.5937	0.9579	1.2856	1.3738	-0.9883	-2.0944	0.1495	-0.2940	0.5912	2.9826	-0.6522	-0.5947	-0.3245	-0.7262	1.2253	-1.0773	-1.7535	-0.7198	0.8689	0.3023	-1.4689	0.5340	0.6864	-0.8930	0.9194	0.4585	0.4032	0.5260	0.1279	-1.6346	0.9871	-0.0173	-0.4885	-0.3456	-1.1918	0.8869	0.3607	0.8241	0.9783	1.3801	-2.0223	0.7345	-1.3640
0.0996	0.6573	-1.1825	1.3742	-0.5790	0.3163	1.3691	0.2351	1.5430	0.3877	-0.1724	-1.6024	-2.0701	-0.0414	2.0906	1.1232	1.2144	0.5350	-1.3113	1.2295	-0.6469	0.4607	0.8416	1.2313	1.7104	-0.8232	0.0209	-0.3125	0.3294	-1.4348	-0.2179	1.2423	1.9434	-1.9697	0.6581	-0.4430	-0.7770	-0.8144	0.2376	0.8654	0.3428	-1.2133	-0.3177	0.4148	0.0702	-0.5367	-0.3332	-0.5607	-0.7302	-0.7654
0.6256	0.1024	1.5308	-0.2097	-0.5497	0.5474	0.5622	1.3289	0.6390	-0.8390	-1.0393	0.4067	-0.7221	0.0323	-0.6887	2.2116	0.2491	0.6112	0.2840	0.1490	0.6798	0.1828	1.5850	-0.6685	0.3483	0.6172	-1.2514	-0.3881	0.3423	0.2802	0.2184	0.9665	0.4832	0.1192	-0.3443	-0.9499	-0.4882	-1.3217	-0.5929	-0.2616	-0.9075	-0.1453	-0.0357	-0.9801	-2.9247	-0.7275	-0.4293	0.0292	0.1191	-1.2043
-0.0588	-0.5220	0.2097	-0.3007	1.1602	1.0513	0.8339	-0.0851	-0.1774	-2.1132	0.1942	0.4473	2.5127	0.4322	0.1082	-0.1708	-0.0970	-0.1215	0.4744	-0.6208	-1.2988	-1.2916	0.2547	1.0422	-0.6363	0.1738	-2.1195	2.4718	0.1651	-0.1882	-0.1652	0.8527	-1.2064	-0.5646	-1.6856	0.9601	0.4562	-1.1433	0.0540	0.1203	0.7361	-0.2399	0.3073	0.0061	1.5275	-1.6790	0.7511	-1.5096	1.8929	0.7568
-0.9533	0.9314	1.3904	-0.7722	-0.2775	0.0337	-0.0523	-0.8943	1.3987	1.0494	1.3584	-0.7507	0.5869	0.0859	-0.3321	-0.7057	-1.1144	-0.0547	0.0367	1.7352	-0.9225	0.1803	0.2686	1.1101	-0.3355	-0.3733	-0.6791	1.0241	-0.2592	-0.2300	2.3435	0.9704	-2.0276	-1.3028	-0.5798	1.1221	1.2561	1.2624	0.8181	-0.8850	0.7945	0.3004	0.2842	0.7452	0.7169	-0.7247	1.6965	-0.0825	0.5280	-0.8642
0.8069	-0.8590	1.0830	0.3539	0.3421	0.9281	-1.8359	0.9566	-0.3458	-0.6007	-0.1467	0.7850	1.6774	-0.0743	-0.2768	-0.2028	0.6099	-0.5401	1.2064	1.6658	0.8287	0.2379	-0.2951	-2.9647	-0.0197	-0.5367	0.1425	0.0739	0.2535	-2.0023	-0.1114	-0.4143	0.9096	-0.5076	0.9822	1.2529	0.1291	-0.7041	-0.8505	-1.0993	0.2480	-2.1203	0.8255	-0.8043	-0.3020	0.1381	0.3827	-0.4995	0.1172	0.6955
1.1900	-0.8300	-0.2861	-0.5074	-2.8715	-0.4015	0.4099	-0.2880	-0.5995	1.0800	0.3904	0.5045	-0.2473	-1.7788	0.5057	0.8624	0.0445	-1.0057	0.1798	-1.2209	-1.3404	1.8399	-0.3930	0.5350	-1.8357	1.6211	2.3132	-0.9038	0.9705	-0.9372	-0.8555	0.0530	-0.5839	-1.6234	0.4803	1.2554	-0.7289	-2.1221	-1.0472	-0.5961	-1.0177	-1.4393	0.1136	-0.6520	1.1424	-1.0424	0.1166	-0.2316	0.5450	0.9219
0.5498	0.9450	1.3608	-0.1453	0.0432	0.9507	-0.0221	-1.9674	0.5841	-0.0337	-0.8544	1.7161	-0.3196	-1.2761	0.1463	0.6660	-1.7308	-0.1514	0.0756	-1.0067	0.7877	-0.2697	1.0118	-1.0072	2.1550	0.7045	1.0341	-0.7644	-0.5664	-0.1223	-1.5676	2.4891	-0.6900	0.7040	-0.4948	0.5975	-1.1270	-0.1395	0.4851	-1.5240	2.2458	-0.4033	0.1749	-0.3673	-0.2699	-0.1147	0.2825	0.2843	1.2267	-2.1590
0.4553	1.2014	-0.6143	0.9119	-0.2742	1.4163	0.0918	-0.6690	0.9281	0.9877	-0.2219	1.4812	0.5695	-0.7853	-0.4092	-1.5504	-0.4198	0.5052	-0.1106	0.4304	-0.1435	-1.2098	1.5916	0.1213	0.0765	0.6944	-0.1479	-0.8765	0.7820	-0.8730	0.8280	1.4441	0.7536	-1.6077	-0.9084	-0.2648	0.6403	0.3733	1.0760	1.6884	0.9770	-0.8952	1.2576	-0.8822	-0.9293	-0.4888	-0.1830	0.7739	0.8074	-0.4095
-0.8045	-0.0177	2.4656	1.5795	0.9708	0.3871	0.5599	1.1101	1.1001	0.2839	-1.4018	1.1169	-1.2560	-0.5310	1.1324	-0.7674	0.3023	-0.9788	1.0612	0.2810	-1.0692	0.8924	-0.0535	-0.3069	1.9646	0.7230	0.2777	-0.9594	-0.7921	-0.5286	0.4227	-0.2038	0.9446	0.7347	-0.4080	0.3036	0.0063	0.0401	0.2626	1.3231	-0.1044	1.4449	-0.4136	1.4765	-0.3141	0.5503	0.1907	-0.0568	0.6819	0.0670
0.9655	-0.8508	-0.9502	0.3675	1.7513	-0.4633	-0.7105	0.4339	1.7099	0.4251	-0.7454	-0.5126	-1.0504	-1.1403	-0.4533	0.5693	0.2743	-1.6552	1.0241	0.0022	-0.2537	-0.3199	-0.2786	-1.3757	1.1987	2.8903	0.1762	0.1313	-0.9645	-1.6509	-0.7251	-1.9871	0.7166	-0.4263	-1.0879	1.1908	0.5805	-1.3585	0.2873	0.1203	1.3311	-0.7008	0.2932	0.2505	0.6841	0.2623	0.6632	-0.1895	-0.5110	-1.2855
1.9211	1.0037	0.2267	-0.5813	0.5795	1.3448	-1.5427	2.3423	-1.2115	-0.8425	0.1411	-1.2226	-0.1210	-0.4422	0.4066	0.4490	0.6612	-0.0818	0.2689	-0.0521	1.0597	0.6585	-0.0879	0.2677	0.2044	-0.6930	0.2260	0.1925	0.0980	0.5565	-0.7128	0.7655	0.3609	-0.8856	0.2760	0.0954	1.2387	-1.6975	1.0355	-0.3300	-1.3903	-0.0256	1.3307	0.3724	-0.7689	-1.8652	0.8404	-0.3578	-0.4274	-0.8746
0.7744	-0.6862	0.8456	-1.5037	-0.0798	-1.0876	-0.5793	0.6876	0.8423	0.9184	0.0479	-0.4827	-0.0526	0.5494	-1.0663	-1.8640	-0.4445	-0.4189	-1.0321	-0.8433	-0.0477	0.8909	-0.3041	0.4398	0.7411	-0.8768	2.4073	1.8627	-0.5102	0.3229	-1.9539	0.5623	-1.4415	-0.7998	-0.6627	-0.9889	-1.2343	1.0677	1.1411	-1.9326	0.7799	-2.0235	-0.5312	-0.1806	-0.2570	1.4554	-0.3238	1.3787	0.2362	-0.1270
-0.1591	0.1833	0.7736	1.4744	-0.0630	-0.0671	0.1707	1.1392	0.2192	0.2962	-0.4755	0.0047	-0.0057	-0.9416	0.3525	1.1136	1.2192	-0.3859	-0.3089	-0.0280	0.6903	-0.1482	-0.1230	-0.0923	0.1212	-0.7768	1.8052	-1.2168	1.4073	0.8463	0.1729	0.7167	-0.9378	-0.7473	-0.4559	2.6562	-1.6036	0.6212	0.4580	-1.3942	-0.0703	-0.0359	-0.5333	-0.1092	-1.4250	1.0603	-0.4405	1.0185	1.8958	-0.6353
-0.2227	0.9472	0.2978	-2.0952	0.3270	-0.4065	1.6302	0.1064	-1.6341	0.2618	0.0571	-0.4846	1.6318	1.7675	-0.0019	-0.3893	0.9419	-1.3142	-0.2872	0.2935	1.3534	0.5463	-0.3972	0.3721	0.4810	0.9225	1.8825	0.3309	-0.4371	0.7303	0.6225	0.3266	0.6860	-0.0365	0.6831	0.5960	-0.7980	0.0361	-1.9670	1.1086	0.5293	-1.3082	-0.4334	-0.1147	0.7924	0.3222	-0.2187	1.1573	0.1286	1.5092
0.2156	-0.0941	0.3691	0.0289	0.8159	-1.6097	-0.1399	1.0985	0.5188	-0.4640	-1.0772	-0.1862	0.4690	-1.6178	0.3059	-1.2111	0.8217	-1.8622	2.6325	0.4526	0.4815	-0.4881	-0.7825	-0.4948	-0.8202	-1.2392	0.8442	0.0473	-1.8794	1.6341	1.5853	0.7602	-0.9059	0.0727	0.5862	1.0722	-0.9869	-0.5010	0.8426	-2.8166	0.6324	-1.2757	0.9171	-2.1492	1.0895	-0.3947	-0.6956	0.8122	-0.9707	-0.5571
-0.0696	-0.4190	-0.5375	-1.0365	0.3644	3.5008	0.2386	0.9496	0.0511	-1.1835	1.0268	1.0746	-0.8326	-0.5232	-0.7880	0.5234	-2.1118	0.9488	-1.0805	0.3600	1.0566	-0.0115	-1.0841	0.1269	-1.6612	-0.0152	-0.7571	0.1779	0.4139	1.1715	1.6188	-2.0650	-0.3392	2.1253	-0.4574	-0.5484	1.0766	1.6406	-0.5656	-0.3156	-0.6381	-0.7253	1.4144	-0.9879	-0.6767	1.5806	-0.9589	1.6109	1.2033	2.0316
-0.8208	0.4424	-1.6188	0.1054	0.4182	1.9222	-1.5128	0.2188	0.3708	1.5230	-0.4872	0.6728	0.7506	-0.9498	-0.0720	0.5168	0.6294	0.5568	-1.4915	-0.5359	0.9589	1.0132	-0.5297	0.1742	-0.0112	0.1130	1.5492	0.4407	1.1177	-1.0340	-1.0736	0.1903	0.1762	0.5204	0.1626	-0.6188	-0.7085	0.8622	0.7540	-0.8833	0.1045	0.0038	-1.1105	-0.4508	-1.6017	0.7089	-0.1152	0.5452	0.2428	0.6093
0.9533	0.0704	0.8387	0.0834	-0.0847	1.1334	-0.5393	-1.0924	2.0482	-1.0685	0.9055	0.7733	-0.1330	0.6721	-0.3835	0.2027	-0.6648	0.0608	1.7914	0.7032	-0.3405	0.3782	-0.9847	1.6674	0.2616	-1.0989	-0.5669	-0.4504	-0.1930	-1.5005	-0.6769	-0.8935	0.4406	-0.4080	0.4184	-0.0646	0.1380	-0.2028	-1.1415	-0.4136	-0.9933	-0.7311	0.9359	-1.5936	1.3070	-2.3224	0.1573	0.1376	-0.0442	-0.6837
-1.9700	0.7522	1.2259	1.8708	-0.9749	-0.1161	-0.3579	0.3413	-0.3987	-1.3414	-1.4207	-1.1475	0.1105	0.0749	-1.7556	1.0828	-0.9860	1.1653	0.7566	-1.1148	-0.0510	-0.4533	0.7167	-0.2876	1.5422	0.6801	-1.6223	0.3363	0.2700	1.4089	-0.0582	-1.3952	-0.9176	-1.2043	0.6076	-1.4235	2.2442	1.1913	0.7464	-1.6274	-0.1611	1.3173	0.3459	-0.8912	-0.1625	0.6654	1.3824	-1.1386	-1.0330	0.7074
0.8988	0.2341	0.5037	1.4951	0.2992	1.1362	0.7385	-0.1493	-0.7084	-0.3665	0.1226	0.2737	-1.8990	-1.5477	-0.9194	1.7735	1.1689	-1.0911	0.4689	-0.6614	-0.7122	-1.4274	-0.6563	0.0697	0.9568	0.0658	0.8349	-0.5443	-0.5223	-0.0979	0.0947	0.8059	-0.0376	-0.1895	-0.1213	-1.1556	-0.4460	-1.0771	-0.3130	0.9013	-0.6794	-0.0346	-1.0151	-1.2158	-1.6614	-0.3914	-0.8872	-0.2159	-0.3644	1.0159
-1.8409	-0.9819	1.2191	-0.6276	-0.7211	1.3381	-0.6808	-0.5205	-0.7193	-0.5616	-1.0772	1.0440	0.0600	2.4627	0.0406	-0.2744	-1.4282	0.0803	-0.4513	-0.8823	0.6344	0.1624	0.3489	-1.2248	0.9354	-0.0604	1.4250	-0.3245	-3.5688	0.2840	1.0482	-0.0981	0.3111	-0.7486	1.3340	-0.8604	0.2789	-0.5761	-1.1801	-0.5798	-0.2862	-0.2560	1.1626	-0.1833	-0.0538	0.7252	0.1775	-0.7258	-0.9768	0.7501
-0.7637	-0.3881	-0.6696	-1.0099	-0.2260	-0.4933	-2.6747	2.1782	-0.8906	0.6854	-1.5603	0.5999	-0.7679	0.4720	0.3201	0.8279	-2.9146	0.8548	1.1007	-0.1937	-0.0463	1.3078	-0.8086	-0.7062	-0.3931	-1.4807	-0.0970	1.0845	-0.2541	0.1874	-0.8897	0.4056	3.2944	0.3163	0.3540	1.3000	0.1869	-0.4326	0.2667	0.8962	0.8205	0.1668	0.5162	-0.2091	-1.4332	-0.8977	0.0363	-0.7890	1.0557	0.1336
0.1336	1.1469	-0.3895	-1.3460	0.5072	-0.3833	-0.9132	1.1840	1.7044	1.4016	-0.2502	0.1396	-0.5122	-0.5274	-1.0004	0.3541	2.8765	1.0910	0.4370	-0.8427	0.0739	0.1849	-1.0327	1.1188	0.3510	2.0872	-0.7880	0.5110	-0.9361	0.6460	-0.0833	1.0476	0.2111	0.9443	1.2325	-2.0139	1.7696	-0.9218	0.0365	0.1901	0.6612	0.6410	0.7520	0.2640	1.8293	-0.9694	0.4226	1.0583	-0.5966	-0.5225
0.0835	0.5420	0.0652	-0.1582	0.6617	-0.3853	-0.6472	-1.1843	0.8789	0.5188	1.0469	-0.3994	0.6933	1.0944	-0.1685	0.3594	-0.2248	0.8965	1.5814	0.2144	-1.5593	-0.6150	0.0312	0.2734	0.1893	-0.0678	0.3952	0.1806	0.4266	0.8042	-0.4111	-0.9840	0.0136	-0.6204	-0.4771	-0.6227	0.2491	1.1353	0.0699	0.4934	0.0252	1.3026	-0.1593	0.6135	0.8344	-0.5218	-0.5372	0.5673	0.4081	0.7461
-0.2823	0.7555	-0.4143	0.5994	1.2404	-1.1627	-0.1746	-0.2875	0.1139	0.0257	0.7510	-0.8788	-0.2768	0.3133	-1.7877	-0.0234	1.2350	-0.0378	-0.4027	-0.4069	0.1076	-0.4120	-0.3611	0.1862	0.9106	-1.7430	-1.5248	1.4458	-0.1925	-0.1138	-1.4709	2.0009	-0.9024	1.2980	-0.0742	0.2013	-1.1729	0.2637	-0.7247	-0.2275	1.6062	-0.7031	-0.7667	-0.4781	1.8108	-0.2332	1.4678	0.7789	1.6746	0.5387
-1.0175	-0.8520	0.8974	0.2185	-1.4890	1.6088	1.9099	-2.3830	0.9236	-0.1491	0.5864	-1.2195	0.4875	-0.5338	0.3463	1.3882	-1.2487	-0.9354	0.6093	-1.0631	-1.3784	1.9984	-0.1284	0.4057	1.0925	-0.1020	0.0324	-1.5240	0.2061	-0.0837	-0.8282	1.4418	0.4191	0.3827	0.0368	0.6888	-0.5650	-0.2869	1.3023	0.5123	-1.0323	-0.6176	-0.3441	0.4089	1.3913	-2.1880	0.8966	-0.5107	0.0917	-0.9504
0.5771	0.6956	2.4227	0.1300	-0.5387	-0.4193	0.8658	0.2807	3.3411	0.1610	-0.1487	0.4147	-0.7769	0.6509	-0.2697	-1.5923	-0.4536	-1.8848	-0.6877	0.8568	1.5953	-1.9715	-0.4368	-0.1260	-0.1987	0.9413	-0.3640	1.5284	1.1200	-0.6349	-1.8272	-0.4818	-1.2284	-0.3265	-1.8833	0.6018	0.2336	0.0616	-2.0202	-0.8082	-1.1009	-1.4053	1.1445	1.2390	0.2571	0.0276	0.4331	0.0791	-0.7648	0.0564
-1.5393	-0.1999	-0.6110	-2.0951	0.5543	0.2619	0.6349	2.0631	0.6033	0.8460	0.2802	-0.8785	-0.4945	1.1913	-0.8793	2.3198	-0.6737	0.1432	-1.3243	0.0531	-1.4992	0.2545	-1.1054	0.0725	-0.5842	-1.5189	0.8217	1.2107	-1.6617	-1.5636	0.5375	1.2125	0.1062	0.1672	-0.2317	-0.9832	-0.5349	-1.8524	-0.6639	-0.6804	2.0216	-0.1526	-1.1593	0.3200	-0.9894	0.5565	-1.1364	-0.0252	-0.9263	-1.6447
-1.1148	-0.8820	-0.7355	-0.2095	1.0573	-0.1127	-0.1774	1.2500	1.2962	0.1900	-0.9196	0.0202	1.0734	0.4639	0.3215	-0.4265	0.6566	-0.5252	2.0527	0.3173	0.4191	0.0820	-0.4526	-0.1150	-0.9218	0.6156	1.5148	-0.4597	-0.8504	-0.9578	1.4773	-0.8982	1.2077	0.3739	1.2147	-0.3670	-0.7126	0.6172	-0.7410	-0.7268	-0.4209	-1.0703	0.8851	0.9361	0.5167	-0.0805	1.5713	0.8107	-0.3376	1.4510
-0.8825	0.9690	0.2276	-1.4367	-0.6408	0.8130	0.1274	-0.2587	0.6266	1.4016	1.5322	-0.3279	0.1465	0.5081	-0.8984	-0.5318	0.6131	-0.8245	0.6350	-0.0342	0.7365	0.1949	-1.2592	0.7938	-0.2521	0.2026	0.3044	-1.0291	-0.3112	-0.6240	0.9113	-0.0592	0.5440	-0.5793	-0.0689	-0.5944	0.5796	-0.2716	-0.9037	-0.6261	-0.4181	0.3695	0.1161	1.2818	0.5786	-0.0277	-0.3964	-1.1671	-0.2768	0.0312
-0.3680	0.9456	-0.3522	0.5679	0.8066	-2.0276	1.1067	-0.9622	-0.0218	-0.6692	0.1975	0.1694	-1.2264	-0.7020	0.4501	-0.3036	0.7232	0.4362	1.4681	-0.9111	0.0824	-1.4395	1.4992	-0.4533	-1.1121	-1.1311	-0.6994	-0.1663	0.6096	0.1335	-1.1702	1.0795	-0.4549	1.8836	-2.6859	-1.0349	0.7639	-0.2310	1.3071	-0.9114	2.4146	-0.2328	0.4177	0.1809	1.8655	1.2086	-2.0160	-0.7751	-0.6018	-0.4819
-0.6671	-0.8986	0.5508	0.0026	2.8651	-1.9865	0.4174	0.7601	-0.8964	-0.0426	-0.3229	0.8964	0.7985	0.6711	0.8054	-0.3384	0.6733	1.6106	0.3886	-0.9370	1.4641	0.7388	-0.0261	0.2171	-0.9810	0.8767	1.0349	0.9876	0.2742	-0.0127	1.5365	0.0503	-0.2525	0.5379	0.4594	-0.8976	0.7326	0.1283	1.3395	-0.5093	-0.6235	-0.2545	-0.3019	-0.8328	-0.3042	-0.0846	-0.7670	-0.3340	-1.0475	-0.4586
0.9605	0.5065	0.3270	0.3712	0.0961	-1.8969	1.0298	-0.1066	0.6612	-1.0753	0.4213	-0.9321	0.5818	1.2781	2.2929	0.9820	-0.9091	0.2267	-1.6599	-2.0231	-0.8280	0.3411	-0.9336	-1.4165	-0.4831	-0.3121	0.7602	1.5207	2.3611	0.7326	-2.6876	-0.1842	-0.6339	-1.0079	-0.5696	0.1898	-0.6411	0.4398	-1.1077	-0.6846	-0.2222	1.3218	-0.4862	0.2456	0.4834	0.4953	0.4465	-2.0724	1.6548	-0.2569
0.9263	0.4062	-2.1693	0.1042	-0.2302	0.1634	0.0484	-1.4000	0.4437	0.4282	0.0270	-0.9164	-2.7220	0.0361	2.0362	-0.4651	-2.2568	0.6463	0.1278	0.1882	0.3050	0.6104	-0.7390	-0.8609	0.8817	-0.1671	-1.0542	-0.2045	-1.0733	-1.4398	-0.1290	-0.2715	0.6285	-0.7407	1.4468	0.2669	-1.0577	-0.9553	-0.4297	-0.7387	0.9997	0.0407	-0.2680	-0.3676	-0.0425	-1.0778	0.3118	-0.7828	-0.0774	0.2931
0.2107	-0.9411	1.2883	0.9695	0.3671	0.2302	-0.4205	-0.2609	0.7170	-0.7389	-1.0017	-0.3343	0.9233	-0.0098	1.4533	-0.5189	2.1953	-0.3934	-1.1883	1.1513	-1.1300	0.7392	-0.6142	0.3559	-1.0590	0.8888	-1.9841	-0.5256	0.6864	0.4166	0.4660	0.1133	0.5088	0.2689	0.8142	-0.0440	-0.0133	-1.7697	-1.1115	0.4788	-1.1594	0.2745	-0.7735	-1.6509	0.4159	0.1177	-0.0348	-0.8271	0.4605	0.8684
-1.2832	1.5413	-0.1048	-2.8009	-0.1142	-0.9694	0.5310	-0.5160	-0.2964	0.1242	-0.9501	-1.9060	-1.0336	1.4001	1.1719	1.4751	0.5385	-0.2281	-0.2460	-0.6966	-0.3277	-0.3776	0.3171	0.4235	0.5833	0.2765	-0.6419	0.4648	1.5526	1.0898	1.0224	0.2171	0.4979	0.9213	0.7667	-0.4061	0.7035	0.5611	0.8511	0.0002	-0.5797	0.2289	1.2516	-0.7151	0.8420	-0.6715	-1.3544	-0.1910	-0.2580	-0.5212
0.0658	-1.7943	-0.1974	-0.2001	1.2150	-0.6411	-1.7037	0.6437	-0.7820	-0.0900	0.2141	0.3589	-0.8143	-0.2307	0.4342	2.1149	0.7373	-0.0057	-1.3962	1.1703	-0.2546	-0.1409	0.4299	0.4045	1.0836	-0.7442	-0.2684	-0.2105	0.1097	-0.8580	-0.0544	-0.9330	0.2911	0.3087	-0.9335	-0.5584	-0.7484	-0.0588	2.2027	1.5166	-0.8284	0.5841	-1.7521	0.5016	-1.5999	-1.7869	0.7740	0.9467	1.3356	-0.8922
1.0267	1.2620	0.3139	-0.3194	-2.0050	0.7716	-1.0980	-0.1415	0.2753	0.1687	1.6664	-0.1620	0.6599	0.5579	-0.1265	0.8426	1.5999	-0.6668	2.0609	0.0700	-0.4243	0.7199	1.6454	0.4592	-0.5665	-2.0309	0.8291	0.8047	-1.5674	0.5096	2.5408	2.0612	0.3730	0.8833	1.0425	-0.6294	0.8508	-0.1754	-0.7092	-0.2564	1.2070	-1.4998	-1.0030	0.4403	0.2707	-0.3945	-0.6328	-1.8547	1.2434	-0.6778
-1.7519	0.5171	-1.5034	-1.3267	0.1242	1.5290	-2.3870	0.2282	-0.0790	-1.0887	1.9903	-0.1293	0.9760	-0.3867	0.2704	0.1739	0.1200	0.8781	-0.8684	-1.4544	-0.1588	-1.2562	0.3311	-0.9329	-1.8713	0.1099	0.1839	0.7758	0.5794	1.9374	1.7685	0.0814	0.4382	0.0674	1.9421	-0.1784	0.7749	-0.0567	0.9154	0.0004	0.4144	-1.4073	-1.0767	0.9462	0.2091	-1.2013	1.3461	-0.5235	0.1540	-0.4340
0.6437	-1.4352	-1.6854	-1.5508	0.4614	-0.1658	0.9923	-0.2894	0.6841	-0.4099	0.3873	0.5202	-0.5825	1.3832	0.7179	0.7188	-0.0521	-0.1803	-0.6270	-1.3334	0.3632	-0.7339	-0.1064	0.0931	0.4605	-0.0308	0.8464	0.3868	0.4822	0.4440	2.0408	0.9964	-2.0457	0.2505	0.2998	-1.4460	0.0980	-0.9390	-1.9184	0.4170	-1.0105	-1.2285	-1.6749	0.6642	-0.7719	-0.8881	-1.7719	-0.0895	0.0906	-1.3291
0.7445	-0.0014	0.4553	-0.1340	-0.4992	-1.2747	-0.0210	0.1318	0.0310	0.4360	-0.7662	-2.7992	0.3717	-1.9110	-1.3503	-0.0916	-1.1695	-0.5539	-0.7056	-1.4930	-0.1493	-1.0070	1.2871	-0.3611	-0.2315	-0.9974	-0.0643	-1.0538	0.4530	-0.8592	1.8881	-1.3557	-0.5424	1.1269	0.5730	-0.8741	1.4008	0.2733	0.3704	0.2992	1.0527	-0.5911	-1.9630	-0.5928	0.0057	-0.1780	-0.0308	-0.1267	0.1934	0.7668
-0.6521	0.1119	0.5988	-0.5300	0.0557	-1.2225	-1.3575	-0.8941	1.5420	0.1278	1.7460	0.8863	-0.4587	0.3356	-1.5567	1.4740	0.0378	-0.3879	0.9147	0.2126	1.8855	0.8493	-1.8597	-0.3244	-1.4498	-0.3184	0.0469	0.3335	-0.0055	-0.3698	-0.7312	-0.6239	0.0475	0.5011	-1.7476	-0.3940	1.1889	-1.1604	-0.0725	-0.5644	-0.5506	-1.0427	0.3169	-0.7106	0.6047	0.7298	-1.5875	-1.8236	-0.7164	1.2177
-0.1428	-1.1282	-0.1858	1.9576	-0.9005	1.8477	0.6467	-0.2775	0.2063	-0.0998	0.3033	-0.5176	0.3295	0.4023	-0.4608	0.2806	-2.3463	-0.1558	-1.6362	1.4026	-0.3816	-1.1243	0.7095	0.4972	-1.4485	0.8695	0.6175	0.6046	-0.2142	-0.6131	-1.4183	0.8598	-0.0688	-0.4274	-1.2135	1.3625	1.0400	1.7307	0.8141	-1.0797	0.2505	0.0641	0.8704	-0.7881	-1.1147	-1.5613	-0.1930	-0.4117	-0.8363	0.2537
-0.8233	-0.3702	-0.3979	1.5139	-0.0447	0.4564	2.2399	-1.5495	0.5192	0.0607	-0.2740	0.7652	-1.5805	0.3706	-0.7018	-0.6931	0.0185	1.5494	0.7973	-1.3678	2.6673	-0.9132	-0.6504	0.8096	1.2158	-0.1098	-0.0095	0.4920	-0.1226	2.0775	-1.7592	0.8804	0.3291	-0.6177	0.0501	-0.8090	0.4656	0.5519	-0.2756	-0.0876	-0.7502	1.7746	0.4689	1.3102	-0.4747	-0.8894	0.9019	-1.9216	-0.0645	0.7175
1.6539	0.7824	0.5204	1.1177	-0.6879	-0.2019	-0.4244	-0.7663	1.0435	0.4279	0.2010	-0.0058	0.4101	-1.8750	-0.9349	-0.9268	0.0833	1.1321	-0.4217	2.5740	2.2336	0.7845	-1.7314	0.2166	0.4693	0.8445	0.0863	0.0847	0.2149	-0.5668	0.6632	1.1018	-0.5203	0.2690	0.0658	-0.5247	-1.2524	1.2369	-1.0099	0.0372	-0.0390	0.6078	0.4475	0.0198	-0.1099	-1.0987	0.7677	-0.6032	-0.7615	0.7723
-0.6981	-0.9488	0.1395	-0.8330	-0.0724	-2.2160	0.2857	0.1110	0.2505	-1.5008	-0.3938	-0.0870	-0.4589	-1.5821	1.4830	0.0502	0.4452	-1.1999	0.3233	0.4320	0.4469	-1.9919	-0.6383	-0.8727	0.1635	0.3160	0.1990	-0.4476	0.4439	0.7121	-1.4819	-2.2283	0.9879	-0.3980	2.0816	-1.5763	-2.2667	0.3062	-0.6879	-0.2805	0.5650	0.2133	-1.1037	0.2794	-0.8030	-0.5385	1.3111	0.3515	1.5614	-0.8598
1.0936	1.9101	1.5479	0.3825	0.9787	-1.4697	0.3130	1.2116	-0.2400	-0.7853	1.1787	1.2982	-0.2655	-0.0990	-0.5564	-0.1104	1.6114	-1.7224	1.4978	1.0049	-1.1421	-0.1662	-1.0769	0.4810	-0.5049	-0.7265	-2.0245	-2.0173	-0.1906	-0.9510	-0.8918	1.1925	-0.3333	0.8983	-0.5649	0.0316	0.8117	1.2514	-0.3849	0.5533	2.0387	0.1309	-0.9859	1.8761	-0.3815	-1.6957	-0.3391	-1.0026	0.9893	0.6631
-1.7451	0.9479	-0.2034	-0.6702	0.6922	0.0523	0.8790	-1.1926	-1.5672	0.2416	0.3049	-1.3993	-0.2715	0.8543	1.7057	-0.4296	-1.1573	-0.6305	-0.8998	0.1764	-0.6300	0.5304	0.1582	-1.6180	-0.6765	0.5424	-0.1198	-0.9500	0.6703	-0.5110	1.7968	0.7998	0.1045	1.3175	-0.2629	1.5722	0.4581	-1.1299	0.4318	0.1732	0.4417	1.0274	0.4700	-0.8662	-0.7656	-0.4218	-0.3706	0.1061	-0.9533	-0.4565
1.0811	0.7593	0.0575	-0.8646	-0.7198	-0.2686	-0.4491	2.2158	1.1982	-0.3859	-1.5557	1.2327	-1.7117	-0.2199	-0.5438	0.9186	1.5678	0.0228	-0.4718	0.8674	0.7037	1.3066	-0.2106	1.6865	-0.0333	0.8984	-0.9026	-0.2799	0.8197	-0.2467	-3.1721	-1.3709	-0.5070	0.0302	0.7672	-0.7195	-0.2177	0.4708	-0.2633	0.4756	0.3667	-1.0389	-0.8585	-1.5140	0.2450	-0.8423	0.2834	-2.0529	-0.6537	-0.8244
-0.9231	-1.9772	-0.9953	-0.0978	-0.3710	-0.5425	0.0430	-1.1160	-0.2783	1.5803	0.7563	0.2716	0.2335	2.3247	0.1799	-0.0550	1.2951	0.7507	0.0204	0.5357	-2.2244	0.4432	-0.3596	-0.4452	0.3428	-0.7697	2.3135	-0.4704	0.6932	0.4376	-0.0716	-0.5893	-1.1900	-0.1509	1.9267	1.1502	1.3098	1.0108	-0.9462	0.5430	-1.1946	0.9587	0.1148	0.7534	0.7755	0.0420	-0.5924	-1.6287	1.6452	1.4698
-0.7510	-0.9142	-0.2593	-0.8487	0.6833	1.5860	-1.0699	0.6326	0.8337	-0.3510	-0.0379	0.6425	-0.5790	-1.6869	-0.4146	1.4617	-1.0373	0.4225	1.1677	-0.1504	-1.3232	0.6520	0.2703	-0.9774	-0.0937	0.9669	0.8148	1.7488	-0.7334	0.5928	-0.6305	0.6663	-0.3133	0.1017	1.1201	-2.8566	-1.4448	0.3618	-0.9459	-0.2290	0.1214	-0.5835	-0.0436	0.3898	-1.4136	0.2984	1.8067	-0.1331	-0.8450	-0.3411
0.0372	-0.5044	-0.4707	0.4911	-0.3153	-1.2438	0.7960	-0.8981	0.8171	-0.5916	-1.4453	-1.6753	1.8831	-0.9764	0.8198	0.3930	0.0810	-0.1918	0.5836	-1.2096	-0.6266	-1.7968	-0.7739	-1.5671	-0.1020	-0.1278	0.3276	2.5215	1.0342	0.3521	2.3917	1.2610	-0.1211	0.3362	0.2537	0.1674	1.5181	-0.8603	-1.2139	-1.6621	-1.3045	-1.3905	-1.1980	0.1244	1.1581	1.5307	0.0405	-0.4224	2.1351	-0.4763
-1.3061	1.7026	1.1030	0.6726	-1.0322	0.5848	0.8185	1.1735	0.5418	0.7019	-0.2816	2.4369	-0.8731	-1.1486	0.5154	-0.8157	-1.3021	0.9582	-0.3339	0.7135	0.6496	0.0700	0.1864	-0.3728	0.0911	0.1439	-0.8355	0.6856	-0.0567	0.0380	-1.1302	-0.6281	-1.0560	0.5167	0.9721	0.3456	0.2986	-1.4201	1.8423	-0.2143	0.5649	1.3766	-1.2421	0.7291	1.2609	1.8398	-0.4035	-0.5585	0.2999	-0.4378
1.5612	0.5025	-0.2272	-1.6399	0.0053	0.1995	0.2300	-0.6574	-0.0341	0.4596	-0.8895	-0.4953	1.2012	-0.9958	1.5586	0.2310	-1.4268	0.3973	0.3184	-0.8364	0.8486	-1.7096	1.6217	-0.6995	0.8512	-0.6448	1.5958	0.7666	-0.4647	0.0008	-0.1083	-0.3441	-0.4741	0.0245	-0.9092	0.4345	-0.0817	0.4688	0.9880	0.2620	0.9637	1.0963	1.0401	-1.0096	-0.2970	0.5032	-0.0481	-0.2532	-0.7057	1.3972
0.5016	1.0942	-0.3239	-1.4930	0.0845	-1.2274	-1.6913	-0.2649	-0.9221	-0.3093	0.3109	-0.8987	0.5705	0.9491	0.1518	-0.9652	-0.6547	2.6363	-1.2629	0.0623	-1.6274	0.1752	0.5157	-2.3996	-0.6958	-1.4130	-1.1001	2.2109	0.4985	0.4626	-1.9089	-0.8313	1.2025	1.9905	0.8241	1.0946	0.1920	-0.1880	-0.1151	-0.8601	-0.1769	0.3032	-0.9314	-0.9939	0.4730	-0.0383	-1.0213	0.1643	-0.4368	-0.7268
1.0057	1.1316	1.1392	0.0293	1.7390	-1.1567	-0.7874	0.0125	-0.4795	0.0788	0.2589	0.1325	0.6112	-0.2027	-0.5962	0.4218	0.0793	-0.4242	0.5218	-3.3614	-1.7975	-1.4136	-0.4767	0.3969	-0.8006	-0.4955	-0.9938	1.2854	-0.4593	0.8593	0.4991	-0.8988	0.8607	-1.9875	1.4024	1.0867	0.2114	1.4782	-1.3295	0.9170	0.4533	-0.3038	2.7818	0.5555	-2.1246	-0.1413	-0.5385	-1.6660	1.5444	-0.3924
0.3829	-1.0607	-1.1758	0.4873	-0.6877	-0.5126	-0.9306	-0.8418	0.8717	-0.9116	-1.1972	0.4008	0.0202	0.7429	0.3063	-1.8610	-0.5351	0.7181	-0.7805	0.1084	0.5374	0.0145	0.3226	-0.1302	0.7395	0.4178	2.0579	0.3608	-2.0047	-0.9619	0.9720	-0.5196	-0.6873	0.4623	1.1208	0.1905	-0.0125	0.2560	-1.2622	1.0640	-1.0529	-0.8778	-0.3598	2.2556	-0.4898	-0.4576	-0.6094	-0.0902	0.4361	0.1598
-0.9404	-0.8668	-2.1362	0.4208	-0.8599	0.7548	0.2540	-1.2882	0.5146	1.1681	-1.5679	0.8795	0.1291	-0.5336	-1.0107	1.0282	0.9182	0.0794	0.0242	-0.8302	1.6091	0.3978	2.3644	0.3035	0.0860	0.1961	-1.6755	-0.5076	0.2825	1.0056	1.2544	0.1888	0.4456	-0.7642	-1.2089	0.7026	-0.8883	-0.7002	1.5341	0.1682	-2.1519	-0.0578	0.6435	1.1893	0.1057	1.5589	0.5377	0.3505	0.7462	-0.4784
0.8039	0.3652	-1.0675	0.5916	-0.2382	-0.0115	-1.7921	-0.9524	0.3256	0.3851	0.2727	-1.4286	1.8735	-2.0636	1.0250	0.0454	-1.5939	1.3695	0.4535	-1.3878	0.0107	-0.2431	-0.0841	0.2584	0.4326	0.4692	0.6957	-2.4133	1.9720	0.5197	-1.4938	0.2240	-0.6807	0.9060	-2.0986	-1.4176	0.2099	1.0939	-0.3006	-0.7666	-0.9842	-0.5332	-1.4315	-0.6256	3.0383	1.4934	1.1318	-0.1074	0.7092	1.3249
1.1697	0.6321	0.4090	-0.0179	0.5665	-0.1495	-0.3415	-1.5975	-0.6412	-0.3827	0.8232	-1.3985	-0.1005	2.0055	-0.3580	0.3800	-0.1247	-0.4590	-0.8737	-1.2022	-0.9467	-0.1669	-1.9818	-0.6173	1.0453	-0.5837	-0.3845	0.4142	-0.2766	-1.1026	1.3772	-0.6591	1.7494	0.5449	-1.0717	-0.8469	0.7173	0.5723	-0.7273	-0.5735	-0.6392	-0.4746	-0.5162	0.3044	2.1629	0.8272	-0.1405	1.2991	0.5058	-1.2790
-0.5507	-0.8936	0.7550	-0.4464	-0.2295	-0.3972	-0.4737	-0.3804	0.7384	-0.9284	-0.1788	-0.4052	0.5126	0.3225	0.4631	-1.0203	-0.8739	-0.6327	0.2716	-0.1753	0.3955	2.5512	1.2574	0.4329	-0.6120	-0.8529	-0.1781	-0.1083	-1.9741	1.0990	0.7791	0.9465	-0.4827	0.5875	-1.1777	1.3334	-0.4593	-2.5654	-2.2245	0.3394	0.0050	-0.1576	0.5860	-2.1818	-0.8222	1.3594	0.3494	0.7910	0.6117	-0.4585
0.6809	-1.4515	1.5517	0.9250	-2.0488	0.6217	0.8257	-0.7523	0.8186	0.3510	0.8760	-0.4279	0.0633	-0.9201	1.0859	-0.3636	-0.0327	2.7820	-0.5826	-0.5532	-0.6108	-1.6020	0.3636	1.3658	-1.0494	-0.9472	1.1486	-0.5909	0.5610	-0.7358	-0.9250	1.4360	-0.6443	0.0954	0.4271	1.1174	-1.7171	-0.4641	-0.5889	0.1785	0.2304	-0.9199	-0.2594	-1.5683	-0.6498	0.9058	0.0268	0.9296	-0.8314	-1.1102
-1.3830	-1.5203	1.3147	-0.9085	0.2343	-0.4023	0.4067	-0.5097	0.5326	-0.2229	-1.0600	-0.7317	-0.3251	-0.3795	-1.9103	-0.3741	-0.7618	-1.2844	1.1337	2.2870	-0.3765	0.7353	-0.7769	-1.1027	0.7024	0.5483	0.9085	-0.8587	0.1616	0.3003	0.2913	-0.7509	0.1624	-1.1669	-0.5183	0.3784	-1.0054	0.4723	0.3564	-0.7284	1.7223	-0.4317	-0.4545	1.0180	0.5322	0.3047	-1.0631	-0.4351	0.9862	0.8095
-1.3796	0.3452	-0.1182	-1.0075	1.0128	0.6552	0.0184	0.7191	-1.0290	1.0490	0.2202	-0.5759	-0.6255	0.1414	0.0522	-1.2677	-1.1567	-1.9253	1.8957	-0.4419	0.3087	-0.3535	-0.4659	0.1027	2.2110	-0.7274	-0.6174	-0.4698	-0.1888	-0.8185	-0.9451	0.8957	-0.0824	-0.0179	-0.6988	-0.2973	-0.1744	-1.2171	0.1288	1.7717	-1.0382	-0.9501	-0.3412	0.7244	-0.1633	0.7950	1.8251	-0.9762	0.0512	-0.6220
-0.3194	-1.0809	0.4696	-0.3674	-1.4555	-0.2322	-1.9916	2.3755	-0.5431	-0.3073	0.0518	-0.1318	1.0004	0.0248	-1.3449	-1.0830	0.9634	0.3299	0.3003	-1.0830	0.1194	-0.4971	2.2317	-1.1214	1.1963	-2.2474	-1.0831	-1.0700	1.1814	1.7954	-1.3137	1.8133	0.8031	0.9651	0.1884	0.0466	0.7729	1.1914	0.9601	-0.8396	1.9262	-0.3499	0.2946	-0.6964	-0.1651	-1.4260	1.9790	1.7078	-0.1761	-0.3273
0.6443	2.2902	-0.6608	-0.6405	-0.0662	-0.7209	-0.2686	-0.3683	-1.2623	1.3565	-0.2938	0.0503	-1.4605	0.7214	-0.2112	-0.6553	-0.8999	-0.2850	-2.0872	0.4429	0.9965	-0.3125	-0.3837	0.8933	0.8532	-0.3581	0.0938	-0.6937	-0.4091	0.8095	-0.2609	-0.6153	-1.3301	-0.5574	2.0968	0.7691	0.2523	-0.2981	0.6841	0.1515	-0.7850	1.3200	-1.1622	1.3481	0.5505	-3.4555	0.7550	-0.3541	-0.6636	-1.2552
-0.6880	0.7240	0.2608	1.4223	0.9658	-0.3730	1.1001	1.5017	0.0093	0.2600	2.1082	-0.3234	-1.6773	0.9002	1.3805	-1.6175	-0.2262	0.6037	0.1163	-1.7776	-0.2109	-0.7596	1.6377	-0.0304	-1.6731	1.1609	-0.0805	-0.6977	0.3146	1.3019	0.4669	-0.2064	0.8808	0.7879	2.3214	-0.8052	-1.0811	-2.0404	-1.5619	-2.8567	0.8680	-0.0722	0.7987	0.6750	1.0288	1.6579	-0.4518	-0.7621	-0.0509	0.2755
0.3660	1.1905	-0.5574	-0.5031	-0.5192	0.7720	-0.0619	-1.7186	-0.1793	0.2141	1.1185	-0.9227	-0.3294	0.2709	1.5811	-1.5595	-0.2169	-0.0646	-1.1464	-0.5230	-0.2160	0.2687	-1.6743	-0.2643	-0.0327	-0.6067	-1.4585	0.8903	-1.5300	0.3306	-0.5222	1.8266	1.5653	-0.7664	0.9460	-0.7116	-0.7163	-1.7971	0.1024	0.4322	-0.6956	1.2208	-0.8690	0.4641	0.3605	0.1912	0.5457	1.6229	0.3342	-0.1968
-1.9017	0.8884	-0.7903	-0.5747	1.1607	-1.3423	1.2277	-0.4005	0.1583	1.0996	0.8649	1.9507	-1.6254	1.3902	0.2639	0.6682	0.5687	0.4432	-1.3831	0.1935	-0.5767	0.5138	-1.9802	-0.2773	1.4251	1.1993	-1.3917	0.7535	0.4115	-0.7012	-0.6043	0.5162	0.4596	-0.5729	0.6869	-1.1358	0.5815	-0.0203	-0.3823	0.4555	-0.9381	-0.9170	-0.6482	0.5002	-0.6683	0.8449	-0.0054	-0.0696	2.0625	0.6978
-0.6267	-1.7137	0.9077	0.0333	-0.7017	0.7918	0.5303	0.6499	0.9304	1.6658	-0.3293	-0.1675	-0.7192	-2.3351	1.0279	-0.4502	-0.5234	1.0728	1.6042	0.4077	0.0269	-0.8816	-0.1432	0.0127	0.0771	-0.7536	-0.2454	-0.9891	0.3849	0.7144	0.0242	-1.1221	-0.5833	0.6054	-0.9985	-1.0979	0.0682	3.5266	-0.0645	0.2205	1.0271	0.8594	0.6183	-0.0445	-0.4158	0.6825	0.2656	-0.6467	0.5212	-1.1849
0.9972	-0.2103	-0.0660	-0.1270	2.8161	-0.2333	0.0508	0.7593	-2.1542	-0.1657	-0.5406	-0.1603	0.3393	-0.9281	-1.0813	-0.5105	0.5060	0.2376	1.2548	-0.7664	1.5488	1.3763	-0.4758	0.3825	-0.3724	-0.1147	-1.1921	1.9298	0.1595	0.1927	-0.6388	-0.4480	-0.5683	0.9599	1.3955	0.5624	-0.2762	-0.6805	0.3474	-0.6627	0.7826	0.7879	-2.1245	2.7590	-0.4380	1.6909	0.0891	-1.1082	-0.7198	-0.1656


