
X1	X2	X3	X4	X5	X6	X7	X8	X9	X10	X11	X12	X13	X14	X15	X16	X17	X18	X19	X20	X21	X22	X23	X24	X25	X26	X27	X28	X29	X30	X31	X32	X33	X34	X35	X36	X37	X38	X39	X40	X41	X42	X43	X44	X45	X46	X47	X48	X49	X50
-0.0410	-1.3595	1.1356	-1.3278	-0.6609	-0.2773	1.8288	-0.7590	-0.1581	1.0824	-0.4689	0.4711	-0.1754	-2.1633	0.5580	-1.8055	0.3228	0.9181	0.6763	-0.8691	-0.9292	0.2896	-0.4389	-0.8293	0.7296	-0.4503	0.5625	1.7476	-1.3089	0.5190	-0.0245	-1.2140	-0.2926	-0.6755	0.1628	0.4873	1.4926	0.1984	0.4615	-1.0380	-1.8838	2.0073	-0.9696	-1.6660	0.4281	-0.3091	1.5376	1.4475	1.9278	1.2279
-0.9316	1.2001	0.3627	0.1478	0.4063	1.0221	-1.4510	-0.7411	-0.9868	0.7208	0.0610	-0.6376	1.5707	-0.4158	0.8242	-0.5435	-0.1173	0.7916	0.2641	-1.1437	-1.0243	-1.5936	-1.3830	-0.8362	-0.6610	-1.6846	0.8937	0.4191	0.7972	0.4277	0.9456	-0.5337	1.5240	1.5429	0.4190	-0.7251	1.5932	-1.4226	0.4090	-0.4878	-0.7131	-0.9172	0.2952	-0.7993	-0.8613	1.1575	-0.7417	-1.2305	-0.7747	0.3349
1.2077	-0.3245	-1.0706	-0.4576	1.5549	-1.6661	-0.7358	-0.5393	-0.7987	0.8556	-0.4136	-1.4315	-1.6433	0.3929	0.0659	-2.3384	0.0054	-1.5551	-0.7893	-0.2994	-0.9242	-1.4670	-0.3669	-0.5309	0.2407	0.2518	-0.0678	-0.7713	1.3533	0.5303	0.0903	-0.2396	-1.0731	-0.2528	-0.2721	0.2519	-0.3028	-1.2010	-1.0279	0.9999	-0.8391	-1.0417	1.4431	-0.4219	-0.1647	-0.8870	-0.6194	0.6513	-0.8568	0.3452
0.8363	-0.6159	0.1868	0.1498	-0.6104	-0.7265	-1.8218	0.1840	0.7145	-0.0308	-1.1501	-0.1728	-1.2541	-0.1782	1.2227	0.7203	-0.3949	-1.0008	0.3022	1.1771	-1.8782	-0.3469	2.3844	1.3770	1.4561	2.0231	0.3101	1.1924	-1.6663	0.1740	0.9116	0.4990	-0.2407	0.9114	1.5320	-1.8858	0.3253	0.2389	-0.8826	0.0423	1.1595	1.1053	-1.6708	-1.1515	0.7977	-0.3432	0.6744	-0.5987	1.4035	-0.8731
-0.0123	-0.8596	-0.7054	1.1265	-0.1261	-0.8892	0.0489	-2.0573	-0.4214	-1.1211	1.2555	0.6356	0.8109	-1.9402	0.6227	-0.9761	-0.7276	0.8527	-0.6399	0.8297	-1.1891	-0.9815	-1.2995	1.0144	1.1598	-0.0638	1.8091	1.6739	-0.8534	-0.4764	0.8263	0.0512	0.0353	-0.0640	-0.5336	0.5694	-0.7298	1.0497	0.7998	-0.2090	1.6063	-1.3139	-0.3955	-0.0159	-1.2998	0.8509	-0.0801	1.0686	1.4811	0.4670
-0.5453	-1.3775	-1.8534	0.7334	0.6534	-1.7604	-0.0580	-1.1305	0.0391	1.2246	-1.7412	-0.8798	0.7603	0.9048	-1.6139	-0.2090	1.3459	-1.9497	-2.2041	1.4223	1.4341	-0.2282	-0.4269	0.1843	0.7189	0.4353	-0.6712	-2.0587	-0.0760	-2.2809	-0.1154	-0.7435	1.4358	-0.6526	1.4153	-0.7556	0.6883	0.8781	-1.6342	0.2985	1.0588	0.4176	1.3593	-0.3229	0.0309	-0.0282	0.4082	1.2924	-2.1896	1.0569
0.2527	-0.8269	1.7283	0.3395	-0.1990	-0.4142	0.2551	0.3381	1.1013	-0.9712	0.4984	-1.1115	-0.3581	0.1990	-0.8377	0.5329	-1.4491	0.5090	0.2310	-0.5048	0.0920	-0.6028	-0.2999	-0.0667	-1.4184	2.3751	1.0401	-0.4471	-1.7544	0.9443	0.4860	0.6694	-2.1742	-0.0405	0.7980	-0.1132	-0.0544	-0.6298	-2.0436	1.1376	-0.2167	0.8859	-0.1392	1.0472	0.2657	-1.2925	-0.5520	-0.9606	0.2911	1.5037
-0.4470	-0.3698	0.3842	0.0962	-0.6385	-0.6801	0.7236	1.2499	0.6556	-1.1146	-2.0300	2.3813	-0.2052	-0.7339	1.1927	0.4134	0.5420	1.0250	-0.3527	-0.7458	0.1997	-0.0225	-0.4678	-1.5791	1.0823	0.1010	-1.0262	0.1123	-1.6777	1.0484	-1.0122	0.6349	0.1465	1.1095	-0.1210	-0.2788	-0.1794	-1.4261	-1.0186	1.2104	1.0068	1.0296	1.3490	-0.3997	-0.5755	-0.0050	-0.4869	-1.5191	0.7875	-0.9216
1.1146	-0.2952	-0.5702	-0.4217	-0.6988	0.9445	1.8306	0.5301	0.3719	0.3223	0.7021	-1.3202	0.0874	0.4092	-0.7576	-0.3909	-1.2257	0.7846	0.7977	0.5630	-0.4493	-0.2615	-0.4621	0.0564	0.5299	-0.1307	0.0671	1.2207	0.4052	0.9640	0.0526	0.4146	1.0056	0.0999	2.0422	-0.3465	0.7000	-0.5867	-0.1757	0.8608	-1.4153	-0.8581	1.4075	1.6239	0.6777	1.5438	-0.0058	-1.3077	1.5194	0.7744
-0.2543	2.5707	-0.1715	0.8236	0.1140	0.3975	0.2414	-1.6078	1.8657	-0.2734	0.5684	-0.9491	0.7612	-0.5010	-0.0753	0.6685	2.7195	-0.5125	-0.4331	-2.2168	0.1694	0.4762	-0.0381	0.6355	0.7371	-1.2355	1.3621	-0.2569	-0.5030	1.6336	-0.5080	0.0842	-1.2567	-1.9698	-0.8526	0.6169	-0.2652	0.9403	0.3915	-1.5037	0.2517	-1.8734	0.2513	-0.5705	0.1693	0.4136	-1.3946	0.5302	-0.7852	-0.9408
1.8542	0.3364	-0.7403	-1.9820	1.5450	0.8490	0.5285	0.3266	-0.7466	-1.1847	-0.4690	-1.2288	0.0044	-1.0102	0.6760	1.5278	0.7860	-0.8194	1.1238	0.1463	-0.0299	0.1368	-0.2466	0.3597	-0.3806	-1.7156	-0.8668	0.8143	1.3499	-1.6985	-0.2175	0.7674	0.6786	0.0593	-0.2550	1.1137	-0.6848	0.7148	0.1812	1.6467	1.6703	0.4539	-0.5499	-0.7081	-1.0842	0.0570	-1.3978	1.3189	-2.1716	1.2970
0.4821	0.9255	1.0391	-0.7720	-1.9792	1.2652	1.2519	0.5030	-0.1445	-1.6015	1.1850	3.3222	-1.3714	0.4447	0.3017	-0.5363	-0.2415	-0.2617	1.3226	-1.6037	-1.1202	1.5537	0.0327	-0.9028	-0.4165	0.3069	-0.4053	2.6053	-0.8941	-0.7860	-0.6581	0.6405	1.0789	1.2452	0.1450	-1.0422	-0.6199	-1.2737	1.0742	0.7112	-0.1933	0.2763	0.9583	-0.9696	-0.4748	0.5014	-0.6185	-0.1253	-0.0456	0.4084
0.7387	-0.5947	-0.5105	0.5230	-0.6230	-0.7456	-0.1141	-0.9114	-0.8992	-0.7443	0.0730	0.9570	-1.3201	-0.7854	0.8695	-1.4085	1.2553	-1.7121	-0.2109	-1.1892	-0.0997	-1.6842	-0.1646	-1.3744	-0.8971	1.6957	1.2360	-0.7848	1.0374	-0.4461	-0.2240	0.9441	-1.0366	1.2492	1.6925	0.3952	0.4604	-0.1094	-0.9757	-1.3941	-0.9736	-0.1097	-0.0150	0.6086	-1.1247	0.4476	0.5881	0.5954	-0.0858	1.3644
0.0193	0.4875	0.9381	-0.3430	-0.1946	0.1799	-2.1555	-0.1112	0.1695	1.0302	-1.1430	-0.5773	-0.4671	-0.1205	0.0850	0.5745	0.5912	0.4645	-0.4250	-0.5832	-1.5758	1.5417	-0.3983	-0.1094	-0.8112	1.4299	-1.6753	1.1853	-0.2749	-0.6087	-0.2944	-0.1089	1.4185	-0.6331	-1.8558	-0.6722	0.2047	-0.4291	1.8012	0.1812	1.4055	-0.6534	0.8867	1.2810	-0.9909	-2.6021	-0.1528	-0.6685	-0.6022	-1.7289
-0.5961	1.0995	-1.0845	-0.1967	0.3382	-0.7775	1.7777	-0.5518	0.0317	0.2430	-0.0329	-0.3219	-0.8582	-0.7505	2.1795	-0.8493	0.0434	0.1627	-0.0151	1.2753	0.0660	1.2802	1.1521	-0.1672	0.1385	0.8704	-0.1468	0.8338	-1.6492	0.1439	0.8643	-1.3359	-0.8008	0.1421	1.2232	-0.1990	0.4912	1.2002	1.4605	-0.9119	0.7429	-0.4448	0.9449	-1.0161	0.0049	-1.3572	0.5915	-0.7125	0.8615	0.0924
-0.6512	1.3424	-0.7791	-2.3234	-0.2546	1.1453	0.1452	1.2848	1.7177	-2.2453	1.4841	-1.4590	1.2384	0.2280	-0.3012	-0.0087	1.5597	-0.9910	-0.2598	-0.2966	-0.8147	0.4968	0.5788	1.2382	0.8226	-0.8334	1.6300	-2.9021	-0.2189	-1.5444	1.0249	-0.6570	0.6638	0.5778	-2.5957	-0.2302	-0.4061	-0.8797	-0.2736	0.1588	-0.0206	-0.8384	-1.3314	-0.9719	2.1428	-0.4713	0.9970	2.1263	0.3222	-0.8720
-0.0167	-0.8019	-0.6632	1.3712	-1.7893	-0.3361	0.2160	2.8877	0.8105	-0.2283	-0.3014	0.2300	-1.2556	-0.6675	-0.9329	-1.2644	-0.1499	-1.5401	2.2955	0.0480	-0.8753	-1.4603	-0.2174	0.6554	0.6307	-0.5922	0.4803	0.1499	-1.0550	-0.5977	-0.4336	0.4447	0.0310	-1.7043	-0.0794	0.9397	0.4722	1.7709	1.8728	0.1975	-0.9404	-0.2028	0.7570	-0.7669	-0.3778	0.2518	0.0354	-0.8266	0.9649	-0.9089
-0.3104	-0.6594	0.1223	0.4443	0.6623	0.4484	-0.7533	0.3328	1.1697	0.0378	0.3835	0.2263	1.5874	-0.1973	-0.3178	-0.5049	0.6996	0.0928	0.9967	-0.5276	-1.2230	0.2159	1.6522	0.8380	1.1003	-0.8626	-1.0055	-1.7532	-1.9646	-0.6224	1.0424	-0.5295	-0.8715	-1.0044	-0.2900	0.0222	1.0120	-0.3163	0.8659	0.2580	0.8604	-0.0677	0.9056	2.9603	0.8942	-0.7455	0.3385	2.1361	-0.1539	0.1462
-1.5700	-1.5823	-0.9945	-0.0484	1.0200	-0.5572	-0.9908	-0.3964	-1.4289	0.0660	-0.3043	0.0546	0.7337	2.0528	-0.4386	0.5419	0.2164	-0.4803	-1.2633	-1.6875	0.1907	-0.3754	0.8652	-0.3298	2.5225	1.3823	0.5146	0.2774	0.2566	0.5967	-1.2769	-2.1320	1.2133	-1.0009	-1.6802	1.1307	-0.4598	-0.2754	0.0855	1.9097	0.6949	-0.4772	0.2937	-0.6603	-0.1404	0.8694	-1.0911	0.6135	0.5843	-1.2336
1.9000	0.0806	0.5911	-0.9337	0.1876	0.3011	2.2647	0.6010	-3.0068	-0.7100	1.0495	-0.6818	0.0300	1.1409	1.2176	-1.8097	-1.7394	0.8604	0.2867	0.1708	-0.0100	1.8439	0.8750	0.7753	0.1082	-2.1994	0.0445	-0.6476	-0.8874	0.2562	0.6206	1.4354	-0.2584	0.1499	0.2328	0.0768	0.4402	-0.8483	0.1752	-1.4721	1.5544	-0.2082	0.6111	1.3758	0.9450	0.9019	0.4109	0.4453	0.2617	-2.1428
-0.9029	-2.3342	0.2520	0.1841	-0.8767	-0.8095	-0.8155	0.1064	-1.3347	0.7509	-0.4313	-0.1576	0.8694	0.1167	1.0766	-0.1441	1.6709	-0.8516	-0.4942	-0.6443	1.1529	-0.0171	0.5814	0.9471	-0.0717	-0.1235	0.8757	0.0762	0.4750	0.0187	0.5211	0.2239	0.1193	-0.7925	1.8886	-0.7323	-1.3068	-0.8824	1.4092	0.8227	1.3799	1.4240	0.6252	-1.0120	-0.6541	-0.2618	-0.8339	-0.8140	0.1609	0.8610
-0.6412	-0.8109	0.5314	0.2099	-0.7782	0.5292	0.4222	-1.5690	-0.9699	1.8944	1.3624	1.5899	-0.9007	0.6708	1.3551	0.8443	-0.7179	0.3114	-1.1946	-0.9587	-1.5754	-0.8540	0.7152	1.7103	0.3059	1.4702	-0.7287	-0.3280	0.0141	-0.7265	2.0726	-0.5900	0.9417	0.0872	2.0024	0.1902	1.4699	-0.7042	-1.2393	1.2142	0.4695	0.2280	-1.7136	1.6147	-0.0426	2.2153	0.6334	0.6614	-2.5598	1.1738
0.3347	-0.2384	-0.7928	-0.2186	0.4799	1.0269	0.0979	1.7228	0.2458	-0.4562	0.8794	-0.2334	0.4980	-0.4137	-1.3146	0.0647	1.9335	0.1014	0.2551	0.6135	-0.0664	-0.1245	-1.4609	-0.5667	-0.6723	-0.8205	-1.5811	-0.6812	0.0703	1.0307	-1.7372	-0.6066	1.6323	-0.6853	-0.7802	-0.0791	1.0717	-0.6105	-1.9582	0.4097	0.1216	-0.6990	0.3640	-1.6095	1.1633	-1.9089	0.2059	-0.0580	-1.0626	0.7165
1.7165	1.0517	1.3496	-1.0605	1.3920	0.1491	-1.5953	0.9119	1.0922	-0.6363	0.6534	0.4775	-1.0797	1.4288	-0.3510	-2.5316	-0.8959	0.7436	-1.3591	-1.1746	-0.0606	-1.9159	1.1633	-1.8509	-1.1572	2.0560	-2.0169	0.8309	1.1683	0.5546	-0.6358	0.8936	0.3102	1.3362	-0.9507	-1.7096	1.7983	-1.9076	0.6693	1.6157	1.4568	-0.5232	-0.2754	2.4275	1.7069	0.6562	-0.9432	-1.0297	-0.3539	0.2607
1.9887	-0.4925	-0.3974	0.1755	1.7228	0.6908	0.6792	0.7994	-0.4259	0.9651	0.3239	-0.0763	1.5329	0.3979	1.1386	-1.6464	-0.2624	-0.4729	-1.3898	-2.6038	2.2874	0.1828	0.0540	-0.5360	0.4912	-1.5387	0.8228	1.0661	0.8705	0.0667	-0.8962	1.6372	-0.1031	0.3429	0.5551	0.6629	-0.7763	0.9167	1.6115	-1.8298	-0.6915	0.4821	1.3625	0.6876	0.6598	-0.0998	1.4609	0.0234	-0.7227	-0.4685
-0.4142	0.7940	0.4986	0.2606	0.8919	-0.2578	0.2660	-1.2876	-0.7460	0.8841	-2.2198	0.9459	-0.2631	1.0672	-0.9287	-1.7989	0.6493	-1.2882	0.5131	1.3047	0.7085	1.1370	-0.2822	-1.0976	-1.1532	-1.2561	-1.5166	-1.0090	1.2528	0.2880	0.9866	0.4311	-1.2759	-0.4065	-0.9798	0.2599	0.9352	-0.4016	-0.6400	-0.1780	-1.0017	0.8795	0.0753	1.9504	-1.4889	0.4196	-1.9514	0.1058	-0.8473	0.0366
1.4269	-0.5028	0.7939	0.1200	-1.2841	1.0352	-0.6648	-1.5727	1.1625	-1.7217	-0.4778	0.0863	-0.5463	-0.4326	-0.3459	0.5709	0.4009	0.1122	-0.7795	0.0260	0.3101	-0.7873	-0.2301	-1.4378	-0.3455	0.5064	0.6449	-0.0810	1.2002	-0.3167	-0.8127	1.4418	0.0557	-0.9904	0.1190	1.4704	-1.2589	0.5901	0.8088	-0.3162	-1.6219	-2.9613	0.6328	-1.4141	-0.6950	-0.2645	0.3714	-1.2058	1.0566	-0.4206
1.2651	1.2175	-1.5031	-0.1995	-2.1312	-2.9003	-0.6851	-1.0541	0.4119	-1.0598	-0.6008	-0.9202	-0.2931	1.6641	-0.8902	0.8034	-0.8918	0.7324	0.2285	0.0721	2.0406	0.4132	0.6073	-0.3565	-0.6874	-1.1448	0.9403	0.9633	-0.6194	-0.0704	0.4828	-1.2239	-0.9407	-1.0186	-0.3521	-1.8226	0.5686	0.4717	-1.0068	1.6654	-0.9586	0.8888	-0.3965	0.0187	-0.2473	-2.2667	0.5476	1.8331	-0.8927	-0.8803
0.7831	-0.2623	-1.6030	-0.3641	0.5315	0.8910	-1.0514	0.3783	-0.4468	0.5977	0.7988	-1.6626	-1.3774	0.2033	-0.5157	0.2167	-0.2120	-1.4450	-1.9153	-0.5835	-0.3170	-1.5645	-0.4914	2.0131	0.0391	-1.2109	0.1954	1.1894	0.8516	1.3169	-0.9127	1.0716	1.6326	0.5131	-0.1894	0.7100	-0.9035	-0.0132	-0.2960	-1.6852	1.3947	1.1280	2.9679	0.3651	-1.1044	0.6720	0.4924	-0.9914	1.4296	1.3692
0.6582	-0.5895	-0.9922	-0.9604	1.1632	-0.3264	-1.1712	1.5112	3.1710	-0.2520	-0.9713	-2.2808	-1.2350	1.3586	-0.4071	-0.9071	0.6905	-0.3143	-0.2232	0.8306	1.0618	0.2421	0.3494	-1.0259	0.7800	-0.2589	0.8855	1.0079	0.0714	-0.9809	0.4666	1.7270	0.1087	-1.2078	2.0821	-0.2474	1.1688	-0.6640	-0.8977	0.3547	-0.2304	0.9313	1.5923	-1.1323	-0.2270	-0.4636	0.4664	-1.3465	1.1845	-0.5951
0.0279	-0.3532	-0.4960	0.8675	-0.3702	1.8644	1.5510	-0.8135	-0.2075	-0.1052	0.6777	-0.3493	-0.3510	0.3641	-0.2931	-0.7724	-1.1953	-0.8544	0.7373	-0.3747	-0.4435	0.0597	0.3025	1.8389	-0.6129	-0.9651	1.4038	1.3143	-0.3745	-0.6293	-0.3529	0.4732	-0.2384	0.9217	0.5370	0.2753	0.0096	-0.3824	1.1424	0.6714	-2.0658	-0.1391	-0.7631	-0.1032	-2.4900	0.4629	1.2042	-1.0674	-0.9057	-1.2954
-0.0394	-1.5899	0.4193	0.7596	1.0098	-1.0834	-0.1397	0.8162	-0.1925	-0.6050	1.0104	-0.0929	0.4063	-0.4578	0.2994	0.0993	0.9124	-0.1573	-0.7469	0.0918	0.1953	0.6991	-1.2965	2.7719	-0.4445	-0.6085	-0.3861	-0.5265	0.8474	1.0457	0.3170	1.4231	1.8595	-0.5917	-1.0297	-0.2212	-0.1472	-0.4854	1.8839	-1.2766	-0.3480	0.0501	0.7307	0.3752	0.3065	0.0533	1.4487	-0.4521	-1.2835	0.2324
2.0592	0.4712	1.3361	-0.5920	0.2706	-0.6902	0.3198	-0.7370	0.3165	-0.1690	2.0329	0.1127	-1.4756	-0.3395	-0.1821	-0.8383	-0.0481	-0.1678	-0.5305	0.7582	-0.5329	-0.5518	1.0766	1.1161	1.0573	1.6717	-0.4212	-1.1243	0.5979	0.1851	0.2345	1.2017	-0.1427	1.0565	1.4287	-0.4516	0.4308	1.7682	-1.4879	-0.6889	0.5076	0.0609	-1.3977	0.2157	0.6707	1.8087	-1.9298	-0.7038	0.5076	-0.4329
-2.4554	0.8535	0.8219	0.1755	0.3890	1.1107	-0.1441	0.1004	0.1030	0.9089	-0.8932	0.3520	-0.1819	0.7338	2.0182	0.4522	-0.0160	0.4543	0.5251	0.8139	1.2541	-1.3328	1.3230	0.6099	-1.9980	0.1989	0.3211	1.0673	-0.7165	0.4745	0.2430	-0.3664	0.9361	0.8013	-0.9752	1.0883	1.5555	0.4203	-1.5680	-0.9739	-0.5159	-0.9039	-0.0978	-0.2492	-1.2149	-1.6535	-0.6001	1.5161	0.1874	-0.5392
0.1040	-1.3753	0.3518	0.9992	0.1423	2.0656	2.2579	0.6415	-0.1944	0.1584	2.0216	0.8160	-0.4642	0.0081	-1.7136	1.0699	0.1692	-0.4555	-1.5427	0.1073	0.7013	-0.9021	0.8880	0.0948	1.3659	-2.4848	-0.0824	-0.5711	-0.0237	0.3064	-0.1404	-0.2934	0.6511	-0.5610	0.0023	0.8552	0.4152	0.4232	1.0290	1.4112	-0.7777	-1.4815	-0.1797	1.5054	-1.6188	1.0326	0.5905	-3.1228	0.1474	-0.7451
0.2311	0.9427	0.9561	1.1579	-1.0309	1.3954	-0.2614	-0.9268	-0.0511	-0.2360	1.0106	1.5267	-0.6500	0.1648	1.9549	-0.4700	-0.4745	1.6860	0.8804	-0.8145	0.8634	0.4461	-0.0479	0.4148	0.9857	0.4699	0.3736	-0.5391	0.6347	1.4992	-0.0223	-0.8185	-0.1422	0.7601	0.1722	-0.2687	0.7593	-1.2571	1.2799	-3.9562	-0.7632	-1.3374	-0.1377	-2.0880	-1.3626	-1.5670	0.0752	0.7382	-0.8393	-0.8048
0.0686	0.6618	0.5292	-0.2570	0.0122	0.0029	0.1285	-0.2127	-0.0479	-0.6221	1.7306	-0.4008	-1.8974	-0.3534	-0.6375	-1.0543	0.6858	0.6063	-0.9750	-0.5124	0.9625	-0.6351	1.2498	-0.1157	-0.8208	1.4958	0.9664	1.4451	-1.0407	-0.5441	1.9453	-0.2022	-0.7458	-1.4116	-0.2643	0.4083	-0.2156	-0.5750	-0.6783	-0.7511	0.7193	-0.0306	-1.7912	0.7816	-0.0685	-0.1886	0.1074	0.2047	-0.0345	0.0548
-0.4062	0.0915	0.5247	-2.7298	-0.2810	1.2342	-0.5247	-0.8846	-0.4198	0.1677	-0.9243	-0.6676	-0.6183	1.4144	0.1818	-0.0810	0.0285	-0.5819	-0.3304	-1.0429	0.2868	1.2653	0.9176	-1.0303	-0.6771	-0.5534	-1.3534	0.8074	0.7841	-0.4596	0.7680	0.4685	1.0963	1.2219	-0.0427	0.1320	0.5011	-0.3628	-0.9969	-2.5450	-0.1463	0.3528	1.6165	-0.2552	0.5452	-0.2623	1.3648	-0.8130	0.0783	-0.0445
2.1351	0.1783	0.6068	0.0857	0.1845	-0.5534	0.6240	0.7410	-0.7661	0.7997	-0.6018	0.7227	1.4593	0.3957	-1.3988	-1.2274	-0.8287	-1.5967	0.5703	0.2318	-0.9538	0.1648	-0.1537	-1.1300	1.3245	-0.6419	1.9539	-0.9709	0.7933	1.8054	-0.4444	0.1666	0.2418	0.4337	-0.2720	-0.2981	0.6389	0.7708	-0.7635	-0.2137	-1.2458	1.3138	-0.9370	2.1145	1.8339	-0.0657	0.0613	0.0560	0.0513	1.4944
-1.2686	0.8935	0.7992	-1.0672	-1.3570	1.4241	-0.2410	-0.0231	0.7542	-0.3384	1.2148	1.1571	-0.2329	0.8261	1.0209	0.0016	-0.5480	-0.7425	0.9255	1.4465	0.2241	-0.3594	1.3693	-0.5833	1.5851	2.5568	0.0784	1.5013	2.0009	-2.7052	-0.3855	0.6376	-0.0018	-0.5900	-0.5324	0.0363	0.2031	-0.1887	0.5995	0.1847	-0.1172	1.7154	-2.3856	-0.3532	3.0356	-0.8862	-0.7867	0.1597	-0.3267	-0.4078
-0.7340	0.9769	0.8785	1.0458	-1.2000	-0.7852	0.7373	-1.1194	1.7995	-0.6545	-0.0658	0.6425	0.1810	0.3031	1.3290	-0.8013	1.4087	-0.0020	0.0522	0.2042	0.7539	0.6268	-0.6002	-1.6820	1.3319	0.8627	-0.4784	-1.5694	0.2318	0.3203	0.6884	0.8272	0.5196	0.2197	-0.0707	-1.4039	0.5745	-0.9885	-2.3030	-0.1281	-0.4190	-1.1706	-0.4172	1.5539	1.7001	1.0189	0.1557	0.2733	-0.8308	1.5590
-0.4302	0.7203	1.1461	-2.2783	-0.8946	1.5838	0.5119	1.9221	-1.4810	-0.9375	1.1247	0.6285	1.0617	0.0719	0.9956	-1.8515	0.1379	-0.1198	-1.6389	-0.2631	0.4560	0.3354	-0.5359	-0.4318	0.2076	0.5006	0.9317	0.1037	-1.0542	0.1119	-0.6084	0.9635	-1.5140	-0.5443	-0.5381	-0.4050	1.9390	-0.5203	-1.6631	-0.0356	-3.7536	-0.6391	-0.7997	0.4835	1.8630	-1.0108	0.2563	-1.4632	-1.0525	1.4669
1.9506	-1.4233	-0.4235	1.1834	-0.0264	-0.9344	1.7471	0.4685	0.2704	-0.5802	-1.8854	-0.0482	1.9737	0.8356	-0.6212	0.1717	0.8293	-0.7303	0.3217	2.1266	-2.0960	-0.1399	-1.1203	1.4027	0.7916	0.1514	-0.5824	1.7290	-1.3320	1.3820	0.3071	0.9920	-1.8185	-0.6705	-1.5839	-0.6174	0.2268	-0.3426	1.1267	-0.0829	-1.1954	2.8925	1.1408	-1.6783	-0.7696	-2.0040	0.5259	-1.0257	0.5462	-1.5604
-0.8466	0.0909	0.0367	1.4179	0.1628	-0.3702	1.0806	1.6177	2.2121	-0.7156	-0.2963	0.6098	-0.0915	-0.0545	0.0019	0.1402	2.1630	-0.2664	0.9426	0.8989	0.4789	-0.4194	-1.5553	0.6650	-1.4910	0.3167	-0.6363	-0.5110	0.0129	0.5043	-1.8725	0.5411	0.0171	1.4606	-0.3575	0.1394	-0.8630	1.0354	0.7716	-0.5667	-1.5777	-1.3217	-0.1876	-0.2907	-0.3595	-1.0815	-0.4931	-0.5783	-1.2305	0.2931
0.7023	-1.1245	-0.1051	2.1840	0.4989	-0.7122	-0.2204	1.7324	1.1731	0.0772	-0.8836	0.8686	-2.0406	-0.5356	-1.1368	1.1274	0.8158	-0.8261	0.0401	-0.4883	-0.6153	0.2491	0.5158	0.0183	1.2296	1.1173	-0.9546	2.0859	0.5561	0.4606	2.0304	-1.3183	-1.6731	2.2871	-0.2250	1.3532	-0.1414	-1.3314	-2.0360	-0.0923	1.4586	1.0415	0.0783	0.3840	-1.4915	-0.2213	0.5522	0.6204	-2.0934	1.6321
-0.5542	-2.0596	-1.3486	-1.5556	-1.1046	0.2229	-0.3361	-2.0687	-1.5453	1.1247	-0.3976	-1.1306	1.0905	0.4383	-0.4855	-1.1423	1.5596	1.4465	-0.9754	0.6872	1.5586	2.2450	0.2413	0.4857	1.2285	-0.0780	0.0683	-0.3488	-1.1352	1.3415	1.1552	-0.7499	0.9068	0.4636	-0.0538	-0.6016	-1.3189	0.5597	-1.5162	0.2970	-0.0531	-0.5988	-0.1771	-0.1158	0.1173	1.7296	0.2443	0.9180	-0.2599	-0.9473
0.0012	-2.2962	-1.1616	1.3270	-0.1410	-0.1538	-0.7167	-0.8782	0.5172	0.3572	-1.3176	0.9593	1.5603	-0.7592	-0.3432	0.9901	1.4984	0.4331	0.6794	0.1396	1.4776	0.8649	0.4271	-0.1433	1.0053	0.2419	1.0544	0.4541	0.1087	-0.5796	-1.5412	0.2023	-1.4652	-0.1784	-0.9356	-0.6011	1.6498	-0.0753	1.8223	0.0200	1.2451	-2.1381	0.4668	-0.4377	1.1164	-1.5777	0.5751	1.5267	0.8266	-1.7419
0.0090	-0.7582	0.3169	-1.2298	-0.9106	-0.8264	-0.2062	0.4496	-0.4915	-0.2594	-1.0079	0.7658	-0.8299	0.6414	-0.5972	-0.8310	-0.3586	-0.5271	-0.5694	1.4757	-1.2885	-0.2056	0.6132	-0.4824	-2.1455	0.6901	-0.3317	-0.6756	-0.2974	1.7722	-0.8347	-0.3452	-1.6408	0.9339	0.1626	0.5674	-1.1337	-0.4034	-0.4960	1.0502	-0.6180	0.7650	-0.5213	0.7374	-1.0761	-0.5285	0.9570	-0.5847	1.5618	-0.0603
-0.4448	0.1715	-1.4066	0.0513	-1.3980	-1.6898	1.9188	0.0280	0.7016	-0.5647	0.5698	0.2527	1.1863	1.0347	-0.1879	-1.3792	-1.0511	0.1762	-0.8424	0.1028	-0.5597	-0.7005	-0.8042	0.5283	0.0833	-0.6547	-0.3347	-1.6253	-0.1058	-1.6662	0.8779	-1.8742	0.7594	-1.5430	-1.4134	0.9836	-1.1406	0.5574	1.5154	0.9075	1.3531	0.7667	1.5470	-1.1691	-0.5737	-1.9631	-0.2363	1.3654	1.2149	1.1232
-0.4184	-0.6815	0.1430	-1.0995	0.9885	0.9153	-0.1341	-0.4066	-1.5016	1.0556	-0.3063	-0.1669	-0.8014	-0.7469	-1.3444	-0.1457	-2.0518	0.8734	1.1157	0.1481	1.0857	0.8054	-0.3747	-1.2316	0.3870	-0.5414	-0.2422	-2.9927	0.9686	-1.1188	-1.1602	0.3070	0.0217	0.1862	-0.8864	-0.0217	0.6438	-0.2918	-0.1902	0.8932	-0.9502	-0.1816	-1.5588	-0.8388	-1.1955	0.9750	0.4979	0.9777	-0.2642	1.6159
0.0776	-0.4394	0.0064	-1.9383	1.9432	-0.0234	0.0619	-0.5814	0.4959	0.0429	-1.0832	0.5278	1.0994	-0.4244	2.2256	-0.0174	0.9047	-0.8743	-0.9497	-0.2224	0.5727	0.9984	0.6195	-0.4077	-0.1780	-0.8092	0.2794	-0.3164	0.7177	1.4957	-0.0137	0.2970	-1.3985	-1.0900	-0.3726	-1.1796	0.2230	2.1670	-1.2863	-0.2378	0.9711	-1.7508	-0.2001	-1.2133	0.1190	-0.5295	-0.5689	-0.2845	1.9689	0.9516
0.7542	-0.0510	1.1422	1.0858	0.9254	-0.4601	-1.0819	-1.3783	-1.8239	-3.6701	0.4273	0.0893	-0.2056	-0.0968	-0.6391	0.8181	-0.6816	-0.8578	-0.2366	1.5186	0.5189	0.4995	-0.9303	-0.4826	0.7293	-1.2754	-0.2596	-0.4660	0.6049	0.7299	-0.0719	-0.0845	0.7012	-1.5472	1.3685	-0.7251	-1.3058	-1.4088	0.8397	-0.3293	-0.0408	-0.5031	0.3275	-0.4168	-0.4193	0.2891	1.0250	1.4955	1.5538	-0.8372
-0.8670	-0.1704	-0.7865	-0.6448	-0.7843	-0.7834	-0.8618	-0.2582	-0.0030	-0.8978	0.5592	-1.1357	-0.9532	-1.2961	0.8517	0.3819	-0.0563	0.3476	0.1200	-0.5582	0.0787	-1.3048	0.7331	0.1400	0.0780	1.0415	0.8814	-0.0631	-2.4281	0.7840	-0.1172	-0.4987	-0.1547	2.5203	0.6965	-0.7467	0.0316	0.8710	-1.0765	1.1911	0.6663	-1.0478	0.5132	-0.9361	-0.7687	1.0111	-0.4812	-0.2298	-0.1315	-1.0586
0.2237	0.9536	0.1251	-1.1615	-0.1375	1.1003	0.3908	-1.3393	-0.9904	-0.6639	-0.1141	-0.2101	1.0140	1.0573	-1.1994	-0.6458	0.4768	-0.1396	0.0974	-0.5504	-0.0129	-1.0509	-2.2750	0.6565	0.6451	1.4530	-1.4968	0.1489	-1.2945	-1.4132	0.3101	0.3813	-0.6278	-0.0121	-1.2768	0.2069	0.5389	0.9229	-0.4234	-0.9529	-0.2505	0.7958	-0.4537	-0.5702	0.1732	0.6037	0.5184	0.4441	-0.8994	1.4941
0.6173	-0.7396	0.5279	-1.0032	-0.0132	-0.6569	1.5770	1.4514	1.4241	2.0394	-0.9250	0.2970	0.5053	-0.1756	-1.2949	-1.0207	-0.7709	0.4038	-0.1829	0.9118	0.0532	0.9442	1.3712	0.2627	1.5359	-2.2553	-1.1336	-0.4085	1.1074	1.0017	-1.4151	-0.4480	0.8378	0.3703	-1.0857	2.3632	2.3013	1.0124	1.6077	-1.0408	0.2293	0.2764	-0.7582	-0.4878	0.1328	-0.6286	-0.3158	-2.3823	-0.7060	1.0365
0.5696	-0.0568	-0.9022	-0.9679	-1.2025	0.4208	0.6361	-0.7799	0.1244	-1.0229	-0.6180	0.3717	0.5977	0.3921	0.3757	-0.8170	-1.8409	0.4016	-0.0924	-0.2138	-1.8642	-0.3623	-1.0128	-0.5012	-0.7728	-0.2056	-0.1796	1.4887	1.2950	0.4655	0.8269	-0.9947	0.4141	2.1450	-0.1739	-0.4131	-0.1337	-0.4107	-1.1881	1.7223	-0.2001	0.4721	-0.5704	-0.5919	-0.0683	-0.3614	-0.3673	-0.8583	-0.2788	-0.4524
1.4414	0.8742	0.4802	0.9626	-0.7615	-0.0957	0.4983	-0.6947	-0.2089	-0.2976	-0.1822	1.3058	0.2607	-1.6601	-0.2794	-0.5666	-1.0008	0.7724	-0.2738	-0.3611	0.3104	0.8720	0.2612	1.0967	-0.7619	-1.2217	-1.2219	0.2874	1.2410	-0.2034	1.3652	0.0800	0.1680	-0.5271	-0.5837	1.1769	1.0714	-1.2342	-0.1429	0.9305	0.6945	-0.0699	0.8695	-0.6772	1.8592	0.5450	-1.4708	-1.6942	-0.4603	1.1179
0.6271	0.9575	1.6321	-0.9204	0.9855	-0.5590	-0.9426	-0.0840	0.0155	-0.2729	-1.3183	-0.1459	-0.3339	0.5132	-0.6638	-1.0263	0.2190	-0.0588	1.1030	-2.4820	-0.6602	0.8414	0.2375	-2.2850	-2.0825	1.8096	0.9518	0.8520	0.8693	0.8867	-1.7467	-1.1275	-0.2599	-2.2138	1.2727	0.7988	1.1239	0.7034	-0.9405	0.5974	0.4155	0.6403	0.8325	-0.7946	0.5414	-0.4772	1.3160	-0.0487	-0.1131	-0.4267
-0.2921	-1.4388	0.4528	-0.2964	-0.5614	-2.9733	-0.4189	0.5532	-1.2824	-0.2164	-1.7063	-0.1459	-1.1556	1.1705	0.0650	0.6251	-0.7188	0.9909	-0.1384	1.3037	-1.1596	-0.4488	-0.0542	-1.5504	-0.9387	0.2020	-0.3008	0.3415	-0.6293	1.6625	-1.2904	0.2763	-0.5589	-1.2620	0.2580	0.1962	-0.5985	-0.7982	1.7832	-0.2903	-1.0086	0.8954	-1.9270	0.6861	-1.0083	0.8953	0.6980	-0.1212	0.8120	-0.2187
0.1111	0.3897	-0.4687	-0.2666	1.0394	-0.3230	0.4273	0.7147	0.6770	-0.4337	-0.9556	1.5155	-0.9640	-1.1304	-0.7263	-0.9823	1.5822	-1.5055	-0.9756	-0.1628	-3.6371	-1.5372	0.3140	0.5206	-0.0276	2.7289	-0.7317	0.8822	-0.8803	0.2224	0.3047	1.5693	-1.0339	0.1238	0.7864	0.9591	1.9100	-1.0278	0.1756	-1.9762	1.0373	1.3613	0.2859	-0.4869	0.4106	-0.6227	-0.5896	-0.2899	0.3541	-1.9534
-0.0745	-0.1043	-0.1179	-2.2203	-0.5847	-0.8739	0.6001	-0.8222	0.3457	0.5424	-0.0866	-0.8862	0.1300	-0.1172	0.3102	1.5093	1.0043	-1.2304	-0.3100	1.8691	-0.2042	-1.2949	1.4102	-0.9929	0.6140	2.1898	-0.7032	-1.2614	0.2632	-0.9069	0.1014	-0.8312	-1.2734	-1.7519	-1.5302	0.5084	-1.1352	-1.1137	1.3106	-0.8614	-1.1819	-0.0425	0.3297	1.6023	-1.0551	0.1945	-1.5959	-0.5219	-0.6178	1.8902
-2.1318	0.2219	0.0148	-0.2284	0.9072	-0.9455	0.4127	-0.5330	0.2259	1.3717	0.5765	0.5238	-1.3645	-0.1214	-0.9485	-0.1648	-1.5969	-0.4906	-2.3803	-1.2830	-0.5944	-0.2287	0.3966	0.1600	-0.9104	-0.0397	0.7970	0.2263	0.6379	0.0302	-0.6320	0.2099	-0.5837	0.8177	1.9776	-0.0920	-0.8376	-0.0093	-1.1281	-1.5643	0.2962	0.1433	-1.5353	-1.5341	0.8249	-0.9918	-0.3071	0.0536	-1.2411	-1.8486
-1.2982	0.1347	1.0179	0.2001	-0.1609	-0.1171	0.7341	-0.7281	-1.2273	-1.7125	-0.6465	-0.1037	0.8179	1.6524	-0.1110	0.6829	0.4246	0.0210	0.1571	-0.8622	-1.5132	1.9145	-0.9925	-0.6692	-0.7282	-0.4501	0.2819	-0.2057	0.5217	-1.1794	0.5576	0.0400	-0.8853	1.0570	-0.1177	0.6313	-1.4364	0.8695	-0.0292	0.4463	-2.1470	-0.3674	1.6038	0.6421	1.2913	-0.2937	0.5976	-1.6555	-0.5027	0.4095
-1.2034	1.5563	1.4321	0.1712	0.2800	0.3672	0.1436	-1.7468	0.4373	-0.3008	-0.9362	-0.5392	-0.2181	-0.2321	-0.7665	1.3221	-0.2157	-1.0055	0.2730	0.7742	1.0780	2.1618	1.8660	2.3256	0.4222	0.8614	-1.2605	-0.7099	1.4039	-1.9245	1.0323	-2.4111	-0.4578	0.8113	0.6458	0.4926	0.1324	-1.1540	1.2837	0.0952	0.9887	0.1253	0.1480	0.0015	0.3089	-0.7229	0.8884	0.7897	1.3413	-0.6006
-1.3103	0.5022	-1.0086	-0.2293	-0.3436	-0.8733	-1.3576	-0.2814	1.7989	0.5544	-1.3284	-1.0965	-1.0449	1.0246	0.7583	0.2425	-1.8883	-0.9889	-0.7822	-0.1332	0.8948	0.6194	0.0418	0.9427	0.5108	0.9547	0.8039	0.1952	-2.2905	-0.3808	0.2693	-0.6421	-0.1428	0.2364	0.6496	1.9599	-0.2199	1.9633	1.0297	-0.0880	0.8204	-0.3958	-0.4593	0.4470	0.3061	0.7477	-0.2913	-0.3434	-0.0179	-0.8326
1.1757	-0.4285	0.5407	0.6739	-0.6709	0.7141	0.5781	-1.3378	0.0810	-1.3731	-0.1831	-0.1525	-0.7882	1.4558	-0.7312	-0.0859	0.4574	0.3451	-0.2234	-0.5641	-0.4306	0.2879	0.6109	0.4460	-1.5166	-0.8717	0.8691	0.0342	-1.8939	-1.0828	-0.6875	0.0994	-1.8254	1.4378	-0.2519	-0.7262	0.3889	0.1929	-0.0754	-1.1280	-1.2732	0.3364	0.4442	0.8264	0.4938	1.3016	0.6085	-1.3329	-0.7362	1.2954
0.8059	1.3149	0.9785	0.3097	-1.0076	0.5685	0.5706	1.8772	2.6926	0.8192	0.0361	-0.9171	1.7534	1.4684	0.5385	1.2950	-0.3518	1.3744	-1.3850	-0.2912	0.1915	-1.7401	-2.4344	-0.0006	-0.9838	1.0106	-1.7373	-1.3837	0.5297	-1.5752	-0.8862	0.5653	-1.5763	1.2566	-0.2459	0.1094	0.0761	0.8343	-0.4174	-0.3663	-1.2154	1.1896	-0.3061	1.1364	-0.8499	0.0958	0.3566	0.9279	-1.2642	-0.2184
0.3633	0.2718	0.4519	0.1708	-1.3134	1.2175	0.0988	-1.0043	-1.0168	0.9292	-1.1501	1.1401	-1.5113	1.0422	2.0189	-0.7503	0.6929	0.8831	0.3388	0.6179	-0.8978	-0.8525	1.1311	0.8199	0.9728	-0.0750	-0.4900	-0.9275	-0.4596	-0.9533	0.0231	0.3597	0.9228	0.2741	-0.0776	0.3559	0.8102	-1.1103	1.2037	-0.4982	-0.5884	-0.5264	-0.0652	0.5185	-0.6197	0.1221	0.6730	0.3234	0.6466	-0.8107
0.5118	0.9761	0.1684	-0.2239	-0.6572	0.7633	-0.1429	1.2640	0.0538	-0.3176	-1.0533	-1.2767	-1.0406	-0.5682	-0.2632	-0.5313	0.4428	0.6804	0.0018	-1.9325	0.0345	2.5564	1.6135	1.5714	-0.7214	0.8452	0.8773	0.4326	-0.7053	1.1634	1.3342	0.8545	0.7192	-0.0433	0.5257	-0.8158	0.0390	-1.1743	-1.1375	-0.4528	-0.4086	-0.1518	-0.5176	-0.4845	-0.8140	0.4626	-0.3164	-0.1692	-0.2688	-0.5521
0.3270	-0.8839	0.5414	-0.6505	-1.2291	-0.9709	-0.7594	-1.0310	-0.7204	0.6701	0.9350	2.0654	0.8109	0.6241	0.2675	0.5498	0.1608	0.8659	1.2242	-0.7841	-0.1002	0.3522	-0.1344	0.1958	0.5301	-1.5362	0.5021	-1.4675	0.0517	1.3310	1.5155	-0.1551	-0.6099	0.8384	1.9068	0.4293	0.1188	0.8891	-0.7176	0.1712	-2.0670	-1.5192	0.1194	-0.2389	-2.0590	-0.8683	-0.9729	0.4362	0.1288	-0.7348
0.2126	-0.4786	0.6157	1.5491	-0.4716	-2.5000	1.6845	-0.5102	-1.3180	0.9048	1.1262	-0.4014	-0.4754	-0.2373	0.4903	-0.7434	-1.2871	0.1668	0.7366	1.8153	0.4210	0.0568	-0.6785	-1.9836	-0.0773	0.3679	-0.1697	-0.8624	-0.8674	0.0496	0.2455	1.0318	0.1039	0.7507	0.9012	1.2116	-0.5869	0.7219	0.1010	0.5239	-1.1492	0.0708	0.5122	0.0793	0.3452	-1.0980	-1.2025	0.4315	0.5420	-0.4709
0.6084	0.6659	1.7557	-0.8963	-0.3001	-0.2442	1.6036	0.2378	0.7581	-0.2697	-0.3928	-1.5258	-0.0310	0.9005	-0.1973	0.5777	-1.0175	-0.4826	-0.4031	2.2593	0.6708	-0.3150	-1.0822	0.0393	0.1810	1.3681	-1.0172	0.4596	-1.4744	-0.6075	0.0941	1.0506	1.4382	0.3980	-0.7607	-0.2532	-0.1217	0.2177	-0.5395	-0.5176	0.9781	-0.0434	-0.4606	-0.3485	0.3936	0.5201	0.2269	-1.6455	0.4288	-1.8846
1.6431	-0.2696	0.8373	-0.4669	0.3681	0.1391	0.7543	1.2981	1.6964	-0.4312	1.5588	-1.0119	-0.6479	0.4973	0.5214	2.1473	-0.5704	-1.8041	-1.7289	1.9517	1.5552	-0.4208	-0.5939	1.2775	0.0072	1.1535	1.2905	0.0821	-1.5247	0.5999	-0.5607	1.4580	1.7721	0.1048	0.1644	1.9218	0.8185	0.6032	-0.9629	-0.5326	0.3876	1.2027	1.5305	-1.0568	-1.1494	1.2603	-0.6593	0.3521	1.1157	-1.3422
0.4058	1.2848	0.0133	0.0615	1.0185	-0.7093	0.7498	0.3289	0.0367	-0.5730	0.0194	-3.0763	-0.1459	0.9178	0.9703	-0.3738	-0.0020	-1.4010	-0.7308	0.7618	0.2121	-1.2633	-0.3827	-1.0161	0.7032	-0.6944	-1.0193	1.0760	-0.8381	-2.1216	-0.4299	0.1545	0.7242	0.9381	-0.9502	0.6598	0.6287	1.0180	-1.1839	-1.6653	-0.2196	1.3760	-1.4968	0.4063	-0.0847	-0.1389	1.2772	1.3382	0.5090	0.5425
-1.5283	0.5781	0.8266	1.1323	-0.2907	0.6897	-0.7509	-0.9826	-0.0326	0.1533	1.7055	-0.8827	-0.6255	-1.1735	0.8474	0.2900	-0.1536	0.1910	0.8772	-0.3373	-0.7380	-0.9240	-1.0085	0.9646	-0.1168	0.6580	-1.2662	0.6913	-0.3336	0.1752	-0.6093	0.6549	-1.2465	-0.8297	1.5191	0.3199	1.3663	-0.8467	1.2724	1.4021	-0.3121	-0.1338	0.2856	-0.0404	0.5489	-0.6200	-0.4087	1.0700	0.6553	0.9678
-0.0336	2.1120	1.5882	-0.2579	0.0215	2.6461	-1.0575	0.7566	0.5771	-0.6156	-1.1852	-0.6828	0.9824	0.7646	0.7692	-0.1422	-2.0260	-0.1786	-0.3852	-0.5864	-0.2820	1.1803	-1.1225	-0.4730	-0.3464	-2.3778	0.9170	0.4268	0.9174	-0.4530	-0.0369	0.1230	-0.1399	0.1443	-1.4045	1.3023	-0.5502	-0.9425	1.9778	-0.1290	0.1751	0.4063	0.1482	-0.5478	-0.2011	0.8197	2.3881	-0.6105	-0.2897	-0.0324
-0.3413	0.1116	-0.1208	0.0694	-0.2615	0.6222	0.4077	-0.2784	1.0715	-0.9265	0.4042	1.0929	1.1056	1.0951	-0.7862	-0.1519	1.4354	-0.6335	0.4157	-0.5141	0.5041	0.7899	0.7439	-1.9461	-3.6553	0.8992	-0.3306	0.1713	-0.7587	-0.0182	-1.1948	0.4274	-0.4741	0.3493	1.0334	-0.0488	-2.0725	0.0520	-0.3714	0.8157	-2.5891	1.7132	-0.8006	-0.1236	1.0534	-0.8782	-0.5880	-0.8346	0.8286	0.1993
1.4103	1.0431	-1.5855	0.2782	-0.3863	-2.6769	0.7690	-0.7926	-1.2167	-1.4185	-0.8780	-1.6280	1.3835	-0.7485	-1.3544	1.3325	0.4622	0.5787	-1.2232	-0.4238	-0.0360	-1.0417	-0.2947	-0.3306	-0.1597	1.3822	0.7518	0.9198	0.6379	1.3760	0.5567	-1.2272	-0.1970	0.1094	-0.4147	0.4097	-1.5943	1.5797	0.4038	0.6029	1.2821	0.0218	-1.7294	-1.4523	0.5150	1.2556	0.1228	-1.7825	1.6723	0.5480
-2.3169	-0.9682	-0.7678	0.4624	-1.1224	-0.4923	0.5134	0.3471	-1.2156	0.9738	-1.0795	0.8872	-0.4227	0.3921	0.7752	1.0844	0.1807	-0.3432	1.5962	-0.0247	-0.0144	0.4263	0.7763	1.5550	1.3061	-0.1666	-1.0532	0.2708	-1.0056	-0.1514	0.4283	0.3731	-1.8286	0.0014	-0.5013	-0.7255	-0.7070	0.0512	0.4614	-0.2417	-0.8666	-0.4561	0.0584	-0.6125	-1.1250	0.7475	-0.7697	0.3981	-0.0255	0.7674
0.9413	-0.1248	0.6735	-0.2673	-0.5657	0.1325	1.1943	-0.4911	1.2619	1.1790	-0.8013	-0.2195	-0.9700	0.9666	0.1988	0.8025	0.7699	-0.6723	-0.8814	-0.2685	-0.4289	-1.2040	-0.3014	1.3300	0.5798	0.6028	0.1009	0.8948	0.6664	0.6364	-0.9599	0.0089	-0.2036	-0.1870	0.1959	1.5515	0.9238	0.5094	-1.8912	1.4498	0.4009	-0.1419	-0.3639	0.9135	-1.8158	-0.8998	-0.1075	-0.3998	-0.3429	-0.3390
0.2529	0.5913	-2.3262	-0.8937	1.0472	2.3198	-0.6215	-0.1915	-1.2034	-1.1292	1.5639	0.2150	-0.7268	0.5741	1.0745	0.7871	0.4717	0.5459	0.9300	1.3804	-1.2127	-1.2400	-1.4390	0.4439	0.4411	-1.2579	1.7763	0.0191	1.0364	-1.4413	-1.4988	1.0686	-0.2494	-0.3023	0.2629	-0.1244	0.3673	0.0115	-0.6584	1.1241	0.7956	-0.0198	-0.7803	-1.6885	-1.2075	-0.8106	-0.0474	0.9303	-0.1980	-0.3027
0.2935	0.0611	0.2746	-0.0495	1.4978	0.2596	-0.1221	0.1696	-1.5478	1.0588	-0.1345	0.4939	-0.7647	0.1384	2.0682	0.8207	0.6146	0.4760	0.4175	-0.1178	-0.7773	0.0031	-1.2106	-0.1738	-0.5074	1.1837	-0.8555	-1.1798	0.8977	-0.1132	0.9695	-1.0436	0.9604	0.0756	0.3362	0.5232	-0.5654	1.5208	0.9627	-0.5113	-1.1212	-1.9011	-2.4800	0.8418	-1.4997	0.5831	-1.1317	0.1393	0.9463	-1.0586
1.7709	-0.0557	0.1453	1.2008	-0.3071	0.9897	-0.1025	1.5653	0.1756	-0.5552	0.2938	-0.2862	-0.2813	-0.7838	-1.5149	-0.6025	-0.3467	0.8832	1.2730	-0.4381	-0.4395	-2.2940	0.0253	-0.2528	2.4243	-0.9238	-0.4099	0.9768	-1.4696	1.5320	-0.8062	0.4687	-0.7116	0.2136	0.1469	0.2109	1.0179	-0.5355	0.4360	0.3965	-0.1036	1.2820	0.2987	-0.9671	-0.0041	2.2088	0.8661	1.3181	-1.5488	-0.4770
-0.4464	-0.1449	0.2158	-0.4142	0.6043	-1.8123	-1.1048	0.1857	0.2097	1.2748	1.1821	-1.6512	-0.2948	1.0292	1.7357	-0.1872	1.3701	-1.5295	-0.4562	1.3128	-0.3664	0.2930	1.1521	-2.7349	-0.6764	-0.2518	-1.6199	-1.1273	1.2063	0.3187	1.0238	0.3014	-0.4453	0.1754	-0.5918	-0.1323	0.4185	-0.2500	0.6787	-0.0474	-0.6158	0.3954	-0.3333	0.2803	-0.4550	0.2328	-0.9018	-0.1723	0.1197	0.1222
-1.4887	0.4096	1.8196	0.3732	-0.1448	-1.4588	0.2724	1.5669	0.8790	-0.1054	0.4837	1.1605	0.4680	0.7496	-0.2534	-0.6214	-0.8627	0.5186	1.3792	1.8060	1.8708	0.2699	0.9633	0.1895	1.5531	-0.9626	-0.3128	0.3578	-0.4916	0.3355	-0.8369	1.6645	-0.0368	2.1869	-0.2180	0.2883	-0.7203	0.9621	0.4793	-0.8941	0.6327	-0.2804	0.6808	0.0134	-1.3961	0.6480	0.8733	-0.2307	0.5060	-0.2817
-1.0107	-0.8118	0.8099	0.3825	-0.2680	-0.3932	-1.7664	0.5981	-0.5839	-0.4319	0.7665	0.1131	-1.9413	2.3402	0.1264	1.5351	-0.1577	-1.6676	0.2692	0.8212	0.9596	0.4463	1.3737	0.3491	-0.7547	0.5224	0.0280	0.4024	-0.2376	-0.8978	1.3857	1.5890	-1.1307	-0.2087	0.3529	1.1479	-0.6797	0.2036	-2.4175	0.5727	-0.3324	0.2042	1.3601	-1.7613	0.8266	-2.2381	0.3234	1.1281	0.2679	-0.0597
0.1137	1.2307	-0.0466	0.1208	1.2786	0.6890	2.6185	0.2370	-1.5897	-0.2125	-0.6694	-0.6145	-0.3746	1.4208	-1.1262	-0.7768	1.0700	-0.6102	0.8381	-1.4273	1.8925	0.0980	0.4162	-1.6018	-0.1383	-0.4915	-0.2189	-1.0370	1.2820	1.2779	1.5221	-0.2763	0.2889	0.1240	0.1684	-0.7344	-1.2260	0.4335	1.7832	0.5209	0.6952	-0.4104	-0.3598	-0.7220	2.1747	0.8492	0.3072	-0.1399	0.2134	-0.1107
0.1446	-0.6435	-0.3782	-0.9695	0.9216	-0.8226	-0.6604	-1.3395	-0.3271	-1.7075	-2.0584	0.2533	0.5206	-1.0444	0.3095	-1.5725	1.1465	1.4804	0.1478	-0.7504	-0.6815	1.5336	-0.8113	0.1847	1.0252	-0.1898	-0.2368	0.3706	0.2157	0.4442	0.0968	0.1473	0.8927	-0.4830	-1.1461	-1.7216	0.2950	-1.1456	0.3284	0.7011	0.0932	1.2112	-0.1385	-0.0251	-0.5650	-0.7224	-0.0994	1.3175	-0.3423	0.5513
2.5374	-0.9186	0.7705	0.2397	2.5411	0.3556	-2.0337	-0.2835	0.2927	1.4465	1.0766	1.8915	-0.5529	-0.0560	0.2334	-0.6738	-0.7974	1.4320	0.6421	0.0264	0.8630	0.3180	0.1112	-1.2917	3.3276	-1.7236	0.6550	-0.1057	0.1338	0.2925	-0.4458	0.0248	-0.8580	0.4795	-0.1535	-0.0549	-2.2488	-0.7834	1.7476	0.0493	-1.6072	-1.6602	0.5829	0.2576	-0.4126	0.9403	-3.3671	0.3633	-0.3237	0.0587
-0.6845	-0.6407	0.2610	-1.6075	-1.8120	1.0429	0.3902	-0.1351	1.0004	-0.2828	-0.7292	0.2273	-0.5637	-0.0653	-0.3236	1.9913	0.7505	0.6404	0.5335	-1.2932	1.4243	-1.1377	0.8541	-0.3765	-0.8423	-0.2410	-0.3943	-0.6017	-0.9741	-1.2399	-0.0775	1.9769	-0.4704	0.7194	1.6776	-0.5855	0.2820	1.1841	-0.1865	-1.2692	-0.2276	0.1737	1.1328	0.3313	-1.9472	-0.1138	-0.9030	-0.7239	-0.6145	-0.2577
-1.9565	0.3611	1.1198	1.0080	-0.9466	-0.4719	-1.5996	-1.6781	-0.6280	0.4925	-0.9960	-0.6813	-1.0609	0.3236	0.3109	-0.2216	-1.2649	-1.4160	0.0752	-2.2980	0.7400	-1.3017	0.6446	0.6653	-0.9486	0.0108	0.4292	0.6367	1.0405	-0.3834	-0.4969	-1.2092	0.7940	2.0427	-0.7593	-1.8438	0.4994	1.2033	1.4128	0.1017	0.6509	0.9213	1.6409	-0.4197	0.1805	0.5368	-0.9299	-0.0335	1.6013	0.6393
-0.4385	-0.9463	2.5452	1.8927	0.1034	-0.8119	-1.7494	-1.1379	0.7246	-3.0801	-0.8412	-0.7088	-0.6642	-0.3278	-0.5718	-0.7569	-0.2294	0.5426	0.3730	-0.6569	0.6926	0.2297	-0.1884	-0.4781	-0.5977	-0.6706	-0.3807	-1.4342	1.5669	-0.0468	0.8151	0.5874	-0.1490	0.9354	1.1860	1.2286	1.0343	0.3468	-0.1357	-0.1442	-0.0560	-0.4909	0.1047	-1.2771	-2.4201	-1.4998	1.0467	-0.7700	1.1454	-1.2911
0.7832	0.1626	0.0709	1.7484	-0.5751	0.5756	-0.5353	-0.5226	0.0279	0.1297	0.9155	0.1114	-1.8703	-0.5257	0.7392	1.8613	-0.6713	0.7759	-1.1723	1.2181	0.4322	-1.7782	-0.0036	1.3474	1.4176	-0.6913	0.4377	-0.9243	-1.0982	-0.4482	-1.1759	-0.6800	-1.1187	-1.0245	-1.1906	0.1492	0.0792	-0.0796	0.1955	-0.8782	-1.0724	-0.5435	0.3633	-1.5713	0.0586	1.5437	-0.3210	0.0282	0.6875	0.6908
-0.0123	0.2807	1.4838	-1.1264	-0.9639	0.9001	0.3344	-2.4671	0.7894	-1.2340	0.5329	-1.7314	-0.2384	-1.7427	-1.5181	-0.8525	-0.4362	0.3192	-0.6976	-0.5750	0.3100	1.5879	-0.9224	-1.0645	0.3135	1.3973	-0.8543	0.7160	-0.5335	1.1071	0.3992	-0.6572	0.8729	0.7101	2.2810	-0.0161	0.0421	0.3673	-0.6398	-1.0499	-0.1038	-0.3406	1.1498	-2.3026	-2.3245	1.3815	0.8784	0.0499	0.7077	0.5097
-0.4875	-0.1620	-1.1149	1.1414	0.9779	0.6891	0.2441	0.0684	-1.7868	1.8692	0.3094	1.0020	-0.8519	1.6059	-1.8469	-0.7001	-0.4552	-0.6520	-0.4659	-0.6720	-2.2483	-0.2460	0.4788	0.0468	0.7403	-0.3314	1.4969	-1.0660	-0.6810	-0.3055	0.7585	-0.5404	0.1291	1.1466	1.0166	1.1536	0.3731	1.1435	-0.5145	-0.2186	0.6444	-1.2802	-0.6748	-0.8215	1.1013	-0.0179	1.5843	0.6680	-0.1686	0.3925
-0.0476	0.0681	1.0874	-0.8852	1.7855	0.0565	-0.5079	-0.5913	0.2808	0.1868	0.0931	1.6362	-0.5884	0.7993	-0.1271	0.4031	0.4711	1.1535	0.5687	0.3575	1.5363	0.0552	0.7546	0.9909	-0.0594	1.5580	-1.0795	-0.1877	1.0905	2.1826	0.4460	1.3110	1.0065	1.1044	0.4950	0.7000	0.2487	-0.9845	0.4253	-0.3990	0.5749	1.0511	0.0518	0.2475	-0.2440	0.2791	1.1081	1.0693	-1.1823	-0.4273
-0.6601	-1.0476	-0.9722	-0.7892	0.1259	0.4957	0.5035	2.0816	1.9515	0.8745	-0.2086	-0.6293	-0.1793	-0.0086	-0.8501	1.1635	-0.3220	-1.4418	0.8032	1.4638	-2.0005	-0.0128	-1.0792	1.0767	0.1491	-0.5154	-0.2323	0.4946	0.9897	0.3750	-1.3513	-1.6799	1.2733	-1.8949	0.4783	0.1632	0.6729	0.3732	-0.8217	-0.1884	1.0734	-0.4302	-1.3558	-0.8601	1.4151	0.6117	0.0183	1.1019	-1.3230	0.0927
0.0206	-0.4328	-1.3043	1.1155	0.3700	-0.4400	2.5018	0.0206	-1.0336	-2.2045	-0.9895	0.6836	0.2556	-1.5030	-0.7538	1.4522	-1.4358	-0.0386	-0.7290	-0.1031	-0.1761	3.3671	0.8560	0.1169	-1.1821	-0.2265	-0.3473	-1.3007	-0.2140	-0.4994	-0.2774	-1.1436	-1.2420	-0.1557	0.2756	1.0677	-1.3497	-0.5192	-0.5520	-0.4537	0.3277	0.2445	-0.8494	0.7708	0.2933	-0.6812	-0.1895	-0.8763	1.1743	0.6923
0.0646	-0.3712	-1.8312	0.4515	0.1120	0.1989	-0.0753	-0.4515	0.8844	-1.5100	-0.1395	0.5747	-1.1997	-0.6946	-1.3125	1.4607	0.4389	0.9494	1.4490	-1.1140	1.2851	-1.1254	-0.7589	1.2668	-1.5405	0.6528	-2.7024	-1.1493	1.9403	-2.0705	0.0671	-0.4587	0.6596	0.2914	0.3134	0.6998	-0.8023	0.3664	0.9003	0.9091	2.0294	1.9261	-0.4398	1.0484	-0.0071	0.8046	-1.4247	-1.9078	-1.0153	-0.0334
0.5100	1.0909	-0.0013	1.3949	-0.2651	0.4794	-0.3261	0.0575	-0.1142	-1.0071	0.5541	0.3774	2.5407	0.2152	-1.5902	-1.1140	0.3753	-0.8101	-1.3145	0.3078	1.2258	0.5530	-0.4359	1.5338	0.3035	0.3536	-0.8404	-0.0906	0.9586	-1.4044	1.7327	1.0735	-0.0943	0.3701	-0.1312	-0.3222	1.1552	1.3858	0.2380	-1.2664	0.2796	-0.4184	-0.4596	-0.3032	-0.0614	0.1265	-0.0752	0.4525	0.2160	-0.0748
2.0931	-2.1877	0.2503	-0.4083	-1.0918	-0.6457	1.4585	-0.7808	-0.4476	0.5975	-1.2005	-0.5916	1.3187	-0.5898	-0.3152	-0.6771	0.4293	0.3741	-1.0911	0.5405	-0.9865	2.0853	-1.1045	-0.5202	-0.5327	0.4130	1.4732	-0.4538	0.1531	0.8304	1.4762	-0.2253	0.4731	1.6506	0.0895	-0.1329	1.3094	-0.5933	-0.2168	-1.8928	-0.5954	-0.2443	-0.6560	-1.2608	1.5840	-0.0174	0.7799	-0.2051	-0.4781	1.7245
1.6902	0.5345	-0.1647	-0.4058	-0.5562	0.6347	0.0804	-0.1251	0.8074	-0.2495	-0.8398	-0.6479	0.0693	0.4862	0.8259	0.3110	-0.4166	0.5051	0.9861	-1.4501	0.9338	-0.0849	0.6562	0.6608	0.2724	0.0952	0.7836	0.5732	-0.1419	0.8856	0.9229	-1.9868	0.5125	-0.3239	0.0848	-0.2769	-0.4526	-0.1652	-0.0942	-0.1251	-0.3326	1.4836	0.8003	0.3868	0.0086	2.0658	-1.4969	1.5394	0.4933	-0.4295
0.4833	0.2263	0.2706	1.3339	-0.7402	1.0493	0.2851	-0.6030	1.3570	0.6852	0.1801	-0.3194	0.1950	0.1092	1.0647	-0.9368	-0.5141	0.4218	0.8430	-0.4427	-0.4784	1.1247	-1.3516	-0.4328	-0.5190	1.9577	-0.3213	0.9204	-0.3856	-2.8182	-0.3225	0.2786	0.9385	2.0448	-0.2845	-0.0080	-1.6172	0.4631	-0.4706	0.7705	-0.1126	0.4374	0.5713	-0.8763	0.8559	0.3449	0.2348	-2.7316	-0.0734	-0.3733
1.8565	-1.0931	0.3919	-0.8146	1.0289	-1.8135	-1.3938	0.3045	0.4029	0.8189	0.8634	0.3534	-0.0618	1.0828	0.9027	0.6357	-1.4921	2.5612	-1.3791	0.6028	1.3101	-0.5795	0.5249	2.0166	1.7092	1.5704	0.1497	-1.0531	-0.3096	0.2412	-1.2705	0.7772	0.0850	1.7559	1.2371	0.9458	0.2570	-0.2855	1.5505	0.0320	0.9181	0.4811	-0.3280	1.3628	-1.3919	0.1024	-1.8496	1.4857	-0.6446	0.4843
1.6243	0.4932	0.1236	1.6033	0.3008	-1.3982	0.1757	0.7283	0.6374	0.6354	-0.6892	-1.0861	-1.4098	0.1117	0.0112	0.3597	-0.1555	1.4208	0.2473	0.8226	-0.3101	0.4032	-0.6843	-1.6277	-0.3028	0.4911	-0.6072	-0.2374	0.8601	0.6869	1.3982	0.2324	-0.7745	1.7834	1.0256	0.7027	-0.6002	1.1534	-0.8219	0.4237	0.3644	-0.7237	1.1938	0.2463	0.7036	0.7009	0.5690	-0.2798	0.7486	0.2401
-0.7938	-0.2613	1.2886	0.5039	0.1869	0.8765	0.0024	-1.1786	0.2707	-0.1378	0.6897	-1.3678	-1.8223	-2.1240	0.2521	0.4793	-0.1950	0.9032	0.8092	0.3743	-0.0133	0.8791	-1.4952	1.5049	0.2920	0.7739	1.6428	-0.6383	0.5696	-0.4587	-1.4974	1.7379	-0.2086	0.0346	1.4241	-0.0542	-0.8620	-0.2247	-0.0630	0.6859	-0.4826	0.0769	-1.1869	-0.3831	0.0456	1.5367	-2.2234	0.6974	-1.6495	-2.0209
0.0012	-0.4966	0.1979	-0.4373	-0.3023	0.7071	0.7415	0.2789	-0.9301	-1.7989	-0.0648	-0.3945	0.9699	2.3208	-1.2504	1.2194	0.8709	-0.5083	-0.2964	-0.2926	-0.5315	-0.6050	0.8088	0.9725	-0.3380	0.4585	0.1283	-0.4746	-0.4833	0.7488	-0.3673	-1.2563	-1.2231	-1.3888	-0.5783	-0.7771	-0.6826	-0.1823	0.9086	-0.3887	-0.4773	0.6318	-0.5779	-0.1765	-0.6894	0.3896	0.0743	0.9369	-1.8251	0.8823
-0.2380	-1.0079	1.1199	-1.8519	0.1696	-1.2805	1.3112	0.4898	-1.1298	1.1045	-3.0317	-0.0711	0.5022	-0.7504	-0.9404	0.0580	0.1460	-0.8376	0.4960	0.1869	0.1180	1.0404	-0.8710	1.5293	0.4165	1.8136	-0.6327	0.7031	0.9337	-0.3116	1.4490	0.0257	-0.8332	-0.4746	0.6051	-0.2379	3.0113	0.0145	1.8108	0.6742	0.0930	-0.1449	-0.0147	-1.1859	1.7212	1.1097	-0.2799	-1.5787	-0.3008	0.5725
0.1574	0.4222	2.0648	-0.3446	0.4979	-0.6654	1.2005	0.8082	0.3938	-0.3075	0.0697	-0.7011	-0.7475	0.1897	-0.7254	1.6513	-0.6065	0.5700	0.8584	1.1303	0.4809	-0.9293	-1.6900	0.7902	0.8163	1.3653	0.1689	-0.4585	1.3070	-1.5206	0.6752	-0.6009	0.4341	-1.1387	0.4616	-1.4627	-0.3936	0.2003	-0.9350	-0.3177	-0.9045	-0.3731	0.3578	1.6844	-0.1039	1.5848	0.2110	0.2795	0.4695	-0.4027
-0.2417	2.1140	-0.9571	0.9907	-1.3444	0.3412	1.6124	2.1389	-0.5955	0.8288	2.0752	-0.0572	-0.7810	0.5758	0.4576	0.1911	-1.4067	-0.3179	0.3582	0.2647	0.6206	1.0847	0.4780	-0.4306	-0.4920	1.3258	0.9891	0.1910	-2.5454	-1.4607	-0.2411	0.5778	1.2010	-0.9491	-0.4701	0.6903	-0.0245	0.1258	2.6249	-0.2045	1.0480	-0.0112	-2.2786	-1.2459	0.9642	-0.2289	1.5763	0.0193	-0.8698	-0.5944
-2.6223	0.2030	0.7888	0.1478	-0.3725	-0.8006	-0.7860	-0.9880	0.4956	0.4614	0.2386	-0.1754	1.1733	0.7686	1.0153	0.8617	0.2098	0.8186	0.6288	-1.4072	0.3603	0.5224	-2.1690	-2.0510	-2.0443	-2.0512	-0.8318	0.7838	-0.3550	0.6611	-0.3951	-1.6625	0.0755	-1.4860	0.7512	1.0190	0.4221	3.0670	1.0062	0.6379	-0.1084	0.2668	-1.6460	1.0554	0.4275	0.0075	-0.5526	1.2097	0.5072	0.3584
-0.2434	0.9178	-1.3829	-0.0901	-2.2546	-1.4462	-0.8685	0.7782	0.6565	1.5116	1.0034	-0.0658	-1.5262	1.4144	-1.1730	-0.4238	1.5736	0.6316	-0.5179	0.5171	-2.4479	0.5444	0.4155	-0.5304	-0.3871	-1.5240	0.7275	-0.2205	1.2687	-0.0426	-0.4140	-0.7075	-0.5273	-0.2371	-1.7373	-0.8966	-1.4408	-0.6001	0.4819	-0.3803	0.6069	1.4642	-0.0383	0.7233	-0.5523	0.0408	0.8260	-0.9579	1.7689	-1.2968
-0.6914	1.7683	1.4683	1.1900	0.1844	-0.4604	-1.7564	0.2668	-0.9381	-0.1703	-0.5155	0.3402	2.2560	-0.7403	0.7465	0.7483	0.9943	0.0096	-1.3663	-0.8273	-0.4691	-0.4474	1.0742	-0.6537	0.5688	-0.7070	-0.8430	1.3824	0.2086	-0.4449	0.1663	-0.5068	-0.9843	-0.0011	-0.5712	-1.0993	1.6763	-1.4710	0.2460	-1.6603	-0.5937	0.7219	-0.4766	0.2960	0.1059	0.1488	1.3882	1.3306	2.1031	0.5691
-0.4944	-0.2306	-0.4386	1.1621	-0.4543	-1.1336	2.0254	0.2905	-0.4243	2.2083	-0.0849	-0.3832	0.0204	0.0754	0.5363	-0.4101	-0.0637	0.0233	0.0163	-0.2485	0.5017	-1.1263	-1.5816	-1.0990	0.1010	0.5519	-0.1672	-0.4978	0.5513	-0.0977	0.5910	-1.4671	0.6434	-0.6271	-0.8220	-0.5536	1.1814	0.9468	-0.9908	-0.7717	0.5472	-0.0685	0.3303	0.4440	-0.8464	-1.3968	-0.7352	0.0461	-0.4655	-0.3415
1.2601	-0.2608	0.9788	-1.7095	-0.3305	0.2644	1.6749	-0.9956	-0.0222	-0.6007	-0.0635	-0.9952	-1.1415	-2.8208	-0.2247	-0.7548	-0.8267	0.2973	-1.0531	-0.4555	-0.2077	0.1542	-1.3260	0.6063	0.3483	0.3016	-1.1604	0.2820	-0.9734	0.5843	0.1946	0.7491	0.9947	0.8782	-1.7616	0.2045	0.0228	2.5194	-0.1976	-0.3556	2.5661	0.6107	-0.1266	-0.2504	-0.2431	-0.2742	0.7806	0.3928	0.0088	0.6269
-0.3904	0.8297	1.9652	0.7470	-1.0176	-0.9193	-0.7989	-0.7211	0.5036	0.1305	0.6989	-0.0782	-0.6085	-0.2497	-0.5769	0.1824	-0.2907	0.6428	1.6663	-1.1837	-1.6857	-0.2565	-0.1065	-1.0603	-1.4280	0.2473	-0.8506	0.4476	0.9761	0.4924	0.6080	-0.7161	-1.6487	-0.1266	-0.4534	1.0357	0.8527	0.0731	-0.8027	-0.8224	-0.0186	-2.4352	-1.0943	-0.2114	-1.6972	0.3555	-1.1351	-0.0187	-0.1372	-0.5791
-0.9641	-0.4685	-2.0407	0.2335	1.1601	1.9303	0.7759	0.7728	0.5165	-0.2643	-1.2675	0.5571	-0.6564	-1.6690	0.4403	0.7662	1.2744	0.9389	-1.4157	0.4619	0.4390	-0.3338	-0.6089	1.0453	-0.1276	-1.6074	0.5492	1.2757	-0.9402	-1.0057	0.3357	0.2556	0.7013	0.1214	-1.2080	-0.9907	-0.0864	-0.2351	1.3269	-0.5033	0.2945	-0.8229	-1.8032	0.3433	-0.4331	0.2564	0.4941	0.5315	0.0630	1.8813
-0.2732	-1.3749	-1.2909	0.3656	1.0781	-0.1039	-0.4094	-0.2477	-0.7073	2.4326	0.6050	-1.4525	-0.0802	-1.0668	-1.1659	-0.1567	-3.0504	0.3753	-0.0972	-0.3266	-0.1363	0.5958	1.2564	-0.6020	0.2218	-0.4262	0.9127	-0.0261	-1.5037	1.8248	0.6528	-0.7741	-0.1495	0.7815	0.8246	-3.1043	1.3524	0.7504	-1.5340	-0.8776	0.1714	0.2181	-2.7263	-0.8906	0.6649	-2.0487	1.2331	-0.7038	-1.5275	-0.5325
-0.4690	-0.3355	0.5823	0.5119	0.1754	0.3640	-0.9842	-0.3406	-1.2842	0.7470	-0.0665	2.1099	2.9790	1.7868	-0.3174	0.3327	0.8159	-0.9972	0.9327	0.0406	1.1335	0.6825	-1.1370	0.6384	-1.1276	0.9329	-1.1586	-0.2221	-0.2206	-1.2681	-0.7111	0.8915	1.7776	-2.2284	0.7687	-0.0982	0.4566	1.2339	-0.7624	-0.4180	1.1624	0.4480	0.5091	0.7441	0.1358	0.6488	0.0904	0.1436	-0.5621	0.4649
-0.3179	-1.0600	-1.7560	-0.7130	1.0795	0.9787	0.2341	-1.0962	-0.0739	-0.5014	0.9979	0.8788	-0.4586	-0.2070	0.5667	0.6506	-0.4913	0.6497	-0.5864	-0.0706	0.7260	-0.4239	-0.9761	-0.7708	-1.0878	0.0533	-0.1086	-0.7240	-0.0827	1.8458	0.0121	0.4217	-0.1530	1.3490	0.7219	-0.1792	-2.4086	0.3620	-0.0199	0.4978	-1.0912	-1.5659	0.1313	0.1859	-1.6169	-1.1437	0.1928	-1.3441	-1.9245	0.2423
-0.7202	0.4372	-0.1576	0.4167	0.2904	0.1887	-0.3707	0.0065	-0.9271	-1.3752	0.3169	-1.0900	2.1880	1.5173	0.4466	-0.8626	-1.4741	-0.8836	-1.3499	1.6499	-0.6866	-0.1903	-0.6970	0.0408	-0.3658	0.1564	1.4658	-1.0869	0.8061	-0.4524	0.3239	-0.5665	1.0726	0.4628	0.1444	0.6520	2.2361	-0.7747	2.2667	0.4782	1.4372	-0.6419	-2.4339	0.1827	0.8624	-0.0355	1.0098	-0.1509	1.3234	-0.2595
0.9659	-0.5297	-0.3819	-0.3761	-0.3265	0.9504	0.6411	0.9736	0.4053	0.0209	0.8178	-0.1508	0.2650	-0.1463	1.1288	-0.8075	-0.7621	-0.3090	0.0652	1.5799	1.5876	-0.2704	0.6801	1.2928	-0.8245	-0.6589	-0.6778	-0.0937	0.0318	0.8883	0.1401	-0.8881	0.1719	-0.1592	0.0050	0.4682	-0.2345	0.2919	1.3509	-0.1458	0.3725	0.7544	0.8406	-1.1096	0.7867	0.0667	0.7240	-0.0438	0.0763	-0.9641
-0.4420	-2.1899	-1.7109	0.8686	-0.6315	0.7892	-1.0818	-0.7364	1.0511	-0.8777	1.3915	-0.7348	0.3021	0.1484	1.1230	-1.4534	-2.0128	-1.9951	1.7609	0.4300	-0.6069	0.3897	-0.4383	-0.4468	-0.1441	-0.1746	1.8285	-0.4000	0.3853	-0.3509	0.1573	-0.7064	-0.5466	0.7224	-0.0441	1.6682	0.0901	-0.2246	0.3419	0.4456	0.0750	-0.2516	-0.1635	0.5488	-0.1000	-0.3113	0.3536	-1.6869	-1.5522	-0.3560
1.9964	-0.0413	-0.1354	0.1858	-1.4515	0.7901	-0.9391	-1.1630	1.2848	-0.4280	-0.1659	2.8706	-1.8262	2.1072	0.5771	1.2123	0.0668	1.1749	-0.1889	0.7477	0.0732	-0.9135	1.3194	0.8683	-0.3176	-0.2578	1.1493	0.6279	-0.1364	-1.9322	0.7066	-1.1756	1.3996	-1.3622	-0.5743	-0.0862	-0.4032	-1.0337	1.4916	1.4663	0.1511	0.5595	-1.7705	1.1049	1.8141	-0.9487	-1.2238	0.3134	-0.9595	1.3502
-0.8159	0.7362	-0.3057	0.2506	0.6734	-1.5026	-1.3471	-0.7390	0.0760	-0.6939	0.1007	-0.8622	-2.4564	-0.3918	0.6265	-2.5701	0.6888	-0.1223	-1.0851	1.6996	2.1266	0.5612	0.5385	-0.1494	0.8678	-0.5240	-0.8844	-1.4439	0.2710	0.1803	0.3768	0.6416	-0.1967	-0.9417	-0.3029	0.8739	1.3129	0.5690	-0.1619	-1.1245	-2.0184	-0.7450	-1.3800	0.2798	-0.5716	0.4827	0.2986	0.1591	2.4134	1.2113
0.5037	-1.1887	-1.3894	0.0445	1.1242	-0.1003	-0.5111	0.2848	-1.0877	-1.3988	-1.1032	-1.0097	0.7276	0.4079	0.6149	-1.2729	0.8406	0.8283	0.3711	-1.0228	1.5483	-0.2853	0.0044	0.5271	0.2579	-0.9863	-0.6917	-0.5864	3.2317	-0.6948	2.1791	2.4792	-1.0485	-0.1253	-0.1993	-0.9904	-0.4901	0.2944	-0.7542	1.9494	-1.6536	0.6058	1.0426	1.5150	-1.3772	-1.2744	-0.9117	-0.1614	0.6595	0.7605
0.1116	-0.3917	-0.1143	1.9057	2.4872	0.4014	-0.1304	-1.5393	-0.3427	0.0535	0.6783	0.1927	-0.0302	-0.2780	-1.7508	-0.1652	-1.5063	-1.2985	1.3811	0.8760	-0.5129	-0.9166	-1.1749	-0.6801	-0.4466	-1.4345	0.7806	1.4349	-0.5827	-0.0905	-0.9136	1.3927	-0.3352	-1.4283	0.2506	-0.1815	0.9379	0.6763	0.5836	1.6989	-0.9792	-2.3457	1.8299	-0.1631	-1.7924	2.2348	-0.0717	-2.2745	-0.4177	0.3640
-0.9094	-0.7837	0.4633	-0.1864	-0.8446	0.3441	-0.7676	-0.9024	0.1983	-0.5448	2.2966	0.4345	0.1955	0.3182	-0.3944	-0.5139	0.4030	0.0318	1.8508	-0.4373	-1.1703	0.3423	-0.6099	-0.8071	0.0982	-0.0385	-0.9836	-0.1736	-0.8074	2.8875	0.5399	-1.3315	-1.1166	-0.7661	0.0010	1.6910	1.0039	-1.7697	0.3136	1.6260	1.6314	0.9496	0.5841	0.7893	0.6697	1.0390	-0.0540	0.3872	1.4257	-0.3393
-0.8106	-0.1524	-2.3091	1.7012	-1.5089	1.0158	0.0461	-0.4302	-0.0465	-0.2643	0.3041	0.7418	-0.9554	2.4928	-0.1065	0.0897	0.1003	1.8338	0.4492	0.9203	-0.7063	-2.0535	-0.0379	-0.5937	-0.0683	-0.5853	-0.9806	0.3000	0.6003	0.4720	0.8745	-2.0535	-0.9996	-0.6628	1.9708	-0.4820	-0.1506	0.9619	-1.7076	0.2756	-1.6922	-0.4703	1.6101	0.8564	2.0586	-0.1079	-1.2605	-0.4730	0.1837	0.2870
0.4706	-2.8722	-1.1924	-0.1351	1.6834	-1.5613	-0.2845	-0.4540	-0.2313	0.3190	-2.7589	-0.2449	1.2539	-0.2075	-0.4759	2.9289	-2.6681	0.2505	-0.5861	0.4915	0.1676	-2.0686	-0.4643	-0.3628	1.1294	-1.3943	-0.4703	-1.2299	-1.2016	-1.5537	0.0083	-0.5780	-0.1529	0.7280	-1.6593	-2.3085	1.1046	-1.2300	-0.3005	-0.4853	1.0225	0.7031	0.4748	-0.8061	-0.7285	-0.4342	-0.3274	0.0814	0.9115	-0.8984
0.4058	1.3034	-0.9869	-1.3008	-0.2278	0.1503	0.1848	-0.5162	0.2303	0.7868	0.2894	-0.2643	-0.6012	-0.6779	-1.1854	-0.7035	1.0000	-0.8915	-1.5733	0.1951	0.2418	-2.4131	1.8922	-0.8717	-0.6979	-0.2539	-0.3129	1.7275	-0.4704	0.2556	-0.1957	0.9610	1.4608	-0.8408	0.5001	0.9985	0.3189	1.2148	-0.8373	0.6990	-0.4844	1.0981	0.6339	0.0455	0.6124	1.2229	0.1682	-0.4961	0.7837	2.0113
-1.2549	0.6393	1.7952	-1.3109	-0.9195	-0.0234	0.8654	0.5310	1.8071	1.0220	0.1925	-0.0742	0.4601	-1.6472	-0.2733	-2.0226	-0.6270	0.5949	0.5495	-0.7348	-1.4041	-0.8536	-0.3728	-1.0886	-0.2269	-0.8379	-0.7808	0.2155	-0.7853	1.0613	0.3900	-1.3498	-0.2672	-0.9652	0.4527	0.0952	-1.8851	-1.8799	-0.4349	0.4053	-0.0187	-0.1284	0.6171	-0.5350	-0.2280	-0.3157	-0.9626	-0.8759	-0.7131	0.5345
1.0147	0.9079	-0.3494	-0.4809	0.0747	-1.7131	-0.6148	1.3767	-0.6261	-0.3062	-0.9593	0.8176	1.6422	0.7082	0.2048	0.2487	0.9556	-0.8890	0.1531	-1.5040	-1.2577	-1.6353	-0.4527	-0.5709	-0.4662	0.7340	-0.8075	1.2919	0.0480	0.4651	-0.9397	0.6944	0.0682	0.3514	0.9159	1.1427	0.2728	0.9259	1.2348	-0.0801	-0.0101	-1.1340	-0.2556	0.7415	-0.3822	-0.5710	2.2127	-0.1425	0.7131	-0.2725
0.3912	1.0795	0.8811	0.6229	-0.8967	-0.1550	0.7912	0.3503	0.5926	0.8414	-0.2888	1.0926	0.5129	-0.7729	1.3697	-2.2727	-0.5503	0.2156	0.6674	0.1730	0.5305	-0.5150	-1.0850	0.5973	-0.7804	-0.1088	-1.2607	0.6979	1.2215	-1.4864	0.5709	-0.8113	-0.5440	-0.7108	-0.7014	-0.0817	0.6675	1.0401	1.3000	-0.3083	0.1433	-1.2738	-1.4771	0.0425	-1.7138	0.5881	-0.1891	1.5258	-1.3514	0.4582
-0.0812	-0.4093	-1.3959	-0.8179	-0.6916	-1.2120	0.7455	0.2159	1.2812	1.0387	-0.7018	-0.4663	0.6311	0.2314	0.4972	-2.3164	0.1101	0.1611	1.9078	0.0629	0.9891	0.1477	-0.0472	-0.8315	-1.0056	-0.4671	-0.2709	0.1332	1.1057	-1.4259	0.3255	0.6007	-0.3847	1.8087	0.8852	-1.4135	-1.9622	-2.0994	0.2384	-0.1538	-0.0443	0.4696	-0.2222	-0.1707	-2.8982	0.5442	-0.1792	0.2047	-1.1540	-0.6111
2.0758	-0.4247	-2.5729	0.3838	1.0994	-0.4768	-1.4544	-0.5110	1.3161	0.2183	0.9920	0.1653	-1.1697	-1.2965	0.5717	1.1654	0.7305	2.2553	1.8660	-0.3989	-0.4723	1.3996	1.7389	-0.2975	-0.8338	0.1982	-2.2900	0.2024	0.2405	1.9650	-1.9138	0.2822	0.5100	0.4813	-0.1305	0.3991	0.7871	-0.8812	0.6642	-1.0463	1.0598	0.2259	-1.3408	-1.2064	-0.0513	-1.4130	0.5608	1.3038	0.2886	1.2824
0.4162	-0.9544	-1.0312	-0.4877	-2.0182	-0.6630	-0.6480	0.4110	-0.0667	-0.6359	-0.6201	-0.4761	-0.6599	-0.8690	1.5308	0.9371	-0.5730	1.1158	-1.4307	2.1505	1.0913	0.4760	0.3695	-0.2127	-1.1965	-0.3005	-0.8482	-2.3968	0.1531	1.4133	-0.5118	0.5792	-0.6783	-0.2208	-1.0263	1.0369	0.5654	-0.5599	0.1612	0.5404	-0.4123	1.1129	2.8924	0.7481	1.1490	0.9456	0.3190	-0.5645	-0.4502	0.7620
-1.2994	0.2997	-1.5496	-0.0477	0.7511	0.6081	0.4527	-0.1117	0.5483	-1.4816	-0.6467	-0.7595	-0.4102	-0.2521	-0.2872	-1.3995	1.9905	-0.0394	-0.7825	-0.2188	0.2647	1.0953	0.0395	-0.5161	1.0767	-0.6892	-0.8284	-0.5117	2.6640	0.0095	1.0432	0.0277	-0.9292	-1.1007	-1.0091	-0.0510	-1.8593	1.4449	1.4504	0.1937	-0.7163	-1.0319	-0.3675	-0.8912	0.7134	-0.6188	-1.2815	0.0577	0.8875	1.1061
1.1046	-1.0586	-0.4302	-0.5394	-1.0959	1.2347	-0.8504	0.2151	0.2483	-1.8811	0.1714	-1.8084	0.4321	1.0250	0.4013	0.8169	0.4903	-0.1500	-0.8843	-0.0064	-0.7382	-0.7595	1.2494	0.6855	-0.2550	-0.6777	0.4373	0.8502	-0.0446	0.2465	-0.2386	-1.1698	-1.4685	1.6873	0.6101	0.4637	-1.0778	1.4972	1.1534	1.1381	-1.1908	-0.2617	-0.1232	0.9167	1.1777	-0.9435	0.7259	0.0859	1.0635	0.5498
0.4402	0.9467	0.3741	1.6898	-0.5803	-0.8113	0.3365	1.5894	-0.5036	1.0299	1.3618	-0.4379	1.1315	1.0185	0.3889	-0.3018	-0.0438	0.4216	1.2194	-1.4641	-1.0762	-0.3359	-0.8915	0.3168	0.8675	0.4851	0.6412	-1.1460	1.6125	-0.3731	-0.8066	-2.3519	1.0244	0.6278	0.7457	-1.2168	0.5182	1.6830	-0.2646	-0.1720	1.2254	-0.0394	0.1453	1.4384	1.1080	1.0267	-0.5069	1.3858	-1.1910	1.3959
-0.5947	0.7415	-0.3995	1.4891	-0.1249	0.1043	0.7907	-0.3310	1.9096	0.7447	-0.9248	-1.0998	0.7833	-0.2179	1.4552	0.0412	1.6796	-0.0347	0.6775	-0.7984	-0.3116	-1.4482	-0.7513	-2.0901	0.4218	-1.5651	-0.0471	-0.0901	0.3697	-0.4599	0.1470	0.3273	-1.6927	-1.8031	-2.3953	-1.3857	-0.7294	-1.0245	-0.1174	-0.3169	1.1410	-1.5976	0.4823	0.6233	-1.0713	-1.5527	-0.1927	0.4560	-2.2333	-0.6065
0.4884	-0.1763	0.8811	-2.2984	-1.1559	0.1304	0.3879	2.2807	-0.2075	0.3583	2.0305	0.0701	-1.8388	0.2382	0.4319	-0.2812	-0.1634	0.5416	1.0076	1.0031	-0.6801	-0.8137	-1.5018	1.0511	-1.1808	-0.4358	-0.7152	-0.1761	1.3110	3.3254	-1.0280	-0.8520	-0.6039	-1.6862	-1.4178	-0.2175	1.6550	0.5276	0.2453	0.3954	0.5815	-0.8611	0.5725	1.3400	-0.9896	-2.1476	0.8786	0.7653	1.0759	-0.2960
-0.5274	-0.5502	0.0287	-0.6258	-0.7410	0.5010	-0.4269	-0.5281	-1.0301	0.9214	-0.3230	0.8261	-0.7934	2.0896	0.1516	-0.5095	-1.3836	-0.7972	0.4439	-0.7354	0.7963	0.2365	-1.7808	-0.0508	-0.8292	1.8938	1.5567	0.3960	0.9157	-0.1707	-0.5989	-0.7424	0.4633	0.1767	1.1792	-1.9746	-0.9116	0.3502	-0.4287	0.7624	0.7009	-0.9062	0.3314	1.4544	-0.5803	-0.7778	-0.3410	0.5047	-0.7091	-0.5215
0.0975	0.1747	-1.2025	0.2232	-1.4900	0.1352	-1.5852	0.2658	1.0630	0.0936	1.2182	0.3675	-0.3146	-0.2384	0.3359	0.3380	0.8690	-1.2172	0.4973	-0.7250	1.0612	-0.0647	-2.0449	-1.3098	0.9668	-0.9623	0.4604	-1.2871	0.2014	-0.0834	-0.1800	0.7492	-1.6267	0.0215	1.7600	1.9678	-0.1588	0.6275	-0.8108	1.0843	-0.7615	0.1710	0.2966	0.6644	1.3387	0.8565	-0.4505	0.9073	0.1665	0.5972
-0.7956	-0.7608	0.7600	-0.5480	1.2024	0.5325	0.5580	0.3342	-0.0030	-0.5621	1.3328	-0.2658	0.4904	-0.8153	-0.2938	-0.0781	-0.5331	-0.6214	0.3639	0.2468	-0.4017	1.4053	1.8731	0.1577	0.3274	1.6934	2.1486	-1.4300	-0.9873	1.7489	0.7600	-1.4391	-0.2951	1.7840	0.3505	0.1484	-0.8055	-0.6213	-2.4016	-0.2059	0.0052	-0.3423	0.7936	-1.3364	-1.2651	-0.5424	-1.1971	0.2923	0.8504	-0.9285
-0.5470	-0.4176	0.7913	0.6758	0.0887	-1.7399	0.4281	-1.0592	0.2837	1.4241	-0.5494	-0.2653	-0.5456	0.1720	0.5785	-0.0697	0.9045	0.5678	0.6859	-1.1504	-0.5959	-1.6708	1.0041	-1.4968	-0.1183	-0.3673	-0.9918	0.1768	-1.4936	-1.1269	-0.2567	0.5517	-0.9014	-2.1231	0.3345	1.0500	0.0428	-1.2853	0.6677	-0.4194	0.9615	0.3490	-0.5718	-0.0519	-0.7743	-1.1493	1.0211	-0.0821	-0.1207	1.2053
-0.6959	0.8235	-1.4150	0.2761	-0.0065	-0.7429	1.2045	0.2971	-0.6151	-0.8669	0.3677	-0.6248	1.0326	-0.5674	0.8072	1.1940	-1.2836	-0.5491	2.2383	1.6779	0.4234	-0.2355	0.6859	-0.8126	-1.0745	1.5769	0.3753	-1.2886	-2.3584	0.7993	-0.4153	-1.5962	0.7256	1.0076	0.8976	-0.3930	-0.3932	-0.6571	-0.1592	-1.5004	0.7549	1.4228	-1.1468	0.5972	1.2141	-0.1171	-0.0766	-0.1704	1.0140	-0.8815
-0.3310	-1.3887	-1.1913	-0.8550	1.0985	-0.3358	-0.8734	-0.4710	-0.5102	-1.8517	-0.5294	-0.8823	2.4261	0.9883	-0.1191	-0.0988	0.8267	0.1142	0.4526	1.8038	1.0676	0.8580	-0.8280	-2.4478	0.3509	-1.2459	2.2315	-0.3774	-0.0458	-1.4223	1.2984	-0.1174	-0.4225	-0.8386	1.1233	-1.9460	-1.2149	-0.8992	-0.9128	0.4564	-0.1159	1.4830	1.2629	-0.3024	0.0450	0.2695	-0.0678	1.1950	1.3092	-1.1698
-0.8970	0.9696	0.1665	0.7469	1.1408	0.7963	-1.4636	1.6415	2.3494	-1.0290	1.2551	-0.3517	-1.8485	1.7589	-1.4380	0.2021	0.3840	1.2403	0.4468	-0.4653	0.1432	1.0758	0.3113	-1.1320	0.8305	-0.4216	-0.8178	0.2205	-1.2503	-0.9956	1.4198	0.4907	0.1435	0.1525	-1.7833	-0.0072	0.7808	0.0520	0.6116	0.4538	-0.5932	-0.9582	-0.0432	-0.4131	0.2845	0.2287	-0.0959	0.1605	0.1495	-0.8175
-0.0919	0.2278	0.2028	-0.1904	-0.8159	-0.6035	-0.4070	0.6888	0.3415	-0.8487	0.7496	1.0250	-0.8584	-0.7817	0.7703	0.0162	0.2560	0.5996	1.7887	-0.9736	-0.8729	0.2389	-1.1815	-0.4978	0.9804	-0.5003	1.4688	-0.3940	0.8418	-0.0464	-0.5666	0.1625	-1.8297	-0.2450	1.9157	1.2746	-1.9985	-1.6107	-0.0613	-2.7507	-0.6403	-0.3851	0.8022	0.7900	0.4983	2.3031	-1.3608	0.8622	-0.0946	1.3234
0.5478	-1.5099	-1.5000	-0.7785	-1.0189	-2.7998	-0.2306	-1.2413	1.5892	0.6430	0.8735	-0.5069	0.0653	-2.0926	-1.2895	0.8941	0.7304	-1.4548	-0.1733	-0.9988	1.0476	0.7135	1.0039	1.5559	-0.2775	-0.8330	1.1904	0.2958	-0.1118	-0.0559	0.6211	-1.4152	0.8055	0.4232	0.0963	-0.1849	-1.8666	0.6788	1.4233	-0.2314	1.6902	-1.8936	-1.3876	1.5122	-0.0420	1.5077	-0.6151	-0.3330	-0.2282	0.2282
0.4355	-1.1702	0.0697	-4.0035	0.7094	0.4276	-0.8896	-1.0507	-2.0377	0.1488	-2.3296	-0.3951	0.0006	0.6661	-1.3012	-0.1688	0.8909	-0.7118	-1.6606	-0.3003	1.4043	-1.0527	0.1104	2.4819	1.2392	0.6088	-0.3028	0.2700	0.8031	-0.5763	1.9566	0.3781	-0.9392	-0.8602	-1.3721	-0.6011	0.1385	-1.0308	-1.8560	-1.3809	-1.8735	2.2485	2.0669	-1.1495	1.1919	-1.6313	-0.7665	1.2664	1.5419	0.3444
0.5709	-0.5325	-0.1484	0.4492	-0.9868	2.0488	0.5471	-0.2691	-1.0473	-2.1122	0.7827	-0.3334	-1.6219	0.1719	-1.1693	-0.9591	1.3883	-0.6607	-1.9881	-2.1687	-1.3986	-0.5751	-0.7805	-1.4953	-0.3398	0.6761	-0.7676	0.5892	1.9234	-0.8662	-0.7018	-1.4416	0.6739	1.2504	1.1640	-0.2212	-0.5808	0.8308	0.6060	0.4394	-0.6313	1.4299	0.0212	3.2101	-0.1430	-0.1824	0.9225	-0.0576	1.4647	-0.3939
-0.0147	1.1288	-0.6046	0.5809	1.2220	-0.1756	0.3620	0.0619	-1.7577	0.3194	0.3885	0.8405	-0.0243	0.4654	-1.0683	1.1599	1.3474	0.9540	-1.8308	-0.7470	0.4600	-0.2402	-0.2343	0.9049	-1.4486	1.0104	-0.3685	-0.7992	-1.0020	-0.2132	1.4326	-0.6117	0.3209	1.0867	0.2317	1.6597	0.1957	1.1517	-1.2463	-2.2111	-0.9973	1.0956	-0.4484	0.6382	-0.1850	-0.8669	-0.8124	1.6137	-0.2331	-1.0267
-0.4726	-1.1875	0.3600	0.1012	0.1627	1.0627	-0.5246	-0.3074	-0.4886	-0.5359	-0.5107	-0.9017	0.0072	0.4099	0.3396	-0.3254	0.2333	2.0663	1.7130	-0.9357	1.6912	1.2236	0.5367	1.7030	-0.6317	1.4975	-0.4387	1.4819	1.7143	-0.6510	0.7432	0.0392	-0.4130	0.3621	-1.1236	2.0099	0.1134	-1.0682	-0.7464	0.4450	-0.0017	0.0900	0.9229	-1.3601	1.1417	1.5506	0.1487	-0.2158	1.8112	-0.3858
-1.3966	1.8190	-0.5465	1.4145	1.1842	1.9003	2.6796	-1.9231	-1.3756	-0.9080	-0.3119	1.9066	-1.4052	-1.6262	1.3726	-1.1631	1.2180	1.9980	-1.0943	0.6064	-0.4191	-0.8017	0.4232	0.3265	-0.1782	0.3532	0.5958	1.6435	0.6792	-1.1274	-0.2671	-0.5147	0.0681	-1.2558	0.0870	1.1892	-0.2503	0.3980	-0.6950	0.6881	-0.8633	-1.2358	-1.5024	0.5565	0.9572	1.1107	-1.7937	-0.7165	-0.4057	1.1244
-0.3826	0.7470	0.2813	0.5483	2.8775	0.8674	-1.0033	0.6076	0.8689	-1.3330	0.1149	-0.0838	-0.5601	-0.2515	0.7514	0.7531	-1.3007	0.0184	-0.1177	-0.6918	0.0854	0.6160	-0.7732	0.7913	-0.2396	0.7010	1.9289	-0.3313	-0.5687	-2.2940	-0.0278	-0.5526	-1.2725	0.4317	0.1760	-0.8218	-0.4914	-0.1515	2.5537	-0.5955	0.3595	-2.3574	-0.1285	1.2121	1.4798	1.0231	-1.7474	-0.6018	-0.4116	-1.0413
0.8306	2.3382	1.4665	-1.8486	0.9826	0.2015	1.6585	1.7172	-0.6664	0.6485	-0.1531	1.6364	1.4059	1.6752	-3.3966	-1.0518	0.5417	1.1838	1.1465	-0.5898	-0.0137	0.5773	0.5000	-0.5621	-0.7401	0.4541	-0.1133	-0.3788	1.3897	0.5038	-0.4249	0.4801	0.0354	-1.1030	1.9212	2.8218	-1.0792	-0.2738	-0.5430	0.5935	-0.9632	0.0695	1.1330	-0.0626	1.1211	-0.0314	-0.7449	-1.9086	0.7525	0.7703
0.3153	0.5705	-0.5112	-0.3112	-1.2458	-2.6013	-0.7546	0.8615	0.5287	0.5343	-1.4787	0.1868	-0.3982	-0.0837	1.1834	-0.9481	0.0241	0.9902	2.4729	1.8605	1.3397	0.6460	0.1154	-0.0428	0.8211	-2.0600	-0.3314	1.2298	-0.8759	-0.5363	-0.9427	1.5813	0.8615	-2.2564	-0.5357	-0.7491	-1.6669	3.0515	-0.5983	0.7417	1.1643	-0.6976	0.1005	-0.7607	-0.4502	-0.8023	0.3410	-1.5615	1.8380	-0.3226
0.0002	-0.6565	-0.2403	0.0925	0.1083	0.9050	-0.1861	-0.0238	-0.2330	-1.1123	1.4950	0.3867	-1.3264	0.4132	1.4347	-1.6561	0.6182	-2.2227	0.0353	0.2652	0.6574	1.3231	-0.7680	0.2582	1.7180	-0.1025	-0.1922	-0.2315	-0.2779	1.3105	0.4094	0.9748	-0.2608	0.3116	-1.5919	-0.6048	0.0565	-1.3365	1.0954	1.0514	-0.5927	0.2550	-1.3653	0.0541	-0.2254	0.5292	0.9139	-1.3432	1.0511	0.3780
-1.3803	-0.0254	-0.3954	-0.7762	0.1218	1.1674	-0.5743	-0.3302	-1.4824	-0.2733	-0.1426	0.7679	1.5796	1.0250	2.4331	0.3061	-0.7564	1.0206	-0.3479	-0.0962	-0.2318	-0.3078	0.3308	1.5669	-1.0508	-1.1218	-1.4083	0.9509	1.3381	-0.5925	-0.6311	-1.9340	-0.3272	-0.2951	-0.5278	0.7638	0.9365	0.4331	0.3924	-0.5410	-1.2672	-1.5638	0.7830	0.5737	-0.3034	0.9846	0.5332	-0.8674	1.1497	1.0899
-1.8818	1.2193	-1.9790	0.3980	-1.0987	-0.6362	-0.4121	-0.2570	-0.5542	0.4456	-1.4928	-1.1107	1.2091	1.4984	-0.7393	1.2227	-1.1543	0.1996	-0.3378	2.0886	-0.0891	0.9984	-0.6604	0.3733	-1.3583	0.4326	-0.8268	0.3094	-0.7310	0.8641	-0.3640	0.3062	-1.7116	-0.4426	-1.2693	-0.4602	0.0583	-2.2384	0.2187	-0.4540	-0.1801	-0.3809	-0.4110	1.2845	0.1863	1.7065	-0.6123	1.9871	-1.2208	1.7864
0.6278	1.4965	1.4124	-0.2609	-0.5191	-1.1219	-1.5048	0.4631	0.6894	-0.7264	0.6945	-0.9712	0.5707	-0.3598	-0.5899	-0.0655	0.0022	0.9291	-2.1235	-0.6558	-0.8998	1.4486	-0.9913	-1.0014	0.3971	0.7682	1.2812	0.2800	-2.0037	0.5184	1.6168	0.6377	0.7032	-0.7890	0.2149	0.4864	-0.2330	1.3324	-0.7629	2.4820	0.0236	0.2408	1.5581	1.9053	0.6568	1.8888	0.0852	0.9900	-0.7087	-0.6837
-0.8272	0.9690	-0.1465	2.2763	-2.0286	-0.9627	1.1227	0.4600	-0.0122	1.7939	-0.3014	1.9892	0.8068	0.7942	1.4585	-0.0345	0.9218	0.7479	0.6541	-0.8580	-0.9794	0.2485	-0.1262	-0.4713	-1.0709	-0.1162	-0.4921	-0.8588	-0.1543	-2.2051	0.4433	-0.4606	0.6244	1.2914	0.1076	0.3465	0.6164	-1.0981	0.7112	0.7245	-0.0373	-1.2388	0.4338	0.4512	0.4135	0.0044	0.9069	-1.6177	0.8889	1.5945
-1.7884	1.4877	0.1272	0.5689	1.0642	0.1848	-1.7602	1.4094	0.2103	1.5312	-0.4687	-0.1786	-1.3423	-1.0253	-0.1900	-0.5749	0.4487	-0.8108	-0.7842	-0.4725	-0.2625	-1.4706	-1.7430	-0.6961	0.5596	-0.3063	0.5664	1.3778	-1.3369	0.9902	1.1181	-1.2309	2.0196	-0.0227	-0.6473	-0.9536	1.9739	-1.8819	-0.5515	-0.3636	0.3920	1.6461	-1.1132	0.4398	-0.3862	-1.7439	0.9708	-0.6886	2.3146	0.3712
-2.1992	0.8292	-0.2858	-1.4956	0.9429	-0.3198	2.4164	-1.8382	-0.6389	-0.6463	-1.2802	-1.9200	0.5214	-0.0309	-0.7924	-0.5735	-0.5999	-0.7959	0.0177	-0.7721	0.0564	-0.1628	0.8179	0.7818	-2.5326	1.7304	-0.5232	1.1022	0.3429	1.8308	-0.5821	-1.1348	-0.2058	0.6345	0.8377	0.4381	-0.0188	0.9779	-0.7073	-0.0978	-0.1772	-0.2577	-1.5276	0.0209	-1.0385	0.8286	0.9673	0.1846	1.6365	1.3753
1.6872	0.9259	1.3294	0.4436	1.8947	0.2876	0.8181	1.1312	-1.3316	0.0314	-0.9843	0.1304	-1.0369	0.2622	-1.1160	-0.5802	-1.2720	0.1149	0.9835	-0.4234	1.5787	-0.0706	-0.2291	0.4031	1.6478	-0.8987	-0.7626	0.4834	0.0209	-0.3459	0.0226	-0.6193	0.3015	-0.8640	-0.0325	-0.0670	-0.6018	0.4055	0.1352	0.4664	3.2615	-1.4746	-0.7276	-0.8129	0.5861	1.1431	-1.6298	-0.8910	0.2371	0.4264
-1.7757	-1.7901	-0.6725	1.6715	-1.8947	2.1334	0.9445	0.3370	0.3237	0.4843	0.2087	1.0716	2.3217	-0.8761	0.5722	-1.5066	0.0241	-0.0624	-0.2787	-0.0432	-2.0956	-1.4442	0.4993	-0.6048	1.2696	-1.2103	0.4483	0.8914	0.1131	-0.5454	-0.3645	1.1520	0.3361	1.2622	-1.6147	-0.3601	-0.7801	-0.9163	1.0058	-0.7509	0.1998	-1.4642	0.1052	-0.0756	1.3307	1.6516	-0.0440	1.5525	0.1951	-0.2886
-1.7232	0.5764	1.1358	1.0819	2.2283	1.0051	-1.7299	-0.3690	2.3756	-0.7225	1.1351	-0.1212	-0.1027	-0.9624	-0.7051	1.5155	-0.4100	-1.0406	0.4590	0.3340	0.1943	-0.3586	-0.0592	1.1916	-0.3672	-1.0226	1.0295	0.2394	-0.7026	0.1818	-0.5653	-0.8246	1.2757	0.3827	0.1719	-2.6015	0.3873	1.2401	0.0416	1.2893	0.2438	-1.3520	-1.0555	0.5383	0.3099	-2.8768	0.7932	-0.6086	-0.0875	-2.6049
0.9329	-0.1937	-0.6323	-0.6416	0.2613	0.7482	-0.3636	-1.6862	-0.3139	-1.1162	-0.9623	0.9449	-1.1640	-1.0951	-1.6637	0.6097	-1.8343	0.2134	-0.5541	0.4918	-0.2514	-0.5629	0.1755	-0.3457	0.4276	0.5164	0.1292	-0.1941	0.0958	1.2543	0.5503	0.8935	-0.3033	-0.2801	-1.9816	0.4440	1.3701	-1.6748	-0.1938	-0.1025	-0.0008	0.8066	-0.5400	1.4565	0.2073	-0.0227	0.7045	0.0696	-1.9488	-0.5548
-1.3112	-0.4685	-0.2111	1.7903	-0.5224	-2.3719	0.8293	-0.6841	0.5951	-0.3038	0.5924	2.9043	1.8091	0.3162	0.5573	-0.6006	-0.4613	-0.8881	0.0716	1.3708	0.7822	0.9483	0.7905	-0.9918	1.6798	-1.4775	-0.6812	1.2804	-0.1239	0.2917	1.6342	-0.1425	-2.1558	0.6983	-0.5038	0.9071	0.2807	-0.0474	1.2020	-0.5579	0.2079	-0.7065	-0.0986	-0.1241	1.5767	0.5705	0.0074	-1.2640	-0.0469	-0.0562
-2.1027	0.1172	1.0672	-1.0483	-0.5487	0.0580	-0.8349	-1.1452	-0.4089	-0.9075	-0.2084	-0.0037	-0.1566	0.7781	1.5332	1.0055	0.7454	0.9968	-0.0719	0.2942	0.9283	1.4209	0.3156	0.3446	0.6050	0.5505	-0.5836	0.1690	0.7308	0.5099	1.6046	0.6506	-0.4114	0.7614	-0.3232	-1.5299	0.0480	0.6180	-0.1612	1.9651	-0.0920	0.7338	0.6303	0.3148	-0.4700	-0.7589	1.5308	-0.9612	1.0653	2.8995
0.9017	0.0216	0.2792	0.0415	0.7393	-0.9251	2.0124	-0.4832	-0.4809	-1.7276	-2.0165	0.1451	-0.4000	-1.3707	0.8944	-0.5919	-0.6169	-0.2535	0.9892	-1.3991	-1.4932	0.3783	-0.2743	1.6144	-1.0860	-0.4632	0.7671	0.3190	-0.2541	-2.9311	0.4173	-0.1831	1.3111	0.6463	-0.3778	2.0059	-0.6527	-0.8947	-0.3749	1.1610	-0.4011	0.4673	0.1156	-1.4506	0.5095	1.1728	2.4346	-0.4158	-0.4074	-1.6866
1.0759	2.1729	3.0642	-1.2708	0.0918	0.3124	-0.1292	-0.0838	-0.8094	1.2192	-0.5000	-0.3128	0.6909	0.3636	-0.4890	-0.8663	-1.6195	-1.0609	-0.9654	0.6667	-0.4371	1.0932	1.5117	0.1576	1.6737	0.0237	1.7711	-0.4597	-2.5182	1.1690	1.4893	-0.0444	0.8233	0.5951	-0.1592	0.9819	0.5586	0.9120	2.2954	-0.4008	-0.5068	-0.1091	0.5797	0.7119	0.3597	1.5171	0.7415	-1.3325	0.3627	1.1522
0.9712	-0.1426	1.2464	0.7317	1.9975	-1.1651	-0.5930	-1.0225	0.0543	-0.9801	0.9193	-0.4427	-0.3110	-1.9979	3.2823	-0.3991	0.9795	-0.0199	0.0746	0.1974	0.2504	1.3774	-0.2044	0.1324	-1.8713	0.3750	-0.2207	0.1764	-0.1464	0.1678	-1.4928	-1.7965	2.0558	-1.3571	0.1907	0.5399	0.0339	-0.0603	-1.0658	0.6786	2.7475	0.1159	-1.2548	0.8743	0.4366	1.5206	0.2901	-0.9351	1.4260	-0.9886
-0.9523	0.7424	0.2551	-1.2208	-1.9549	-2.3484	1.1836	0.1551	0.9219	2.2468	-1.3474	1.0154	0.8924	0.6824	-0.8700	1.0286	1.1500	1.2212	0.0002	-1.1167	-0.1667	0.1426	-0.4093	-0.1502	0.4142	-0.4237	0.4308	-1.2511	1.2297	0.4964	1.4823	0.0512	1.1643	-1.1335	-1.1616	0.0328	0.3528	1.3689	-1.3359	-1.2696	-0.0804	-1.8039	1.7797	-2.4425	-1.2337	0.8814	-0.8983	1.9926	-0.3358	-0.7877
-2.1547	0.9538	-0.7627	-0.9009	0.3219	-0.3949	0.6172	-0.5702	-0.1750	-0.3143	-1.5963	2.4285	0.7830	-1.3651	-0.9201	-1.3758	-2.0942	0.1144	-1.1323	0.0008	0.5473	-1.4796	0.0179	-0.8644	-1.0678	0.7977	-0.1816	0.0288	-1.0356	-0.2184	-0.3754	-0.4081	0.8498	-0.2212	0.7869	-0.8654	1.9327	-1.4480	0.2948	0.2429	0.9707	-1.3069	0.5611	1.7426	-0.6137	-1.1081	0.1173	1.6668	-0.1293	0.5721
-0.4826	-0.1875	1.3788	1.0847	3.0805	-2.0529	-0.2672	0.8064	-0.5491	-0.8882	2.0917	-0.9381	0.3838	-0.8092	-1.5127	-0.5751	0.5331	-0.2341	2.1255	0.0080	0.4383	-1.5651	0.3363	0.1860	-0.0271	-0.4757	-0.7741	2.1240	-0.2523	-0.0404	-0.1313	1.3277	-0.7292	-0.2003	0.4620	0.8698	0.1702	0.6972	-0.8589	0.7152	-0.5008	-0.4678	-1.3649	0.3747	-0.0683	0.2325	0.2373	-1.0284	-1.9036	2.1467
-0.0071	0.8634	-0.5231	-0.0343	0.6312	0.1958	-1.8452	-0.2639	0.1795	0.3223	-1.3997	-2.0428	0.6541	-1.1699	-0.7634	0.7263	0.9038	1.0457	0.7516	-0.0182	-0.3258	-0.5175	-0.7034	-0.0652	1.1745	-0.3572	1.2956	0.7399	-1.5564	0.1348	0.4514	-0.4211	-0.5544	0.9730	-1.4919	1.0220	-1.3106	-0.3169	1.7395	0.2418	-1.3213	-0.2183	0.5136	-0.3517	-1.5817	-0.5471	0.6733	-0.2495	-0.0162	1.2376
0.3619	-0.1897	-1.2798	0.3605	1.1622	-1.0557	-0.1749	0.3562	-0.0058	1.3486	-0.9361	-0.9309	1.7921	-1.3617	-0.8443	-0.3126	-0.1506	-0.1954	-0.5074	0.7586	0.0765	-1.0609	-0.0154	1.0557	0.9393	0.0085	0.3135	-0.3099	-0.0309	-0.8901	-0.0365	-0.5305	1.3060	0.2699	-2.4208	0.0252	-0.7012	-0.7953	1.1418	1.3737	0.3382	0.6089	-0.5825	-0.5739	0.4141	0.5202	0.3333	1.7860	1.5684	0.2839
1.2165	-0.6807	-1.2079	-1.2241	-1.5263	-0.6483	0.8970	0.1709	1.3784	-0.6791	0.1298	-1.0291	-1.2531	1.8655	1.4806	-0.7528	0.7749	0.2375	-0.0394	-2.2409	-1.4464	-0.4566	0.8779	0.3683	1.1960	2.0008	-0.0571	-1.4206	-1.1888	0.0306	0.1139	0.0675	1.6177	-0.3004	-0.0969	-0.3703	-0.5488	-0.7261	-0.0757	-0.6916	0.4944	-0.9926	0.3012	-0.5000	0.5437	-1.5079	0.9663	-0.3786	0.1291	0.3297
0.1977	-0.1315	-0.0149	0.5704	0.6579	0.2136	0.4533	-1.7048	0.4442	-0.4535	-0.3363	-0.1177	-0.8689	-1.3021	-0.9880	1.1637	0.1340	-0.1853	1.4694	0.7965	-1.1069	1.0345	0.6536	1.3679	0.7962	1.4664	-2.1238	-0.4642	-0.7911	0.2512	0.0554	-0.0752	-0.0456	0.4257	1.7741	0.5317	0.4827	0.1076	1.1512	-0.1685	0.0553	-0.6951	-1.0102	-0.5236	0.7874	-1.8570	-0.1909	0.3489	-2.4919	-0.6125
1.2856	2.3382	2.7715	-0.9617	-0.6024	0.3741	-0.4019	-0.5055	-2.1143	-0.0333	0.4057	0.8317	-1.0061	-0.7830	0.1026	-1.1690	-1.0372	0.3559	0.3103	-0.0777	1.4046	-1.2825	-1.1549	-1.4537	2.4056	-0.8625	-0.4724	0.7614	-0.2628	0.3994	0.4288	1.4684	-0.5284	0.0175	-0.4765	-0.0794	-0.9872	-1.1593	-1.0769	-0.1465	0.2514	-0.2157	-0.1342	0.9812	-0.2616	1.4647	-0.5097	1.2647	-0.3454	1.9856
-1.3628	-0.7309	0.5967	0.2580	-0.7423	-1.0884	-0.8495	0.7564	-1.0257	-0.4281	0.5204	2.4356	-0.1568	0.3799	-1.1025	0.4816	-0.1934	-0.8806	0.4093	0.9912	-0.9271	0.5415	0.3165	1.4617	0.1417	0.8310	0.5249	-1.4693	2.0387	0.5653	0.9362	0.7662	-0.5786	1.3918	-2.1536	-1.2602	-0.2959	1.8145	0.2011	0.9257	-1.4008	-0.1571	-2.0488	-1.2955	-0.3813	-0.1591	0.4944	0.1625	0.4537	0.0504
0.2453	-0.2663	-0.2181	-2.5477	-2.7853	-0.0297	-0.1900	0.7251	0.0847	0.8819	1.9229	1.2955	-0.2315	0.7289	-1.0519	0.1529	-0.3618	1.4373	0.5742	0.2199	0.8292	-0.3127	-0.8796	-1.2812	-1.1190	1.2990	-0.3413	0.8619	1.3260	0.9899	0.0816	0.0140	-0.8739	0.9413	0.7202	0.9142	-0.4216	-0.4502	0.8574	-0.8471	-0.8400	-1.5016	0.6592	1.3077	0.2404	0.4795	-0.8587	-1.1291	-0.7928	0.4601
-1.9509	-1.3837	1.8330	-1.8610	0.9749	0.0919	-0.9166	1.8792	0.4745	-0.9108	0.4207	-0.5337	0.5463	-0.7243	1.2483	-0.0126	1.7553	0.8120	-0.6959	1.4102	-0.2683	1.0033	-0.3386	2.2565	0.4443	1.2102	-0.0098	0.1670	0.4815	-0.2575	-0.3130	-0.7952	2.2494	0.6184	0.9622	-1.3390	0.7325	1.2885	0.4048	-0.4670	-1.9499	0.5377	1.2433	0.3273	-1.1790	-0.5107	-0.1277	2.0291	0.7167	0.4625
1.4712	-0.5319	1.6436	0.8348	0.5634	-0.4053	0.1679	-0.4269	-0.6007	-0.7132	-1.3018	1.4408	0.6905	0.5316	0.3944	0.1084	0.8172	1.1362	-0.3611	-1.1194	0.2560	-0.2872	1.4025	-0.2548	-1.1732	0.3617	-0.0430	-1.0352	-0.9130	-0.4397	0.9351	-0.9673	-0.3659	-0.8772	-0.8405	-0.3694	-0.8906	0.3913	-0.0108	1.2508	0.7432	0.2245	-0.2280	-1.2914	-0.9831	0.4839	0.0484	0.0587	0.1604	-1.1550
-0.3394	-0.3048	0.3778	0.5788	0.0664	-1.9190	-0.2442	-0.0665	-0.0108	2.2219	-0.8183	-0.0301	0.2731	2.3932	-1.3267	0.0921	-0.5588	-2.7696	1.1928	-0.2910	0.8849	0.6852	-0.6192	0.6198	1.0458	-0.5627	-0.1068	0.6852	0.2087	-0.0067	-0.3224	-2.5258	-1.1099	-0.2945	1.3243	0.4950	-0.4988	0.8364	-0.4659	-0.9372	0.9998	0.5662	2.0631	-0.6907	-0.6815	0.5265	-0.8147	-0.8489	0.6890	-0.0138
-0.1902	-0.7007	0.3647	-0.0173	0.0163	0.4696	0.5035	0.1513	-0.9820	1.2265	-1.5921	0.5104	0.3350	1.0464	-0.4314	0.3358	-0.2189	0.4553	0.4023	-1.3801	1.2834	0.6671	0.1298	-0.2158	0.3595	0.9251	0.4017	-0.1096	-0.7697	-0.0087	0.3254	-1.5622	0.7964	-0.1120	-0.0578	0.6435	-0.1460	0.2164	0.9078	0.2637	0.0626	1.4504	-1.5368	0.0923	0.8131	-2.2514	0.6485	-3.1002	-0.8627	0.9063
0.3188	1.4735	-0.9043	0.2013	1.2997	-1.6427	0.4675	0.2188	-0.0647	0.0616	-0.4410	0.7189	0.8564	0.1646	-0.5399	-1.3359	-0.0836	0.7500	1.6569	-2.1425	2.0996	-1.9714	1.1260	-1.2276	-0.5991	-1.7077	0.5403	2.6009	0.2161	0.5506	0.7038	-0.6832	-2.0158	0.7518	-0.0682	-1.2291	0.2657	-0.9806	-0.3230	-0.3358	-0.1777	0.4643	-0.9282	0.2485	-1.7590	-0.9836	0.7043	-0.3071	-0.0322	-0.1259
0.1490	0.9075	-0.5752	-1.3685	-0.4200	-0.3359	-1.1253	-0.0051	-0.5879	-0.4910	0.3209	-0.4851	0.9627	-0.2240	-0.7344	-0.6374	0.0949	-0.2447	1.1148	0.4202	-1.3568	0.0963	1.0238	-0.6201	0.5392	0.8173	-0.6681	-0.5098	-0.1902	-2.0559	-1.0539	-0.0280	0.1187	0.7879	0.6425	-0.3296	-0.9975	0.7380	-0.1696	1.1250	1.0191	-0.1197	-1.7792	1.3599	-1.1590	0.1929	-1.0504	-1.3186	0.5523	1.6709
1.1135	-0.2144	-0.4525	0.4552	-0.2835	-0.0172	-0.9010	-0.4184	0.3371	-0.7598	-1.9426	-0.8205	-1.8840	-0.3088	-0.9172	-0.3370	-1.2527	-0.4474	-1.4351	0.3936	0.2052	-0.6620	1.6764	1.2472	-0.5994	-0.0455	-2.3483	-0.4138	1.5600	-1.1671	-1.1426	-0.3332	1.8084	-0.1963	-1.6253	0.1904	-1.2978	-0.1771	-1.1236	-0.3661	-0.2719	-0.7189	0.6650	1.1617	-0.1210	-0.9716	-1.2108	-0.2728	-1.5765	-1.2000
-1.0674	-1.1155	-0.5455	-1.1524	0.4028	-0.9052	0.1029	0.6303	-3.5620	-0.6061	0.4611	-0.0735	1.3016	-0.8819	-0.7017	-0.1701	-0.4228	-1.2099	0.2410	0.6700	-0.4443	-0.4411	-1.3839	-2.7591	-0.2587	-0.6848	0.1476	-0.7374	1.1186	0.3227	0.2046	0.9181	1.1817	-0.2828	-0.5371	-0.3476	-2.3377	0.5243	0.4246	-1.0681	-0.8001	-0.5800	1.3123	1.8754	1.5375	-0.1899	0.6679	-0.7006	-0.2966	1.4586
0.1752	1.0945	-0.4561	-0.6371	-1.5220	0.0974	0.1702	1.6792	0.2060	-0.9068	-0.0256	-1.2863	-0.6204	-0.6648	-0.5366	0.2336	0.1432	-3.0628	0.1143	0.5731	0.2479	-1.7722	0.2443	-1.2199	-0.3162	0.1944	-1.1741	-1.6142	-2.5894	-0.5622	0.6952	0.6214	0.6930	-1.5916	-1.9478	-0.0987	-0.4110	-0.8307	1.8164	0.7791	0.5311	-0.1336	0.8096	-1.3598	0.8944	1.7700	-1.0114	-1.1411	0.8772	-0.5222
-0.0471	0.5310	-1.1202	-0.2284	1.0213	0.5899	1.4545	-2.1366	0.3989	-1.0500	-1.0291	1.3246	-0.2001	-1.1907	-0.0162	0.7766	-1.2488	-3.0011	0.9140	-0.1085	1.1556	1.0262	-0.1048	-0.7817	1.0423	0.2847	-0.8087	-1.2850	-1.4748	0.3415	0.5301	0.3451	0.3168	-0.9687	1.2928	-0.1935	-0.9598	-2.5071	-0.8076	-0.1291	1.3247	0.1348	0.8488	1.3009	-0.2858	-0.6282	1.6508	0.7343	0.6973	0.0729
-1.2131	0.5481	-1.0563	-0.2721	-2.5357	0.7321	1.2588	0.8022	0.9076	-0.8219	1.0473	0.2635	-0.6451	-0.0946	-0.6006	0.7223	0.5357	-2.1764	0.4285	-0.5729	-0.4233	-2.4723	-0.6422	-1.1825	-0.1390	2.3778	0.4213	0.2322	0.2376	-0.8370	1.4459	0.6239	1.5705	0.0141	0.3798	0.4567	-0.3368	1.5919	0.0767	1.7904	0.4392	-0.0275	-0.8253	0.0021	0.5330	-2.9647	0.4835	1.1089	1.3551	-0.2281
-0.8180	-1.2688	0.6735	0.5862	-0.5495	1.8017	-2.2591	-0.7379	0.9439	-0.5619	-0.8003	1.0698	-0.2231	0.6131	-0.2310	1.1658	1.7202	0.0154	0.2286	-1.3516	0.9979	0.0785	-2.1128	0.6039	0.6472	-1.1638	-0.6079	-0.1988	0.4274	0.2853	-1.0289	0.1710	-0.2875	1.4801	-1.9833	-1.2702	0.2304	1.3938	0.2798	1.0324	-0.7788	1.3372	0.0663	0.3891	-1.3537	-0.4332	0.8808	-1.5038	-0.5762	0.0525
-1.0433	0.2714	-0.4440	1.0043	-0.2939	-1.1821	-1.1514	-1.1373	-0.8388	0.3954	0.7392	-0.5122	0.6990	-0.0163	2.1681	0.1960	0.7830	-0.2910	0.7090	1.9682	1.0961	0.0930	0.2175	1.1899	-0.9421	0.5232	1.1623	0.1631	0.0142	0.4501	-0.3404	-0.7044	-1.0697	0.1265	0.7831	-1.4816	-0.8138	-0.2609	-1.5857	-0.7118	-0.7243	-0.1249	-0.4023	0.4858	-0.2553	1.9080	0.8544	0.5917	-1.5878	-0.6652
0.7209	-1.9567	0.2317	-0.6963	-0.8474	1.0124	-0.0261	1.2255	1.1066	0.8893	-0.1844	-0.6974	-0.9723	0.8269	-0.1372	-2.2955	-0.4123	0.9718	-0.6401	1.4441	1.0216	-0.9981	-0.4382	0.6365	-0.9690	1.4135	0.4226	-0.4066	0.4788	-0.0946	-0.2377	-0.4827	-0.5696	0.7673	1.7217	-0.7120	-0.5780	-0.1961	0.1216	0.6253	2.2140	0.4587	0.5482	0.7019	-2.1704	-0.5247	1.9872	-0.6358	-0.3889	2.1075
2.5942	-0.9783	-1.6680	0.2110	-0.5308	0.2351	-0.6367	0.6688	2.3558	-0.3996	-1.7115	-0.3831	-0.7041	-1.7947	-1.0417	1.1541	-0.8468	-1.0236	0.1385	-2.0539	0.1457	-0.3561	0.7819	-0.1102	-0.3324	-0.1326	0.3599	1.1672	1.1189	-0.0234	-0.5797	-0.7942	1.1507	0.0478	0.6412	0.8788	0.0683	0.4769	0.1802	1.1686	0.6198	0.4909	0.5666	0.2106	-1.4447	-0.6676	-1.3268	0.3887	-1.0894	-0.0361
-0.6457	3.2454	0.1643	-0.5120	0.8086	1.0597	1.1941	0.9047	-1.8494	-0.4944	-0.0784	-0.1413	1.1373	0.7601	1.5275	0.7114	1.2799	0.5899	-0.3175	-0.8647	0.7413	0.0654	-1.6373	-1.5845	-0.6444	-1.3180	-0.2260	-1.7950	2.1793	-0.9796	1.8341	0.2254	0.7389	0.3449	-0.7082	1.1629	-1.3556	-0.8893	-1.6212	-0.6410	-0.3632	-0.1208	-0.4847	1.6655	0.0469	-0.7129	-0.3095	-0.1591	0.6917	-0.3300
0.1695	-1.1384	0.4226	-0.4055	-0.0466	0.9579	-0.7198	1.5615	-1.5558	-1.5789	1.9422	0.8301	0.2696	-1.1694	-0.9422	0.8672	-0.8958	1.2187	-0.1192	-0.9902	0.9111	-0.7780	0.4900	-1.6816	-0.3711	0.5056	-0.7339	-1.9334	-2.5443	1.8564	-0.4095	0.8238	1.7564	-0.0144	0.3800	-0.1214	1.1537	-0.1080	0.1489	-0.6412	-1.0253	-0.2819	-0.7403	-0.5238	-1.6475	0.1361	0.3113	1.6495	-0.2277	0.5001
0.1500	-0.9953	0.2601	0.1967	-1.9148	1.1933	-0.8440	0.9770	0.0199	-0.9401	0.8184	-0.7769	-0.9830	0.0785	-2.2350	-0.3267	0.1904	-0.7133	-1.3284	-1.3410	0.3897	0.8457	1.2800	1.9146	-0.6074	0.2156	0.3914	-0.2990	-0.1895	-0.5390	0.7065	-0.7681	0.2828	1.0119	0.0456	-1.3872	-1.1186	1.5587	0.6462	1.4593	-1.3622	-0.7759	1.1936	1.4430	-1.5831	-1.5754	-1.8759	-0.1014	-1.1599	-1.8671
-0.3043	-1.0467	-0.6139	-0.5976	0.2136	1.3531	-0.5287	0.7235	0.6191	1.0339	-0.1795	-1.7489	0.0483	-0.9643	-1.6865	-0.7085	-2.8072	0.5309	1.4948	-0.9527	-2.7605	-0.5352	0.0940	0.9249	1.5526	2.3351	-0.3991	2.1063	-1.0571	-0.1254	-0.9916	0.9232	0.0320	-0.3523	0.5791	0.0153	1.0172	0.3029	-1.0507	0.2677	-1.0205	0.4236	1.2845	0.9146	0.7800	1.6006	0.5336	-0.6193	0.7226	0.9114
-0.3204	0.5218	-0.9604	2.0345	-1.0549	-1.2839	0.0540	-0.7596	-1.3935	1.2001	0.8781	-1.1591	-0.6307	-0.8962	-0.1612	-0.6144	-2.5279	2.4977	-1.1034	0.3815	0.2896	1.2150	0.8192	2.2537	0.4418	-1.6316	-1.8906	-0.8401	0.8143	-0.6613	-0.6542	-0.1616	1.2080	-0.5834	-1.8630	0.8947	-1.1719	-0.3513	-1.1533	-0.5183	0.6367	0.2974	-0.6636	0.8363	1.8108	0.0120	-0.6634	0.4542	-0.4584	-0.7462
-1.8380	-0.1114	-1.1375	0.8124	0.1602	0.8434	-1.6505	-2.5382	-0.8597	0.0694	0.8493	-0.3882	-0.8094	-0.3944	0.1994	0.2119	-0.9298	0.0110	1.0114	0.4095	-0.0542	2.2391	0.0571	1.2082	-0.1933	0.6628	-1.8307	1.7361	0.0501	-0.2719	-0.5746	0.9100	0.8467	-0.6243	-0.3546	-1.5821	-1.1672	-1.3765	-2.6699	0.8951	1.5056	0.7106	0.2194	1.1206	-0.9979	-0.1250	1.5375	0.3642	1.7713	-0.7188
-0.1920	-2.0777	-0.2793	0.3198	-0.2883	1.8701	-0.3228	-1.2881	-0.0237	0.2561	0.8011	-1.8905	0.3098	0.8840	0.2406	0.3845	-0.0085	0.0513	0.0770	-1.2391	1.0854	0.1959	-0.2959	0.1450	-0.1531	0.4318	0.0004	0.3185	0.6125	0.9222	0.5714	1.8458	-0.2674	-0.3801	1.3018	-0.8395	0.7335	0.3576	-0.9426	-0.2428	0.6363	0.3217	0.6407	0.7457	0.5302	-0.4723	-0.0643	-1.1082	-1.2224	0.7371
-1.0755	-0.9473	-0.8486	0.2550	-0.5027	-0.2217	0.0123	0.1212	0.2232	-0.1291	-1.1604	-0.6134	0.4072	-1.6428	-0.7497	0.0554	-0.1906	-0.5939	1.1435	-1.5169	-1.0238	0.0041	-0.4247	1.0946	-2.0135	-0.5329	1.2587	0.7545	0.3568	0.4294	-0.1201	-0.8618	2.1120	-2.4855	-1.1220	-1.0338	1.4879	-1.2146	-0.1432	-1.3839	0.3008	-0.1290	0.3142	-1.2479	-1.3926	0.7904	0.0752	1.3673	-0.3962	-0.0019
0.4859	0.1927	0.1309	0.6753	1.2257	0.4044	2.0853	-0.7658	-1.1685	-0.7500	1.8032	-1.2587	-0.1622	-0.5664	-0.1009	-0.1725	-1.4382	0.2559	1.1267	0.1910	1.1338	-1.7017	0.2243	1.6492	-1.1519	0.0484	2.2023	-1.2131	1.5811	0.6579	0.1549	1.0117	-0.4242	1.6698	-1.9423	-1.6622	0.7012	-0.5952	0.9396	0.7446	1.4347	1.6485	0.6252	-0.9697	1.0089	0.2789	-0.1708	1.5190	0.1859	0.5027
1.1856	-0.3316	1.8911	0.4343	-0.1831	0.9064	-0.3815	0.8774	0.0971	-1.3799	0.4034	0.2219	2.1458	0.5690	-0.2664	-0.2071	-1.6624	-0.7103	0.0606	1.5813	1.9856	0.0187	-0.2690	-0.7477	-0.0771	-0.5647	0.7499	0.6172	1.3315	-0.0855	-1.2434	0.7068	-0.0465	-0.3092	-0.0616	0.1097	-0.1240	-1.7534	-0.3751	0.9246	-0.3573	-1.1055	-0.5028	-1.3741	1.0197	-0.5873	-0.7119	-0.3138	-0.9272	-0.2643
-0.1742	0.6228	-1.0903	-0.7721	0.1680	1.1041	-0.1464	1.0667	-0.9300	1.1526	2.0505	1.4552	1.0811	-1.0413	0.2178	-0.9993	-0.3974	0.8277	1.4602	-1.2369	-0.2070	-1.4482	-0.4239	-0.5976	-0.2998	-0.6106	-0.2090	-0.8011	0.0339	1.1044	0.1551	-0.9432	-0.3245	-0.5066	1.3090	-0.0533	0.2937	0.1909	0.6314	0.3818	2.1493	0.7209	0.9444	0.2454	-0.0249	-0.7587	0.5005	-1.7362	-0.8578	0.8211
0.1048	-1.0640	-0.4246	-0.7447	-0.4239	-0.3950	-0.5274	0.0706	-1.7284	0.0522	-2.1964	0.7520	-0.1911	-0.0614	-1.5227	1.5492	-2.3058	0.4511	-1.0698	0.9658	2.6151	-0.1163	0.2684	-0.1996	-0.2246	1.0565	-0.7753	-1.2546	1.4880	-1.2688	-0.2524	-0.6471	0.2783	1.7486	-0.2506	2.5612	-1.2230	0.1168	-1.0547	-0.8004	-0.2396	1.1612	-0.2504	-1.0596	-0.2091	-0.0204	-0.4980	0.1432	-0.2371	1.9073
-1.1181	1.3849	0.0794	-1.0401	0.7437	-0.6137	1.2567	-3.8034	-0.1717	-0.4674	-0.4151	1.2219	0.1993	-0.2170	-0.6401	-0.6749	0.2524	-0.3030	0.9380	1.6093	1.1960	0.0377	0.6443	-1.6957	0.1969	0.0324	0.7301	0.1615	-0.2805	-0.9947	-0.0791	-0.8979	-2.9992	-0.9105	0.0591	0.6253	0.0104	0.1209	0.6711	-0.3631	-0.4521	-2.7051	-0.2802	-0.5294	1.3426	-0.0818	0.5571	0.5007	-1.0816	-0.2883
-1.2436	1.4600	-0.5054	-1.3217	-1.0767	0.0473	2.4031	-1.3751	0.9711	0.3332	1.6245	-1.0387	-0.0649	0.8340	-0.4180	1.4383	-0.5523	0.8255	-0.9958	-0.7006	-1.6584	1.0104	-0.7840	-0.7616	-0.4554	0.6286	-1.6543	-1.1938	-0.3141	0.4571	0.2407	-0.0944	0.8870	0.8853	-0.6928	0.5392	0.4899	1.5869	1.4271	0.1194	0.2485	-0.9862	1.1851	0.7711	0.4240	-0.2556	0.5461	1.1930	-1.7846	-2.6749
0.3352	-2.0286	0.1270	0.3770	0.7235	-0.6030	-0.7033	2.0666	-0.0983	-1.2703	0.3888	0.0553	1.1406	-0.3817	0.6596	-0.2651	-1.1283	0.1662	-0.5212	-0.9471	0.0128	0.1422	0.2397	-0.7694	-0.7162	-1.2463	-1.6984	1.0640	0.7081	0.6718	2.2391	-0.3702	0.7655	-0.1122	-0.3302	-0.7719	-0.1707	-0.3709	-0.6046	0.2982	-0.6455	-0.0435	-0.0063	-0.5187	0.8277	0.0416	0.0703	1.2161	1.0607	0.3858
0.2575	0.5969	1.0840	1.5588	0.6987	-0.6578	-1.2376	2.5035	-0.0059	0.5693	1.5142	1.0264	0.1689	-0.0987	0.2881	-0.6269	-1.6203	0.0588	-0.3072	-1.5659	1.6938	-0.6453	-1.1300	0.6845	-3.1307	-1.0152	-0.0017	0.6427	-0.8719	-1.0067	-1.3153	0.6570	1.1176	-0.2117	0.2596	0.5573	-1.4349	1.0752	0.8301	-0.2865	0.9775	-1.3216	-0.9823	-0.4714	0.9389	-0.5454	0.3999	0.2256	1.5871	-1.0431
1.1340	-0.0099	0.2691	-1.9360	0.3549	-1.2025	-0.0103	-0.3087	-0.2331	0.3366	1.5161	-1.5539	-0.7457	-0.3822	1.9186	-1.3603	-0.2590	0.0295	-0.5219	0.6916	-0.6559	0.7582	-0.6428	1.7519	-1.0746	1.7652	1.4670	0.4750	-0.0226	0.8630	-0.7175	-1.7340	1.4740	1.9280	0.9552	-0.7330	-1.5447	0.6445	0.0514	0.1850	0.1455	1.1304	-0.6527	-0.9875	0.9420	1.1223	-1.0900	-0.1698	0.4227	0.1522
-0.0686	-0.9128	-1.8545	0.4867	0.5949	-0.8240	0.5643	0.7296	-0.3284	1.3442	-0.2703	1.0840	0.0446	-0.7194	-1.0238	-0.5914	0.4774	-1.4926	-0.0207	-0.3810	1.1595	1.4059	-0.4095	-0.0236	0.6275	2.0479	0.6211	0.7717	1.3507	0.5327	0.1761	0.8409	-1.2676	0.4070	-0.6874	1.8941	-0.7153	-0.4555	0.4388	2.5814	-0.7221	-0.1380	1.7437	-0.4259	0.1266	-0.4789	-1.3298	1.1309	-0.1625	-0.5086
-1.2096	1.0148	-1.6295	1.6988	-0.5797	-1.8180	-0.5512	0.3054	1.0996	1.5800	-0.7725	-0.8006	-0.0477	0.1819	-1.5316	0.9589	0.0393	-0.8191	1.2232	-1.1447	0.2336	-0.1159	-1.7297	0.9473	-0.4032	-1.9073	-0.1751	-0.5941	-0.3284	1.1496	0.5605	0.8448	0.5132	-1.2990	2.0245	-0.8706	0.6807	-1.5138	-2.9999	1.8643	-0.5302	-1.4244	1.1544	1.8959	1.2031	-1.2946	-1.3030	1.4254	0.7874	-0.8149
-0.1011	0.5557	-0.6664	-0.0070	-0.7011	1.9532	-0.6665	1.3026	1.1469	-0.5362	-0.0148	-0.1286	0.8708	1.1803	0.0463	1.1184	-0.0878	1.1407	-0.8072	2.1390	-0.2425	0.6962	-2.0023	0.0952	-0.6110	1.2905	-0.8004	-1.2386	0.4344	0.6204	0.5111	-0.0233	-0.1684	0.3265	2.3968	-0.1538	0.6071	-0.4954	0.6291	-0.7376	1.0183	1.1755	1.2912	1.7983	-0.5887	-0.6910	-1.5703	-0.2993	-1.7812	0.1726
-0.1400	0.8750	-0.0007	1.0948	0.6082	0.8780	-2.2957	0.5274	0.2795	1.1651	1.5854	0.0140	0.9860	1.5913	0.4022	1.7033	-0.8657	-2.5671	1.6888	1.0892	0.3249	0.6090	0.8500	1.2091	1.6363	0.6422	0.5254	0.9301	0.9195	-1.4650	1.4860	0.6765	-1.3721	-1.3802	-0.5061	0.7850	-0.2638	-0.0310	0.8627	-1.0244	2.1229	-0.5401	-1.6035	2.1523	1.2921	0.8416	2.7513	0.4491	1.5740	-0.8034
-1.1031	0.2247	-0.5171	1.8992	0.3414	-1.0600	-1.0396	1.1843	0.6867	0.0061	-1.3935	0.6978	0.5231	-1.5694	0.0446	1.0004	0.5766	-1.2484	0.7497	1.4493	-0.3634	2.2953	1.3059	-2.0769	-1.9967	-0.0121	-0.7153	0.8215	-3.2244	-0.4521	-0.8458	0.3666	0.1456	-1.4345	-1.4837	0.4136	-0.3731	-0.9798	0.2312	-0.9645	-0.3173	0.3343	1.2239	0.0343	-0.0653	-0.8597	1.5546	1.2223	-1.1638	0.8888
0.5177	-0.6177	0.3652	-1.4483	-0.2580	0.6305	0.1373	-0.2497	-0.6184	-0.1897	-0.0286	0.1348	0.4474	-0.5088	-0.1485	0.2125	1.1266	1.1565	0.2324	-1.6317	-0.4931	0.4340	1.1320	-0.6917	0.1142	1.2408	0.0314	-0.6228	0.7607	0.4338	0.1397	-0.3850	0.0675	-1.5041	-0.3523	-0.2078	-0.1701	0.9016	-0.5891	-0.3523	-0.9822	1.0756	-0.0646	1.2262	-0.2913	0.0830	1.1645	-1.4944	-0.0236	0.0121


