
X1	X2	X3	X4	X5	X6	X7	X8	X9	X10	X11	X12	X13	X14	X15	X16	X17	X18	X19	X20	X21	X22	X23	X24	X25	X26	X27	X28	X29	X30	X31	X32	X33	X34	X35	X36	X37	X38	X39	X40	X41	X42	X43	X44	X45	X46	X47	X48	X49	X50
-0.1062	-1.0230	2.0433	0.2336	-1.4318	-0.8158	0.0341	-1.4935	-0.5980	-0.1563	0.3510	1.4879	0.6795	0.2172	-0.9493	-1.6443	-0.0543	0.1545	-1.0119	1.1660	-0.9191	-1.0965	0.0028	0.0765	-1.3372	0.0174	-0.9384	0.8156	0.8282	0.2439	0.4655	0.5840	0.7190	-0.0501	0.0691	-1.6986	0.7612	0.3771	-0.5396	0.9313	0.3285	-0.2169	1.4482	-1.0458	-0.0352	1.9362	-0.8520	-0.4414	-0.4304	-0.8194
0.8437	-0.8504	-2.0734	-0.1558	-0.4764	1.0901	-0.3322	-0.2543	0.2047	0.6054	0.0635	-0.3131	-0.2844	0.3014	-0.6685	-0.5595	-1.5907	-1.3804	-0.0791	-1.2895	-0.0028	0.3879	-1.1936	-0.0191	-0.5566	0.4371	-1.2484	2.1748	-0.2963	0.3796	2.9988	0.0082	2.9553	-0.3209	-0.3062	0.5074	0.0277	-0.2444	-1.3391	-0.5353	-0.8179	-0.4636	-2.6282	0.5455	0.2172	0.5708	0.4459	0.5231	-1.0909	1.6535
0.8708	2.1347	0.1959	0.0580	0.7247	-0.0812	-1.4123	-0.4338	-0.2214	-0.8829	0.8149	0.1259	-1.3612	1.6386	-2.1162	0.5079	-1.2379	-1.1219	1.2254	-0.5353	0.1234	-1.3700	-0.4662	0.6776	-1.3551	-1.6923	0.1365	0.5437	-0.2089	1.6909	0.3416	1.3849	1.3177	0.7927	1.2368	-0.9064	-0.4225	0.0299	0.1459	-0.3635	-0.6226	0.0051	0.4743	-1.1396	-0.0569	-1.5682	0.6316	-1.0764	0.5427	-2.4671
2.4432	-1.1912	1.0993	-1.7549	-1.0603	-0.4821	-1.1594	-0.0274	0.8895	0.7255	-0.0691	2.5197	0.3465	-0.1625	-0.8443	1.8988	1.4349	1.3640	1.0656	1.9170	0.7041	-0.2061	-0.0869	-2.3968	0.5872	0.8652	-1.6152	1.2680	0.9592	0.7776	0.3081	-0.7599	-1.3323	-0.6083	0.5327	0.5196	0.1385	-0.6834	0.2223	-0.4927	0.8810	0.1929	-0.3177	-0.5137	-0.6491	-0.4081	-0.1664	0.0008	-0.2627	0.3567
0.2920	-0.8543	1.3694	1.1213	-0.8856	-0.8071	-0.6158	0.9986	-0.5117	-0.1145	-0.9808	-0.6904	-0.1172	-0.9833	0.9323	1.8407	-1.3353	-0.0800	-0.6547	0.3273	-0.2337	1.2058	0.5534	0.2106	1.2256	-1.0629	0.4929	0.1645	-0.7768	-1.7199	-0.1834	0.6540	-1.0233	1.9410	-1.3545	1.2665	1.0902	0.0683	-0.8867	0.0926	0.0299	-0.0720	-0.1160	0.9281	-0.2385	0.0155	-0.7064	-0.4479	0.2770	0.5310
0.6007	0.3650	-0.3593	-0.9726	-0.5820	-0.4983	-0.0450	0.4177	0.2094	-0.2861	0.7204	0.6849	0.2279	-0.9323	1.4761	-0.3404	-1.4359	0.9595	0.5565	-0.4745	0.4979	0.0314	-0.3697	0.7174	-0.3886	0.7383	0.3855	1.5197	0.5142	-1.1365	-1.2597	-1.7787	0.5004	-0.1512	-0.2330	0.7238	-0.5322	1.3148	-0.7292	-1.0918	-1.9397	1.1977	0.3192	1.2436	0.2565	0.4754	0.7189	-0.4649	1.3278	-0.8197
-0.8084	-0.8917	1.1842	0.3013	-0.4250	0.2796	-0.0610	1.6749	1.0939	-1.9890	-0.8061	0.6128	1.6060	0.7944	-1.3976	-1.2431	0.1952	-0.2466	1.3005	-0.4114	-0.0815	0.3406	1.2189	-0.3943	-0.5679	-0.6780	-0.9217	0.3321	0.5960	1.4107	1.3790	0.7325	0.2750	-0.9905	0.5466	-0.9203	-0.7493	-1.0511	0.0088	-1.1297	-0.6411	-0.0713	0.4565	0.3659	0.0520	0.3195	-0.9545	0.7612	-0.2003	0.7290
-0.3301	1.6633	-1.0108	-0.3203	-0.5915	1.1364	-1.6626	1.6657	-0.3297	-1.3759	-0.3837	-2.0856	0.2520	-0.4842	-0.3540	0.1122	-0.5260	-1.1226	-0.9095	-0.3802	-0.9323	1.5920	-0.9197	-1.2592	-0.7033	-1.2388	-0.3105	0.5483	0.5230	-0.9971	0.1050	1.0542	-0.9249	0.3957	-0.4338	-0.3369	-0.2767	1.5491	0.6454	0.3366	-0.0154	-0.4541	0.8876	-0.2374	-0.0194	-0.6940	-0.5253	-0.1636	1.2427	0.6925
1.5789	0.7958	-2.6721	-0.0166	-2.4031	0.0725	2.8774	0.1591	-0.8009	-0.0743	-1.1228	0.8529	-1.6277	1.3270	1.5513	0.3985	0.5667	0.3903	0.3651	-0.4163	-0.3333	0.7258	-0.1479	-0.4941	-0.0593	-0.8192	-0.3357	-0.4742	-0.4599	-1.9529	0.9408	0.8255	-0.3337	-0.8463	-1.8780	-1.2448	0.9513	0.0154	-1.3100	1.4985	-1.7278	0.0147	-1.7699	1.3556	-1.0187	1.1568	-0.9975	2.0138	0.1457	-0.5734
-1.4146	-0.9655	0.8342	-0.1268	1.2933	-0.6723	-0.7871	1.5520	-0.6852	-0.5729	2.2670	-0.5194	-0.4392	0.2790	-1.3068	-0.1136	-0.7833	0.4748	-0.6772	-0.6360	0.2390	-0.7912	0.4931	-0.8846	1.4868	0.0530	0.6444	-0.9300	-1.4209	0.0953	0.1090	-1.3085	-1.3933	-0.7228	1.8536	-1.8975	0.1371	-1.1284	1.5809	-1.3134	-1.7753	1.8413	-0.9332	1.1041	-0.6224	0.0651	1.0852	-0.4418	-1.8387	-1.1681
-0.1709	0.6273	0.1773	-1.2210	1.3798	-1.7284	-0.4952	0.8484	-0.2935	1.1247	0.6192	0.8856	-0.0490	0.2443	-1.3179	0.5733	0.2692	-0.4935	0.4853	-0.5488	0.6061	-0.0589	0.5807	0.4227	-0.9985	-1.2021	-0.5106	-1.7922	-0.8482	2.5613	-0.1651	1.4206	-1.6118	0.2235	0.8841	1.8975	-0.3341	0.1715	0.1474	1.3086	0.3745	2.0034	0.2052	-0.4657	-0.5639	-0.3072	0.8925	0.6966	-1.4714	0.4276
-1.3853	0.9469	-1.1231	0.8257	0.2839	-0.2014	1.0255	1.1753	1.2233	1.3894	-1.8769	1.8286	-1.7686	1.0353	-0.6960	-0.1726	0.4424	-0.7576	0.4552	1.4693	-0.3128	0.1119	0.0519	0.6973	-0.5995	-1.2727	0.0830	-0.9813	0.9959	-1.6253	-0.5778	-1.6628	0.7112	1.1422	1.6232	-0.1962	-1.8795	-0.2613	0.6546	-0.5514	0.2225	-1.9036	-0.3080	-0.6738	-0.9539	-0.2649	0.0855	-0.9223	0.4948	0.5996
0.3077	-1.6964	-0.5325	1.1868	1.0967	-1.0505	-0.1575	0.3466	-0.5706	-0.4104	1.2112	0.3922	-0.8306	-0.5409	-1.2341	-0.7457	-0.6432	-2.2928	-0.4529	-0.3200	0.6433	0.2511	-0.0025	-1.3000	-0.9470	0.5510	-0.5807	-0.8969	1.7039	-0.0028	-1.3054	0.8873	-1.4369	-1.2632	-0.4343	-2.1836	-1.4805	0.1351	-1.4436	0.6941	-0.2683	-0.7558	0.6156	1.2670	-1.8823	1.3940	0.4628	-1.1613	-1.2631	0.2612
0.2653	-0.5775	-2.6298	1.4315	0.4119	0.4901	1.1249	0.2304	0.4774	-0.6724	-1.0194	0.0264	1.0664	0.5546	-1.2093	-0.2253	-0.1516	0.5984	0.1584	-2.6517	-0.0822	-0.0502	-1.7242	-0.5956	-0.5410	0.2594	-0.2894	-0.9958	-0.2526	1.1598	1.1030	0.1138	0.0083	-1.9650	-0.5935	0.5416	0.5072	-0.9340	-0.4300	-0.0212	0.6495	0.0517	-0.9135	0.1673	-0.8934	0.4177	1.7000	-0.8210	-1.0848	-1.1248
0.9777	0.4895	0.0654	-0.8591	1.6566	-0.1724	0.4425	-0.6375	0.7081	0.0883	0.5385	0.2381	-0.1764	0.5021	0.8920	-1.0270	0.5698	0.2485	-0.3893	0.8279	-0.8787	1.8008	-0.2083	0.5353	-0.5166	0.9676	-0.3049	0.0546	-0.7408	-1.1346	-1.7345	-0.1085	0.1668	-1.1432	0.7868	0.5381	1.2779	0.2892	-1.0734	0.6324	0.7704	0.8828	1.9936	1.4706	-0.1390	-0.4261	0.3531	0.6094	-0.6979	0.2993
-1.5910	-0.2755	0.2391	0.0054	-1.7975	-1.4904	0.2739	-0.7096	-0.2055	-0.4194	0.2306	-0.4692	-0.2391	-1.4227	-0.7146	-1.0656	1.3863	0.9010	-0.0397	1.1365	0.4739	-0.7794	-1.7781	1.3249	1.0505	0.8475	-1.0643	-0.3114	0.3074	0.8602	-0.8930	-2.8965	-0.1471	-0.6891	-1.6014	1.4863	-2.1831	-0.7934	0.3282	1.0430	0.2061	0.5335	-0.2048	0.3618	-0.9455	0.2488	1.7275	1.0913	-0.2888	0.3260
0.2098	0.6097	1.7841	1.5002	-0.6809	0.4843	0.3796	-0.9224	1.2296	-1.6334	0.1495	-0.2205	-0.2283	1.6180	0.9847	-0.8244	-0.4774	0.9489	-0.8069	-0.3994	1.7620	-0.5739	1.4160	-0.5031	-1.5735	1.7151	-0.4026	-0.4575	-0.7473	-0.3510	0.3215	-1.7266	0.9785	-0.7416	0.1756	-2.1094	-0.3241	0.0612	0.4983	-0.6382	-0.6346	-0.7673	-1.2825	1.3126	-0.5517	0.1595	-0.6052	-0.6933	-0.1475	1.2633
-0.4179	0.0468	-0.4871	1.8821	0.4893	0.6313	-0.2046	0.9354	0.2409	-1.1892	-0.4677	-0.2454	1.2468	0.3371	2.4989	0.7621	0.8413	0.3505	-1.9232	1.7082	1.7483	-0.5001	0.2114	-1.5646	-0.7082	-0.4014	-0.3130	2.7094	1.3840	0.9381	0.7835	-2.1389	0.7840	-1.3612	1.4302	0.8212	-0.5688	0.3393	-0.9722	0.6506	0.2524	-0.7590	-1.1237	0.5485	0.3545	0.2963	0.0231	-0.5277	1.2285	0.0114
0.9089	0.0196	1.2557	0.1795	-0.8197	3.0916	0.2191	0.4777	-0.7747	0.1528	1.8294	0.6604	-0.1167	-0.0822	-0.8734	-0.8401	-0.8289	-1.1312	-0.7687	1.4391	-1.4951	-1.1252	-0.0764	-0.4706	-0.8437	-0.9783	0.7178	0.3258	-1.5293	0.3758	-0.1551	-0.5832	-0.2373	-0.4639	-0.2081	-0.2607	-0.7959	1.1301	-1.3689	0.3720	-0.3650	1.1822	-0.7280	-0.2761	0.2238	-1.1322	-0.3267	1.5545	1.9540	-1.3505
-0.4021	0.6983	-1.2213	-1.0586	-1.5003	0.2817	-0.4552	0.3053	0.5758	-1.9443	-0.2886	0.9986	-0.3071	1.1049	-1.3639	-0.8166	1.2975	-0.1042	0.8676	1.7193	2.1221	-0.3954	1.4649	-1.5490	1.8891	-0.8353	0.3063	-0.1891	0.2257	-1.3998	1.2635	1.3816	-1.4036	0.0290	-0.7302	-0.6685	0.5100	-0.0172	-1.3358	0.3013	0.5617	0.3329	-0.4652	-1.2921	-0.4910	1.9426	-0.4789	1.3672	-0.0074	-1.1272
2.0270	0.4159	-1.1416	0.6724	-0.3051	-0.8426	-1.4146	0.1227	-0.6444	-1.3214	-0.9455	0.4777	-0.1206	-0.0269	0.4709	1.3163	-1.0909	-0.9711	-0.6578	2.4230	-0.6048	0.2086	-0.0404	1.4931	0.5183	-1.0296	-1.1503	-0.9526	-0.7349	-0.8629	-1.2340	0.1623	-0.0785	0.6214	0.7478	-0.5919	1.0229	0.1823	2.2171	-2.1258	0.0244	1.1602	0.8203	-1.5266	-0.3853	1.3790	1.6327	1.6702	-2.6996	-0.5983
-0.2418	-1.1241	1.5257	-1.0310	-0.3587	0.0517	0.8463	0.4874	0.5258	-0.5054	-1.2104	-0.0043	-1.6507	-0.8280	1.4297	-1.2865	-0.2236	-1.5720	-0.8539	0.4523	-0.4417	-0.0416	0.8294	-0.5001	-1.1570	1.6381	0.8932	-2.5970	0.9918	-0.5337	1.6108	2.3025	-0.3661	-0.3358	0.1905	-1.5890	1.0972	-1.8806	0.5340	0.3116	0.6043	-0.0352	-0.7020	2.2391	0.0836	1.1509	-1.0882	-0.7121	-0.8541	-1.3072
-1.1954	-0.5768	-1.5392	-1.9625	-0.7868	-1.1570	0.4567	0.1330	-0.1119	1.0203	0.4899	-0.6215	1.2517	0.7612	2.0721	-2.2934	0.4852	-0.2085	-1.2225	-0.7461	-0.9878	0.6290	-1.3837	0.2040	-1.2275	-1.1748	-0.4860	2.0221	0.5135	0.4727	0.4680	0.9645	-0.0232	0.4886	-0.6524	-0.9921	-0.6933	0.5362	-0.7915	-2.5257	0.3907	1.4017	-1.2456	-0.4484	0.0863	-0.1661	0.2576	-0.5468	-0.4761	0.7078
0.5105	1.6748	1.3318	-0.9260	-1.2981	-0.7424	-0.4026	-2.2917	-0.5137	1.6810	0.9455	0.3161	0.9572	1.3850	-2.0456	0.5800	1.1653	0.0344	-1.8306	-0.2112	0.1066	0.0654	1.3628	-0.1869	0.3353	1.3161	1.0086	-0.5947	-0.2150	1.8213	0.3855	-0.0699	-1.3369	-0.8335	-0.2167	-1.0558	-1.6922	1.1525	0.0747	-0.3979	-0.3291	-1.3251	0.5692	0.3018	-0.6017	0.1282	-0.9723	-1.4105	-0.0726	1.5331
1.4756	0.5692	-2.7970	0.5462	1.3324	0.1004	0.2211	0.4347	0.2350	0.8308	0.1738	1.5028	-0.6163	0.8713	0.1009	0.1143	0.7779	0.7922	-0.7898	-1.0621	-0.5564	-1.8489	0.5873	0.7460	1.6891	0.4167	1.5993	0.1258	-0.2858	-0.0857	0.2231	0.6347	-0.2230	-1.6211	0.4707	-1.8607	-0.0054	1.8348	1.7233	0.9967	0.3594	0.2420	0.0963	-0.3358	-1.3311	-0.1895	-0.5301	-0.5224	-1.0525	0.1026
0.0945	-0.3808	0.2850	0.5161	-0.3201	-0.0024	-0.1988	0.5927	-1.3220	0.3200	-0.8640	-0.1905	1.2860	-0.1696	-2.7597	-0.5174	2.2175	1.1402	-0.1619	-1.4747	-0.7345	0.4178	1.7377	-0.0970	1.2068	1.5076	0.0337	-0.4839	1.6662	0.1011	-0.6092	-1.3121	-1.2315	0.1077	0.0108	-0.7063	1.0013	0.4704	1.0367	-0.0997	0.5609	0.1143	-0.4092	-1.0904	-0.5253	-1.6056	-0.4916	1.6037	-1.3370	0.1898
-0.7773	0.8198	0.3514	1.5470	0.0129	2.1229	0.8080	1.2404	-1.5006	-0.4438	-2.6491	0.8277	-0.8790	-1.6131	-2.0539	1.1270	0.7634	-0.0557	0.7902	0.2863	-0.5952	-0.1793	2.8216	0.0233	0.4868	0.5818	1.6960	-1.4900	0.8416	1.1553	0.6517	0.0200	1.3215	-1.6745	-1.2710	0.5137	0.2602	0.0430	1.2870	-0.5021	-0.0978	0.9302	-1.0542	0.9220	-0.8344	0.5660	-0.8734	-1.0061	-0.8221	0.8485
-0.5488	-0.0645	0.2293	-0.6111	-0.2334	0.4867	-0.4036	-0.9430	0.4540	-1.1437	0.9229	-0.5659	-0.3112	-0.0569	-0.8461	0.6705	-0.1707	0.3243	0.3299	0.2251	-0.7676	0.4736	-1.2500	-0.1234	-1.2824	1.1659	1.9075	1.9237	0.3654	-0.5637	0.1017	-0.0045	-0.6612	0.1907	-1.0303	-0.1512	0.4358	0.4598	-0.7803	-1.1111	-0.0623	0.0392	1.2477	-1.0880	0.9783	-1.0013	0.5644	0.9317	-0.7383	-2.2019
0.5182	2.2824	-0.3713	0.8803	-1.4446	0.6540	-0.3291	-0.8535	-0.2394	-1.3098	1.0840	-0.9991	-1.3935	-0.8678	0.5679	-0.5751	-0.2655	1.6915	0.5367	0.0145	-0.4635	-0.2983	-0.9020	0.8090	-0.5762	1.0365	0.6159	-1.2243	-0.3500	-0.4827	0.6905	-0.1065	-0.6885	-0.7586	-0.4369	-0.6093	0.0270	-0.6530	-0.1603	0.6725	-1.7342	0.4648	-0.1111	-0.8275	-0.8079	0.1118	0.1787	0.5935	1.8710	0.0709
-0.7742	-1.8273	2.3484	0.8305	-0.1491	-1.1595	-0.0530	0.0482	-1.0824	1.6183	0.2915	-1.6201	-1.1818	1.2585	-0.0213	1.1406	-0.1955	0.4481	-1.2398	-1.0395	1.6174	-0.2528	-0.8426	-0.4017	-1.4443	1.8915	-1.5504	0.7059	-1.4828	0.0485	-0.2099	1.3148	-0.1268	0.9041	0.0482	0.5683	-0.9987	0.2014	0.2795	1.0966	-0.2296	-0.4507	-1.4746	0.3969	0.4979	1.5187	-1.0512	-1.2167	0.1569	0.9151
0.8357	-0.4682	0.0400	0.1971	0.7544	-1.5079	0.0736	-1.0737	0.4832	-2.2642	-1.4470	-0.1626	1.0473	1.4622	1.1313	-0.4797	-0.5474	-0.4009	0.9455	1.2574	-0.5408	-0.1621	1.3108	2.6147	-0.1104	-0.1083	0.5116	1.3186	0.4709	1.6995	-1.0524	-0.0850	-1.0104	-0.9263	-0.7938	-0.5282	-1.0219	0.3389	-1.1840	-1.4273	-0.0169	-0.3139	0.8288	0.4764	1.3921	-0.8096	1.2274	0.9296	-1.2153	-0.9789
-0.4049	0.1738	-0.5625	-0.1431	-0.4762	0.5939	0.0482	0.3968	-0.7435	-1.1579	-0.0452	0.4829	-0.2880	-0.8649	1.3146	1.7945	-0.1996	-0.3884	-0.8096	1.4861	-0.4566	0.2294	0.7976	-0.0640	1.5142	-1.4764	-0.0685	-2.2745	1.0205	0.7491	-0.0235	-0.5938	-0.5096	1.3220	-0.8559	-1.3700	0.3590	-0.4840	1.2744	0.3289	0.2298	-1.1003	1.5453	0.4977	-0.4722	1.1842	-0.3953	-0.4410	1.0957	0.5761
0.7841	2.2729	-1.6229	1.3179	0.4862	0.5968	-1.1084	-0.1233	1.2048	1.4457	-0.6076	-0.1052	1.3966	0.3993	0.5610	-0.5703	-1.0611	-0.0658	-0.5239	-0.5685	0.3303	0.6743	-1.3085	-2.0126	1.2185	-1.4701	0.0535	1.0044	-0.1550	1.0096	-0.8834	0.3823	2.0555	0.3779	-0.2803	-0.1756	-1.0474	0.5075	1.2894	-0.0769	-0.0392	0.7681	0.4211	-0.0271	-0.6238	-0.7824	0.7807	-0.5314	0.2818	-0.3437
-1.7526	0.5831	-0.0874	0.2818	-0.3588	-0.1102	1.1263	-0.1575	-1.2289	0.4207	1.3129	0.6306	0.6727	0.1768	-1.1398	1.4028	1.1226	1.4339	-0.0969	0.6843	-0.7723	0.7986	2.6846	-0.1253	-0.0830	-0.0262	-1.4054	-1.3295	-0.7331	0.7505	0.1167	0.6928	-0.6248	1.9290	0.7023	0.0742	-0.9064	0.7909	0.1263	-0.8480	-0.6910	-0.3845	-1.8429	0.2864	0.9484	-0.2886	0.9478	-0.3115	2.6060	1.6394
-0.3794	2.0254	-0.3785	0.2120	0.9880	0.5367	0.8793	0.6615	-0.9501	0.9101	-0.8252	-1.4651	-2.3455	0.4063	-0.7426	-1.2602	-0.1380	-0.6710	0.1377	0.9657	-0.5645	0.3716	1.8472	1.3589	0.9895	0.9454	-2.0809	0.3752	-1.4744	-0.3749	0.6355	1.6273	0.3075	-0.5906	-1.6023	1.8419	-0.2715	-1.5021	-0.0490	2.6194	-0.1168	0.3797	1.6286	-0.4144	-0.4229	0.4036	0.6736	-0.1697	-1.4607	-0.3039
0.2079	1.3992	-0.8156	-2.3832	1.1003	1.3314	1.6194	-1.0268	0.3160	-0.6046	0.8058	0.1507	1.8294	-0.8656	-0.1395	-0.7996	0.5069	-0.5964	0.1616	0.2104	0.3097	-0.7084	0.5548	0.0593	-0.7561	-0.2729	1.5209	-2.0124	-1.5014	-0.3447	-0.4668	-0.3335	0.2993	-0.9448	-0.8437	-0.3961	0.5264	1.4117	-0.1810	-0.2474	2.9480	-0.7163	1.6854	-1.7388	-0.0121	-1.7704	0.4474	-0.6761	-0.3391	-0.9906
-1.5143	0.8265	0.1560	0.3083	0.2896	0.1228	0.7425	-0.6141	0.4762	-0.1610	0.3918	0.1118	-0.9920	-0.8262	0.2670	-1.3345	0.3730	-1.1714	-0.6218	-2.3433	0.7391	-0.3202	1.5414	0.0753	0.7476	1.2751	-0.2663	0.5234	-0.0147	-1.3696	-0.2164	-0.4174	-1.1050	0.3629	-0.9881	1.6473	1.1115	-0.8117	-0.4542	0.2727	1.5007	-1.1070	-1.4659	0.5009	-0.2028	-0.3606	-0.1876	0.7612	-0.7574	1.4939
0.1310	-1.2539	-1.2875	1.3758	-0.1637	1.1235	0.1488	-0.0912	1.2185	0.0602	-0.2691	-0.3364	-0.1850	-0.9349	0.2817	-1.5219	0.2527	-0.7716	-0.9035	-1.8896	1.0093	-0.2311	-0.6743	-0.8114	-1.1689	0.6135	-0.3801	1.9787	0.2416	-1.1449	-0.0976	1.2014	-0.2750	1.3159	0.2882	1.6321	0.3259	-0.9171	2.1350	-0.8632	-1.9415	0.3217	0.5917	-0.4095	0.0096	-0.6035	0.0222	-1.2221	-0.0702	-0.1360
0.3350	-0.2420	0.6584	0.4652	1.4183	0.3213	1.3305	0.5423	1.6254	1.2660	1.1623	-0.1193	-0.4733	-0.6258	0.1898	-0.5943	1.6323	0.5347	-0.9921	-0.3108	0.9690	-0.1585	0.5488	1.5945	-0.1939	1.6974	0.4824	-0.0777	0.1427	-1.0781	-0.2544	-1.1861	-0.0832	1.0402	-0.2854	0.2741	0.0067	0.8318	2.7993	-0.8616	-0.3086	0.7696	-0.9859	-0.2223	0.0356	-0.4790	0.3629	-0.1730	1.1968	1.1640
-0.8791	0.7669	1.4884	0.2173	-0.4564	-0.2174	-1.4928	-0.0231	-0.0939	-0.8163	0.7281	1.6649	-1.3672	0.4942	0.6739	1.2231	-1.9132	-0.1378	-2.9452	0.2407	-1.0420	-0.3094	-0.3523	0.0109	1.0695	0.9084	1.5436	0.3740	0.0743	0.8071	0.0300	1.7011	-1.8628	1.1976	-0.8555	-1.0894	1.3596	-0.4498	-1.1962	-0.5750	-2.1699	0.0015	0.2740	-2.5747	1.5934	0.0318	1.5898	-0.2217	-0.2603	1.0745
-0.6247	0.9188	0.1969	-0.5734	-0.5119	-0.0115	-1.1933	-0.5429	-1.4697	0.1026	-0.0419	-1.2704	0.1647	-0.3333	-0.1652	1.5506	0.8059	2.2309	-1.5954	-0.1633	-0.6581	-0.1228	0.5354	-1.3167	1.2016	-1.9945	-0.7869	0.4189	-0.6120	0.2502	-1.5379	-1.4850	0.1527	-0.4452	-0.1803	0.7672	0.7750	0.2476	-0.3411	-0.5264	-1.3900	-0.2848	-0.9920	0.1913	0.9979	1.4748	-1.2191	0.2064	0.6992	0.0573
1.1842	1.1084	0.9942	0.3642	-0.9179	0.6616	0.8504	0.8334	0.9851	0.7189	0.1056	-0.6308	1.6001	-0.0338	-0.9409	1.7008	-0.2812	-1.3806	-0.4495	-0.4390	-1.0771	0.0103	-1.4547	1.0876	0.1002	0.8442	-0.2803	-1.5018	-0.1335	0.7555	-0.1794	1.3182	-1.5390	-1.2461	-0.4330	-0.1809	1.0180	-0.4845	0.8766	0.2577	0.5365	-0.5357	0.0805	0.4105	-0.1256	-0.5123	0.4738	-0.9891	0.2207	1.2931
0.9789	-0.1415	0.7862	0.5954	0.3043	-1.3504	2.4158	0.8018	-1.5912	0.4025	-2.1934	-0.5365	0.1848	0.8437	1.1984	-0.4082	-1.0673	0.7401	-1.3729	0.0753	-1.4675	-0.1193	0.0793	-0.4513	0.6305	0.5721	0.7961	-0.2085	-0.2459	-0.9382	-0.6740	-0.7561	-0.0716	-0.8167	0.4180	-0.8550	-0.0454	-1.4207	-0.5467	-1.0250	-0.1767	1.8753	-0.9805	0.2689	-0.1896	0.0560	0.2466	-0.0015	-0.5845	-1.3379
-0.0528	-0.5276	0.6381	-1.6950	-0.5601	0.8544	-0.6670	-0.5625	-0.5367	-1.4981	-0.7367	-0.7929	0.6341	0.3082	-1.3143	-2.5708	0.5587	-1.1948	1.3585	1.5678	1.1550	0.5370	-0.7977	0.7528	0.1489	1.6337	-2.5100	0.9265	0.0861	-1.0640	-0.1949	1.3453	1.2704	1.4915	1.1676	-1.5299	0.4100	2.5283	0.1578	-1.4124	0.3155	0.4879	0.6965	-0.0716	-0.0914	0.3739	-0.4907	-0.4216	-0.4243	-1.2995
0.2994	-0.6492	-1.7208	0.8781	-0.1007	0.2764	-0.1405	-0.1049	-0.0283	1.4266	-0.4996	0.2287	-0.7622	-0.0744	0.3993	0.8128	-0.8242	0.7775	0.2740	0.1558	-0.6072	-0.3166	-0.2094	-0.0308	0.3765	0.6815	0.7401	0.9229	-0.7568	0.8493	2.2447	-0.1970	1.7633	1.1253	0.2067	-1.0268	-0.9810	-1.1823	-1.3033	-0.3717	-0.1856	1.4222	0.9913	1.5726	-0.9528	0.0880	0.3425	-0.1239	-1.3828	-0.5241
0.3035	-0.3019	0.2070	0.6212	-0.0755	1.8921	-1.4407	-0.4348	0.2632	1.4450	0.5569	-0.7412	0.7588	-0.7856	-0.3120	0.2902	0.3789	1.8256	-0.1784	-0.0688	-0.5709	0.3423	-0.8803	0.7540	-0.5631	0.3810	-1.3600	-0.4938	0.1012	1.8970	1.9264	0.6941	-1.4742	-0.5693	0.6323	2.1243	0.7803	0.3238	-1.8645	0.0023	-0.6781	1.1851	-1.0014	0.1663	0.3061	0.0854	-0.9491	1.5365	0.0318	-1.2293
0.3204	2.4267	-1.6143	-0.4597	-0.2154	0.4082	1.9808	0.1996	-1.1126	-0.0665	-1.4589	1.9956	0.6873	2.3069	-0.6328	0.3537	1.8661	0.0912	0.1046	-0.9497	-0.4188	0.0600	0.5766	1.7851	-1.1982	-1.6003	-0.5973	-0.2928	1.1530	-1.0367	-0.4465	-0.9412	1.0690	-1.0710	0.7489	-1.1061	-0.2522	-0.8052	-0.2805	-0.2433	1.1038	-0.1406	-2.7602	-1.2427	-0.7311	-1.2455	-0.6267	0.3429	0.8181	-0.9777
2.5630	-0.4609	-0.8310	0.6505	-0.0345	0.4117	0.7975	-0.7369	0.6766	0.6115	0.8740	-1.0079	0.4871	1.4391	-0.4250	-1.8802	-0.3537	-0.0542	0.3925	0.1219	1.1738	-0.4192	-0.6100	-0.7178	-0.1211	-1.1705	-0.2250	0.4816	0.4206	0.0900	-2.0939	0.9226	2.0260	-0.4628	-0.2365	-1.2474	-1.1628	-1.1427	-0.3747	0.7003	0.0425	0.4209	-0.1455	-0.0674	-0.8727	-0.9623	-0.4183	0.1583	0.8636	-0.7772
-1.3363	0.0733	-0.0859	0.4095	-0.5095	-0.4498	-1.3517	-1.8492	-1.0086	0.0246	0.5429	-0.8829	0.1680	-0.1761	-0.1928	-0.9667	-0.1099	0.5508	-1.2142	-1.3224	-0.8482	-1.4446	-0.5296	1.5906	-1.6384	0.1800	-0.8522	-0.5713	0.3369	0.8133	0.3265	-0.1386	1.1098	-0.6949	1.0085	0.3793	0.4746	-1.3409	1.3251	-1.0503	0.0764	-0.7044	-0.1092	-2.3254	-0.2444	-1.6005	-0.4796	-2.0088	-0.9600	-0.5630
0.3471	-1.3549	0.0497	-0.3443	0.3870	-1.5406	-0.7553	2.5595	-0.4988	0.5424	-0.3831	-0.8806	-0.2988	-0.7708	-0.3764	-3.0117	-0.0717	-0.3168	0.4197	1.9026	1.0065	0.8751	1.0694	-0.4277	1.3915	-0.2025	-0.8596	1.0601	0.1200	-1.3561	0.5517	1.1911	0.1461	-0.7259	-1.2651	0.7725	2.2275	-0.1230	1.7162	0.9892	-0.1635	0.8995	-0.9396	0.7809	-0.6203	-1.1313	-0.6309	-1.2237	-0.4388	0.6157
1.1813	0.4619	1.1121	-1.2585	-0.1840	0.1840	-0.2708	0.3866	0.8058	0.3192	0.7555	0.4782	0.9168	0.1089	0.4139	-0.2744	0.5608	0.4461	-1.4615	0.3365	1.8565	0.5127	-0.6549	0.6509	0.7776	0.9905	0.0527	-0.6326	0.7173	-0.0105	2.1341	-1.2312	-0.4933	-0.9786	1.0293	-1.7011	-2.2778	3.1779	-0.9735	1.4138	0.8470	0.2243	-1.4433	-0.4064	-0.1738	-0.0890	0.2435	0.8600	1.2411	1.4665
0.5525	-0.5289	-1.1279	-0.0500	0.4335	-1.0916	0.1248	-0.9165	0.2282	1.1001	-1.2972	1.3369	0.2443	-1.1189	0.0368	1.3874	-0.3583	-0.6696	-1.4348	0.1783	-0.0609	-1.4019	1.2263	0.4630	-1.7465	0.9573	-0.1968	-0.1392	-2.6687	-0.8248	2.2697	2.6721	-1.1568	2.2113	-1.7809	0.2498	0.5613	1.4764	1.7413	0.1921	-0.5910	-0.2575	-0.2905	-1.0026	0.0751	1.9582	0.8957	1.1301	0.1157	1.2702
-0.1421	-0.6790	-0.1492	-1.0687	-2.3874	-0.5525	-0.2604	1.2127	0.8672	-0.6844	0.2203	-0.0844	1.9518	1.0177	0.8103	0.5170	-0.7313	-0.3830	0.9237	-1.3236	-0.1088	-0.8480	-0.0604	0.0369	0.1570	0.6663	-0.3092	-0.3562	-1.5768	-1.4064	1.5748	-0.2163	0.7733	0.0541	1.1128	0.0560	-0.5279	-0.0613	1.2723	0.2273	-0.5432	0.9634	-0.8487	0.1932	-1.2813	-1.2358	0.9355	1.0326	-0.4987	-2.1265
0.2625	0.0153	-0.7005	-0.0403	0.4960	0.1913	-1.0134	0.9411	0.7124	0.1997	-0.3410	0.8682	-0.8532	-1.4108	0.7232	0.2346	0.0379	0.1894	-0.1201	0.5124	0.5800	0.5106	-1.4034	0.7379	0.6340	0.5066	-0.1818	-0.0269	-1.0956	-0.9938	0.1329	-0.1160	0.4708	-1.8784	-0.2772	0.1825	-1.6649	0.2468	0.2754	0.9417	-0.5718	1.2885	-0.2909	-0.1940	0.8689	-0.9516	0.6876	1.5110	0.1438	1.3897
0.8931	0.4486	-1.3675	-0.4222	-0.6564	1.2181	0.5325	-0.6205	-0.1191	2.0344	0.2438	-0.2732	0.1465	1.5533	-0.9415	-0.7546	0.6022	0.1672	1.2867	-0.0045	1.9718	1.8558	0.6825	-0.2458	0.8533	-1.8039	-0.6290	0.2504	0.7079	1.1138	0.9237	-0.1773	0.4398	-0.3005	1.8877	-0.7532	1.1680	0.4013	0.5335	-0.1798	-1.8404	1.4274	0.1946	-1.3552	0.4864	-0.6340	1.6873	-0.7567	-0.5435	0.1201
-0.9952	-1.2225	-0.5660	0.0803	-0.0900	0.3451	0.7106	0.9167	0.1300	0.2236	0.1202	0.7845	1.7833	0.1147	0.6116	0.8550	1.0064	0.0514	0.2036	1.0459	-0.8022	1.6226	-1.4529	0.3332	2.1269	-1.0429	0.3480	-0.7775	-0.7196	-0.4711	0.1214	0.6124	-0.1699	0.6724	0.5555	-0.0724	0.3317	0.3287	2.8491	1.6045	1.0289	-0.6804	-0.7067	-0.2726	-1.5287	1.3785	-0.3182	0.8692	0.9245	0.9209
0.3720	0.7592	-0.3440	-0.1258	0.5719	0.5543	0.2144	1.2386	-0.3033	-0.1660	1.0983	-0.2939	-0.0538	1.6952	0.7610	1.1971	-0.2864	0.7029	0.8926	0.7458	1.3724	0.4202	0.6263	0.4682	-0.6973	1.4365	-0.3032	-0.3335	0.1255	-1.4252	0.8973	1.6515	-1.0906	-1.5914	-0.0152	-0.4585	-0.8561	1.2707	-0.6158	0.7281	0.1429	1.5483	0.3656	0.7388	0.6737	0.0316	1.1081	-0.5635	0.4046	0.6781
-0.2231	0.6823	-0.0884	-1.2722	1.3068	-1.4748	-1.0978	1.6787	-0.4502	-0.3086	-2.1159	-0.8877	-1.1622	-0.5631	-0.6336	-0.7643	1.1417	-0.5849	-0.1429	-0.8622	-1.8673	1.3323	-0.0210	0.0078	1.3948	-0.2489	0.7094	-0.6763	-0.9614	0.7198	1.6952	0.5707	-1.5843	0.0179	0.9553	0.5197	-0.0794	0.3547	-1.3352	-0.0513	0.5646	2.5198	0.6033	-0.6971	0.8029	0.3696	-0.8220	-0.0665	-0.2064	-1.6323
-0.0794	-0.9197	-2.2400	0.7259	-0.2491	2.2848	-0.1774	-1.4282	0.9593	-0.1800	0.3276	1.0062	-0.6705	0.7106	-0.9212	-0.7071	1.9636	0.4949	1.4426	0.0094	-0.3683	-1.7048	-1.6822	1.0532	-1.0000	-0.6498	0.7044	0.5220	-1.9607	0.8315	-0.1776	-0.5768	-0.2706	1.4425	1.1629	0.8254	0.1437	-0.7548	0.5415	-0.3750	-1.0879	1.6899	0.4666	0.1230	-0.8168	0.9852	-0.4573	-0.1795	-0.2156	0.5736
-1.9208	-0.7940	-0.3017	0.2559	1.7716	-0.5882	-0.4757	-0.3190	-0.6743	-1.4961	-0.6382	0.4753	0.2449	0.7495	-0.0636	0.2189	-0.1458	0.6042	0.5952	0.6574	0.2347	-0.6476	1.7095	-0.2944	-1.1655	1.2736	0.7371	0.5845	-0.6247	-0.5031	0.0827	-0.4076	1.1392	-0.2631	0.9463	-0.5547	1.0337	0.3607	-0.8883	-0.3293	-0.1605	0.0203	-0.2862	0.1404	-1.0690	-1.0778	0.3832	1.2986	1.3986	-0.3385
-1.0560	0.8665	-1.7817	-1.1314	-1.0676	-0.6595	-0.6013	0.0596	0.1351	-0.3159	-1.5029	0.5384	-0.2699	-1.8726	0.1831	-0.5446	1.6555	1.5003	-0.0525	0.2788	-0.1804	1.2875	0.9042	-1.1117	0.2137	-0.1628	-1.7093	-2.3691	-1.2453	2.1607	0.0769	-0.2125	-0.7780	1.3416	-1.3862	-0.8815	-0.7288	1.7777	-0.0441	-0.5275	-0.9975	-0.2799	0.4356	-0.3627	-1.6611	-0.9416	-0.7782	0.8182	1.6015	-0.4199
1.3395	2.3303	-1.0829	0.2443	-3.4562	1.8738	1.3434	0.6407	-0.3290	-0.3764	2.3405	0.6138	-0.7283	-0.2036	-0.8030	0.5092	0.9268	-1.1782	0.5342	1.4765	-0.0279	-0.1312	-0.4438	0.4741	-1.9480	0.6037	-1.2660	-0.5333	-1.6034	0.1024	-0.4314	-1.1028	0.0327	-0.4477	-0.5186	1.7974	-0.0377	-1.8642	-0.6166	-0.4730	-0.5812	-2.1932	0.5030	-0.9785	-0.1044	0.7867	1.1186	1.7582	0.9662	-0.2870
-0.2875	1.1711	0.7711	0.3984	-0.1616	-1.1886	0.4977	0.1850	0.7939	-1.0284	0.8224	0.8198	-0.7480	0.4995	-0.8681	0.1022	-0.3647	-0.1968	-0.9323	0.1474	-0.5562	1.3619	0.4736	0.3959	1.0316	-1.7399	-0.7243	0.7074	0.0395	-0.1877	0.1699	-1.1081	-0.1289	-0.1490	1.0438	1.5360	-0.1203	0.2735	0.5788	-0.3310	0.0462	-1.3746	0.3661	-0.5753	-1.4605	-0.4875	0.3705	-0.5037	0.1274	-2.2549
-1.7615	-0.1055	-0.5812	-0.1866	1.0891	-0.7643	1.7466	-1.9896	0.6780	1.9296	-2.6945	-1.7748	-0.2948	-1.9631	-0.5483	-0.2866	-0.5184	-0.5576	-0.0866	-0.1656	1.6095	0.4128	0.3674	-1.4639	-0.3721	-0.2550	0.3259	-0.6774	-0.0833	-1.2808	0.2112	-0.6957	-0.3225	-1.7919	-1.0659	0.1643	-1.1542	0.2650	0.2340	-1.4698	0.7084	0.6880	1.1714	1.8798	-0.0368	-1.4958	-0.2280	-1.3777	-0.4071	-0.2334
-0.1982	-0.0524	-0.8529	0.7599	3.2897	-2.7453	-1.6148	0.7280	0.1096	1.9030	-2.1428	-0.6773	-0.4416	-1.1395	0.0310	0.8786	0.0399	-0.2596	0.0557	0.5010	-0.5072	0.5009	0.0712	0.1156	-0.4035	-0.4783	-1.9719	1.4080	-1.9476	0.9525	-0.3465	-0.7174	0.7369	0.6097	1.3769	0.8253	0.6816	0.7596	1.2812	0.9174	-1.1754	0.9660	-0.1139	-0.0497	-1.2005	-0.6264	0.3844	-0.0912	-0.6642	-0.3114
1.1429	0.3554	1.5986	-1.2293	-0.4857	0.8263	-0.5015	-0.2978	0.8281	-0.0058	-1.0533	1.0305	0.2255	-1.4422	-0.2192	2.2983	-0.9978	0.3444	1.3109	-0.5939	-1.2823	-0.4489	-0.1719	-0.6348	-0.5913	0.9044	0.3182	-1.0061	-2.3143	0.5234	0.4264	0.1892	-0.0522	-0.3994	-0.4890	0.7333	-0.8710	1.9090	-0.7424	-1.7437	-0.0559	1.6564	0.8546	1.2872	0.9386	-0.3879	0.4768	0.7841	1.2718	0.6085
0.7630	0.1314	0.8578	-0.8024	0.8696	-1.1699	0.5816	0.4531	-0.8258	-1.1155	0.8115	1.2707	-0.7512	-0.6967	-0.1592	-0.8784	-0.7571	-1.8626	0.0835	-0.5196	0.0423	-0.1986	0.8473	-0.1940	0.7137	-1.4971	1.0481	-0.9829	-0.4374	0.1456	-0.0428	-0.3063	0.9606	-1.7729	-0.5911	-1.4559	0.8951	1.2633	0.4302	-0.6184	-1.4755	-1.5146	0.0205	-0.0037	-1.8705	-2.0003	-1.7965	1.3160	1.0085	2.0236
0.2158	-0.0801	-1.9389	-0.5115	-1.0379	0.6702	-1.1540	-1.5189	-0.8341	-0.5614	0.0448	2.9263	1.4840	2.1368	0.2769	-0.5091	0.7913	0.5349	-0.3126	1.0267	1.3639	1.2577	0.1437	-0.1538	0.9868	-1.3610	-1.2820	0.5705	-1.6816	0.1414	0.0051	-0.1046	-0.2578	0.0639	-1.4869	0.0865	-0.3908	-1.0995	-0.0846	0.9575	0.2138	0.7011	-1.4227	2.8031	-1.0746	-0.0054	-1.1595	1.2958	-0.5719	-1.5145
-0.1989	0.1183	0.8658	1.9004	-0.5760	1.7219	-1.0692	-0.7192	0.6807	0.3353	0.0517	2.0619	0.0728	0.8494	-2.1728	-0.9476	-0.1787	0.7279	0.5366	-1.1103	0.5271	1.0150	1.6094	1.9271	0.1903	3.4556	0.6125	0.1951	-0.3846	1.0043	0.0602	0.3304	0.2322	-0.8558	1.2607	-0.3404	0.0217	0.4810	-1.2767	-2.0494	-0.5991	1.0496	0.0605	0.2191	-1.4599	0.2326	-1.0013	0.9425	-1.9666	0.0816
0.7771	-1.0968	0.4821	-0.5404	0.5855	-0.3016	0.8742	-1.7461	2.0853	-0.8710	0.9614	-1.6340	0.5510	-0.0653	-0.6769	-0.7818	0.6351	-0.7105	1.0580	0.9729	-1.0341	-0.4739	-0.4608	0.2142	-0.8163	-0.2683	-0.2408	-0.5227	-1.6022	1.2407	1.3832	-1.7675	1.4096	-1.1284	0.6641	-0.5300	0.1118	-0.4443	-1.2396	1.1004	0.0488	-0.4086	0.1154	3.3608	-0.9622	-0.8088	0.4689	0.5323	-0.1878	-0.2251
2.0948	1.3185	-0.2070	0.1171	0.0312	0.7941	-0.6541	-0.0052	-0.2164	1.0194	-1.8628	0.9002	0.0336	0.3491	1.1185	-0.6451	-0.7794	1.3387	-0.0710	1.3430	0.0149	0.3284	-0.2478	-0.8733	-1.1082	1.5524	0.4182	1.3552	-1.8442	-0.2644	-1.5856	-0.0639	-0.5040	0.3649	-0.3202	0.8349	-0.3603	-1.3054	1.1169	-0.2100	-0.4265	0.3027	-0.2045	-0.1646	0.0133	-1.3162	0.5529	-0.9698	0.3432	0.3588
0.7551	-1.1803	-1.2098	-0.5624	-0.2201	-0.3685	-1.3788	-0.3643	1.3733	-0.1852	1.7614	-1.5602	0.5063	0.2601	-1.1241	-0.4807	0.3724	-0.4131	-1.2655	-0.5399	-0.4425	-0.4737	1.0936	-0.7483	-1.2445	-0.2038	0.0220	0.4565	-0.1226	-0.3253	1.0416	-0.3523	-0.2695	0.5802	-0.3147	0.1744	-0.2672	1.4068	1.2533	-0.9854	0.6366	0.1508	-0.6982	0.6432	-0.6609	-1.1687	0.7481	0.7650	-0.4350	0.3780
0.7140	0.6280	0.3028	0.2847	1.2947	0.9742	-0.4504	1.9528	-1.4830	-0.5064	0.2014	0.4880	0.8588	0.0617	-0.6064	0.4939	-0.8138	0.1108	1.7515	1.8200	2.1519	-0.1432	0.1443	-0.9549	1.6739	-0.3853	-0.4356	0.0439	1.1324	-0.2614	-0.1181	0.0788	1.7410	0.9700	1.8801	-1.5350	1.5181	-1.1781	0.2867	-0.5525	-0.6674	0.6035	-1.6239	0.4552	-0.8585	-0.4427	-0.3939	-0.9987	-0.5956	-0.0110
-0.8591	0.7874	0.1892	0.4399	-0.4717	-0.6589	-0.0537	-0.0198	-0.0338	1.0785	-0.6981	1.9106	-1.6885	-1.6016	-0.0521	0.7052	-0.4278	0.4698	0.1868	0.2090	1.3161	0.0105	0.1893	0.3774	0.5981	0.8846	0.6795	-0.0499	-0.2420	0.3999	0.7339	1.2062	-0.6919	0.8000	0.5644	-0.8806	0.6695	-0.5136	-0.5659	0.2327	0.6072	1.4933	-0.5806	1.5109	-0.4551	1.4737	-0.1112	-0.2333	-0.2247	0.5725
0.6660	-0.0947	0.4233	-1.8559	0.3303	1.7078	0.1781	0.4823	2.1005	0.8136	0.5765	-0.0723	1.0714	1.7394	1.2410	0.7573	0.5262	-1.3338	-1.8905	0.0626	-1.6546	-1.3824	-0.3929	0.2118	-0.3228	-0.7566	-2.0996	-0.8480	-0.3392	0.4347	-1.5746	1.6285	-0.9260	-0.7636	0.3255	-0.6795	0.7716	-0.9700	-0.1972	0.8543	0.7213	-1.7096	-0.1861	0.0628	-0.4633	-0.1598	1.1030	-1.5435	-0.3449	-0.2474
-0.9467	0.8109	-0.0186	-0.3877	-0.5728	-0.5274	-1.2494	-0.8451	0.5911	-1.7279	0.7377	0.1404	-0.3101	1.6200	-1.2287	1.3450	0.3030	-0.9637	1.5225	0.1064	-0.5917	1.0094	-0.5096	-1.5619	-1.4500	-0.4427	0.2129	-1.5644	-0.3783	-0.2844	1.1576	0.4609	-0.3924	0.5743	-0.8041	2.4929	-1.7208	-0.0489	0.5764	-0.9071	-0.8448	-0.2435	0.5248	1.3312	1.5737	-0.3339	-1.4284	-0.0499	1.5448	-0.2174
-1.3561	-0.3689	-0.3789	0.3982	0.5221	-0.5369	0.9686	0.1548	1.6582	-0.4645	0.3709	-1.1370	0.2929	0.4439	-0.3878	-0.1911	0.5421	-0.9970	0.8029	0.7363	-0.1174	-0.5343	0.4656	1.5429	0.2972	0.5045	0.0156	1.0681	-0.8490	0.9336	0.2672	0.5107	-0.1486	1.5269	0.2700	-1.6560	-0.2813	-1.1398	-0.3519	0.4542	0.2322	1.8124	-0.8572	-1.0179	-0.3618	-0.3249	-0.8254	-0.3521	0.6853	-0.0531
-0.8645	-0.4814	-0.0005	-0.6457	-1.3112	-1.3380	0.4118	0.2034	0.8094	1.2083	1.5062	0.9977	-0.2010	0.2165	-0.3802	-0.0509	-1.5910	0.6974	0.1469	-0.0956	-1.0594	0.2046	1.7716	-0.2814	-1.7251	-0.6699	1.0969	-0.2144	-0.1294	-0.0351	-0.1499	-1.5066	0.6638	1.4435	2.0962	1.4475	0.8596	-0.6763	0.0951	0.8816	-0.8934	-1.6884	0.3999	-0.4737	-0.9512	0.6773	-1.4526	-2.5253	-0.0310	-0.8202
-0.1826	0.2079	0.5460	1.1217	0.3629	0.8437	-1.1162	1.2105	0.9993	0.3848	0.9099	0.2812	-2.3191	-1.7304	0.0484	1.5119	1.6343	-0.3699	0.7988	-0.5681	-0.6621	-2.7966	-0.2533	-0.9396	0.2076	0.3018	0.7530	0.7409	0.3270	-0.6686	-0.4573	-0.0414	-1.1223	-0.3023	0.4428	0.1587	-0.2850	-1.1668	0.2468	0.8867	0.5154	1.1689	0.7791	0.7308	0.8354	0.3746	-0.0290	-1.4277	0.5143	-0.2489
0.6717	1.2138	0.3428	0.1542	0.0458	-1.0913	0.7144	-0.1696	-0.9255	-0.7757	-1.0149	0.9008	-0.1313	-1.0774	0.2543	0.0593	0.6080	1.3746	0.7352	-0.3565	0.6145	-0.7422	-0.2126	-1.4390	-0.8445	0.5758	0.1125	0.8097	1.8888	0.6763	0.4948	-0.7611	0.0952	-0.0337	-0.5457	-0.9018	-1.0927	-1.2361	-0.4963	2.2628	-0.1155	-1.1666	0.5577	-0.2026	0.7613	0.5642	0.4978	0.5176	0.8277	-0.0270
-0.2800	-0.4739	0.8966	-1.0098	0.6251	-0.5444	-0.1424	2.5077	0.4109	-0.4812	1.6557	1.3179	0.2769	-0.1642	-0.4739	-1.9541	-1.0268	-0.0210	2.0646	0.3188	-1.3503	-0.0226	2.4567	0.3076	1.1568	0.6092	0.0323	0.9240	-0.0959	-1.1412	-0.6996	0.3163	1.0232	-1.1720	-0.8859	0.4952	0.3700	-0.7251	-0.6028	0.4645	0.5745	0.2515	0.5325	-0.4805	0.8975	-1.7362	-0.9701	0.3160	-0.7274	0.5213
0.9042	0.9822	0.7923	-0.5009	0.7953	-0.2766	0.0885	0.5701	0.6636	0.9996	0.2537	0.3120	-0.6564	-0.6754	0.2496	1.1021	1.3290	0.6153	-0.6503	-0.5449	-0.1218	0.9161	0.6797	-1.0035	0.6683	0.2571	0.4070	-0.5853	0.1833	0.9571	0.2656	1.4816	0.1671	-0.3170	-0.8002	-1.6740	-0.8630	-0.3490	0.8437	-1.2414	1.4003	0.3008	-0.0440	-0.9242	0.7751	0.1944	0.1249	0.3830	1.2166	-0.0393
0.2943	1.0071	-1.2755	2.5634	-0.9475	0.5357	0.7840	-0.5329	-1.0353	0.6216	0.0120	0.4500	-2.0941	-1.4379	0.6225	1.4711	1.3159	2.0435	0.1589	-0.1018	-0.9262	0.9891	-0.5119	0.0503	-2.4877	-0.3500	-0.2506	-0.9297	-1.5588	0.0953	0.3282	0.9892	-1.1391	-1.1441	0.1620	0.4692	0.9299	-0.0912	-0.9589	-1.3290	-2.0315	-0.2651	-1.5095	0.3659	0.5027	0.8655	-1.0558	-0.5210	0.2272	0.4566
-1.1374	0.0070	1.3215	1.2136	-1.8427	-0.3168	0.7391	-0.1985	1.6822	-0.8393	-0.7347	0.6936	0.7459	0.2267	1.6762	-0.6682	-0.6213	0.1159	-1.3397	0.7389	0.4808	-0.6600	1.2174	2.2209	1.1431	1.6572	-0.5627	0.1510	1.6036	-1.2839	0.1115	0.5960	0.5770	0.2990	-1.4623	0.9609	-0.9701	0.0408	-0.0748	0.1479	1.5473	0.3168	-0.9791	-0.5122	1.2568	-0.5520	0.6876	0.9969	-0.1652	-1.0565
0.0552	0.4835	-1.8277	-1.8310	-1.5066	1.0405	0.9459	-0.7214	-1.2841	-1.0158	-0.4150	0.7455	0.5758	-0.7051	0.1225	-1.2944	-0.2069	0.5258	0.0405	-0.4640	0.2285	-0.0338	-0.1358	-0.4913	-0.4685	-0.3223	-0.3727	1.3610	-0.5436	2.6141	-0.0087	-0.3977	-0.5851	-0.6668	0.9158	-0.5464	0.0624	-0.5738	0.5355	-0.2021	0.0493	-0.9232	0.0994	1.0010	0.1505	0.5947	-0.4518	-1.6818	0.1336	0.5642
-0.2908	-1.0360	-0.1075	-0.6879	-1.2972	0.7049	1.2222	-0.7519	-0.3726	0.8507	-0.0282	-0.2208	-2.0252	0.8095	-0.1783	-1.3786	0.5828	0.9363	-0.8841	0.4622	-1.4268	0.5755	-0.3341	0.3834	-1.0488	0.0950	0.4792	1.0943	0.3543	-0.6039	1.2963	0.7500	-1.0068	1.2170	0.4135	-0.6574	1.3826	-0.6117	1.1133	2.0633	0.2692	-3.4204	1.2661	-0.1197	2.0764	0.5076	1.1863	-0.5672	1.2059	-0.8389
-0.0207	1.6903	-1.5755	1.1852	-0.8215	1.7500	-0.5005	-1.4394	-0.4996	-0.5546	-1.1893	0.6015	-1.7913	-0.2983	1.2505	1.8807	1.5443	1.5330	-0.5512	-2.0557	-0.3907	0.2858	0.6475	-0.6048	-0.9145	0.4435	0.2582	-0.1902	-1.9286	0.2111	1.1810	-0.0963	-2.5225	0.9459	-0.4550	1.4470	1.0374	-0.5783	-1.1408	1.0508	-0.9285	0.3268	-0.0795	-0.3002	0.1200	-0.7185	-1.9109	-1.2255	-0.0080	1.3917
-2.1421	-0.1667	-0.1553	-0.7985	-0.0491	0.0880	0.8920	-0.9223	2.3000	0.2608	-1.8302	1.0071	0.6598	0.6183	-0.1266	0.9491	-0.5927	1.9604	0.2987	-0.6495	-0.6760	0.4990	-0.4466	-1.4142	1.8869	1.2933	0.0613	-0.9233	0.2699	0.4166	0.5814	1.6925	-2.1876	0.3476	-0.8171	-2.7390	0.2451	-0.0530	0.3782	-0.3492	0.0406	-0.1218	-0.3108	-0.2063	0.5978	0.3493	-1.0122	-0.3349	-0.7883	0.1158
0.0175	-1.0554	0.6790	-0.3972	-0.5715	-0.2321	-0.5159	-0.4596	-0.1089	0.2677	0.7609	-1.6832	-0.7734	-0.2445	1.3298	-0.8262	-0.5490	-1.2874	0.0532	-1.5719	2.1082	0.2567	-0.3053	-0.5452	1.3142	-2.8032	-0.8824	-0.8791	-0.7389	-0.5064	1.5687	1.6272	0.2716	-0.0433	2.3280	0.1075	0.0339	0.1806	1.1082	0.5685	1.1067	1.3901	0.4849	-0.4662	0.8698	-2.0961	0.1828	0.5047	-2.3494	1.2011
0.3619	-0.4197	-0.0366	-0.7464	-1.0761	-0.2101	0.1804	-0.7110	0.6692	-0.4708	-0.2610	-0.8022	-0.1603	-0.7018	-0.5996	3.4297	1.1866	0.0270	-1.5772	-1.4584	1.8344	0.9045	0.3657	-0.8895	-0.2977	0.5613	0.4039	-0.1427	-0.4642	2.8187	-1.1005	0.3344	-0.4127	0.0743	0.2865	0.4767	-0.4777	-0.5197	-0.3294	0.5547	-0.0221	-0.3698	-1.6426	0.6657	0.8321	-0.9999	0.6766	-0.6937	0.2409	2.1782
1.3124	0.2493	-0.6776	0.1024	-0.2217	-1.2428	-0.4556	0.3818	0.1231	-0.4183	0.4963	0.6309	-1.4824	-0.6404	1.2626	-1.1059	0.9908	0.3160	0.0458	0.6049	-0.1693	-0.2518	0.7514	-1.8882	-0.8139	-0.1417	-1.8820	0.1444	0.6957	-0.4513	0.9231	-0.0676	-0.8181	1.2652	-0.8479	1.3915	-1.2608	-0.9910	0.0205	1.0579	-0.1577	1.3144	-1.1872	-0.3046	-2.6959	-1.5738	0.5990	-1.4019	-0.0146	0.9306
1.3946	0.7413	0.2185	-0.4956	-0.6419	-0.9473	0.0231	-1.5795	0.1576	-0.3040	-0.5915	-0.4000	-1.0594	0.0337	0.0406	0.4643	0.6528	0.6171	0.2791	-1.7667	-0.5556	-1.0050	0.8457	1.5840	0.4742	0.8770	-1.4273	-0.4906	1.1356	1.3239	0.9793	0.0010	-0.2000	0.7598	1.2477	-0.2317	-0.8588	0.6562	0.7564	-0.6759	-1.0571	1.1363	0.7751	0.7221	-0.6314	-0.9587	-0.4780	-0.8204	0.8489	-1.6403
-1.3647	2.9044	-0.7353	0.2011	1.1256	-0.3098	0.7537	-0.2737	-1.0640	-0.3484	0.7799	1.3671	-0.5572	-0.2670	-0.7809	0.2589	-0.7286	0.1054	1.5956	-0.7602	1.6012	-0.0577	1.9736	1.3526	-0.5850	0.5043	0.0588	2.3878	0.3824	-0.1660	-1.5844	-1.2721	1.4131	0.5487	-1.0803	-1.0562	-1.7189	0.8157	-0.6740	2.0485	0.0416	-1.0692	-1.7943	-1.4414	-1.0875	-0.4177	0.6515	0.9718	-0.5249	-0.2170
0.6030	-0.1043	-0.3136	0.6049	0.5135	0.2996	-0.4902	0.2664	-0.1306	0.1083	-0.6158	0.8090	-1.7654	-0.8981	1.3090	-1.3451	1.2585	-0.8286	1.0156	0.8631	0.0105	0.8117	-0.7522	-0.7310	-0.7626	-0.7884	0.1121	-0.9975	-0.5067	2.2358	-1.2555	-0.7616	0.7024	-0.0459	1.2516	-0.8833	1.0981	-1.8255	-0.3640	-1.0992	-0.5867	2.2317	-1.3930	-1.6948	0.0648	1.0708	1.5728	-0.6413	-0.4782	0.4818
-0.5448	0.9917	-0.5771	-1.0197	0.0800	0.6298	-1.3102	0.5067	-0.3423	-2.0023	-1.3376	0.3730	-2.0006	1.1487	-1.0865	-0.0269	-0.7196	0.7611	-0.8024	-1.2324	-0.1973	1.1456	-1.8261	2.3874	-1.8582	0.2853	-0.2128	-0.2894	1.3849	0.1355	0.4761	-1.0146	-1.4041	0.2631	-2.0515	-1.4864	0.6576	-2.1243	-0.8126	-0.4907	0.2378	0.8380	0.3156	0.6519	-1.0625	0.2559	0.8052	0.4948	-0.6855	-0.0503
-1.0539	-0.7968	0.3104	-1.5693	2.1440	1.6920	0.6772	0.5262	0.8717	-0.4293	0.6717	0.0794	0.2732	1.2511	-0.3383	0.0488	0.1109	0.3287	-1.1286	0.5367	-1.6331	-0.1869	1.1287	0.0477	1.3098	1.6324	0.3400	-1.1495	-1.0088	-0.5556	0.4727	0.0392	1.3646	-1.9937	-1.6382	0.2676	-0.8773	-1.4148	-0.4696	-2.4749	0.9662	0.1469	-0.0527	-1.2867	-1.3226	0.7595	-1.4173	-0.7575	-0.0484	-0.2590
1.4956	-0.0698	0.6502	-2.6582	-0.3351	-1.4031	-1.5942	-0.8656	2.9913	-0.3819	0.5297	0.5192	0.0590	-1.7702	-0.4118	0.3729	-0.6773	0.2043	1.8449	-0.0797	0.4314	-1.7936	0.0313	-0.9473	-0.7711	0.1626	-0.6966	-1.7386	0.3804	1.0669	-1.3508	1.1880	0.0367	0.9138	-1.0894	-1.0940	-1.3880	-0.4698	0.4987	0.0843	0.0878	0.1616	-0.7001	-0.0513	-0.0683	0.3907	0.7226	-2.6120	-0.9238	1.3447
-1.6929	0.0081	0.4112	0.4027	-0.5309	-1.6733	-1.0555	-0.4238	0.3384	-0.2338	-1.5032	1.1982	0.1052	-0.0008	0.8353	-1.0618	0.1331	0.6471	0.0309	0.1862	0.6552	0.3386	-0.5263	-1.0483	-0.1883	-0.2969	-0.0785	-0.0007	-0.2530	0.9149	-0.1181	0.9862	0.6509	-0.2788	-0.7293	-1.1157	1.4587	-1.7229	0.8896	-0.2076	1.2813	0.6152	-0.0701	-0.1235	0.0654	-1.4027	1.3791	1.1623	-1.9111	1.5044
-0.1147	-1.7197	1.1046	-2.6072	-1.1953	-0.3170	0.4549	0.3418	-1.4694	-0.4248	-1.9857	0.0624	0.8226	0.4083	-0.5942	-1.4279	-0.4246	0.0499	0.3822	0.9572	-1.4688	-0.2691	-0.1095	0.2155	-1.0336	-1.0084	1.5548	1.4307	1.4434	-0.4349	-0.0031	-0.8332	-0.0206	-0.9858	-0.3117	2.1149	0.7157	-1.8675	-0.1511	1.4705	-2.9914	1.1053	0.7900	-2.2235	-0.6215	-0.8411	-1.0376	-0.1769	1.8522	0.4189
1.2117	-0.8492	0.9902	-2.7162	-2.5052	-0.0852	-0.1786	-0.6371	-0.0996	1.1693	-1.5560	-0.0169	-1.8903	0.0014	1.5113	-0.0755	-0.1266	0.5263	0.0871	-0.8143	-1.1665	0.1893	-0.5002	-0.5721	-0.4221	-0.5730	-0.7083	-0.3523	0.3667	2.5284	2.3076	-0.0153	-0.3620	-1.0910	0.8280	-0.6114	-0.6861	-1.4011	0.8883	-0.9857	-1.0672	-0.6077	-0.4377	-0.0122	-1.0029	1.4449	1.3009	-1.0172	2.3197	-1.3637
0.9432	-1.4101	-0.8106	0.5902	-0.1215	-1.3772	0.0789	-0.8736	-0.0829	-0.5931	0.9464	0.7750	0.4912	-1.9852	-0.2358	0.3915	0.8563	-1.0705	0.4918	0.1938	-1.1496	0.3491	-0.2275	1.1150	-0.4905	0.9963	0.4289	1.2392	-0.7050	-0.2222	0.7680	1.1998	0.1559	-0.0279	-0.1707	-0.1277	-0.1759	-0.1478	0.7970	1.5601	0.1881	0.6546	-1.2325	-0.6147	0.2449	-0.2529	0.1820	2.4435	-0.4855	-0.3322
-1.7560	-1.4471	-1.6232	-2.4217	1.3669	-1.2597	-1.4799	-1.7938	-0.8480	-1.2062	-1.0336	-0.8183	-1.9392	1.8000	-1.7401	-0.8004	-0.3974	0.3051	0.6018	0.1108	-0.4528	1.9748	0.4338	0.1197	-0.4015	-1.8506	-1.1514	1.1563	1.6930	-0.5909	2.3335	1.3599	0.4341	-0.0171	-0.7059	-0.7887	0.0733	0.7820	0.5316	-0.3641	0.4069	-1.0386	0.8319	-0.3996	1.3091	0.0211	0.1673	-0.5956	0.1850	0.4513
1.5742	-1.3014	-0.4924	0.3719	-0.6320	0.1731	-1.4727	-0.3534	-2.0289	-0.0973	-0.6877	-1.0982	-0.4447	-0.2388	0.3842	-1.4495	0.8957	0.9502	-0.4916	-1.1184	0.4431	-0.6382	-0.3290	-1.3494	1.6014	0.8852	-1.4485	-0.1867	0.8807	0.1161	-0.1357	0.7207	0.0547	-1.3972	-0.7170	-0.5791	-0.7677	-0.9622	-0.5806	0.9447	0.3719	-1.2471	0.0965	-1.1133	0.1063	0.2622	1.9034	0.3403	-0.3525	-0.8089
-0.9787	0.6187	-1.0534	1.3889	0.4404	-0.3908	-0.0952	0.2113	-0.7191	-0.4824	0.3253	0.7673	0.2875	0.1419	-0.6329	-1.5509	2.0160	2.1126	-1.4172	-1.0179	-0.5795	-0.4846	1.6122	0.2274	0.1749	0.9317	2.0760	0.4836	1.2568	-0.3295	1.6567	0.4988	0.5072	0.0473	1.1539	0.1010	-0.7268	-0.3245	1.1505	2.4932	1.2913	1.7202	-0.0949	-0.3119	0.3223	-1.0256	0.6754	0.4557	0.3327	-0.0393
0.4343	-0.1881	1.1389	0.1214	0.1190	1.2511	0.1930	0.1998	0.8503	-0.0219	1.6449	0.2991	0.1619	0.8065	-0.7427	0.1450	-1.9754	0.8625	-0.6367	0.0277	-1.8242	0.5489	-1.4335	0.0317	1.7578	-1.3785	0.0873	0.8403	-0.2616	-0.2693	-1.0352	-0.9503	-0.4465	-0.1466	-1.0481	0.7977	0.0846	2.3270	-0.1536	0.5670	0.5937	1.1770	-0.2313	0.7643	0.5075	-0.3344	-0.7577	0.9329	0.6861	-2.0530
0.4273	0.5144	1.4248	0.5020	-1.3210	1.2573	0.4751	-0.6844	-0.5145	-0.1129	0.9317	-0.0009	1.9084	0.6677	1.7653	0.1980	0.5814	-0.5689	1.7725	0.9757	1.3051	-0.7278	0.7128	0.2887	0.2354	1.0452	0.1126	-0.9997	0.1289	0.8915	-1.4051	-0.8037	0.6228	-0.2565	0.5575	-1.1075	0.9298	0.3658	0.2033	-0.3466	0.0427	1.5144	-0.4927	0.0246	-0.8559	-1.3893	0.5780	0.7448	0.0619	2.3960
0.7273	-0.5345	-0.1791	-0.7426	1.0294	0.8444	-0.7965	-1.4194	-1.4270	-1.2141	2.2706	0.0024	-0.6754	0.0347	1.6742	-0.4174	0.3967	-0.2727	1.1490	-0.5254	0.1313	0.8075	-0.2082	-0.9965	0.5153	0.9048	-0.6671	0.7416	-0.4448	0.8165	-2.0200	1.2488	0.6233	0.2275	0.4555	-0.7974	-0.6577	-0.3031	1.2808	-0.0486	-0.0475	0.5729	-0.9040	-1.7256	-0.1681	-0.4935	-1.8693	0.2037	-0.9342	-0.2403
-0.7999	1.9057	1.7466	-0.6782	0.5347	0.2559	0.1639	1.2719	0.9625	0.8402	1.3484	0.1051	1.7043	0.3475	-0.3147	0.6110	0.7369	0.8751	-0.8250	0.5429	0.6956	0.6270	0.5073	1.5134	0.6042	0.5406	0.8105	-1.8986	-0.3428	-0.8090	-0.7054	-0.2423	0.8686	-0.8473	-0.5522	1.4342	0.4479	0.2449	1.7635	0.0769	-2.0881	-0.2710	-0.1728	-1.2426	0.5389	2.7370	-0.9895	-1.4625	-0.5100	-2.5251
-1.3384	0.1218	-0.1031	0.0336	-0.0977	-1.6149	0.8071	0.2606	0.6677	-0.9674	1.6642	-1.0010	2.9767	1.1705	-0.2077	0.7814	0.6096	1.6506	0.9755	2.1341	0.6601	0.6004	-1.1623	1.3002	1.0894	-1.9455	-0.7238	0.8403	-0.5037	0.8704	0.2162	-1.2966	-0.3221	-0.8386	-1.8979	1.5596	-0.3146	-0.2795	1.3735	0.2825	-0.1802	0.1271	-0.7785	-0.6963	0.8869	0.2743	1.1349	-0.3907	0.2665	-1.3725
0.6140	0.4444	0.3469	0.1056	-0.4782	0.5102	0.4269	-1.5843	-1.5620	0.1909	0.0595	-1.6393	0.7225	-0.8618	0.8842	1.2943	-0.3851	-0.4390	-1.6553	0.8207	1.5615	-0.0929	-0.5215	0.5497	1.0652	0.1269	1.2632	-0.0808	-1.4148	1.9304	-0.5608	0.5078	0.2759	-0.1692	1.4442	0.2654	1.7629	-0.5899	0.1528	-0.5859	1.9773	-0.7022	0.2194	-0.3622	-0.4171	-1.3321	-0.6559	-0.3817	1.2389	0.1006
-1.1259	0.0033	-0.2589	-0.3374	-0.7853	-0.2770	0.3194	-0.8752	1.0813	1.3671	-1.0895	-0.6439	0.7254	0.3070	-0.0626	-0.0111	-0.6359	-1.4979	-1.3903	-1.0727	-1.7022	-0.2950	-0.8270	1.0320	0.4172	-3.2513	0.5017	-0.1861	0.4262	0.6279	-1.1769	-0.5386	0.7820	0.7253	1.8579	-0.2557	0.1036	0.5302	0.5915	0.0311	0.9939	0.4270	0.0705	0.9949	0.2461	1.0490	-0.5031	0.6355	-0.0075	1.1377
0.3029	-0.3862	0.4170	1.0057	0.5398	0.8841	1.3536	-0.2117	-1.2106	1.2653	-0.3025	-1.1449	0.6190	1.0636	0.1128	2.0448	-0.4920	0.4106	0.4914	0.5565	-0.0535	-0.8013	1.3872	-0.1889	1.2138	-0.1006	0.7776	0.2629	0.1233	-0.8982	-0.5136	1.0017	0.3901	-0.8027	-0.3292	-0.7141	0.9711	-0.0002	-0.9676	-1.1059	-0.5695	-0.5157	-0.6362	0.2304	0.2222	0.1201	0.2710	0.8071	-1.4760	-0.3724
0.3965	-2.0819	0.2570	0.6996	1.4445	0.1131	1.6916	-0.5001	-0.3784	-0.2034	0.1260	1.9634	0.6275	-1.1540	-0.8956	-0.6812	-0.0319	-0.4831	0.9594	-1.7814	-0.2557	0.0663	2.3605	-0.0936	-1.5423	-0.0950	1.0992	0.3638	0.1451	0.1738	1.0012	0.4640	1.2977	0.4636	1.3785	-1.7913	1.1416	0.2029	-0.3670	0.2756	0.3165	0.7616	-1.1833	0.0507	1.1383	-1.2968	1.0088	1.1285	-0.1930	1.1570
0.7039	0.7304	1.7630	-0.4122	0.4848	-1.7107	0.8281	0.6720	-0.2670	1.3005	0.5467	0.3601	-1.0140	0.7800	0.4955	-0.5521	-0.5525	-1.1824	0.1355	0.2432	1.2717	-1.2512	0.5799	1.1147	-0.1518	-0.1690	-0.0150	-1.0232	-0.3729	-0.7795	-0.4638	-0.7491	1.6431	-0.8387	0.4403	0.7333	-0.9286	1.9873	-0.7332	0.5608	0.8042	-0.2913	1.1273	-1.3943	-0.2090	-0.6140	0.1879	-1.3972	-0.5965	-0.1947
2.1267	-0.2468	0.8216	0.0340	0.4523	-0.4305	-0.7951	1.7014	0.3662	-0.2868	1.3686	-0.6718	-0.3813	0.0054	-1.1602	-0.1543	-0.5787	-0.4854	-1.6379	1.4997	0.6962	0.9392	-0.2890	-0.1273	0.7408	0.6196	1.4253	0.0219	1.3533	-0.9238	-0.5286	-0.1814	0.9105	0.6782	0.6495	0.6781	-0.1111	0.0629	0.7869	-0.3086	-1.4202	-0.0253	0.9766	-0.3553	-0.4324	-0.0247	-0.7394	-0.9302	0.1175	-0.0276
0.4099	-0.0752	-0.4930	0.0345	1.1704	0.9853	1.1879	0.1439	-1.1246	-0.0262	-1.0343	-1.7586	0.7368	0.6451	0.9025	-0.0607	-2.3353	-1.8926	0.2338	0.7089	0.5819	0.1670	-0.4551	-0.3806	-1.1080	0.2062	-1.2869	0.4525	1.1614	0.1669	0.3799	0.7150	1.2136	1.1026	-0.5271	-0.4850	1.9557	-1.2992	-2.0449	0.3715	-0.5586	0.2560	0.4590	0.7136	-0.5515	-1.5376	-2.0171	1.9809	1.5793	2.0774
-1.8820	1.4231	0.2638	1.1928	1.6292	0.5706	-0.4490	-0.9064	-0.0508	1.4823	-1.1984	0.8844	0.3291	-1.2663	0.1318	0.6285	-1.3114	-1.0612	-1.5106	0.3884	-0.6954	0.0826	-0.0785	0.4749	-1.0734	-0.9003	-2.0187	0.2937	-0.0372	-0.4092	0.1219	-0.9233	-1.5823	-1.8196	-1.0873	-0.5143	-0.1236	-1.8979	-0.9064	-1.5897	0.4425	1.2897	1.8229	-0.8439	0.6687	-0.7974	1.1720	-0.6962	-1.6230	-0.8100
0.3378	1.8642	1.9892	-0.0492	-1.0220	-1.5517	0.7490	2.3510	0.4785	-0.2899	-0.2622	-0.1336	1.3295	1.6231	-0.3301	-0.4612	-1.8607	0.9150	-2.0833	0.2532	-2.8198	-0.1419	0.2656	-0.9930	-0.3084	0.4310	1.8018	-0.1266	-2.4002	1.7505	0.2712	0.4750	0.9259	-0.1685	-0.5815	-1.1169	-0.7790	-1.1654	1.1533	-1.1780	-1.2251	-0.0049	1.0246	-0.9109	-0.0592	-0.4210	0.9458	-1.0299	-0.0262	0.5390
-0.1252	0.2525	1.0725	-0.2158	0.5299	2.3855	0.4210	0.9268	0.3625	-0.9391	-0.6480	0.9287	0.6250	0.8221	-0.1981	-0.2471	1.7672	-0.5865	-0.9498	-0.5442	0.3031	-0.3101	-1.4713	-1.3338	0.5958	-1.2438	-0.8531	1.0356	-0.7376	-0.8964	0.7107	1.1456	-0.4060	-1.2501	-1.0363	1.9455	-0.6558	-1.2019	-0.9275	-0.2231	2.0156	0.5334	1.1785	0.7590	1.3137	0.6118	0.7067	-1.2078	-0.0585	-0.5283
-0.1626	-0.1596	0.3425	-1.3155	0.4757	-0.6849	-1.9814	0.7667	0.7657	-0.9909	-1.2828	-0.1831	1.1278	-0.1813	0.7646	0.2185	0.5405	-1.8468	0.0275	-2.1978	0.0289	-0.3288	0.2601	0.0673	0.4983	-0.5791	-0.2154	0.4516	0.6633	-1.2802	0.5909	-0.0848	-1.1293	-0.3045	2.1877	1.9975	0.0699	0.3542	2.1511	1.5389	-2.6934	0.0305	-2.3351	-0.1042	0.4659	0.0617	-0.6485	0.5716	0.2539	2.4043
-2.9542	-0.9114	-0.8163	0.6598	0.3516	-0.2819	0.8980	0.8263	0.5020	-0.9518	1.9041	-0.0622	-0.0835	-1.3875	-0.4844	1.9398	0.2178	0.0906	0.8787	1.1510	-0.8970	-0.1144	-0.4918	1.1688	-1.3892	0.3665	1.5382	1.0167	0.7522	2.0669	-0.9556	-1.5326	0.2787	-1.3714	-0.1572	0.4483	-0.8402	-0.3178	-0.0515	-0.3970	0.4733	0.7718	0.8509	0.2293	-0.7845	-0.3423	0.3606	-0.3131	-0.0728	0.2310
1.0953	0.1669	1.0525	0.2137	0.8843	1.9310	1.5310	-0.0096	0.5342	-0.3038	2.0687	-1.6374	-0.0669	-0.0265	-0.4844	0.0879	-0.1868	2.3024	-0.3972	-1.7032	-0.9132	-0.8679	-1.4370	-2.3729	-1.1624	-0.3838	0.3516	0.6918	-0.1087	-0.6731	0.4111	1.1476	0.9067	0.7719	0.4967	0.7444	-0.7011	-0.4102	-0.8949	-0.3067	-0.3966	1.4575	-0.6136	0.6451	-0.8841	0.1169	-0.2132	0.4521	0.9413	-1.9137
1.2652	0.5883	0.6217	0.8782	0.8244	0.4097	-0.6043	-0.5611	-1.2925	-2.3356	-1.8318	-0.8425	-0.5693	-1.4069	0.0758	-2.1684	-0.1568	-0.6806	-0.7789	0.1484	0.3498	0.3049	-1.2114	0.0264	1.3788	0.9045	-0.0822	-0.7458	-2.1765	-0.3472	0.0056	0.8479	0.6786	0.3686	0.3664	0.4834	-0.7006	0.6854	-0.6059	0.4955	0.0224	-0.9687	-0.3434	-0.5697	1.6860	-1.6678	0.6355	0.3343	1.0503	0.0188
-0.7780	1.5239	0.6798	0.1294	0.3882	0.7864	-0.1418	0.6585	1.9626	-1.6009	1.1092	-0.6174	1.0953	-0.0550	0.0518	-1.2617	-1.1562	0.8156	0.3267	-0.6630	-0.3569	0.3285	-0.2647	0.3610	0.8141	-0.6593	-0.7175	-0.2596	0.0409	0.5673	-0.7520	0.2048	-0.3578	0.3170	-0.3330	0.7931	0.9988	-0.6809	1.0076	0.0773	0.1518	-0.9564	0.3753	2.0351	2.2023	-1.4030	-1.3305	-0.3266	-0.1770	-0.0417
0.2017	0.2965	0.2601	1.3382	0.2214	-1.6523	0.7237	1.3924	-0.0840	-1.1807	-0.0531	-0.2421	-0.7170	0.8648	-0.3322	-2.2044	-0.3062	0.0981	-0.4776	1.1447	-0.8058	1.1946	-0.1855	-0.3211	0.9622	-1.6504	-0.6599	-0.3188	-0.3455	0.9308	0.1226	0.4055	0.6808	-0.4143	-0.0474	-0.4918	1.2739	-0.9531	0.4651	1.0313	0.5243	1.4599	0.3475	-1.3801	0.6771	0.4830	0.0408	-0.0317	-0.2493	0.0772
-0.9323	-0.2791	-0.0032	-2.3125	-1.0203	-0.7351	1.4682	-1.3811	1.0218	0.8821	-0.5094	-1.4936	0.9437	-2.4274	0.8274	-1.8313	-0.7615	-1.5977	0.4598	-0.0721	-1.6939	-0.6874	0.6977	1.0817	0.2787	-1.2742	-0.9127	1.6414	0.2628	-1.2607	-0.0184	-0.4293	0.2020	0.1985	1.6307	-1.2052	-2.0990	-0.2449	2.0236	-0.5341	-0.0486	-1.7935	0.2694	0.1689	-0.6377	-2.3725	-0.3789	1.1945	2.3820	-0.2534
1.5406	-0.0183	0.7408	-0.6351	-0.0292	-1.0251	-0.1218	-0.4685	0.5231	-0.5575	0.0433	-0.6438	0.9197	0.4339	0.7050	-2.3421	0.2540	1.3883	-0.4018	0.9963	1.2761	0.6445	0.1366	0.9443	0.6184	0.7823	0.3174	-0.2490	-0.0357	0.3477	1.2508	-0.2207	1.5565	0.1882	-0.5033	2.1743	1.4107	0.8097	0.6454	-0.3713	-0.2347	0.7458	-0.3663	-1.4972	-0.0718	1.7312	1.1447	0.2535	1.4420	1.2469
1.6528	-1.2186	-0.6361	-1.5069	-0.1434	0.5053	0.4846	0.2578	1.3476	0.4585	-0.8052	0.5798	-0.7664	-0.1107	-1.2853	0.3087	0.1715	1.3112	-0.2264	0.6959	-0.0442	1.4042	0.9289	0.5888	1.8470	-0.0569	-0.9438	0.3999	0.3098	0.3880	-0.7601	-0.3401	-0.5294	-1.2180	-1.4297	1.9856	-0.2879	0.0960	0.0220	0.4913	0.5206	0.8819	-0.8885	1.2997	1.8421	-0.4379	-0.1143	-0.0910	-0.6750	0.7964
0.6392	-0.1655	0.5090	-0.6504	-1.7464	1.0883	0.4750	1.9394	-1.5042	-0.5997	-1.7514	1.0548	-2.6610	0.1312	0.1804	0.4033	-1.2800	0.2899	-0.6286	-1.5239	-0.6499	1.0736	-0.5224	0.2134	1.5380	-1.4728	0.8904	0.4839	0.1709	-0.7831	-0.9139	-0.1479	-0.2944	0.2436	-1.1978	-0.9599	0.2395	0.2796	-0.2911	-0.1534	-0.8372	-0.8377	1.6128	0.6393	1.2671	-0.1552	0.7929	-1.1863	-0.4604	-0.7347
1.0828	-2.4800	-0.7088	0.4443	2.3076	0.9346	0.1303	0.5869	-1.2331	0.7601	-0.1512	-1.3655	0.0220	-0.6332	-1.4240	-1.0677	-0.0058	-0.1247	0.7680	-0.4145	0.8745	-0.9172	-1.4440	-0.9262	-0.7272	0.0549	0.7367	-0.3324	-0.3663	0.8441	-0.0987	-1.6394	-0.6028	1.8333	-1.2599	2.4913	-0.1805	-0.4497	-0.3113	-0.7502	-1.6133	0.1365	0.2359	0.1669	-0.4473	-1.7181	-0.0383	1.2325	-0.5924	1.4178
-1.5059	-1.1156	-2.4958	-1.4851	-1.0989	1.4995	-0.4432	-2.3592	-1.3586	-0.6320	-0.0426	0.1615	0.2448	-0.2431	-0.8802	-0.3272	0.3184	1.1998	1.4789	0.3171	-1.2879	0.4729	-0.4218	-1.0847	1.5560	-0.6844	2.5514	-0.6812	-0.8964	-0.6703	-1.8077	-1.4710	1.7622	0.9630	-0.7199	-0.8880	1.5601	1.2663	-0.3271	0.6064	0.3989	-0.6105	-0.0366	0.8202	0.3728	-1.6150	-0.4575	-0.3716	-0.3845	0.1018
-1.5084	-0.6367	0.0048	-0.3859	1.5947	0.5498	-0.4346	0.5259	-0.0067	0.6933	-0.8969	-0.1774	1.3410	-0.3829	2.7116	0.8648	-0.1077	2.2605	1.3945	-0.5619	-0.0320	-0.0776	0.1293	-1.8305	-0.4826	-1.8947	0.4914	-0.5867	-0.5266	-1.7260	0.5180	1.1542	-0.6484	-1.4651	-0.5466	0.2166	-0.4533	-0.9000	-0.9387	-0.8876	-1.1132	-0.2935	0.5890	-1.0334	0.5027	-0.0446	0.3403	0.5258	-1.7783	-0.0734
-0.8158	-0.9063	-0.4477	-0.4712	2.1315	-0.3801	0.0216	-0.7675	-1.0191	-0.4813	0.3777	0.3448	1.3045	-2.0297	0.8562	-0.0926	0.2435	-1.3847	-0.9785	-0.4303	0.3812	0.1404	-2.0379	2.0067	0.8674	-0.1679	-0.1251	2.7075	-1.2349	-0.5436	-0.4720	0.7276	-0.6163	0.4852	-0.7255	-0.0240	-0.1130	-0.6615	-0.5619	0.9658	1.5930	-0.0531	0.3308	-0.1619	0.8717	-0.7267	-0.0627	-0.6606	1.4256	0.5074
1.1066	-0.5491	0.0947	0.4764	0.0300	0.2498	-1.1355	-0.7182	1.2855	-0.2290	-0.4483	-0.0339	0.9513	-0.0310	-0.0024	0.0626	-2.0817	-0.2805	0.5878	2.0589	0.5270	1.8727	-0.5141	0.6098	0.5140	-0.4566	-0.2770	-0.8871	0.5663	-0.5899	0.4187	1.8368	0.1805	1.0008	1.6894	2.3026	1.1295	-0.6868	0.5707	1.4024	-0.6401	1.6091	0.0259	0.2690	1.1291	0.2651	0.4694	0.2424	-1.0594	-0.4063
-0.5792	0.1479	-0.6114	-0.4679	-0.0798	-0.6777	0.2558	1.1670	-0.4745	0.8973	-0.0851	0.0347	1.4175	-1.1908	1.4421	-1.1234	-0.7737	-0.9892	1.1284	1.1246	0.2599	-0.3677	-1.0316	0.3194	0.3146	-1.1673	-0.2745	1.1711	-0.4351	0.0592	0.4170	-0.1397	-0.6471	-0.3197	1.2538	-0.8905	0.9812	0.9109	-0.1376	0.7964	0.5390	2.0238	0.8981	-0.7310	-0.1612	-1.2727	-0.3703	-0.3794	0.6996	0.3961
-1.9387	-1.5899	1.6037	-3.3444	-0.5783	-0.1877	0.4210	-0.5023	1.0396	-1.3935	0.9982	-0.6729	-0.3606	-0.3653	-1.3420	-2.2581	-0.2761	0.0120	0.2212	-0.2903	1.0342	-0.3032	-0.8942	-0.7427	1.1574	-0.3146	1.8919	0.2994	-1.3801	-1.9103	1.4127	0.3861	-0.1775	0.5991	0.3709	0.2834	0.4110	-0.5430	-0.3082	1.5106	0.0235	-0.8366	0.1516	0.1045	0.3353	1.1454	1.2715	-0.4452	-0.0760	0.5435
0.6298	0.0213	0.0822	-0.8522	-0.6574	0.9573	-0.6120	1.7440	0.4802	1.3217	-0.3256	-0.1663	-0.1676	-0.0194	-1.3867	-0.2079	0.6760	-1.2729	-0.1780	0.0457	0.0598	0.3146	-0.3739	0.6054	-1.3349	0.8757	-2.4572	1.1936	-0.7954	0.2470	2.4310	-0.1774	-1.2263	1.3042	1.0297	-0.5504	1.1907	-0.1865	-0.4539	-0.5449	0.6208	-0.5616	1.7449	-0.6767	1.2993	1.1905	0.0269	0.8409	1.5740	-1.9585
0.2868	1.7308	0.6229	-0.0547	0.4039	1.4100	1.1050	2.0577	-1.6119	-1.0919	0.7097	-1.6972	-0.5199	0.8460	-0.3909	1.0067	-0.9901	0.4456	0.2405	-2.0710	1.6582	1.2096	-1.2224	-0.9852	0.8566	-0.5066	-0.9338	-0.9879	-1.3815	0.3557	0.5002	0.0251	0.0632	-0.4253	-0.0645	1.8453	-2.4410	-0.2351	0.4133	-0.1371	0.5469	-2.3092	-1.0865	0.4906	-1.0571	1.4130	-1.8844	0.1173	-0.1553	0.9563
0.0618	1.4189	0.5777	0.8290	-0.2469	0.2132	-0.3391	-0.7429	-1.0718	1.6454	-0.0024	-0.4298	-0.3723	-0.3557	-0.4618	-1.2732	0.8901	-0.6219	1.2529	0.6113	-0.2303	0.9520	0.0999	0.3459	0.5181	0.4250	-0.1654	-0.6504	1.8534	-0.1928	-2.4757	-1.4349	0.2866	0.3867	0.7760	-0.7755	-1.4636	-0.2587	-0.7082	1.5295	-0.1975	-1.3509	0.6994	1.6680	0.3740	0.2131	0.3593	0.2739	1.0543	0.5322
1.1222	-0.3130	1.0488	-1.5987	0.4899	-0.5409	-1.0982	-1.3117	-0.0149	-1.6360	-1.6216	0.2963	0.6520	1.0832	-0.0440	0.8048	-0.3201	-0.4582	-0.3218	-0.4401	0.7010	-0.4174	-1.1952	-0.4674	-0.8929	-2.0559	1.2646	-0.6833	-0.2121	0.3049	-0.5774	0.6930	0.3113	-2.5300	-0.4482	1.2313	-1.0382	0.1670	0.8938	1.4236	-0.0435	-0.1478	-0.2519	-1.4084	0.8994	1.7204	1.0477	-0.8485	-0.5522	-0.7211
0.5584	1.5027	-0.1951	-0.2547	1.4324	-1.2778	0.6438	0.6394	-1.4221	0.3891	-1.8314	-0.5861	1.4438	0.8463	-0.3334	0.1046	0.6300	-0.9877	-1.8903	-0.2601	-0.3013	-0.6267	-0.4110	-0.2586	1.4308	-1.3352	-1.1947	-1.2599	-0.5754	0.8747	-0.1255	1.0600	0.2180	0.8582	0.0577	-1.1767	1.0616	0.2371	0.2067	-0.7005	1.0257	-1.4653	-0.8115	0.4545	0.5394	-0.6022	-0.4089	0.3243	-1.6522	-0.0964
1.3560	0.0150	-0.1667	0.8148	-0.9123	-0.4599	1.1163	0.1591	0.2288	-0.3842	-0.8537	-0.5620	2.2964	-0.3422	-0.5441	0.3352	0.2938	-1.4238	0.5663	1.1664	1.1666	-0.4565	-2.4745	-0.9034	-0.3542	0.1681	-1.0706	0.8838	0.2481	0.8948	1.2832	0.1250	3.5295	-0.3708	-0.5501	-0.6016	0.0258	1.7507	0.7036	-0.4097	-0.4415	-0.2007	0.5927	-0.0868	2.2348	0.5222	-0.1445	1.6267	0.3501	0.7612
-0.0313	0.1241	0.4257	-1.0106	0.3224	-0.4086	-1.5194	1.2289	0.0945	-0.6865	0.3757	-0.3203	1.9473	-1.1961	-1.1841	-0.5908	-1.3107	-0.9974	1.0363	1.5901	-2.0297	-0.0574	-1.9018	0.3115	0.5203	0.0157	0.2192	-0.3079	-0.9584	1.4666	-0.6870	0.8844	-0.5295	-1.7382	0.6087	-0.3482	0.4503	0.0516	0.8166	1.3361	0.4638	1.2523	1.3929	0.3059	-1.6045	-0.7036	-0.6378	0.6942	0.2704	-0.5548
0.3763	-0.3672	1.1613	0.8450	-0.7002	-0.7911	2.8757	-1.6712	-0.7550	0.4135	1.4512	1.5562	-0.0208	1.2968	0.2311	1.7847	0.1530	1.3470	-0.6254	-0.0406	0.2951	-0.3318	0.4733	-1.1600	2.0253	0.7940	0.3774	-0.4649	0.4572	-0.0428	1.2251	-1.6008	1.0257	1.6154	-0.8344	-0.8727	-1.7390	-0.9739	0.4205	0.3363	0.3336	-0.6952	-1.2857	0.8036	-0.1337	-0.5995	1.0932	-0.5861	-1.2301	-1.0508
1.2048	-2.2795	0.7175	1.4581	0.3635	-0.0383	-0.7057	-0.3046	-1.4483	-1.2382	0.7921	1.5777	0.4201	-2.5406	0.1068	1.6253	1.9915	-0.5621	1.1137	-0.1490	-1.0930	1.0010	0.8532	0.5950	0.4349	-0.2079	-0.8108	1.4838	0.1163	0.0409	1.6887	1.2894	-0.7301	-0.7890	-0.3422	0.2229	-1.8298	1.5138	-1.1812	-0.5064	-0.4439	-0.1431	-1.0840	0.5307	-1.2896	-1.3294	-0.1571	-0.5744	1.4483	2.3146
0.6485	-1.4092	-1.0836	-1.1487	0.6956	-0.9695	0.2875	-0.3903	-0.0536	0.2672	1.7656	0.5771	0.2506	-0.6587	0.0269	-0.7649	-0.5977	-0.9746	0.7960	1.1463	0.0092	1.5640	0.2083	0.7668	0.3293	-0.3482	0.5074	0.1250	0.6222	-1.3918	1.1494	-1.1621	0.0276	-0.8011	0.8127	-0.1048	-0.8049	-0.5888	-0.2640	0.8398	-0.0284	-0.7148	-1.4237	1.2742	-0.5658	-0.9856	1.1511	-0.1547	-0.3524	-0.5638
-1.7433	-0.8145	-1.0436	-1.6591	-1.5983	0.6102	-0.6536	0.2761	-1.4463	-0.0389	0.9957	-0.7755	0.1160	-0.5226	2.1002	1.4465	-0.6003	-1.0359	-0.2800	-1.0157	-0.0967	-1.1193	2.6686	0.6263	0.3604	-0.6198	0.2512	-0.7579	0.7658	0.5668	-2.2063	-1.3756	0.3635	-0.3928	1.5864	-0.0790	-0.8721	1.4186	1.1450	-0.8054	-1.4618	-0.0710	-0.6926	0.2139	-0.6177	0.8700	-0.4437	0.3001	0.0897	-1.1511
-0.3736	0.4617	1.0843	0.8589	-0.5664	-0.4149	-0.8039	0.9792	1.9653	0.1342	0.7792	-0.6364	-0.2306	0.5713	-0.7502	-0.0437	0.0538	-1.2886	-0.7773	-0.8129	-0.7370	2.1129	1.2479	0.9935	-0.4588	-0.9484	0.0615	1.4298	1.2062	0.8744	1.0248	2.0581	0.2455	-1.8223	-1.5918	-0.1716	0.2013	-0.5755	0.9737	-0.1825	-0.8025	-0.2414	1.8367	0.8736	0.3301	-0.9943	0.5995	0.2148	-0.4853	0.6849
-0.8894	0.1720	-0.5034	-0.6244	0.6365	1.5536	-2.2139	0.3492	-0.1726	-0.6069	0.3336	1.6789	-0.5805	-1.3591	0.2748	0.3862	-0.9821	-1.1866	2.4041	-0.4117	0.6839	1.4926	0.0633	-1.8046	1.8055	0.4339	-1.5612	0.0014	0.0364	1.1135	0.5097	-0.7661	-0.0935	-0.4498	-0.7000	-1.8341	-0.2675	-1.2600	-1.1647	-0.1385	-1.6729	-0.7009	0.0228	0.2496	-0.4366	-0.1985	0.2195	-0.3755	1.0467	1.0829
0.2895	0.1157	-0.2402	0.2720	1.3936	-1.9270	-0.4920	-1.5633	0.2760	-0.2976	-1.6877	-0.9491	-0.0446	-0.4105	0.5298	-0.9430	0.7681	-0.0841	-0.0474	0.6986	1.6911	-1.5208	1.6026	-0.1834	1.0466	-0.4022	0.3929	0.9667	-1.6692	0.9313	-0.7505	0.3168	-0.4857	-0.2431	-0.2989	0.6004	1.1329	0.5372	1.1936	-1.1745	0.7277	-0.2612	0.1564	0.7450	0.1310	-0.1252	1.3253	0.5016	0.9175	-3.4008
0.4397	0.7156	-0.3054	-1.4578	1.0258	1.5761	0.0842	-1.2738	-0.7127	-0.2392	-1.5312	0.1444	1.0915	-1.2555	-0.2907	0.8997	1.4116	0.0078	-0.1626	0.4911	-0.0963	-0.1190	0.8322	-0.4264	-0.0215	-0.9946	2.1060	0.6410	-0.5601	0.9896	0.7753	0.3643	0.3291	0.0103	0.1580	1.0376	0.1533	0.5219	0.0311	1.0702	0.4901	0.8042	0.3341	-1.9045	-2.6481	0.2802	-0.2025	0.4201	0.5771	-1.2388
0.4103	-0.2339	-1.8017	-1.3580	-0.1743	-0.8116	1.3980	0.7315	0.7961	0.6902	0.6689	-0.5276	0.4165	1.0012	0.4665	0.1434	0.8033	-0.6095	0.2417	-0.9655	0.1646	0.6814	-0.3444	-2.2106	-2.3197	0.8460	-1.0238	0.8543	0.7173	-1.0077	-0.7360	-1.3255	0.1088	0.9709	0.4046	-0.0090	-0.0636	0.2374	-0.0870	1.5958	1.0813	-0.7213	-2.5842	-0.4876	-1.3945	0.4287	-0.7423	1.6466	-0.4630	-0.6700
-0.9365	-0.8930	1.3402	1.2750	1.2668	0.2630	0.5844	1.6696	0.9617	-1.1732	-0.0566	1.0889	-2.6089	-0.4192	-1.7966	1.1999	-1.1201	0.2883	0.3199	0.4729	1.4481	-0.7610	-0.7565	-1.3096	-0.7936	0.5275	-0.7607	-0.9665	-1.5264	-1.1047	0.4304	-0.0614	-0.5465	-0.9309	-1.1382	-0.3975	0.6204	-2.1532	-0.9108	1.2283	1.7773	0.7207	-0.8668	-2.3878	1.7955	1.0535	0.5102	-0.6899	1.2271	1.7495
0.6376	-1.1690	-0.5309	0.1005	0.8950	1.0909	-0.1140	-0.7517	-0.4995	-0.7669	-0.7363	-0.5974	-0.8333	-0.1385	-0.6132	-1.4791	-0.3193	-0.2502	-1.1896	0.7321	-0.6571	-0.4737	1.0707	-0.7887	1.0367	-0.8244	0.4273	-1.4747	0.5560	1.8535	-1.6719	0.3296	1.8320	2.2767	0.3724	1.7310	1.4393	-0.5072	0.3287	0.1330	-0.2229	-0.1745	-0.7508	2.6019	-1.1071	0.0823	0.4855	-0.5555	-0.4667	-0.0289
0.0319	0.5497	-0.7467	-2.0896	-1.0755	-0.8607	-0.9547	0.0109	0.5938	-0.3723	-1.3630	-1.1562	0.4752	0.7543	0.9819	0.2310	-0.4055	0.8606	0.7360	-0.8910	1.3847	0.7202	-0.2060	-0.0562	1.7137	0.2853	-1.5559	0.5936	-0.7347	0.2507	1.0356	-1.3774	-0.4552	-0.3287	-1.9650	-1.1631	-0.8850	0.1638	0.4593	0.6002	2.2596	0.3069	0.6755	0.1492	0.6457	0.4530	0.6416	0.8108	1.1033	0.0454
1.3681	0.7730	0.6565	1.3025	-0.4191	-0.8076	1.5636	-1.0303	-0.4414	0.2156	0.9519	0.3077	-2.6200	0.5555	-0.5955	1.2619	-1.4605	-0.2725	0.6209	-0.0155	-0.6835	0.6139	-0.6579	-1.5577	2.2756	1.4300	-0.5260	-0.3921	0.9172	0.8200	0.4630	0.1558	-0.0252	0.5175	-0.7077	1.2587	0.5926	0.1614	0.1587	-1.7686	0.9203	0.1603	-0.4134	0.6984	0.7926	-0.4915	-1.4840	1.8433	-1.1335	-0.9741
-1.4775	1.2776	0.7723	0.2268	0.1965	1.2133	-2.1944	-1.0068	0.7771	0.3192	-0.4010	0.4701	1.9060	0.2509	-1.4604	-0.3020	2.4937	-0.4915	-0.7712	0.2686	-0.3097	-0.5366	1.7161	-0.1246	0.9732	-1.7249	0.2877	1.0954	0.6736	-0.4948	-0.9359	-0.6876	0.5188	-1.3551	0.5422	-1.1907	-0.7781	1.0930	0.0128	-0.9168	0.3969	-1.6101	2.2449	-0.1669	1.3091	1.3825	1.9530	-0.5178	-0.1434	0.9743
0.1774	0.0679	-2.2340	-0.4738	0.7762	-2.3909	2.1330	0.6939	-0.3031	0.6509	0.9305	-0.3666	1.5958	1.0650	-1.0365	-1.1719	-0.1809	-0.2878	0.7784	-0.1768	-0.2068	-0.2340	0.4252	1.4183	-0.6930	0.0479	1.0463	0.4684	1.0625	-0.0520	-1.1696	-0.4011	0.4100	-0.2555	0.9663	2.1000	-0.8175	2.1712	-1.5685	0.9016	1.1551	-2.0802	-0.8364	-1.0050	1.1273	0.0306	0.2955	-1.4379	-1.6111	-0.0851
-0.2983	-1.6976	0.3640	-0.2342	-0.9737	0.9238	-1.3217	-0.9429	1.2603	0.8521	-0.8513	0.9895	0.0730	1.0086	-2.5011	0.1200	1.1597	0.3579	-0.8737	0.0284	0.1590	1.3621	0.3759	-0.0458	-0.3149	1.2992	0.8828	-0.9515	-2.0526	1.7742	1.0975	-0.3749	2.1172	1.2472	-0.7122	-0.7341	0.4441	0.8105	1.1258	-0.7712	0.8950	1.0703	-0.6704	1.1920	-1.4101	0.3597	1.5044	-0.8176	-0.5762	-1.1563
0.8019	-1.6955	0.8592	0.3908	1.4854	-0.1184	0.7951	-0.5151	-0.1921	0.8409	1.9773	-0.7455	0.1061	0.0567	1.4733	1.1265	-0.6970	0.7908	-0.6506	-0.8501	-0.3413	-0.3705	-0.3204	0.2313	0.6932	1.9241	0.0364	1.8482	-0.3855	-0.0521	-0.0888	0.4003	-0.1393	-0.9957	-0.2453	-0.0912	0.1421	-1.9235	-0.1942	0.9750	0.8050	-1.0886	0.0238	-0.6916	1.1879	-0.2805	1.3610	0.0211	-1.2389	-2.1356
0.1364	1.4255	-0.6702	0.9905	0.8955	-0.1597	-0.6244	1.0739	1.3349	0.3417	-0.5092	0.2101	-0.9172	0.2798	0.8189	0.8407	-0.4631	0.0543	-0.3630	-0.5609	0.1242	0.8642	0.0662	-0.7372	-0.8473	-0.4469	-0.0693	1.2816	-0.0381	-1.7831	-0.0484	1.9478	0.7966	0.1453	2.0193	0.4561	-0.0723	-0.2548	1.4662	1.7365	0.7356	-0.2223	1.9249	-1.4210	0.7676	-0.9756	2.7794	1.2175	-0.2041	0.2915
0.2511	0.6172	2.1762	1.5743	-1.4546	0.2465	1.2953	0.6641	0.1404	0.3223	-0.1087	-1.9686	-0.5726	0.4154	0.5866	-0.7290	0.5961	-0.1222	0.7934	-0.1264	0.8176	0.7921	-1.2683	1.2634	0.6580	1.2509	-0.3116	-0.0020	1.3647	-0.1956	-1.6294	-0.2362	-1.5912	-0.1946	-0.4630	-0.5274	1.8649	-0.4663	-0.7374	0.6940	0.7646	1.0696	-0.6860	-0.6708	0.1041	2.4176	0.2802	2.0527	0.3122	0.1569
1.0259	-0.6503	-0.8239	-0.5896	0.8505	-1.2108	-0.0247	-0.7587	-0.7879	0.8441	-0.1179	-0.4541	-0.3482	-0.2546	-1.6422	0.4450	-0.6189	0.3554	0.1001	-1.2448	0.0849	-0.4826	-0.0122	0.3555	-1.2063	-0.8954	0.7479	0.3041	-0.9216	-0.4007	-1.6696	2.7745	0.3638	0.8471	0.2585	1.5960	-0.7960	0.2218	-0.0698	-0.9732	0.4631	0.7671	1.3677	-0.4619	-0.9300	-0.0274	1.1558	0.2978	0.1275	0.1787
-1.1888	0.1011	0.5893	0.5032	-0.7381	0.1208	-0.0926	0.4101	1.5303	-0.4164	0.4619	-1.3425	0.7901	0.3329	0.9024	0.9417	0.5867	0.0579	-1.1225	0.6122	-1.1898	-1.1772	1.6513	1.9771	0.4741	2.0907	-0.2841	-1.1643	-0.2056	0.5040	1.8878	-0.6803	0.6062	-2.0658	0.1975	-0.0523	0.5698	-2.3595	-0.9650	1.1185	-0.4598	0.7703	0.7617	0.9004	0.3051	-0.4621	0.8792	0.8059	-1.7033	-0.5793
0.4604	0.6892	0.6958	-0.5367	-1.2304	0.5045	-0.6734	1.3724	-2.3670	0.3492	1.7963	1.8031	0.3298	-0.9636	-0.4925	-0.8345	-1.3414	0.0269	0.3311	-1.1778	-1.3732	-0.6227	0.9457	0.0775	0.3644	-0.2679	1.5624	0.2992	-0.0887	0.6164	1.4659	0.7207	-0.8645	0.4991	-1.6550	1.0143	0.2748	-1.1120	0.8120	-0.7823	0.7515	-0.0112	0.5262	0.3295	1.4767	-0.3137	-0.1003	0.0465	-0.1301	0.5436
0.3978	-0.4012	-0.3311	2.3498	1.5832	1.4378	-2.3250	-0.1864	-0.0990	0.6247	1.3849	-0.3308	-0.7560	-0.3489	-0.0132	0.3571	1.0797	0.0487	-0.1922	0.3284	1.4551	-0.9259	-1.5061	0.4468	-0.3488	0.1602	-0.4218	0.7973	0.0671	-1.8695	0.3139	-0.2585	-1.7715	0.2268	1.0716	0.5522	0.1496	-0.5121	0.8997	0.0659	-0.3888	-1.0363	0.7004	-1.3911	0.6994	0.3789	-1.7869	-1.3667	2.1615	-1.2368
0.9610	-2.4461	-0.8856	0.4664	0.3930	-0.5103	-1.5193	-0.1187	-2.3116	0.9828	-0.0806	0.0711	0.5485	0.0246	-0.6002	1.8527	-0.7161	-0.1832	0.0927	0.6650	0.8163	0.9054	-0.4345	0.7612	-0.4672	1.6303	0.5439	-1.5087	-0.7943	-1.0246	-1.2674	-0.1841	0.0671	1.1562	-2.0416	0.4938	0.5172	0.4212	-0.2273	-1.4239	-1.2986	0.8944	0.1868	0.6408	0.9036	-0.5549	0.6201	-0.1858	-1.4691	-0.0281
1.1708	1.6137	1.6305	0.7137	1.1720	0.8705	0.6143	-1.0341	-0.0565	-0.1453	-1.1060	-1.4179	-0.9699	-1.0340	0.8614	-1.2112	0.1679	-0.0906	1.4775	-0.3495	-0.1410	-0.9576	0.3509	-0.0816	0.8379	0.4398	-0.1658	-0.6686	0.4119	0.7075	0.7543	-0.6247	0.6170	-0.9018	-0.8218	0.8476	0.2127	0.5942	-0.9545	-1.3087	0.9308	-1.5304	-1.8183	-0.4129	1.7097	2.8805	-1.4099	0.4363	0.2842	1.0585
-0.2990	1.7459	1.4091	-0.5067	-0.4749	-1.7088	0.5653	0.1628	2.1746	2.6551	1.2390	0.0811	-1.6743	-0.6284	0.8842	-1.4041	-1.3877	1.3935	0.0672	-0.5075	0.1111	-0.1223	-1.0872	0.7361	0.5456	-0.7766	-1.0023	-0.8717	-0.7649	0.7521	-0.3847	1.2848	0.1037	-1.2747	1.0056	0.9300	-0.5566	2.0042	-1.8389	0.0508	-0.1831	0.7682	-1.2019	-1.0017	1.5578	0.6789	-0.8350	0.7475	0.4147	-1.1342
-1.6675	-0.3834	1.2297	-1.6156	-1.6623	0.8043	-0.3135	0.0531	-0.6443	1.1525	0.1786	-0.8628	0.8025	-0.7605	-0.5804	-0.2428	1.7014	2.0215	-0.7423	0.9948	0.1445	-1.6579	-0.7038	-1.2780	-1.7474	-0.4514	2.1111	-1.5346	-1.4016	-0.9254	1.8589	1.8105	-1.3529	1.1236	0.1680	-0.0822	-1.8999	-1.4440	0.8519	-0.1859	-0.5383	1.9728	-0.3484	-0.4334	0.5087	-0.3639	-0.6952	1.3741	-0.9400	-2.3793
-1.1314	0.5863	0.1977	0.0076	-0.2523	0.3108	-1.0368	-0.1811	-0.7389	-0.7594	-0.5353	-0.9074	-0.4083	-0.7374	0.4993	0.1788	0.9216	-0.7852	-0.8552	0.1238	-0.3320	1.3493	-0.4629	2.1226	0.9202	1.1007	0.0716	-1.8837	0.1322	1.2535	-1.5873	0.4863	-0.7298	-0.3295	-0.2608	-0.4075	0.1189	0.7418	2.6394	-1.6188	-0.5549	-1.1607	1.3769	0.4260	-0.9452	1.5189	-1.0754	2.5436	0.8454	1.2559
0.5851	0.1209	-0.6795	-0.3880	-0.5669	0.6830	-0.0863	-0.0409	1.1315	0.2574	-0.7470	-0.0616	-0.6734	1.4198	-0.4350	-0.4633	-1.8122	2.7719	0.6972	-1.7774	-0.2159	1.2101	0.5545	0.6300	-0.5993	0.9897	0.4380	-1.1719	-0.3039	0.0395	0.3705	-0.6809	1.2911	-0.9266	-0.0781	-0.9059	0.5095	-0.4274	3.3438	0.9922	0.3939	-0.2249	1.3146	0.1068	0.2935	1.2309	0.8513	-0.5323	-1.6427	-1.2141
1.5269	2.7248	-0.3335	-0.5760	-1.3359	-0.7033	-0.4652	-0.1344	-0.0306	-0.8028	-2.0357	0.9407	0.6439	0.1415	1.2651	-0.6897	-3.9490	-0.0137	1.1186	0.4480	0.4768	-0.3186	0.7902	1.5639	0.4607	0.8145	-0.0145	2.0503	0.1986	-1.0223	0.1715	-1.0475	1.3451	0.7517	-1.0630	0.7218	0.0691	-0.6331	-1.2672	0.2837	-0.1874	0.3698	0.5825	0.1333	-1.4649	-2.0818	0.7121	1.0321	-0.2118	1.2538
-0.2391	-0.4279	-0.2366	-0.6499	1.0743	-0.0874	-0.8933	0.6219	0.9272	-1.5667	0.1461	0.2160	-0.7558	-0.4318	0.5934	-0.2796	1.1389	0.0039	1.1184	1.0542	0.0136	1.1131	-0.5857	0.6318	0.0887	-1.0891	2.1107	1.0932	0.6055	0.8032	-0.8645	1.6012	-1.6896	1.2012	-0.0606	-1.4362	-0.7623	-0.6795	1.6865	-0.1333	1.1334	1.1428	-0.8778	0.5480	-0.4224	-0.1859	1.8356	-0.7824	-0.2261	-0.2066
-1.3589	0.5128	0.3726	-0.4619	0.0028	-1.8056	1.2632	0.0251	-0.2997	-0.7991	0.6788	0.1424	1.3616	1.1994	0.5432	-0.3688	-0.8928	0.8734	0.2525	0.7073	-0.6723	-0.0916	-0.0257	1.6187	1.0748	-1.1984	0.2378	0.3646	0.6351	-0.6315	0.6784	-1.1089	0.2789	1.1230	-0.7602	-0.2142	1.0564	-0.8227	-0.6133	0.1977	-1.8945	-0.6800	1.8718	0.3415	-0.4929	0.0621	0.0722	-0.0899	-0.4252	-1.1357
-1.3724	-0.0702	-0.2319	1.2567	0.4871	-0.2926	-0.2535	0.6799	0.9579	-0.2899	1.1598	0.8435	-0.7310	-2.2505	-0.8817	1.5237	0.6291	-0.3494	0.8375	3.2285	-0.6351	-0.9831	0.8517	-2.1430	0.2908	0.1988	-1.2454	1.2969	-1.0064	1.0110	-0.0047	-0.9776	1.7833	-1.1755	-1.2955	1.3116	1.1979	0.0527	1.0843	-1.9873	0.8962	0.8760	0.3257	1.2243	-0.7281	-0.7633	-0.1022	0.3123	0.1625	-0.4380
-1.2471	0.2341	0.9425	0.3705	-0.6088	0.4814	0.3692	0.0013	1.0111	-0.9144	-0.0175	-2.6745	-1.1530	0.6541	0.6554	1.8137	-0.6754	-0.8278	0.7132	0.3845	-0.0615	-0.4119	1.7101	0.1214	-1.5171	-0.0768	1.0358	1.4517	-1.1598	0.3226	1.6389	-1.2981	0.6808	0.2712	0.4645	0.2446	-0.9036	0.8632	-0.3526	1.0466	-0.5494	-0.5879	-0.0854	-0.5368	0.8074	0.2146	-0.4190	0.1103	-0.9827	-1.1224
0.5786	-2.1973	-0.3066	0.5241	-0.3187	0.0531	-0.5270	-0.5944	-0.8110	-0.8228	1.5938	1.1819	-0.5913	2.6520	-0.6248	-1.3340	1.1768	-1.4175	0.6729	-0.1412	1.1562	-1.7262	-1.0736	1.6913	-1.3669	0.1354	-0.4456	0.3592	2.5433	-0.0599	1.1351	0.3121	-1.0426	1.1455	2.0988	0.8756	2.9802	0.8097	-0.7364	0.5242	-0.0404	-0.2650	1.1582	-2.7038	-0.8649	-0.0454	0.2326	1.4742	-0.2172	-2.0192
1.7149	-0.1453	-0.6058	-0.1108	-0.3508	-2.1178	1.1789	-0.5041	0.0485	0.4823	-1.0669	1.2253	0.6464	0.2945	-0.0960	0.0916	-1.1103	2.2167	-1.2584	-2.0074	-0.7920	-0.6859	0.2475	-1.4777	-1.5725	0.1562	1.2618	0.9354	-0.3652	-0.9808	0.0108	0.9905	0.8300	1.2525	0.4065	-1.2227	-1.0774	0.7514	0.4504	2.6289	-1.2547	0.2004	-1.4441	0.7690	1.1796	-0.8135	-1.1208	-0.6890	-1.8630	-0.6530
-0.8707	0.9742	0.0493	1.1022	-0.3431	0.1489	-0.1283	0.6039	-0.7525	-0.1886	-0.3849	0.0408	-0.4607	-2.5556	0.2453	-0.4493	-0.0504	-0.2956	1.0850	-1.5829	0.6313	0.3519	0.6252	-0.6770	-0.7198	0.6541	-0.2878	-1.1383	0.2686	-0.1631	0.1483	0.2884	0.1970	1.0689	0.5027	1.0916	-1.0365	-0.6505	-0.6228	0.2764	-0.6361	-0.1411	0.0299	-0.0788	0.7902	0.6376	0.8045	-0.3137	-1.3978	-0.8540
-0.6988	-0.3324	0.6306	-0.5605	-0.2851	0.3733	-1.7058	-0.8576	0.5592	0.4116	-0.0312	-0.3140	-0.2469	-0.6614	0.7332	1.2520	0.7615	0.5124	-0.7862	-0.6305	0.3946	2.1184	-0.8698	-0.0025	0.7118	0.8595	-0.0152	0.6075	0.8359	0.8786	-0.2064	0.3805	0.8610	0.5201	0.0158	0.0200	-0.8727	0.9003	-0.8559	0.4046	0.5371	-0.3761	0.8788	2.3077	-0.3011	1.3524	-0.8646	0.1098	0.4153	-0.1706
-0.9359	-0.5979	-1.5300	-0.4186	0.5870	-0.2649	-0.2366	-0.5160	-1.2352	-0.3535	-1.7219	-2.3048	1.1379	-0.3110	0.1532	1.1598	-0.3998	-0.3036	2.1401	0.2496	2.6575	-1.5101	0.5398	0.8344	0.9778	-0.4332	-0.2361	-0.7595	-0.8353	0.0789	0.8716	-1.2047	0.5070	-1.8192	-1.8536	0.4970	0.8048	-2.3813	-1.1192	-0.9010	1.6299	-3.1298	0.4994	1.4130	-1.0564	-0.2501	1.0013	0.7177	0.6255	0.0990
-0.2235	0.2838	-0.4547	-0.9201	-1.6858	0.6599	-0.1572	-0.2325	-0.6248	-0.5885	0.0847	2.6963	-0.8465	-0.3544	-1.3283	0.0096	0.6264	-0.5988	-1.3509	-0.7138	-0.0090	-0.2722	-0.2860	-0.5919	0.0783	-0.2095	-0.7745	0.0264	0.0917	0.2420	-0.8604	-1.2720	2.2695	1.7292	2.3361	-0.2903	0.5079	-0.8128	-0.0668	0.6721	-0.5081	0.7650	-0.7489	-0.2394	0.3127	0.6053	-1.1881	-1.0370	0.9714	0.0199
0.3069	0.2584	-1.1153	-0.7103	0.2320	1.0287	-0.9926	0.7970	-0.7228	0.9177	0.2098	0.1010	0.8597	0.8698	-1.6057	-0.6237	-0.1185	-1.3807	0.6841	0.7143	-1.5429	0.2749	0.0389	0.0229	-1.1034	-0.0633	-1.7926	0.2266	1.3766	-0.0924	-0.0744	-0.9353	1.3421	-0.9693	0.3843	0.2127	0.2265	1.2031	0.9062	-0.0633	-0.0758	0.1040	1.1050	0.7014	0.5888	0.9768	0.6420	-0.8058	-0.3326	-1.1363
0.5442	-0.9521	1.3951	-1.2885	0.4828	0.7184	1.3364	0.0990	-0.3423	-1.4885	1.1306	1.9843	-2.1494	0.5583	0.3349	-0.0953	0.5042	0.1919	-2.8326	-0.4796	0.6363	1.1434	0.2928	-1.1712	0.1703	0.4578	1.1863	-0.7933	0.3136	1.4255	-1.0046	-0.1353	-1.3372	-1.0202	-0.3742	-0.1544	0.7030	-0.0749	0.5485	-0.0675	-0.1630	-1.6125	1.2724	1.1454	-0.5819	0.8015	1.0390	1.9813	-0.4672	-0.6952
0.5439	0.9776	0.0008	0.9867	-0.2860	-0.6513	-1.5542	0.4644	0.0017	0.9387	0.3983	-0.1728	-0.4138	-1.1157	1.8501	0.1563	-0.1480	1.3747	-0.0402	-0.9700	0.5214	-1.2995	0.1197	0.1967	-0.5254	0.0712	-0.2105	0.7291	2.0665	1.2578	-0.2577	1.4493	1.4615	-0.4086	0.9945	0.3057	-0.2200	0.9375	-0.2058	-0.5481	-0.2879	-0.2463	-0.3821	-0.6765	1.6873	-2.0416	0.2553	-0.3111	-0.5896	-0.9023
0.1913	-0.4647	-0.6985	0.8243	1.0501	-0.5175	-0.3488	2.4008	0.8236	-2.4241	-0.6263	-1.3433	-0.1939	-0.6231	-0.6210	0.7322	-0.1789	-1.2318	-0.4622	-0.0758	-0.4676	2.6817	1.2698	-0.8907	0.4040	0.2925	0.3916	-0.9685	-0.2521	-0.1356	-0.2336	1.3128	0.1235	0.0248	-0.3676	1.4774	0.2411	2.4667	0.2928	1.1834	-2.1838	2.3937	-0.2221	1.5568	0.0049	-2.2179	0.9883	1.0038	1.0890	1.0190
0.2076	-2.3694	1.6941	-1.0168	1.8066	0.8155	0.6497	-2.4170	-0.7837	-0.4968	1.1390	-1.8183	-1.0371	-0.0425	1.6149	-0.4405	-0.3531	-0.8466	-1.2334	1.1111	0.8161	0.1652	1.1851	-0.7380	-0.5578	0.1409	-0.7876	-0.1498	0.5693	0.4225	-0.2701	-1.7027	-2.0618	-0.6303	0.2638	0.8601	0.0492	0.4052	0.1872	-0.8631	1.2065	-0.9815	1.2188	-1.1859	0.7513	1.8409	1.5944	2.1700	0.0803	0.2746
-0.1007	0.0542	-2.4654	0.9588	-0.8333	-0.1468	-0.5631	-0.0071	0.7751	0.3786	-1.2304	-0.3200	-0.0837	-0.4151	-1.4897	-0.5776	-1.1282	-0.0633	-1.0696	-2.0100	0.9137	-0.7657	0.4189	-1.7955	0.9421	1.2908	1.5445	1.2922	0.0950	-0.7675	-0.4281	0.4404	-0.8121	0.4874	0.3005	-0.5801	0.6191	2.2628	1.2054	-0.5519	0.4628	-0.7225	0.2416	-0.0511	-2.2362	0.1289	0.2285	0.5136	1.0793	-0.4848
1.0601	-0.1997	-0.2527	0.9218	0.3317	0.0038	-0.0210	1.4261	1.3678	0.0479	0.0334	0.2945	-1.3064	-0.0655	-0.5880	1.2364	0.2523	0.0532	-0.1168	-0.0694	0.8092	1.5111	1.5285	-0.6573	-1.9543	0.1412	-0.4296	-1.5304	1.8531	-0.4793	1.4419	-0.6055	1.3944	-0.8579	0.0006	-0.5555	-1.0269	-0.2424	-1.5689	-1.3730	0.1099	0.3527	-1.8314	-0.0054	0.6451	0.1183	-1.3874	-0.1729	0.2206	1.1633
0.8490	0.8527	0.1519	-0.3868	-0.3883	0.5791	-0.5547	-0.7661	0.3872	0.3978	0.1909	-1.6691	-0.5101	1.4600	0.3325	0.1953	1.9398	0.6999	0.2847	0.2645	-0.5564	-0.1689	-0.0372	1.1266	-0.2051	-0.4445	-0.7601	-2.0692	-0.8797	-0.3406	-0.3198	0.9275	-0.1228	-0.7425	-0.5481	0.5163	0.3470	0.5781	-1.5803	0.9154	1.2834	0.6153	-0.2151	-1.2378	0.6384	-1.7848	2.6943	-2.1208	1.1551	-1.4043
-0.2337	-1.9087	0.7561	0.9283	-0.9926	-1.0153	-1.0424	0.1396	-1.3280	0.1655	-0.8588	0.3060	1.0727	-0.1380	-2.7511	1.2371	-0.6149	-0.0418	-0.3661	-0.7268	2.0879	0.4662	1.5347	-0.3351	-0.0487	1.0249	-0.5273	-0.8558	-1.9924	0.0287	-1.4479	-0.4883	-1.8557	-0.9640	0.4598	0.8032	-0.2336	0.9922	-0.4586	-1.1149	-0.3999	0.6717	1.3839	-0.0203	-0.7511	-0.3901	1.3355	1.6923	-0.2673	-0.9492
0.5562	-0.8564	0.1442	-0.6376	0.8330	-1.4420	1.2009	-1.5829	1.4841	-0.0837	1.9778	0.5756	1.1101	0.3126	-1.0358	-0.3557	-0.9695	0.2814	-0.1320	0.3186	1.0575	-0.2883	0.3806	-1.8197	0.5141	-1.2495	0.6040	-2.0186	1.9085	-2.6493	0.0091	0.7572	-1.1114	-2.3323	0.9986	1.2890	-1.3133	1.4742	-0.4309	-0.4256	-0.6312	-0.6621	0.6768	0.8725	-1.8803	0.6113	-1.0220	0.5391	-0.5763	-0.5159
-0.0280	1.2671	-1.3121	-1.1400	-0.6855	0.0732	-0.8683	1.3462	0.6475	0.1779	-1.1864	0.9692	-1.2218	-0.1273	0.2924	1.2635	0.9843	0.0080	-0.8486	0.6965	0.6460	-0.4307	-0.9881	0.4363	-0.4674	0.0076	1.0728	0.2913	-0.9355	0.3242	-0.4003	-0.4102	0.9262	0.4073	-0.6094	-0.6276	0.0220	1.0302	1.5098	0.5454	0.2764	0.8122	-1.6332	1.4952	1.6031	-0.7195	-0.8613	-0.8345	-0.6668	0.8691
-0.4196	-0.5675	0.0959	-0.4826	0.8190	-0.8267	1.5800	-0.2005	1.6782	0.2094	-1.1462	1.1384	1.9239	-0.7237	-2.1445	-0.0555	-0.8282	-1.3046	-1.0779	-0.4747	0.6228	1.3792	-0.0991	0.5691	1.1910	0.5269	1.7215	-0.5379	0.9884	-0.2478	-0.2748	0.5143	1.1544	1.5905	-0.2788	0.7089	0.6472	-1.4101	-0.9541	-1.7461	-0.2865	-0.6245	-0.1626	0.7026	-1.3033	0.7667	0.1915	0.0862	0.2981	-0.4406
1.0498	-0.0231	-2.3191	0.5839	-0.7812	-1.2107	0.2891	-0.3558	0.0059	0.0729	-1.4844	-0.1960	0.6956	-0.4853	1.3788	0.0963	-1.4175	1.6701	-0.7529	-0.0916	0.5675	0.6324	-1.8632	0.0171	-1.5264	0.4953	1.6172	-0.6459	0.6555	-0.3284	1.5995	-0.2191	0.0936	0.7847	-0.3469	0.8023	0.4121	-0.3583	-0.2002	-0.7720	-0.9627	-0.4498	-1.4332	-0.9546	0.0725	-0.4256	0.0988	-0.8678	-1.6531	-0.7358
-0.1078	0.6733	-1.2032	-0.1928	-0.2658	-0.6803	0.5308	-1.8501	0.2197	0.2494	-0.5034	-1.5197	-1.1497	-0.2671	-1.3028	0.0785	-0.0430	-1.8100	-0.1436	0.7158	-0.1361	-0.1745	-0.9055	1.6396	0.6956	-0.2663	-0.3775	0.6520	0.2530	0.2777	-2.7997	0.6054	-0.6545	0.8369	0.5315	-0.8961	0.7482	-0.8940	0.5868	1.2283	0.3276	1.2334	-0.9545	1.6806	-0.1453	1.5425	0.5772	-0.9014	-0.3198	-0.5676
0.0824	2.7602	1.1303	0.8053	-0.8032	-0.7291	-2.3295	-0.6795	-0.7767	-1.8145	1.0557	2.0400	0.9778	1.4372	-0.1032	-1.6585	-0.8694	0.1611	2.8767	0.3989	1.2326	-0.2326	0.9513	-2.0662	0.1909	-1.5328	1.2801	0.9503	1.6472	0.1111	-0.5820	0.3993	0.1690	-0.1126	-1.1117	1.7323	0.9641	-0.5226	-1.9522	1.1083	1.2218	-0.0752	-0.6605	-0.0729	-1.4036	1.4857	-2.7264	0.5563	0.7247	-1.3164
1.2046	-0.6002	0.1219	-0.2582	-0.8752	1.2380	-1.3122	-0.2926	-2.4291	0.6767	-0.7780	-0.1408	0.3563	-0.8409	0.3010	-0.0361	-0.6801	2.5628	0.9766	0.1000	0.3656	-0.1451	0.2694	0.8025	1.0087	-0.0043	2.1163	0.3542	-0.7824	-1.6848	-1.8499	-0.7388	-1.3566	-0.8489	0.3455	0.1603	-0.8066	0.0828	-0.3784	-1.5177	1.1716	0.1021	0.4833	-0.7356	1.4403	-0.2998	-2.0096	-0.8173	0.3280	-0.5498
-1.3796	0.1608	-1.4423	0.5802	-0.2957	-1.5726	-1.8146	0.3691	-1.5892	-0.0313	0.7139	1.1118	0.1505	0.6848	-0.2208	0.9949	-0.1027	0.5551	0.5539	-1.0724	0.4012	-0.3053	1.1455	-1.1949	0.0504	0.4764	-1.1363	-1.3614	-0.8582	-0.2827	0.9090	-0.0252	0.3181	0.2353	0.1537	0.8937	-0.2531	1.3813	-1.1793	0.8629	0.8103	-1.5587	-0.4651	-0.3115	-1.4728	1.5315	-1.3873	-0.9946	-0.2115	1.5712
0.1224	-1.0486	-0.2845	0.3496	-0.1599	-0.0491	0.6325	-1.8258	-0.8943	-0.8712	-1.0007	0.8562	-0.6448	1.7197	-0.1033	-1.1683	0.7390	0.5283	1.2136	-0.1567	0.5167	0.2268	-0.0601	-1.6666	0.3306	-0.2776	0.3885	-0.8036	2.3633	1.6380	0.6929	1.2160	-0.5301	-0.2824	-0.2850	-2.3063	-0.8581	-1.3433	2.7362	1.5460	0.0975	0.0891	2.1620	-0.0929	-0.8032	-1.1413	1.3192	-0.1139	0.0787	0.7887
-0.2030	0.8577	-0.0272	-1.1279	-1.0227	0.8424	0.0199	0.0082	-0.7905	-0.1059	-1.7882	-1.3781	-1.3389	0.2031	1.2614	-1.6467	0.6575	-0.8873	1.3285	-0.2257	-0.5469	-0.7602	0.7726	0.8840	-0.4131	-0.6579	-0.8095	2.3104	0.1187	-1.3050	0.3909	0.1996	0.0662	1.7295	-1.3700	-0.8889	-1.3063	-0.4823	0.6013	1.1612	-1.5294	0.2618	-0.7321	-0.8989	0.1410	0.6585	1.0400	-0.4980	0.3525	0.9103
0.4534	0.8091	-0.9963	-1.6787	-0.3061	1.3288	1.1177	1.0616	-0.3863	1.0213	1.1066	-0.3429	0.9910	1.8974	-1.1120	0.2064	0.2214	-0.0380	-0.9382	0.8976	0.4949	-0.0347	-0.0898	2.5810	1.8143	0.3413	-0.7163	-1.5676	-0.1461	-0.1402	1.2014	0.0755	0.0167	-0.2344	-1.4162	-0.0307	0.0526	1.4803	-0.0117	-0.0581	-0.3908	-0.0310	-0.1837	0.7063	-2.1781	0.1000	-1.7148	-1.4931	-0.1293	0.2754
0.0725	0.4156	0.5455	1.2426	-1.5142	1.0275	-0.8645	1.0741	1.7537	-0.0543	0.5993	-0.0106	-2.2207	-1.0973	-0.1598	0.4564	0.3411	-1.9959	0.1325	-0.5545	-0.3424	0.1972	-0.2337	-1.0271	0.2407	0.5521	1.1077	1.8138	-1.1274	0.1970	-0.2085	-1.9618	-0.5251	-0.6583	0.4379	-0.1107	-0.0774	0.8353	0.9053	0.5706	0.3607	-1.4621	-1.2701	-1.0245	0.8338	1.2185	-0.4465	-0.6894	-1.2131	0.0331
0.6140	-0.1898	-1.1619	1.2136	-1.6697	1.4166	-0.8015	0.5910	0.0910	-0.7749	-0.4397	0.0757	0.4548	-1.6120	-0.2528	-0.3050	2.0181	-0.6168	0.5287	-0.1706	0.3987	-0.1647	-0.9609	2.0394	0.3435	0.5270	1.2587	1.3609	0.6611	-1.8556	0.7680	-1.0902	1.2386	-0.4254	0.3665	-0.4170	0.0627	0.9409	0.2236	0.7991	0.0709	0.5539	1.1083	-0.5015	0.4565	-0.0990	1.5328	-0.8118	0.3733	0.6248
1.9610	-0.6754	0.3284	0.5832	-0.3503	-0.0604	0.5497	-0.6617	0.5888	0.6751	0.1220	-0.2351	1.4248	0.5441	-1.4687	1.4245	-1.6541	0.7684	1.5188	1.4727	2.5347	-0.5874	-0.8861	0.1302	-0.1413	0.6234	-0.1228	0.7828	-0.4457	-1.4383	-0.3343	-1.5237	0.6080	0.3134	0.6788	-0.3408	1.0180	2.6359	-0.1058	-0.6811	1.9898	-0.0250	2.0687	-0.0960	0.4275	-0.2041	-0.7511	-1.1400	0.7115	-0.5033
0.5532	0.9661	-0.7457	-1.3118	0.1843	0.1492	1.2563	0.1919	-0.0399	1.4840	1.0047	0.9703	-0.4766	0.7320	0.2369	-1.3244	-0.4234	-1.8627	-0.7700	-0.5932	-0.6031	-0.3995	-0.6471	0.3108	-2.2332	0.0497	-1.8342	1.4884	-0.7206	0.4267	-1.2040	-0.0298	0.0203	-0.2865	-0.2818	-0.3813	-0.8618	-0.4067	-0.2839	0.1313	0.7712	-1.2536	-0.2448	-0.7207	1.0653	1.7395	1.2699	1.0098	-0.2446	0.0847
0.6938	-0.1660	-1.1123	0.5820	-0.0342	-0.4679	1.4682	0.2378	0.0509	1.1982	1.2613	1.7010	2.0386	0.3152	0.8793	-0.2737	0.3748	0.0570	0.5739	-0.8109	0.5385	-2.6705	-0.6905	0.6320	0.6624	0.9718	-0.5528	1.0803	-0.0871	2.1561	-0.6274	-0.7214	1.9386	0.9134	-0.1614	-0.4395	-0.7954	0.5986	0.8680	-1.0654	-0.1973	-0.2595	0.5843	-0.2414	-0.9082	0.7567	1.2939	-1.2891	-1.3540	-1.6228
-0.1049	-0.7032	0.1725	-0.2177	0.3997	2.0390	-0.1831	-0.2604	-1.0963	0.8211	-2.0070	2.0707	0.8304	0.8614	0.3355	-0.3580	-0.1438	1.0587	-1.4046	0.6254	0.3893	0.6372	-0.5159	1.3129	-0.0521	1.1337	-0.9403	-1.5114	-0.8582	0.0275	0.4328	-0.1036	-1.0487	-1.3377	-2.2112	-1.4885	1.2405	-0.1608	-0.7681	-0.7107	1.0209	-0.1582	0.8641	-0.6704	-0.0204	1.0894	0.4338	-0.2863	0.6423	-0.1372
0.6378	-1.2641	-0.8323	-0.1619	-0.3582	0.4856	-0.8778	0.0791	-0.2669	-0.2104	0.4572	0.1154	-0.5370	0.5654	-1.8155	-0.3544	-0.1092	-0.3803	2.0513	-0.2367	-1.0960	-2.4991	-0.7658	1.5557	-1.8902	-0.7080	1.0224	1.1283	0.7362	0.7011	-1.1359	1.0149	-0.4343	1.1072	-0.1399	-0.9819	-1.1046	0.8236	-0.5629	1.1916	1.3532	0.9761	0.4979	-0.8005	1.2890	0.9495	1.7200	0.6859	1.5069	0.7600
0.6064	-0.9228	-1.0845	-0.3336	0.0459	1.9699	0.1271	-1.3745	1.7023	-0.1168	0.2182	0.0883	1.7303	-0.2986	-0.5518	-1.2689	0.8998	0.8962	1.3093	1.2809	0.7046	1.5887	0.5500	-1.8144	-0.5355	-1.2385	-1.6315	0.0145	-0.9892	1.0306	0.7264	-1.0482	0.7904	1.3168	0.0641	0.8649	-1.3282	-0.3962	0.1573	0.8892	-0.8995	-0.3690	0.2122	1.4848	0.1020	-1.5568	-0.5350	0.8417	0.7186	0.5703
1.2060	-0.5305	1.7740	1.0458	-0.2467	1.5768	1.3258	-0.0650	-0.4357	1.2744	1.0713	-2.2541	0.4918	0.2504	0.0385	0.2689	1.3384	1.8964	-0.7303	-0.4741	-0.0647	-0.6569	0.9299	0.1253	0.4414	1.7948	0.6168	-0.2136	1.5199	-1.7698	0.0901	1.1476	2.0023	-1.2254	-0.9657	1.6911	0.7267	-1.2451	-0.6904	-0.0644	-0.6444	-0.9000	0.1043	-1.1682	0.3387	0.1208	1.1362	-1.3323	-0.8857	0.3809
-0.3029	0.1856	-0.6563	-1.4150	1.1383	1.6291	-0.7293	0.6154	0.0931	-1.5032	0.2743	-0.7855	0.3154	-1.2333	0.6729	1.9129	-0.1669	-0.0459	0.8785	-0.4015	-0.1914	-0.2945	0.4717	-1.2783	0.0272	0.6358	-0.9379	2.2576	0.4369	-1.5421	1.3098	1.8084	-0.0947	-1.4786	0.0307	1.2099	1.6640	-0.5789	0.5073	0.8753	0.7457	-0.7526	-1.4988	0.1493	-0.1988	3.1051	0.9293	-0.1789	-0.3125	1.3759
0.5759	-1.6763	-0.3521	0.7819	-0.2925	-0.6949	0.2093	-0.7623	0.9024	1.7250	1.1228	0.1443	-0.1524	0.3983	-0.1499	0.0567	-2.1491	0.8876	-0.0480	-0.4021	-1.3490	-0.7325	0.1079	-1.0793	0.3167	-0.8814	1.7173	0.2664	0.5618	0.2891	-0.0326	-1.7007	1.1723	0.5415	0.9656	-0.8368	-0.7756	-0.5638	-0.5753	0.8123	-0.5963	0.4314	0.2258	0.2727	-0.1204	0.6944	1.5662	-1.3532	2.6533	0.9205
-0.3075	-0.2433	0.8848	-0.3792	-0.1728	-0.1666	-0.1268	0.6980	-0.5465	0.1984	1.1080	1.5125	0.1559	0.6960	-1.5088	-0.7541	1.1617	0.2787	0.1997	-0.0298	1.1118	0.4767	1.4800	-1.3075	0.2294	0.0887	0.9179	0.7235	1.4187	3.2519	0.6790	0.7227	-2.3030	-0.3035	1.7274	-0.0719	-0.5121	0.2213	-0.0124	1.3868	1.3483	0.9110	-1.6167	0.9278	0.0274	0.2096	0.4501	-1.6927	-0.6628	0.3476
0.3860	0.3644	-1.3899	1.7095	0.2473	0.9823	1.1362	-1.8383	-0.8034	-0.2441	-0.4207	-0.0824	0.6307	-0.5633	0.6268	0.7819	1.7930	1.8203	-0.6853	0.5683	-0.9394	0.1436	-0.5435	-1.0838	-0.3719	-0.2227	-2.6787	1.2360	-0.4033	-1.8573	-0.5877	1.9722	0.4987	1.0780	1.0312	0.9111	1.7072	-2.5234	1.3480	1.1416	-0.7620	-1.6351	1.4669	-1.7242	-0.9269	0.1310	-0.3255	2.3397	0.0008	-0.2219
0.6706	1.7170	0.5350	-1.3660	0.1884	0.6312	-0.1961	0.2870	-1.2745	-0.6163	0.8212	-0.5779	-1.0295	-0.0022	-1.1041	-0.2401	0.4273	-0.2556	-1.1562	0.7785	1.7066	0.2127	-1.6963	-0.7131	0.6874	-0.1863	0.3497	-0.6086	0.8908	0.0349	-0.3648	2.2485	0.6071	0.4073	0.1711	-1.8243	-0.1187	-2.2442	1.8399	0.5286	0.6968	0.0330	1.2585	-0.0273	3.8249	0.5107	1.7172	0.6732	-1.7048	-0.5552
1.0289	0.1091	0.2170	0.0646	0.0856	0.4464	-0.7552	-0.6235	-0.6794	-1.7100	1.9019	-0.1823	0.8826	0.6698	-0.3309	-1.8694	1.6724	-0.1103	0.4955	0.6008	-0.3193	0.8411	-0.6134	0.4763	1.5262	-1.9423	-0.0991	1.0845	0.3856	0.3449	0.1934	1.0679	-1.8016	-1.0106	0.5197	0.3462	0.3387	0.1809	0.5644	-0.6195	-1.3046	0.6872	0.7392	0.6998	-0.8737	0.2207	-0.4005	0.2039	0.6874	0.5513
1.4321	-1.4857	0.8732	-0.1334	0.3013	1.5536	0.4756	-0.9479	0.7368	-0.9867	1.1701	1.5791	-0.2816	0.2637	-1.2504	0.4416	-0.3823	-0.3247	0.4340	0.5953	-0.5043	-0.7048	0.8342	0.7769	-1.0006	-0.1322	2.1522	0.3169	0.7134	0.4057	-0.0629	-0.6007	-0.2512	1.4818	0.7152	-0.2516	-0.2554	0.5232	-0.3964	0.5341	-0.3532	0.4489	-0.0493	-1.1022	1.3109	-0.3368	0.3008	-0.9060	1.7418	1.3540
0.5824	0.2549	0.6143	0.2631	0.3692	-1.9526	-1.1050	0.7920	-0.2973	-0.7307	-0.4916	-0.5920	0.3237	1.1159	-0.1887	0.0546	-0.7174	0.5941	-1.1052	0.7666	-1.4495	1.2845	0.4138	-0.5183	-0.6292	-1.0732	-0.0255	0.9851	-0.3703	-0.0711	-0.0794	-2.1041	0.2400	1.2849	0.5493	-0.8121	1.8085	0.3511	-0.4652	0.8133	0.0701	1.0512	-0.5785	-1.8655	1.5662	0.4992	-1.4413	0.2414	0.2180	0.2855
-1.0173	0.0647	-0.4142	-0.6636	1.4583	1.0555	-0.3772	0.2795	-0.5180	1.2722	0.7846	1.0667	-0.8647	0.9143	1.2734	1.5005	-0.3874	0.6862	-1.2275	-0.0600	0.3471	-1.6930	0.4284	-1.3869	0.6847	-1.1552	2.3994	0.0877	0.1832	-0.5486	-0.0721	-0.7951	0.0045	0.1516	-0.3433	0.3065	-0.5129	0.2482	1.2604	-0.8886	-0.2914	0.3054	1.2211	-1.7712	-1.2606	1.2150	0.7375	-1.5020	1.5270	0.1130
-0.0636	-0.3507	0.9535	0.1589	2.6660	-0.1705	1.2777	-1.7714	0.0726	1.5983	0.5550	2.2945	-1.1620	0.8452	0.3680	0.4481	1.5329	-0.3930	-0.5325	-0.2325	-0.6352	-0.1182	-1.5185	0.0700	-0.7748	-0.0660	0.2337	0.2898	0.4371	-2.2699	-0.3978	0.3537	-0.3301	-1.9256	1.3188	-0.8107	-0.9659	0.7379	-0.2320	1.3810	1.1538	0.5302	1.0853	-0.6381	1.5235	0.4794	2.5044	1.0570	-1.0335	-1.9807
0.6094	0.1649	0.1788	-1.8691	-1.5963	1.8306	-1.5873	-0.7201	1.1955	-0.4717	0.1187	0.5748	0.8451	-0.3197	1.2952	-0.0965	0.2842	0.1018	1.7380	-0.5870	-0.0607	-0.1925	0.6986	-0.4709	-0.9399	1.2342	0.6506	-0.7688	-0.0097	0.3359	-0.7984	0.1415	-1.8683	-0.4771	0.9235	-0.8317	-1.1500	0.7332	-0.8500	1.8913	0.3346	-0.9652	-1.4661	0.9341	0.4683	0.8575	-1.8658	0.6762	-0.7578	0.1010


