
X1	X2	X3	X4	X5	X6	X7	X8	X9	X10	X11	X12	X13	X14	X15	X16	X17	X18	X19	X20	X21	X22	X23	X24	X25	X26	X27	X28	X29	X30	X31	X32	X33	X34	X35	X36	X37	X38	X39	X40	X41	X42	X43	X44	X45	X46	X47	X48	X49	X50
-0.8080	0.5878	0.9332	0.9252	-1.0916	1.1669	-0.0863	-0.0551	-0.4048	-0.2260	-0.1883	-1.4651	2.1901	0.6755	0.7811	1.5948	0.3842	0.6610	0.1605	1.4113	1.6831	0.0609	1.4653	0.7548	-0.8580	-0.4307	0.1656	0.3155	1.2373	1.6411	-0.3202	-0.3979	-0.8615	-1.4494	1.0069	-0.7098	-1.7444	-0.1660	-0.3815	0.1741	-1.9467	1.7024	0.4592	-0.5458	1.9272	0.6671	0.3539	1.0988	0.2338	0.5182
-0.3450	-0.0994	1.1873	-0.4389	1.7478	-1.0157	-2.6383	-0.6218	-0.9523	0.0995	0.5808	-1.2830	0.6388	0.8261	1.6762	-0.6782	1.7298	-0.1845	-0.4958	1.7631	0.0379	-1.7597	1.2324	-1.0685	1.0821	1.0707	0.2159	2.0731	-0.6669	1.1130	-1.4705	0.3117	-0.1910	0.7989	-1.4724	0.6329	-0.6768	-0.2222	1.4098	-0.4270	-0.9404	0.5003	-0.0287	-1.3065	0.3131	1.5164	-0.7705	1.6717	-0.1278	-1.0297
2.3709	-0.5983	1.1415	1.8580	-0.8529	-1.0985	0.7390	0.1116	-0.5115	1.0467	-0.7354	0.9113	-1.0429	0.6989	1.8115	0.2828	-1.5483	0.4070	0.0838	1.4665	-0.8757	-0.0265	-0.5396	-0.9392	0.5405	0.8564	0.8516	0.0962	0.7631	-0.0275	0.4160	-0.9480	-0.4755	-0.0844	1.0956	0.8709	-0.6137	-1.0171	0.8711	1.6708	1.4130	0.0486	1.7779	1.2590	-0.7726	0.3389	0.4551	-1.4952	0.4732	-0.4578
-1.2754	-0.5276	-0.0226	0.9847	-1.2383	1.0554	-0.0038	0.2690	0.3996	-0.8172	-0.7352	1.3072	1.4402	0.6867	1.1783	1.4126	1.6331	-0.3317	-0.9155	0.8845	-0.6244	-0.0739	0.1843	0.4140	-0.5239	-0.8458	1.3429	0.0453	0.9304	-0.2896	0.4396	0.1954	-0.7936	0.2231	-0.6589	-1.5164	0.1281	-0.1660	-0.1260	0.0668	-0.3693	-1.2040	0.0108	-1.9334	-0.5053	0.8417	0.3963	0.4088	0.8118	0.1384
-0.5056	0.7744	0.5979	0.9479	-0.0905	0.8116	0.4566	0.8302	0.3992	0.2015	-0.3579	0.2922	1.6000	0.8325	0.0155	2.0537	1.0852	-1.4384	-0.7890	-1.5136	-1.0658	-1.3914	0.8819	-1.4036	0.7676	0.1694	-0.3574	1.2421	0.6559	0.3043	-1.1848	-0.6418	-0.6368	-1.2643	-0.0902	1.8734	1.7441	1.3647	-0.0006	0.1882	1.1509	0.0985	-1.1837	1.0511	0.7830	-0.7705	0.3151	0.2272	-2.2369	0.1664
0.3240	-0.6645	-2.3363	0.9249	0.1658	-1.7638	-1.0973	-0.2164	0.5538	-0.0070	-1.1491	-0.9706	-0.9221	0.0159	-0.5099	0.7268	0.9768	-1.0068	-0.0598	-0.9954	1.0192	1.4052	0.7727	0.6579	0.2077	0.0763	0.5601	1.1941	0.4664	-0.2229	0.9573	1.2606	-1.0163	0.4598	-0.0629	2.6772	1.1156	-0.3775	1.1416	0.0684	-0.8785	1.2504	-0.5759	0.1023	0.9321	2.2615	1.8165	-0.4090	0.7850	-1.0478
-0.2557	-0.3173	-0.5844	-0.0313	0.4289	0.9898	0.5663	0.3404	2.1522	-0.3307	-0.4392	0.3412	-0.9547	-0.4217	-0.1349	-1.7086	0.5553	1.5259	-0.2812	0.1226	-0.6164	-0.6936	-1.7898	-1.1094	1.0828	-0.1556	0.1885	1.7458	0.6750	1.2346	1.7404	0.3048	-0.8372	1.0266	0.1966	0.3397	-0.5204	1.8966	0.6944	-1.6055	-0.0786	0.3305	1.1421	-1.0734	0.2163	0.2148	-0.6120	0.7678	0.7604	0.2490
-0.6244	-0.4286	1.0235	-1.6598	0.2082	0.7049	-1.7882	0.6301	0.3946	0.2675	-0.0549	0.0254	0.0705	-1.1506	0.3970	-0.4202	1.6195	-1.6039	-0.5991	-0.2961	0.6679	-2.1872	-0.8435	-0.4661	-0.7159	2.2909	0.7945	0.3655	1.7509	-0.2562	0.6258	-0.8343	1.4786	-0.9917	0.8739	1.4947	0.0869	0.5468	-0.5503	0.1988	0.1097	-1.2062	-2.3033	-0.5777	0.7923	1.3267	-0.0150	-0.5039	-0.7053	-0.8771
0.6532	-0.0318	-1.0775	-0.2236	-0.4082	0.6868	-1.7894	0.2626	0.2752	0.3195	-0.9708	-1.5163	-0.0480	0.7075	-1.1153	1.9419	1.9569	-1.2797	-0.7964	0.9240	1.2783	-1.1744	1.6422	0.0294	0.6226	1.2063	1.1690	-0.8029	-0.1191	0.2042	-0.7649	1.4575	1.6042	-1.3993	1.5408	-0.9494	-1.1231	0.6886	0.0161	1.5969	-1.8880	-0.3390	-0.3855	-0.0472	1.9589	1.3126	-0.0368	0.1230	-1.3850	-0.3561
0.9668	-1.0388	0.0659	0.5821	-0.4522	-1.2916	-0.0248	0.0710	-0.9480	-1.7855	-1.0855	-1.3607	-1.1538	0.8690	-0.2747	-0.4491	0.9580	-0.2951	-0.1172	0.4805	0.5290	0.2915	-0.4020	-0.2445	-1.0520	-0.6215	-0.3224	-0.1703	0.6160	-0.8416	1.5502	0.3956	-1.0362	-0.2570	-1.0480	1.5335	-1.4246	-0.2141	0.1194	0.7233	0.5309	0.3738	1.4953	0.8089	-1.5110	0.0874	1.1011	1.1496	0.3894	1.0743
1.4619	-0.0884	-1.0430	-0.7255	2.4245	-0.5057	0.2165	-1.1745	-1.1231	0.4723	0.0335	0.6018	-0.1740	-0.7912	-0.3489	-1.2945	-1.3514	0.0732	-1.9232	-0.0543	1.6332	0.0447	-0.9792	1.4604	-0.6675	1.1659	-1.4487	1.7922	-0.6148	-0.5367	0.7188	0.8213	-0.1034	0.2718	0.5459	-1.6351	1.3940	0.5672	-0.4186	-0.1022	-1.8361	-0.1614	-2.6853	0.3103	1.5711	-0.0229	-1.5270	-0.0394	-0.8409	-0.5674
-0.7224	-0.0462	-0.4355	-0.6522	-0.4085	0.2705	0.7721	-1.3433	-0.6272	1.6959	0.7829	1.4674	0.4856	-0.1932	1.5506	-2.0460	0.6155	1.4748	-0.7374	0.4238	-0.6022	-0.4863	-0.0158	-0.1388	-0.4715	0.7805	-1.0159	1.7803	0.4405	0.3022	0.0434	0.9216	-0.1306	1.0721	-0.6182	-0.5422	-0.2662	0.4818	-1.1272	-0.3979	-1.2423	-0.2083	2.1752	0.0508	0.1985	0.4625	0.5388	0.5421	-0.9973	-0.3010
0.4173	0.0464	0.8683	-0.4914	-0.7998	-1.4093	-0.4576	0.9677	0.1472	-0.0697	-0.3197	1.2661	-1.6724	-0.2988	-1.4203	0.3237	0.2463	-1.2385	1.0104	0.0281	-1.0428	-0.1305	-0.4308	0.8510	-0.4487	-1.3636	1.0901	-0.9895	-0.7321	-0.8061	1.1573	0.7635	0.1590	0.0304	0.1475	-0.2557	-0.1119	0.8095	-0.4770	-0.6383	0.5723	2.2370	-2.5469	-0.5875	-0.3641	-0.2976	0.8632	1.6247	-0.5834	-0.2764
0.6793	-0.1447	-0.0239	-0.2627	1.0291	-0.7199	2.3197	-0.0396	0.6702	0.3263	-0.1824	0.3349	0.1512	1.6722	0.1806	-1.5680	0.1112	-0.2101	1.7876	-0.4749	-0.6240	0.0930	0.2308	1.0462	-0.0675	0.0743	-1.0418	-0.4740	0.2390	-0.4585	-0.7145	1.1849	0.4895	0.4250	-0.4973	1.0942	2.0376	0.4970	0.5681	0.0809	-1.0982	-0.5903	0.5081	-0.5520	-0.4105	1.7565	-0.1615	-0.8539	-1.9925	0.4310
-0.6226	-1.4261	0.1481	-1.0857	0.3778	-0.9638	0.6234	-1.3244	-0.1428	-0.2381	-1.6863	-0.7532	0.4733	-0.2086	-0.1421	1.8244	-0.9915	0.5592	0.3307	0.9681	0.8578	-0.2796	-0.2829	2.2235	-0.0714	0.8068	0.5632	-0.8718	0.3713	-1.6871	0.5246	-0.1160	0.7488	-0.1546	0.1436	0.9156	2.1706	0.7033	-1.1335	-0.7120	-0.7983	-0.0399	1.6011	-0.9615	1.4070	-0.5658	0.8762	0.7039	0.5125	-0.4055
-0.9004	0.6648	1.6415	0.3548	0.2759	1.3134	-0.0418	-0.8323	-0.3406	0.0968	-1.6400	-0.3945	0.4682	-0.7421	0.1132	-1.3807	0.7955	1.0184	-0.2867	-0.1441	2.0396	-0.6252	-0.3024	-1.3643	-1.4273	-1.0146	-0.7800	-0.3577	-1.0407	-2.0650	0.9211	0.5863	1.6471	-0.5249	-1.6921	0.2729	0.7962	2.1578	-0.3829	-0.3320	0.3076	-0.0301	1.4998	-0.9822	0.6867	-0.1970	-0.1892	0.2560	1.2102	-0.1805
-1.3145	-1.1405	0.3633	-0.1703	0.0310	0.4627	1.3861	1.7136	0.0165	0.6201	1.0901	-0.3400	-0.0200	-1.5959	0.0252	0.0621	1.3013	-0.6338	0.5685	0.9498	0.6305	0.0063	0.5791	-0.0537	-0.1616	0.5758	1.0847	0.2106	-1.0490	1.3431	-0.5639	-1.1474	-0.3921	0.5110	-0.0319	-0.6701	2.1600	0.9236	-1.4866	-0.7835	1.0545	-1.1588	-0.8624	-1.9210	-1.4095	1.1558	-1.9016	-0.9199	-0.9522	1.5453
0.6679	0.8420	-1.5699	-0.0144	0.6912	-1.7511	1.0473	-0.0333	0.4990	-1.2359	0.0161	0.0045	-0.1393	-1.3038	-0.7193	1.4546	-0.3357	-0.9017	-1.8534	1.9514	-1.7243	1.2537	1.0267	1.0779	-0.3205	-0.7878	1.8703	-0.2592	0.1186	0.7308	0.9503	-2.6336	-0.4622	-0.9210	-0.8549	-0.4187	0.4379	-0.7982	-1.4572	1.3615	-0.4549	-1.2888	-1.8263	1.9704	0.0801	0.7900	0.1996	-1.6900	-0.0748	-0.0994
0.2207	1.1472	0.5939	-1.1494	-0.7372	0.8023	1.6319	-0.5216	-1.2237	-0.0184	0.1757	-0.3125	1.4097	0.9351	-1.9956	-0.2755	-0.5159	1.7953	-0.4911	-1.2163	-0.7256	-0.2018	-0.0536	0.1213	0.2650	0.6350	0.6011	-2.2941	1.0356	0.1184	1.5661	-0.8027	0.2131	-0.1390	0.7871	0.1659	0.1350	-0.0852	1.7524	-1.4314	0.1706	1.6870	-1.0480	1.2142	0.2745	-0.3736	0.7182	-0.4067	-0.9352	-1.2862
0.1239	0.0220	0.8104	0.5586	-1.0661	-0.3694	0.6654	-0.0470	-0.4695	0.2063	0.1678	1.6451	-1.1008	1.3000	0.4115	-0.0208	-0.4227	-0.0700	-1.2431	0.6055	0.6298	0.3837	1.1704	-1.1822	0.6339	2.4146	0.2717	0.0870	2.1771	-0.6068	-1.9194	0.1570	-1.5440	0.4044	1.9289	-2.0502	0.1212	0.8438	-0.1104	-0.5712	-0.1308	0.2409	-1.1303	-1.0161	-0.4608	1.1208	1.2940	-0.9742	0.8982	-1.8869
0.4839	0.2384	0.3355	-0.5921	-0.6117	1.7856	-1.4907	-0.0053	0.7580	-1.0632	-1.9394	-0.6953	0.9665	0.6096	0.1457	-0.3597	1.6948	-1.2498	0.0159	-0.7570	-0.7174	0.8753	2.5018	0.6079	0.8147	1.8244	0.1655	0.7798	0.9739	0.3702	-0.5725	-0.3791	-1.0911	-0.7369	2.1346	-0.6204	-0.4754	-0.1542	-0.6391	0.1529	1.8449	-0.1821	-0.2206	-1.5302	-0.2979	-0.0501	1.4113	-0.8646	0.6864	0.0588
0.2741	-0.5850	0.8881	-1.3438	0.0041	0.2140	0.7839	3.2162	-0.0357	-1.0884	0.4932	-1.6256	-0.9553	-1.7810	1.3032	0.8352	0.6670	-0.0255	1.1399	-1.0763	-1.2197	-0.3877	-2.1718	-0.9757	-0.4712	-0.0356	-2.5311	-0.6870	-0.0296	1.7063	-1.9411	-0.2246	0.5364	0.0034	0.2941	0.0837	0.2439	2.2360	0.1715	0.9290	-0.9156	0.1502	1.4318	-0.5770	0.7469	1.7451	0.8136	0.5752	-1.9520	1.0555
1.2916	-0.8636	0.1411	-0.1948	0.8945	-0.2480	0.9345	-0.0736	2.0808	-0.8913	1.0374	-0.0710	0.2605	0.3484	0.7191	-2.4256	1.4555	0.3908	0.5813	-0.6405	-0.4508	2.3852	-0.0840	0.6322	0.8857	0.3167	1.1030	0.4581	-0.8435	0.3080	0.8112	1.7793	2.0346	-1.1484	-0.0588	0.9248	-0.5274	0.9894	-1.2413	-0.6996	0.7965	-2.1664	0.7382	0.2350	-0.3652	-0.6503	0.0378	0.3334	-1.0892	-0.8164
-0.9272	-0.1943	0.5215	-1.8815	0.3402	-1.7200	-0.3168	0.7856	1.4152	-1.4183	-0.8098	0.1023	-0.5475	-2.7927	0.2712	1.1334	-0.6325	1.3702	1.4356	-1.5445	0.6744	-1.2486	-0.0791	-0.4177	-0.9057	0.4568	-1.9151	-1.7172	0.2422	0.0336	-0.3444	-0.4696	0.4837	-0.2587	-0.3276	-0.0188	-1.6086	-0.4256	0.7567	-0.4559	1.1564	-0.9963	-2.2242	-0.3050	1.1169	1.2006	-0.1122	-0.7508	0.6390	1.5430
-0.6641	-1.0462	0.5464	-1.9102	1.5625	-0.3459	1.9199	1.6970	-0.2269	0.6700	0.0375	-0.1237	0.3911	-1.3823	0.1692	1.2475	0.1674	0.4406	1.1411	1.1629	-1.4188	0.1537	-1.0738	-0.1858	0.4186	0.6085	-0.3080	1.2456	-0.3221	-1.2949	-0.4716	0.0007	-0.3418	2.4356	-0.6199	-0.4296	-0.0412	0.7766	1.8664	1.1386	1.2838	-0.4403	-0.6174	-0.2921	-0.1866	-0.8820	0.9329	0.6822	0.0373	-0.0943
-0.4125	0.4338	0.3279	-1.3687	0.0609	0.0242	1.4988	0.5889	-1.0001	-1.0255	-0.4217	0.4427	1.0186	0.3871	0.1265	-1.1187	-0.6752	0.0574	-0.7052	0.1784	-0.5763	1.8633	0.2782	-0.2174	1.4503	-0.0865	1.7005	0.9525	-0.7211	0.2080	-1.2011	-0.2499	0.5704	-0.7186	-0.2256	-0.5061	0.7594	-1.4753	0.7081	1.7007	0.1193	-0.9211	-0.0606	0.1106	0.9229	-0.2234	-1.4599	-1.2080	1.5117	-0.0305
0.6942	0.1312	1.8922	-0.2810	0.2415	-0.2505	1.4973	-0.0714	1.5273	1.8219	0.7794	0.2521	0.6313	-1.0869	1.3883	0.2728	-1.0309	-0.7992	0.7440	0.7723	0.1830	0.4987	1.2417	0.0476	0.5270	1.8562	-0.1739	0.8307	-1.2006	-0.1265	0.1934	0.0821	-0.7215	-0.9326	0.4593	1.2488	-0.3969	0.2450	0.3902	-3.2970	-0.0856	-0.7690	-1.3465	-1.4037	0.1681	0.6152	-1.3188	0.2013	2.1732	0.4500
-2.1717	-1.1156	-0.7109	-1.6330	-1.0495	1.5215	0.3491	0.5687	0.3746	1.1146	0.6661	0.6716	-0.6033	-0.9316	0.3820	-0.1131	-0.2032	0.5378	-1.0904	-0.1728	-0.7423	-0.8442	-0.2493	0.8367	0.5701	-2.1291	0.2733	1.9574	0.8936	-0.1275	0.3285	-0.7221	-0.0257	0.1657	0.8046	-0.1353	0.0489	0.3918	0.8019	-1.1266	-0.6358	-0.2962	-3.0863	1.5425	0.1064	-0.6408	-0.6005	-0.5564	-1.5224	1.0487
0.1799	-0.4292	0.1451	0.5287	0.1751	0.0630	0.5394	0.2403	0.4948	1.5711	0.1607	1.0969	0.5518	0.6154	1.1947	-0.6848	0.2540	-0.5882	0.8448	1.1283	-0.6068	-0.1188	1.5442	0.0122	1.8423	1.5078	-0.4400	0.2547	0.5663	-2.1063	0.5449	-0.1449	-0.6285	-1.3450	0.8890	-2.0259	0.2748	0.4618	0.7134	0.6508	0.6416	-0.0200	0.7779	-2.0330	-0.2077	0.5572	-1.6081	2.2397	1.1553	-0.3989
-0.0890	-2.6588	-0.0986	0.6757	0.6793	-1.1228	0.4373	0.7148	1.6203	0.4279	-0.5455	0.5810	0.6589	-0.2954	-3.0744	0.7049	-0.8054	-0.3678	0.2195	0.3240	0.4582	-0.8881	-1.4531	-0.1481	-0.0016	-0.6942	0.9930	-1.9102	-0.5529	-0.6368	-0.6305	-0.4455	-1.5641	-0.9060	1.6242	-0.2326	0.0170	1.1116	1.3289	0.1774	0.5676	0.5540	-1.4026	-1.4786	-0.2425	1.2953	1.2085	-0.3265	0.2823	0.9510
0.8908	0.5721	0.3388	-0.6848	-1.1308	-0.4164	-0.4674	1.5813	1.2863	0.4055	0.2215	-0.6755	0.8540	0.7499	-1.2665	0.6855	0.1486	0.0731	1.1279	0.4004	1.2685	0.0488	0.2476	-0.4264	-1.0520	-2.0105	-1.4415	-0.0667	-0.1235	-0.5438	0.6616	-1.4501	0.2276	-1.6994	-1.0189	1.6067	-1.9983	-0.0651	1.6362	-0.0939	2.3898	0.9370	0.9603	0.4353	-0.7072	0.6819	-0.2576	0.0289	-1.1875	1.3689
0.4426	1.0165	0.9658	1.3699	0.1061	1.1378	-1.5534	-1.2965	1.7201	-0.0792	1.2875	1.9111	0.9765	-0.9708	0.5259	-0.6646	1.7065	0.1858	-2.6773	-0.0790	0.2787	0.1662	2.4133	-1.5151	-0.3287	0.1632	0.4604	-0.6341	1.0011	0.4053	-0.5753	-0.0449	0.3329	1.0773	-0.0714	0.0646	0.4359	-0.5099	0.0106	0.3116	-0.0014	0.4378	0.4744	0.0264	-0.9981	0.3004	-1.9516	-0.3720	0.2662	-0.3840
-0.3336	-0.5939	-1.3185	-1.6817	-0.3101	-0.4764	-1.1881	1.3262	-0.8606	-0.6404	-0.9774	-1.3359	-0.4314	-0.6393	0.6578	0.8759	0.1375	-0.2107	-0.9178	-1.8728	-1.2853	0.2619	0.3080	0.9144	0.1658	-0.0414	-0.9805	-2.6710	1.7265	-0.0274	0.0874	2.3689	-0.4605	-0.1216	0.9890	-0.7758	0.0764	0.8628	-0.2170	0.8057	-0.7803	-0.8032	0.3092	0.8365	-1.7290	-0.5589	-0.4430	-1.4811	0.3952	0.7661
-1.0804	-1.1456	0.3548	-0.7185	-0.1514	0.3332	0.6645	0.7330	1.1826	0.5382	1.1900	0.1719	0.4062	0.7402	0.5093	0.3755	-0.7229	0.1552	0.0800	1.9840	-2.0173	1.3073	-0.1989	-2.1387	2.0302	0.1047	0.7367	0.5410	0.9796	0.6047	2.5369	0.4407	1.0031	0.5527	0.8534	0.5917	-1.9356	1.4821	0.2438	-0.7808	-0.8239	-0.5283	0.8748	-0.5694	-1.7791	1.1319	-0.2602	-0.6686	0.1845	-0.9068
-0.7547	-0.7848	0.4558	-0.8486	0.3334	1.3085	1.2605	-0.1075	2.7469	-1.9032	0.1231	0.2683	0.5712	0.4914	0.8742	0.0660	-1.6835	-0.0029	-0.3816	2.0114	2.0054	0.4330	-1.1646	0.2608	-0.0824	0.6537	0.4675	0.7439	-0.9943	-0.0793	1.1686	1.0989	-0.2070	1.5420	-1.5532	-0.2978	1.9290	0.2443	0.6253	1.1628	0.3189	0.7012	-0.0562	0.7698	2.6933	-0.1768	0.4600	-0.9051	1.0927	1.0975
0.6869	-1.8492	-1.5606	0.7487	-0.7787	-1.7515	-1.7176	-0.9092	1.2513	-0.0699	-1.2287	-0.4446	-1.2026	-1.7764	0.8172	0.0142	0.5280	-0.3549	0.6428	-1.4803	-1.4758	1.1009	-0.3247	-0.7699	-1.0038	-0.0321	-0.6304	0.4228	-0.0859	-0.6840	-1.0960	-0.8412	-0.6231	-0.4841	-0.5814	-0.1628	-0.8947	-0.2884	-1.7625	1.3180	-0.1037	-1.6171	-0.0502	1.5782	-0.0883	0.8097	-1.3131	2.8075	-0.9608	0.6658
-0.8196	1.2362	0.7252	0.4274	1.1760	0.2927	-0.9291	-0.4532	-0.7787	-0.3623	0.7549	-0.7435	0.3626	0.0529	1.2146	1.7832	-1.0616	0.1956	0.0202	1.1650	1.4151	0.8343	1.4096	-0.3366	-0.5477	-0.1949	1.8613	1.2906	-0.0586	0.6009	1.0579	-0.9151	-1.1775	0.9191	-0.4338	1.1888	-0.9419	-1.6041	-0.1519	0.0042	2.0711	-0.8275	-0.0594	2.6503	0.5152	0.6672	-2.2206	0.1577	-0.5710	-0.6359
-1.2082	-1.4760	0.0433	1.6032	-0.9216	0.3245	-0.3955	-0.7791	-0.0571	0.3997	1.3079	-0.6367	-1.1087	1.3110	1.0967	-1.3606	-0.9692	0.1155	2.1583	0.7497	-0.3682	-1.9633	-1.4608	-1.1160	0.3795	0.2718	-0.6896	-0.6753	-1.3729	1.0956	1.5056	-1.0298	-0.3091	2.5752	0.2325	-0.1559	-0.8376	-0.3641	-0.2758	-0.6918	0.3967	0.9429	1.7990	0.0984	-1.3931	0.0139	1.3999	2.5672	-0.5582	-1.3299
0.8358	-0.0725	-0.7478	0.3164	0.7664	0.3214	0.0106	1.2439	-1.1933	-0.0552	-0.5158	0.5535	-0.6928	0.3214	-0.3368	-1.6140	-0.5596	-0.5273	-0.0991	0.0760	0.1288	2.8048	2.3344	-0.8120	0.3130	0.0830	-2.0575	0.3689	-0.0283	-0.9578	-1.7795	0.8196	0.6461	-1.0276	-1.2228	1.3988	-0.9384	0.4798	0.4066	-0.0922	0.0052	0.2795	-0.5652	-1.5161	-0.6587	-0.1527	0.1291	0.8595	-0.4121	-0.3693
-1.1646	-0.0088	0.8950	-1.2331	-0.3951	0.2148	0.4579	0.9632	-0.4536	0.1247	1.5122	-0.9142	0.1348	1.8631	-0.3678	-1.4978	-0.1407	-0.0125	-0.2606	0.3182	0.2066	-0.1853	-0.0252	0.4362	0.2111	0.5755	0.8179	0.6651	-0.4451	0.8441	2.7275	-0.1314	0.0552	-0.2879	2.0359	1.0301	2.9058	-0.9132	-1.2033	-0.1873	0.6169	0.3847	-0.0383	-0.7967	-0.1291	0.1956	1.4782	-0.6784	0.6967	-0.6365
-1.2066	0.2868	1.2205	1.1715	-0.0226	0.4895	0.0000	0.1604	-0.4945	1.0954	0.7772	0.2117	1.7957	-1.2736	-1.2626	0.5012	1.3334	-0.9844	-0.4215	-1.2902	-0.4407	-0.0108	-0.1657	0.9049	1.1443	-1.8648	1.4461	0.5843	0.5669	1.1870	2.5286	0.2081	-1.5391	-0.2855	0.6004	0.6917	0.8732	-0.2106	0.8784	0.5677	-1.1711	0.2477	-0.2696	-0.9535	-1.3792	-0.5441	-1.9736	2.4742	-0.8397	-0.1923
-0.8603	0.2688	-1.0575	0.7549	0.8581	1.1369	-0.8991	1.3529	1.1629	-0.2032	-0.3162	-0.6057	-0.8195	1.6860	0.1183	0.0974	0.4032	0.1126	-1.4073	-1.3705	0.1228	0.3408	1.2816	-0.2344	1.6726	-0.5829	-0.4066	-0.3233	0.9411	0.6174	0.8609	-1.7523	0.8712	0.9460	-0.7353	2.0707	-0.7984	0.7497	0.1478	-0.5322	0.4532	1.5867	-1.0220	-0.7209	-0.3666	-0.4571	0.2161	-0.6583	1.7598	0.0334
-0.4529	-0.3231	-0.0375	-1.0485	0.5815	-0.4746	1.4366	-0.2332	-1.8157	-0.6717	0.5636	-1.0417	0.4850	0.8096	0.2379	-0.1337	1.6273	0.0821	-1.1886	-1.8814	-0.0988	-0.0198	-0.8379	0.1899	-0.1047	0.4098	0.3329	0.0396	0.3915	1.7832	-0.2001	-0.9478	0.2688	-1.4865	-0.0629	1.1926	0.1430	1.8193	0.9696	-0.0215	0.1981	-0.0842	0.6487	-1.7233	-1.0802	1.3997	0.7877	1.1861	0.6497	0.9406
0.4297	-0.0790	0.0242	-2.9086	-0.3177	-1.1660	-0.6245	-0.4319	-0.3418	1.2579	-0.1162	-0.0698	0.4654	1.4894	0.8844	0.1206	-0.4416	0.6139	-0.5632	-1.0935	-0.3497	-0.2309	1.2776	-0.0257	1.5240	0.9346	0.5784	0.3656	-1.5197	-1.2682	0.8822	1.2109	0.9501	0.1421	0.0198	-0.8303	1.0715	-0.3036	1.7961	0.2573	-0.3826	3.9986	-0.4325	1.2305	-0.3736	-0.8503	0.4596	-1.5818	1.2192	1.1570
-1.7258	-0.8504	-0.0540	-1.7872	0.7600	-0.5614	0.0606	0.5989	1.4172	0.3200	0.3853	-0.7809	-1.0477	0.8088	-0.1439	0.6705	-0.8397	-0.2833	-2.1432	1.2548	0.3095	0.3588	-0.5184	-0.7093	-1.0413	1.7771	-1.7834	1.8600	0.2299	0.1940	-0.1327	1.3148	0.8920	0.0550	-0.9214	1.6987	0.4492	-0.5173	0.8030	-0.4193	-0.2585	-1.3471	-0.3012	-0.6048	0.2438	-1.6200	-1.2368	-0.1517	-1.2123	1.1316
-0.4899	-0.7718	0.9009	-1.4290	-0.8989	1.4304	1.5783	0.2139	1.2244	0.0872	1.0093	0.1714	-1.6468	-0.5406	-2.5114	-1.1893	2.5301	-1.9283	-0.1420	0.0088	0.8126	-1.1605	1.1041	0.7089	1.1474	-1.0071	0.8171	0.3145	0.2563	0.4651	-0.9174	-0.6815	-1.3867	-0.7374	-0.9975	-2.1962	0.7454	0.7623	0.8485	-0.7198	-0.0297	0.0523	-0.5770	0.1708	0.7766	-0.4564	-0.3384	0.3896	0.8260	0.4861
0.5143	1.1612	-1.7877	-0.1220	1.0514	0.9054	1.0706	-0.3186	-1.5061	0.0575	0.0779	1.9236	0.1814	2.0628	1.1374	-2.7638	-1.2921	-0.2225	0.9937	-1.5372	1.8637	-1.5592	2.0788	1.2740	1.4957	0.0694	0.0461	-0.8450	-0.0171	-1.1091	0.1478	0.5642	0.2248	0.0417	0.0772	1.0391	-1.1715	-0.2621	0.5421	-0.8097	-0.6077	-0.8330	-0.1677	0.2530	-0.6221	-0.3802	2.6144	0.2564	-0.3847	0.6082
-0.1028	0.4047	0.9621	0.2041	-0.1053	1.0117	0.9423	0.8717	0.1727	-2.1001	0.1079	1.6437	-0.8581	-0.8188	1.4140	0.0411	0.3003	1.5040	-1.1262	0.6343	0.9287	-0.5583	-0.5294	-0.4447	1.4177	-0.0975	-0.4865	-1.2088	1.0368	-0.2252	-1.1906	0.0138	0.4513	-0.4376	1.1886	-0.8518	-1.4105	0.9438	-1.1555	-1.0867	-0.6799	0.6912	-2.2445	-0.8378	-0.3832	-0.7559	2.0845	1.1867	0.0710	0.5861
-0.5054	1.3241	0.0186	-0.7200	-0.3708	-0.3736	-2.1854	-1.1764	-0.4527	0.7863	0.0327	-1.3457	0.2359	-1.0338	0.2873	1.1561	-0.3078	-0.5920	-2.4981	0.0157	-0.1614	-0.8447	1.5986	-0.1253	-1.0936	-0.8537	1.4306	-0.5322	-0.3655	-1.0868	-1.3089	0.4967	-1.0951	-1.2617	3.2261	-0.2823	0.2151	1.9158	0.3433	-0.8092	1.3062	1.0717	-0.9754	-0.6555	-0.5333	1.4436	-0.5540	0.1720	1.5151	-0.0974
0.7197	-0.2827	-1.3394	-0.0948	-0.9249	-0.5871	-0.5221	-1.7025	0.0816	-0.0250	0.4258	0.0350	1.1454	0.3866	-0.1158	-0.6970	0.6122	0.3235	1.3699	-2.8092	1.1971	0.3769	-1.8533	-0.2509	-0.2399	-0.6005	-2.3496	-1.3944	-1.7830	0.5680	1.2212	-0.2365	1.6150	-0.8960	1.7175	-1.0647	0.8179	0.0252	-2.3216	0.6066	-0.4548	-0.5193	0.5999	0.2207	-0.8712	1.0664	2.6248	-0.1788	0.5798	-0.0338
0.2887	-0.7012	0.0194	1.2572	-0.9372	0.7139	0.9497	-0.3834	-2.1023	0.1125	0.2742	-0.5242	-1.1187	0.1721	2.4459	0.4486	0.5215	0.2592	-0.1553	0.4699	-0.0001	-0.8435	-0.3046	0.9534	0.1781	0.4406	-0.9927	0.1209	-0.4688	0.0350	1.8642	0.4929	0.7316	0.6719	-0.1403	0.1058	0.5176	-0.6275	0.6784	-0.6436	-0.0895	2.1270	-0.1846	0.6363	-0.1198	1.2750	1.6946	1.1781	0.3740	-0.0306
0.3960	0.7495	0.2541	-1.8645	-0.3615	-0.2850	0.1724	-0.0412	0.5446	0.6807	0.2776	0.8603	1.1132	-0.0387	-0.7070	0.7186	0.6874	0.3794	0.3968	0.2596	-1.3331	1.3455	0.9708	-1.6561	1.3297	-0.1680	0.9713	-0.1399	0.4229	-0.0595	-0.5783	1.2963	0.3264	-1.0454	-0.8207	1.1106	-0.1787	-1.4893	0.3391	0.7497	-0.9538	-0.7042	-2.0324	-0.4823	0.2366	0.3218	-0.0609	-1.5649	0.1855	-1.2727
0.1166	-0.9641	-0.8893	-0.9854	0.6937	0.7636	-1.7934	0.4664	0.3741	-0.2133	0.3262	-0.3690	0.0067	-1.3608	0.6161	-0.4898	-0.5467	0.7848	1.5868	-1.4373	1.8956	-0.0273	0.9965	-0.3332	0.4377	0.3899	1.7883	0.6550	-0.1896	0.7078	-0.1132	-0.6394	1.2310	-0.4010	-0.0253	-0.5656	0.3019	-0.1730	0.7071	-0.8112	1.0381	-0.9042	0.8083	0.4342	0.3530	-0.0570	0.1522	-0.3415	-0.4327	1.1925
0.0426	-2.5914	0.0993	0.2880	-1.4939	0.4075	0.7704	-0.0434	0.5285	1.7923	-0.4421	-1.4890	0.9883	-0.0441	0.0233	-0.9708	0.3282	0.8542	0.7446	-1.4278	2.2901	-1.6757	2.2451	0.0258	-0.1156	1.0542	-0.8442	-0.1664	-0.1335	-0.6611	0.8397	0.7995	-0.2479	0.9632	0.4250	0.5561	-1.2424	0.3419	-0.2475	0.1574	-0.5900	-0.1975	-0.0190	2.9361	-0.5749	0.7313	0.4362	-1.5285	0.2156	-2.7855
0.4978	-1.8459	1.7253	0.3134	1.7293	-0.6443	-0.5498	0.3960	0.6847	-1.2457	-0.3965	-1.3738	-0.3127	-1.3280	-0.4830	-0.7555	-0.3807	0.0454	-0.4455	1.4088	1.4640	1.4160	-0.0738	-0.6908	-0.6111	-1.5414	0.9481	0.0405	-0.8423	-0.0990	-0.1711	-0.3091	0.2138	-0.3517	-0.4796	-0.3647	0.5823	0.2297	0.7646	0.1501	1.1676	1.4727	-0.0923	0.9052	0.3846	-0.1643	-1.1524	0.1539	-0.5090	0.2066
-0.4066	-1.9045	-0.0318	-0.1050	0.4753	0.2499	-1.1346	0.8482	1.4380	2.4201	-0.9825	-0.7551	1.1749	-0.6242	0.1667	-0.4416	1.3406	-0.9566	-1.2445	-0.4229	0.4322	0.6301	1.2333	1.2597	-1.0283	1.2973	-1.5740	1.4483	1.2097	-0.9411	-2.8314	0.3917	-0.0110	1.0189	-1.5662	0.6769	0.8178	-1.2694	-0.1443	0.2092	0.4743	0.7006	-0.8385	0.0420	0.4710	-0.9000	-0.8824	0.7734	0.5269	-0.5115
0.4332	1.5976	-1.2920	0.9678	1.7392	0.9368	-0.7150	-0.6278	2.1730	-1.1817	1.1417	0.3665	0.0829	-3.7310	-2.0903	0.8598	0.8426	-1.9065	0.1572	0.0403	0.9612	0.2232	-2.3281	-1.4713	1.0909	0.5232	0.9573	-0.6443	0.8364	0.1182	-2.0473	-1.7206	0.1844	0.8916	0.4366	0.1417	-0.5637	-0.7948	-0.3252	-0.1519	-0.4256	1.5122	-0.4220	1.7607	-0.9277	0.4772	0.7947	-0.6772	-0.3879	0.1636
-1.0058	1.5340	-1.2103	-1.2334	1.8132	0.9217	0.9223	-1.1093	-1.2622	0.7938	0.6939	-0.1135	0.4980	0.9999	0.8315	-0.8975	0.7737	1.3827	-0.6452	1.3789	-0.5218	-0.4572	-0.3256	-0.4612	-0.6984	-0.9687	0.4068	-0.1067	-0.4138	0.3005	-0.0887	-0.5224	-0.4742	-1.4016	-1.9687	-0.8878	1.4417	-0.3008	-1.4172	-0.2404	0.3077	-1.4126	-1.0403	0.0570	0.6768	-0.3791	-0.7230	0.0216	0.5765	0.2774
-0.1057	-0.8575	-0.2263	-0.9820	-1.1902	-0.2932	-0.5621	-1.2776	-0.8196	1.2162	-0.7679	0.5217	0.5836	-0.3488	1.1011	-0.9356	-0.8077	0.4031	-0.0285	0.1522	1.2313	0.0930	-2.2033	0.3041	-1.9528	2.0790	-0.4982	-0.1307	0.3164	-0.8124	-0.6703	0.2613	-0.3002	1.1033	-0.5370	-0.2738	0.2745	1.6485	-0.8636	-0.4693	0.3418	1.3842	0.1224	-1.1426	-0.2338	-0.8070	0.8261	0.2575	1.3253	0.3963
2.1700	1.1247	-0.1980	0.7938	2.1436	-1.8642	-0.2452	-0.0523	0.8190	0.0640	0.5114	0.5409	1.2251	0.2824	-0.0521	0.0016	0.0966	2.4880	-2.2257	0.2032	-0.6723	0.4441	0.5445	0.6984	-1.1637	-0.3582	1.1716	-0.7896	2.0024	0.3104	-2.3688	-0.3989	1.7413	0.2489	-0.5864	0.5453	-0.0402	1.1656	0.4922	0.6731	0.0298	0.1935	0.9998	-0.6646	-0.6037	1.2051	2.1915	1.6783	-0.8981	-1.0428
-0.1464	-2.2463	-1.6124	-0.4267	2.9947	-0.1009	0.2020	-0.2459	-1.1150	-1.3452	1.8254	0.6191	0.5116	-0.3634	1.6745	-0.6158	1.4694	-0.4954	-1.5837	0.1629	1.2058	-0.7981	-0.1634	0.2481	1.0874	2.3559	-0.5995	-0.8308	0.3326	0.1829	-1.1337	-0.2916	0.8798	1.4056	0.0563	-1.0364	-0.6208	0.5637	-0.3596	-1.9695	1.5282	-0.4458	1.2132	-1.8757	-0.8177	0.1300	0.8354	-0.9014	0.1579	0.4734
-0.7417	-0.0233	0.5564	-0.0492	0.0138	-0.3425	-0.7584	0.5367	0.3967	0.6798	-0.2447	-1.5199	-0.6743	1.2204	-0.7237	0.0427	1.6912	1.4079	0.0601	-0.0409	1.0105	-0.1605	1.6160	-1.9283	-0.1465	-2.4917	1.8399	0.4857	2.4064	0.5619	-1.0809	-1.1501	0.0591	0.4034	0.3246	0.5293	-1.2813	0.4163	0.2678	-0.2396	-1.0037	-0.9404	-1.2045	-0.9718	0.0800	1.7482	-0.3487	-1.3500	1.0978	0.2948
1.0266	0.2196	-2.1078	-0.3562	0.4353	0.2224	-1.5422	-0.8417	0.6607	-1.8934	1.8348	-0.4825	0.3981	-0.0394	0.2258	0.1783	-0.2542	1.1418	0.5428	-0.4409	-0.3451	-0.6723	-0.6283	1.2772	0.0357	0.9315	-1.2752	-0.2063	-0.3976	-1.2404	-1.0569	1.1184	-1.3454	-0.1633	1.1841	2.0596	-0.1887	0.2834	-0.0806	-0.2814	-1.3322	-0.8763	-0.9682	-1.4731	0.2026	0.7225	0.1002	-1.2005	-0.4539	-0.6155
-0.3345	-0.9427	1.5275	1.5461	0.5938	-1.1804	0.2786	0.7543	-0.3187	-0.9589	0.9509	-0.1776	-0.9932	0.1266	-0.3764	0.9597	0.9326	-1.5805	1.5128	0.2921	-1.6562	0.4258	0.2469	0.3616	1.7754	-0.4843	1.2535	1.3027	1.7284	-0.9790	0.1344	-1.6042	0.7651	2.4873	0.4842	0.0222	-0.2778	-0.0481	0.2170	-0.5150	-1.7939	-0.2156	-0.3731	0.1628	0.4149	-0.2095	0.3617	0.7100	-0.0026	0.3477
-2.2771	-1.5583	0.5057	0.9149	0.6480	1.0083	-1.9003	0.7285	1.5918	-0.2787	0.7900	0.1175	-1.3336	-0.0519	0.3551	1.1571	0.4273	-0.1359	1.3383	-2.0830	-0.3325	-1.4748	0.0847	1.1892	-0.1029	0.0248	-1.8929	-1.0630	-0.4611	-1.2912	-0.6792	-0.0959	-0.8578	0.1598	-0.4419	-0.4564	-0.9769	-0.3813	0.7138	-0.8868	-1.6961	1.2320	-1.8810	-0.2540	1.0196	0.5675	0.4616	1.8130	-1.0245	-0.3231
-0.3779	-0.5769	-0.4167	-0.3751	-0.0709	-0.8646	-0.5513	-2.4543	-0.2591	-0.3245	-0.9978	0.1575	0.1781	-1.0173	1.8796	-0.8489	-0.1919	0.8980	0.0112	-1.8278	-0.3020	2.2093	0.1403	0.2809	0.7483	0.2128	-0.7931	0.7028	0.1702	-0.5037	-1.1172	0.1576	0.5539	-0.8509	-0.5609	0.2291	0.2331	0.4042	-1.7797	-0.4695	1.1060	0.3603	1.3196	-0.3969	-0.1645	-1.1090	0.9702	-0.3444	0.2063	0.5452
-0.1576	-1.6744	0.2099	1.2618	-0.8952	0.2010	-1.2229	-0.6166	-1.2904	1.5116	-0.9651	0.9000	-0.9641	2.0734	-0.2139	1.8018	1.1869	0.6205	-1.2685	-0.5193	0.4449	0.2989	-0.9632	0.0974	-0.1922	-0.6138	1.1404	1.5132	0.9372	-1.2132	1.4640	0.9410	-0.8543	1.1947	0.5846	-0.3671	-1.5639	-0.3347	1.0165	-2.7716	-0.0674	-0.0760	1.9320	0.3619	0.5515	1.1877	0.6524	-1.1364	-0.4720	-1.6337
-0.8201	1.0559	0.8774	0.4583	1.4182	1.2957	1.0602	0.4396	0.3328	-0.0560	-0.0508	0.1630	-0.6566	-0.6198	-0.4942	-0.0475	-0.8605	0.6543	0.2338	-0.7628	0.2592	1.3068	-1.3922	-0.6167	0.0840	-0.5814	-0.5284	-0.6308	-0.5047	0.8813	0.9223	-1.5234	-0.3942	1.9136	1.8345	0.1425	0.2261	-0.3790	-0.3481	-0.2147	-0.3645	-0.9626	-0.6895	0.5253	0.7313	-0.6831	-2.3192	0.4177	-0.2716	2.2992
1.8913	0.3759	-1.1860	0.6521	0.5301	0.2618	1.2059	-0.7538	0.6209	-0.6179	-1.7368	-0.5842	-0.7229	0.3067	-0.6141	-1.0234	0.5713	0.1487	0.4779	1.1574	-0.0266	-2.1700	-0.6561	0.7858	0.8289	-0.1237	0.7766	-1.5843	-0.6117	-0.6523	0.5681	-0.2003	0.7062	0.4127	0.7016	0.9824	-0.4662	-1.4314	-0.0812	-0.9482	-1.0437	-0.1189	-0.3274	-1.6612	0.6042	1.2696	-0.5541	1.2400	-0.3208	0.0797
-0.4142	2.0648	-0.1593	0.4808	-1.5504	0.4655	-0.4343	-1.2473	-0.5891	1.2633	-1.2506	0.6206	-0.7064	-0.1767	-0.1031	-0.1297	-0.7032	0.1826	0.4879	-0.2386	1.4987	-1.4683	-0.1449	0.8885	-0.0322	0.7312	0.1930	1.9552	-0.0907	-0.9596	0.9834	0.8909	0.9194	0.6149	-0.5453	0.6692	-0.7745	-0.4270	0.2441	1.4881	0.2101	0.3544	-1.3655	0.6882	-0.0710	0.4310	-1.4723	0.6655	-0.3119	-0.0155
-0.3324	1.0683	0.9734	-1.0399	-0.0947	-1.0117	0.0790	-0.6562	-0.1776	1.3045	0.7870	0.3969	0.4728	1.4089	0.7744	1.3208	0.6865	-1.0532	0.3584	0.9892	1.2750	0.9573	0.6495	-1.1158	0.9398	-0.5968	0.2296	-0.4283	0.1582	-1.8367	0.0552	-1.6744	-0.1627	-0.6829	1.2760	0.7869	-2.7316	-0.4409	-1.6575	-0.3384	-1.7946	-0.3305	0.1517	-2.7629	0.4830	-1.8694	-1.2031	-0.1388	2.6400	-1.1652
-1.3914	0.2894	1.0277	1.1263	0.0656	0.3640	0.6107	-1.7321	-1.5787	-0.2205	1.0360	1.0502	0.8053	1.1393	1.2185	0.9639	-1.0341	0.4088	0.5985	0.9128	0.1515	-0.1630	1.7228	-1.2003	0.6859	0.4092	0.4116	0.2138	-1.2570	-0.1357	0.0067	-0.9079	-0.7516	-0.1351	0.4607	0.2636	-0.8282	0.3589	0.4962	-0.8199	0.3102	0.3548	-0.2381	-0.6246	0.4535	0.4948	-1.2726	-0.2744	0.4240	1.3799
1.0802	-0.2094	-0.5422	-0.2076	1.2021	0.1861	-0.7762	-0.7241	1.9813	0.4201	-0.4980	0.7282	0.8136	2.1080	-0.4703	-1.1136	-0.4679	-0.1461	-0.1892	1.4450	-0.5497	-1.9982	2.2788	0.1862	-2.3184	-0.0060	-0.8829	-0.3364	0.6362	0.4666	0.1425	-0.2417	1.6794	0.3179	-0.7672	0.4855	0.5699	-0.9008	-0.3021	-1.5563	-1.0349	-0.5636	-0.3064	-0.7442	0.4804	1.1743	1.7445	1.5148	0.4212	1.0149
0.6690	0.2149	-0.2817	-0.4721	1.6182	-1.2902	-0.0200	-0.8379	1.1347	-0.6980	-0.3774	-0.9005	-0.0159	-0.1827	0.0170	-0.8475	-0.0580	-0.5288	-1.0901	0.7945	0.0096	0.6042	-0.4312	0.4884	-1.1978	2.7338	-0.3884	-0.9420	0.0635	-0.0587	-0.4862	-1.7148	-0.0184	0.0851	-0.9806	1.3060	0.1101	0.1591	-0.9181	-1.6313	0.7078	1.4109	-1.7037	-1.7312	-0.1589	-1.1135	-0.2099	-0.4469	0.4688	-0.6863
1.1270	1.2421	-0.1675	0.4820	-0.2729	1.6965	0.9318	-1.3614	0.6520	0.5075	-0.3029	0.8120	-0.8086	1.0808	-1.1820	-0.3884	0.6132	0.3406	1.4149	0.8989	1.0291	0.2694	0.0043	-0.1254	0.3061	0.7485	-2.4878	-1.1582	1.1615	-0.1763	-0.6664	0.0383	-1.1020	-0.2066	-1.4616	-0.7212	1.0965	-0.1891	-0.4240	-0.5049	0.8664	-1.4814	1.3854	-1.9300	0.2564	0.0668	0.9641	-1.5647	0.0595	1.6037
0.4983	-0.2908	1.0326	0.3223	1.0312	1.9070	0.4105	-0.1536	-1.2307	-0.6427	-1.1269	-0.1937	-0.7258	-0.8086	0.0375	0.4869	-1.1195	-0.1311	1.5971	0.1631	-1.1002	-1.1269	-0.8149	0.9097	-1.1440	-1.4258	-0.9543	-1.6535	0.5486	1.5139	0.4543	-0.9736	-0.2335	0.3505	-0.2804	-0.1251	-0.2363	-0.9672	0.4781	-1.0769	-0.3550	0.0839	-0.4099	0.0452	-0.1050	0.2784	-0.7115	-0.7257	-1.7659	-0.1837
-0.4377	0.2820	-0.6689	0.2956	-1.3082	-1.2650	-0.5002	-0.1122	-2.1184	1.6588	-1.5926	-0.3404	1.2964	-0.4053	0.3876	-1.4348	-0.8201	-0.3383	0.8273	-0.6495	-2.1219	-0.5832	-0.7928	-0.4572	0.3854	1.6551	-1.7305	0.1327	-1.1150	-0.0312	1.4141	0.2615	-0.7363	2.1608	0.8019	-0.7909	-0.3346	-0.5820	-0.6089	1.2846	-1.9517	1.0419	-0.1340	0.7800	0.8917	-2.0309	-0.7925	-1.6452	-0.1476	-2.3802
0.5035	-1.1949	0.1947	0.6121	-0.3920	-1.2701	-0.5108	-1.6786	-0.2137	-0.7998	0.6968	1.0813	-1.6425	0.6553	0.8238	1.4487	-0.5343	-1.5431	0.5667	2.8204	-0.9799	0.3939	-0.2375	0.8225	-0.7643	-0.2866	0.3473	0.7902	-1.3025	-0.5527	1.2504	0.4325	-0.5437	1.3844	0.5993	-0.1405	-0.3889	1.1339	-0.1319	0.0575	-0.4095	1.5054	-0.1600	1.1165	0.3664	0.7311	1.9042	-0.8623	0.0411	-0.9744
0.3931	0.5553	0.2708	-0.0524	0.2536	0.3405	-0.0257	-0.8976	0.5212	0.9290	-1.6823	-0.9664	0.8108	-0.6246	1.8489	-2.7844	1.7002	1.1447	0.4565	0.9169	-0.2664	0.6545	0.2470	1.3015	-0.0361	-0.0515	-1.1045	0.3430	0.4987	-1.6121	-1.5744	0.0922	-2.4492	-0.8683	0.6630	-1.6778	-1.8752	0.0133	0.6415	-0.3965	1.4393	-0.1457	-0.0840	0.2965	-0.1524	0.2224	-0.2554	0.4395	2.2950	-0.1059
-0.3636	1.5975	-0.6489	1.0439	-0.0914	0.8489	-0.7762	1.8906	-1.6612	0.5202	-0.1854	0.8268	1.9901	0.6989	2.4512	0.0806	-0.7551	-0.2750	-0.2315	1.2433	1.3425	-0.0371	-0.0730	0.6289	0.9522	0.0757	1.3100	-0.2635	-0.1630	-0.8889	1.3869	-1.4002	-0.2151	0.7418	-0.1874	-0.3182	0.5629	0.7676	0.4366	-0.3700	-1.7018	-1.8580	-1.9825	-1.4188	-0.1627	-0.6184	0.9764	0.1925	-1.1462	0.4335
1.0009	1.0200	1.1465	-0.2521	-0.5446	-1.1678	-0.2704	-1.4615	1.8941	-0.1968	-0.0132	0.5910	0.8436	0.4395	-0.2010	-0.9304	0.9561	-0.2754	0.0212	-0.7274	-0.7415	-1.0369	-1.9305	-1.4552	2.3530	-0.8239	-0.0148	0.8457	1.8072	-0.6916	0.7200	-1.0665	-0.5260	-0.5168	-0.1105	0.0564	-0.2043	-0.7677	-0.1297	1.5317	-0.1068	0.1205	0.7154	-0.1789	-1.4465	-0.6744	-1.6154	-1.0738	-0.7346	0.5426
0.5508	-0.3378	0.0525	0.0870	1.1273	-0.2696	-0.9713	0.3556	0.0653	-0.9132	-0.8432	-2.1808	-1.6697	-1.0816	-0.1610	1.9485	0.6981	0.7366	0.1363	0.5068	1.6134	0.4220	1.7595	0.3607	-0.8847	0.5402	-1.1967	0.3003	0.1924	0.4394	2.2922	-0.3326	0.0524	-0.5809	2.3581	0.0718	-0.3135	-0.1721	-0.0123	0.9287	-2.0901	1.1461	-0.0403	0.6601	-0.3554	0.7526	0.2377	-1.1129	0.5121	0.3188
-0.3074	0.5249	-2.4194	-0.8311	-0.0045	0.6996	-1.5295	2.5506	0.5596	-0.6488	-0.3868	-1.1144	-0.3819	-0.2381	-0.4454	-0.4335	-0.5256	-0.7655	-0.3961	0.9967	0.3631	-0.8348	0.8736	1.1083	0.0448	0.0891	-0.5514	2.3942	0.4824	0.0876	0.2663	-0.2698	2.3164	0.3893	-0.0430	-0.2538	1.1277	1.6630	-0.1886	0.9006	-0.0168	-1.4588	0.4667	-0.6426	-0.5958	0.3816	0.2894	-0.5959	-0.8697	-0.8821
1.0052	1.4153	-0.8736	-0.1003	0.0500	0.2424	0.9009	0.5193	-1.1727	-1.0003	0.5669	0.6154	-0.1487	-0.2997	1.0313	0.3819	1.0716	-2.5091	-1.8509	-0.7628	0.4383	-0.6245	0.7279	1.5269	0.4419	1.2777	-1.5264	-0.2689	-2.0750	-1.6648	0.3076	-1.3157	0.1632	-0.6019	-0.3446	1.2646	-0.1010	-1.7899	0.3152	-0.8719	0.1740	0.0961	-0.0157	0.7801	-0.2521	1.5577	0.7334	-0.7902	-0.2832	1.4286
0.0355	0.4217	0.9766	-0.1708	-1.2009	0.5946	-0.0250	-0.7245	1.1298	2.6426	0.2914	-1.6151	-2.0188	0.1504	0.6263	2.1142	-0.7684	1.6312	0.7966	-0.7614	-0.7979	-0.2927	-1.1587	0.4108	-0.5937	0.5052	1.1067	1.3179	0.7384	-0.1196	0.2313	0.3294	-0.0546	-0.0748	-0.2796	-0.1619	0.6696	-0.5319	1.9398	-1.0436	-0.1881	0.8237	0.5596	0.7149	-2.3684	-0.4286	-0.8603	-0.7803	-0.8883	-0.8344
-0.8486	0.4421	0.0910	-0.5778	0.1125	-0.6091	-1.0999	-0.7668	0.1310	-0.0827	-2.3360	-0.1734	0.3445	1.5128	-0.8856	-1.0737	-0.0456	1.1908	-2.3412	0.3045	-0.3674	-0.6456	0.0333	0.1102	-0.0632	-0.3062	1.8414	1.3747	-1.0622	0.4256	-1.7109	0.4373	0.3664	-0.8175	1.5270	-0.6517	0.1410	-0.1922	-1.1360	-0.1102	-1.1279	0.4306	-0.3398	0.0460	-1.1874	-1.3735	-0.1464	2.4438	-0.5858	-0.0954
1.3912	1.2468	1.3090	-0.9474	-0.9046	1.2804	0.3545	-0.4703	0.7989	1.7478	-0.4329	-0.0075	0.8316	-1.0908	-1.0984	0.3359	-0.7442	1.2954	0.9390	-1.6663	-0.1188	0.5278	-0.0534	-0.7724	-0.5469	0.5784	-1.3940	-0.2503	-0.2063	0.6582	-1.6470	1.2264	-0.5306	-1.4966	0.0817	0.9175	-0.5390	-0.3428	0.7123	-2.1662	0.4742	-1.4978	0.2852	1.6062	-1.2257	-1.1998	-0.2619	0.6430	0.3278	0.3288
0.2546	-0.7266	-0.1982	0.1136	-0.1942	-0.7335	1.2622	-0.5851	-0.4843	-0.3547	-0.6918	-0.4832	0.0177	-0.6119	-1.5677	-0.4173	-0.3421	-0.3191	1.6798	-0.2711	0.0405	1.1129	-1.3741	0.8688	0.8207	-0.6030	-0.0840	1.0873	-0.6606	0.1916	-1.1385	-0.1957	-0.1123	0.8301	0.0307	-0.6912	-0.8182	-0.3964	0.9753	-0.0991	-1.0070	1.1639	0.6170	-0.8466	-1.5010	0.7755	-0.3689	1.0735	0.0534	0.8622
-1.1161	-0.0417	0.9431	1.2051	1.4107	0.0208	-1.8976	-1.2770	0.8458	1.1554	-1.8597	-0.8860	-1.1282	-0.3527	0.0411	1.2111	0.0039	1.7921	0.1145	-0.5689	-1.2685	-1.4450	-0.7758	0.3878	0.0785	0.2309	-0.8001	0.7369	-1.3451	1.0532	0.7222	0.5340	-1.1269	-1.7667	0.5146	-1.2637	-0.0260	1.0560	1.3223	1.6242	0.0270	-0.5489	0.8199	-0.0175	-1.0533	-0.4389	-0.3201	1.1792	1.2674	0.9758
0.3284	-0.1313	-0.9947	0.7437	-0.4410	0.8032	-0.8565	-1.3897	1.6301	-0.0812	-0.7061	-0.0713	-0.3780	-0.0164	-1.8320	0.5152	0.6273	-0.7427	0.2537	0.5675	0.0343	0.4098	0.7104	-0.4550	-1.7255	-0.5406	-2.0534	-0.3256	-0.3830	-0.4151	0.0981	0.3712	0.3028	0.1004	-0.4890	1.0392	-1.3341	0.3810	0.2365	0.7509	0.0889	1.4614	-1.0765	-1.1874	0.4527	1.6565	-0.3246	1.6040	0.6498	0.1833
-2.9296	2.8578	-0.7832	-0.9880	-0.4396	-0.3683	0.0898	-0.6142	-0.2029	-0.2923	-0.7409	0.4856	1.3464	-0.8403	0.6411	-0.2774	-0.3630	0.8282	0.4083	-0.9471	0.0927	-0.0712	0.5907	-0.7270	0.4754	-1.7534	-0.9657	0.4899	1.8701	-0.4806	0.8513	-1.6327	-1.9377	0.1427	0.6412	0.0517	1.0582	0.6667	1.0121	-1.2205	0.0424	0.1176	-0.4547	0.2162	-1.1143	0.4638	0.7271	-0.1070	1.2729	0.6845
0.8511	0.3424	0.2681	1.7292	0.9970	-0.6465	0.4635	-1.2829	0.1714	-0.6549	-0.5485	0.2945	1.7042	0.0987	0.4091	0.5944	0.2836	-0.2389	0.2632	0.2302	-0.4733	0.7444	0.3740	-1.5425	-1.1671	1.2967	-0.3785	0.1240	0.7007	-0.8437	-0.1063	1.8139	1.2890	-0.8489	-0.8714	0.8779	-0.9548	-0.6567	0.1296	-0.8754	1.0629	-0.7251	-0.2948	-0.2392	-0.2707	1.3125	-0.6471	-0.2563	-0.4907	-1.6808
-0.5289	1.6576	0.1477	0.1272	-0.5564	-0.5902	-0.9887	-0.9111	1.6999	-1.1864	1.5738	-1.7904	-1.2898	-0.3479	-0.5492	0.8754	-0.6882	0.1270	-0.0175	0.3994	-1.4408	1.1211	-0.8792	0.1683	-0.9829	-1.1305	-0.0889	0.6072	1.0822	-0.0943	0.6665	2.2766	-0.3817	1.2151	-1.7247	0.6933	0.2038	0.3282	0.6090	0.9713	0.0670	-2.1666	-1.7616	0.9075	0.3349	0.6734	0.4046	0.0444	-0.9704	-0.3932
0.4963	-0.8361	0.0756	2.7978	-0.8093	-0.1248	0.3608	1.0222	-0.0782	0.3164	2.5560	-1.1836	-0.4425	0.3411	-0.7892	0.1432	0.2730	-1.1897	-2.2122	0.9722	1.2417	1.1230	-0.0311	-2.7165	-0.9411	-0.5388	-0.4217	0.7532	1.4203	-0.4286	-0.8586	-0.1181	0.0636	1.1081	-1.2637	1.9247	0.8113	-0.0222	-1.2727	0.5835	-0.4508	-1.0639	0.8664	-0.1824	1.0983	-0.3157	0.3785	-0.0130	0.8035	-1.1754
-1.8114	-0.6486	-0.5467	0.0203	-0.1967	-1.0021	-1.9953	-0.9106	-0.2617	-0.2439	1.8388	0.0212	0.9567	0.2549	1.3381	-0.1992	-0.5769	0.9401	0.8419	2.0620	-1.0153	1.0182	-0.9661	0.1752	-1.8677	0.2914	0.1768	-1.7901	-1.2709	-2.4848	-0.3047	-0.3816	0.3821	-0.4507	-2.1903	-0.3884	1.4073	-0.5474	-0.5675	0.9029	0.7370	0.9905	-0.6122	0.5613	0.1546	0.8141	1.1262	0.7187	1.7925	-0.7619
-0.2460	0.2117	1.0984	0.1609	-1.3747	2.0304	0.4064	-0.0079	0.9360	-0.7928	-0.1863	0.8638	-1.4301	-0.5307	-0.2965	-1.7301	-1.2209	-1.3875	0.7949	1.1567	0.6653	-0.4238	-1.0568	1.2006	0.9670	0.0496	0.8171	-1.6680	-0.4253	1.4705	0.9050	-1.1960	-1.8236	-0.7604	-0.9129	-0.5986	1.0537	-0.7513	0.9920	-0.0721	-0.8444	-2.6550	0.3235	-0.5201	1.6090	0.6657	-1.4624	0.0854	-0.4577	-0.0276
-1.1523	0.0231	0.4779	-1.0622	-0.2434	1.2517	0.4844	0.2206	0.1992	-2.1672	-1.4434	0.2619	2.1594	-0.7725	-0.1815	-0.2091	-1.5796	-1.7439	0.2359	1.6498	0.7450	0.6483	-0.7837	-0.0073	-1.5372	-0.5307	-2.8709	1.0776	0.1424	-0.1304	0.8061	-0.8624	0.6541	0.6560	0.1911	0.0354	-0.7151	-0.5357	-0.4299	1.5366	-0.0320	0.1731	-0.3297	0.2097	-0.0174	1.0171	-0.3786	-0.7649	1.8778	0.9189
-1.0344	-0.1913	-1.1525	0.6505	-0.9327	-1.0462	1.3775	1.8007	0.3514	-0.9738	0.1257	-0.7089	-1.3528	-0.7563	-0.5640	2.5669	1.2740	0.1825	0.2328	0.4743	-0.9708	-0.1005	0.0267	-0.5250	-0.5838	-1.8111	1.4806	1.0921	-0.5596	0.3563	0.4189	-0.1217	-0.0025	-1.0796	0.2344	-0.4177	-0.4773	0.1628	-1.1795	-2.3806	-0.4613	1.5906	-0.0366	1.2179	1.7694	-0.2623	0.7532	-0.4008	0.6836	0.6785
-0.9453	-0.6257	0.3018	-1.3926	-1.3269	-0.3264	-0.6862	0.5021	0.5312	0.9133	-1.2008	0.8455	-0.7126	1.0544	-0.4781	0.9769	0.2246	0.6041	0.1481	1.0671	-1.9887	0.6249	0.9178	0.2329	-2.5909	-0.3822	-0.3154	0.6223	0.0514	0.8377	-0.5990	-0.8428	1.2197	-0.4064	-1.2587	0.3424	-0.3519	0.6726	-0.5035	-0.6489	1.1942	-0.1127	0.1236	-0.9818	-0.3209	-0.3247	0.6701	0.5412	-0.5722	-0.5957
0.2360	-1.1022	0.5175	-0.3272	-0.7698	0.0730	-0.7854	0.8623	-0.2031	-1.8864	-0.7586	-0.3900	-0.4888	0.5603	1.5921	-0.1456	0.2867	0.5639	-0.0428	0.4270	-0.3196	0.1237	-0.1455	1.6977	1.3619	-1.4330	1.0160	0.7899	-0.6384	0.5930	-0.4307	0.0845	1.2600	-1.4765	-1.9974	-0.1515	-0.4213	-0.1167	0.2766	0.3683	-0.5746	1.1422	-0.0702	-1.0404	0.6404	-0.2369	0.7127	1.0667	-1.8935	1.7423
-1.1816	-0.1931	-1.0432	-0.8980	-0.7741	-1.1490	0.8030	-1.1577	-0.6066	1.1396	0.8669	-1.3922	-0.5733	0.8048	-1.5770	-0.2391	-0.4344	0.7460	-0.7605	-0.7268	-1.3081	-0.8029	1.8068	-0.0529	0.3706	0.1256	-0.0309	-2.0582	-0.3226	-0.5743	0.2633	-0.8892	-1.5916	-0.0501	-1.4215	-1.7590	-0.1304	-2.2097	0.8411	-0.7137	0.1079	0.4586	-1.2231	-0.0635	-0.9348	-0.4716	0.2328	0.5596	-0.7662	-0.8883
0.2195	-0.9789	1.1817	0.0242	0.6776	-0.9975	-0.7211	0.0009	-0.4070	-0.4894	-1.2481	0.4320	-0.2981	-0.4571	-1.1090	1.5701	-1.6599	-1.0922	0.1595	1.8096	0.0153	0.9546	1.2527	0.6374	0.6080	0.8406	-0.4405	0.0594	-0.2189	-1.1943	-1.5605	-0.0997	0.8122	0.3580	0.9436	0.2180	0.4872	0.2791	-0.3672	-1.5977	-1.6194	0.2952	-0.3510	-1.3728	1.5826	-0.5033	0.1592	1.2465	-1.6889	1.3805
1.6202	0.4560	0.5413	-0.6855	0.0194	-0.4457	1.3349	-0.7752	0.4451	-0.2004	-0.5298	-1.4793	0.4376	0.7959	1.1347	-1.3231	-0.7223	-0.3734	-0.5155	-1.1923	-0.2534	-1.4092	0.0501	0.4000	-1.3695	-0.4072	1.0993	-0.4869	0.5919	0.8584	0.5174	0.4584	0.1192	-0.2584	-1.0681	-1.0816	0.8284	-0.1071	1.6335	-0.0092	0.3710	-0.2264	-0.0045	0.2392	-1.2830	0.5700	0.1975	0.6187	-0.7281	0.1235
-0.5382	-0.6017	-0.8086	-0.0748	-1.9307	-0.4054	1.5634	-0.1135	-0.2126	0.5383	-1.5981	-0.7417	-1.2516	0.2272	0.1295	0.1402	0.8164	-0.1844	0.8273	0.8024	-0.9719	0.2256	0.1235	0.7638	-0.0362	0.4206	0.4411	-0.5218	-0.6388	0.6195	0.3023	1.3545	0.1820	-0.5126	1.5178	-0.0303	-0.3087	-0.4759	0.5494	0.8395	-0.2930	2.0387	-1.4664	0.6397	1.1950	0.7345	-0.1833	0.8555	1.3249	0.5609
0.0175	-1.8932	-0.7041	0.6250	-0.0507	-0.0328	0.4285	-0.9762	-0.8226	-0.9251	0.2862	-0.8309	-0.8037	-0.6660	-1.3148	1.1370	0.0945	0.8899	-1.4115	0.9576	-0.8591	-0.8719	-0.5593	1.3284	1.1594	-1.8689	0.5793	-2.0178	0.5058	0.5233	0.7292	0.2307	-0.1000	0.4202	0.7751	0.4884	-0.3028	-0.0919	1.3416	-1.4717	-1.3280	-0.0777	-0.2662	-1.6673	-1.2070	-1.7579	-0.3577	0.8039	-0.9369	-0.2870
0.0476	0.7329	-1.6135	-0.1894	0.2098	-1.4495	0.7708	-0.4052	-0.0863	0.6345	0.9722	0.6275	-0.0235	-0.6195	-0.0259	-0.4586	0.3123	0.4923	0.0093	-0.2908	-0.2864	0.4548	-0.2278	0.0571	-0.9575	-1.3527	-0.9920	1.3280	-1.6559	-0.8710	-0.9616	-0.0472	-0.2288	-0.2257	0.1671	-1.9223	-0.8628	-1.3831	0.3652	0.9447	-0.8283	-0.5728	-0.2679	0.2433	0.8158	-1.1748	0.4151	-0.7954	-0.2617	-0.6087
0.8180	0.0143	-1.3104	0.9498	0.0520	-0.8177	1.4173	0.4044	0.2164	-1.7947	-1.2509	0.3021	-1.4529	-0.4764	-1.1083	-3.0187	-1.3249	-0.5388	-1.1380	-0.3540	-0.3363	-0.6831	-0.8943	-0.6820	-0.7610	0.4917	-0.9336	-0.2609	0.1481	0.5942	0.6340	0.2838	-1.7281	-0.2771	0.2377	-0.3853	1.2016	0.7026	-0.1734	-1.3781	0.3935	-0.9433	1.3617	-0.7879	-1.5156	0.2892	0.6887	-1.3424	-0.3890	1.3491
0.8715	0.5867	1.8679	1.0752	0.4117	1.2739	0.3903	1.0071	0.5875	0.5889	0.7867	0.0127	0.1333	0.5628	0.9471	-1.4725	-0.6160	-1.4223	-0.2090	0.0090	-0.1848	-0.1431	0.7393	0.0445	0.9000	-0.3752	-0.9527	1.2388	0.2412	0.2754	2.6798	0.3493	-0.3674	0.1386	-0.7844	0.5147	0.5683	-1.3527	-0.0486	0.8482	0.6554	-0.6183	0.6232	0.8537	-0.7523	0.1641	1.2155	0.6783	-2.0611	-0.2462
0.1632	0.3116	0.5946	-0.6433	2.0993	0.4005	0.8904	0.9187	0.0351	-0.2038	-1.1252	1.3485	-0.2375	1.0769	0.7827	-0.8309	-1.7874	0.3930	-0.8105	-2.3609	0.3748	-0.2482	0.0585	-0.9068	-1.1467	-0.1568	2.5919	0.6325	0.5652	-0.8363	-0.2599	0.6990	0.7798	-0.5877	0.4321	0.9143	-0.8363	1.2324	-0.6625	-2.7031	-0.6815	-0.5216	1.3940	0.3546	-0.3626	0.4491	0.6813	-0.3491	1.1380	-2.3255
1.9279	0.8317	0.5683	0.3886	-0.4301	0.1761	-1.1023	0.3097	0.3777	-1.2419	0.3499	2.2458	-0.2263	-0.4493	-0.2077	1.6610	0.3661	-0.1763	-0.2692	-1.1209	0.8103	0.5589	-1.4440	0.4792	-1.4587	-0.2738	0.5351	0.5209	1.4203	-1.4104	0.5167	-1.5933	-1.3917	2.6771	-0.9790	0.4310	-0.1954	-0.3476	0.8502	0.9899	0.3244	0.4283	-2.3700	0.6253	0.6101	2.0003	1.2668	-1.5317	0.3515	0.1951
1.4028	-0.5648	-0.8064	1.5420	-3.5257	1.3989	-0.1490	-0.3935	0.2798	-0.4136	-0.7754	1.4869	0.9817	0.4762	-1.4414	-0.0933	0.3804	0.5637	0.6836	0.4068	0.0306	0.4001	0.5779	1.2859	-0.9427	-0.3116	-0.8992	1.3065	-1.4000	-0.7386	-0.1671	1.7373	-0.1635	0.3398	0.0855	1.4270	-0.5041	1.2314	0.6348	0.6331	0.0757	1.5340	0.8688	-0.3379	-1.5559	-0.0693	0.3100	0.0876	-0.6893	-0.1190
2.7224	-1.2884	-0.3356	0.2971	0.0859	1.2816	0.0374	-1.1445	1.5343	0.9938	-0.6821	0.3901	1.8545	-1.0556	-0.1932	0.2110	-0.2801	0.2980	1.5763	-0.0066	1.0570	0.3205	0.1620	-0.9761	-0.6485	1.6534	-1.1520	0.5069	0.3337	0.6232	0.5932	0.5813	-0.9625	0.3390	0.8973	-0.9482	0.3127	0.4832	-0.2976	-1.6144	-1.0239	-0.7759	0.5039	-1.7623	-1.3189	-0.5622	-1.7310	0.7152	-0.1125	0.2738
-0.8494	0.3176	-0.0939	-0.6251	-0.9023	1.0216	-0.4779	0.3210	-0.1912	0.5251	1.4214	1.6145	2.1963	-1.6143	-1.0548	-2.0806	0.6933	-0.3806	-0.4128	-1.4115	-1.3768	1.1964	-0.7152	-2.0081	-2.2225	-1.8635	-1.2984	-0.3674	-0.1133	0.0031	1.1183	-0.1278	2.5135	0.3225	2.1761	-0.0648	0.4779	-0.0146	-1.4825	-0.5345	0.5340	-0.0912	0.5527	-1.3056	0.1586	1.3357	-0.8351	0.2275	0.5568	-0.1530
-1.4011	-0.6186	-0.3972	-0.0028	-0.1598	-0.3276	-0.3672	-0.5026	1.6155	0.5248	-0.4697	1.2195	1.3697	0.6864	2.5756	0.2759	0.2407	1.1169	-0.1977	-0.0911	-0.4177	-1.3851	-1.0118	-1.6363	1.6159	0.8238	-1.3373	-0.1196	-0.3145	-2.2374	0.2350	2.3270	-1.5462	-0.2127	0.8137	-0.1692	-0.1972	0.8736	0.6000	-1.3422	2.0706	-2.1501	-1.0322	0.1484	1.5287	-0.3025	0.6399	-1.4064	1.9661	1.6665
0.3606	-1.4066	-0.9234	-1.1379	-0.9565	0.9955	-1.1755	-0.6546	0.1379	1.5524	1.3432	1.1751	-1.5917	2.3191	-1.7546	-0.6604	0.2596	-0.2415	0.2470	-0.4566	0.7772	-0.9775	-1.5022	0.2595	0.9594	0.9497	0.0296	0.4830	0.9383	-1.7122	-1.4235	1.2145	-0.3931	-0.1717	-0.1317	-1.4385	-0.2697	0.4189	-2.2303	-0.2612	1.7562	-1.0004	0.1114	-0.9395	-1.4477	-0.6831	2.0118	0.4515	-0.6005	-1.7951
-1.2887	0.6890	1.4738	-0.6048	0.0056	-0.2602	-0.3189	0.1271	2.0126	-0.7579	-0.9236	0.4204	-1.4488	0.9876	-1.2228	-0.8956	1.9441	0.3122	-0.7438	-1.0620	-0.7186	0.9950	0.7393	-0.7480	0.0130	0.7182	0.6842	1.8916	0.5520	-0.9152	-1.3785	0.9009	-0.9133	0.0352	0.6408	0.2574	0.7854	0.3955	-1.0600	0.2116	-0.9729	-1.6865	0.0971	-0.0987	0.0405	0.5875	1.5335	-0.0218	-1.4565	1.2661
-0.8259	-0.5925	0.1161	-0.4509	-0.0702	0.8403	2.0344	0.1588	0.4753	-1.0524	0.0148	-1.0669	-1.0798	-0.0314	0.5281	-0.8314	0.6602	2.0510	0.0401	-0.3961	0.3954	-1.0711	-0.2640	0.9057	1.0150	-0.6807	-0.2470	-1.3329	-0.1847	1.3858	0.5575	0.6468	1.4541	0.3053	0.4529	-0.3752	-2.0191	0.5913	-0.6665	0.2582	-0.0036	3.0066	0.9319	0.6320	1.5462	1.3191	-0.5445	-1.3570	1.3376	0.7571
1.4149	1.6799	-0.4691	0.2157	0.6544	0.7381	0.4090	0.0355	-0.7898	-0.8810	-1.0693	1.4924	-1.1313	-0.0640	2.3748	-0.7683	-1.2826	1.3757	0.3462	-0.8781	-0.7779	-0.3717	-0.2985	-0.4584	0.3639	0.2474	-0.4851	0.7792	-0.1607	-1.2292	1.4377	0.5217	-0.2789	0.9976	-0.4047	-1.9511	0.2412	1.9246	1.4080	-0.6594	-0.9801	0.1745	0.4935	0.8170	1.5900	-1.5071	0.0470	-0.4294	-0.8199	1.7481
1.5888	-0.5002	-0.7257	1.1963	0.8485	-0.6770	0.2591	-0.8170	0.6638	2.5516	0.0071	0.5316	0.4964	-0.3964	0.4808	0.4319	0.2081	-1.3376	-0.5158	1.2090	0.2948	-0.4998	-0.5696	-0.0932	-1.8181	-0.7112	1.7042	-1.3225	-0.5995	-0.5014	0.2374	-1.4389	-0.1293	1.1281	-1.4315	-0.7593	-1.1553	-0.6990	-0.3786	1.1019	-0.6217	1.2912	-0.6574	-0.4534	0.6058	-1.1399	-1.3917	-2.0676	0.9031	-0.1032
-0.3350	1.4478	0.0982	0.5103	0.6990	1.5113	-0.4648	1.3061	-0.2700	-0.8546	-0.6596	0.1612	1.5797	0.5554	0.1571	0.1959	-0.1214	0.7399	0.8718	1.6633	0.8737	-0.5950	-0.3899	-0.9286	-0.8826	0.0875	1.2600	-0.3017	-0.5981	0.5744	0.8867	-0.1618	-0.8441	-0.2514	-0.1953	0.4917	1.0839	-0.7145	1.8161	1.6801	-1.7656	-0.4987	-0.1472	-0.9426	1.2517	0.8431	-1.2506	-0.7899	1.0409	-0.8127
-0.4266	0.2531	1.0315	1.4761	1.4317	0.6978	0.2538	-0.8437	-0.0718	-1.4627	-0.3813	-0.5228	0.4482	0.3238	-0.4171	-0.4331	0.3777	-1.6034	-2.0286	-0.2881	-0.0594	0.0070	-0.4302	-1.3685	-0.5766	0.0134	0.8363	0.4323	0.9298	1.0646	1.1640	1.2143	0.4208	0.7960	-0.7451	-1.3570	-0.2901	1.2053	1.2410	0.6397	0.5913	-1.0995	0.3871	-1.0595	2.3313	1.0049	0.4855	2.0335	-0.3389	-1.2851
-0.7932	1.2715	-1.6055	0.2852	-1.1301	0.3685	0.1565	0.7040	-0.3070	0.4845	-0.5987	-1.3958	0.2517	0.4907	1.0962	0.0370	2.0240	0.1678	0.5688	-0.6392	-0.1951	-0.5659	-0.8039	-1.1825	-0.5856	0.7907	0.8523	1.0099	0.4356	0.0164	0.3060	-0.2664	-1.1719	-0.2085	-0.7963	1.6207	0.2649	-0.3384	2.0025	1.4478	1.5466	1.2939	0.3831	1.1855	-1.0674	0.9923	0.0269	-0.5079	0.7429	-1.2266
1.1263	0.9090	-0.7171	-1.6075	-0.6044	-0.0279	-0.7811	-0.0788	0.2326	-0.7065	-0.4276	0.1970	0.0388	-0.7274	-0.6903	-0.9676	1.5845	-0.0694	-0.5646	0.9286	-2.1328	-0.3436	-0.5408	0.2113	-0.3126	-1.6816	1.4244	-0.6709	-1.6450	-1.2953	-0.9676	3.3995	0.7121	-0.0528	-1.9401	0.4620	-1.4836	0.5514	-1.0474	-0.0358	1.5854	-1.3053	-0.0948	-0.9866	-1.0709	-0.9213	-0.0012	0.2445	-1.3478	-1.8965
1.0927	0.4218	0.0793	0.7100	0.1538	2.0893	-0.1760	0.3854	1.6522	1.2305	-0.8248	0.3676	-0.3198	-0.9193	-1.0124	-1.3069	-0.2347	-2.1640	1.5745	-0.9163	0.2822	1.1272	-0.4683	-0.2973	-0.7613	0.4309	-0.4292	-1.0432	-0.9267	2.2258	0.0708	1.0570	0.3817	-0.5597	0.2756	0.7990	0.4285	-0.3405	0.1994	-1.1393	0.0300	-1.4818	-0.8860	-0.2537	0.4375	-0.2806	0.9863	-1.1871	-0.8130	-0.0514
-1.1826	1.0136	0.9409	-0.6266	0.1287	1.2371	0.3391	-1.8508	-1.7266	-0.8067	-1.3756	-0.7104	-0.9013	1.1606	0.6673	-1.0546	-0.5007	1.2318	1.9822	-1.5002	-0.4022	-0.1615	-0.1831	2.0022	-0.5182	-1.7984	-1.4026	-0.0874	-0.0813	1.0437	0.4811	0.3447	-1.4127	-0.9931	-1.9306	-0.4175	0.8930	0.2771	-0.4653	-0.3040	-1.7282	0.1494	-1.1744	-1.9233	1.1145	1.0065	0.2863	-0.8108	0.4913	-0.7491
1.5161	0.5207	-1.1447	0.1485	1.3313	-1.6213	-0.3251	1.8297	-0.5904	-0.5356	-1.6255	-2.3261	-0.0635	0.2719	-0.2956	0.3147	-0.9054	1.7017	-1.2239	0.4154	0.1402	0.7872	-1.6760	-1.7738	-0.3809	-2.1249	-0.4800	0.2875	1.1332	-0.7208	-0.6984	0.4266	0.8428	0.3939	-0.1387	0.6825	-0.3592	-2.3934	1.7806	-1.5362	-0.7823	-0.6283	1.7111	-0.6947	2.4540	0.2268	-0.3785	0.3416	-1.8186	0.2736
0.2726	1.5958	1.0039	-0.5030	-1.0024	1.4953	-0.6549	-0.4605	-0.2514	1.5764	0.3358	-1.3968	-2.1350	0.5755	0.5258	0.2404	0.3966	-0.3759	-0.5098	0.2410	-0.1982	0.0272	-1.0003	-0.6919	-0.6671	-0.8438	0.5675	-0.3743	0.4954	-0.6175	1.3163	-0.1225	-0.1037	-0.4208	-0.9022	-0.9921	0.1454	-0.3013	-0.0433	0.3681	0.6480	1.8130	-0.3166	0.0085	-1.7520	0.6009	0.1132	0.1384	1.0390	-0.8594
-1.2714	1.4415	1.2136	-0.5987	2.4529	-0.3208	-0.1092	-0.8810	0.7300	0.8019	-1.1407	-0.6919	1.3265	-0.6845	1.9198	0.1548	-0.2581	0.1239	1.1595	0.5082	-0.8495	-1.1398	0.3577	0.0135	-0.5065	1.0592	0.4318	0.1532	1.7523	1.4464	-0.1769	-1.3375	1.4663	0.0876	-0.1085	0.1778	-1.1331	0.5933	2.2095	0.8639	1.0686	0.3237	0.2027	1.0710	0.4167	0.3161	-1.5383	-1.7766	1.3547	1.1906
0.4189	-0.6100	1.3813	-1.3643	-0.9456	-0.9578	-0.1602	1.8648	1.0561	0.5121	1.5484	-0.2909	0.6141	0.6931	-0.2034	1.1864	-2.5772	-2.0311	1.0231	-1.2632	1.3497	1.9390	2.0912	0.5377	0.7127	-0.5698	-0.2601	-0.1837	1.3227	-1.5803	-0.0568	0.8008	1.6614	1.6737	-0.6856	-1.1626	-0.2536	-0.4828	0.1981	-0.4916	0.2858	-0.4724	-0.8182	0.9858	-0.6982	-0.2370	0.6789	-1.7781	-0.8657	1.5291
-1.3325	-1.1681	-1.7256	-1.0282	1.0084	0.6168	-1.3329	0.6334	0.6142	-0.7352	0.4283	-0.6284	0.0835	-0.7650	0.2063	-0.8115	-0.8023	-0.1190	-1.4697	-1.1551	-0.3031	-2.2368	0.6737	-0.8298	0.6405	-1.4856	0.1653	-0.8575	2.4985	-0.4583	0.1335	0.2846	-0.4089	0.0491	-1.6585	-0.9307	0.8533	-0.8281	0.4928	0.3056	0.8377	0.4935	-0.8115	0.1571	-0.3933	0.0139	1.6459	1.4174	0.7277	-0.0642
0.7731	-0.4830	1.1809	-1.6486	2.3416	-0.2093	0.9106	0.1044	1.0392	0.3514	0.3339	0.7144	-0.4432	0.0128	1.4700	0.7677	-0.8257	-0.1821	0.8829	-0.9064	-0.6859	-0.9513	-0.0267	-1.0068	-0.9013	1.5658	1.4198	0.1015	-0.0991	0.5479	0.7652	-0.5575	0.3155	-1.1481	-0.8986	-1.5373	0.8504	0.1982	-1.8401	-1.1603	0.4220	1.1273	2.1850	0.4145	0.0695	-1.1023	-1.2571	-1.5009	0.1686	-0.1204
-0.3416	0.5751	-0.6383	-0.2833	0.9576	-2.9987	0.2303	0.6252	-0.1135	-0.8779	-0.2048	0.7041	-0.6977	0.2572	-0.4754	0.7195	1.3257	-1.7904	-1.7072	0.2425	0.0637	-0.1254	0.3140	-1.2349	0.2517	-0.0383	0.7313	-0.7028	0.0580	-0.6072	-1.1170	2.3890	-1.1580	0.7940	-0.3077	0.4572	-1.5426	0.6852	-0.8347	1.3451	-0.1603	-1.8766	0.6845	0.8912	-1.4619	0.6201	-0.3380	-1.0541	0.1575	-1.3064
1.2895	-1.3143	-0.9337	0.2852	-0.4107	-1.0617	1.0239	0.5072	-1.4228	-1.6042	-0.6358	2.0606	1.3017	0.1762	1.5253	-0.1056	0.0210	0.3250	-0.3112	0.1464	0.2580	-0.7995	0.0088	-2.2867	-1.3385	0.8384	1.5100	-1.9735	-0.1689	-1.4076	-0.1508	0.5961	-1.2011	0.6492	-0.0408	-0.1452	-2.1431	0.5569	-0.9052	-1.2374	-0.6007	-0.1214	-0.7551	-0.0272	-1.1524	0.3534	-1.1838	1.0729	-1.1654	0.5931
0.6234	1.5750	1.7820	-0.6753	-0.9846	-1.3204	-1.1645	0.0475	1.3292	1.0297	0.7255	0.6865	1.3082	0.9132	-0.2942	-0.6651	-1.0463	-0.2477	-1.5061	-0.6946	-1.6972	-1.0227	-0.7830	1.2919	0.5968	1.0517	0.2683	-0.6332	-1.9252	-1.0375	0.0903	0.5399	0.9514	2.2794	0.8499	1.3984	-0.1894	-0.7852	-0.0101	-0.2428	1.2406	0.2291	-0.7556	-0.1330	-0.9812	-1.7823	-0.8812	0.0156	-0.5522	-0.5801
-1.8629	-0.4170	2.2524	1.2356	0.1841	0.5281	-0.1024	1.4365	0.3628	-0.5045	0.3893	0.8140	0.2362	-1.1842	0.2380	0.2941	-1.6905	-0.1387	1.3511	-0.2338	0.7401	0.3698	-1.0163	-0.4422	-0.8964	-0.1457	-0.8014	1.0666	-0.8042	-0.7798	-0.2696	-0.0557	-0.3943	-1.0633	1.7410	-1.2908	-0.3311	0.6642	-0.4006	0.3729	0.1969	1.5729	0.2138	-0.4457	1.4762	-0.6959	0.1758	0.3868	-0.6719	-0.7298
0.8578	-0.3768	0.7739	-0.5197	0.2811	0.7657	-0.5023	2.7841	-0.0041	0.2943	-0.2899	-1.6768	-0.5586	0.6387	0.0129	0.6045	0.2779	0.8649	-0.2495	-1.0978	0.6457	-1.0308	0.5873	-0.4791	0.2305	0.9081	-2.1555	0.5525	-0.5287	0.3813	0.1022	0.1581	0.4917	-0.0258	0.0559	-0.3766	-0.0826	0.3470	0.9764	0.7713	-0.2237	-2.1679	0.4608	-0.8061	1.2186	-0.0159	1.0082	-0.6313	-0.3090	-1.2252
0.6938	-0.2195	1.0366	-0.1399	-0.6820	-0.0158	-1.7416	1.0997	1.0137	1.1395	0.5664	-0.4936	1.9176	1.0946	-1.1826	-0.2591	-1.7091	0.5621	-0.8445	1.6168	0.7253	-0.6884	-0.8813	2.2393	-1.3138	0.6277	-1.0052	-0.7616	0.9322	1.2694	-1.8513	0.5754	-0.3464	0.3837	-0.3381	0.0770	-0.3674	1.2382	0.2715	-0.6200	-0.1710	0.1919	0.2799	0.2454	0.3433	-0.6689	0.1570	-0.5552	-0.1064	-1.1576
1.0860	0.1014	-1.4018	-0.7449	-0.1378	-1.8933	0.1990	0.9218	0.3478	0.8044	0.0629	1.1649	0.1841	-0.3571	1.3197	1.7149	0.2879	1.7296	-1.1561	0.8907	3.0918	1.0547	-1.6062	-0.8303	2.7874	1.2300	0.6442	1.1367	0.1047	1.5877	-0.9470	0.6634	-1.3666	-1.7013	-0.2492	0.5094	1.1281	-0.0698	0.1217	1.1624	-0.9508	0.2605	-1.0668	-0.3714	1.1543	-0.1561	-1.0406	-0.9000	-1.4408	-0.2748
0.3757	-0.1652	-0.2358	1.3372	-0.8006	-1.5360	0.0763	1.1824	0.7912	-0.1798	0.3436	0.7554	-0.5086	-0.6446	-0.5074	-0.0940	-0.9298	-0.1486	0.0447	-0.4018	-1.7362	0.4280	-0.6156	-0.6392	-1.3939	0.2477	-1.0415	1.3120	-0.1650	0.6428	-0.0865	1.1392	-0.4356	0.7084	-0.3976	-0.8490	2.1300	0.4236	-0.5032	0.7174	1.0900	-0.5474	-0.4369	-0.1400	0.0096	-0.1112	0.9953	0.6825	-0.6812	1.3971
0.5953	0.4212	1.1183	0.1810	1.0485	-0.9418	0.8804	1.7588	-1.1566	-0.5567	0.2770	-2.3610	0.2450	0.2447	0.1256	-0.1069	0.1140	1.6570	-1.9336	1.5852	1.0376	-1.3069	0.2547	0.8211	-0.9136	-1.0722	1.6543	-0.3064	0.0262	-0.8144	-0.8322	0.9218	-0.0703	1.0505	1.3196	-0.4371	-0.0376	-2.5636	2.9235	-0.4822	-1.3291	1.1301	-1.0970	1.4213	1.5684	-1.2691	0.1986	0.6006	0.6724	-0.4478
0.8229	-0.3960	-0.5067	-0.2151	1.1632	-1.1222	1.4077	0.7923	-0.5727	-1.6536	-0.1406	0.5470	0.3703	-0.2221	-0.7440	-0.8211	-0.6506	-0.0287	-1.0554	-0.4459	-0.0597	0.6093	-0.1597	1.2187	0.2872	3.4465	-0.4894	-0.5237	-1.1311	1.4038	-0.4788	-0.5976	0.0213	-1.5227	-1.1091	-0.3428	0.8572	0.1895	0.7981	1.0646	1.2021	-1.3099	-0.7012	0.0714	-1.5273	1.4926	-1.7566	-0.2402	-0.4102	-1.0187
-1.2940	-0.5391	1.9571	-0.6246	-0.8855	0.0954	-0.9872	-0.2499	0.2902	1.0092	-0.2757	1.0129	0.8833	-0.9085	-0.3532	0.7205	0.5366	0.0076	-0.0581	-1.2617	0.9145	-0.8616	-2.5443	-1.8570	-0.2677	-1.2488	-1.4620	0.2556	0.4299	0.8959	-0.3557	0.2127	0.3167	-0.5320	1.0626	0.7590	0.3465	0.0876	0.7788	-0.9508	1.9096	0.1145	-1.1130	-0.6676	1.3145	1.9506	0.5160	-0.7079	0.3973	0.4404
0.7368	-0.5114	-0.5724	0.5492	-1.4410	1.4843	0.4893	-1.6167	-0.4947	0.5865	1.2339	-1.0632	-0.8739	0.4128	-1.7401	0.8143	-0.5497	0.8458	-1.0937	-0.5647	-1.2397	-2.4918	-0.1630	0.7021	0.9028	-0.6527	-1.2585	-0.3281	-0.6333	-0.3259	-1.1730	-1.1006	1.8703	0.8643	0.5423	-0.5679	-0.8238	1.3888	-0.6214	0.7195	0.6844	-0.1879	1.9601	0.6147	-0.5351	0.9121	0.8846	-0.1583	-1.3708	1.1388
-0.8492	-0.0780	1.5633	-0.0466	-0.0006	-0.2032	0.2799	1.1984	-1.1145	0.4344	-0.2145	0.0685	-1.1383	1.3086	-1.0874	-0.1016	2.5619	1.7469	-0.3286	-0.4471	0.0052	0.6918	0.3512	-0.4783	-0.1987	-1.3311	-0.2146	-0.3324	0.0452	1.1785	1.0919	1.3307	-0.6789	0.1643	-0.4037	2.0458	0.1375	-0.5323	0.4123	-0.5882	0.0043	0.8028	0.6013	-0.3377	1.9313	-1.0655	-0.0063	0.5948	0.4377	-0.0866
-0.4379	0.9388	1.3017	-1.0807	-0.4560	0.8680	-1.2387	-0.9121	1.2565	-1.0088	0.2260	-0.1717	-2.4979	1.0626	1.2803	-0.3575	-0.9896	-0.0149	-0.5130	0.5858	1.0060	1.7674	-0.2287	-1.0722	0.3269	0.2664	-0.0694	0.5170	-1.6019	0.4277	0.2185	-0.2100	0.5316	-1.0018	-0.4169	-1.0643	-2.5266	-0.2717	-0.2982	-0.0525	0.2593	-0.6805	-1.0505	-1.3938	-0.2329	-1.6499	-0.4843	-0.2478	0.1331	1.6795
0.7343	0.7701	-2.2677	0.6298	-1.2198	0.0619	-0.4099	0.7397	1.2446	-0.5219	0.3211	-1.1962	-0.6788	1.4153	0.3541	0.7238	-1.9832	1.4544	1.5784	-0.6091	0.7098	-1.3030	0.6366	1.9448	1.1188	-0.6987	0.7370	0.3831	0.9508	-1.3058	0.9008	-0.8182	1.0282	-0.4098	0.7007	-0.4865	0.2169	-2.0622	0.6844	2.3383	-1.3920	-1.1168	-1.3340	0.0454	-0.5937	-0.3965	-0.1411	-0.4015	-1.0855	-0.6523
0.5990	-0.3661	0.5946	-0.1396	-0.8658	-1.7403	0.1039	-0.4008	-1.7010	-0.0460	-0.2044	0.7420	1.8902	1.9559	-0.0863	0.8312	-0.0483	0.9959	-0.4500	-1.6355	1.7247	-0.4384	1.9959	-0.9250	0.2384	-0.1854	-0.2755	0.8762	1.5907	-0.0453	-1.6345	0.6247	0.9028	-0.4275	-1.2209	1.5019	-0.9189	-0.6837	-0.0006	-0.8961	0.4237	-0.5707	0.6595	1.5417	1.8329	-0.7949	0.8719	-1.6386	0.2879	0.4858
-0.4516	-1.5261	-1.3430	-0.1767	1.8312	-1.0233	0.7075	0.7104	0.6443	0.3472	0.1111	-0.7505	-1.2425	0.9789	-1.4774	1.3045	0.2653	-0.8595	-1.2600	-1.7157	0.2344	0.1936	-0.1029	-1.5907	0.3400	-0.9182	-0.1484	1.5559	-2.3221	3.0023	0.6503	1.7013	0.0757	-0.0610	1.6353	-1.1354	2.1595	-0.5743	0.2808	1.6101	-2.0721	-0.4702	0.1433	-0.7421	0.7032	-0.7787	-1.3894	1.2432	-0.3868	2.5400
-0.4594	-0.1982	-0.0394	0.3781	-1.2180	1.6386	0.2640	0.8895	0.0563	0.0450	-0.5048	-2.5588	0.3488	-0.4207	0.4950	-2.1456	-0.7156	-0.1723	0.8960	-0.1287	1.4450	0.9649	-0.7478	-0.2025	-0.1161	-0.4891	0.3783	0.5917	0.2886	-0.4594	0.1175	1.6281	1.0962	-0.2483	-1.1210	-1.1872	-0.6585	1.3154	0.1785	0.8577	1.4677	0.7860	-0.5075	0.8998	1.3471	-1.1581	0.6777	0.0541	-0.3445	-0.2148
-1.2804	-0.6958	-1.4005	0.9357	0.7643	-0.1832	0.2504	0.2418	-2.7611	-0.0774	-1.3526	0.9296	-2.3542	0.3936	1.1586	-0.7087	-0.2267	-0.8640	-1.3720	0.7517	0.2485	0.4592	-0.0373	-1.4260	0.2684	-0.5132	-0.1781	-0.0989	0.4851	2.0114	-0.9302	-0.9765	-0.5859	-2.1672	-1.3062	0.0449	0.7044	-1.4376	1.0532	1.4048	1.7200	0.1525	-1.4500	-0.5536	1.2530	-0.0358	-0.1221	-0.1488	0.5783	-1.4779
0.4205	-0.2999	-0.1812	1.1181	-0.3056	-0.2950	-0.2812	0.6159	1.1246	0.8085	-0.0112	-1.0172	-1.4171	0.3884	0.3082	-0.9891	0.0898	1.5024	0.2815	0.6350	0.1963	1.2141	-1.8400	1.6907	0.9858	0.4417	-0.9915	-0.0429	-1.1302	-0.4126	-0.2491	0.3692	-1.2169	-1.5241	0.0381	-0.0415	-0.7496	-1.2406	1.5841	-0.7496	-1.1556	-0.3085	-0.4375	0.2933	-1.9161	0.6565	1.6774	1.4307	0.1884	-1.6746
1.3159	0.1965	-0.7995	-0.2681	0.3729	-0.3691	1.3969	-1.1539	-0.8652	-0.5463	0.3662	0.4639	-0.4991	-1.4641	1.3383	0.0599	0.7794	0.3694	1.1101	-0.0558	0.3225	-0.0150	-0.5287	1.2386	-0.4142	0.6991	-1.5171	0.1091	0.8731	0.5580	0.0530	1.6257	0.2201	0.5152	0.0939	0.0742	0.3529	0.5222	-1.6360	1.2545	-0.4581	-1.8423	2.1092	-0.6505	0.9367	-0.4625	0.2742	1.1730	0.1305	0.5215
-1.2137	-0.3925	-0.6491	-0.7507	0.1677	-0.8374	0.7759	0.4384	1.2585	-0.2692	-0.7083	0.8380	-0.0082	-0.6324	0.6155	0.7220	0.3192	-0.0933	0.3482	-0.5797	0.7550	2.1041	-1.3518	0.6137	0.3042	-1.0814	-0.1523	0.8799	-0.5586	-1.0916	0.1464	1.5163	-1.4992	-0.2330	-0.6392	-0.0513	0.3586	-0.4256	-0.4153	1.1075	0.3870	-0.6641	0.1009	1.4940	0.6576	-1.2328	-0.5046	0.6990	-1.1691	1.0921
0.3766	-1.4493	-0.5091	-0.5203	-0.4473	0.7000	0.8883	-0.4709	-1.3155	0.0721	-0.6467	-1.4315	0.3223	-0.4557	1.4958	0.7122	-1.7320	2.7990	0.0215	-0.8530	-0.7513	-0.9381	-0.3124	0.0636	1.6617	0.9082	-0.1139	-0.1304	-1.5148	0.4349	-1.5892	-0.7208	0.8780	-0.3636	-1.3411	1.4489	0.2368	0.0305	-0.6039	-1.1049	-1.0151	0.2152	-0.5491	-1.6417	-0.6091	-0.4589	1.8401	0.6581	-0.3511	0.2641
0.8839	-1.5228	-0.8070	1.5371	-2.2823	-0.6434	0.6896	-0.2209	0.4270	-0.6563	-0.8859	-0.5560	0.1193	0.1753	0.4163	0.6384	-0.4241	2.1512	-2.1196	-0.0686	0.0440	0.1048	-1.7630	1.0528	1.5780	-0.3839	-0.6276	2.2708	-0.2535	0.5087	-0.1924	0.2497	-0.6620	-0.1488	0.1731	0.0005	-1.2310	0.4666	-2.1647	1.6593	-0.3701	0.6949	1.8340	-0.4162	2.6929	-0.6420	-0.5834	0.1544	-0.0329	0.6476
-0.1992	0.9836	-0.8257	1.3005	0.0674	0.2584	-0.9431	-0.2667	-1.5864	0.0405	0.4833	0.0508	-0.6284	1.3763	0.6982	1.4546	-1.2894	0.1519	-1.6413	1.4160	0.2211	-1.9157	-0.2032	-0.8916	0.1369	-1.1003	1.9256	1.2812	0.3649	0.8519	-0.6157	0.3926	-0.8417	0.9052	0.1543	0.0985	-1.0966	-1.6595	0.4244	-0.0612	-0.6444	0.1723	0.3249	0.8301	-0.3173	0.3488	0.0013	0.9118	0.3260	-0.7526
1.0148	-0.3560	-0.7796	0.5228	1.5592	-0.1485	0.5535	0.6892	0.2561	-0.5130	1.2985	-0.3348	-0.4851	0.1027	0.6811	1.8006	0.4704	-0.9911	-0.6618	-0.3104	-0.0123	-1.2050	0.1495	0.8871	-1.1747	-2.2388	1.0791	1.1101	-0.1043	-1.3095	-0.4071	-0.9614	-0.1220	-0.6360	0.1362	-0.1123	-0.0442	0.6389	1.1053	0.6332	0.2624	-1.1995	0.7356	0.6147	-0.2805	-2.0149	-0.4573	-0.8903	2.0790	-1.9243
-0.2637	0.1642	-0.4856	0.2249	0.5263	0.6046	-0.7812	-1.4252	1.0369	0.4340	0.3859	0.7146	-1.5242	0.6868	-0.5319	-0.5082	0.3429	-0.4508	0.1557	0.6985	0.4327	0.6069	-0.3143	0.6540	-0.2586	0.4338	-0.4149	0.3372	0.8157	1.2220	0.3273	-0.2511	-0.0550	0.6520	1.2894	-1.0508	0.7967	-0.3599	-0.5825	0.1743	-0.6962	0.3669	-0.1539	0.7791	1.9961	-1.0579	-1.1175	0.9844	-2.1926	0.1593
-0.2796	-0.6146	-0.4061	-1.4380	-1.7909	-0.6633	1.8529	-0.7155	-1.0312	-0.5097	-0.1299	0.7415	-0.8650	1.7076	-1.9534	-0.6101	-1.9981	1.1009	0.4063	-1.1029	0.5819	0.5760	1.0879	-1.2612	-0.6664	1.5589	0.9513	0.7519	0.1369	-0.0373	-0.1333	-0.2677	-1.2742	-0.7575	0.1411	-0.3103	0.4706	0.4459	-0.0203	0.4030	1.5330	-1.1978	0.8735	-0.7122	-0.8955	1.4962	0.5203	-0.0949	0.1156	1.5035
0.1793	0.8586	0.6894	-0.1467	1.3179	0.6840	-2.2347	1.2791	0.8179	0.0655	1.1896	0.2591	0.1536	3.4376	-0.8421	-0.0887	0.8379	-0.9104	-1.9401	-1.8311	0.6721	0.2928	0.1565	-1.6868	-0.3990	0.9464	-0.9295	-0.3723	-1.6167	0.1230	0.6915	2.7518	-2.9338	0.4767	0.1961	0.8438	0.2920	0.2230	1.2963	1.2313	0.6627	1.2450	-0.1411	-0.6665	0.7600	1.1168	-1.4711	-0.0372	-1.2463	-0.2373
0.3810	-0.6423	0.8910	-2.5476	-0.9315	-0.5615	1.0073	-0.9606	0.4605	0.2639	-0.8041	-0.6452	-0.4617	0.4193	0.9549	0.1751	-1.5692	1.2257	-0.4740	-0.4388	0.9846	-2.3554	0.9242	-0.5405	1.5056	-0.5493	-0.7381	0.7678	2.0517	0.1543	-1.1051	-0.5338	0.2613	1.0458	0.3981	1.3576	1.2056	0.3997	0.1196	-1.4189	-0.4124	-0.4852	-1.0049	-0.0323	-0.9099	1.2052	0.8075	1.3365	1.0274	0.9759
1.5291	-0.5403	-0.8969	2.4132	0.5661	0.2675	-1.2977	1.3628	-0.3684	0.5731	0.9427	0.8385	0.0692	-0.4088	-0.8515	-0.1369	-1.5416	0.8397	0.2357	-0.3368	-0.3692	-1.5030	-0.7167	1.0412	1.8046	-0.4520	-0.7069	-0.1347	1.2725	1.2251	-1.6844	0.9256	-0.7733	0.2957	1.4405	-0.7163	-1.1060	1.1232	-0.3032	0.5846	0.8564	0.5247	-0.0362	0.8390	1.2943	1.3160	0.9441	-0.8611	-0.0176	-1.6703
-1.4480	1.4565	0.9618	-0.0252	0.2034	0.4911	-0.5734	-1.0089	-0.4655	1.1250	-0.0621	1.2307	-0.8810	0.5686	-0.7366	-1.1417	2.1100	-1.3665	1.3290	0.1334	1.5047	0.0863	-0.1646	-1.5951	-0.0146	-1.1435	-0.7650	-0.0354	-2.2341	0.0180	-0.1436	-0.2495	0.7530	1.3917	0.6214	-0.6243	1.6373	0.7274	-0.5862	0.5478	-0.9544	0.4179	-0.6387	-1.7717	0.9139	1.5495	1.6302	0.2371	0.7213	1.1233
0.7037	0.3899	0.9820	0.3690	-1.8287	1.6243	0.8735	0.4047	-0.2350	-0.5801	0.9003	0.2041	-2.0025	-0.1450	-1.7929	-0.7564	2.0236	-2.7136	0.8310	-0.7621	1.3870	1.7146	-0.4324	1.6410	1.2290	-1.0629	-1.4597	-0.8090	-0.8234	0.7565	0.1504	0.5998	-0.4482	-0.3431	0.9265	0.6509	1.1096	-0.5304	-2.8224	-0.4372	-1.0025	-0.5972	-0.3048	-0.9995	-0.7757	1.1718	1.3730	-0.0820	-1.6520	0.0751
-0.2174	-1.1062	-0.8137	-0.4487	0.1739	-0.9647	-0.9861	-1.5746	-0.3759	-0.6827	-1.2070	-2.2014	-0.7960	0.7771	1.4125	-0.1150	1.4376	-0.2145	-0.4553	0.2296	-1.1883	-1.9998	0.0766	0.1500	-1.5927	-1.1701	-0.5916	1.1140	2.0978	-1.0216	-1.0037	-1.2245	1.5485	-2.5502	0.0187	1.0523	0.2621	0.4221	0.0002	-0.5255	-0.4815	0.1070	-0.4702	1.0713	-0.1885	-0.4619	0.5474	0.1027	0.7150	-0.1435
-0.3259	1.0428	-1.2967	0.0520	0.4705	-0.9961	-2.4586	-0.2044	-0.6399	-0.0892	-1.1030	3.3438	0.0436	-0.4198	-0.1565	-0.1744	0.1546	0.2924	-2.1595	0.3690	-0.4314	-0.8521	0.9909	1.0172	-0.2647	0.1846	2.0010	-1.2075	-1.0453	0.4240	0.8074	1.9353	1.0166	1.2776	0.3985	-1.3789	0.0527	-0.7568	0.4518	0.3376	-0.7387	-0.4573	-0.0099	-0.2322	-1.3345	1.3319	0.0152	-0.7109	1.5009	0.1993
-0.0207	-0.7164	1.8623	0.3652	0.7246	-0.0128	0.6078	-1.4808	0.7556	1.0400	-0.6104	-0.3710	-1.0936	-1.7688	0.3265	0.7035	1.6560	2.0259	1.7240	-0.8280	-1.1064	-0.2759	-0.7402	-1.0491	-1.1525	0.4622	0.8337	-0.1496	0.2521	0.0316	0.2420	-0.2151	-1.5513	0.5463	-0.3438	-0.0967	-0.4042	0.0701	0.8943	0.0809	-0.2925	1.1349	0.9928	-0.6315	1.1050	-2.3887	1.2669	0.9290	-1.6087	0.2767
0.7873	-0.3120	0.4265	0.7774	0.7821	0.6038	1.5456	0.6438	-0.1903	0.8848	0.5905	-0.1629	-0.9109	0.7095	-3.8373	0.6176	0.4449	-2.0708	-0.7773	-0.6928	0.1755	0.8164	0.6880	-1.9338	0.3943	0.4327	-0.7400	-0.9552	0.4485	0.8387	-0.3766	0.7604	0.5610	-1.2757	-1.2429	-0.5115	-0.2353	-0.5456	-0.7867	-0.5937	-0.2104	1.2196	1.0841	1.1431	-0.0847	1.6053	-0.4626	-0.5501	-2.1144	0.3695
-1.9042	0.3652	-1.3098	0.5038	-0.3300	0.3303	1.2974	1.1373	-0.1873	0.1760	-0.6394	0.5813	-0.3821	-0.1061	0.3279	0.6042	-0.5536	-1.1859	0.0216	-0.2144	-0.3700	0.6017	1.0959	0.0859	-0.6046	-0.6651	1.2750	-0.6887	-0.1758	-0.0989	0.4197	-0.5509	-1.5109	-1.3009	0.3505	-0.1731	-1.4054	0.6100	0.8489	-0.9276	0.6810	-0.6479	-0.8889	-1.0901	-0.3482	0.5289	0.3394	1.7211	1.4103	1.5919
-1.0787	-0.5011	0.1653	0.2367	1.6676	-0.6670	0.9522	-0.5732	-0.5309	0.6747	0.3448	-0.6273	-1.2518	0.8199	-0.0925	-2.0076	-0.6730	0.2707	0.0490	1.1595	0.6293	-0.2503	0.9616	1.2827	0.1685	-1.0458	-0.0239	2.0657	-0.9549	0.0279	-0.7327	-0.2256	1.5197	-1.0193	-1.1134	0.4280	-0.0394	-0.8677	0.1850	0.0205	0.2431	1.1120	1.6675	1.6400	1.3543	-0.0490	0.6890	0.0119	-0.3602	-0.2623
0.3977	-0.5309	-0.3988	2.6601	-0.4088	-0.7269	1.6759	1.7228	0.5033	-2.0350	-1.4553	0.8110	0.5037	-1.1995	-0.0483	0.8464	-0.9319	0.7408	-1.3723	0.4258	-0.5465	-0.4109	0.3301	0.4940	0.4283	2.1477	1.1585	-0.6665	0.3326	0.8967	1.6837	-1.2576	0.8302	-1.3589	1.2550	-0.6780	0.8536	0.9513	0.6539	-0.3065	-0.7789	-0.5373	-0.8881	0.8712	-1.3572	1.7537	0.5318	0.3150	1.4805	0.7192
-0.4819	-0.1180	0.3185	0.1600	-2.2458	-1.4854	0.0247	2.4801	-0.0856	-0.8398	0.0914	-2.0382	0.8101	0.2995	1.7159	0.9597	0.3731	-0.8738	1.1964	1.2614	-1.3655	-1.3903	0.8578	-0.2209	-0.7383	1.6653	1.0958	-0.8697	1.5503	-1.1832	-0.7005	0.7830	-1.4250	-0.7567	-2.5712	2.3566	0.3662	-0.8716	0.5645	-0.2180	0.6795	-0.6621	0.1774	0.0066	0.9618	0.4525	-0.9083	0.9309	-0.8364	0.6172
-1.6718	1.3383	-1.2380	0.7825	0.9322	-0.1402	-0.6951	-0.9048	1.5247	0.6483	-0.6374	0.7171	1.0806	1.3192	-0.6341	-0.2374	-0.8946	-1.2274	-1.3347	0.8059	-0.0645	-1.1631	-0.4954	-0.4064	0.0049	0.0941	2.0977	-0.6044	0.1345	0.6534	1.8731	2.0154	0.0557	-1.6449	-1.3869	1.6696	0.0183	0.3310	0.4646	-0.9352	-1.2570	-2.4988	1.3600	1.1794	1.7914	-1.0117	-0.5161	1.6930	0.3116	-1.6204
0.0213	-0.4855	0.0503	-0.2611	0.4915	1.9677	-1.6577	-1.5303	0.4244	-0.1590	0.4511	-0.5786	-1.7763	-0.9542	1.5369	1.5078	0.4928	0.4477	-0.1249	0.6654	-1.5224	0.5058	-1.3753	0.4311	0.6839	-0.8438	0.3771	0.4852	-1.2390	-0.3794	-0.4363	-0.7375	-1.5271	1.1600	1.2823	1.1949	-0.5461	-0.3845	1.0679	0.8573	1.2473	1.6089	1.1922	1.3110	-0.0045	-1.3888	0.6009	-0.7950	1.2482	0.0342
-0.8061	-1.7878	0.9612	0.6006	-0.3956	-0.7370	-0.7281	0.4605	-0.4590	1.4439	0.3631	-0.4224	0.1533	-0.3892	0.2827	-0.0186	0.1881	-0.4568	-1.9967	0.7147	-1.0083	0.8394	2.0528	1.1230	0.0229	0.2950	0.4561	-1.0998	-0.1121	0.8978	-0.3347	1.6460	-0.4524	-1.1858	0.7215	0.0919	0.2450	0.9515	-0.5946	0.9487	-0.2078	0.7780	-0.4820	1.5260	-0.5046	0.5567	-0.1537	0.6495	0.5189	-0.2674
-1.4360	1.3960	-0.0572	-1.2125	-0.3717	-2.0284	-0.2933	0.3549	0.8599	0.1180	-1.1484	1.2116	1.5544	-0.4715	-1.2917	0.4003	-0.1181	0.5007	0.5626	-1.1839	0.3254	-0.6933	0.9040	-0.4340	-1.2100	1.0700	-0.6139	1.1049	-0.6082	-0.7469	-0.6490	-1.2982	1.0597	0.1589	-1.4295	2.5606	0.1423	-1.2383	0.8389	0.9756	-1.1080	-0.2852	0.6314	1.2717	-0.3967	0.0384	0.6633	1.0579	-0.5383	-2.0021
1.1247	-0.8252	-0.2297	0.8701	0.5181	1.7605	0.1584	-0.2376	-1.8445	-0.5581	0.2594	1.5091	1.6814	1.2330	0.6733	-0.0737	-1.0271	-0.7540	0.1146	-0.2212	-2.3141	2.7882	1.5588	-1.2119	-2.1608	0.1470	-0.3035	-0.4234	-0.1929	-0.5998	-0.4910	0.6674	0.4840	-0.9190	1.1978	1.3162	-0.8637	1.2785	-1.3573	-0.6400	-0.9498	0.7590	0.0251	-0.1537	-1.5787	0.4230	0.9592	1.0392	0.7192	-0.5586
-0.7944	1.3525	1.6573	0.7633	-0.2944	-0.1298	-0.5790	-2.0400	0.0705	0.1558	0.6225	-1.7646	1.4130	0.6450	0.9265	0.4017	1.0933	1.0980	-0.4671	-0.2055	1.3077	2.4894	0.9807	1.5193	-0.5084	0.6779	0.8959	-0.6987	-0.4077	-0.6029	-0.8067	1.0364	-0.7363	1.0926	-0.5375	1.8133	0.4342	-0.1488	-1.3401	-1.3374	-0.2345	-1.7096	-0.6027	0.2852	-0.2857	-0.0493	1.1003	-1.3618	0.8484	0.3705
-0.6421	0.1062	0.7747	-0.0961	0.2060	1.0691	0.1928	0.4504	0.8074	0.5084	0.2871	-2.1987	-0.5963	0.3140	-1.0210	-0.5242	-0.6016	0.1069	-1.0595	-0.1495	0.8787	0.4057	1.8984	1.6797	-2.2934	-0.4457	-0.2366	-0.1458	-0.8784	-1.4972	0.9204	-0.8734	-0.7261	0.0911	-0.9029	-0.2277	1.4555	-0.3446	-0.7232	0.6627	0.3807	-0.7264	-0.3970	-0.8235	0.0493	-2.1751	1.2040	0.4424	-1.2191	-0.4284
-1.4720	-0.6281	0.3867	2.0107	-0.8414	-0.2394	-0.8940	-0.0518	-0.4343	0.5629	-0.5683	0.5883	-0.3360	-0.2820	-0.8252	-1.3575	-0.5293	-0.7331	-0.4596	-0.8199	-0.4481	1.2379	-0.8634	0.1353	-0.3718	-0.1762	0.0693	0.8515	0.5079	-0.1201	1.0810	-0.3811	-0.4762	-0.0017	-1.1546	-0.4981	0.6769	-1.7958	-0.5502	0.0756	-0.6841	-0.1337	-0.2719	-0.0075	0.6761	0.3711	-1.2381	0.8708	0.0976	0.3181
1.1669	-0.5783	-0.0497	0.4837	-0.3252	0.0141	0.2699	-0.7559	1.0230	1.1559	0.5105	-1.3716	-1.3604	-0.5062	-0.4009	-0.4361	0.3113	-0.1376	0.9818	-1.7179	0.3792	-1.0386	0.5062	-0.5607	-0.8321	-1.0892	0.1157	-0.5339	-0.7125	-0.1083	0.8222	1.3595	-0.2870	0.2394	-0.4418	-1.1472	0.6247	-1.1903	-0.4431	1.0423	-2.0107	1.8064	1.6610	-1.1353	-0.2917	0.3841	-0.9277	-0.0985	1.0885	0.5607
1.1365	1.2607	-0.5482	-0.0270	-0.0439	-0.4092	1.1325	0.3638	-0.8431	1.4594	1.1272	0.9073	0.4071	-0.4964	0.3254	-0.5927	-1.2983	0.1537	0.2822	1.4114	-0.7146	0.6773	0.4809	0.5624	-0.7710	1.0075	-0.5869	0.2726	-0.3893	0.5346	-0.2507	-1.6636	-0.5524	-0.3166	0.4476	-0.7454	-1.8469	1.8550	1.4826	-1.0692	0.2689	0.5935	0.5058	-1.5528	-0.2214	1.4737	0.0707	0.4362	-0.1927	0.8435
-1.2863	-0.9023	-1.3004	0.1256	0.2097	0.3500	0.8690	-0.5359	-0.6235	0.0479	-0.2178	-0.2134	0.3765	-1.1602	-0.6562	-0.4783	-0.4639	0.9343	0.1741	-2.6358	0.1212	0.0742	-1.7493	2.2301	-0.3905	-1.4354	-0.1485	0.0601	-0.4716	2.5864	-0.6805	-0.0930	0.2391	0.4822	0.0245	-0.7541	-0.0127	0.7529	0.0210	1.5631	0.7948	0.3065	-0.4098	1.2349	0.1285	0.8816	-2.3884	-0.3627	-1.6092	-0.7102
0.3921	-1.1209	-0.0644	-0.2279	-0.3052	0.6689	-0.4285	-0.2286	-0.4378	1.4689	0.3526	1.0563	-0.2469	-0.2536	0.5402	-0.0461	-0.7006	-1.0560	-0.5576	-1.6787	0.1322	1.2809	1.8401	0.0153	-2.3382	1.1094	1.5360	0.2375	-0.1341	-1.2770	-1.5342	0.6350	-0.5145	0.8214	-0.9514	-0.9846	2.1465	-2.0807	1.6259	1.1522	0.0426	2.6240	0.6203	-1.7929	0.6048	0.1478	1.5375	-1.0579	2.6765	-1.5360
0.6796	1.4264	0.4364	0.1980	-0.1857	-0.3985	-1.3729	0.5717	-0.9788	-0.9327	-0.4436	-0.0024	0.0496	-0.5848	-0.5111	-0.8142	-1.5360	0.4415	-0.6389	-0.4137	-2.2239	-1.1349	-0.6032	1.4984	0.0287	1.3158	-0.6823	0.0023	-1.9657	-0.8500	-1.9377	-1.0567	1.0174	0.4476	-0.4764	-1.0377	1.2430	0.1819	-0.3154	-0.5047	-0.8505	-0.9523	-0.7175	0.7842	-0.5902	1.2995	-0.9643	0.0764	-1.0233	0.3836
-1.2634	1.0007	-0.0060	-0.7394	-0.4881	-0.6924	2.1839	0.2267	0.1647	0.7135	-0.8220	-0.4706	-0.2763	-0.6853	1.8394	1.0873	0.3173	-0.9364	0.7727	-0.3639	0.1374	0.8850	-0.2161	1.7969	1.2525	-1.7698	-0.6813	-0.7309	0.1337	-0.3983	-0.4287	0.3955	-0.1952	-0.3119	1.4596	-0.9484	-0.8177	-0.3052	0.6725	0.5735	-0.9163	-0.7201	0.0205	2.0966	-0.9344	-0.5912	-0.6255	0.6913	-0.3366	0.2851
0.2800	-0.3665	-2.0831	1.0010	0.1228	0.3148	-0.1542	-0.2206	1.1999	0.5207	-0.1211	0.4319	0.3309	0.4405	-1.7183	-0.6255	1.0996	-0.4161	1.7408	0.5706	0.1851	0.5991	-1.3314	1.1083	1.0484	0.0245	-0.0731	-0.0994	0.3886	-0.4215	-0.6694	-0.2861	-0.6888	-0.4836	-0.3051	-0.6391	0.3669	0.3837	-0.1039	-0.1370	-0.3296	-0.3729	0.8794	-0.2955	-0.3900	-0.0167	1.9827	-1.2069	-1.9030	-0.2616
-1.5257	1.0143	0.1198	1.2545	-1.3575	0.6889	0.3166	2.0592	0.5415	-0.9712	0.8626	-1.8411	0.8498	-0.6768	1.6151	-0.4570	1.1719	-0.3881	0.4271	0.7364	-1.1613	0.7637	-0.1843	-0.2376	0.8803	-0.8551	0.4853	-1.2853	0.1330	1.1933	0.3043	1.8064	-0.3864	-0.3839	1.3791	0.8404	0.5453	1.3893	-0.9074	-1.4977	0.5138	-1.2537	-0.5287	2.4683	-0.3689	1.1797	0.6085	0.0985	0.3769	-0.6239
-1.3645	-0.5895	1.0775	-0.6274	1.5250	0.1439	-0.3723	-0.6378	-1.1419	0.3156	0.6171	-0.1497	-1.7542	-0.3229	0.5831	-0.5130	-0.0358	0.3180	-0.7812	-0.3198	0.9237	-0.3105	-0.0309	-0.0297	-1.2574	-1.2455	0.4352	1.6648	0.3640	0.0196	1.8709	-1.4731	-0.0849	1.9566	-1.5105	-1.9497	-0.7615	0.7295	0.8756	-0.6481	-1.2278	0.7834	0.0170	-0.2469	0.0062	-0.5531	0.3678	-0.2574	-0.3549	-0.0833
-0.9493	0.1416	-0.1848	0.6186	-0.1576	0.3623	1.3601	0.1042	0.0226	0.6119	-0.5004	1.6974	0.2490	1.0081	-0.2796	-1.8310	-1.3251	0.6438	-0.6313	0.1637	0.0322	0.1528	-0.1208	-0.2582	0.4819	-0.8578	1.1996	1.0493	-0.7411	-1.5319	1.2472	0.7505	-0.5932	1.8271	-1.9023	0.5521	0.1827	-0.0017	-0.8018	0.2479	-0.0450	1.2858	-0.7295	0.6144	1.3331	1.2310	-1.3155	0.8177	-0.3924	1.7527
-0.8324	0.1990	-0.4128	0.8142	0.3426	0.3259	0.1641	0.4348	-0.8791	0.6408	0.2866	-0.5670	-0.1283	-0.3333	0.4123	-0.3280	1.8218	-1.8878	1.3082	-1.8217	-0.5720	-2.5236	1.0881	1.9760	-1.5646	1.5001	1.0294	-0.8650	1.0045	-0.1363	-0.5474	-0.0220	1.1107	0.2780	-0.0847	-0.7402	-1.8680	-2.9891	-0.6078	0.4250	-0.6581	-0.5660	1.4166	-1.4896	0.0053	0.8040	0.5845	1.6447	0.1182	1.3171
0.6992	1.4123	1.0810	1.0297	-0.1945	0.2609	-0.5495	0.4310	0.4543	0.1649	-1.2118	0.2399	-0.0796	1.2857	0.1249	0.2355	-0.5894	0.1492	0.1478	1.2627	-0.9946	-0.4567	2.3976	1.3284	-1.4319	0.8413	-0.6685	-0.1214	2.6243	-0.2728	0.7370	-0.3070	-2.0170	-2.1502	1.4288	-0.1347	-0.4653	-0.8181	1.5076	-0.2301	0.3733	-0.8594	-0.0736	-0.5183	-2.0038	1.9116	0.1284	0.3476	-0.1544	-2.0540
-0.7921	-0.5230	0.6933	0.4486	1.2028	-0.6814	-0.1245	-0.2378	1.2752	-1.8813	-1.4627	1.2738	-1.7110	0.5658	0.9542	0.5546	-0.0026	-0.2420	-1.8397	-0.5085	0.1740	-0.3264	-0.6639	1.2392	0.2866	0.9993	0.1590	0.8282	0.5188	-0.9139	-0.7703	-1.0234	-0.0249	0.5094	1.1562	-0.5893	2.1603	-0.6601	0.6857	2.6745	0.0093	-0.0705	1.0299	-1.2792	-0.0393	2.1568	1.3998	0.3696	0.2123	-0.1488
0.2713	-0.1855	-0.1058	-1.3192	-0.9681	1.1318	-0.7764	0.2779	-0.9503	-1.4971	1.4454	0.0547	1.5886	1.1884	0.2750	-0.0185	-0.0580	-0.3948	0.0458	-0.6010	0.1483	-1.0991	-0.9090	-0.7817	-0.1193	-0.8774	0.3275	-1.4482	0.2484	0.2410	1.4075	0.1598	-1.0888	0.0322	0.2198	-1.6904	1.2694	-1.8369	-1.3614	-1.1064	0.9808	2.0446	-0.9648	-0.3229	-1.0161	-0.7498	0.0120	0.6701	0.4324	-0.2472
1.4919	-0.3983	-0.6172	-0.5397	0.0338	-1.1907	-0.6255	-0.9745	-1.2486	0.1816	1.0138	0.1902	-0.3691	-0.6662	0.6135	-0.2766	-0.7582	-0.2631	0.2454	1.0271	0.4542	1.5874	-1.4168	-1.8049	1.6539	1.2594	-1.0369	-1.1481	-0.3928	-0.4542	0.8194	0.0332	-0.6758	0.8110	-0.3122	-1.7134	-0.8971	-0.9117	0.9244	0.2410	-0.7903	-0.2375	-1.4837	-0.5778	-0.7177	-0.6410	0.3552	0.2322	0.7317	0.0288
0.7333	-2.0962	0.6216	0.7470	-1.5126	1.4542	0.3133	0.5828	2.0821	0.0648	0.8822	-1.5067	-0.6177	0.9829	0.6078	-0.9397	-0.7783	0.1419	0.0869	-1.1348	0.4677	0.3005	1.4835	1.5970	-0.6859	0.6702	-0.0242	0.1782	-1.8344	-0.7184	0.9839	-1.1992	-1.8144	-0.3018	-0.7011	-0.5413	0.3686	0.0403	1.1310	-0.0630	0.5674	0.5660	-0.7653	-0.0349	-0.3462	-1.3942	-1.0292	-0.3080	1.1569	-0.5211
-0.8748	0.3495	0.1048	-0.4353	0.2290	-0.6995	-0.9148	1.2838	-1.2671	-0.5853	0.1529	0.0184	-0.9866	0.0484	-0.2125	0.8447	0.3414	1.4537	-0.7760	0.0461	-0.0599	2.3483	-1.0516	-1.2722	0.8070	1.4893	2.3662	-1.2570	-1.2952	0.8829	-0.9854	0.4693	-0.4190	0.4122	0.7550	-1.2759	0.2212	1.0474	-0.0289	0.2110	0.3040	0.1738	0.1557	1.3002	0.1694	-1.4989	0.9924	0.3976	0.2817	0.6483
1.7271	0.1508	1.9197	-0.8917	2.0486	-1.2828	-1.3401	1.1075	-0.8981	0.7271	-0.5139	-0.5651	2.4395	-0.7464	-0.1740	-1.1677	1.4750	-0.8957	0.2191	-0.4812	-0.8159	0.1822	2.1547	1.2763	1.3321	1.3298	-0.0565	-0.6868	1.1297	-0.0590	-0.4057	-1.3392	-1.1476	1.2818	-0.1953	-0.2317	-0.2723	1.1837	0.1597	-0.9584	-0.4406	-0.9773	-0.5987	1.6892	-0.7762	0.5329	0.2310	-0.2379	-0.4096	-0.4633
2.0729	0.6473	2.0352	1.4318	-0.1500	0.2634	-1.6247	0.5270	1.1461	0.6981	0.7564	-0.0980	-0.9609	1.0222	0.2802	-0.6231	0.8008	0.1066	-0.6343	0.1066	-2.1320	-0.0433	0.6665	1.2427	-0.3979	-0.8301	-1.3054	-0.3564	-0.8140	1.1981	-1.2362	-0.3794	-0.1270	1.0524	0.3707	1.6293	0.3202	-0.2299	-0.8278	-0.0010	0.3844	-0.9509	1.1615	1.2048	1.2745	-0.5508	-0.2492	-2.1312	-0.9666	0.5333
-0.3113	0.9655	-0.8762	-0.2395	-0.6097	-0.6292	-0.2724	1.0894	-1.7061	-1.3622	0.7223	-0.3021	-1.1040	1.9113	0.3528	0.9393	-0.4697	-1.0420	-0.2373	1.8368	1.8877	-0.7264	1.4236	-1.0350	-0.0712	0.1078	0.2155	-0.1322	0.3870	0.9810	0.5080	-1.9467	0.7155	-0.1660	0.0579	0.6540	1.9987	-0.4568	0.0978	-0.3951	-1.6525	1.2916	0.2342	0.6367	1.3992	-0.0086	-0.9761	-1.6658	-1.4797	0.3557
-0.6636	1.7578	1.6113	0.5061	0.2610	-0.9077	-0.8433	-0.4543	-1.9612	0.3048	1.3151	-0.1041	-0.4753	-0.9788	0.9168	1.4053	-1.2876	0.4856	-0.4341	0.4983	1.7175	-0.7059	1.2108	-1.1042	-0.9285	0.5159	-0.2743	-1.0860	0.1523	0.5115	-0.3800	-0.6444	0.5720	-0.0568	0.6535	-1.4899	0.6751	0.5653	-0.0875	-1.0784	1.8256	0.0681	-0.0859	0.6901	-1.2078	-1.0239	1.2745	2.0679	-1.5069	-0.1905
-1.8114	0.3057	-1.3944	-1.4114	-0.1025	0.4587	-1.4763	-0.9018	0.7742	1.0992	-0.8957	1.1621	0.7071	1.2236	0.8259	-1.7907	-0.4236	-0.4863	-1.5651	0.0693	-1.5518	0.6493	1.0287	0.2918	0.2088	0.8585	-0.0831	-1.0352	-1.1123	0.2297	0.1812	-1.1122	0.9620	-0.3151	0.0532	-0.6447	-1.0633	1.0788	1.5102	-0.2321	-0.6647	1.1662	-0.1868	-1.0002	0.5363	0.0955	-0.6250	-1.7767	1.3673	-0.3435
-0.1013	0.1579	-0.2002	-1.3447	-0.0653	1.1426	-0.1073	-0.4849	1.0345	2.0789	0.9353	-0.9615	-0.5712	0.2158	-0.6582	0.0030	-1.2945	-2.1827	0.3801	-0.5038	1.0645	-0.1560	0.3589	1.2469	0.2212	-0.3267	-0.0611	-1.4539	0.5520	-0.4797	0.1013	0.8277	-1.6979	-0.5172	-1.7693	1.7850	-0.2198	-1.1220	-0.6945	-0.6505	0.1361	-0.9643	0.5734	0.1653	0.6047	-0.0393	0.9006	-3.1922	0.4114	0.6108
1.5284	-1.8071	-0.9473	-0.6224	0.1630	1.3157	0.2125	-1.1701	-1.4996	-0.4565	0.9423	-1.7706	1.0592	-0.6284	-1.6175	-0.9424	-1.4456	-1.0124	0.8524	-0.4812	-0.8905	-0.8753	0.2897	0.0468	0.8464	-0.5727	-0.8526	0.3541	-0.7060	-0.0437	0.2119	0.3047	-1.1266	-1.6290	-1.3241	1.0689	-0.5352	0.3508	2.0676	1.9079	-0.1549	0.5144	-0.1720	0.0299	1.4518	0.9292	-0.3852	1.5409	0.1911	0.1592
0.0762	-0.6170	2.1476	-0.5005	0.5615	-1.6059	1.7844	-0.4674	1.0492	0.1284	-0.2741	0.3751	-0.1824	-2.3164	0.1746	1.9470	0.9816	0.3123	1.1292	2.4361	-0.5207	-0.1712	1.2096	-1.3151	-0.5432	0.3671	1.5556	-1.6235	-0.3323	0.8480	-1.2347	1.8356	-0.2274	0.5527	-1.2521	-0.5140	0.8603	-1.5303	-0.9266	0.6223	0.0815	0.0505	0.6599	0.7195	-1.8235	-0.6709	-0.2247	-0.6137	2.4157	0.5490
-1.9057	0.5434	-0.1989	-0.7600	-0.7304	-0.2244	0.5164	-1.5894	-0.8525	-0.1714	0.3942	1.4156	-0.5109	-0.3630	-0.9555	1.6847	-1.4197	0.9970	1.2244	1.3078	1.4606	-1.9523	0.3997	1.8036	0.4621	0.5873	-0.2200	-0.3592	-2.6359	1.4833	-0.1225	-0.0586	-0.4959	-0.8241	-1.2784	0.1790	1.3387	-1.9720	-2.1839	0.3580	1.1539	0.8873	-1.6598	-2.4739	0.8738	-1.5019	0.3551	-0.8910	-0.5935	-0.2641
1.7357	0.8291	2.1531	1.5910	-0.5805	0.2932	0.3088	1.0739	-0.5691	1.4967	-0.9403	0.9479	1.9493	1.2782	-0.1112	1.0468	-0.3190	-0.2367	-0.5589	0.4038	-1.6514	1.4081	-0.2487	1.1791	1.5735	2.1624	0.3244	0.0256	-0.3764	1.4755	-0.1410	-0.3753	0.9520	0.2980	0.3867	0.2345	-0.5157	0.0225	2.0382	-0.6356	1.9016	0.1887	0.3987	0.3185	-0.3697	-2.2152	0.4547	0.6203	0.7459	-0.8015
0.8181	-1.4201	-0.5600	1.1554	-0.6613	-0.3233	0.7549	1.6280	0.7767	-0.9636	1.8086	-0.3506	-0.2583	-0.4000	0.0726	0.8353	-0.7511	-1.3155	-1.0576	0.4840	0.9813	0.1900	-0.4301	-0.2419	-1.4079	-1.2315	0.5750	1.0494	-0.5877	0.2509	1.0315	-0.7858	-1.9133	0.1647	0.0212	0.5968	1.0816	-0.8780	-1.0607	0.3902	-0.1136	-0.5203	-1.1539	0.4748	-0.6766	-0.4877	1.9317	0.3413	2.1190	2.0820
-0.1932	-2.1646	-0.2713	1.3432	1.3319	-0.7165	0.6964	-0.6915	-2.1805	0.2167	-0.9797	-0.2036	1.9457	0.5085	0.3463	-0.1772	0.1710	-2.1250	-0.6172	0.4777	0.5949	0.1947	-0.1996	0.2783	0.0965	-0.1101	0.9889	-0.0765	-0.5646	0.1423	0.9902	-0.3769	-0.5888	-0.2331	0.6676	0.6930	0.9151	0.7802	-1.7617	-1.7068	0.7803	-0.3873	-0.0521	1.7872	-0.6385	0.0885	-0.8294	-1.3144	0.6044	0.5770
-0.6737	-0.1075	-0.7212	-0.4911	-0.6417	0.3370	-1.2598	1.3367	1.1145	-0.7233	-0.1157	1.1428	0.5562	-1.0729	-0.2610	-0.2288	-0.6738	-0.2674	1.0500	-0.2575	-0.0449	0.2731	-0.0240	1.2820	0.2735	-0.4647	-1.0647	2.4574	1.6413	-1.1123	-0.3920	-0.2162	1.4029	-0.3245	0.0302	-1.4002	0.0221	-1.4543	-0.5539	0.0177	0.0614	-2.4245	0.0353	1.1298	0.6366	0.9651	0.8644	-0.5954	0.2268	2.7605
-1.0722	-0.6375	0.4809	1.3738	0.2287	1.6429	1.1521	-0.3232	-0.1282	0.7133	0.0647	0.5825	0.3386	0.0462	-2.0178	2.0610	-0.9104	-1.2993	3.0884	0.4024	-1.8877	-0.7237	1.3717	-1.9938	0.9142	-0.6228	0.2159	-1.5340	-2.2791	-0.4792	-0.4100	0.1227	0.7797	0.3084	0.7537	-0.2458	-0.3699	0.9071	-0.5069	-0.4050	-2.4648	1.0202	0.6368	-0.5524	0.0618	2.9166	-0.9162	0.4011	-0.4919	-1.8042
0.3183	0.7757	0.7149	0.4924	-2.1742	0.3475	-0.7162	0.7779	-0.6449	1.0042	-0.7457	0.3235	-0.5989	-0.3892	-0.0733	0.2730	-1.2993	-1.0287	-1.0105	2.2248	-0.4388	0.5032	1.2849	1.8434	-0.8284	0.6559	2.8674	0.7256	0.8586	-0.9841	0.3039	0.9282	0.1775	-1.2770	0.3596	1.4285	-0.5471	-0.2783	-0.2243	0.4679	0.4138	0.1102	-1.3768	1.1282	-0.1373	1.5298	0.5584	-0.8608	-1.3763	-1.1082
0.6060	0.6568	0.9639	1.1814	0.0737	-0.9101	0.3532	-1.1548	0.3145	-0.0617	0.1888	2.6018	-0.1200	0.4240	0.8732	0.0286	1.5702	0.2705	1.5990	0.3106	1.1023	0.0887	2.2037	1.0840	-0.2505	0.8206	0.1874	-0.8003	0.2799	-0.5291	-1.3637	-0.3821	0.5481	-0.1117	1.3764	1.1977	-1.6077	1.1437	-1.7242	1.6156	-0.8464	0.6169	0.3035	0.0719	-1.1670	-2.3263	-1.1966	1.2503	-1.4694	-0.1639
-0.4958	0.3436	0.2380	0.3174	0.5224	-1.1359	-0.3941	0.3706	-0.5509	-1.0413	1.6030	0.2104	2.1771	-0.3457	1.8967	0.0124	-0.0687	0.6157	-1.6450	-1.6217	0.0861	-1.7885	-1.9177	-2.4704	-0.0700	0.3461	-1.0152	-0.5730	0.1238	0.7559	-0.9672	1.0254	0.7533	0.7958	0.1129	0.4568	-0.3980	-0.7932	-0.6818	-2.0846	-0.1169	-0.7635	-2.6671	-0.0936	-0.2669	0.8058	-1.1404	-0.4569	0.4912	1.7667
-0.8136	0.4214	0.9699	0.7059	-0.2801	-0.4339	-0.2695	-1.3128	0.5298	1.5429	-0.5640	-1.3276	1.6858	0.3527	0.6721	2.1064	0.5137	0.5239	1.8815	-0.2228	1.3966	0.0945	0.1457	-0.6048	2.3842	0.6225	0.5064	-1.1823	-0.9662	0.2346	0.7373	-1.5497	-1.1690	-1.2703	-0.8036	-0.1309	-0.2180	0.3210	-1.2945	-0.3595	-0.9291	-0.3608	0.0531	0.0746	1.0197	1.0840	-0.4912	1.2869	-0.0578	0.2872
0.3277	0.2943	0.0612	2.3647	-0.3415	-0.1250	-0.9319	0.8621	-0.0989	0.2109	-0.9991	-0.1313	-0.8403	-0.3571	0.0418	-0.2730	-0.2827	-0.5186	1.7420	-0.4860	1.0938	-0.9338	0.5546	-2.1561	-0.5299	0.0680	0.8566	2.0520	-0.3095	0.8072	0.0724	-2.0588	-0.5617	2.9400	-1.2405	-0.7487	1.9793	0.9832	1.3052	-0.9276	1.3896	-0.3555	-0.1836	-1.6070	1.5443	0.5553	-0.0862	2.2472	0.6933	0.4782
0.8651	0.3525	0.2639	0.3212	-0.5707	-0.7189	0.6598	-0.6317	-0.5061	-0.9894	-1.1231	0.1981	0.3353	0.3000	-1.0499	1.8375	0.9108	-0.6436	0.8591	-1.1596	0.4999	2.0799	-0.3679	1.0824	-1.2345	0.3019	0.9079	0.2291	0.3132	2.1201	0.1514	1.0440	0.0808	0.0232	-0.7689	-1.8229	-0.1242	0.9305	0.9799	2.1299	0.4283	1.2870	-0.0632	0.6879	-0.4523	0.9524	-0.0413	-1.5920	-0.0754	1.6941
-0.2482	-1.5732	-0.7189	0.5893	0.4722	-0.8351	1.1054	0.0355	1.8620	-2.6235	1.0597	-0.5983	0.0815	1.0996	0.8929	1.5637	-0.8081	1.0063	0.2774	1.5955	-0.8039	-0.6937	0.4641	-1.4181	-1.7354	0.4146	0.4458	0.5706	-0.8335	-0.7840	-0.9991	0.6229	1.0934	-1.6424	-0.1947	1.5216	0.2673	0.1731	-0.9127	-1.4318	-0.9287	-0.0239	1.2768	-0.6096	-0.2466	-1.9870	0.7739	-0.9954	0.4628	0.3617
-0.5048	0.4009	1.0550	-0.1719	-0.9129	1.6962	1.0641	-0.6629	0.8841	-0.1781	-0.8560	0.2519	-0.1667	0.4127	1.3407	0.7825	0.4752	0.7547	0.9561	0.5950	-0.7725	-1.3953	-1.7747	0.2474	0.5279	-1.2085	0.2633	-0.2245	1.2402	-0.3301	-0.0098	-1.5330	0.1550	0.8331	0.3428	-0.0060	-1.4778	-1.7602	-0.1887	-0.3159	-0.8071	-0.9238	-0.2407	1.9221	0.1519	1.7288	2.8522	-0.9576	0.7140	1.4385
0.5093	-0.3432	-1.4403	2.4349	-1.5189	0.9652	-1.7435	0.1641	-1.1015	-0.0099	-0.5594	-0.2060	1.7771	-0.3954	-0.3183	1.6553	0.6052	-0.3971	-0.9607	0.8832	-0.2435	-0.9643	-1.4080	0.9549	-1.7732	-0.5444	0.4460	0.5895	-1.1189	0.7018	0.5444	1.1892	0.1273	-0.1595	0.1364	1.3553	0.1809	-2.3955	-0.3644	0.7313	-0.6396	-0.4579	0.1404	0.6917	0.8433	-2.0820	0.8200	-0.4082	0.7435	-1.2296
1.3943	-0.5481	-0.0015	-0.6280	-0.6250	-0.1497	-2.0435	-0.4122	-0.0563	0.1274	1.0069	-1.1697	-0.4778	0.2701	0.5993	1.4330	0.7211	-0.5201	-0.1636	-0.3436	-2.3813	0.7747	-0.3449	-0.4126	1.5966	0.6508	0.7632	1.8249	-0.5458	-1.8451	0.3581	-0.0659	0.7406	0.9111	-0.0848	0.6641	-1.4978	0.9539	1.0869	0.7010	-0.9389	0.5308	-0.9474	0.4881	2.2327	1.1258	-0.1007	-0.9207	-0.8690	-0.0867
0.9592	-0.7678	1.3390	-1.5608	0.3632	-1.1117	0.6325	-0.0641	-0.8558	0.7024	0.1376	0.1488	0.6443	-0.8114	0.6251	-1.1598	-2.0963	-1.0568	2.2775	-1.0734	-1.1783	0.3277	2.5659	-0.1514	-1.2474	0.4166	0.1181	0.3324	0.0504	-0.4241	-0.0049	-0.7739	-2.0369	0.6916	-1.0462	0.0674	-0.3844	-1.8087	-0.1674	1.6714	-1.1906	-0.1711	-0.1984	1.1567	0.0703	1.3708	0.6167	-0.7486	0.7937	-1.7992
0.9300	0.7962	-0.3515	-0.0480	0.4591	0.2568	0.8105	1.3477	-0.0369	1.9555	-0.8648	-0.0259	-0.5264	0.9513	-1.0939	0.0039	0.9915	0.7456	-0.3070	-0.4349	-0.4052	-1.0143	-0.6941	-0.0121	-1.1712	1.6040	0.0877	-1.7307	-0.6037	-0.2057	-1.0331	-0.8989	1.1443	1.3248	-1.7403	-0.3461	-0.3959	1.0533	-1.1221	0.9833	0.3794	-0.2449	0.0595	0.7985	-0.8105	-0.3830	-0.6812	0.0200	1.2108	-1.3893


