
X1	X2	X3	X4	X5	X6	X7	X8	X9	X10	X11	X12	X13	X14	X15	X16	X17	X18	X19	X20	X21	X22	X23	X24	X25	X26	X27	X28	X29	X30	X31	X32	X33	X34	X35	X36	X37	X38	X39	X40	X41	X42	X43	X44	X45	X46	X47	X48	X49	X50
0.5122	-0.5905	-2.0849	-1.2889	-1.1076	-1.8469	0.2101	0.5126	-1.4408	2.1416	-2.9512	0.4786	0.9441	-0.2623	-0.6068	0.3256	-0.0135	-0.8596	0.5433	1.2201	0.9318	1.7363	-0.3172	-1.1838	-0.5111	-1.1660	0.5246	1.5555	-0.4771	-1.9475	-1.1038	-0.4488	0.8868	0.0303	-0.1751	0.3234	0.0267	0.9059	-0.1094	0.6362	-1.0249	0.5853	1.4284	0.6713	0.2827	-0.4780	-0.5613	-0.4313	-2.3586	-0.4878
0.5524	-1.4069	-1.0016	-2.6244	2.1760	-0.8394	0.3131	-0.8319	0.5591	0.5446	-0.4821	-0.2005	0.3617	0.9612	0.0320	0.1045	-1.9926	0.7131	-0.1992	0.3261	0.5841	1.0836	-1.3291	0.0507	0.4735	0.4385	-0.6860	1.1608	0.2233	-0.3013	1.0159	-1.0416	-0.9873	-0.0947	0.0405	1.3837	0.9948	-1.6571	1.7490	0.3783	0.5429	-0.8692	-0.1935	0.3041	-0.8142	-0.8946	-2.1951	0.1852	-1.9699	-0.2085
0.2546	-0.7266	-0.1982	0.1136	-0.1942	-0.7335	1.2622	-0.5851	-0.4843	-0.3547	-0.6918	-0.4832	0.0177	-0.6119	-1.5677	-0.4173	-0.3421	-0.3191	1.6798	-0.2711	0.0405	1.1129	-1.3741	0.8688	0.8207	-0.6030	-0.0840	1.0873	-0.6606	0.1916	-1.1385	-0.1957	-0.1123	0.8301	0.0307	-0.6912	-0.8182	-0.3964	0.9753	-0.0991	-1.0070	1.1639	0.6170	-0.8466	-1.5010	0.7755	-0.3689	1.0735	0.0534	0.8622
0.1799	0.0368	-0.6070	0.3620	0.9109	-0.0793	-0.0716	0.2985	0.4568	0.0903	-0.5326	-0.2809	-1.1191	0.6603	0.5112	0.3772	-0.0123	-0.2320	-0.6905	0.5098	1.9967	2.7056	0.0394	0.1520	2.3266	0.7314	-0.9428	-1.2723	0.3436	-1.4921	0.5106	-1.3372	-0.5814	-1.3065	-0.9976	0.5673	0.8448	0.7806	-0.3592	0.6934	0.1419	0.7636	-0.1739	-0.4888	-1.4351	-1.7138	1.8794	0.7473	1.0170	0.9227
-1.1749	0.5618	0.9699	0.0599	1.4675	-0.5820	0.7786	1.3291	-0.6279	0.4576	0.5885	-1.4584	-1.4394	0.0120	1.4321	-0.4668	0.2860	1.5943	0.0155	-0.0192	0.8347	0.8882	1.7940	1.3246	0.9251	-0.8464	1.6702	-1.0550	0.6865	-0.8857	0.3776	-0.4214	-1.0433	0.4346	0.3363	-0.5770	-0.1936	0.0024	-0.2885	-0.4440	0.7011	-0.1976	-1.2977	-0.2015	0.8479	0.4525	0.6091	1.0858	-0.5241	0.9925
0.8578	-0.3768	0.7739	-0.5197	0.2811	0.7657	-0.5023	2.7841	-0.0041	0.2943	-0.2899	-1.6768	-0.5586	0.6387	0.0129	0.6045	0.2779	0.8649	-0.2495	-1.0978	0.6457	-1.0308	0.5873	-0.4791	0.2305	0.9081	-2.1555	0.5525	-0.5287	0.3813	0.1022	0.1581	0.4917	-0.0258	0.0559	-0.3766	-0.0826	0.3470	0.9764	0.7713	-0.2237	-2.1679	0.4608	-0.8061	1.2186	-0.0159	1.0082	-0.6313	-0.3090	-1.2252
0.1280	1.1345	0.6310	1.9463	-0.0980	0.5925	0.8129	-1.4390	-0.8773	0.3900	0.0992	0.5159	-1.1243	-0.3138	0.4056	0.5871	0.0582	1.4133	1.4512	0.6177	-0.8266	-1.8910	-0.1127	0.8204	-1.5635	0.6030	0.9874	0.2352	0.6224	1.6170	0.0893	0.0307	0.8402	0.4224	-1.2465	0.6460	0.9651	-0.3990	-0.8342	-1.0655	0.1140	-0.0701	-0.5053	-1.1027	-0.2547	-0.4917	0.5025	1.6270	0.4416	0.4666
-0.6851	-1.4603	-1.3881	0.4663	-1.3778	0.5866	-0.3877	-0.7081	0.6451	0.0892	-1.5826	0.2392	-0.8002	-0.7387	0.4968	0.3339	1.4395	-0.8637	1.2130	-0.9838	-0.6086	0.4516	1.2041	0.6640	-0.9169	0.4587	-0.4861	-0.4451	0.4704	1.7411	1.9402	-1.0074	0.8964	-0.7460	1.3206	-0.2392	-0.1776	0.2839	-1.3934	0.1185	3.7430	2.0758	1.2304	-1.1328	-1.1502	-0.4862	1.6710	-0.8784	0.4263	-0.8036
1.8913	0.3759	-1.1860	0.6521	0.5301	0.2618	1.2059	-0.7538	0.6209	-0.6179	-1.7368	-0.5842	-0.7229	0.3067	-0.6141	-1.0234	0.5713	0.1487	0.4779	1.1574	-0.0266	-2.1700	-0.6561	0.7858	0.8289	-0.1237	0.7766	-1.5843	-0.6117	-0.6523	0.5681	-0.2003	0.7062	0.4127	0.7016	0.9824	-0.4662	-1.4314	-0.0812	-0.9482	-1.0437	-0.1189	-0.3274	-1.6612	0.6042	1.2696	-0.5541	1.2400	-0.3208	0.0797
-0.3450	-0.0994	1.1873	-0.4389	1.7478	-1.0157	-2.6383	-0.6218	-0.9523	0.0995	0.5808	-1.2830	0.6388	0.8261	1.6762	-0.6782	1.7298	-0.1845	-0.4958	1.7631	0.0379	-1.7597	1.2324	-1.0685	1.0821	1.0707	0.2159	2.0731	-0.6669	1.1130	-1.4705	0.3117	-0.1910	0.7989	-1.4724	0.6329	-0.6768	-0.2222	1.4098	-0.4270	-0.9404	0.5003	-0.0287	-1.3065	0.3131	1.5164	-0.7705	1.6717	-0.1278	-1.0297
-0.9587	1.4669	0.7474	0.6791	-1.3906	-0.2227	0.5721	-0.5833	2.2036	-0.3671	-0.3012	-2.1173	1.5569	-0.0696	2.2790	0.4494	0.6361	-1.1074	0.4306	1.8663	0.1422	-2.0249	0.2093	0.8229	1.4685	-0.4379	0.7508	-0.8112	-0.5597	2.5617	-0.9979	0.9758	0.7274	0.7843	-0.6256	-1.7658	-1.2685	-1.2674	-1.4285	-1.3676	0.9169	-1.7022	0.2487	-0.4511	-0.1511	0.3958	0.8570	0.3458	-0.0652	0.1138
-0.2995	-1.3443	-0.5296	-0.3483	0.3701	1.8542	2.2445	-0.1589	0.3346	-0.6948	-0.9178	-1.0651	0.2277	-0.2070	1.1911	-0.2139	2.0448	0.2321	0.6316	-0.3402	-1.8102	1.7019	0.0317	-1.8920	0.4339	-0.4017	-1.6222	0.0693	-1.2025	-0.4512	-0.6351	1.6420	0.3904	1.4170	-0.1017	-0.6746	0.3602	-0.3127	0.9194	-1.4167	0.5448	1.1732	-1.5543	-1.3424	-0.2426	-0.1435	-1.1919	-0.8966	-0.3463	1.0659
0.6532	-0.0318	-1.0775	-0.2236	-0.4082	0.6868	-1.7894	0.2626	0.2752	0.3195	-0.9708	-1.5163	-0.0480	0.7075	-1.1153	1.9419	1.9569	-1.2797	-0.7964	0.9240	1.2783	-1.1744	1.6422	0.0294	0.6226	1.2063	1.1690	-0.8029	-0.1191	0.2042	-0.7649	1.4575	1.6042	-1.3993	1.5408	-0.9494	-1.1231	0.6886	0.0161	1.5969	-1.8880	-0.3390	-0.3855	-0.0472	1.9589	1.3126	-0.0368	0.1230	-1.3850	-0.3561
-1.0511	-0.3944	-0.9047	-0.7150	-1.8716	-0.2197	-0.3143	-1.2003	1.4215	1.3661	-0.0914	0.7117	-1.0229	-0.3939	-0.8526	-1.6626	0.5208	1.2704	-1.1304	0.4775	0.9987	1.8379	-0.3233	1.0161	1.1831	-0.1279	0.1972	0.5293	1.0722	0.4334	-2.1925	-0.3219	1.8433	-3.6438	1.5253	-0.7951	-1.5309	2.4111	-0.3213	-0.2201	-0.2741	-0.8354	-0.3617	-0.3135	-1.2619	-0.4544	0.8410	-2.2741	-0.9334	0.0867
-1.4720	-0.6281	0.3867	2.0107	-0.8414	-0.2394	-0.8940	-0.0518	-0.4343	0.5629	-0.5683	0.5883	-0.3360	-0.2820	-0.8252	-1.3575	-0.5293	-0.7331	-0.4596	-0.8199	-0.4481	1.2379	-0.8634	0.1353	-0.3718	-0.1762	0.0693	0.8515	0.5079	-0.1201	1.0810	-0.3811	-0.4762	-0.0017	-1.1546	-0.4981	0.6769	-1.7958	-0.5502	0.0756	-0.6841	-0.1337	-0.2719	-0.0075	0.6761	0.3711	-1.2381	0.8708	0.0976	0.3181
-1.3914	0.2894	1.0277	1.1263	0.0656	0.3640	0.6107	-1.7321	-1.5787	-0.2205	1.0360	1.0502	0.8053	1.1393	1.2185	0.9639	-1.0341	0.4088	0.5985	0.9128	0.1515	-0.1630	1.7228	-1.2003	0.6859	0.4092	0.4116	0.2138	-1.2570	-0.1357	0.0067	-0.9079	-0.7516	-0.1351	0.4607	0.2636	-0.8282	0.3589	0.4962	-0.8199	0.3102	0.3548	-0.2381	-0.6246	0.4535	0.4948	-1.2726	-0.2744	0.4240	1.3799
-0.2109	0.5685	0.3470	-0.3888	-0.5390	1.5012	0.7502	0.8534	-1.2304	1.0707	0.3721	-0.0578	-0.4045	-1.9687	1.2956	-0.5698	1.1744	-1.0906	-0.5389	-0.0724	0.6330	-1.7837	0.1705	0.7947	1.7040	-1.6234	1.3384	1.0540	0.2158	1.6864	1.8175	1.4865	0.8584	-1.3714	0.4565	0.6463	-0.3006	-1.5176	0.0605	1.2278	0.7057	-1.4866	0.7039	0.8452	-1.3527	1.4122	-3.7048	0.1181	0.0707	0.2882
0.2261	0.7939	-0.5815	-1.3419	-1.4063	-0.4171	0.5679	-0.3958	0.0354	0.7974	-0.7573	0.4936	0.6092	-0.9766	1.5906	-1.7285	0.4163	0.2154	0.8295	0.8133	0.0052	-1.4659	-0.8243	-0.7044	0.7507	0.4099	1.9705	0.4383	-1.2543	0.7940	-1.4321	-1.9112	2.0259	1.9187	-0.5331	-0.3398	2.0393	0.4863	0.0227	1.0951	0.9149	0.0151	1.5065	0.4029	-2.3935	-0.2546	-0.0633	-2.2253	-0.2466	0.5045
0.3652	-1.3133	-0.1995	-0.4625	0.4822	-0.4805	-1.4519	1.3556	0.1933	0.4316	0.1649	-0.0470	0.3385	-0.4875	0.5769	-1.1517	-1.2264	-0.2276	1.7497	0.3322	2.5226	-0.4585	-1.7985	1.6322	1.1044	-0.6403	0.6925	-0.6500	-0.1550	1.8310	-0.2720	1.3101	-1.2362	-1.6054	0.6125	-0.2521	0.6008	-0.8796	-1.3044	1.0534	-0.3886	1.0165	0.4824	-1.2371	0.4695	-0.8346	1.3003	-1.2755	0.2960	-1.5053
1.4028	-0.5648	-0.8064	1.5420	-3.5257	1.3989	-0.1490	-0.3935	0.2798	-0.4136	-0.7754	1.4869	0.9817	0.4762	-1.4414	-0.0933	0.3804	0.5637	0.6836	0.4068	0.0306	0.4001	0.5779	1.2859	-0.9427	-0.3116	-0.8992	1.3065	-1.4000	-0.7386	-0.1671	1.7373	-0.1635	0.3398	0.0855	1.4270	-0.5041	1.2314	0.6348	0.6331	0.0757	1.5340	0.8688	-0.3379	-1.5559	-0.0693	0.3100	0.0876	-0.6893	-0.1190
0.2830	1.2812	-0.2485	-0.4301	1.1064	-0.3541	0.8758	-0.4288	0.0552	0.1045	0.9100	-0.4819	-0.1851	-0.1577	1.9926	0.3445	-1.6366	-0.7303	-0.1970	-0.6468	-0.6963	0.5148	-0.2211	0.3775	-1.3944	0.0761	0.3754	-0.5196	-0.1719	-0.7217	-0.0822	-1.3914	-1.2130	0.1650	-0.1373	0.7084	-0.3604	-2.4563	-0.9044	-0.2682	-0.8338	-1.7452	0.9779	-1.4665	0.0410	-0.8844	0.2397	-0.2353	-2.1636	-1.1204
0.2713	-0.1855	-0.1058	-1.3192	-0.9681	1.1318	-0.7764	0.2779	-0.9503	-1.4971	1.4454	0.0547	1.5886	1.1884	0.2750	-0.0185	-0.0580	-0.3948	0.0458	-0.6010	0.1483	-1.0991	-0.9090	-0.7817	-0.1193	-0.8774	0.3275	-1.4482	0.2484	0.2410	1.4075	0.1598	-1.0888	0.0322	0.2198	-1.6904	1.2694	-1.8369	-1.3614	-1.1064	0.9808	2.0446	-0.9648	-0.3229	-1.0161	-0.7498	0.0120	0.6701	0.4324	-0.2472
-0.6421	0.1062	0.7747	-0.0961	0.2060	1.0691	0.1928	0.4504	0.8074	0.5084	0.2871	-2.1987	-0.5963	0.3140	-1.0210	-0.5242	-0.6016	0.1069	-1.0595	-0.1495	0.8787	0.4057	1.8984	1.6797	-2.2934	-0.4457	-0.2366	-0.1458	-0.8784	-1.4972	0.9204	-0.8734	-0.7261	0.0911	-0.9029	-0.2277	1.4555	-0.3446	-0.7232	0.6627	0.3807	-0.7264	-0.3970	-0.8235	0.0493	-2.1751	1.2040	0.4424	-1.2191	-0.4284
-0.8061	-1.7878	0.9612	0.6006	-0.3956	-0.7370	-0.7281	0.4605	-0.4590	1.4439	0.3631	-0.4224	0.1533	-0.3892	0.2827	-0.0186	0.1881	-0.4568	-1.9967	0.7147	-1.0083	0.8394	2.0528	1.1230	0.0229	0.2950	0.4561	-1.0998	-0.1121	0.8978	-0.3347	1.6460	-0.4524	-1.1858	0.7215	0.0919	0.2450	0.9515	-0.5946	0.9487	-0.2078	0.7780	-0.4820	1.5260	-0.5046	0.5567	-0.1537	0.6495	0.5189	-0.2674
-0.8390	1.7661	-1.0965	0.5316	-0.7229	-0.7246	1.4497	-0.4436	0.2311	0.3232	-1.5185	-0.9904	-0.9780	-1.0459	1.2005	0.7003	1.8577	0.9126	1.2761	1.3144	-0.1369	-1.5605	0.1237	-0.6846	-0.0227	0.1146	-0.8838	-2.7350	-1.6253	-0.7401	-1.1595	-1.1241	-0.2059	-0.6205	-0.7572	1.0970	0.7729	-0.9192	0.1343	-0.5791	-0.7912	-0.0289	0.9378	0.6336	-0.6784	-0.1132	-0.8302	-0.0683	1.8230	1.5766
-1.0793	1.2002	1.8186	-0.1528	-0.1168	-1.1396	-1.8647	-0.3529	1.2385	-0.3172	0.6748	0.8396	0.1980	0.9600	0.7303	-0.9871	-0.1084	-1.9107	0.0046	1.0782	-1.8434	0.1359	0.6501	-0.6150	1.0004	1.3325	0.0862	1.2924	-0.4429	-0.0988	0.2517	0.2131	-0.2688	1.2823	-1.4029	-0.1161	0.0674	-0.5007	-0.1984	1.4115	0.7943	0.1118	0.0577	-1.1767	-0.2965	0.0520	-0.4185	-1.8078	0.8962	-0.9161
-0.3643	-0.1917	-0.5662	-0.0326	-1.6947	2.2960	0.2110	-1.4379	-0.7704	0.7230	0.5376	0.3470	-0.7845	-1.6624	0.4756	-0.0765	-0.9655	-0.3893	-1.1454	-0.0468	2.0404	-0.7993	0.3726	0.1925	-1.4196	0.7923	0.8175	-0.5729	-0.0399	-1.3320	-0.2189	-0.3136	-2.1022	0.5783	1.0881	-1.0759	0.9960	0.0294	-0.3185	0.7734	0.6071	-0.6090	0.6496	1.0437	0.1641	1.0114	-0.1104	0.2426	0.4556	1.3593
0.9300	0.7962	-0.3515	-0.0480	0.4591	0.2568	0.8105	1.3477	-0.0369	1.9555	-0.8648	-0.0259	-0.5264	0.9513	-1.0939	0.0039	0.9915	0.7456	-0.3070	-0.4349	-0.4052	-1.0143	-0.6941	-0.0121	-1.1712	1.6040	0.0877	-1.7307	-0.6037	-0.2057	-1.0331	-0.8989	1.1443	1.3248	-1.7403	-0.3461	-0.3959	1.0533	-1.1221	0.9833	0.3794	-0.2449	0.0595	0.7985	-0.8105	-0.3830	-0.6812	0.0200	1.2108	-1.3893
-0.4377	0.2820	-0.6689	0.2956	-1.3082	-1.2650	-0.5002	-0.1122	-2.1184	1.6588	-1.5926	-0.3404	1.2964	-0.4053	0.3876	-1.4348	-0.8201	-0.3383	0.8273	-0.6495	-2.1219	-0.5832	-0.7928	-0.4572	0.3854	1.6551	-1.7305	0.1327	-1.1150	-0.0312	1.4141	0.2615	-0.7363	2.1608	0.8019	-0.7909	-0.3346	-0.5820	-0.6089	1.2846	-1.9517	1.0419	-0.1340	0.7800	0.8917	-2.0309	-0.7925	-1.6452	-0.1476	-2.3802
-0.1121	-1.0461	0.6256	-0.7301	-0.0082	-0.0845	0.3251	-0.5666	-0.6967	-0.5879	0.7982	1.1242	0.4143	0.9826	0.4111	0.9118	0.6165	-0.3553	-0.4511	-0.0647	0.0756	0.6182	0.0647	0.7100	-0.0587	-0.4343	2.2228	-1.0463	1.1656	-0.4653	1.6720	0.4546	-0.7611	-0.5972	-0.3369	-0.2159	0.1299	-0.1503	1.6490	-0.5413	-0.2963	-0.5377	-2.0410	-0.5783	-0.6622	-0.5825	-0.8550	-0.2626	-0.7800	-0.1911
-0.5528	1.3099	1.5666	0.5958	-0.7199	1.0597	1.6189	0.4541	0.7136	0.9982	1.3145	0.9985	-0.3155	2.4392	-1.1558	-0.3940	-1.7585	0.2551	1.6900	-2.5476	0.9027	-1.6663	-0.5635	-0.7438	-0.5676	-0.2274	-0.2962	0.1355	-0.5632	1.8459	1.9553	-0.7891	-0.4388	0.1050	0.7805	0.0015	0.6796	0.2613	0.6386	0.3260	-0.0314	0.6677	-0.7077	0.2376	-0.1596	-0.0872	0.1714	-1.6437	-0.9935	0.7507
1.5269	-0.6535	0.8277	0.5861	0.4923	-0.0568	0.0297	-1.1293	-0.4732	1.1752	1.5599	-1.3807	0.5118	-0.2367	-0.5612	2.2244	0.3406	0.1291	-0.0010	0.1926	-0.7013	-0.2025	0.7212	-0.0653	-0.3132	-1.2508	-0.1684	0.2018	-0.7751	1.9245	1.0840	-0.2529	-0.5980	-0.4248	0.3448	0.8038	1.0374	0.1890	-1.7440	0.2921	-0.6255	-0.1086	-0.1897	-1.3341	-0.3007	1.1814	-0.8604	0.9892	0.3109	0.9940
-1.1695	0.9306	0.9929	1.5643	-0.3287	-0.1452	-0.8256	2.9349	-0.7801	-1.0999	-0.6917	0.0911	0.6408	-1.2605	0.8340	2.3185	-0.6410	-0.1025	-0.3368	-0.2033	0.6211	1.4639	1.5927	-1.2286	-0.3782	-1.2662	1.3222	0.1605	-0.6413	1.4302	0.0264	-0.0817	0.0201	-0.2237	1.0348	1.6508	1.4613	-0.3626	0.8339	-1.5129	0.3005	0.5185	1.4744	0.0096	0.0496	4.5257	0.5191	0.0503	2.8575	-0.8137
-1.3325	-1.1681	-1.7256	-1.0282	1.0084	0.6168	-1.3329	0.6334	0.6142	-0.7352	0.4283	-0.6284	0.0835	-0.7650	0.2063	-0.8115	-0.8023	-0.1190	-1.4697	-1.1551	-0.3031	-2.2368	0.6737	-0.8298	0.6405	-1.4856	0.1653	-0.8575	2.4985	-0.4583	0.1335	0.2846	-0.4089	0.0491	-1.6585	-0.9307	0.8533	-0.8281	0.4928	0.3056	0.8377	0.4935	-0.8115	0.1571	-0.3933	0.0139	1.6459	1.4174	0.7277	-0.0642
-0.3776	-1.5599	-0.0375	-0.8862	0.0794	0.4415	0.6053	0.0684	1.1428	0.7865	0.7335	-0.2071	2.2767	-0.8470	-0.7862	-0.0360	-0.0145	0.6889	-0.1324	-2.6157	-0.4005	-0.3863	-0.8616	-0.1262	1.3542	-1.8313	1.2952	-1.1101	1.0515	-1.8689	0.7259	-0.4672	-0.9562	2.8294	0.1364	1.1563	-1.5107	0.0885	-1.1448	-2.1220	1.0045	-0.6753	0.4915	-0.5419	1.4496	0.4774	0.4832	0.6050	0.0360	-0.5478
-0.9880	1.1403	1.1402	-0.4237	-0.2410	0.0181	-0.2872	-1.1196	0.8322	-1.5031	1.5012	-1.6808	0.7481	-2.9121	0.5262	-0.5040	-1.9742	-2.1776	-0.3938	0.1973	-2.1096	1.3010	-2.1251	1.3234	-0.3984	-0.3011	-0.0831	1.5729	0.4369	-0.8676	0.1158	0.0301	-0.3362	-0.3523	-1.5257	0.6909	0.0363	1.1935	-1.3145	1.4022	0.8654	-0.2710	0.3468	0.2860	-0.5801	1.5310	0.5317	0.5100	0.3676	0.8399
0.5729	-0.3458	-0.5883	0.3283	0.9147	-0.0941	0.9493	1.8796	0.8251	0.3212	-1.1182	1.6344	0.1041	1.4393	-0.1589	0.3513	1.6483	0.5641	1.1289	-0.1482	-1.2404	-0.5488	0.8059	-0.2380	0.4362	-1.4857	0.7359	-1.0940	-1.2786	-1.3717	0.5605	-1.3969	-2.3341	0.3137	0.0661	-0.0349	0.3865	0.1697	0.8679	-2.7622	-0.4086	0.1696	-1.4743	0.1305	1.9184	-1.3701	-0.5589	0.9851	0.6712	0.1890
0.5035	-1.1949	0.1947	0.6121	-0.3920	-1.2701	-0.5108	-1.6786	-0.2137	-0.7998	0.6968	1.0813	-1.6425	0.6553	0.8238	1.4487	-0.5343	-1.5431	0.5667	2.8204	-0.9799	0.3939	-0.2375	0.8225	-0.7643	-0.2866	0.3473	0.7902	-1.3025	-0.5527	1.2504	0.4325	-0.5437	1.3844	0.5993	-0.1405	-0.3889	1.1339	-0.1319	0.0575	-0.4095	1.5054	-0.1600	1.1165	0.3664	0.7311	1.9042	-0.8623	0.0411	-0.9744
0.6898	0.2817	-0.7380	0.2521	1.0954	-1.0272	-0.2855	1.4675	-0.0167	-0.6638	-2.1345	-1.1871	-1.7977	1.8262	-0.8181	0.5428	-0.2608	-0.7223	0.2235	2.6756	0.8137	1.3461	-1.6408	-0.5291	-1.4009	1.0666	-0.3843	-0.9873	0.9734	0.6046	-0.0960	0.2148	0.4337	-1.0735	-2.1756	-0.2608	-1.1310	-0.4713	-1.0458	0.4203	-1.6126	0.4838	1.0593	-2.4202	0.7859	0.5819	0.9131	0.7549	-0.5425	1.5409
0.8180	0.0143	-1.3104	0.9498	0.0520	-0.8177	1.4173	0.4044	0.2164	-1.7947	-1.2509	0.3021	-1.4529	-0.4764	-1.1083	-3.0187	-1.3249	-0.5388	-1.1380	-0.3540	-0.3363	-0.6831	-0.8943	-0.6820	-0.7610	0.4917	-0.9336	-0.2609	0.1481	0.5942	0.6340	0.2838	-1.7281	-0.2771	0.2377	-0.3853	1.2016	0.7026	-0.1734	-1.3781	0.3935	-0.9433	1.3617	-0.7879	-1.5156	0.2892	0.6887	-1.3424	-0.3890	1.3491
0.8639	1.7317	1.3407	-0.0448	0.9769	0.8480	-0.1458	0.0730	-1.5112	-0.2378	-0.5513	-0.2467	-0.2184	0.0610	-0.2281	-0.8707	2.4877	-0.6708	0.9788	0.4533	1.1099	0.6150	-0.9574	-0.8822	0.4434	-0.9411	-0.4134	1.0157	0.3376	-1.3994	-1.2219	-0.8209	2.2551	0.4507	0.6597	0.0964	-0.2739	1.6049	-0.1947	-0.5559	-1.3185	0.1847	0.1615	-0.1787	-0.8451	1.2396	-1.1152	0.7144	1.6216	0.0408
-0.3324	1.0683	0.9734	-1.0399	-0.0947	-1.0117	0.0790	-0.6562	-0.1776	1.3045	0.7870	0.3969	0.4728	1.4089	0.7744	1.3208	0.6865	-1.0532	0.3584	0.9892	1.2750	0.9573	0.6495	-1.1158	0.9398	-0.5968	0.2296	-0.4283	0.1582	-1.8367	0.0552	-1.6744	-0.1627	-0.6829	1.2760	0.7869	-2.7316	-0.4409	-1.6575	-0.3384	-1.7946	-0.3305	0.1517	-2.7629	0.4830	-1.8694	-1.2031	-0.1388	2.6400	-1.1652
1.5888	-0.5002	-0.7257	1.1963	0.8485	-0.6770	0.2591	-0.8170	0.6638	2.5516	0.0071	0.5316	0.4964	-0.3964	0.4808	0.4319	0.2081	-1.3376	-0.5158	1.2090	0.2948	-0.4998	-0.5696	-0.0932	-1.8181	-0.7112	1.7042	-1.3225	-0.5995	-0.5014	0.2374	-1.4389	-0.1293	1.1281	-1.4315	-0.7593	-1.1553	-0.6990	-0.3786	1.1019	-0.6217	1.2912	-0.6574	-0.4534	0.6058	-1.1399	-1.3917	-2.0676	0.9031	-0.1032
1.5722	0.6263	-0.0852	0.0218	-0.8974	1.0351	-0.3203	-0.3107	-0.2364	0.3893	0.4587	-0.2571	1.0801	-0.3320	-0.0190	0.1667	-0.6157	-0.7790	1.1416	0.1455	-0.9696	-1.0877	-0.3154	-0.2788	0.0383	-1.5198	1.7472	0.1962	0.1073	-0.9070	0.1011	0.9583	0.2958	1.3071	1.5201	0.2186	-3.1140	0.6332	0.2757	-0.1988	0.4302	1.7790	-0.0966	-1.2185	0.0248	0.4768	0.2019	0.0707	0.0565	1.3133
-0.4482	0.2625	-1.3207	-0.6657	0.8165	-0.7439	0.4656	1.4517	1.3394	-0.4003	2.6441	0.2024	1.0287	1.2760	-2.0477	0.2467	-0.9712	-1.8262	0.4530	-0.1520	1.0667	0.7783	-0.5920	0.2816	0.7574	0.4118	0.8850	0.0962	-0.9759	-1.5321	-0.1784	1.8500	2.0522	-0.9400	0.9312	1.0341	-0.0283	-0.8220	1.4355	-1.1844	-1.2382	0.5227	1.2217	-1.0317	0.3389	-1.4266	1.1083	0.7504	1.3710	0.4041
0.4297	-0.0790	0.0242	-2.9086	-0.3177	-1.1660	-0.6245	-0.4319	-0.3418	1.2579	-0.1162	-0.0698	0.4654	1.4894	0.8844	0.1206	-0.4416	0.6139	-0.5632	-1.0935	-0.3497	-0.2309	1.2776	-0.0257	1.5240	0.9346	0.5784	0.3656	-1.5197	-1.2682	0.8822	1.2109	0.9501	0.1421	0.0198	-0.8303	1.0715	-0.3036	1.7961	0.2573	-0.3826	3.9986	-0.4325	1.2305	-0.3736	-0.8503	0.4596	-1.5818	1.2192	1.1570
0.4173	0.0464	0.8683	-0.4914	-0.7998	-1.4093	-0.4576	0.9677	0.1472	-0.0697	-0.3197	1.2661	-1.6724	-0.2988	-1.4203	0.3237	0.2463	-1.2385	1.0104	0.0281	-1.0428	-0.1305	-0.4308	0.8510	-0.4487	-1.3636	1.0901	-0.9895	-0.7321	-0.8061	1.1573	0.7635	0.1590	0.0304	0.1475	-0.2557	-0.1119	0.8095	-0.4770	-0.6383	0.5723	2.2370	-2.5469	-0.5875	-0.3641	-0.2976	0.8632	1.6247	-0.5834	-0.2764
-1.7429	1.2864	0.7064	0.9304	0.3888	-1.1395	-0.7170	-1.8400	-0.4157	0.1824	0.8737	-0.1629	2.2932	-1.4259	-0.8966	2.5940	1.4405	-0.5869	0.7436	1.8921	-0.0730	0.6245	-0.5099	0.4845	0.7637	0.5564	-0.5215	0.2459	2.4670	0.9514	-1.0948	-0.3094	1.1897	1.3497	0.8437	1.0917	2.0189	-0.3113	0.1917	2.0210	1.0224	1.5450	-0.1154	0.3945	1.2236	-0.1731	0.6072	1.1626	-1.2165	0.6677
0.0862	-2.2135	0.9437	0.2079	-0.2563	-0.7831	-0.9962	0.2675	0.0024	0.5203	2.1599	1.1791	0.3343	-0.0254	0.0653	-0.8029	-0.1109	1.1894	2.5882	-0.7148	-0.7794	0.1912	-1.0816	1.0275	2.0212	0.2051	1.2038	-1.0903	-0.7945	-0.9326	1.0328	0.3018	0.0837	-0.1301	-0.6641	-1.9251	2.1975	-0.4242	0.8015	-1.9530	1.3437	-1.2181	-1.0017	1.9620	0.7726	0.8902	-0.5166	0.8690	0.7573	-0.0571
-0.6244	-0.4286	1.0235	-1.6598	0.2082	0.7049	-1.7882	0.6301	0.3946	0.2675	-0.0549	0.0254	0.0705	-1.1506	0.3970	-0.4202	1.6195	-1.6039	-0.5991	-0.2961	0.6679	-2.1872	-0.8435	-0.4661	-0.7159	2.2909	0.7945	0.3655	1.7509	-0.2562	0.6258	-0.8343	1.4786	-0.9917	0.8739	1.4947	0.0869	0.5468	-0.5503	0.1988	0.1097	-1.2062	-2.3033	-0.5777	0.7923	1.3267	-0.0150	-0.5039	-0.7053	-0.8771
-0.3394	-0.8328	0.1279	-1.5044	0.9422	1.3328	1.5506	0.3408	-0.6904	-0.7028	1.0232	-0.0807	2.4601	1.6713	-0.5125	-1.1465	-1.0376	0.1060	-0.3140	0.3969	-0.8310	-0.9267	-0.7314	0.8167	0.0845	-1.4773	1.0847	-0.9013	-0.9094	-0.7280	-0.1554	-0.9623	-0.4872	1.9091	-0.3233	1.1641	0.5239	-0.1867	0.2201	-0.5021	-1.8152	0.5887	-0.1968	-0.7668	0.5156	-0.8650	-0.4453	0.9101	-0.0083	-0.0191
-1.1816	-0.1931	-1.0432	-0.8980	-0.7741	-1.1490	0.8030	-1.1577	-0.6066	1.1396	0.8669	-1.3922	-0.5733	0.8048	-1.5770	-0.2391	-0.4344	0.7460	-0.7605	-0.7268	-1.3081	-0.8029	1.8068	-0.0529	0.3706	0.1256	-0.0309	-2.0582	-0.3226	-0.5743	0.2633	-0.8892	-1.5916	-0.0501	-1.4215	-1.7590	-0.1304	-2.2097	0.8411	-0.7137	0.1079	0.4586	-1.2231	-0.0635	-0.9348	-0.4716	0.2328	0.5596	-0.7662	-0.8883
-0.2016	0.1341	-0.3262	0.2775	0.3149	0.2647	-1.2232	0.8007	-1.5606	-0.6718	-0.5026	-0.2012	-0.2390	-1.4152	-0.9702	1.4958	-1.3059	1.8066	0.2950	0.5246	-0.3325	-0.2774	-0.0857	-0.8396	0.6946	0.5782	-1.0601	0.0505	-0.2282	0.5721	-0.2592	-0.4382	-0.3597	-0.0115	-1.1741	-0.8795	-0.5330	1.1422	1.6715	-1.5082	-1.5003	0.2512	1.0136	0.9488	-0.2980	-1.5770	-0.2047	-0.3285	-2.0762	0.2943
0.2643	-0.5144	0.6918	-0.5824	-0.7226	-0.1409	-0.3045	0.1661	-0.1310	-1.3781	1.0154	0.8691	-0.4055	-0.9112	0.3996	-0.9525	0.7318	1.4457	0.4746	-0.0342	0.0455	0.4005	-1.5245	0.6219	-2.8310	0.4356	-0.4429	-1.0467	-0.2408	-0.3017	-0.0445	0.3922	-0.6531	1.2146	0.4367	1.3890	0.8203	-0.9373	-0.4035	-0.0012	0.8379	-1.2176	0.2262	-0.1247	0.1415	1.0661	0.8018	0.3402	0.0994	1.2712
0.9088	0.4973	-1.5785	-0.3217	-0.8500	-0.3664	-1.3725	0.0213	-0.8993	1.0516	-0.0051	1.0871	-0.0198	-0.5482	1.8852	-0.2688	-0.2600	0.7977	-1.2292	0.8625	1.1267	0.8665	-0.8226	-1.7453	0.8384	0.2851	-0.5389	1.0536	0.1517	-0.6315	-1.4937	-1.4886	-0.3981	0.2879	0.0915	-1.3678	-1.9181	-1.5262	-0.3025	-1.1130	0.8421	0.7673	0.8553	2.0543	0.8067	0.8422	0.9461	1.8988	0.2768	0.3824
0.9398	1.6734	1.0971	-1.0763	-0.6510	0.8544	0.0689	2.6373	0.6482	1.3542	-0.2604	0.3001	0.6506	0.6842	-0.3822	-0.4712	-0.6534	-0.8815	-0.6944	0.1692	0.1155	-2.6329	1.7361	-0.2860	1.9967	-0.5853	1.1951	-2.2022	-0.0247	-1.0532	-0.1832	0.7792	2.0763	-3.5405	0.7987	0.9660	1.1793	-0.7359	-1.9198	0.6406	-0.7250	-0.7537	-0.8729	0.0013	-0.3115	0.8540	-0.2167	0.8417	0.9938	1.7559
1.3329	-0.1510	-0.2505	-0.3332	0.2989	-0.1458	-1.3620	0.3453	-0.9709	0.0569	1.2186	0.3236	-0.9689	0.9862	-3.2203	-1.5536	0.6406	-0.5657	0.5655	0.3980	-1.0268	-0.5926	0.5713	-0.0601	-0.6991	1.3263	-0.3916	-2.8026	0.5002	0.0264	0.3545	0.5681	0.0868	-0.5846	0.7383	-0.2177	-1.5877	-0.5766	-0.2997	1.0880	0.2539	-1.6562	0.0120	-0.8809	-0.4406	0.6612	1.4405	-1.4004	-1.0322	0.3485
0.1701	1.4087	-1.4521	-0.8386	-0.2735	0.7279	0.2353	-0.3516	-0.9889	-0.4206	-0.7213	0.8754	0.9482	-0.0575	0.8085	-0.1253	0.9545	-0.3366	-2.3017	-0.3351	-1.2092	-1.2126	0.5769	0.4689	-0.8836	-1.1182	-0.1949	1.0221	0.7535	-1.3087	-0.5676	0.2574	1.1491	0.7309	1.3643	-0.7638	-0.6398	0.1268	-1.1337	0.8095	1.3210	-1.3868	1.9719	-0.4430	1.7667	-1.2230	-0.8987	0.1458	-0.6110	-1.4582
2.3709	-0.5983	1.1415	1.8580	-0.8529	-1.0985	0.7390	0.1116	-0.5115	1.0467	-0.7354	0.9113	-1.0429	0.6989	1.8115	0.2828	-1.5483	0.4070	0.0838	1.4665	-0.8757	-0.0265	-0.5396	-0.9392	0.5405	0.8564	0.8516	0.0962	0.7631	-0.0275	0.4160	-0.9480	-0.4755	-0.0844	1.0956	0.8709	-0.6137	-1.0171	0.8711	1.6708	1.4130	0.0486	1.7779	1.2590	-0.7726	0.3389	0.4551	-1.4952	0.4732	-0.4578
0.1736	0.8426	1.0610	-0.2680	-1.5488	-0.0353	-0.4895	0.3534	0.8958	-1.4033	2.1533	0.9958	-0.7265	0.2937	-0.1774	-1.3657	-0.7333	1.2600	-1.1064	-0.1304	-1.0775	-0.7292	-1.1358	0.7131	0.6788	1.0287	0.3450	0.9257	1.0332	0.9925	0.4223	0.3270	0.1182	-0.7903	-0.5729	-1.0841	-0.1272	-0.6829	-0.6106	1.5020	-0.4437	0.1083	1.0543	1.4502	1.2684	-0.4929	0.6767	-0.0298	-0.3004	0.3656
1.3800	1.1888	0.6127	0.2361	-0.4996	-0.6002	-1.8177	1.6278	-0.5785	0.7755	2.3311	-0.7072	-0.5087	0.3300	0.4870	1.0574	-1.5403	-1.1505	-1.1113	0.3381	0.4693	0.2064	-0.6211	-2.3103	-0.1589	-2.1857	0.4310	1.2249	1.0679	0.6455	1.5188	0.0837	0.9863	2.2601	-0.2086	0.3673	-0.2860	0.1643	-1.8260	0.5771	-1.0630	-0.6693	-1.8361	0.1036	-0.3963	-0.3353	-0.7660	-1.1687	0.5859	-0.2862
1.1729	-1.0712	-1.2125	1.1672	1.3421	0.3434	-0.5747	1.2119	-0.9883	-0.0500	0.9819	0.1359	-0.3650	-0.5807	0.1841	-1.7198	0.4374	0.9246	-0.0411	-1.3404	-1.4854	2.1824	0.6119	-0.5938	-0.5523	0.5371	1.0411	-1.4690	-0.0620	-1.2741	0.3098	-0.2346	0.6297	0.6958	1.8216	-0.3436	-0.8575	0.0823	1.5579	-2.3798	0.6578	0.7528	0.5699	-0.6960	-1.9803	0.3440	-0.8636	0.5392	0.5379	0.8788
0.2340	-0.7209	0.2640	-0.9270	0.3205	2.1395	0.5776	-0.6736	-1.5155	-1.4559	-0.3139	1.7892	1.2341	0.6325	-0.4944	-0.1784	1.2192	-1.0775	1.0082	-0.5429	2.1495	-0.5654	-1.0937	-0.4782	1.2845	-1.9135	0.2703	-1.5433	-1.1632	0.9365	-0.8543	0.6749	1.3926	0.6958	0.6878	0.1351	0.6315	-0.3880	-1.3801	0.3621	-1.1372	0.0695	0.3692	-0.7291	0.5570	0.2391	1.4223	0.4057	-0.7584	-1.3663
0.6992	1.4123	1.0810	1.0297	-0.1945	0.2609	-0.5495	0.4310	0.4543	0.1649	-1.2118	0.2399	-0.0796	1.2857	0.1249	0.2355	-0.5894	0.1492	0.1478	1.2627	-0.9946	-0.4567	2.3976	1.3284	-1.4319	0.8413	-0.6685	-0.1214	2.6243	-0.2728	0.7370	-0.3070	-2.0170	-2.1502	1.4288	-0.1347	-0.4653	-0.8181	1.5076	-0.2301	0.3733	-0.8594	-0.0736	-0.5183	-2.0038	1.9116	0.1284	0.3476	-0.1544	-2.0540
0.2731	-0.0347	1.4025	0.2010	1.2343	1.1470	-0.6414	-0.4915	0.2155	1.5380	0.5302	0.2815	-2.6034	-3.7599	-0.7888	0.1871	0.7636	1.2373	-2.7243	0.7563	1.2656	-0.6118	-1.6995	-0.7594	1.5663	-1.3842	-0.4066	-1.2362	0.6687	0.3205	0.6624	0.3043	0.9805	0.1203	1.3079	-0.2059	-0.9920	-1.1461	-1.5533	0.0235	0.0993	-0.8110	0.9019	0.3841	1.4720	-0.9541	0.2108	0.8635	-0.5008	0.2711
1.3943	-0.5481	-0.0015	-0.6280	-0.6250	-0.1497	-2.0435	-0.4122	-0.0563	0.1274	1.0069	-1.1697	-0.4778	0.2701	0.5993	1.4330	0.7211	-0.5201	-0.1636	-0.3436	-2.3813	0.7747	-0.3449	-0.4126	1.5966	0.6508	0.7632	1.8249	-0.5458	-1.8451	0.3581	-0.0659	0.7406	0.9111	-0.0848	0.6641	-1.4978	0.9539	1.0869	0.7010	-0.9389	0.5308	-0.9474	0.4881	2.2327	1.1258	-0.1007	-0.9207	-0.8690	-0.0867
-1.3103	0.4259	0.2633	0.7369	0.5772	0.1078	0.3852	0.5709	0.9713	-1.5059	0.8603	0.7797	-0.8938	-2.5929	-1.3550	0.6470	1.3297	0.0838	-0.5985	-0.0789	1.9863	0.9195	0.6249	0.1030	-0.4663	0.9358	-0.0854	0.9392	0.2441	-0.6672	0.3636	-1.2360	0.9926	0.0176	-0.1184	1.4495	-1.6393	-0.0356	-0.8686	1.2525	0.1024	0.6557	1.0089	0.2938	0.5884	-0.1856	0.3424	-1.3653	0.6407	1.9363
-0.4008	-0.1561	-1.2221	-0.1534	-0.7245	0.2028	-1.6700	2.3145	0.0060	-1.1006	0.5267	0.7156	-0.9964	-0.9920	-0.4288	0.0427	-0.9836	0.4855	-1.7509	-0.5933	0.2487	1.0281	0.5871	-1.4453	0.0615	-0.7860	-0.0540	-0.1584	-1.8176	0.2011	-0.2417	-0.0518	0.7255	-1.4124	0.4922	-0.1129	-0.3080	0.1064	-0.8488	0.5316	1.6299	0.8653	0.5257	1.6330	-1.4817	-0.0979	-0.2352	0.5387	1.0010	-1.3461
-1.8394	0.7516	-1.8670	0.6959	-1.2469	-0.0199	1.6564	1.5190	0.2797	0.1246	0.2606	-0.8881	-1.4311	1.0122	-0.8081	0.8575	0.5102	-1.1316	-0.9045	-0.8951	0.2780	1.2164	0.0726	-2.6129	-1.8642	0.3009	-0.3909	0.1495	-0.1009	1.2816	-0.0731	-0.0603	1.4436	-0.3154	-1.1217	-1.2146	0.0460	-1.3266	-1.3179	0.1556	-2.1125	-0.5626	-0.0115	0.9127	-1.4708	0.3655	-0.6300	1.7539	0.2860	-0.2170
-0.3350	1.4478	0.0982	0.5103	0.6990	1.5113	-0.4648	1.3061	-0.2700	-0.8546	-0.6596	0.1612	1.5797	0.5554	0.1571	0.1959	-0.1214	0.7399	0.8718	1.6633	0.8737	-0.5950	-0.3899	-0.9286	-0.8826	0.0875	1.2600	-0.3017	-0.5981	0.5744	0.8867	-0.1618	-0.8441	-0.2514	-0.1953	0.4917	1.0839	-0.7145	1.8161	1.6801	-1.7656	-0.4987	-0.1472	-0.9426	1.2517	0.8431	-1.2506	-0.7899	1.0409	-0.8127
-0.1410	0.0233	-1.1284	0.6500	-0.9956	-2.8205	1.0003	-1.0947	1.0697	-0.0788	-0.0428	-0.3944	0.3323	0.9161	-0.5177	-0.5595	2.3302	-0.9592	-0.7867	0.2156	0.0059	-0.7626	0.6428	-0.1360	-0.2717	1.9552	-0.9650	1.2959	-0.0737	0.4142	-0.9471	1.1062	1.2655	-0.5834	1.2170	0.3844	1.7702	-2.6519	-0.4172	0.3580	-0.2932	0.9614	-0.7581	0.6718	-0.4258	0.7457	1.3176	-2.0592	-1.2894	-1.7866
-0.0890	-2.6588	-0.0986	0.6757	0.6793	-1.1228	0.4373	0.7148	1.6203	0.4279	-0.5455	0.5810	0.6589	-0.2954	-3.0744	0.7049	-0.8054	-0.3678	0.2195	0.3240	0.4582	-0.8881	-1.4531	-0.1481	-0.0016	-0.6942	0.9930	-1.9102	-0.5529	-0.6368	-0.6305	-0.4455	-1.5641	-0.9060	1.6242	-0.2326	0.0170	1.1116	1.3289	0.1774	0.5676	0.5540	-1.4026	-1.4786	-0.2425	1.2953	1.2085	-0.3265	0.2823	0.9510
-0.1248	-0.8725	-1.7362	-0.7053	-0.2820	-1.3985	0.7149	-0.2102	0.6987	0.5987	0.3269	0.0275	0.7811	0.8476	0.0490	2.6058	0.4065	0.5724	0.3153	-0.0851	-0.5394	-0.3373	1.0951	-0.1943	1.0364	1.5687	-0.9354	-0.0800	0.4706	-0.6618	0.6657	0.2429	0.3881	0.8017	-0.1625	-0.1922	0.8837	0.8037	0.1612	1.7049	1.3429	-0.0045	1.8503	-0.5636	2.1393	-2.3038	-1.4750	-0.1499	-1.4875	0.8416
-1.2634	1.0007	-0.0060	-0.7394	-0.4881	-0.6924	2.1839	0.2267	0.1647	0.7135	-0.8220	-0.4706	-0.2763	-0.6853	1.8394	1.0873	0.3173	-0.9364	0.7727	-0.3639	0.1374	0.8850	-0.2161	1.7969	1.2525	-1.7698	-0.6813	-0.7309	0.1337	-0.3983	-0.4287	0.3955	-0.1952	-0.3119	1.4596	-0.9484	-0.8177	-0.3052	0.6725	0.5735	-0.9163	-0.7201	0.0205	2.0966	-0.9344	-0.5912	-0.6255	0.6913	-0.3366	0.2851
-0.4918	-1.3656	0.7050	-0.6654	1.5943	0.3686	-0.9588	0.9965	0.3828	-0.7550	-0.1220	0.2061	-0.2025	-0.6939	-0.5500	-0.7810	0.2032	-2.2091	-0.8139	0.2070	-0.2648	0.6886	0.7397	-0.8305	-0.2829	-1.1806	0.6659	-1.5996	0.2392	-0.8504	-1.8829	0.3068	2.2314	-0.3209	-0.7506	0.1671	0.8066	0.3268	0.2304	-0.2307	1.3710	-0.7469	1.9751	-0.8850	0.3288	0.6187	0.2628	-0.0889	-0.2125	1.2454
0.3284	-0.1313	-0.9947	0.7437	-0.4410	0.8032	-0.8565	-1.3897	1.6301	-0.0812	-0.7061	-0.0713	-0.3780	-0.0164	-1.8320	0.5152	0.6273	-0.7427	0.2537	0.5675	0.0343	0.4098	0.7104	-0.4550	-1.7255	-0.5406	-2.0534	-0.3256	-0.3830	-0.4151	0.0981	0.3712	0.3028	0.1004	-0.4890	1.0392	-1.3341	0.3810	0.2365	0.7509	0.0889	1.4614	-1.0765	-1.1874	0.4527	1.6565	-0.3246	1.6040	0.6498	0.1833
-0.6621	0.2279	-1.8262	0.8450	-0.4192	1.0360	-0.3774	0.2414	-0.5523	-1.7938	-1.6029	0.4354	-0.4600	-0.1552	1.0840	-0.5386	0.3349	-2.4156	-0.9826	-0.3321	-0.4944	-0.1354	0.9763	-0.1452	0.6144	-0.8626	0.4314	0.2244	1.0516	-0.8017	-0.8019	-1.1733	-0.0096	0.3148	-1.6582	0.3420	0.3836	0.0642	0.8930	-0.3884	-1.2732	-1.9483	0.8954	0.3850	1.0300	-0.7013	-1.0159	1.2186	0.8014	-2.1436
0.3921	-1.1209	-0.0644	-0.2279	-0.3052	0.6689	-0.4285	-0.2286	-0.4378	1.4689	0.3526	1.0563	-0.2469	-0.2536	0.5402	-0.0461	-0.7006	-1.0560	-0.5576	-1.6787	0.1322	1.2809	1.8401	0.0153	-2.3382	1.1094	1.5360	0.2375	-0.1341	-1.2770	-1.5342	0.6350	-0.5145	0.8214	-0.9514	-0.9846	2.1465	-2.0807	1.6259	1.1522	0.0426	2.6240	0.6203	-1.7929	0.6048	0.1478	1.5375	-1.0579	2.6765	-1.5360
-0.7224	-0.0462	-0.4355	-0.6522	-0.4085	0.2705	0.7721	-1.3433	-0.6272	1.6959	0.7829	1.4674	0.4856	-0.1932	1.5506	-2.0460	0.6155	1.4748	-0.7374	0.4238	-0.6022	-0.4863	-0.0158	-0.1388	-0.4715	0.7805	-1.0159	1.7803	0.4405	0.3022	0.0434	0.9216	-0.1306	1.0721	-0.6182	-0.5422	-0.2662	0.4818	-1.1272	-0.3979	-1.2423	-0.2083	2.1752	0.0508	0.1985	0.4625	0.5388	0.5421	-0.9973	-0.3010
-0.2637	0.1642	-0.4856	0.2249	0.5263	0.6046	-0.7812	-1.4252	1.0369	0.4340	0.3859	0.7146	-1.5242	0.6868	-0.5319	-0.5082	0.3429	-0.4508	0.1557	0.6985	0.4327	0.6069	-0.3143	0.6540	-0.2586	0.4338	-0.4149	0.3372	0.8157	1.2220	0.3273	-0.2511	-0.0550	0.6520	1.2894	-1.0508	0.7967	-0.3599	-0.5825	0.1743	-0.6962	0.3669	-0.1539	0.7791	1.9961	-1.0579	-1.1175	0.9844	-2.1926	0.1593
0.9668	-1.0388	0.0659	0.5821	-0.4522	-1.2916	-0.0248	0.0710	-0.9480	-1.7855	-1.0855	-1.3607	-1.1538	0.8690	-0.2747	-0.4491	0.9580	-0.2951	-0.1172	0.4805	0.5290	0.2915	-0.4020	-0.2445	-1.0520	-0.6215	-0.3224	-0.1703	0.6160	-0.8416	1.5502	0.3956	-1.0362	-0.2570	-1.0480	1.5335	-1.4246	-0.2141	0.1194	0.7233	0.5309	0.3738	1.4953	0.8089	-1.5110	0.0874	1.1011	1.1496	0.3894	1.0743
0.1125	1.1965	0.2559	-0.0968	0.2709	-1.1466	-1.2630	0.6178	1.1940	-1.0179	-1.8331	0.8983	1.2866	-0.0868	1.1348	-1.0153	0.6338	-0.5385	-0.4301	-1.5505	-0.3620	-1.1217	0.2770	0.9749	1.5208	-0.8428	0.7990	0.6676	-0.6056	-1.4673	-0.0159	2.8108	1.2099	0.3305	-1.6128	-0.4778	-0.2911	0.2165	-1.2073	0.1126	1.5123	0.5484	1.1582	-0.9164	0.3834	-0.0695	-1.1675	0.4798	0.6809	-1.2122
0.7834	0.1472	-0.5265	-0.7982	0.5643	0.1476	1.7543	0.2760	-0.8210	-0.2678	-1.1415	-1.7210	0.3846	-0.1394	-0.1271	-0.0336	1.3045	0.6658	1.2972	0.6442	0.3171	-0.7737	-0.6651	-0.0464	0.7286	-1.6639	-0.9251	-0.0883	-1.7555	-2.1552	-1.2214	-0.4191	0.0675	-1.0404	-0.7519	1.1209	-0.0907	-1.1420	1.5743	-0.7396	-0.3969	0.5554	-1.6924	-0.1810	0.4577	-0.5421	0.2303	0.1658	0.8331	-0.1927
-1.2109	1.2085	1.3061	-0.3919	-0.2036	-0.3661	0.6462	-0.4487	0.3063	-0.3668	0.8588	1.2710	0.4551	-0.7098	0.8563	1.4022	1.1802	-0.4679	1.0367	1.1163	1.9625	0.5313	-0.8289	0.3637	-0.4014	-0.1367	-1.5420	-1.5197	-0.5677	-0.3058	1.1332	1.3833	-0.0719	-1.3715	-1.6487	-1.5733	-0.5020	-0.4089	0.3808	-0.6287	0.3374	0.0289	0.7973	-0.8088	-1.5546	-0.6081	-1.5999	0.8859	0.0597	2.1394
-0.2547	0.1896	0.4916	-0.8684	-0.3465	-1.4824	1.2494	-1.0756	-2.2737	0.5768	2.0914	0.0399	-2.6831	1.2455	-0.6903	-1.0700	2.1124	-0.1942	0.2728	0.7329	-0.4102	-0.2635	-0.0636	-2.1376	1.5235	0.0373	-1.4688	0.6080	-0.1508	0.5298	-0.6041	0.0538	-1.0015	0.8882	0.3162	0.0538	0.4795	-0.8019	0.6546	-0.1808	0.0298	-1.0936	-1.2083	-0.2854	0.2561	0.8088	-1.4899	-1.1343	0.4789	-0.6742
0.7739	-0.5235	-0.4290	-0.3883	0.0359	-1.2715	-0.4290	0.0889	-0.0770	-1.0289	-0.6297	-0.1432	1.1102	-1.4347	1.5443	0.0280	-1.5106	-0.6908	0.8258	0.7609	-0.9544	0.1413	0.2244	-0.1766	0.7055	-0.5817	-0.6053	-0.3382	0.8288	1.2374	-0.7236	-0.9891	-0.0498	-0.8325	-0.2726	-3.3392	1.6933	1.0380	2.7561	0.3638	-1.8457	-0.2550	0.1197	-0.1330	-0.9360	0.1508	0.4506	0.7051	-0.6597	0.0187
-0.5156	0.4267	-0.7665	-0.4688	0.1586	-1.0833	-2.1785	-1.2624	-0.8939	1.3812	-0.4479	-0.2918	-0.9477	-0.6900	0.7367	-0.6873	-0.2816	-0.5374	1.0698	0.8052	-0.2564	-0.2743	-0.3199	-0.7963	1.0585	0.4862	0.5307	-0.8894	-0.0235	-1.4122	-0.9780	-0.7493	-0.3941	-0.5756	-1.1272	0.9549	0.8309	0.2721	-1.5387	0.1926	0.1475	-1.3213	0.6935	-0.2145	1.5442	0.2407	1.6251	0.2992	-1.2890	0.5513
1.9702	-0.7358	-1.2866	1.2148	-3.1709	-0.5526	-0.7048	1.6178	1.1158	-1.0221	-1.6249	-0.2149	1.5989	0.9488	-0.3801	0.3889	-0.3900	1.3918	0.7099	-0.1302	0.7750	-0.1840	-0.1454	1.1838	-1.5091	-1.5808	-0.8625	0.6583	-0.9084	1.4528	-1.1460	1.4434	2.0363	-0.0256	0.1271	0.7276	-0.5802	-1.5187	-0.1765	-1.4836	2.4402	-1.3836	-1.3633	1.6495	-0.7244	0.7455	0.6061	0.0125	0.1267	0.6247
-0.6000	0.8658	-1.5100	-1.2982	-1.1671	-0.1711	-0.9916	1.4962	0.8013	0.2847	-0.4915	0.6167	1.5801	-0.9238	-0.5900	0.2058	0.3613	0.0905	-0.9064	-0.7989	-0.8876	3.0099	-0.7876	1.0540	2.9753	0.4641	0.6886	2.0156	-0.6791	-0.2781	1.6812	-1.1876	-0.2801	-0.0265	0.9429	0.3938	-1.6613	1.3459	-1.1629	0.8719	-0.6054	0.1469	-0.3265	0.0539	0.9627	-0.0458	-0.6498	0.7683	1.0275	0.7757
0.6938	-0.2195	1.0366	-0.1399	-0.6820	-0.0158	-1.7416	1.0997	1.0137	1.1395	0.5664	-0.4936	1.9176	1.0946	-1.1826	-0.2591	-1.7091	0.5621	-0.8445	1.6168	0.7253	-0.6884	-0.8813	2.2393	-1.3138	0.6277	-1.0052	-0.7616	0.9322	1.2694	-1.8513	0.5754	-0.3464	0.3837	-0.3381	0.0770	-0.3674	1.2382	0.2715	-0.6200	-0.1710	0.1919	0.2799	0.2454	0.3433	-0.6689	0.1570	-0.5552	-0.1064	-1.1576
0.4134	-2.5819	0.1652	-1.0970	-0.0177	0.4022	1.5003	0.8620	0.4773	-0.7829	-0.6837	1.7318	-1.0320	1.2479	-0.5691	-0.6454	-0.8882	-0.7828	0.8608	0.6367	-0.5964	-0.2975	1.2719	-0.7776	1.6331	0.3440	1.2093	-0.2850	-1.0117	-0.3316	1.2650	-0.5762	0.7917	-0.4181	1.3741	0.6956	-1.1123	-0.9967	1.9309	-0.2145	0.8708	-2.4972	-1.7260	-0.1716	0.0062	-0.3715	0.0569	-0.2455	0.6062	-0.5183
-1.7344	-0.6487	-0.8895	-0.5914	-2.5677	-0.9502	2.8256	0.5610	-0.4473	0.7338	-1.1625	0.5391	1.7474	2.2181	-0.3806	-1.4037	-0.4927	1.4199	0.0716	-0.9239	0.4126	-1.8660	-1.5568	-0.0705	-0.1599	0.2546	0.3791	0.2189	0.9450	0.9315	1.0521	2.3167	0.9722	0.8696	-0.2229	-2.4048	-0.4885	-1.0083	0.2971	-0.9789	1.7605	0.8194	0.2744	0.7230	-0.4849	-1.5283	1.1402	-1.3218	-1.5370	-1.8338
1.2895	-1.3143	-0.9337	0.2852	-0.4107	-1.0617	1.0239	0.5072	-1.4228	-1.6042	-0.6358	2.0606	1.3017	0.1762	1.5253	-0.1056	0.0210	0.3250	-0.3112	0.1464	0.2580	-0.7995	0.0088	-2.2867	-1.3385	0.8384	1.5100	-1.9735	-0.1689	-1.4076	-0.1508	0.5961	-1.2011	0.6492	-0.0408	-0.1452	-2.1431	0.5569	-0.9052	-1.2374	-0.6007	-0.1214	-0.7551	-0.0272	-1.1524	0.3534	-1.1838	1.0729	-1.1654	0.5931
-0.3190	0.6976	-1.5695	1.9343	-0.1886	1.1158	1.7113	2.0141	-0.0122	0.3574	-1.0385	1.3515	-1.3868	0.6899	0.9229	-1.4207	0.0308	1.1259	1.9396	-0.3906	0.3244	0.8022	0.6563	-0.3394	-0.6225	0.8900	-0.7630	0.3622	0.8091	-0.0830	1.1975	1.0881	0.2139	-0.9176	-0.9710	-1.8125	1.7070	-0.0191	-2.4944	-0.4944	-0.8293	0.3955	0.4996	0.5131	-1.5747	0.6159	0.3902	-0.5663	0.0463	-0.0559
0.0134	-1.0550	-0.3110	-2.0696	0.4748	0.3129	0.8536	-0.2414	0.2838	-0.2530	-1.0431	-0.1369	-0.2497	0.0109	-0.1433	-1.0504	-0.1433	1.6706	1.4796	-0.3273	-0.2070	-0.8365	-0.8058	0.1913	1.5227	0.1343	-0.0287	0.4387	-0.0933	-0.7512	-1.1326	-0.4479	0.3745	1.2979	-0.1024	-0.5771	0.6764	0.0010	-1.2179	-0.7916	0.1037	-1.4420	1.2571	0.7665	-1.2262	-1.0670	0.7723	-0.8139	1.3326	1.4883
-0.3258	-0.7772	0.5104	2.7759	1.2858	-0.3360	0.7647	0.9286	-1.5560	0.5192	1.1007	-0.0326	-0.0751	-0.3108	-1.2214	0.7809	0.1473	1.8235	1.6377	-0.7162	-0.1374	0.8417	0.5885	1.0217	0.2264	-0.1729	0.0880	-1.0184	0.9206	0.0621	0.6511	-0.2692	-1.4226	0.9038	-0.2579	0.1415	0.2803	-0.7437	1.9112	-1.0313	0.2418	-0.1607	-0.6382	0.3640	0.5646	-0.4529	-2.3691	0.1892	1.7803	2.2081
-0.3779	1.2651	-0.0611	-1.2441	-2.3476	-0.2853	-0.1521	-0.6019	-0.1367	0.0421	-1.7536	-1.6711	-1.1786	1.4369	-0.7892	-0.7082	0.8318	-1.2395	0.9361	0.3683	-0.6379	0.9056	-0.6838	0.6975	-0.4118	-0.3165	-0.8875	0.9941	-0.2193	-1.2851	1.2127	1.1744	0.0783	0.4999	-1.0418	1.2270	-0.9681	-1.1772	0.3107	0.8062	-0.6542	0.4780	0.2394	-0.4448	-1.7669	0.2064	2.3044	0.0693	0.9250	-0.2051
0.2284	-1.6108	0.9359	0.2422	-0.1857	-0.6401	1.3322	-1.4205	-0.3952	0.0597	2.0968	-1.4050	-1.1274	-1.0414	-0.8872	1.1206	0.7337	2.5341	-0.0440	-0.9377	0.3817	-1.1530	-0.7079	-1.7169	-0.6605	0.8448	-1.0967	-1.2496	-0.8208	-0.3661	0.0360	0.5049	-0.5051	-0.9678	0.7873	-1.7569	-0.2917	1.6456	-0.1708	0.7356	-1.1435	0.4757	0.2680	2.0275	-1.3374	1.2480	-0.2005	1.3347	0.6155	1.8066
0.9324	1.6064	-0.1183	0.8696	0.2397	0.3416	-0.9346	0.2622	0.1909	-0.0175	1.3866	0.3285	-1.6905	2.3537	1.3484	0.3389	0.5391	0.7917	-0.5594	1.1426	0.8632	-2.9921	-1.7449	0.0347	-0.4374	0.2260	0.3059	-1.2483	-1.3186	0.9663	-0.0247	-1.2368	-1.4093	0.3354	0.2830	0.0413	-0.2541	0.7277	0.3723	0.0959	-0.9785	-1.0494	1.0078	-1.5514	-1.0603	2.1582	0.1036	1.1994	1.1381	2.4759
-0.6161	0.4708	0.4978	2.0798	-0.4530	1.8190	1.0175	-0.5463	2.0603	-0.1339	0.1558	0.5451	0.5923	-2.0561	0.1326	0.2976	-0.5391	1.0479	-0.7427	1.0755	0.0127	-0.5370	1.3235	1.0015	1.8652	-2.3244	-1.0719	0.0376	-1.8765	-0.3961	-1.1092	0.1983	0.8607	-0.4018	-0.6149	-0.1806	0.2276	2.2787	0.4910	-1.1543	0.8157	2.1487	-0.9139	0.8118	0.3776	-0.2267	0.4548	-1.7754	0.7187	-0.6580
1.4001	-2.2937	0.6327	-1.5319	0.7461	-0.3732	0.2343	0.9907	0.1624	-0.4449	-0.2598	-0.3405	-0.0244	0.1038	-0.0058	-0.4151	0.6154	0.0211	1.9314	-0.4001	-0.8026	-0.1296	-0.0724	0.3104	0.6759	-0.8451	-0.1174	2.4610	0.3474	0.4612	-1.6748	-0.9703	0.6259	0.2687	-0.2304	-0.7680	0.6419	-1.5720	0.0244	-0.1789	1.0775	-1.2451	1.0545	2.1864	2.3931	-0.9032	-1.8396	-0.2570	0.5751	0.2931
1.2542	-0.4017	0.2155	-1.7808	1.3356	0.4837	0.0070	-0.5473	-0.0744	0.5386	-0.1134	0.5772	-0.6673	-0.4892	0.3651	0.6362	0.5276	-1.4205	0.7458	0.7020	0.2766	1.1634	-0.9467	0.6818	1.5598	0.8323	-0.0718	-1.1583	1.5039	1.0109	-0.9625	0.7675	-1.4760	0.7743	0.8958	-2.0865	-0.2525	-0.6269	-0.0836	0.0715	-0.3650	1.2401	-1.9211	1.1747	0.7156	0.5801	-0.8615	0.1149	-0.5208	1.4404
-0.1013	0.1579	-0.2002	-1.3447	-0.0653	1.1426	-0.1073	-0.4849	1.0345	2.0789	0.9353	-0.9615	-0.5712	0.2158	-0.6582	0.0030	-1.2945	-2.1827	0.3801	-0.5038	1.0645	-0.1560	0.3589	1.2469	0.2212	-0.3267	-0.0611	-1.4539	0.5520	-0.4797	0.1013	0.8277	-1.6979	-0.5172	-1.7693	1.7850	-0.2198	-1.1220	-0.6945	-0.6505	0.1361	-0.9643	0.5734	0.1653	0.6047	-0.0393	0.9006	-3.1922	0.4114	0.6108
-0.2403	0.4680	0.0171	-0.6540	1.7462	1.3971	-0.2729	-0.2512	-1.3721	0.1666	-0.1839	0.1815	-0.8949	1.5956	-2.1532	-0.1625	-0.5916	-1.0514	-0.3577	0.5173	-1.6970	1.4857	-0.0385	-1.1337	-0.3946	1.4099	1.8341	0.1316	0.1283	1.3153	1.6908	-0.0626	-0.6434	-1.7229	-1.4749	0.7425	2.5438	-0.2716	-0.5745	0.4558	-0.3298	1.4589	1.2597	0.9930	-0.6370	-1.4684	-0.0464	1.9074	1.1797	2.5909
1.0525	-0.1003	0.5841	-0.5739	0.6136	1.0921	-0.5151	-0.0721	-2.3813	0.6166	-1.5818	1.8243	-0.2102	-0.6833	0.9201	-0.9590	-0.9912	0.5679	-0.7704	-0.4835	-0.1158	-0.3325	-0.7663	-0.8397	-0.6518	1.5526	-0.3092	2.0053	0.1513	-0.9638	-1.1021	1.9916	-0.2394	-0.6417	0.4620	-0.4016	-0.1468	1.0490	1.5614	0.6388	-0.7730	1.0432	-1.9803	0.8163	-1.4944	0.5976	-0.4289	-1.0279	-1.1690	-0.7226
0.5253	0.0938	1.2011	1.2333	-0.3732	-1.8495	0.0797	-0.1338	0.7904	-1.8729	0.5445	0.9249	-1.2174	0.0226	-1.4162	0.3666	-1.5068	2.0383	-0.3527	0.0659	-0.4872	0.5667	2.5279	0.4193	0.2482	-1.5104	-0.9930	-0.4039	0.7458	0.0600	0.3899	-1.2424	0.3328	0.6751	-0.4173	-0.4743	-0.2826	2.6479	-1.3189	0.3526	-0.1328	0.3092	-1.3778	1.3931	0.8153	0.5039	-2.3637	-0.1108	-0.4239	1.2642
-1.4130	-0.5705	2.1244	1.7713	-1.1085	-0.1763	0.7178	1.6004	-0.0305	-1.2255	0.8315	-1.8956	1.5588	0.4003	0.2416	1.0407	0.5494	-1.0350	-0.3399	-0.2396	-0.0138	-0.1332	0.6674	0.2354	-0.8336	-1.3078	1.3502	-0.2787	-0.2328	-0.2585	1.2983	-1.9965	2.2982	1.6030	-0.3942	-0.3288	1.1923	0.3277	0.3307	0.8412	-0.1394	-0.1987	0.7962	0.2682	-0.6735	-1.5180	0.7497	-0.4558	-0.1755	-0.0593
0.8520	-1.4445	0.3470	-0.2516	0.5772	-1.0873	0.0434	-0.6103	-0.0288	-0.7822	-0.8547	0.0405	1.4887	-0.3627	-0.4170	0.9026	2.0198	-0.6878	0.6532	-0.9791	-0.4770	0.4549	0.9310	-0.8086	-0.1746	0.5183	0.1200	-0.4789	1.4032	1.8301	0.4232	0.3710	-1.9201	-0.5297	0.0364	-0.0265	-1.2881	2.1900	0.1139	-0.1074	0.4100	-0.1356	1.7174	0.4027	-0.1251	-0.0474	0.5723	0.6771	0.8090	-0.3361
0.7882	0.8583	-0.4237	-1.4510	-0.4457	-1.5709	0.2010	0.5074	0.7939	-0.5463	-0.1790	-0.8583	0.2428	-1.0154	-0.3345	0.8150	1.3622	0.3115	0.4422	1.2012	-0.3919	0.5526	-1.5376	1.1271	-0.4650	0.2706	-0.3870	-0.0266	-0.1330	0.0368	-1.1595	1.7751	0.5101	-0.2824	-1.2095	-0.1671	0.3420	-0.4259	0.2677	0.6552	-0.5884	-1.7367	1.7273	-0.6082	-0.5122	1.0121	-0.7307	-0.9977	-0.8585	-2.3415
0.4839	0.2384	0.3355	-0.5921	-0.6117	1.7856	-1.4907	-0.0053	0.7580	-1.0632	-1.9394	-0.6953	0.9665	0.6096	0.1457	-0.3597	1.6948	-1.2498	0.0159	-0.7570	-0.7174	0.8753	2.5018	0.6079	0.8147	1.8244	0.1655	0.7798	0.9739	0.3702	-0.5725	-0.3791	-1.0911	-0.7369	2.1346	-0.6204	-0.4754	-0.1542	-0.6391	0.1529	1.8449	-0.1821	-0.2206	-1.5302	-0.2979	-0.0501	1.4113	-0.8646	0.6864	0.0588
-2.2771	-1.5583	0.5057	0.9149	0.6480	1.0083	-1.9003	0.7285	1.5918	-0.2787	0.7900	0.1175	-1.3336	-0.0519	0.3551	1.1571	0.4273	-0.1359	1.3383	-2.0830	-0.3325	-1.4748	0.0847	1.1892	-0.1029	0.0248	-1.8929	-1.0630	-0.4611	-1.2912	-0.6792	-0.0959	-0.8578	0.1598	-0.4419	-0.4564	-0.9769	-0.3813	0.7138	-0.8868	-1.6961	1.2320	-1.8810	-0.2540	1.0196	0.5675	0.4616	1.8130	-1.0245	-0.3231
1.0802	-0.2094	-0.5422	-0.2076	1.2021	0.1861	-0.7762	-0.7241	1.9813	0.4201	-0.4980	0.7282	0.8136	2.1080	-0.4703	-1.1136	-0.4679	-0.1461	-0.1892	1.4450	-0.5497	-1.9982	2.2788	0.1862	-2.3184	-0.0060	-0.8829	-0.3364	0.6362	0.4666	0.1425	-0.2417	1.6794	0.3179	-0.7672	0.4855	0.5699	-0.9008	-0.3021	-1.5563	-1.0349	-0.5636	-0.3064	-0.7442	0.4804	1.1743	1.7445	1.5148	0.4212	1.0149
-0.0698	0.3225	-1.2129	0.9199	0.8403	-0.8686	1.0678	0.4061	-0.0073	-2.0778	-0.6810	-0.1624	1.5152	0.4595	1.0305	0.1689	-1.7919	-0.1364	-0.1504	-0.1238	0.1599	-1.1026	-1.3664	-0.7416	0.5387	-1.0618	-0.0306	-1.4530	0.0505	1.6146	0.1580	-0.2041	-1.4561	-1.5780	0.0889	-0.4885	-0.0992	0.7801	-0.2983	-1.4606	1.5809	0.8197	-0.9687	0.5153	0.4198	-2.0406	-0.7715	0.8582	-0.4642	-0.1405
-1.1826	1.0136	0.9409	-0.6266	0.1287	1.2371	0.3391	-1.8508	-1.7266	-0.8067	-1.3756	-0.7104	-0.9013	1.1606	0.6673	-1.0546	-0.5007	1.2318	1.9822	-1.5002	-0.4022	-0.1615	-0.1831	2.0022	-0.5182	-1.7984	-1.4026	-0.0874	-0.0813	1.0437	0.4811	0.3447	-1.4127	-0.9931	-1.9306	-0.4175	0.8930	0.2771	-0.4653	-0.3040	-1.7282	0.1494	-1.1744	-1.9233	1.1145	1.0065	0.2863	-0.8108	0.4913	-0.7491
0.2976	0.6333	-0.3925	-1.5762	2.6919	-1.3456	1.6638	-1.0138	1.1488	-2.1744	-0.8734	-0.0803	0.0244	-0.6170	-0.2260	-0.2833	1.5811	0.0927	-0.4218	1.9178	0.2757	-0.4650	0.0056	1.0511	0.7058	-0.8113	-0.3031	0.3023	-2.1543	1.2394	0.2003	0.7731	0.8153	0.8239	-1.8972	0.7398	1.4862	-0.3037	-0.6027	-0.1595	1.4258	-0.0016	0.2611	-0.5557	-0.6776	-0.0828	0.4097	-1.5390	0.5715	-0.7144
-0.2266	-0.2661	-0.5254	-2.4549	-2.4154	-0.8453	0.5320	-0.8629	0.8827	-1.4043	1.3045	-0.3968	-0.5977	0.8240	-2.3762	-0.5117	-0.8640	-0.5450	-1.3637	1.6872	0.4615	1.0283	-0.2598	-1.8179	0.6886	0.2127	0.7381	0.9074	1.1015	-0.7197	0.1191	-0.7326	-0.4511	2.0092	0.7389	-0.9871	1.2396	-1.1042	1.4303	-0.3513	0.9718	-0.3274	0.1551	0.6479	2.2137	0.1908	-0.8207	0.8854	-0.1463	-0.1615
0.5524	-0.7922	2.0235	-0.7735	-0.6974	1.3312	-1.3243	-0.3167	-1.3219	1.3055	0.1451	0.2417	1.2625	0.2245	0.6229	-0.8629	0.4443	-0.3446	1.5759	0.7174	-0.3905	0.8769	0.7574	-1.1027	1.4122	0.2047	-1.0380	-1.5022	1.2758	0.1298	0.3083	0.9076	-1.4760	-1.8470	0.0442	0.1049	-0.7157	0.3434	-1.3885	0.8420	-0.1019	-0.8697	-0.2195	-0.6839	0.6909	0.7200	1.2429	-0.0929	-1.8958	0.1182
-2.1353	-0.6989	-0.8754	-1.6866	0.0419	0.2514	-1.3920	-2.0049	-0.0541	-1.6402	-1.4147	-0.7179	-0.3126	-0.5213	-0.7326	-0.5636	0.5248	0.3079	-0.2394	-1.7722	-1.1360	1.4336	-0.7407	0.1908	-0.4223	-0.1250	-0.7388	-0.9762	-1.1244	0.3700	1.8419	1.1387	-0.3336	-0.2165	0.1327	-0.2451	1.0640	0.6819	-0.2453	-1.4899	-0.4011	1.6454	2.8378	-0.6672	0.1554	-0.2030	-0.4503	0.2135	-0.7023	-0.3926
-0.8879	1.7531	-0.3773	-0.9638	0.8066	0.3253	-1.3155	2.2565	-1.1912	-0.0042	-0.0713	0.3016	0.0974	-0.5378	0.8358	-0.0411	0.5638	1.2753	0.3992	0.5733	0.6199	-0.4957	0.2644	0.2040	-0.6262	-1.2549	0.1834	-0.4581	-0.8372	1.0492	0.1224	0.2794	-0.9766	0.0797	-0.9543	-1.6053	0.5651	-0.7391	-1.3147	0.5981	0.6964	0.2276	-0.0469	0.3197	0.6467	-2.2763	-1.4457	0.2622	-0.5722	-0.6798
0.4332	1.5976	-1.2920	0.9678	1.7392	0.9368	-0.7150	-0.6278	2.1730	-1.1817	1.1417	0.3665	0.0829	-3.7310	-2.0903	0.8598	0.8426	-1.9065	0.1572	0.0403	0.9612	0.2232	-2.3281	-1.4713	1.0909	0.5232	0.9573	-0.6443	0.8364	0.1182	-2.0473	-1.7206	0.1844	0.8916	0.4366	0.1417	-0.5637	-0.7948	-0.3252	-0.1519	-0.4256	1.5122	-0.4220	1.7607	-0.9277	0.4772	0.7947	-0.6772	-0.3879	0.1636
0.7197	-0.2827	-1.3394	-0.0948	-0.9249	-0.5871	-0.5221	-1.7025	0.0816	-0.0250	0.4258	0.0350	1.1454	0.3866	-0.1158	-0.6970	0.6122	0.3235	1.3699	-2.8092	1.1971	0.3769	-1.8533	-0.2509	-0.2399	-0.6005	-2.3496	-1.3944	-1.7830	0.5680	1.2212	-0.2365	1.6150	-0.8960	1.7175	-1.0647	0.8179	0.0252	-2.3216	0.6066	-0.4548	-0.5193	0.5999	0.2207	-0.8712	1.0664	2.6248	-0.1788	0.5798	-0.0338
-1.2804	-0.6958	-1.4005	0.9357	0.7643	-0.1832	0.2504	0.2418	-2.7611	-0.0774	-1.3526	0.9296	-2.3542	0.3936	1.1586	-0.7087	-0.2267	-0.8640	-1.3720	0.7517	0.2485	0.4592	-0.0373	-1.4260	0.2684	-0.5132	-0.1781	-0.0989	0.4851	2.0114	-0.9302	-0.9765	-0.5859	-2.1672	-1.3062	0.0449	0.7044	-1.4376	1.0532	1.4048	1.7200	0.1525	-1.4500	-0.5536	1.2530	-0.0358	-0.1221	-0.1488	0.5783	-1.4779
-0.3336	-0.5939	-1.3185	-1.6817	-0.3101	-0.4764	-1.1881	1.3262	-0.8606	-0.6404	-0.9774	-1.3359	-0.4314	-0.6393	0.6578	0.8759	0.1375	-0.2107	-0.9178	-1.8728	-1.2853	0.2619	0.3080	0.9144	0.1658	-0.0414	-0.9805	-2.6710	1.7265	-0.0274	0.0874	2.3689	-0.4605	-0.1216	0.9890	-0.7758	0.0764	0.8628	-0.2170	0.8057	-0.7803	-0.8032	0.3092	0.8365	-1.7290	-0.5589	-0.4430	-1.4811	0.3952	0.7661
-0.2557	-0.3173	-0.5844	-0.0313	0.4289	0.9898	0.5663	0.3404	2.1522	-0.3307	-0.4392	0.3412	-0.9547	-0.4217	-0.1349	-1.7086	0.5553	1.5259	-0.2812	0.1226	-0.6164	-0.6936	-1.7898	-1.1094	1.0828	-0.1556	0.1885	1.7458	0.6750	1.2346	1.7404	0.3048	-0.8372	1.0266	0.1966	0.3397	-0.5204	1.8966	0.6944	-1.6055	-0.0786	0.3305	1.1421	-1.0734	0.2163	0.2148	-0.6120	0.7678	0.7604	0.2490
0.3220	0.5022	-1.3421	-0.9538	-1.2346	-0.2291	-0.5286	-1.2610	1.6130	0.5085	1.2344	0.7980	0.2381	0.6736	0.1355	1.3308	1.1324	0.5414	1.3244	-0.9670	-0.9616	0.6050	-1.6967	-0.2335	1.1694	1.6347	-0.5183	0.5020	1.2587	-0.2192	0.3163	-1.5621	-0.3193	1.5315	1.1409	-2.2046	0.2276	-0.6450	0.2816	0.0706	1.4758	1.8980	-0.1826	-0.0013	-1.4845	0.4373	-0.2937	-1.3382	0.3723	-0.4154
0.5301	0.4662	-0.2336	-1.6318	-0.7075	-1.2343	0.1370	2.0822	-1.9193	-1.4334	0.5653	0.5454	1.0326	0.3072	-0.8818	-1.4303	-0.1004	-0.0107	-1.6217	0.8818	0.1128	-0.0200	1.0931	-1.3593	0.6022	0.7158	-0.3485	-0.3608	-1.3277	-0.8455	2.0932	-0.3311	-0.0578	-0.9809	-1.5596	0.1746	0.1850	0.1483	1.0456	2.4090	-0.0319	-0.9065	0.2737	-1.8034	0.8848	0.4823	1.1155	0.4349	1.7219	0.6598
0.3235	1.4107	0.1908	1.6247	-0.6483	0.6467	1.8963	-1.1468	0.5875	-0.6975	-0.2336	1.3507	-0.2113	0.5023	-0.9640	1.7311	-0.1281	1.0950	-1.1606	-0.2530	0.3431	1.1968	-0.4409	-0.2489	1.8153	-0.9210	0.5987	0.1694	-1.6358	1.9543	-1.1126	-0.4971	0.4561	-0.9800	0.6293	0.0188	-0.4696	-1.1954	-1.3750	1.1134	-1.4858	0.5257	-0.6845	0.2822	-0.0161	1.9083	-1.1809	-1.8000	-2.0242	-0.2926
0.5651	1.9041	1.5548	-2.5138	-0.0766	-0.4136	1.4840	-1.0721	2.2056	0.9305	1.0517	0.4792	-0.1723	0.9866	0.1891	1.5322	-0.0128	1.2057	-1.2160	0.5922	0.9429	1.1492	0.3972	0.5064	-0.7912	-1.0765	0.1893	0.1739	-0.3083	0.1687	-1.3541	0.6186	2.5208	0.7420	0.0840	0.6892	-0.3644	-0.1656	0.1045	0.3938	0.9367	0.3472	-0.4876	-1.0528	1.0960	0.5821	-1.2377	-0.3218	-1.3298	1.1119
-0.1148	-1.4553	0.5715	1.0673	0.2157	1.2471	-1.9124	0.2613	-0.1711	0.4850	3.1800	1.2405	-0.3737	-0.0640	-1.0290	0.8414	0.2834	-0.9531	0.7106	0.1101	1.0959	0.5569	-0.1522	-0.1573	-0.8393	0.3274	-0.0631	-0.4525	0.3543	-0.1061	-0.4544	0.8611	-0.5869	-1.0687	-0.7638	0.8482	0.0928	-0.5055	-0.1810	1.6342	0.0869	0.2486	-0.8884	0.7066	-0.8216	-0.6468	0.4024	-1.3512	0.4677	1.2620
0.0125	-0.4818	-0.5049	-1.2812	-0.7380	-0.6629	1.4904	1.4110	1.2428	-2.2000	1.9985	0.3320	-0.1927	-1.7165	-0.0492	-0.1919	0.3322	0.7733	-0.6912	-0.2390	1.4868	-0.6934	1.1225	1.6633	0.2712	-0.9927	0.2994	-1.2185	-0.4956	-0.4210	-0.3479	-1.1852	0.1561	-1.2862	1.1215	1.8545	0.7307	0.9155	-0.1692	0.8765	0.7011	0.7722	-0.2093	1.0658	-0.4364	0.6558	-0.7813	-1.7013	0.1578	0.9540
0.6687	-0.2503	2.6598	-0.2305	-1.5843	-0.9848	1.0237	0.6268	-1.1315	0.8461	-0.4302	0.8830	0.5599	0.0750	0.0438	-1.8621	-0.5925	0.5054	1.6944	0.2223	-1.5797	-1.0682	-1.6400	-0.4776	1.0779	1.3148	-0.0491	-1.4222	-0.4951	0.7963	-0.6078	-0.2694	0.5676	-0.4447	-1.8823	0.4947	0.2823	-0.0670	-0.1858	-0.9347	-1.7996	0.4500	1.0067	-1.1468	-0.6379	-0.2969	2.6384	-0.3774	-0.6876	-0.5758
-0.1932	-2.1646	-0.2713	1.3432	1.3319	-0.7165	0.6964	-0.6915	-2.1805	0.2167	-0.9797	-0.2036	1.9457	0.5085	0.3463	-0.1772	0.1710	-2.1250	-0.6172	0.4777	0.5949	0.1947	-0.1996	0.2783	0.0965	-0.1101	0.9889	-0.0765	-0.5646	0.1423	0.9902	-0.3769	-0.5888	-0.2331	0.6676	0.6930	0.9151	0.7802	-1.7617	-1.7068	0.7803	-0.3873	-0.0521	1.7872	-0.6385	0.0885	-0.8294	-1.3144	0.6044	0.5770
0.7347	-2.2272	-1.1808	0.2508	0.0476	1.8429	0.5540	-1.5935	2.3234	0.0935	0.1385	0.7659	-0.3925	0.6192	1.2173	1.5537	0.9405	0.0827	0.7728	0.0022	0.4244	-0.0401	-1.1590	-0.0399	1.3131	0.0486	0.3473	-0.8852	1.1991	-0.0971	-1.1012	-0.3640	-0.3181	-0.6406	1.8703	0.4164	-1.1846	0.0976	-0.9233	1.4605	-0.0461	0.2584	-0.3319	0.7102	-0.2858	0.6169	-0.4025	1.9389	0.0826	0.3792
0.6690	0.2149	-0.2817	-0.4721	1.6182	-1.2902	-0.0200	-0.8379	1.1347	-0.6980	-0.3774	-0.9005	-0.0159	-0.1827	0.0170	-0.8475	-0.0580	-0.5288	-1.0901	0.7945	0.0096	0.6042	-0.4312	0.4884	-1.1978	2.7338	-0.3884	-0.9420	0.0635	-0.0587	-0.4862	-1.7148	-0.0184	0.0851	-0.9806	1.3060	0.1101	0.1591	-0.9181	-1.6313	0.7078	1.4109	-1.7037	-1.7312	-0.1589	-1.1135	-0.2099	-0.4469	0.4688	-0.6863
-0.0207	-0.7164	1.8623	0.3652	0.7246	-0.0128	0.6078	-1.4808	0.7556	1.0400	-0.6104	-0.3710	-1.0936	-1.7688	0.3265	0.7035	1.6560	2.0259	1.7240	-0.8280	-1.1064	-0.2759	-0.7402	-1.0491	-1.1525	0.4622	0.8337	-0.1496	0.2521	0.0316	0.2420	-0.2151	-1.5513	0.5463	-0.3438	-0.0967	-0.4042	0.0701	0.8943	0.0809	-0.2925	1.1349	0.9928	-0.6315	1.1050	-2.3887	1.2669	0.9290	-1.6087	0.2767
-2.6607	-1.5925	0.8818	-0.1329	-1.2098	-1.1880	0.6386	-0.5630	-0.3477	1.7250	1.2204	1.1412	0.3580	-1.0103	0.0629	-0.0627	0.7066	0.0865	0.1081	0.3828	0.0128	-0.9863	0.1034	0.5249	-0.5907	-0.0789	-0.2392	0.3045	0.7047	-1.1010	1.1733	0.1306	0.9806	-1.1291	-0.3302	0.7862	0.5142	1.1570	-2.4515	0.3988	-0.5803	-0.2202	-1.5785	-0.1289	0.1253	-0.6932	-0.1994	-0.3769	-0.7038	-0.4580
-0.1576	-1.6744	0.2099	1.2618	-0.8952	0.2010	-1.2229	-0.6166	-1.2904	1.5116	-0.9651	0.9000	-0.9641	2.0734	-0.2139	1.8018	1.1869	0.6205	-1.2685	-0.5193	0.4449	0.2989	-0.9632	0.0974	-0.1922	-0.6138	1.1404	1.5132	0.9372	-1.2132	1.4640	0.9410	-0.8543	1.1947	0.5846	-0.3671	-1.5639	-0.3347	1.0165	-2.7716	-0.0674	-0.0760	1.9320	0.3619	0.5515	1.1877	0.6524	-1.1364	-0.4720	-1.6337
0.0059	0.7788	0.2574	0.7318	0.6568	0.3946	-1.1322	-0.3569	0.5057	-0.2356	0.8108	0.0316	-0.9529	-0.3772	0.3775	1.0031	-0.3643	-1.6605	-2.0537	-0.1543	-0.1690	0.1958	-1.2832	1.3318	-0.5279	0.2719	-0.2965	-0.5756	-0.3288	-0.3375	-0.6816	0.9689	1.3281	-2.3271	-0.8171	-2.5721	0.9590	-2.2157	-0.6137	1.2280	-1.2167	-1.2229	0.0328	-0.7697	-0.2948	-0.0063	-1.0729	0.8585	0.5120	0.4688
1.3285	-0.3170	-2.8565	-0.3846	1.1298	-0.1787	0.3945	1.7268	1.2567	-0.8920	1.0557	0.2313	1.9987	0.3980	1.4596	-0.2376	2.0800	0.4621	-1.0184	-0.5565	-1.5834	-0.8116	-0.9574	-0.2073	1.5823	-1.0668	0.7116	-0.7451	0.8247	0.1375	-0.1841	0.3344	-0.3556	-0.0088	1.1898	-0.0659	0.2415	-0.5706	0.1204	0.2894	-0.5134	1.2857	-0.5815	0.8245	0.6653	0.4343	1.7081	-1.7106	-0.8779	1.7095
-0.3451	1.0912	-0.8949	0.9030	-0.8853	1.3214	0.2574	0.9044	-1.2292	-2.5299	0.7838	0.8395	-0.0043	1.3111	-0.8856	0.9469	-2.0112	-1.0972	-0.3268	-1.1756	0.0822	-0.8944	-1.0069	0.0536	0.2094	-0.4706	0.9505	0.0824	0.3869	0.1690	-0.7345	1.4470	-0.0988	-0.5163	0.5119	-0.3998	0.9522	-0.7554	-1.6348	1.2266	-1.3421	0.7353	1.2893	1.3158	-0.0938	-0.2501	0.0581	-0.4210	0.6972	-1.0209
0.5586	0.2357	-0.1634	-0.8840	-0.7383	0.0971	-1.0787	-0.3606	-1.3246	0.0982	-0.3324	0.0225	0.5670	0.0502	-0.6082	0.8004	-1.2917	0.9915	0.1468	0.1143	-1.0260	-0.0864	0.9727	-0.6546	0.0575	-0.4296	-0.5852	-0.2750	-0.6154	2.0791	0.4462	-1.6869	0.9124	-0.5539	0.1799	-1.6202	0.0229	0.2479	-0.3940	-0.8587	0.8445	-0.8053	-0.3854	-0.5680	-0.6430	-1.2962	0.1247	0.8493	-2.5722	-0.1232
-0.5054	1.3241	0.0186	-0.7200	-0.3708	-0.3736	-2.1854	-1.1764	-0.4527	0.7863	0.0327	-1.3457	0.2359	-1.0338	0.2873	1.1561	-0.3078	-0.5920	-2.4981	0.0157	-0.1614	-0.8447	1.5986	-0.1253	-1.0936	-0.8537	1.4306	-0.5322	-0.3655	-1.0868	-1.3089	0.4967	-1.0951	-1.2617	3.2261	-0.2823	0.2151	1.9158	0.3433	-0.8092	1.3062	1.0717	-0.9754	-0.6555	-0.5333	1.4436	-0.5540	0.1720	1.5151	-0.0974
0.8908	0.5721	0.3388	-0.6848	-1.1308	-0.4164	-0.4674	1.5813	1.2863	0.4055	0.2215	-0.6755	0.8540	0.7499	-1.2665	0.6855	0.1486	0.0731	1.1279	0.4004	1.2685	0.0488	0.2476	-0.4264	-1.0520	-2.0105	-1.4415	-0.0667	-0.1235	-0.5438	0.6616	-1.4501	0.2276	-1.6994	-1.0189	1.6067	-1.9983	-0.0651	1.6362	-0.0939	2.3898	0.9370	0.9603	0.4353	-0.7072	0.6819	-0.2576	0.0289	-1.1875	1.3689
1.8159	-1.4723	-0.3493	0.5270	-0.5933	-0.7005	1.2458	-0.6964	0.1424	-1.0138	0.7867	-0.4616	-0.0160	-1.8037	0.1963	-1.4411	-1.4352	0.3800	-0.8773	0.3122	-1.2230	-0.3252	-0.0256	0.0944	-0.1399	-0.4948	-0.1953	1.8162	-1.1811	2.2670	2.0743	1.0559	-0.7468	0.7055	-0.1673	-0.7453	0.3412	-1.6028	-0.0324	-0.7498	0.2691	0.4033	0.5850	-0.7447	-1.4076	-1.5034	1.7255	-0.2911	0.5019	-0.6549
0.0426	-2.5914	0.0993	0.2880	-1.4939	0.4075	0.7704	-0.0434	0.5285	1.7923	-0.4421	-1.4890	0.9883	-0.0441	0.0233	-0.9708	0.3282	0.8542	0.7446	-1.4278	2.2901	-1.6757	2.2451	0.0258	-0.1156	1.0542	-0.8442	-0.1664	-0.1335	-0.6611	0.8397	0.7995	-0.2479	0.9632	0.4250	0.5561	-1.2424	0.3419	-0.2475	0.1574	-0.5900	-0.1975	-0.0190	2.9361	-0.5749	0.7313	0.4362	-1.5285	0.2156	-2.7855
-0.4516	-1.5261	-1.3430	-0.1767	1.8312	-1.0233	0.7075	0.7104	0.6443	0.3472	0.1111	-0.7505	-1.2425	0.9789	-1.4774	1.3045	0.2653	-0.8595	-1.2600	-1.7157	0.2344	0.1936	-0.1029	-1.5907	0.3400	-0.9182	-0.1484	1.5559	-2.3221	3.0023	0.6503	1.7013	0.0757	-0.0610	1.6353	-1.1354	2.1595	-0.5743	0.2808	1.6101	-2.0721	-0.4702	0.1433	-0.7421	0.7032	-0.7787	-1.3894	1.2432	-0.3868	2.5400
-0.8385	-1.4646	-1.7699	-0.7383	0.1058	-1.3581	-0.5159	0.4574	-1.1811	1.0536	-1.6378	-0.6692	1.4539	-0.6518	-0.6903	0.0236	-0.0998	-0.1814	-1.0727	0.2044	-1.2282	1.3181	-0.5092	-0.0995	0.4431	-0.5645	-0.7439	0.6217	-0.9058	-0.9347	-0.0650	0.4359	1.8202	-0.2843	0.0614	1.0021	0.9770	0.4180	0.8369	-0.9631	-1.8841	-0.1880	-0.2016	-1.2362	-0.7706	0.8219	-0.5686	-0.6085	-0.3955	0.3363
-1.9042	0.3652	-1.3098	0.5038	-0.3300	0.3303	1.2974	1.1373	-0.1873	0.1760	-0.6394	0.5813	-0.3821	-0.1061	0.3279	0.6042	-0.5536	-1.1859	0.0216	-0.2144	-0.3700	0.6017	1.0959	0.0859	-0.6046	-0.6651	1.2750	-0.6887	-0.1758	-0.0989	0.4197	-0.5509	-1.5109	-1.3009	0.3505	-0.1731	-1.4054	0.6100	0.8489	-0.9276	0.6810	-0.6479	-0.8889	-1.0901	-0.3482	0.5289	0.3394	1.7211	1.4103	1.5919
-0.4168	1.4058	0.8382	-1.5980	-0.5799	0.4111	1.1883	-1.5409	-0.0729	1.9609	0.1827	-0.8162	0.9732	0.5590	-0.1005	0.5100	1.7293	-0.3301	0.7682	-0.0634	-0.8483	-3.0055	0.9477	1.2220	0.0285	-0.4511	0.0664	-0.0546	0.1964	1.4031	-0.1770	-0.5094	-0.5888	-0.3988	-1.0289	-0.3853	-2.2490	0.0811	-0.1778	0.9435	2.3706	-0.9461	0.2480	0.7642	-0.7298	0.6406	1.3534	-0.6871	-0.5477	-1.5794
0.3240	-0.6645	-2.3363	0.9249	0.1658	-1.7638	-1.0973	-0.2164	0.5538	-0.0070	-1.1491	-0.9706	-0.9221	0.0159	-0.5099	0.7268	0.9768	-1.0068	-0.0598	-0.9954	1.0192	1.4052	0.7727	0.6579	0.2077	0.0763	0.5601	1.1941	0.4664	-0.2229	0.9573	1.2606	-1.0163	0.4598	-0.0629	2.6772	1.1156	-0.3775	1.1416	0.0684	-0.8785	1.2504	-0.5759	0.1023	0.9321	2.2615	1.8165	-0.4090	0.7850	-1.0478
-0.1203	-0.8291	-0.7738	-0.1345	1.3887	1.0810	-0.1940	0.7020	-0.3341	1.8744	-0.4216	0.0380	-0.8519	-1.1545	0.4721	1.0511	-1.2049	0.9420	-0.8113	0.0978	1.0124	-0.6333	-0.9603	0.8200	0.9657	-0.6331	0.3552	1.7524	1.0564	0.6036	-0.2278	0.2421	2.2028	-1.0124	0.7344	-0.2527	-0.4968	-0.7163	-1.9905	-0.1026	0.9189	-1.9066	0.2356	-1.0420	-1.4801	-2.8199	0.0915	-0.5438	-0.4187	-0.1127
-0.8510	0.1727	-1.9928	-0.4682	0.0970	0.3078	0.0612	-0.9484	0.2398	1.7641	-0.8612	0.5194	1.0427	0.4757	-2.0211	2.5198	2.2078	0.8318	-0.0999	-0.1200	1.6670	-0.4319	-0.5685	1.9135	-0.8684	1.2457	0.7847	-1.1536	1.1654	-0.6181	-0.4575	-0.5936	0.7387	1.0413	-0.3041	-0.5819	-1.2122	-0.4898	-2.5126	-0.4722	-0.7133	-0.2161	-1.8165	-0.5734	-0.7895	0.0509	-0.0173	1.1121	-0.7373	1.1062
1.0009	1.0200	1.1465	-0.2521	-0.5446	-1.1678	-0.2704	-1.4615	1.8941	-0.1968	-0.0132	0.5910	0.8436	0.4395	-0.2010	-0.9304	0.9561	-0.2754	0.0212	-0.7274	-0.7415	-1.0369	-1.9305	-1.4552	2.3530	-0.8239	-0.0148	0.8457	1.8072	-0.6916	0.7200	-1.0665	-0.5260	-0.5168	-0.1105	0.0564	-0.2043	-0.7677	-0.1297	1.5317	-0.1068	0.1205	0.7154	-0.1789	-1.4465	-0.6744	-1.6154	-1.0738	-0.7346	0.5426
-2.0864	-0.5617	-1.3478	-1.5231	1.3012	0.8327	0.3410	0.7079	-0.6473	-0.1538	0.1237	0.5180	-0.2343	-0.9079	-0.8118	1.8786	-1.2625	0.2200	2.2641	-0.0990	0.7374	0.9454	1.3023	-0.3552	2.6186	-0.1335	-0.7257	1.2233	-1.3483	-0.3404	-1.9530	0.3604	1.4454	-0.0277	0.4258	-0.2106	-1.6140	1.9187	0.5303	0.2299	-0.0144	2.5081	3.1134	-0.1117	2.0309	-0.5966	0.6754	0.2527	-1.3784	0.5282
1.1669	-0.5783	-0.0497	0.4837	-0.3252	0.0141	0.2699	-0.7559	1.0230	1.1559	0.5105	-1.3716	-1.3604	-0.5062	-0.4009	-0.4361	0.3113	-0.1376	0.9818	-1.7179	0.3792	-1.0386	0.5062	-0.5607	-0.8321	-1.0892	0.1157	-0.5339	-0.7125	-0.1083	0.8222	1.3595	-0.2870	0.2394	-0.4418	-1.1472	0.6247	-1.1903	-0.4431	1.0423	-2.0107	1.8064	1.6610	-1.1353	-0.2917	0.3841	-0.9277	-0.0985	1.0885	0.5607
1.6923	-1.9065	0.5695	0.7906	0.0323	2.3352	-0.2858	1.0642	2.5918	1.1748	-0.6398	-1.7274	-1.1772	-0.9679	-0.7904	-0.7599	-0.9677	-0.4040	-0.8092	1.6914	1.2504	-0.2346	-0.5421	-0.4341	-1.2942	-0.9585	0.7696	0.2423	1.0215	1.0309	-0.1142	-1.3420	0.2463	-1.1511	-2.6178	0.2394	1.5890	-0.1864	-0.4525	-0.1353	-1.0359	-0.8715	-0.3707	1.1544	-1.7272	-0.7255	-0.5891	0.0445	0.4005	-1.8529
-0.0110	-1.6636	-0.6517	0.0177	0.6338	-0.2350	-0.1559	-0.5754	0.9539	-1.2426	-0.7526	0.3662	-1.1546	0.2862	1.5501	-1.8127	1.6771	0.3766	-0.0447	-0.4166	0.8338	0.6273	0.5238	0.1083	-0.3287	-1.0680	-0.4197	-0.3467	-0.2339	0.6943	0.0835	1.0724	-0.8638	-0.0769	0.7873	1.4956	1.0252	2.6706	-1.2845	0.6773	-0.4718	-1.0205	-0.8379	1.1066	2.1935	-1.8361	-0.9406	0.3415	-0.8949	-2.3589
1.0236	-1.8860	-0.6806	0.6997	-0.8502	0.2420	-0.6739	0.4751	-1.4464	-1.0670	-0.8071	0.2484	-0.0328	-0.3772	0.4111	-0.0714	1.4647	-0.5094	-0.7814	-1.2837	0.1851	0.2731	-0.2513	-0.6455	0.1717	-1.7514	1.3580	0.3978	-0.7259	-0.7563	0.9069	-1.5479	-1.0920	-0.7062	0.9796	-0.6611	1.6119	0.7574	-1.3548	0.0806	-1.1880	0.4923	0.7561	-0.9535	0.1441	0.3957	-0.5270	0.4330	1.3278	0.4770
0.8519	0.0492	0.6866	-2.2598	0.4105	-2.1021	-0.5953	-1.6898	-0.1523	-0.9869	1.1246	-0.7276	-1.0395	-1.1902	0.2679	0.1520	0.3680	-0.6951	-2.1921	-0.8509	-0.6784	1.1943	2.0846	0.4458	0.2144	0.2333	-0.4213	-1.4461	1.2524	0.5189	-0.1900	0.6191	0.2260	1.0534	-1.5203	-1.1984	-1.7346	1.3893	-0.7291	0.0941	-0.8316	0.1726	-0.0082	1.3825	-0.1905	0.2368	-0.6197	-0.1146	2.1637	-0.1480
-1.4627	1.0867	0.1413	-0.7278	-0.0179	-1.1092	-0.7590	-0.4644	0.0067	0.7068	0.2590	-1.1339	1.1343	-1.8241	-0.8847	1.8900	-1.6273	-0.2380	-0.7113	0.9752	0.1141	0.2637	-0.2731	-0.2627	0.4207	0.1656	2.0351	1.1712	1.2356	-0.8243	-0.4691	-1.4856	-0.5990	1.1821	0.7699	-3.0177	-0.8448	-0.3553	0.0839	-0.9948	-2.2672	-0.3160	0.7491	-0.2500	0.9473	-0.7823	-1.0331	1.5252	0.0603	2.3063
0.0495	0.1517	1.1304	0.3336	-0.5511	-0.2327	-0.6733	-0.3816	1.5101	-1.0955	0.4242	0.8807	1.0164	0.9475	0.0632	-2.4226	-0.6307	-0.9368	0.4036	-1.4928	-1.2153	2.3620	0.3636	-0.9554	-1.3459	-1.2089	-0.6542	1.3100	-0.2895	1.4896	0.0210	0.7945	-0.9376	1.3983	1.2098	0.0802	-0.1476	-1.8423	0.4637	1.6144	0.1129	0.7904	0.4204	-1.4700	-1.7688	0.6414	0.2162	-0.9919	-0.5931	-1.7813
0.4426	1.0165	0.9658	1.3699	0.1061	1.1378	-1.5534	-1.2965	1.7201	-0.0792	1.2875	1.9111	0.9765	-0.9708	0.5259	-0.6646	1.7065	0.1858	-2.6773	-0.0790	0.2787	0.1662	2.4133	-1.5151	-0.3287	0.1632	0.4604	-0.6341	1.0011	0.4053	-0.5753	-0.0449	0.3329	1.0773	-0.0714	0.0646	0.4359	-0.5099	0.0106	0.3116	-0.0014	0.4378	0.4744	0.0264	-0.9981	0.3004	-1.9516	-0.3720	0.2662	-0.3840
-1.5257	1.0143	0.1198	1.2545	-1.3575	0.6889	0.3166	2.0592	0.5415	-0.9712	0.8626	-1.8411	0.8498	-0.6768	1.6151	-0.4570	1.1719	-0.3881	0.4271	0.7364	-1.1613	0.7637	-0.1843	-0.2376	0.8803	-0.8551	0.4853	-1.2853	0.1330	1.1933	0.3043	1.8064	-0.3864	-0.3839	1.3791	0.8404	0.5453	1.3893	-0.9074	-1.4977	0.5138	-1.2537	-0.5287	2.4683	-0.3689	1.1797	0.6085	0.0985	0.3769	-0.6239
0.0870	-0.7567	-0.8443	0.8555	-0.5927	2.8649	-2.0338	-0.7066	-1.8808	0.9260	-0.8588	-1.9844	-1.1295	1.5284	-0.6958	0.0360	0.4002	1.4321	0.7213	1.1330	-0.5069	-0.1067	0.0497	-0.3110	-1.2403	0.9722	0.3510	0.0398	1.1710	1.9536	-0.7243	-0.8228	-0.9494	-0.4424	-0.5742	0.5353	0.6205	-0.2117	0.5858	-0.5006	0.1376	-0.4846	0.8447	-1.1223	2.1547	1.5204	-0.1523	-0.9751	0.3117	-0.9555
-0.8006	0.8339	0.4963	0.0610	-0.1514	-0.4413	-0.6680	-1.0146	0.0513	-0.8230	-0.8167	0.4779	0.5904	-1.6195	-1.6464	1.5181	0.8914	-0.3101	0.1613	-1.1483	0.4054	0.9958	0.1493	0.5824	-1.3329	-0.1054	0.3869	0.8422	-0.0450	-2.4742	-1.4253	0.0202	-1.3973	0.2768	-0.8224	1.5717	-0.0429	-0.6294	-0.5806	-0.2188	-0.5348	0.3814	1.0413	0.2224	1.2213	0.0380	-1.8506	0.7518	0.2138	0.4391
-1.6377	1.3698	1.1138	-0.7048	-0.8233	0.7293	-0.6834	0.6618	0.3704	-1.6305	0.3010	-0.3867	0.0229	-0.9274	-0.2489	0.1542	-1.1688	0.2213	-0.2924	-1.6795	2.8058	-0.5996	-0.5776	-2.1053	-0.8312	-0.1299	0.2127	0.1298	-0.3376	-1.8442	-0.5378	-0.2537	-0.1342	-0.1568	0.6526	1.1910	0.6883	0.3870	-0.4124	-1.3708	-0.3780	-1.0374	0.2901	-1.2418	0.9655	0.0094	-1.1647	0.8880	1.6654	-0.2716
-0.9449	1.7559	-0.0984	0.0560	0.0061	-1.0566	-0.2083	-0.5699	0.4330	0.3874	0.0769	0.8731	-1.0401	-0.1412	0.4960	0.6454	0.5690	-0.2058	0.5771	-0.5461	0.6070	-0.8083	-1.0845	-0.6307	-0.9754	-0.8703	0.3022	-0.3688	-1.7724	-0.1433	-0.4902	0.1281	0.3193	-2.1453	-0.5455	-0.5258	-0.7924	-2.5356	0.8281	0.8046	-0.6666	0.7858	0.2590	-0.4041	-0.2459	-1.5243	-0.5944	0.7068	0.5042	-1.3519
1.2975	1.1841	-0.5618	0.7328	-1.2012	2.2519	1.1168	-1.7001	0.4527	-1.7107	0.2144	0.8467	1.5055	-0.5366	0.1628	-1.1018	0.7636	0.0735	0.9715	-0.1421	-0.9810	-0.7225	-0.1443	1.8008	1.1529	0.5356	-0.3892	-1.1640	1.2768	-1.7202	2.9284	-1.1061	-0.2131	-0.1844	1.1844	-0.4539	-0.3194	0.2268	-0.4135	-1.3490	-0.9483	0.8827	0.4078	1.1518	1.6766	1.1995	-0.4749	0.2434	0.7928	-1.0948
0.0355	0.4217	0.9766	-0.1708	-1.2009	0.5946	-0.0250	-0.7245	1.1298	2.6426	0.2914	-1.6151	-2.0188	0.1504	0.6263	2.1142	-0.7684	1.6312	0.7966	-0.7614	-0.7979	-0.2927	-1.1587	0.4108	-0.5937	0.5052	1.1067	1.3179	0.7384	-0.1196	0.2313	0.3294	-0.0546	-0.0748	-0.2796	-0.1619	0.6696	-0.5319	1.9398	-1.0436	-0.1881	0.8237	0.5596	0.7149	-2.3684	-0.4286	-0.8603	-0.7803	-0.8883	-0.8344
-0.8748	0.3495	0.1048	-0.4353	0.2290	-0.6995	-0.9148	1.2838	-1.2671	-0.5853	0.1529	0.0184	-0.9866	0.0484	-0.2125	0.8447	0.3414	1.4537	-0.7760	0.0461	-0.0599	2.3483	-1.0516	-1.2722	0.8070	1.4893	2.3662	-1.2570	-1.2952	0.8829	-0.9854	0.4693	-0.4190	0.4122	0.7550	-1.2759	0.2212	1.0474	-0.0289	0.2110	0.3040	0.1738	0.1557	1.3002	0.1694	-1.4989	0.9924	0.3976	0.2817	0.6483
0.8229	-0.3960	-0.5067	-0.2151	1.1632	-1.1222	1.4077	0.7923	-0.5727	-1.6536	-0.1406	0.5470	0.3703	-0.2221	-0.7440	-0.8211	-0.6506	-0.0287	-1.0554	-0.4459	-0.0597	0.6093	-0.1597	1.2187	0.2872	3.4465	-0.4894	-0.5237	-1.1311	1.4038	-0.4788	-0.5976	0.0213	-1.5227	-1.1091	-0.3428	0.8572	0.1895	0.7981	1.0646	1.2021	-1.3099	-0.7012	0.0714	-1.5273	1.4926	-1.7566	-0.2402	-0.4102	-1.0187
0.2207	1.1472	0.5939	-1.1494	-0.7372	0.8023	1.6319	-0.5216	-1.2237	-0.0184	0.1757	-0.3125	1.4097	0.9351	-1.9956	-0.2755	-0.5159	1.7953	-0.4911	-1.2163	-0.7256	-0.2018	-0.0536	0.1213	0.2650	0.6350	0.6011	-2.2941	1.0356	0.1184	1.5661	-0.8027	0.2131	-0.1390	0.7871	0.1659	0.1350	-0.0852	1.7524	-1.4314	0.1706	1.6870	-1.0480	1.2142	0.2745	-0.3736	0.7182	-0.4067	-0.9352	-1.2862
0.4614	-0.0886	-0.5384	1.5865	-0.7409	-1.3424	-0.5931	1.0945	-0.4491	-0.4746	-0.3538	-0.0917	1.8968	-1.4454	-0.4783	-1.4795	-0.3583	-1.8343	0.8697	-0.6462	0.9204	2.3716	0.6588	0.5875	0.8174	-0.4130	-1.2081	0.1537	1.6251	1.6922	0.4650	-0.5457	0.5446	-0.0627	-0.2541	-1.4124	1.6856	0.2676	1.5857	-0.6035	-1.8754	-0.8146	1.2092	-0.8464	0.2107	0.1066	-1.2204	0.9333	-0.1384	-0.3396
0.2839	-2.3930	-1.3642	0.9120	0.1286	2.4243	-1.0936	-1.4993	-0.7636	0.2048	1.6379	-1.0775	0.6701	0.1810	0.1480	-0.3121	-1.4357	0.6792	0.2321	-0.4083	0.2177	-0.2933	-1.1073	0.6639	0.0557	0.4649	1.3286	-0.0441	-0.6851	0.2712	-0.5617	0.3338	1.3116	-0.0766	0.0351	1.5881	0.9558	-1.2695	-1.2485	0.2304	2.0839	-0.8753	-1.4056	-0.1482	-0.1805	-0.6677	0.1351	-0.6567	-0.6058	-0.5315
0.6942	0.1312	1.8922	-0.2810	0.2415	-0.2505	1.4973	-0.0714	1.5273	1.8219	0.7794	0.2521	0.6313	-1.0869	1.3883	0.2728	-1.0309	-0.7992	0.7440	0.7723	0.1830	0.4987	1.2417	0.0476	0.5270	1.8562	-0.1739	0.8307	-1.2006	-0.1265	0.1934	0.0821	-0.7215	-0.9326	0.4593	1.2488	-0.3969	0.2450	0.3902	-3.2970	-0.0856	-0.7690	-1.3465	-1.4037	0.1681	0.6152	-1.3188	0.2013	2.1732	0.4500
0.5521	-1.6565	-1.8386	1.0148	-0.1402	1.5339	-0.1579	0.9856	0.4402	-0.4692	0.8115	-0.1442	0.3364	-0.0834	-0.1111	-0.4725	0.4210	-0.5260	-1.4781	0.0087	-0.8192	0.6777	-0.1903	0.3932	-0.1737	0.6758	-0.4945	0.4163	-0.2875	0.1971	-1.6356	-0.2532	-0.6846	1.0096	2.1071	0.3101	-0.9113	0.1815	0.3394	-1.6084	0.3708	1.0106	-2.1188	-1.5726	0.0429	-1.3543	0.3182	0.7864	2.0183	-0.0387
1.6202	0.4560	0.5413	-0.6855	0.0194	-0.4457	1.3349	-0.7752	0.4451	-0.2004	-0.5298	-1.4793	0.4376	0.7959	1.1347	-1.3231	-0.7223	-0.3734	-0.5155	-1.1923	-0.2534	-1.4092	0.0501	0.4000	-1.3695	-0.4072	1.0993	-0.4869	0.5919	0.8584	0.5174	0.4584	0.1192	-0.2584	-1.0681	-1.0816	0.8284	-0.1071	1.6335	-0.0092	0.3710	-0.2264	-0.0045	0.2392	-1.2830	0.5700	0.1975	0.6187	-0.7281	0.1235
-0.1380	-0.2248	-1.0023	-0.4340	-0.0984	-1.2544	-0.4165	0.7462	-1.1642	0.6757	0.7572	-0.3028	-1.2409	-1.7064	-0.1939	0.5723	-0.4796	0.7009	-0.0816	0.2438	-0.0140	0.3326	-1.1900	0.3118	-1.0287	0.0472	-1.3460	1.0193	1.0626	-0.3247	0.1773	0.2404	1.1109	1.0521	2.0138	0.8881	0.7371	0.6059	-1.2436	-0.0893	0.8566	0.8254	0.7100	0.3572	-0.0185	0.6252	-0.1478	-1.2781	-0.7519	-0.3170
-2.9296	2.8578	-0.7832	-0.9880	-0.4396	-0.3683	0.0898	-0.6142	-0.2029	-0.2923	-0.7409	0.4856	1.3464	-0.8403	0.6411	-0.2774	-0.3630	0.8282	0.4083	-0.9471	0.0927	-0.0712	0.5907	-0.7270	0.4754	-1.7534	-0.9657	0.4899	1.8701	-0.4806	0.8513	-1.6327	-1.9377	0.1427	0.6412	0.0517	1.0582	0.6667	1.0121	-1.2205	0.0424	0.1176	-0.4547	0.2162	-1.1143	0.4638	0.7271	-0.1070	1.2729	0.6845
0.7731	-0.4830	1.1809	-1.6486	2.3416	-0.2093	0.9106	0.1044	1.0392	0.3514	0.3339	0.7144	-0.4432	0.0128	1.4700	0.7677	-0.8257	-0.1821	0.8829	-0.9064	-0.6859	-0.9513	-0.0267	-1.0068	-0.9013	1.5658	1.4198	0.1015	-0.0991	0.5479	0.7652	-0.5575	0.3155	-1.1481	-0.8986	-1.5373	0.8504	0.1982	-1.8401	-1.1603	0.4220	1.1273	2.1850	0.4145	0.0695	-1.1023	-1.2571	-1.5009	0.1686	-0.1204
0.9781	-0.6915	-1.0616	0.9943	-0.6963	0.0203	-0.1208	0.7772	-1.0679	-1.1655	1.1404	0.7119	1.0778	-0.3624	-0.9782	0.6308	-0.7212	-0.2984	-0.0321	-0.3501	-1.1579	-0.5068	0.7884	-0.5274	0.3572	0.6921	0.4706	-0.0983	-0.2672	-0.9177	-1.0185	-0.3169	0.3523	-1.4557	-0.1614	-0.9969	-0.5194	1.8078	-0.9238	0.8567	-0.2697	1.7479	-1.0086	-0.6881	-1.3859	0.6636	0.4089	0.8150	0.7046	-0.7247
-1.8415	0.1074	-0.3910	-0.8679	-0.9800	-0.9219	0.4725	-0.8547	0.4070	-1.7055	-0.1305	0.5508	0.0234	-1.2538	-0.5133	-0.3927	0.9179	-0.5408	0.3604	-0.3910	0.9077	0.2690	-1.7554	0.7910	-1.2370	0.8193	-0.3843	0.6048	0.1286	0.9400	-0.1413	2.2777	0.4264	1.2368	-1.3752	-0.1271	1.1615	-0.2969	-1.2942	-0.3013	1.7282	1.1649	0.3728	-0.1463	1.1411	0.2030	0.6762	-0.2054	0.2297	1.5775
-1.0044	-0.7197	0.7842	0.0467	1.0560	-1.6758	0.1317	0.9420	-0.2389	-1.1421	0.5016	-2.0099	1.4832	2.3493	-0.1601	-0.1981	1.0821	0.9898	0.7415	-0.7005	0.4006	-0.4703	0.1658	0.7247	0.5614	0.9917	-0.2376	-1.4817	-0.6329	-1.1815	0.8294	-0.3414	-0.0229	-1.3856	-0.7216	0.3042	2.0528	0.2502	0.0068	-0.8541	-1.5014	-0.5083	0.9219	0.2789	-0.0434	0.1615	0.2886	-0.2993	0.4911	-1.7143
-0.6636	1.7578	1.6113	0.5061	0.2610	-0.9077	-0.8433	-0.4543	-1.9612	0.3048	1.3151	-0.1041	-0.4753	-0.9788	0.9168	1.4053	-1.2876	0.4856	-0.4341	0.4983	1.7175	-0.7059	1.2108	-1.1042	-0.9285	0.5159	-0.2743	-1.0860	0.1523	0.5115	-0.3800	-0.6444	0.5720	-0.0568	0.6535	-1.4899	0.6751	0.5653	-0.0875	-1.0784	1.8256	0.0681	-0.0859	0.6901	-1.2078	-1.0239	1.2745	2.0679	-1.5069	-0.1905
-0.2796	-0.6146	-0.4061	-1.4380	-1.7909	-0.6633	1.8529	-0.7155	-1.0312	-0.5097	-0.1299	0.7415	-0.8650	1.7076	-1.9534	-0.6101	-1.9981	1.1009	0.4063	-1.1029	0.5819	0.5760	1.0879	-1.2612	-0.6664	1.5589	0.9513	0.7519	0.1369	-0.0373	-0.1333	-0.2677	-1.2742	-0.7575	0.1411	-0.3103	0.4706	0.4459	-0.0203	0.4030	1.5330	-1.1978	0.8735	-0.7122	-0.8955	1.4962	0.5203	-0.0949	0.1156	1.5035
0.0805	-0.1197	-0.7285	1.4676	-0.4803	1.2229	-1.0468	0.2621	0.0953	0.5743	-0.2778	0.5232	1.0845	-0.1768	0.4371	0.6362	0.5467	0.4354	0.6522	1.0833	-0.1761	1.1580	-0.5238	0.2597	-0.6713	-2.6063	2.0238	0.1613	-1.9662	1.0057	1.1276	1.3462	0.6290	-0.3980	-0.7462	0.2434	-0.3827	0.9781	0.8524	1.1883	-0.9226	0.8221	-0.2099	0.4752	0.1326	-0.5067	0.6767	1.0457	-0.8601	-0.1692
0.1633	-0.2570	-0.0896	-0.7779	-0.3563	1.2183	1.3007	-0.9489	0.6714	2.5589	1.7511	0.2929	-1.2009	0.3420	-0.8821	-0.7861	-0.5388	0.1115	-1.4605	0.6740	-2.3956	1.3582	0.2137	0.3816	2.3783	-0.1087	-0.1478	-0.9518	-0.6476	0.2507	0.6836	0.0494	-0.5971	0.1030	0.1668	1.0833	-1.0353	-0.5713	0.2000	0.9310	0.2880	-0.5495	-0.6105	0.3613	-1.9046	0.6923	-0.0197	-0.0901	-1.9979	0.0357
0.6793	-0.1447	-0.0239	-0.2627	1.0291	-0.7199	2.3197	-0.0396	0.6702	0.3263	-0.1824	0.3349	0.1512	1.6722	0.1806	-1.5680	0.1112	-0.2101	1.7876	-0.4749	-0.6240	0.0930	0.2308	1.0462	-0.0675	0.0743	-1.0418	-0.4740	0.2390	-0.4585	-0.7145	1.1849	0.4895	0.4250	-0.4973	1.0942	2.0376	0.4970	0.5681	0.0809	-1.0982	-0.5903	0.5081	-0.5520	-0.4105	1.7565	-0.1615	-0.8539	-1.9925	0.4310
-0.1788	-0.6561	-0.3286	-1.2272	1.3256	1.5685	0.1841	0.3720	-1.1193	1.3905	0.4581	1.2209	-1.0397	-0.6106	0.4898	2.7655	1.2765	0.4640	-0.4192	-0.3168	2.4470	-0.2824	0.4908	-1.4313	0.0014	0.1305	-1.3254	1.0928	1.8689	1.1678	-1.5720	-0.3277	-1.9880	0.2555	0.7472	-1.9849	-0.8992	0.0395	0.2586	-0.4842	-1.7186	-0.5800	-0.9586	-0.1785	0.6996	0.2449	-0.0594	-1.1639	0.6208	0.3781
0.5068	-2.3530	-0.7464	1.1247	0.4451	-1.2136	0.7968	0.1432	-0.5430	-0.2973	0.9960	0.2248	0.9529	0.5297	-0.1466	0.3283	2.1820	1.2696	-0.1323	1.6400	-0.1027	-0.1672	-0.4690	0.4030	0.4537	-0.5497	0.6369	-0.1550	0.3921	-0.0524	0.0444	0.1654	-0.8135	-0.3252	0.2894	0.0944	-0.5585	0.1096	-0.5448	-1.7108	0.1283	-0.6150	-0.2554	1.2049	0.9577	-1.4783	-1.8701	-0.8082	-0.6667	-1.3483
-0.5048	0.4009	1.0550	-0.1719	-0.9129	1.6962	1.0641	-0.6629	0.8841	-0.1781	-0.8560	0.2519	-0.1667	0.4127	1.3407	0.7825	0.4752	0.7547	0.9561	0.5950	-0.7725	-1.3953	-1.7747	0.2474	0.5279	-1.2085	0.2633	-0.2245	1.2402	-0.3301	-0.0098	-1.5330	0.1550	0.8331	0.3428	-0.0060	-1.4778	-1.7602	-0.1887	-0.3159	-0.8071	-0.9238	-0.2407	1.9221	0.1519	1.7288	2.8522	-0.9576	0.7140	1.4385
1.6402	0.9931	-0.1369	-0.3106	0.9080	1.0803	0.9450	0.1458	-0.1012	0.5664	-0.3757	0.3679	-1.3240	1.0447	-0.9552	0.4010	0.5807	0.0439	-0.7941	-1.3914	-1.5165	0.8465	0.1113	0.0824	-0.8272	0.1062	0.0795	-0.5764	-1.4145	-0.5471	-1.2818	1.0435	0.4996	-0.9962	0.4128	0.6371	-0.6650	0.7906	-0.6901	1.0900	0.0105	1.1462	2.2458	-0.1931	0.6500	-0.2971	-0.0738	0.9737	-1.1835	0.8322
1.1274	1.9404	-1.3818	-0.2748	1.2545	-1.7466	-1.4782	-0.9498	0.0930	1.1903	-1.2656	-1.7369	0.3088	-0.5064	-1.4991	1.2846	0.0537	0.1425	1.0647	1.2863	-0.2021	-0.3729	-3.1696	1.2345	-0.6585	-1.4285	0.7802	-0.5145	0.5712	-0.1071	-0.2170	-0.1910	-1.5566	-0.0432	1.4503	0.4076	-0.5970	-0.7358	1.0117	0.6831	-0.0235	0.8725	0.5526	0.1729	-0.5498	1.5079	0.5431	0.1774	-0.4041	1.1950
2.7224	-1.2884	-0.3356	0.2971	0.0859	1.2816	0.0374	-1.1445	1.5343	0.9938	-0.6821	0.3901	1.8545	-1.0556	-0.1932	0.2110	-0.2801	0.2980	1.5763	-0.0066	1.0570	0.3205	0.1620	-0.9761	-0.6485	1.6534	-1.1520	0.5069	0.3337	0.6232	0.5932	0.5813	-0.9625	0.3390	0.8973	-0.9482	0.3127	0.4832	-0.2976	-1.6144	-1.0239	-0.7759	0.5039	-1.7623	-1.3189	-0.5622	-1.7310	0.7152	-0.1125	0.2738
3.4730	0.6285	-0.0600	1.0117	-0.8335	-1.6543	-0.7505	0.5101	0.4742	-0.4187	-1.4875	-0.2922	0.4663	-0.2329	-1.9359	-1.7292	-0.8463	1.3979	-1.6452	-0.9995	0.0272	-1.3890	0.3266	-0.6546	1.3279	0.1537	-0.4322	-0.0820	0.8153	1.4914	-0.0470	-1.4296	-0.0871	2.0752	0.1828	-1.5426	-0.3857	0.0905	0.0085	0.3815	-0.5863	0.4476	-0.8985	-0.2346	-0.8576	-0.2818	-0.6855	0.0985	-1.7613	2.1098
0.1606	-0.7483	1.5232	1.0679	0.1646	2.6986	-0.3183	0.4839	-0.0480	-0.1457	-0.2582	0.0411	-0.6844	-0.1136	-0.7008	-0.6438	0.2492	-0.9211	0.7009	0.2757	-0.4380	1.4881	-0.0591	0.0940	-0.9618	-0.6203	-0.2320	-0.6727	0.0355	-0.0074	2.0862	-1.0187	-1.5515	-0.4937	0.0075	1.4268	-1.4871	-1.2394	-0.1701	1.1590	0.2244	-0.3609	-0.8070	-0.3849	3.6702	0.1918	2.1733	1.0009	-1.0664	0.6204
1.4208	-1.0145	0.0391	0.5575	-0.7408	-1.2786	-2.1968	-0.2554	-0.8473	-0.1390	1.1236	0.5861	0.7845	0.0826	-0.1129	-0.3593	-0.6501	-0.6282	0.7442	0.2908	0.0366	-0.1039	0.9228	0.9032	-0.5629	-0.1661	0.0756	0.4483	0.5848	-0.4293	0.4568	0.8833	0.3774	-0.6510	0.9657	0.0450	1.1772	-0.4435	-0.1273	0.6298	-0.8232	-0.3971	1.4875	0.1531	-0.7079	1.6799	0.4222	2.0977	-1.6605	-0.2157
0.4942	0.4151	-1.1135	2.4448	-0.5564	1.0732	-2.1556	-1.0513	-0.3548	0.3070	-0.4624	3.4271	-0.4800	-0.4673	0.6826	-0.7911	0.1154	-0.8586	0.7312	-1.4234	0.4276	-0.3385	1.0521	-2.5715	-1.0050	0.1652	-1.1362	0.1540	-1.2588	-0.4395	-0.2288	-1.4220	0.1615	0.8561	0.8467	-0.0019	-0.5368	0.3852	0.0489	-0.6371	-2.5526	-1.5278	0.5900	0.2825	0.0479	-0.1171	0.2646	-0.8490	0.8705	0.3600
-0.8136	0.4214	0.9699	0.7059	-0.2801	-0.4339	-0.2695	-1.3128	0.5298	1.5429	-0.5640	-1.3276	1.6858	0.3527	0.6721	2.1064	0.5137	0.5239	1.8815	-0.2228	1.3966	0.0945	0.1457	-0.6048	2.3842	0.6225	0.5064	-1.1823	-0.9662	0.2346	0.7373	-1.5497	-1.1690	-1.2703	-0.8036	-0.1309	-0.2180	0.3210	-1.2945	-0.3595	-0.9291	-0.3608	0.0531	0.0746	1.0197	1.0840	-0.4912	1.2869	-0.0578	0.2872
-1.7258	-0.8504	-0.0540	-1.7872	0.7600	-0.5614	0.0606	0.5989	1.4172	0.3200	0.3853	-0.7809	-1.0477	0.8088	-0.1439	0.6705	-0.8397	-0.2833	-2.1432	1.2548	0.3095	0.3588	-0.5184	-0.7093	-1.0413	1.7771	-1.7834	1.8600	0.2299	0.1940	-0.1327	1.3148	0.8920	0.0550	-0.9214	1.6987	0.4492	-0.5173	0.8030	-0.4193	-0.2585	-1.3471	-0.3012	-0.6048	0.2438	-1.6200	-1.2368	-0.1517	-1.2123	1.1316
-0.6641	-1.0462	0.5464	-1.9102	1.5625	-0.3459	1.9199	1.6970	-0.2269	0.6700	0.0375	-0.1237	0.3911	-1.3823	0.1692	1.2475	0.1674	0.4406	1.1411	1.1629	-1.4188	0.1537	-1.0738	-0.1858	0.4186	0.6085	-0.3080	1.2456	-0.3221	-1.2949	-0.4716	0.0007	-0.3418	2.4356	-0.6199	-0.4296	-0.0412	0.7766	1.8664	1.1386	1.2838	-0.4403	-0.6174	-0.2921	-0.1866	-0.8820	0.9329	0.6822	0.0373	-0.0943
0.8181	-1.4201	-0.5600	1.1554	-0.6613	-0.3233	0.7549	1.6280	0.7767	-0.9636	1.8086	-0.3506	-0.2583	-0.4000	0.0726	0.8353	-0.7511	-1.3155	-1.0576	0.4840	0.9813	0.1900	-0.4301	-0.2419	-1.4079	-1.2315	0.5750	1.0494	-0.5877	0.2509	1.0315	-0.7858	-1.9133	0.1647	0.0212	0.5968	1.0816	-0.8780	-1.0607	0.3902	-0.1136	-0.5203	-1.1539	0.4748	-0.6766	-0.4877	1.9317	0.3413	2.1190	2.0820
0.3606	-1.4066	-0.9234	-1.1379	-0.9565	0.9955	-1.1755	-0.6546	0.1379	1.5524	1.3432	1.1751	-1.5917	2.3191	-1.7546	-0.6604	0.2596	-0.2415	0.2470	-0.4566	0.7772	-0.9775	-1.5022	0.2595	0.9594	0.9497	0.0296	0.4830	0.9383	-1.7122	-1.4235	1.2145	-0.3931	-0.1717	-0.1317	-1.4385	-0.2697	0.4189	-2.2303	-0.2612	1.7562	-1.0004	0.1114	-0.9395	-1.4477	-0.6831	2.0118	0.4515	-0.6005	-1.7951
1.4919	-0.3983	-0.6172	-0.5397	0.0338	-1.1907	-0.6255	-0.9745	-1.2486	0.1816	1.0138	0.1902	-0.3691	-0.6662	0.6135	-0.2766	-0.7582	-0.2631	0.2454	1.0271	0.4542	1.5874	-1.4168	-1.8049	1.6539	1.2594	-1.0369	-1.1481	-0.3928	-0.4542	0.8194	0.0332	-0.6758	0.8110	-0.3122	-1.7134	-0.8971	-0.9117	0.9244	0.2410	-0.7903	-0.2375	-1.4837	-0.5778	-0.7177	-0.6410	0.3552	0.2322	0.7317	0.0288
1.0323	0.9934	-0.5438	2.4216	-0.7565	0.1713	-0.5431	-1.7060	-0.5512	2.8280	-0.4051	-1.1109	0.1021	1.7873	0.4131	0.1655	-0.4156	2.0218	-0.4578	1.5693	-0.7967	-0.4782	0.8393	0.8981	1.6283	0.6827	-0.1933	0.1005	-2.2544	0.9338	1.3905	-1.7968	1.0161	-1.6291	-0.9809	0.0818	0.3801	-0.9483	-0.7592	-1.5472	-0.2814	2.2298	-1.4978	1.6129	-0.3532	-0.0158	-0.1242	0.8173	0.3689	1.6199
1.1270	1.2421	-0.1675	0.4820	-0.2729	1.6965	0.9318	-1.3614	0.6520	0.5075	-0.3029	0.8120	-0.8086	1.0808	-1.1820	-0.3884	0.6132	0.3406	1.4149	0.8989	1.0291	0.2694	0.0043	-0.1254	0.3061	0.7485	-2.4878	-1.1582	1.1615	-0.1763	-0.6664	0.0383	-1.1020	-0.2066	-1.4616	-0.7212	1.0965	-0.1891	-0.4240	-0.5049	0.8664	-1.4814	1.3854	-1.9300	0.2564	0.0668	0.9641	-1.5647	0.0595	1.6037
-0.8492	-0.0780	1.5633	-0.0466	-0.0006	-0.2032	0.2799	1.1984	-1.1145	0.4344	-0.2145	0.0685	-1.1383	1.3086	-1.0874	-0.1016	2.5619	1.7469	-0.3286	-0.4471	0.0052	0.6918	0.3512	-0.4783	-0.1987	-1.3311	-0.2146	-0.3324	0.0452	1.1785	1.0919	1.3307	-0.6789	0.1643	-0.4037	2.0458	0.1375	-0.5323	0.4123	-0.5882	0.0043	0.8028	0.6013	-0.3377	1.9313	-1.0655	-0.0063	0.5948	0.4377	-0.0866
1.3912	1.2468	1.3090	-0.9474	-0.9046	1.2804	0.3545	-0.4703	0.7989	1.7478	-0.4329	-0.0075	0.8316	-1.0908	-1.0984	0.3359	-0.7442	1.2954	0.9390	-1.6663	-0.1188	0.5278	-0.0534	-0.7724	-0.5469	0.5784	-1.3940	-0.2503	-0.2063	0.6582	-1.6470	1.2264	-0.5306	-1.4966	0.0817	0.9175	-0.5390	-0.3428	0.7123	-2.1662	0.4742	-1.4978	0.2852	1.6062	-1.2257	-1.1998	-0.2619	0.6430	0.3278	0.3288
0.6679	0.8420	-1.5699	-0.0144	0.6912	-1.7511	1.0473	-0.0333	0.4990	-1.2359	0.0161	0.0045	-0.1393	-1.3038	-0.7193	1.4546	-0.3357	-0.9017	-1.8534	1.9514	-1.7243	1.2537	1.0267	1.0779	-0.3205	-0.7878	1.8703	-0.2592	0.1186	0.7308	0.9503	-2.6336	-0.4622	-0.9210	-0.8549	-0.4187	0.4379	-0.7982	-1.4572	1.3615	-0.4549	-1.2888	-1.8263	1.9704	0.0801	0.7900	0.1996	-1.6900	-0.0748	-0.0994
0.8651	0.3525	0.2639	0.3212	-0.5707	-0.7189	0.6598	-0.6317	-0.5061	-0.9894	-1.1231	0.1981	0.3353	0.3000	-1.0499	1.8375	0.9108	-0.6436	0.8591	-1.1596	0.4999	2.0799	-0.3679	1.0824	-1.2345	0.3019	0.9079	0.2291	0.3132	2.1201	0.1514	1.0440	0.0808	0.0232	-0.7689	-1.8229	-0.1242	0.9305	0.9799	2.1299	0.4283	1.2870	-0.0632	0.6879	-0.4523	0.9524	-0.0413	-1.5920	-0.0754	1.6941
-1.4480	1.4565	0.9618	-0.0252	0.2034	0.4911	-0.5734	-1.0089	-0.4655	1.1250	-0.0621	1.2307	-0.8810	0.5686	-0.7366	-1.1417	2.1100	-1.3665	1.3290	0.1334	1.5047	0.0863	-0.1646	-1.5951	-0.0146	-1.1435	-0.7650	-0.0354	-2.2341	0.0180	-0.1436	-0.2495	0.7530	1.3917	0.6214	-0.6243	1.6373	0.7274	-0.5862	0.5478	-0.9544	0.4179	-0.6387	-1.7717	0.9139	1.5495	1.6302	0.2371	0.7213	1.1233
-1.8803	-1.1131	-1.5152	0.3900	0.8219	2.2110	0.7455	1.4619	0.4975	0.4034	-1.5182	-0.7393	-0.2126	-1.9897	0.5802	-0.1419	1.4211	0.8915	0.3808	-1.0146	-0.0052	-0.5724	-0.2246	1.1533	-1.3139	0.4245	-0.6556	-0.5003	1.4030	0.0968	0.8488	1.1126	-1.3938	0.8463	0.2731	0.1186	-1.2002	0.9218	0.5397	2.4347	-0.6059	-1.4107	0.7101	-1.5925	-0.4041	-1.0444	-1.0845	1.0506	-1.9489	-0.6139
1.1247	-0.8252	-0.2297	0.8701	0.5181	1.7605	0.1584	-0.2376	-1.8445	-0.5581	0.2594	1.5091	1.6814	1.2330	0.6733	-0.0737	-1.0271	-0.7540	0.1146	-0.2212	-2.3141	2.7882	1.5588	-1.2119	-2.1608	0.1470	-0.3035	-0.4234	-0.1929	-0.5998	-0.4910	0.6674	0.4840	-0.9190	1.1978	1.3162	-0.8637	1.2785	-1.3573	-0.6400	-0.9498	0.7590	0.0251	-0.1537	-1.5787	0.4230	0.9592	1.0392	0.7192	-0.5586
-0.6695	0.7554	1.0113	-1.1895	1.3366	-0.4006	-0.6874	-0.0633	0.4811	0.3199	-0.4374	-0.6464	0.4818	-1.2815	-0.7141	0.7607	0.3994	-1.4277	0.2659	-0.4712	0.8545	-1.7831	-0.9055	0.4285	-1.9187	1.1649	1.2256	-0.8432	0.5293	0.4633	0.1775	1.8077	0.7941	-0.2331	-0.3560	-0.1459	0.8218	-1.5927	-0.9413	-0.8442	0.1994	0.1960	-0.5494	-0.8982	-1.3952	0.9941	-0.2574	-0.7767	-1.0409	2.7477
0.5833	0.0284	-0.1866	0.2435	1.5291	0.3050	0.5766	-0.9271	1.8202	0.1075	0.3866	1.9215	-1.4622	0.4359	0.2543	0.8589	0.4791	-0.9242	0.7348	-0.6639	0.3733	-0.9002	-0.4759	0.6651	0.1418	0.0121	0.2339	-0.8255	-0.6775	0.7718	-0.3456	-0.4494	0.9584	0.8156	-0.2253	0.8645	-0.0747	0.2071	0.5011	1.5067	0.4672	-0.5351	0.3876	0.1475	-0.5120	0.3061	-0.5674	0.0176	-0.5026	-0.4889
-0.4125	0.4338	0.3279	-1.3687	0.0609	0.0242	1.4988	0.5889	-1.0001	-1.0255	-0.4217	0.4427	1.0186	0.3871	0.1265	-1.1187	-0.6752	0.0574	-0.7052	0.1784	-0.5763	1.8633	0.2782	-0.2174	1.4503	-0.0865	1.7005	0.9525	-0.7211	0.2080	-1.2011	-0.2499	0.5704	-0.7186	-0.2256	-0.5061	0.7594	-1.4753	0.7081	1.7007	0.1193	-0.9211	-0.0606	0.1106	0.9229	-0.2234	-1.4599	-1.2080	1.5117	-0.0305
1.5291	-0.5403	-0.8969	2.4132	0.5661	0.2675	-1.2977	1.3628	-0.3684	0.5731	0.9427	0.8385	0.0692	-0.4088	-0.8515	-0.1369	-1.5416	0.8397	0.2357	-0.3368	-0.3692	-1.5030	-0.7167	1.0412	1.8046	-0.4520	-0.7069	-0.1347	1.2725	1.2251	-1.6844	0.9256	-0.7733	0.2957	1.4405	-0.7163	-1.1060	1.1232	-0.3032	0.5846	0.8564	0.5247	-0.0362	0.8390	1.2943	1.3160	0.9441	-0.8611	-0.0176	-1.6703
0.0154	-0.2805	-0.6249	0.6671	-0.3121	0.4669	1.4835	-1.0370	-0.6598	-1.3324	-0.2610	0.9318	2.4936	-1.0608	1.7001	-0.2040	1.4965	2.2435	0.6180	-0.5888	-0.8758	-0.4157	-0.3361	0.4302	1.3539	-0.7878	1.9759	-0.9152	1.6156	-1.4793	0.9988	-0.2830	-0.0915	0.5780	-0.3655	-1.0675	-1.5107	-1.5138	-0.0937	1.1156	0.7961	-0.0097	0.1880	-0.7263	-0.8960	0.3844	0.1856	-0.3172	-0.0870	0.1114
-1.2137	-0.3925	-0.6491	-0.7507	0.1677	-0.8374	0.7759	0.4384	1.2585	-0.2692	-0.7083	0.8380	-0.0082	-0.6324	0.6155	0.7220	0.3192	-0.0933	0.3482	-0.5797	0.7550	2.1041	-1.3518	0.6137	0.3042	-1.0814	-0.1523	0.8799	-0.5586	-1.0916	0.1464	1.5163	-1.4992	-0.2330	-0.6392	-0.0513	0.3586	-0.4256	-0.4153	1.1075	0.3870	-0.6641	0.1009	1.4940	0.6576	-1.2328	-0.5046	0.6990	-1.1691	1.0921
1.0927	0.4218	0.0793	0.7100	0.1538	2.0893	-0.1760	0.3854	1.6522	1.2305	-0.8248	0.3676	-0.3198	-0.9193	-1.0124	-1.3069	-0.2347	-2.1640	1.5745	-0.9163	0.2822	1.1272	-0.4683	-0.2973	-0.7613	0.4309	-0.4292	-1.0432	-0.9267	2.2258	0.0708	1.0570	0.3817	-0.5597	0.2756	0.7990	0.4285	-0.3405	0.1994	-1.1393	0.0300	-1.4818	-0.8860	-0.2537	0.4375	-0.2806	0.9863	-1.1871	-0.8130	-0.0514
-0.8894	0.0327	-0.0160	0.9357	1.4101	-1.0713	-0.9642	0.7694	-0.8789	-0.3988	0.3298	0.8235	1.4251	-0.6646	1.6625	0.1204	-1.1434	-0.5559	-0.0732	-1.3456	-0.5160	0.2587	0.0957	0.6960	0.0352	0.3653	1.2501	0.2681	0.4836	0.8359	0.2722	-0.7303	0.8735	-2.1823	-1.7450	-0.3060	1.0392	0.9743	-0.5980	-0.1020	-0.4419	-0.1373	-0.0373	2.3927	0.2010	0.2002	-0.8347	1.7181	0.4907	-1.1787
-0.8689	-0.3160	1.5337	-2.5478	-0.0407	1.1016	-0.1992	0.2415	1.8837	1.8314	-0.2069	1.1531	-0.0923	-0.5527	0.2050	-0.3920	0.9471	-3.2669	-1.5228	0.6778	0.0846	0.5373	-0.1060	-0.2784	0.4746	-0.3031	-0.8146	-0.3335	0.3169	-0.9336	1.2294	0.9724	-1.3058	-0.6576	0.9076	0.5628	-0.8743	-0.7034	0.4250	-1.1277	-1.1150	-0.7249	1.0188	-0.1475	0.1200	-0.7420	0.1871	-0.7089	1.5147	-0.7344
0.0213	-0.4855	0.0503	-0.2611	0.4915	1.9677	-1.6577	-1.5303	0.4244	-0.1590	0.4511	-0.5786	-1.7763	-0.9542	1.5369	1.5078	0.4928	0.4477	-0.1249	0.6654	-1.5224	0.5058	-1.3753	0.4311	0.6839	-0.8438	0.3771	0.4852	-1.2390	-0.3794	-0.4363	-0.7375	-1.5271	1.1600	1.2823	1.1949	-0.5461	-0.3845	1.0679	0.8573	1.2473	1.6089	1.1922	1.3110	-0.0045	-1.3888	0.6009	-0.7950	1.2482	0.0342


