
X1	X2	X3	X4	X5	X6	X7	X8	X9	X10	X11	X12	X13	X14	X15	X16	X17	X18	X19	X20	X21	X22	X23	X24	X25	X26	X27	X28	X29	X30	X31	X32	X33	X34	X35	X36	X37	X38	X39	X40	X41	X42	X43	X44	X45	X46	X47	X48	X49	X50	X51	X52	X53	X54	X55	X56	X57	X58	X59	X60	X61	X62	X63	X64	X65	X66	X67	X68	X69	X70	X71	X72	X73	X74	X75	X76	X77	X78	X79	X80	X81	X82	X83	X84	X85	X86	X87	X88	X89	X90	X91	X92	X93	X94	X95	X96	X97	X98	X99	X100
-2.0183	1.4487	1.6501	3.5637	-1.7276	3	0	1.2462	3	2	-1.3131	3	-1.4695	2	2	-1.9447	-0.2837	1	2	1	1	0	0	3	2	3.3488	3	3	2	1	0	3.0397	0.6971	-1.9778	1	1	1.7773	-1.7206	2	1	0.1056	0	-0.4800	0.3784	-0.8962	1	1.5644	1	5.1674	-0.8739	0.3805	0	0.3557	1	-1.5052	-1.0016	-2.0138	2.4666	1.0902	3	1	5.0062	2	0.5377	1	1.1093	0	3	3	3.8219	-1.2680	-2.3193	1.9631	2.3343	2.9116	4.7930	3.1094	0	2	-0.4970	0.9092	4.8927	1.1567	3	0.5909	2	-2.5978	1	1	3	0	3	0.8679	3	2	1.3477	3	0	2	1.2909
0.7830	-1.3168	-2.8716	1.4229	2.6709	0	0	1.0828	1	2	0.0610	1	0.6653	3	3	0.3008	0.6341	0	0	3	2	2	3	2	3	1.9189	1	1	1	1	2	-3.7802	-0.6515	2.0300	0	2	-1.0216	-0.1483	3	2	-1.7028	3	0.8936	1.7727	2.5171	2	-1.7033	1	0.9200	0.3392	1.7711	3	1.4739	0	0.1880	1.1895	3.7122	-4.4343	1.8450	0	2	-0.4677	3	-3.3709	0	0.4545	2	2	1	-0.9318	-3.2180	4.6387	2.9562	0.7859	-1.3467	-2.7430	-2.7625	1	2	1.6635	-0.9561	1.6612	-1.6655	0	4.0965	2	-0.3104	1	2	1	3	1	1.4045	2	3	-0.3790	3	2	1	1.3923
-1.1611	1.1142	0.3124	1.3909	-0.7655	3	0	-1.3524	0	1	1.4433	1	0.1245	1	1	-1.1172	-0.8378	3	3	1	3	3	1	0	2	1.4779	3	2	0	0	2	-1.1996	1.2275	4.0122	3	1	0.9424	6.3902	1	1	-1.1438	1	-1.5155	-5.3212	-2.3441	1	2.0772	3	2.3762	-0.1841	-3.3378	0	1.1814	2	0.1386	-1.5047	-1.8634	2.3868	-1.8782	3	0	-1.9596	2	-0.7081	2	1.5234	3	3	2	0.8570	1.6338	-2.2613	6.2604	-0.5191	1.5163	1.9361	-1.9368	3	0	0.8807	-1.3743	3.4020	-0.6246	2	-3.0509	0	0.8842	3	1	3	3	3	1.7893	3	3	3.6995	3	2	3	-0.0408
3.2613	0.9684	1.7880	-1.1915	-0.3177	0	3	-2.7283	0	2	1.7994	0	-1.8593	0	0	-1.0489	0.4556	2	3	2	0	0	2	0	1	0.2717	0	2	3	0	3	-0.6709	2.2159	0.9642	2	2	-1.2978	-2.6230	3	1	1.0153	1	1.0479	-1.8106	-1.7511	0	-0.5462	2	3.9667	-0.9910	1.4243	1	7.5676	2	1.5354	-0.6475	-0.1914	-0.2847	-3.7303	2	3	-7.7311	1	0.5716	0	9.3396	3	0	3	1.4280	5.8078	-1.7088	2.7422	0.2075	-0.8377	0.3639	-6.5867	3	3	4.0953	0.0851	-3.5684	4.8973	0	-2.2312	3	0.5202	3	2	3	1	2	-2.4213	1	2	-4.8165	3	3	1	-0.1929
-2.5629	-1.7585	-0.5676	-0.0534	-1.3284	0	1	-1.2754	0	0	-0.6493	1	-1.1760	0	1	-0.5466	-0.1832	3	2	0	0	1	3	0	2	-1.5823	3	0	1	1	3	1.9816	0.1971	0.6841	2	1	-0.0962	3.2060	1	2	-1.0573	1	-1.5196	1.8216	0.1588	1	-1.2515	0	-1.5389	-0.0212	-2.8319	0	-2.7146	2	-0.2511	0.9171	0.6935	-0.4214	1.9245	1	0	0.2848	3	-1.6839	1	-3.0173	0	0	1	-2.2262	1.6667	-1.6951	3.0092	0.1187	3.5032	-0.6204	3.1243	1	1	2.4335	0.3142	2.8902	-0.9440	2	-1.3740	0	-1.4763	3	2	3	0	3	1.1649	2	3	2.4033	1	0	2	-0.4617
0.1780	1.1116	1.5283	-1.3031	0.0628	1	3	1.2526	2	0	0.3280	3	-0.3112	1	0	-0.2297	-1.1746	2	2	3	3	1	2	3	2	0.0247	1	0	1	0	2	4.0007	1.8758	0.3244	3	1	-0.6908	0.2860	2	0	-3.7251	0	0.1816	-1.7656	1.0877	0	-0.5175	1	0.3062	0.7137	-1.7177	1	-0.6752	2	0.1220	-2.0534	-1.4857	-0.0413	0.4997	2	0	2.6373	1	1.6637	3	0.2231	3	1	3	1.7101	0.0269	2.9139	-0.0005	1.1838	-2.3329	0.5003	1.9357	0	3	0.7605	1.7697	3.4526	0.0846	2	2.6007	2	0.6178	0	1	1	2	2	-0.0408	3	0	1.3540	3	0	3	-0.4576
2.2292	0.3578	0.1411	-0.2540	1.4807	1	0	-0.2710	3	0	-1.0130	0	1.7575	2	0	2.0061	1.0713	3	3	2	1	2	1	1	3	0.4203	2	2	3	0	3	-3.2666	-1.6886	0.6885	2	2	-1.9303	0.1375	0	3	-1.1173	2	-0.0364	-4.8553	3.2697	2	-0.8763	0	-2.6057	4.1953	1.5224	2	-0.5863	2	-0.5730	-2.0929	2.5781	2.2574	2.2753	2	1	1.1124	2	0.9032	3	-3.0925	3	3	1	2.9237	-5.0104	5.4909	-10.1831	-0.1896	-5.3312	-3.7579	2.7892	0	1	1.8235	2.0183	-2.0308	2.9282	3	2.5579	1	6.1077	2	0	1	1	0	-0.7828	3	0	-5.5140	0	3	3	-0.5353
0.2708	-1.2057	-1.0554	-0.2317	-0.7002	2	0	0.5270	0	3	0.8256	3	-0.4781	0	3	1.5660	3.2308	2	1	0	1	1	0	3	0	-1.1294	0	0	3	0	2	-7.1265	-2.3519	-0.9013	1	1	1.1725	3.1445	3	3	-1.2937	0	0.9131	0.1756	-2.3915	2	-2.0461	3	-2.0001	-0.1655	-0.7453	2	-2.6538	0	-0.3746	2.0244	1.2386	-2.7757	-2.1907	0	0	0.4795	0	-1.6610	1	-5.5544	2	2	0	-2.3483	1.0621	-2.4562	1.6618	-2.0989	3.5877	-2.5256	3.3143	1	1	-1.4873	-0.6593	-1.3954	-3.1085	2	1.6974	2	2.4018	2	3	0	3	1	0.9868	2	3	3.5734	2	0	2	2.7437
2.0097	1.8450	-1.6637	-0.6398	0.6560	3	0	-2.7236	2	1	2.0673	0	1.6488	2	0	-0.6349	-2.2167	0	3	1	0	3	0	1	3	1.3666	3	0	0	2	0	3.3711	-0.9447	-0.8784	1	0	-0.9654	-2.6195	1	2	0.2369	2	-2.2854	1.9974	3.5479	3	1.3992	3	3.0619	0.2291	4.0701	2	5.3911	0	0.0897	2.2386	0.4179	1.1599	1.5461	2	3	-3.1313	1	-0.8823	1	7.4882	1	0	0	-1.9765	4.0515	4.1222	-0.3040	-1.4388	-9.4534	1.1436	-3.7145	1	2	1.4825	-0.6082	-1.5199	-0.5352	0	2.5684	1	4.2945	1	1	2	1	1	-0.1343	2	3	-6.6024	2	1	2	0.2601
-1.0275	-1.2425	-0.7106	1.0865	-2.0398	2	0	-0.4513	3	1	-2.2432	3	2.7715	1	2	2.0188	-1.4956	2	3	3	1	2	3	0	2	0.4779	0	0	0	0	1	-1.8979	-0.5646	-1.1761	1	0	-1.0857	-0.2251	3	2	-0.8707	1	-1.0476	2.6470	-3.0967	1	-0.0037	0	-2.8129	1.4519	-2.7740	1	-3.9872	3	-0.9898	2.4009	-3.1783	0.6804	-3.7785	3	2	2.1142	2	-0.7375	1	-1.1670	1	2	1	-1.2887	-0.2420	-4.2971	-1.3358	-0.5648	6.4216	1.9844	6.5184	0	2	-3.5513	0.5844	-1.8498	3.0951	2	-3.8648	0	-3.3466	3	2	1	3	3	0.8441	0	2	0.8105	3	0	0	0.5676
-2.0478	1.3807	0.4349	-0.6662	-0.6863	3	1	-1.2147	3	1	-0.9908	0	0.8649	3	0	0.2408	-2.5277	2	2	3	0	3	2	3	3	-0.6430	3	3	2	3	3	4.2321	-1.9881	1.2366	3	3	1.8409	4.5222	2	2	1.0849	0	-0.8744	2.0713	2.6966	3	2.1802	2	-2.1773	-0.6012	-1.9775	3	-2.7177	3	-0.3222	-0.1728	1.1193	6.1847	-0.4054	3	0	-0.2905	3	1.3135	0	-0.7526	0	3	1	3.3135	4.9303	0.2897	-4.3852	3.0938	-4.2804	-0.2269	-0.7339	1	1	-4.2032	-1.1738	-1.6081	-4.2548	2	4.2492	1	-2.5315	1	1	3	0	0	0.8633	1	2	0.6137	3	2	1	-0.7197
2.2126	0.4016	2.0198	2.6697	3.6221	3	1	-0.8711	0	0	-0.3158	1	0.1523	2	0	-0.6381	1.0024	3	3	1	1	2	3	1	3	-3.7000	0	3	1	0	3	0.2492	0.7054	-2.0069	0	2	1.9173	-0.3320	1	1	-2.7381	2	-0.8471	-2.6081	2.8922	2	1.8538	0	-1.8490	1.7346	0.6333	3	2.6662	2	0.1518	0.1067	1.1583	-0.5299	1.4420	0	2	0.0208	3	-0.5834	1	0.0546	3	0	3	0.2025	-4.4422	4.2016	-6.0372	-1.2383	-4.5539	-2.1414	-1.9032	0	2	-0.6202	0.9821	0.4405	-0.5536	0	-1.8022	0	0.1077	3	1	1	2	0	-1.0470	3	0	-6.0046	0	2	2	1.8002
-1.0923	1.0765	0.3718	1.4754	3.1735	3	3	3.2344	2	1	2.7144	3	0.3121	2	3	0.0276	-0.9534	0	2	1	0	2	2	1	3	0.5066	3	0	0	0	3	3.2849	0.1329	-2.7014	1	1	1.3771	-0.3241	1	3	1.0535	1	1.4428	0.1250	3.6862	1	-0.7236	1	1.3071	-0.8707	-2.2525	3	0.6423	2	-1.9431	0.5823	-0.0558	1.4439	3.2507	1	3	-0.0231	2	-1.1914	1	2.6228	0	1	2	4.0491	-4.8678	6.4148	-1.2658	2.3922	-2.7497	0.8277	1.3488	0	3	-0.3056	0.1888	0.3630	-0.6440	2	0.8682	0	0.0925	1	1	3	0	0	-0.0075	0	0	-1.8831	3	3	2	0.3527
1.4161	1.1968	0.5939	0.2838	2.7567	3	0	-1.2669	0	3	-2.9342	2	0.2835	2	3	0.2782	3.3732	2	3	1	3	2	0	1	0	1.6744	1	1	0	0	3	-3.5923	-2.7066	-0.6295	1	2	-5.4336	-0.1653	1	3	0.1748	2	-1.6862	-1.2005	3.6382	0	1.5913	3	0.3673	0.4452	0.4155	2	2.4131	1	-1.1454	0.9117	1.6856	2.4824	0.0421	2	0	-0.7095	2	-0.2394	3	-1.8415	3	0	0	1.0702	3.5754	7.4324	-1.0083	-1.5869	-5.4881	-2.1997	-0.6984	0	1	-2.3738	-0.0899	-1.2171	9.7161	0	3.5506	1	1.3640	1	2	1	3	1	-2.1007	2	0	-2.6409	0	1	0	2.2989
0.2131	1.7158	1.8177	-1.1805	0.9222	3	0	0.7292	0	3	0.8258	0	-1.1403	1	3	0.5800	-0.3245	3	3	2	0	0	2	2	1	-2.4534	0	2	2	0	2	0.7781	-0.4864	2.4251	0	0	2.5108	2.0019	3	1	-0.7953	0	2.4419	-0.6005	0.8694	0	-2.9716	1	-0.1580	-2.6390	3.6638	0	0.5540	2	1.7122	0.8184	1.0863	-2.4842	-1.0443	0	0	-3.4849	0	-0.0801	0	1.5117	2	2	1	-0.9150	3.9775	2.5882	-2.7871	2.1661	0.1297	2.2933	-2.1136	3	1	1.4941	-0.5799	0.9544	-1.6208	0	-0.1283	3	-0.6655	3	3	3	0	0	0.4479	1	3	-0.8717	3	1	1	-4.1167
1.9158	-0.6567	5.3814	1.1700	-2.1275	0	2	1.6650	3	0	0.1943	0	-0.2226	0	2	1.4703	1.4826	0	3	3	2	0	3	3	1	-0.3780	3	1	3	0	0	-0.0360	0.3735	0.0396	2	2	-5.2320	-2.2085	2	1	2.8855	2	0.7734	2.5377	-2.4006	1	0.3730	1	-1.1865	0.4224	4.1927	3	2.2404	2	-0.7324	-1.2339	1.8512	-1.8574	-4.0584	2	3	0.7729	3	-0.3051	2	0.8899	1	2	1	0.3547	-2.9855	-3.8904	-7.1583	0.3795	2.0682	0.0461	0.8052	3	2	-1.8175	-0.7621	-0.1422	14.0228	0	-3.7474	0	-6.0049	3	2	3	0	0	-0.2035	0	2	-5.0136	3	2	1	2.0757
-0.4108	-0.2924	-0.2822	-0.6775	3.1174	3	2	0.5748	0	2	-2.8145	0	1.2263	2	0	0.3254	0.6784	2	2	0	0	0	3	3	1	1.5746	2	2	3	3	2	-2.1494	-1.0213	1.7891	3	0	-1.4141	1.3006	0	2	-0.9523	3	1.0669	-1.9986	4.7038	0	-1.8363	2	0.3165	2.5505	1.8037	3	-0.5163	0	-0.4703	0.1379	1.5714	-1.7586	2.7143	0	1	-0.3703	1	1.5767	0	-2.4925	0	2	1	0.0745	-2.0458	5.5476	-2.0491	0.0032	-3.4818	-2.9348	-1.0852	3	0	1.4761	-1.3584	2.4254	1.5435	0	-3.4894	3	4.2448	2	0	1	1	1	-1.0119	1	0	-0.5626	3	3	1	1.1427
-0.2593	2.0022	-3.4624	-2.9888	0.9041	3	2	1.7828	2	3	-0.7044	1	-1.8307	0	0	-0.3736	0.2009	2	2	0	3	2	2	0	3	-2.3604	2	1	0	1	2	0.7930	-0.2172	-3.5324	3	3	-0.7360	-2.9302	0	2	-0.9237	1	0.0362	-1.3631	-1.5716	3	-0.3868	1	-1.9816	1.1249	-2.0361	3	-0.5117	0	1.3218	2.2223	3.5114	-0.5393	-3.1765	0	1	1.4205	2	-1.1697	1	-1.4497	0	1	2	2.0342	-0.1795	0.3492	-4.2806	1.0389	-0.1007	1.7440	-0.0199	0	3	-1.5761	0.6297	0.7683	-1.8360	2	-3.4821	0	7.7312	3	3	1	1	0	0.8704	3	3	0.4978	1	0	2	-1.0033
1.7658	0.2226	-2.9269	2.3399	-1.7468	1	3	-0.9063	0	2	-0.7656	0	3.7666	1	1	-0.0574	0.9771	1	3	1	2	3	3	2	0	-0.6242	1	1	1	1	0	1.8868	0.3401	0.5227	2	2	1.9844	-1.3275	2	2	-0.6735	3	-1.0324	1.2684	-4.0488	1	1.0603	3	-0.5898	0.6988	1.8262	3	0.7625	0	1.0114	1.5133	-2.3610	0.0209	-1.5219	2	2	0.4956	3	-0.4770	2	0.1089	3	0	1	-0.8335	0.7286	-4.2676	-2.3946	-0.1076	-0.3684	2.0990	0.0273	1	2	0.9704	-1.5903	3.0528	-7.4975	1	-4.3001	1	0.7588	3	1	1	1	0	-0.2765	0	1	-1.2460	3	1	2	2.7076
-2.6952	1.9650	3.4957	1.1661	2.7770	3	0	-1.8258	0	0	0.8239	1	-0.3825	0	3	0.4317	-1.6906	2	2	1	1	0	0	3	3	-0.2971	3	1	1	0	3	-0.4803	2.3265	1.3065	0	1	-0.9871	5.9919	1	1	-2.1755	0	-0.4984	-0.4722	5.6068	2	1.0845	3	-0.8625	-2.2315	-2.4572	3	-2.6227	2	-0.4224	-1.3810	2.5854	3.7171	4.6955	3	0	1.7863	2	1.0968	2	-2.3844	3	3	0	-2.8607	10.3574	7.6952	2.3714	0.2008	-2.2442	-0.0400	-0.5960	1	2	-1.7843	-1.6974	4.2672	4.0025	2	-0.3631	3	-2.2865	2	3	3	3	2	2.0293	2	3	2.8597	0	0	3	1.8007
-0.8644	3.3328	1.9093	-0.5467	-2.4234	3	2	0.6893	3	2	3.7153	2	-0.8343	1	2	-2.2670	3.6529	0	2	1	3	3	1	1	0	1.6000	3	3	3	0	1	-3.7413	-1.6961	3.3018	0	1	2.4093	5.3048	1	0	-0.2925	0	-0.5163	-2.3439	-4.1368	3	-1.4745	3	2.7952	-1.8218	-2.3553	1	3.9823	2	0.3248	-0.1549	2.0008	5.4794	-4.7731	0	0	-1.2440	3	-0.9182	3	-0.5017	3	1	0	0.1769	1.6357	-5.1034	5.1099	-0.3733	8.6559	-0.3133	0.1502	3	2	0.9740	-0.6847	3.0544	-3.0085	2	3.0368	1	3.5543	1	3	2	3	3	-0.3323	0	2	-2.8108	1	3	3	0.5227
1.1034	0.1065	0.7966	0.0137	1.0656	1	3	1.0873	2	2	-2.5310	2	-2.7068	0	1	-2.1360	-0.3932	0	0	1	3	2	1	0	2	0.4058	2	1	0	3	1	4.0939	3.7362	0.1190	0	3	3.7783	1.9153	0	2	-2.3436	2	2.7097	3.6122	2.2952	3	-3.3912	1	3.8641	-0.8712	0.9190	0	4.4762	3	-1.3494	-1.1608	-2.0648	2.8035	1.4242	0	1	-4.9870	0	3.5879	0	6.7705	1	1	0	-0.0463	-3.4648	4.6342	6.3243	1.1556	-5.1374	0.9492	-2.5153	2	0	1.3031	0.1833	-1.5154	-5.3436	0	-1.9077	1	-3.2395	3	1	3	0	2	5.7640	1	3	-4.0652	1	3	0	-1.6520
2.3018	0.9273	0.1688	-2.4588	-0.8477	0	3	1.1994	0	2	-1.5911	0	-2.6639	1	2	1.4235	1.0763	2	3	2	0	0	3	3	1	-0.2050	0	0	1	2	3	-1.2345	-0.0756	0.3945	0	0	-1.2549	-2.2568	3	0	2.6714	2	1.0151	4.5757	-2.4571	3	-1.1405	1	-0.0686	2.4238	3.8737	1	0.0068	0	-1.1118	0.3414	0.3321	0.5021	-3.0925	2	1	-0.9342	3	0.7258	0	-1.2650	1	2	1	4.3363	-1.0979	-5.5778	-8.9243	2.0950	1.1318	0.2870	0.0370	0	0	1.5253	-1.1749	4.4561	0.3379	0	2.7016	3	-4.0906	1	2	3	0	0	-3.2601	2	2	-5.7473	2	2	1	-2.5967
2.4028	-1.4557	-3.1252	-0.5624	1.7964	0	3	-2.1834	3	0	1.2948	2	1.4737	3	1	0.7321	-1.4818	0	3	3	1	3	0	3	2	-0.0925	1	2	1	0	2	5.3085	-0.4211	-0.4919	1	0	1.7674	-2.1657	2	2	1.0420	0	-1.2204	1.1337	-0.6813	1	2.0276	0	-0.2961	2.2744	2.7518	3	2.6915	0	0.4962	2.2071	2.1265	-5.0756	-1.7518	2	1	-4.3433	3	-2.2854	2	6.2498	1	0	0	-1.0996	-0.7690	1.6425	-1.6585	-2.5632	-0.7964	-1.0133	-4.3600	3	2	-0.5061	-2.2088	-1.3195	-4.9780	0	1.9701	3	1.3108	0	1	1	0	0	-0.7261	2	0	-4.3220	1	2	2	-1.7752
1.0132	0.4627	0.9256	3.1458	-4.2516	3	2	1.4011	2	3	0.6251	3	-0.7646	2	1	-2.1207	-0.1514	3	0	1	3	1	0	0	1	-1.8949	1	3	0	0	1	0.6286	-1.0750	-0.8096	0	0	0.3028	-1.3373	1	1	-2.3324	3	2.6477	1.0873	-7.0929	2	-1.8201	1	1.6733	0.9733	0.8169	3	1.2737	1	0.8809	-0.9552	1.1799	2.0789	-2.3967	0	2	-1.9602	1	1.3172	2	1.7230	0	2	0	0.4979	-4.1341	-10.0500	-1.2828	1.2091	8.0269	0.1309	-0.7082	2	3	2.6549	1.5816	-2.7281	-0.3025	3	-0.4663	2	-2.4772	1	2	3	0	3	-3.9130	1	2	-3.4429	3	2	3	0.2657
-1.1801	0.5280	-0.3889	1.2466	1.8418	3	0	-0.0843	2	0	0.0837	2	-1.8473	1	3	0.7868	0.8384	2	2	1	0	1	3	0	3	-0.9541	1	1	1	1	0	-0.7611	0.4337	-1.2110	1	0	-2.8609	0.6766	3	3	-0.4941	1	-1.0577	0.3335	2.5736	1	3.1201	2	-0.9256	-3.2987	1.4173	3	-4.3783	2	-0.2398	0.9964	-1.2909	0.2866	-0.3554	3	2	6.7687	0	-0.1705	1	-6.2919	0	2	0	2.2051	7.4670	3.5185	-4.7105	0.3484	-1.8693	1.0268	7.7274	0	0	-1.1636	0.3628	3.5374	5.0922	3	2.5400	0	-0.6260	0	2	0	3	0	-1.3595	2	0	1.7062	0	0	2	-4.5535
2.3861	2.0177	0.5548	-0.6074	2.1892	3	0	-0.4234	3	1	-2.0324	0	1.4697	1	1	1.1103	-2.1272	1	3	1	0	2	0	3	2	-0.3647	1	2	2	0	3	3.4763	-0.0049	0.3073	0	0	0.9820	-0.0211	2	3	2.1840	1	-2.3217	0.4626	0.1758	0	3.0634	0	-2.1471	5.5744	1.0991	2	-0.2592	1	0.7793	1.3547	-1.0678	1.1942	-1.4287	2	2	-1.0801	3	-1.3532	2	4.6883	3	2	3	-1.0483	-4.5980	0.4368	-5.0585	3.0333	-3.0458	2.7786	0.9952	1	0	0.7755	-2.0532	1.0401	-2.1265	0	-1.9107	3	-0.0024	3	0	1	0	2	-0.0740	3	0	-2.1816	3	1	3	0.3202
-1.1570	-1.6926	3.1919	-0.3358	0.1990	0	3	0.2772	0	1	0.1215	2	0.5010	0	1	0.1188	-3.2980	2	2	3	0	3	2	2	3	-4.3767	1	2	1	0	1	3.8828	0.7374	1.0540	3	3	1.8178	0.8706	1	3	0.5499	0	-0.9816	-3.2642	-0.6573	3	-0.6440	0	-2.6800	-0.0083	0.5246	2	-3.4335	2	0.2848	1.1890	-0.8137	0.0886	1.1185	3	3	0.4913	0	-2.6330	2	-0.0257	3	1	3	-1.2429	-5.3647	0.0077	-4.2497	-1.3972	1.8361	0.0282	2.5840	1	2	-1.9244	0.5911	-0.8011	-0.9783	1	-1.9306	3	-2.3646	3	1	3	0	0	0.7035	2	3	0.5258	3	1	1	-0.7266
1.5650	0.2793	-0.6003	0.5664	-1.8913	1	0	-1.7312	3	3	0.9285	0	4.1450	3	3	0.7062	-0.2789	3	3	1	0	0	3	0	1	-1.7252	2	1	1	1	3	0.4337	-0.5416	-0.1920	1	2	1.6411	-0.9368	0	2	-0.7340	2	-1.2959	0.0601	-5.9295	3	1.9293	3	-1.9978	-1.0076	1.8811	3	1.1319	0	-0.0053	4.5190	-3.9845	-0.6010	-4.6338	2	3	-2.0008	1	-6.1402	3	2.0990	3	0	1	-0.0787	2.8961	-5.9339	-7.3815	-0.3862	5.8831	2.2412	-3.5274	2	1	-1.3268	0.4075	-1.9149	-1.7490	0	3.1435	2	-0.0488	1	1	2	0	0	-1.7501	0	2	-4.8167	1	1	2	-3.3497
-2.8256	0.7061	-1.1469	1.0929	-1.0555	0	2	-0.9861	1	3	0.2176	0	1.4210	0	2	1.0296	0.3280	1	2	0	1	1	0	3	3	1.2148	2	2	1	2	1	-6.4271	1.4063	2.2507	2	0	1.2507	2.8076	0	2	-0.5195	1	-1.8053	1.2689	-2.6859	1	0.3115	3	-0.2231	-0.5214	1.5416	3	-1.7305	0	-0.0338	-0.1535	2.4387	-2.1021	-3.1828	1	0	-0.4619	1	-0.1727	0	-3.1474	3	2	0	0.8662	2.8739	-3.0096	-4.7377	-0.1598	4.3087	1.1267	0.6362	1	0	-2.5866	-1.6818	0.5476	-2.9230	3	1.7580	3	0.2364	1	3	1	3	0	2.8798	2	1	0.8000	1	0	1	2.4150
1.0674	3.6014	1.0932	0.7582	2.6046	3	1	0.3718	3	3	-0.5605	1	-2.2530	2	0	0.7143	1.3377	2	0	1	3	2	3	3	2	4.2562	2	1	3	0	3	-5.9583	1.4570	0.0333	2	2	-1.3367	-0.6356	0	3	-3.0977	2	0.4540	-3.0022	2.3655	2	-0.8647	3	2.2370	-1.9911	1.4292	1	1.7884	2	-0.0237	1.7268	1.1180	5.9196	-4.8119	2	3	-3.0155	3	-1.9933	2	-2.2176	3	2	2	1.1239	7.2903	3.6207	2.1582	0.2976	-0.1061	-0.7539	-3.8222	0	2	0.1792	0.8598	-3.8055	1.7668	0	-0.4930	0	3.8804	3	2	2	3	1	0.3494	0	2	0.7730	1	3	3	-1.2250
-0.1491	-0.0371	-3.9480	2.1193	3.4212	0	1	0.9058	2	2	1.1441	1	-0.7015	0	1	-1.1346	-2.5935	3	0	3	0	2	0	2	3	-0.7617	1	1	3	1	0	3.7542	-5.3615	0.0937	0	3	4.0312	-0.7735	1	2	0.8479	3	1.1474	-0.3717	2.9318	1	-1.6726	2	1.1537	-2.5917	0.3668	3	0.4367	0	-0.0857	-2.5981	0.1663	1.4748	3.6043	0	3	-1.0226	0	2.1744	0	4.5700	1	1	2	0.1056	-0.8996	2.9788	0.3769	0.1885	-4.7439	-2.7874	-0.3394	1	2	3.1414	-3.4386	4.7733	-10.6064	1	1.2231	0	7.6026	3	1	2	1	1	0.1727	1	3	-0.4694	0	1	0	0.3102
-0.0529	-0.5676	2.1787	0.5984	-2.0274	3	1	0.4647	1	1	-1.2424	3	-4.0587	2	2	-0.4082	-0.4684	3	1	0	0	1	0	0	2	-0.5672	2	0	1	3	0	3.1595	1.2020	-1.8596	0	3	-4.0220	-0.7100	2	1	0.9623	0	-0.5886	-0.8170	-3.4379	3	-0.4313	0	-0.9283	-0.5097	-0.2109	0	-2.1561	1	0.0651	1.7858	-2.1641	-1.1178	-3.3656	3	3	2.7487	3	-1.4309	1	-0.8181	3	2	3	4.9407	-0.1524	-5.2901	-4.1196	-2.0895	7.6751	-1.2579	2.0286	0	2	2.0388	2.3675	-2.0684	7.8335	3	-0.4902	3	-1.8849	0	0	3	2	0	0.7957	2	1	0.8385	1	1	2	-0.0049
1.4385	-0.0442	-3.2881	-0.1935	3.8834	0	3	0.5377	2	1	-2.9645	0	-3.9417	0	1	1.1477	-2.2760	0	3	1	0	0	3	2	2	-1.1815	0	1	3	1	3	6.5222	-1.7112	-0.3988	0	2	0.1063	-3.1232	1	2	-2.6010	1	1.8588	3.4883	8.1830	0	-2.5051	2	-3.7823	1.7175	1.6018	3	-0.5784	0	0.8722	1.4752	-2.7299	-2.9277	5.3901	0	3	-0.3332	3	0.0745	2	0.8311	1	2	1	1.1665	-1.3068	9.6921	-9.5530	-1.5516	-11.9952	1.2257	-1.2618	0	2	1.3905	-0.7120	0.6065	-3.1035	0	0.4209	3	-1.9184	2	1	1	0	0	-0.6672	0	0	-6.6325	0	2	0	2.2321
1.6037	-0.0864	-0.1626	0.9979	-2.5439	1	0	0.0687	3	2	-2.0606	3	-1.7615	1	1	-0.7214	2.3605	0	1	3	3	2	2	0	0	-1.5438	2	0	0	1	2	-3.9467	2.4055	-0.8751	3	3	1.1216	-1.7832	0	2	1.1155	2	-0.6488	-0.3420	-3.0749	2	-0.6227	3	-0.1674	3.5409	0.3173	3	1.2925	3	-0.0560	0.4234	-1.5583	0.0144	-4.1170	1	3	0.0907	0	-1.4612	1	-3.2357	1	1	3	1.0998	-5.5608	-4.4645	-1.7188	-3.8584	0.8045	-0.1714	-0.7810	0	3	-0.7097	0.3893	0.3287	-1.7932	0	2.0356	0	-1.0112	1	0	1	3	0	1.9095	3	2	-3.3860	1	1	2	-0.5960
-2.0866	-1.1572	1.6898	1.5302	-0.5795	0	2	-0.1103	3	0	0.7692	2	-1.0376	0	3	-0.3522	-1.5260	2	2	0	2	3	3	0	3	-0.9296	3	2	3	0	0	1.8480	-1.8185	-0.8437	0	3	2.1731	1.6442	0	3	1.8297	1	2.2775	0.1980	1.7438	1	-1.8635	1	0.2136	-3.2233	0.0159	2	-2.1888	2	0.4106	-1.1319	-1.0545	0.4304	2.8225	0	2	0.6906	0	1.3871	3	-1.6685	0	1	1	-0.1424	2.7922	0.7269	-2.8959	0.7691	-0.1928	-0.2378	2.3874	1	1	0.2346	0.1120	1.9438	-2.3522	1	0.6834	3	-2.9469	3	1	3	0	0	4.1905	3	3	1.4267	1	1	1	3.4558
-0.7478	0.0875	2.2097	-1.2853	2.5522	0	1	-0.6166	2	2	2.3819	1	0.4583	0	1	0.1308	-1.7920	0	1	0	3	1	0	2	2	2.2472	3	3	1	0	3	3.3406	-2.8684	-2.1826	3	3	2.5937	-0.5206	1	1	0.4166	1	-1.0227	-0.5430	2.2225	0	2.0278	0	1.7366	-1.0602	0.8369	3	0.7220	1	-0.3682	-1.1073	2.2365	0.1277	2.0621	3	1	1.5490	0	1.8819	1	3.2247	3	1	1	-2.1312	3.7997	4.6077	5.9654	-0.3290	-0.9807	-1.4464	1.3042	1	2	0.3548	-1.0778	0.7969	-1.7666	3	-0.1466	3	-0.9412	3	1	3	0	1	1.1799	1	3	4.9778	0	3	2	2.4433
0.7212	2.6264	-1.0097	-0.3537	-2.7457	3	3	1.0932	0	0	0.0221	0	-1.8019	0	0	-0.1931	-1.8914	1	3	1	3	2	2	3	0	-0.6527	3	0	2	2	3	6.2888	-0.5997	-0.8287	3	2	2.2249	-1.1595	2	3	3.1315	0	1.3201	1.7218	-1.4945	2	-0.5732	1	-2.0296	1.1952	4.1004	3	-2.7939	1	-1.0141	0.5104	-1.2751	2.9540	-4.6162	0	3	-2.8537	1	-1.9771	1	-0.9691	0	0	3	1.4447	-0.1458	-3.2248	-9.1163	2.3967	5.4336	3.2774	-3.5259	0	3	-2.0688	0.0480	-1.3124	-4.6213	0	0.8593	2	2.6450	1	1	2	0	0	-2.3406	3	2	-0.3873	3	0	2	-0.1606
1.8104	0.0267	-1.5828	-0.5033	3.1117	0	0	-0.6118	1	3	1.4398	2	-0.4263	2	0	-0.0034	1.5903	1	3	0	1	1	2	2	0	0.2959	0	3	1	2	1	-4.7936	-1.8854	1.3463	2	0	1.0979	-1.4301	3	2	-3.0432	3	-1.5050	-2.7433	0.3890	2	1.6595	3	-1.7082	-1.3149	-0.8409	3	-0.6962	0	-0.6967	-0.1470	1.0579	0.8262	0.6188	2	2	-1.9827	0	0.1320	2	-6.1519	3	3	0	-0.4108	2.1746	4.1557	-1.5138	-1.3551	-2.0808	0.0448	-4.4960	3	3	-0.0377	-1.9175	1.4629	-4.4319	0	-1.8692	1	3.8833	3	3	2	3	1	3.0946	2	3	0.0994	2	0	3	1.2600
-0.8935	1.7304	-0.2213	-3.7130	-0.1314	3	1	0.4647	0	0	-1.7066	2	-0.4854	3	3	1.0926	-0.6548	1	1	1	1	2	2	3	3	1.4646	3	1	0	1	1	3.5266	1.4553	0.2465	0	3	1.5334	0.1047	1	2	-0.6867	3	3.0272	0.3968	-2.9143	3	1.2929	1	1.5452	0.0010	-2.1865	3	0.5247	0	0.7392	-0.9865	1.7446	2.2537	-5.1727	2	3	0.4257	1	0.8304	3	1.3800	0	1	0	-1.9882	3.5874	-2.9997	5.2943	1.6249	2.3084	-1.0611	-1.1987	1	1	1.9811	-1.5247	2.6962	-2.9003	1	-1.3493	0	1.7950	0	1	1	0	1	0.6161	3	2	1.8724	0	1	2	-4.0633
-1.2284	4.2451	4.0492	1.4668	0.5081	3	3	0.2776	2	1	1.0013	2	2.4875	1	2	-0.8665	-0.2461	3	0	1	0	0	1	1	3	-0.6067	0	2	2	0	1	0.0552	-0.4704	-1.1448	0	1	-1.0300	2.3357	3	1	-0.7869	0	1.2582	-0.7530	-1.5249	2	-2.8987	3	-0.8115	-0.5901	-2.3513	2	-3.0806	2	-0.5305	0.7913	-1.6011	7.6579	-4.2711	0	2	1.9439	1	-0.7211	3	-2.7919	0	2	0	2.7342	2.5276	-1.3745	-1.7313	0.4371	1.4618	-0.9390	2.9929	0	0	2.0082	-0.8515	5.4773	5.8302	2	-2.6497	3	0.1165	3	3	3	2	0	-1.8145	3	2	0.7359	2	0	0	1.6154
0.1454	0.3462	-1.3194	-1.0220	2.6770	3	2	0.4534	2	0	0.6706	1	1.3063	3	2	-0.8895	-0.4859	0	3	3	1	2	1	0	3	0.1878	0	3	2	3	3	0.0783	-0.0516	-0.8203	0	1	-0.0899	-0.3068	3	2	-1.0499	1	-1.6150	0.1605	1.8058	3	1.6458	0	0.0615	0.1561	-0.0997	1	0.5933	3	-0.0198	1.7525	3.2861	-3.3063	1.6249	3	3	0.0453	3	-1.1720	1	2.5756	1	3	2	-0.8462	-2.2224	4.0989	1.0237	2.4288	-3.2108	1.7015	2.4836	2	2	-2.5689	1.1517	-3.0807	-2.2162	2	-0.0760	2	-0.8990	2	1	3	2	2	-0.1812	1	0	-0.6992	2	1	2	-2.8847
-1.1269	-0.9020	0.6603	-1.3560	2.5199	2	2	-1.8792	1	2	-0.3032	1	0.1227	2	0	0.8628	-0.2415	2	2	0	2	1	0	1	3	3.0181	0	2	0	2	1	0.1011	-0.1367	-1.2048	1	3	0.2044	-0.0501	1	1	-0.7454	3	-0.1829	0.3369	4.7257	3	-0.4830	3	1.1338	-0.2063	0.7831	2	1.7199	2	0.2092	-2.3617	-1.4529	-1.8379	5.2449	0	2	-2.6466	2	2.5541	3	1.5911	3	3	2	-0.6653	2.6284	5.8499	2.9127	1.0890	-4.5349	-0.3833	-1.2948	2	0	1.3948	1.4440	-3.9169	-0.3752	0	0.0327	1	-1.7956	2	1	3	0	1	1.7531	1	3	-0.1700	2	3	2	-2.6552
-1.0566	-2.0023	-3.2749	0.3519	0.8278	1	0	-0.0367	2	0	-2.2741	1	-0.6441	3	2	1.6316	1.0409	2	1	3	3	3	1	1	3	0.9187	1	0	2	1	1	-4.3866	1.6097	1.9848	0	1	0.8961	3.2476	0	2	1.1880	0	0.2640	-0.8402	-0.5826	3	0.6663	1	-3.2006	2.9107	0.8938	3	-2.3951	0	0.6223	-0.8503	0.6181	-2.7034	4.4135	3	0	7.6311	3	0.7280	3	-2.8211	3	3	3	1.3292	-4.9925	-1.9074	-8.9619	-0.0213	1.7595	0.2793	6.5021	3	1	-3.5500	-0.0682	1.9239	-6.3261	3	-0.5589	3	2.8403	2	0	1	3	0	-0.1407	3	0	-1.7516	1	0	2	-0.9000
0.9752	0.3855	-0.1156	-2.0322	3.8397	1	1	1.1812	2	1	-0.0986	2	1.9139	1	3	-1.1021	-0.8067	0	0	0	0	3	2	0	3	-1.1350	3	1	1	3	3	1.8586	-0.2070	0.3327	1	0	1.5259	-0.1552	0	1	0.3035	2	0.8482	-3.2096	5.7458	3	-1.4379	1	1.5050	-0.4644	-0.2764	0	3.4390	1	-0.7083	0.2014	-2.7112	0.8493	3.6182	0	1	-2.3551	0	-0.3983	3	5.1731	3	1	3	-0.8179	-0.8458	8.2027	3.7327	1.1479	-7.1142	2.9269	-4.2363	1	2	-1.1785	-1.1084	-1.4551	0.3389	0	1.2473	3	4.3820	0	1	2	1	1	0.0756	2	0	-2.5961	2	3	0	-0.8897
-2.0316	-1.3484	-2.4151	0.0485	-0.0529	0	3	-0.1593	2	0	4.2559	0	-1.9962	2	3	0.9577	0.5063	3	2	0	0	2	3	3	2	0.1226	3	2	1	2	3	2.4845	0.6114	-1.7180	1	1	0.6085	1.1886	1	2	-0.0901	2	-0.8740	-0.1645	-0.9991	3	2.1046	0	0.3251	-0.6728	-0.7432	1	0.4307	0	0.5207	-0.9495	0.4658	-1.5518	-0.5989	3	1	-0.9178	3	-0.3720	0	-0.0518	3	3	1	-0.0746	0.5293	-2.0049	1.8254	1.1766	3.4845	0.3431	0.4023	0	1	-2.4809	2.1800	-6.0723	-2.2997	1	0.6794	1	1.0334	3	2	3	0	1	-0.5021	2	0	0.4503	2	3	1	-3.0470
-0.4175	-0.6269	0.2349	1.0663	2.5230	1	1	-0.1901	1	3	-0.1659	1	-2.1847	3	0	-2.2329	-0.0116	2	2	2	0	2	0	2	2	0.8036	3	1	2	2	1	2.5239	1.8925	-3.1049	2	3	-0.8723	-1.2046	1	1	0.7879	2	-1.3073	1.2612	0.7488	1	1.8961	2	2.2224	-2.5051	1.3019	0	-0.6349	0	-0.1954	0.4979	-2.3321	-0.5913	1.4103	3	3	-2.5151	1	-1.8732	1	-1.2005	2	1	3	2.9511	-0.5366	1.9503	-3.2765	-0.3515	0.2181	2.5258	-1.8563	0	2	0.0588	1.8924	-7.5888	0.9664	0	-2.9028	2	-1.8384	3	0	3	0	0	-2.3129	0	0	0.7501	3	3	2	1.9052
-1.8320	1.7544	1.7903	-2.9535	-3.1035	3	1	-2.4251	0	3	-0.2051	2	2.7485	2	3	-0.2592	1.0374	0	2	2	2	2	3	1	2	-2.1264	1	2	3	0	1	-4.3304	-1.1469	0.2640	2	1	-2.4489	2.8664	3	1	-0.0805	3	-1.5062	-4.1829	-4.2242	0	3.5356	3	-1.3773	-1.4334	-0.3627	0	-2.6594	2	0.1351	1.1822	-3.1304	3.8411	-4.3655	3	0	0.8553	0	0.3267	1	-3.5732	3	0	2	-0.3351	7.4321	-4.0908	-1.2200	0.0881	8.7078	2.4183	-0.3084	1	3	0.9949	-2.6821	8.8201	4.4546	2	-0.3759	1	1.4349	1	2	2	3	3	-1.5883	3	2	5.0015	2	0	3	-1.2809
-1.3226	1.0652	-0.1932	0.5925	1.6293	3	2	-1.0051	3	0	0.9791	0	-0.1936	0	2	0.3137	-2.2531	0	1	1	2	0	2	1	3	0.8285	0	3	2	2	1	1.4294	0.2147	0.0924	0	0	1.3299	0.5870	2	0	1.5375	0	-0.0471	1.6593	3.1989	2	-1.4585	1	-1.1717	-3.2270	2.1601	0	-0.9150	1	-0.5342	1.3329	0.1496	-2.1287	0.9618	1	2	-1.8853	2	-0.7460	3	2.3347	0	0	0	-0.8139	5.8364	4.9833	-5.0767	1.0083	-5.6954	2.6698	1.3851	1	0	-0.8076	-1.3557	-1.6106	-1.8566	2	-2.0720	2	-2.4269	2	1	3	0	0	0.1723	2	3	-1.8101	1	1	0	-0.5503
2.1623	0.3281	-1.7042	-2.6388	3.3332	1	3	0.0349	2	2	-1.8164	3	0.0183	0	3	0.0058	1.1014	3	3	1	3	1	1	0	0	1.2889	0	3	3	3	0	-1.4090	-0.0822	-1.1076	0	1	2.1832	-0.3394	3	2	2.9154	1	-2.3600	-1.7111	3.4927	3	3.7623	0	0.9142	-1.8425	1.2132	2	2.5802	0	0.9691	-2.3890	-2.5244	-1.2675	2.5862	2	2	-3.3850	2	2.2101	1	2.7403	3	3	3	-4.8038	3.1572	6.6692	6.0212	0.5579	-8.8024	2.2658	-1.1077	1	2	1.1406	-2.5878	4.3417	-5.6423	1	0.6230	1	5.2545	1	1	1	1	1	3.6290	0	3	-1.8474	2	3	2	-4.3646
-1.8385	-2.4551	0.6563	0.6505	-0.3052	0	3	-0.9058	0	3	-0.6931	0	2.1328	0	1	-1.3113	0.4684	3	2	0	3	1	1	2	2	-0.0723	2	2	0	2	3	-2.5749	-1.3040	0.0734	1	1	-1.0897	4.1171	3	1	-0.1475	0	-1.1006	1.2711	2.3069	1	0.8498	0	3.2139	2.5397	-0.9239	0	2.2985	2	-1.6489	0.3051	-1.2540	-2.1834	2.2681	3	0	-1.0661	2	-0.8756	2	-0.2421	3	3	1	0.7765	-8.1588	3.3570	5.4471	-0.0141	-1.0512	1.2257	-2.2419	0	0	-1.2674	0.6211	0.9002	1.7720	0	-1.1838	0	-4.3249	1	0	3	3	3	-2.4600	3	0	-1.0536	2	3	1	-0.2114
1.6156	2.1182	-0.7760	1.8729	1.0307	3	3	0.5129	0	3	-4.3413	3	1.8313	0	0	1.4022	2.0295	2	3	1	2	2	0	3	1	-1.0187	3	2	0	2	3	-1.0931	2.3990	-0.0030	1	3	4.8581	-3.6648	3	2	0.4401	1	0.0110	0.6530	3.3958	2	0.3387	1	-2.9605	1.9498	-0.7474	3	2.5898	0	-1.3651	0.0016	1.5344	3.3790	0.1109	2	1	-2.5701	3	-1.3836	1	1.5845	0	1	3	-2.0321	1.0475	2.2583	-2.1858	0.2732	-3.9875	0.5654	-3.3146	1	2	-2.2108	1.5754	-4.0774	-6.9332	0	-0.8154	0	-0.1505	2	0	1	1	0	-4.4734	3	0	-2.4472	2	3	1	-0.2517
4.2093	-0.9504	0.9956	-1.4078	2.2357	0	0	-1.5757	0	0	1.5815	0	-0.2160	1	3	0.1749	-1.5284	1	3	3	0	0	3	3	3	0.7990	3	1	1	2	0	2.9822	0.4028	0.3637	2	2	-3.5033	-5.1868	1	3	-1.3055	1	-0.7349	-0.4030	2.5689	3	1.8442	3	-0.8331	1.4939	4.8005	2	1.3601	3	-0.5904	1.3359	1.6569	0.0699	0.4590	2	3	-1.0208	1	-1.7370	2	2.8196	1	0	1	1.2675	0.2815	3.4161	-9.0492	-0.4906	-6.4566	2.1757	-1.5561	3	2	1.4354	-1.2235	-0.3062	7.9478	0	0.0577	3	-1.5747	0	2	3	0	0	0.1630	0	3	-8.2434	0	2	1	-2.4639
-0.8259	-1.9951	-0.5900	0.6397	2.6238	2	0	-1.1342	1	3	-0.5968	3	-1.1145	1	3	-0.9663	0.7762	3	1	3	3	3	3	2	1	1.8485	2	1	2	1	3	-2.3149	0.8103	2.1666	2	1	-2.0786	0.1222	0	2	4.3036	0	-1.5197	-0.7143	2.8746	2	0.3993	2	2.8904	1.2571	-0.2556	1	-0.2545	3	0.1173	2.0109	-0.5511	-4.1806	6.0031	3	1	0.2045	3	-2.8504	3	0.4025	3	3	1	-2.2681	-4.7249	3.3227	6.4097	-2.2917	-2.7381	0.6820	1.6231	1	0	-0.9057	0.7874	-2.3885	0.9771	3	-2.6341	1	-1.3083	3	2	1	3	1	-2.0142	0	0	5.2676	0	1	2	1.6058
-1.7652	2.7105	0.9099	3.9008	0.4478	2	2	0.5000	3	2	0.2200	1	-3.9470	0	2	0.2670	-0.2964	0	2	1	2	2	0	0	3	1.7936	2	1	3	3	2	-0.6071	0.3813	0.1090	2	3	-0.5991	-0.3722	0	3	0.4334	1	1.3205	3.4333	-1.8334	1	-1.5313	1	0.4537	2.8070	-0.4512	3	-0.9515	2	2.8341	-0.7001	0.1968	2.7841	-2.7469	0	1	3.1325	3	-0.8339	0	-0.6936	0	1	0	-3.9625	-0.8202	-4.0649	6.7809	-0.4039	2.8939	-0.9580	0.8448	1	3	-0.6373	-1.3235	4.1293	0.5320	3	3.2755	1	-2.7594	0	3	3	3	3	1.1431	0	2	4.8962	1	0	1	0.9147
-1.0839	-0.7972	1.0824	-0.7394	-3.0602	3	0	-1.4027	1	1	-1.6510	2	-1.5280	2	2	1.5962	-1.8255	1	2	3	3	0	2	3	2	2.2703	0	1	1	3	1	0.2016	0.4650	1.5798	1	1	0.1156	1.2587	2	1	-0.8413	0	-2.1853	-0.6756	-1.1307	3	3.5002	3	0.1918	5.0758	-4.2399	0	0.9144	2	-1.4194	-0.8643	0.1460	1.6439	0.8174	3	0	-2.4080	3	-0.0084	0	1.8473	3	3	0	-2.5239	-2.1498	-3.8148	7.6164	-2.4387	2.3894	1.0802	-1.7940	1	2	-0.5852	-1.8580	3.9210	2.4886	2	-0.2225	3	-1.8135	0	0	1	3	3	2.6786	2	2	0.7703	3	3	1	-0.8927
0.6338	2.4498	3.3251	-0.6920	2.7736	3	3	1.4994	0	0	1.6965	0	-0.6415	2	0	-0.4269	2.0297	1	0	1	1	3	1	0	0	-0.6464	2	0	0	0	0	-1.3159	-1.1362	3.3816	0	2	-1.8519	5.0669	0	1	-2.8480	3	1.5550	0.2141	2.9667	2	-3.4841	1	-1.2096	-1.3412	4.6220	2	2.0586	2	-0.5527	1.8779	-1.0088	3.8507	1.3031	0	0	-1.5050	1	-1.2673	2	-0.8076	0	0	2	0.0888	0.7362	1.9518	-7.7006	2.1281	-4.5485	0.4756	-0.2985	3	0	3.4807	-1.9670	2.8880	7.2785	1	0.7240	3	-1.8605	1	2	3	3	0	0.9322	0	2	-6.1269	1	3	3	3.4915
0.0888	1.1144	1.9789	-0.6802	-1.1400	2	1	0.4709	2	3	0.6970	3	-1.9516	2	3	2.5773	2.1519	0	2	1	2	2	0	3	0	1.1485	2	1	0	0	3	-2.1289	0.6573	0.0169	0	3	-5.8263	1.4809	0	0	-0.4326	0	-0.5518	-1.8547	3.0139	0	0.4990	0	-3.0649	1.2898	0.4534	1	-1.8131	2	-1.8359	1.4603	-1.5531	4.5133	1.1322	3	0	-4.6065	2	-1.7944	2	-5.5761	2	1	0	2.3191	1.0468	4.4080	-6.1566	1.2926	-1.9687	1.4633	-3.8693	0	0	-5.5300	0.5846	-7.3229	10.5693	0	-0.3249	2	-0.6112	3	2	3	3	0	-3.0279	3	2	-2.2004	0	0	3	0.1738
-4.2803	-1.2141	-0.8258	0.8025	0.9710	2	1	0.1970	3	0	0.9557	2	1.6785	2	1	-1.8009	-0.7040	3	2	0	0	2	0	0	0	-0.0267	2	3	0	1	2	-0.1877	-0.8445	1.9364	1	1	2.6343	5.9907	0	3	0.7997	0	-1.0749	-0.0854	2.6905	1	4.0619	0	3.2708	-0.0061	-4.9775	2	0.2432	0	-1.9917	-1.3811	-1.8815	-0.2214	2.7255	3	0	-0.6737	2	1.1171	3	-0.1405	2	3	2	-0.2664	-4.8854	3.3786	10.2227	0.7509	1.5568	1.7574	-2.7308	3	0	1.5261	-1.9066	3.6910	-0.9574	2	-0.6550	0	0.8458	3	1	0	3	1	2.3469	1	3	3.8994	0	3	0	2.1728
-0.2081	1.3103	2.3759	-0.9049	2.8447	3	1	-0.8469	3	0	0.0141	0	4.5645	2	2	-1.3227	-0.3809	2	2	1	2	1	0	1	1	-2.8223	1	1	0	0	2	-0.2238	2.1972	1.9263	0	3	-0.2601	4.7899	2	1	2.3372	2	-1.2747	0.7394	0.8349	0	4.4051	3	0.0974	0.3032	-0.9463	1	-1.0962	2	0.7288	-0.7846	0.4462	0.5145	-2.2175	3	0	2.5357	3	0.1131	3	0.1026	3	2	1	1.0168	-2.3223	1.3151	0.6270	1.7326	-2.4041	-0.7695	2.2595	0	0	1.1557	0.5792	0.7848	6.1722	3	-2.2631	2	-4.3228	3	2	3	0	2	1.3953	2	3	1.4612	3	2	0	-2.1231
-0.2748	0.6021	-0.2704	-0.5261	-0.3918	3	0	1.7232	1	1	-0.6210	1	-0.8250	3	3	-0.2384	-1.8234	0	2	1	3	3	3	3	1	1.9659	2	2	1	2	3	3.1802	-1.8313	0.3622	1	2	1.0625	0.1271	0	2	1.7494	3	0.3950	0.6120	1.0925	0	0.9180	1	0.7373	-0.9674	-2.5329	3	3.6909	1	0.4633	1.2726	-0.3904	1.1447	-0.6358	3	3	-2.9795	0	-2.0744	3	6.3156	0	2	1	-1.4827	-0.1418	1.4938	6.3385	0.2220	-2.4249	2.4097	0.4829	1	2	-1.7431	-0.9673	-2.1969	-0.7664	2	2.5346	3	-1.4053	1	1	2	0	1	-1.9057	0	2	-3.7049	1	3	1	-0.6737
-3.6323	-0.6785	-3.7058	2.0123	-2.6931	1	1	0.1514	0	3	1.4524	3	0.7781	0	3	1.2367	1.4183	1	2	3	2	2	2	1	0	-0.3971	2	0	1	1	3	-1.4342	-0.8555	-0.8939	3	0	1.0326	1.4137	1	2	-1.9362	2	0.6087	2.5587	-1.9886	2	-0.1996	1	-2.5733	-3.7471	-1.9740	2	-3.6608	0	0.2880	-1.4548	1.4458	0.1317	0.0374	3	1	4.3875	3	2.2916	3	-5.5876	1	1	3	1.3927	5.1641	-2.6052	-2.2942	2.4562	6.7632	0.6052	5.0295	2	0	-4.1388	2.0458	-2.6038	-6.9843	3	-1.6446	0	1.5191	3	3	2	3	0	-0.7346	1	2	4.1734	0	0	2	4.0579
1.3365	2.5508	-1.3352	-1.8879	-1.6778	3	2	0.8825	3	1	1.8401	2	0.4234	2	2	-0.7729	1.3915	0	3	1	2	3	0	3	0	0.1194	1	2	3	1	2	-1.2233	-0.3936	-1.5484	3	2	-3.3589	-3.1852	2	2	-1.1771	3	0.6587	-1.7750	0.5300	0	-0.1717	1	-0.5691	-3.0255	-2.5390	3	-0.4574	3	-0.6043	-0.2030	3.5029	3.3937	-1.9546	2	3	0.0493	1	1.4457	1	-2.2663	0	1	0	1.3001	4.6705	-0.7064	2.5529	2.5304	-2.0818	-2.8355	-0.4292	0	2	2.7069	1.3175	-0.5902	0.3718	2	1.3788	1	3.3652	0	2	2	3	3	-1.3326	0	2	4.1837	0	1	2	0.7020
-1.1573	1.3707	0.0652	-2.0540	-1.2636	2	2	-0.5849	3	1	4.2310	3	0.6878	1	3	-2.3823	-0.0390	1	1	1	0	1	0	2	1	0.2659	1	0	3	0	2	-0.8770	-1.5635	-0.9861	3	3	-2.7323	1.6588	2	1	-0.2223	1	0.5626	-1.2912	-1.5858	0	-0.3285	3	2.3258	0.4208	-1.0645	0	2.0993	1	0.3503	1.9751	-0.0622	0.9971	-2.8341	3	0	0.4844	2	-1.5791	1	2.0398	2	0	0	-0.2305	-3.5157	-0.6439	7.2232	-1.8764	1.5800	-0.3348	-0.5632	2	0	5.8676	1.2430	1.1515	0.6311	0	-2.1862	1	4.9471	3	0	2	1	1	0.2787	0	1	5.0397	2	1	2	-2.0353
-1.8412	2.1601	2.1022	-0.9666	1.3938	3	2	-0.1788	2	0	-1.3209	3	5.8823	1	3	1.1488	2.1319	0	1	0	2	1	3	1	1	0.5194	3	0	3	0	0	-4.9043	-0.2524	-1.8173	2	1	-3.1081	3.6232	3	0	-1.5685	3	0.6319	-1.1948	2.1248	0	-3.5287	3	-0.8346	0.7285	-4.8399	2	1.1380	2	-0.3971	-1.1906	3.0574	5.6436	0.5138	0	2	1.3047	2	2.4809	2	-2.7733	1	3	1	-0.9539	0.1508	3.6804	2.6250	-0.4736	-1.7195	-2.8059	-2.3997	0	2	1.2216	2.7163	0.7216	6.2464	2	-1.9258	3	1.4066	3	2	1	3	1	2.1906	1	3	2.4367	3	1	3	1.0731
-1.6038	-0.9647	2.0564	1.2619	-0.3333	2	2	0.8223	1	1	-1.5177	0	-3.7097	1	1	-0.7864	-2.0080	1	2	3	1	1	3	1	3	-0.3016	3	3	1	2	3	-0.9978	0.1536	-0.1638	0	1	-2.4365	-0.1095	1	0	0.6646	0	0.4104	-0.4095	2.9941	2	-0.9399	1	2.6209	4.1523	0.3463	3	-0.8736	2	-0.6582	-0.4525	1.8565	-2.3143	2.8871	1	2	0.3648	1	0.5312	0	1.4972	2	3	2	-1.4070	-10.2020	1.5089	1.4124	0.7730	-1.7467	-1.2756	2.3556	3	0	0.2830	0.6368	3.0504	7.9217	3	0.2772	2	-7.2415	1	0	3	0	0	0.6290	1	3	2.0493	0	3	1	3.0102
-0.5657	-1.2562	-0.7496	-0.3341	-1.3137	2	0	1.1967	2	2	-1.5278	0	-0.1920	3	0	-1.3220	-0.0237	0	2	3	3	0	3	1	3	-0.8295	3	1	0	2	2	-2.2008	-0.3544	-2.3150	2	2	-1.5855	-4.1078	1	2	-1.6496	1	1.4057	-0.3448	-0.9324	2	-0.5905	2	0.2625	1.5626	-0.7641	3	0.9140	1	-0.5506	0.9438	0.7560	-0.1294	1.6474	3	3	-0.9549	3	-0.0106	1	-0.7979	2	1	1	-2.2418	-8.5794	-0.0268	4.3163	-1.2632	0.3592	-0.7149	-2.8579	1	1	0.1851	-1.2889	0.9895	2.2598	0	3.6276	2	2.2682	1	2	1	1	3	0.6369	1	3	2.6704	2	3	2	-0.3842
1.2799	0.5235	-1.0965	3.1116	2.0976	1	1	-0.1829	1	3	1.2464	2	0.7707	2	3	1.5975	-0.0609	0	0	1	2	3	3	3	2	-0.4062	0	2	1	1	1	-0.1587	-0.5852	0.0958	0	2	-2.0445	-1.8243	3	3	-1.7249	3	-0.3228	2.4192	2.3434	1	-0.4165	0	-1.9234	1.0518	1.2813	2	-1.2150	2	-0.5876	-1.1125	0.9176	-2.0878	1.8692	2	3	0.4520	2	0.8221	1	-0.8162	1	0	0	-3.2103	2.4783	5.2138	-1.8378	1.0558	-0.2510	-2.3501	2.8664	1	3	-1.8044	-0.6152	-1.6856	-0.3690	0	1.9572	0	-0.7403	1	2	0	0	1	-1.4472	2	0	0.9126	1	0	2	0.9629
-0.8764	-0.8241	2.8459	-3.1091	-1.6628	0	0	0.9508	1	1	1.3956	1	0.2500	0	0	1.3860	-2.3777	1	2	3	0	2	2	3	0	0.1494	1	0	1	0	2	1.9476	-2.6829	0.6223	1	0	1.1028	2.1633	2	3	-0.9601	0	0.7938	-2.5689	0.7833	0	-1.3894	1	-2.0014	0.6932	1.1044	2	-2.4521	2	-0.6076	-1.6582	-1.6272	-2.1354	1.0688	0	0	4.5252	2	1.0547	0	1.7781	3	2	3	-3.3507	0.5561	-1.0319	-0.0466	3.0416	3.4554	-1.6910	2.7598	1	2	3.9370	-2.4222	7.5144	3.4010	3	2.1077	3	0.3992	0	1	3	0	3	-0.8181	1	3	1.3528	3	0	3	-7.0275
-0.0425	1.9060	-0.9479	-0.1847	-0.7064	3	2	0.5346	3	1	1.3966	0	-1.2404	2	3	1.0465	-2.3069	3	1	2	0	0	1	3	3	-1.1993	1	1	0	1	3	2.7994	-0.5141	2.2522	3	1	-3.2245	4.3498	2	2	1.5601	1	0.9749	0.7611	1.6066	0	-0.4927	1	-1.3425	-0.3358	0.6459	3	-3.2211	1	-0.2610	0.2223	4.0759	2.7154	-0.4096	1	0	3.4905	2	-0.0733	0	-1.2269	0	3	2	-2.5635	3.9789	1.8636	-1.0957	0.7649	-1.3764	-1.0844	2.2419	3	3	-0.3916	-1.0228	2.9264	3.1380	3	-1.2080	3	2.7325	3	2	2	2	0	-1.5939	1	2	3.2731	3	0	1	0.2460
2.1592	-1.6502	0.1773	1.5705	2.1050	0	1	-0.4962	2	2	-1.9569	3	-2.0955	3	2	0.0645	0.5933	0	0	0	2	2	2	3	2	-2.1696	0	3	2	3	1	-0.5755	0.9459	-0.4423	2	0	2.8743	-2.9527	3	3	1.1595	2	0.8335	-1.9008	1.3055	0	-0.6534	2	0.0688	1.9062	-0.5508	2	-0.4046	1	1.0884	-1.7073	-0.6398	0.9152	1.8353	0	2	0.6490	2	0.5364	3	-2.0488	3	2	3	-0.3764	-2.1695	3.4086	-1.1825	0.3630	-4.6935	0.6949	-0.9588	1	0	1.7659	-2.6652	4.9963	-4.9335	0	3.4520	3	-0.9180	1	1	1	2	2	2.8521	2	3	2.1542	3	1	0	1.9034
0.8368	-1.9121	1.2267	0.2135	-1.7432	0	2	0.5821	3	0	0.1074	3	-1.5007	0	2	-1.0964	-0.7604	2	3	3	1	1	1	2	2	0.0638	2	2	1	0	1	0.9511	0.7856	0.0242	2	3	-0.9360	-1.9361	0	1	3.4267	1	0.0959	1.3100	-1.0758	2	1.5600	1	1.0453	-1.1865	2.5944	0	1.9341	1	0.4065	-0.3747	1.1813	-0.2246	0.2889	3	3	-3.3727	3	-0.4036	1	1.9023	0	1	2	-1.2015	-3.0614	-1.7493	-0.1116	-1.2483	0.4393	-0.4791	-1.0049	1	1	-1.9585	-0.8702	-2.4452	2.5650	0	-0.3451	2	-4.6057	0	1	3	0	3	2.5701	2	3	-2.3733	0	3	0	0.4129
-0.4301	-2.2630	0.9250	0.6460	0.8536	1	3	-0.0763	3	3	-1.6787	1	-0.0099	0	2	-1.0498	-0.9295	0	2	3	2	1	0	2	3	1.2737	3	0	0	0	2	3.3700	-0.1000	-2.4085	1	1	1.4594	-1.5434	2	1	-1.0082	2	0.6204	-1.7994	1.0919	2	-0.9851	2	3.3572	3.8005	1.1278	0	3.0985	0	-1.2335	0.7207	-1.1734	-4.0936	-2.6368	0	3	-0.4124	0	-0.7187	1	4.1552	3	3	0	1.3144	-9.1793	2.4301	5.2910	-0.0511	0.4243	1.5907	-0.8736	0	1	-1.9034	0.7584	-1.1836	-0.3327	0	-0.0384	2	-1.0339	0	0	1	0	1	1.6557	3	3	-1.6223	3	3	2	-0.9007
-0.7128	1.8729	2.0840	-0.6328	3.3471	3	2	-1.2011	1	1	1.4207	0	-0.5925	1	3	3.1673	-3.6532	0	0	2	1	1	3	3	3	-1.1524	3	1	2	0	1	6.1499	0.0825	-1.8038	0	1	-3.7896	0.7227	2	0	-0.0399	3	-2.7986	-0.7112	5.8801	0	4.6533	3	-4.2742	3.3781	1.7937	1	-5.9753	2	-0.3040	0.9065	-1.0045	0.1541	2.4899	3	1	4.6907	3	-1.8487	2	-1.1348	3	0	1	0.7930	4.6074	6.4302	-8.5172	-0.1593	-7.7966	0.3045	4.1181	2	1	-3.2607	3.0366	-0.9960	7.0047	3	0.6285	2	1.1269	1	2	0	0	0	-0.0803	3	0	3.2960	3	0	3	-1.2003
-0.3820	-3.0164	-2.0150	3.2781	-0.1368	0	2	1.0876	0	2	0.8383	1	0.7933	3	0	2.8625	-0.8171	3	2	0	3	0	0	3	3	0.2272	1	1	2	1	3	3.0339	0.6145	1.6662	3	3	0.4883	0.2193	2	2	1.4220	1	0.1648	1.3596	1.0809	1	0.7581	0	-1.8212	-0.4468	-0.0909	0	-2.1358	0	-0.7771	2.1893	1.4908	-7.5002	3.4455	3	0	-1.8828	1	-0.9743	3	-1.1711	3	1	0	2.4436	0.3387	0.5440	-3.5996	-1.2094	1.8674	0.1329	-4.0412	3	0	-1.9887	-0.0498	-0.4095	-5.9693	0	-1.2055	1	-0.8619	0	1	3	0	0	-0.6109	2	0	1.3758	1	1	0	3.0666
0.3251	3.9308	0.3259	3.7006	-4.5435	3	3	0.0685	1	1	1.5482	2	0.6939	2	0	2.3747	-0.2840	2	0	1	1	3	2	3	1	1.2376	0	1	2	2	0	-0.1808	2.0652	3.6906	3	2	0.9237	2.6328	3	1	-0.9663	2	-0.3035	-1.8123	-3.2082	1	1.0350	3	-1.3103	1.9747	1.9036	0	-0.6970	0	0.0465	0.4420	1.6942	4.6910	-4.6422	2	2	-0.2815	1	0.0713	3	1.3174	3	0	0	-3.5373	5.1291	-5.3269	1.2405	0.8968	5.0231	-2.0972	-2.7085	1	3	-2.3255	-0.4787	0.2385	-1.4471	0	1.2917	3	3.9033	3	0	0	1	3	1.4936	1	1	3.2398	0	0	0	2.7126
-0.3939	-0.3133	-1.8253	-4.2681	-1.8366	1	0	-0.0589	1	1	-0.9572	3	0.9499	0	0	2.7975	-0.5514	1	0	1	2	2	1	3	0	-1.3505	3	0	2	2	0	0.9085	0.4801	0.3746	2	1	3.7751	2.6274	0	1	-0.0789	2	1.1712	0.4938	-1.4076	0	-1.8445	1	-5.1247	-0.8898	-0.0319	0	-3.0130	0	-2.5890	1.0354	-0.8781	2.9025	-2.2861	1	0	3.7039	0	0.1804	2	-3.2836	0	3	3	4.0460	5.7818	-3.4962	-11.1673	0.8342	4.1813	-0.2530	4.9155	3	3	-2.5647	-1.3514	5.3685	-8.4396	3	-1.8705	3	1.6804	3	1	2	1	0	-2.2035	1	1	-0.3157	2	0	3	-3.4594
-0.7430	-0.0087	-0.5012	-1.1881	-0.0480	0	2	1.0744	3	3	-0.2118	3	1.8559	3	1	-0.8139	0.4484	0	1	0	1	3	2	0	2	1.8747	2	3	2	2	1	-3.3175	0.5050	1.2394	0	0	1.6047	0.8045	1	0	0.0498	0	1.4874	1.5402	-1.4319	0	-2.7740	1	3.5151	1.6533	-0.0292	1	1.7837	0	0.8233	1.7333	-0.0764	-0.2896	-1.4183	0	3	1.2835	1	-1.0875	0	1.6540	1	2	3	0.2553	-4.7770	0.2763	5.2802	1.9784	6.2172	-1.0109	0.6044	3	2	-2.3456	0.4621	-3.4460	-3.4322	2	-2.7072	3	-0.4766	3	3	1	3	3	0.6466	2	3	-0.4040	2	3	1	-0.4743
-2.1577	-1.1911	0.0860	1.8540	0.1596	0	0	-0.7882	3	3	1.3298	1	0.4827	3	0	0.7094	-0.0066	3	2	0	0	0	3	2	2	-0.3542	3	3	1	2	2	-5.1332	0.1991	-1.1889	3	1	1.9246	1.5044	3	1	0.0719	3	-2.1822	1.6972	-2.1126	1	4.0763	0	-2.4588	2.6818	-0.4730	3	-5.6355	3	1.4552	-0.9088	6.2080	-0.6692	0.4804	3	0	6.7108	2	-0.3699	0	-5.7946	3	3	2	-0.0505	-2.3069	-2.2217	-0.2076	-0.7280	6.6751	-4.0765	3.2945	1	1	-0.1242	-0.7533	9.2738	-2.3047	3	-0.6835	1	-1.9396	3	0	3	3	3	2.7474	2	3	4.0788	1	0	1	3.5705
-1.2505	-1.5269	1.0979	1.0771	2.9947	1	3	-0.1068	1	0	-0.8766	2	0.1613	3	1	-1.3242	1.2241	1	1	0	3	3	2	0	3	-3.5386	3	1	3	2	3	0.0302	0.2566	1.1987	0	1	2.1639	0.9221	0	3	1.7795	3	0.1968	0.8372	4.8253	2	-1.2598	0	0.4849	-2.0813	-2.7609	2	-1.6481	2	0.4574	0.3068	0.7879	-3.9756	4.3499	0	2	3.1133	0	-0.8584	1	-4.0548	1	3	0	3.1466	0.4130	6.8382	1.3015	-2.7813	-5.7685	2.4936	-0.4657	3	0	4.1079	0.2078	6.1768	-3.1972	2	1.1607	0	-2.7194	1	1	3	0	1	-3.2867	2	0	1.7112	2	2	0	-1.2990
0.7863	4.0547	-0.3902	0.6046	0.1421	3	1	0.4260	2	0	-1.1182	0	3.2545	1	3	0.0353	0.5214	2	0	1	3	1	1	1	3	0.9801	3	1	2	0	1	-0.3001	2.2417	-1.2979	1	1	-2.1849	0.2991	3	2	-0.9211	1	-0.7095	1.5271	3.2332	1	0.4232	3	-1.1738	1.9367	2.9115	3	-0.5960	0	0.9842	1.4898	-2.2936	6.3732	1.4916	2	2	-0.9945	3	-1.3343	1	-0.7807	1	3	1	2.1019	0.0434	2.1940	-9.1033	0.8068	-7.2381	2.0578	1.1674	0	0	0.5972	0.6859	0.5712	3.4791	1	0.5704	0	0.7638	1	0	1	1	0	0.0089	0	2	-3.4287	0	2	3	1.5757
0.2981	0.2825	0.9387	-0.8260	1.3549	0	2	0.8128	2	0	-0.3432	0	-3.0136	1	0	-0.4859	-0.6981	0	0	2	3	3	2	0	3	0.3446	1	3	2	2	3	0.6515	0.1282	-1.1064	3	0	0.6315	-2.3888	2	2	1.2127	3	-0.1549	-1.1261	1.5881	2	-1.5420	3	0.7491	1.9976	2.1533	3	1.8747	2	1.6556	-1.0847	-0.2479	-0.0609	2.0672	2	3	0.3487	1	1.4975	0	2.9448	3	3	1	5.0265	-5.3749	2.5790	-8.4088	-3.1200	-5.2052	-1.3655	-0.0931	0	0	0.1996	0.8676	-3.6280	1.0045	1	-3.0957	2	1.0978	3	3	0	0	0	-0.8643	1	3	-5.9203	2	2	1	3.0696
0.2995	-2.2132	1.7192	0.8578	0.2349	0	0	0.3745	3	0	0.9956	0	-0.3693	2	0	-1.6980	-1.1409	2	1	3	1	3	2	1	1	0.6524	1	3	0	0	2	0.1233	-1.4202	1.0457	0	2	-1.7799	1.3666	2	1	-1.3708	1	-0.1275	-1.2754	-0.1497	2	1.8847	0	2.3745	-0.5687	2.1535	2	0.5211	0	0.5234	1.0211	-0.1259	-1.1157	1.5416	3	0	-0.8726	1	-0.1129	3	-0.1201	3	0	0	1.2170	-2.8390	0.7704	-0.7723	0.1937	1.2573	-0.4082	1.0824	0	1	-1.4778	1.1121	-2.3295	4.8119	1	0.7604	2	-2.8657	1	0	3	0	1	1.6743	2	3	-1.1017	2	3	1	1.7571
3.2822	0.1281	2.5496	0.3770	0.7519	0	0	0.3043	3	0	1.6148	1	2.8262	1	0	1.3232	0.4173	0	3	2	1	1	3	2	2	0.5705	0	3	2	0	0	-3.2745	0.5538	3.0645	1	2	-0.4871	-0.4411	3	1	-1.1355	3	0.6068	-0.0833	2.6365	2	1.3742	1	-2.7195	-2.8182	5.2856	0	0.8841	2	0.8399	-1.9468	-1.4427	0.3700	0.9031	2	3	-0.7345	3	0.9652	3	-2.5132	3	1	1	-3.7108	5.2452	1.8332	-2.5178	-0.2152	-6.6823	0.7094	0.8474	1	0	-1.6911	0.2417	-0.8432	4.1760	1	-0.8078	2	-2.4708	3	3	3	3	0	-3.2098	1	0	-4.3076	2	1	3	-0.0853
0.4246	-0.0447	2.0730	2.7643	-0.3614	3	0	-1.9299	1	3	-0.3784	1	-2.2030	2	1	-1.9978	1.0390	1	0	2	2	0	0	0	1	1.8616	0	3	0	0	0	1.8355	-1.2334	-2.0474	0	1	-2.3353	-0.6123	2	1	-1.3695	2	-2.9722	-1.7640	0.2300	1	4.6171	3	2.0955	-1.4736	0.7780	1	3.1816	0	1.6001	-1.0149	-3.0297	0.9658	0.7238	3	2	-1.2322	1	1.6418	1	3.7316	3	0	1	4.1745	4.0698	-1.4761	-2.1452	-1.1646	-1.2881	0.9148	-0.1620	0	1	0.0298	1.4925	-2.2243	2.9725	3	0.3817	0	-3.2204	2	2	0	0	3	1.7028	3	3	-5.2577	3	3	2	5.6332
-0.1281	-0.3378	0.1129	3.2724	-0.2927	0	2	0.3550	0	2	-3.1306	1	-1.9158	1	3	-0.1609	-0.5287	1	2	0	2	3	2	2	0	3.8508	0	1	1	3	1	1.7243	-0.0860	2.4862	2	1	-0.6808	1.3905	3	2	3.0100	1	1.1639	-0.1416	-1.3740	2	-0.7612	2	2.4874	0.6733	-1.0688	2	0.7752	1	0.1245	-2.3795	-1.0865	0.2012	-0.5753	0	2	0.8615	1	2.3122	3	1.0311	2	3	2	1.5640	-2.3336	-3.2143	5.7642	0.0667	3.4232	-0.8133	-0.5040	3	3	2.5563	-1.2936	6.2942	1.0287	2	-2.2633	0	1.3623	3	1	1	2	3	2.4583	2	3	1.8402	2	1	0	1.8276
-1.2262	3.8178	2.1867	1.1747	-2.0409	3	1	0.3727	2	0	0.7237	2	-0.3418	1	2	0.6175	-0.3984	3	1	1	1	3	2	0	2	-1.3731	0	0	2	0	2	2.8898	-1.9035	0.6892	2	1	-1.7343	3.9873	1	0	1.2277	0	-0.1983	0.2230	-1.3762	1	1.2628	3	-2.9326	-1.4898	-0.5472	1	-4.3552	2	0.2528	0.1556	-0.0428	2.1737	-5.0711	3	0	2.6407	3	0.4420	3	-4.2955	1	2	2	-1.4790	7.8293	-2.0063	-3.1245	1.0825	5.7561	2.4530	4.6886	1	3	-1.4025	-1.3718	4.5006	4.2964	2	-2.7266	3	-0.1194	3	2	3	0	0	1.1455	1	3	2.4524	0	0	0	1.7849
-1.2439	1.7798	0.1687	1.8580	-0.2568	3	3	-0.4262	1	0	-0.1196	0	-1.0815	3	1	-1.1989	-1.5349	3	1	1	3	3	1	3	3	3.1315	3	3	1	3	3	1.9798	0.7186	1.0490	0	1	2.1375	-0.6825	1	0	0.6145	2	-0.6116	3.7952	-1.6296	2	0.2097	3	4.7132	-2.4155	-1.0284	3	2.5590	3	1.3398	-1.3498	0.7588	1.1695	-2.1825	3	3	-4.3426	2	3.8354	3	3.1267	1	3	2	0.5344	3.8578	-2.0044	6.9427	0.8899	1.6101	-0.6273	-8.1138	0	3	4.6385	1.9330	-1.2379	-0.5067	0	3.3590	3	-1.7686	1	1	3	0	3	-3.5373	1	2	1.4454	2	1	0	3.7442
1.8666	-1.8976	-3.6578	1.4436	1.6345	2	2	-0.3972	3	2	0.6290	2	2.9131	3	0	1.1934	-0.5266	3	3	0	3	3	1	3	2	1.2363	0	3	0	1	1	0.5537	0.4492	1.2032	2	0	6.3324	1.1711	2	2	-1.5638	2	0.5574	-2.1333	2.3947	2	1.6766	2	-0.7882	-0.8012	3.5337	3	1.4163	0	-0.3712	1.1649	1.3970	-1.1629	3.9480	2	1	-0.1442	1	-3.6322	2	2.3949	3	0	2	-2.5191	1.7782	3.1836	-4.4742	-2.4925	-5.9443	-1.3807	4.1163	1	1	-0.3651	0.1298	-1.2191	-12.4302	3	0.9948	3	6.2454	0	1	2	1	0	-1.6465	3	0	-3.1573	0	1	2	-0.4330
2.0518	-0.6663	4.1779	0.9335	3.2424	3	2	1.1052	3	3	0.4982	3	3.1380	0	3	2.2363	0.0395	0	3	1	2	0	3	3	1	-0.5289	3	2	0	0	1	-2.3745	0.7301	1.0448	0	3	2.2812	-1.5070	0	1	-2.3814	3	0.1171	0.3295	2.3880	1	-0.4736	1	-3.8943	3.9244	0.2883	1	0.5307	2	-0.6939	1.5217	0.9990	-4.5149	0.9789	2	3	-0.1686	2	-2.2021	0	1.4922	0	1	1	2.6228	-6.7330	5.1848	-8.6435	2.4662	-4.8164	-1.1404	-3.3348	0	0	0.3250	-0.0968	-0.8657	2.5490	0	-0.0561	2	-1.4626	3	0	1	3	0	3.9910	0	3	-4.7845	1	3	0	-0.0441
-2.9592	0.0210	0.8633	4.3377	0.7571	3	3	0.3502	3	3	-0.8165	3	2.2041	0	0	0.1787	2.2549	1	2	0	2	2	0	2	0	-1.3467	1	2	0	2	1	-2.7888	1.9905	-2.0671	1	1	2.6539	-0.7928	3	3	-0.5197	0	1.3344	-2.2560	0.6373	2	-3.3537	2	-1.2452	-1.5202	-2.4979	2	-2.8944	3	0.2697	0.0808	2.6699	0.3905	0.4972	1	3	3.4968	1	-0.4376	1	-5.1159	2	3	1	1.6107	-1.0166	1.0854	-1.6325	1.0770	5.9497	-1.8905	2.9583	0	3	-3.0349	-0.3736	0.5209	-1.1220	2	-0.6362	0	0.7045	3	3	2	3	0	2.3874	0	2	1.8879	2	0	2	2.4918
0.1973	-2.3864	0.5661	-0.4562	-3.2032	0	2	1.2052	1	0	1.7450	3	0.6275	1	0	-0.1599	1.5374	1	0	3	2	0	1	3	3	-2.7045	1	1	2	3	0	-6.4541	2.8207	0.5743	3	3	-0.2677	-2.6807	3	0	-0.3274	1	3.3894	0.0956	-2.8836	3	-3.5075	1	-3.3859	-3.8335	0.4932	2	-0.5611	1	3.0957	-1.7420	0.4728	-0.8208	-0.7621	0	3	0.7838	1	0.7609	0	-1.8452	2	1	3	-1.9296	1.1344	-2.6799	-6.7687	-0.0468	3.8193	-2.9658	-1.6551	1	0	-1.3942	-0.7820	-0.5111	0.4103	0	1.9370	1	-1.1104	1	3	3	3	0	2.3617	1	1	-0.0726	1	1	2	-1.9220
-1.5427	3.1410	-0.8670	1.0016	-2.5700	3	2	-0.2538	0	0	2.4890	2	-1.5459	0	0	1.5028	0.4087	2	2	1	0	1	0	3	3	0.4595	3	1	3	1	1	-4.8178	-1.2299	-1.9119	3	3	0.7495	-4.5085	3	0	0.4152	1	-1.1680	-0.8194	-2.0420	2	0.0938	3	-2.3530	-0.5754	0.9292	0	-2.3174	1	-0.3813	1.3279	1.1142	3.6234	-3.7662	1	3	1.9703	0	-0.6924	0	-0.8436	3	2	0	-0.5545	6.6576	-5.5012	-3.9011	1.0918	7.2631	1.0586	-1.8433	2	1	-2.4150	-0.1750	2.0545	-1.7323	0	-0.1570	2	2.3160	3	3	2	3	0	0.9290	2	2	0.7550	0	0	1	0.8173
2.7038	-1.5989	-0.4467	-0.3288	1.6657	1	0	-1.0691	0	2	1.3493	1	-0.2385	1	1	-1.4399	1.0270	0	0	3	3	1	1	0	0	1.2744	0	1	0	2	1	-3.6135	1.1207	1.9874	2	2	-4.4965	1.2166	0	2	-0.8951	1	-0.3541	-0.1821	3.7277	1	0.9793	0	4.4784	-2.0440	4.5102	2	5.1030	3	-1.5206	-0.7633	-1.6928	-0.3115	3.7132	2	0	-2.1159	0	1.5578	3	3.4003	3	0	2	-1.5531	1.2486	4.7666	1.6307	-1.1443	-8.9319	1.4978	1.4804	1	1	0.4098	0.1901	-0.5604	6.2347	1	-0.5304	2	-0.0202	3	2	2	3	2	2.7440	1	3	-2.3851	1	3	0	-0.9080
-0.1264	0.7168	-1.0434	-0.9472	2.9999	2	0	-0.2357	0	1	-0.2830	3	0.7266	1	0	-0.4680	-2.0077	3	2	1	3	1	2	0	2	0.7550	1	1	2	0	3	2.2160	-0.5109	1.3706	0	1	1.9139	3.1147	1	0	0.0896	0	2.1328	0.7771	2.9330	0	-1.9402	1	1.1698	0.8460	-2.6264	1	1.7916	1	0.8338	0.6591	1.8403	3.1735	1.9076	1	0	-1.3782	0	-2.2295	3	3.9630	1	3	3	2.0738	-1.4758	6.4592	4.3902	1.1885	-4.8442	-2.8948	0.5491	0	3	1.6107	2.4260	0.2450	-4.5286	2	0.0965	2	4.2998	2	1	1	1	1	-2.4392	3	0	-0.0983	0	2	0	-1.3382
0.2268	1.2160	1.6816	-0.5579	-2.4845	2	0	1.6705	0	3	0.0039	0	-0.1005	2	0	-0.0041	0.6536	0	0	1	2	2	0	1	3	3.7233	2	3	0	3	3	0.4545	0.0112	-2.6416	3	3	2.1879	-1.5799	1	3	-0.6318	0	1.7079	0.7255	-2.0290	0	-0.8830	1	3.2025	0.1160	0.1892	2	2.7650	2	-1.1726	-0.1915	0.3869	2.0201	-2.5917	0	3	-2.0241	0	1.1018	0	1.8305	2	1	3	1.1238	-0.7373	-2.1339	2.3748	-0.6872	3.9431	1.4865	-4.8370	0	1	-0.5045	1.7231	-4.4742	-1.4697	0	-0.4341	0	-1.9922	0	1	3	0	3	-0.1468	3	2	-0.4227	3	1	1	2.2822
0.4433	-0.4639	1.0630	-0.5243	-2.0103	2	0	0.5774	2	3	0.2394	3	-1.7617	1	0	-2.3701	-0.4203	3	0	0	2	0	0	0	2	-3.6420	2	1	1	3	1	2.0501	0.9325	0.0497	2	3	-1.3963	-0.9232	2	1	0.2106	2	-0.1864	2.0918	-2.1185	0	0.4326	1	0.7499	1.7069	0.9082	0	0.2140	3	0.3948	-0.5350	-2.2018	-2.7109	-1.6309	3	1	-1.5920	2	0.5874	2	0.6478	2	1	3	0.9792	-6.7458	-2.2128	-1.2961	-1.8948	4.7525	3.5532	1.5549	3	2	0.7278	-1.0743	1.7927	1.7841	3	2.7182	0	-1.7694	1	0	3	2	3	-0.5599	1	0	-0.4979	3	1	3	-1.2625
-2.1316	-0.2321	-1.0668	-1.6019	-1.3905	0	3	-0.3286	1	2	-0.3631	2	-1.3991	3	1	1.0116	1.4270	2	2	0	1	0	0	3	0	1.2885	1	1	3	2	1	3.0506	-1.3892	-0.5394	1	1	0.5639	0.6799	2	2	4.4289	2	1.3771	4.6958	-6.4042	3	-2.9619	2	-0.3473	-1.2685	-5.7267	3	-3.2749	0	-0.7888	-0.0509	-1.2768	-0.3055	-5.8515	1	0	2.9865	0	0.9654	1	-5.1298	1	0	0	2.8791	3.1384	-4.9654	2.1400	-1.7983	10.7919	0.2066	2.5775	0	2	-2.0563	0.9340	1.9568	-3.5635	2	3.5887	1	-3.3858	1	3	3	0	3	-0.9468	2	2	3.7683	3	0	2	-1.1940
0.3946	0.5539	-0.5958	-2.3463	0.5777	1	3	-0.2995	3	0	-0.1896	1	1.1329	0	2	-0.6855	-1.6865	1	0	0	0	3	3	1	2	-2.0780	2	3	3	0	2	3.1794	1.1942	-1.8744	3	2	4.6397	-1.7483	1	0	-1.3389	2	1.8643	1.1164	-0.9487	0	-2.1804	1	0.6369	1.5623	0.0095	1	2.1888	3	1.8395	-1.7482	3.3613	-0.7241	-2.5958	0	3	-3.0122	0	3.2001	3	4.6616	1	3	0	1.6295	-4.0204	-2.9255	0.2908	3.3709	-0.4193	-1.4488	-3.3733	0	3	-1.4776	1.6983	-8.4581	-8.8410	0	1.7545	1	0.3860	1	1	0	0	2	-1.7344	1	0	-2.2124	0	3	2	-3.1941
0.7767	1.1758	0.8193	-1.5108	-2.8897	3	1	-1.2440	1	2	0.5119	1	3.5884	3	3	-0.0349	0.5041	0	1	1	1	1	2	3	0	0.2686	1	0	0	0	1	0.1392	-0.9253	-0.3540	0	0	-2.3623	2.0210	2	3	-0.9718	0	-1.2897	-1.3737	-4.3280	3	0.0671	3	1.5699	0.6308	2.8948	0	-1.6573	3	-0.8000	0.4329	3.1891	1.8903	-5.3291	2	0	-1.2412	2	0.8832	1	-3.2312	3	2	1	-0.4343	2.5436	-8.0338	-0.5550	-1.6905	5.3457	-1.1068	0.7644	2	1	-1.1932	2.4327	-3.7941	5.1782	1	3.1298	0	1.3557	0	0	2	1	3	-0.4603	3	1	0.4622	0	3	1	-0.3935


