
X1	X2	X3	X4	X5	X6	X7	X8	X9	X10	X11	X12	X13	X14	X15	X16	X17	X18	X19	X20	X21	X22	X23	X24	X25	X26	X27	X28	X29	X30	X31	X32	X33	X34	X35	X36	X37	X38	X39	X40	X41	X42	X43	X44	X45	X46	X47	X48	X49	X50
1	2	2	3	-0.3640	-0.1687	0.8610	0	-1.8117	3	1	0.7338	1	3	-1.0934	3	2	-0.1455	1.2862	0.1490	-1.1396	1	-1.2089	0	0.5378	-1.6787	1	2.7009	2.4238	3	-1.1697	2	0	2.3394	1	0	4.2905	1	-0.5865	2.8684	0.2818	1.3156	1	-2.2189	1	2	-3.4478	3	-0.8060	0
1	3	1	2	-1.1701	-0.4163	-1.1734	1	0.5073	2	3	-1.1036	1	2	-1.3046	1	2	1.7226	2.9596	3.4685	-1.7700	3	-0.9532	1	-0.4897	0.3174	3	1.4262	0.1983	2	-1.7769	1	1	1.3120	2	0	1.9480	3	-5.1642	-2.9470	1.9856	1.5319	2	3.9035	0	0	-3.5526	3	-2.4391	2
1	0	0	0	1.4623	-0.1509	0.4176	0	-0.7834	1	3	1.2666	3	0	-1.9548	3	2	-1.0561	-1.2431	-2.9768	-0.4828	1	-0.8483	0	0.5177	-0.7217	2	2.1511	2.3860	0	3.2204	1	1	1.1486	2	3	4.0663	2	4.6673	-3.0603	-3.5206	0.0555	2	-0.1224	0	1	0.1923	0	2.6438	0
0	2	0	0	2.9197	1.3065	-0.3502	1	3.8241	0	2	-0.4811	2	2	-2.0201	2	3	0.0951	-0.0858	-1.6643	-1.0787	2	0.3258	2	0.5503	0.6767	1	-3.3573	-2.7883	1	-1.3990	0	2	0.5383	0	3	-1.0485	3	2.1441	-2.4357	2.4419	-2.9951	3	1.9494	0	1	-2.2478	1	5.4720	0
2	1	0	3	0.7780	0.4257	2.1909	0	-0.2815	2	3	0.4030	1	3	0.7550	1	3	-0.3520	-1.0806	-0.0161	0.9765	0	-1.3163	2	-0.0642	0.4490	2	2.4820	0.4551	1	-0.7713	1	2	-1.3016	2	0	2.0592	2	-0.6788	1.8705	-0.6764	5.6200	2	1.6248	2	1	-2.8971	0	-2.8438	0
1	0	2	1	1.6544	0.7840	0.3919	1	1.8152	1	1	0.8287	1	0	-0.8505	2	1	-1.3063	-0.6030	-0.2652	0.9164	3	-0.3433	0	-1.5386	3.3977	0	-0.0906	-1.4792	1	0.4276	3	3	2.2891	3	3	-0.6643	3	0.2419	-0.5658	1.8298	-4.2149	0	-2.4199	2	1	-2.9963	3	1.1050	0
2	3	0	1	-0.6223	-0.4039	-1.4398	0	1.9784	1	1	-0.3747	1	2	1.6498	2	3	3.3814	-2.6140	1.8432	-4.0856	0	-1.4272	1	-0.1194	4.5311	1	-0.8667	-3.1015	1	1.7497	3	0	0.5766	3	2	-1.5085	3	-2.7975	-1.2041	1.2974	-3.9506	3	5.1886	1	0	0.7478	1	9.8817	0
3	0	2	3	-1.9274	-1.1860	-3.5936	1	-3.1664	1	1	1.7029	0	2	0.4022	2	0	0.6656	-1.6084	-1.9558	1.2634	0	0.4904	0	1.4986	-0.8278	1	-1.1408	0.7812	1	0.3210	0	0	0.5555	2	3	-0.2006	0	1.8491	-0.3548	-2.0389	-1.9759	2	0.4445	1	1	4.9751	0	-7.2933	3
2	2	0	2	1.4488	0.3270	1.5259	0	4.2726	2	3	-1.0669	1	3	1.5143	1	1	1.9051	3.4641	5.1582	-0.9781	2	-2.7791	3	-0.5331	0.1610	3	-4.5794	-3.1117	1	-1.4397	1	0	-1.2318	2	3	-0.9168	0	-5.7582	1.7580	3.7236	-1.3887	1	0.1337	0	2	-2.7640	3	3.2437	1
0	0	3	3	-0.4937	-0.4162	1.9409	2	-0.0878	3	1	-0.7704	1	3	2.0506	2	3	-1.4808	-0.3523	-1.8242	0.0254	3	-1.8411	0	-0.8480	1.6110	3	0.0241	0.6146	3	-3.5991	3	1	-0.5702	3	2	-2.1065	3	1.3606	-4.5587	-0.4342	4.8568	0	2.0955	3	0	-0.1658	2	0.9023	2
2	0	0	3	-0.6625	0.4359	1.2585	3	0.2688	2	0	0.7324	2	3	0.1523	0	3	1.2698	-1.6224	-4.1199	-0.8401	0	-0.0506	2	-1.5730	-0.8131	3	-0.2559	-2.7907	1	-2.4128	3	3	0.7583	0	2	1.4761	0	5.4159	4.2966	2.3320	-1.2018	3	-0.2296	2	1	3.2946	1	3.1668	0
3	1	1	1	1.7182	-0.8456	-1.5467	1	-0.5692	1	3	-2.5584	1	3	-0.9566	1	2	3.0750	5.3317	7.1741	-1.8921	3	3.2715	2	1.4741	1.1376	2	-1.8473	1.9359	3	2.8804	0	0	0.2587	0	0	0.5235	0	-6.9378	-0.3944	-1.1281	-1.4586	0	-0.6678	0	2	0.1154	3	5.6144	2
3	3	2	2	-0.0920	-1.4064	1.4089	0	-2.7846	2	1	-3.3626	1	3	-0.4819	1	1	2.0836	3.7658	3.4885	1.7616	3	2.5686	1	2.0917	-0.9716	2	3.6240	5.6713	0	-0.5583	1	0	0.3313	2	1	0.6758	1	-5.1136	-0.8471	-4.7936	6.1408	0	5.3889	3	2	-3.4988	0	-3.8668	0
1	0	2	2	-2.1860	-2.0776	-1.1502	3	-0.0219	1	3	-0.8410	3	3	0.1763	1	0	-0.9997	3.3587	2.3872	-1.2849	2	2.1805	0	-0.1788	-1.8251	1	2.2128	0.4143	0	1.9111	2	1	-0.2221	1	0	-3.2658	1	-3.7852	3.4378	0.6108	-2.8147	2	0.4976	3	2	-1.2186	0	-0.2309	2
1	0	3	3	-0.8604	0.1163	2.5733	3	0.5801	2	3	0.8536	1	0	0.5823	0	3	-0.5142	-0.3285	-3.3202	-1.3963	3	1.8815	3	0.5893	-1.1779	2	0.5397	2.5710	0	2.1705	0	2	-0.1045	2	0	-0.8054	1	4.7884	1.5344	0.4551	3.1038	1	-4.8064	0	1	-2.8829	3	1.7138	1
1	3	2	0	0.5464	2.3286	2.8743	2	1.9827	2	1	-1.6388	2	2	0.6016	1	0	1.3070	1.1711	1.4780	0.7802	0	-4.2236	1	2.7612	-1.5992	3	-2.5322	3.5173	3	-0.8511	0	3	0.9900	0	2	0.6569	0	-4.5574	-2.2728	-0.5959	2.0027	2	-1.5487	0	2	-2.9204	3	1.5289	0
2	2	1	0	1.4304	0.1594	-0.4849	2	1.7784	1	0	0.3741	2	2	-1.9889	0	0	0.9515	-0.5701	-3.1046	-1.9322	3	2.5976	1	0.7905	-0.3251	0	-0.8893	0.9242	0	-0.2359	2	2	-1.5699	1	1	-2.6542	0	4.6014	1.6391	-0.1789	0.8197	2	4.4345	1	1	-1.8723	3	3.9762	3
0	2	0	3	-0.8722	-0.2121	0.9419	0	1.0710	2	2	0.0686	3	2	-1.2185	0	2	-0.6366	-1.4698	-2.2476	3.3468	0	2.4256	3	1.0858	0.4820	1	1.3685	0.4617	0	-0.7170	0	2	1.1736	0	3	3.4089	3	1.5414	-2.1666	0.1159	0.5954	3	-1.9776	3	3	-1.7060	3	-3.4038	0
2	2	2	0	0.2036	0.2667	0.0162	2	3.3226	2	2	1.0832	0	0	-0.6998	2	2	-1.4478	2.1563	3.7496	-0.0581	3	0.7775	0	-0.6816	0.5127	0	-2.0793	-3.0462	1	2.1154	1	1	1.0820	2	3	-0.1550	2	-2.6334	2.9999	1.4686	-3.7059	1	3.3483	2	2	1.7239	3	-4.8796	3
2	1	2	2	3.2667	-0.1448	-0.3745	3	-1.8294	1	3	0.2248	0	1	-0.0205	0	2	1.0345	-1.4592	-4.5483	1.7593	1	1.2108	0	0.2450	1.0432	2	3.7743	1.9635	3	-0.9103	0	2	0.6658	0	1	0.8915	2	8.0377	1.7615	-2.3068	5.2421	0	-0.6601	3	1	-0.2250	2	0.5294	3
0	1	3	2	0.9836	0.4042	1.1030	2	0.7635	2	1	-0.1276	1	0	1.2968	1	2	2.4929	1.1724	0.1512	1.0862	2	-1.4641	3	0.6755	1.2314	1	-1.7335	1.2113	0	0.2814	3	0	-0.8883	3	2	1.9548	0	-1.8599	-2.5572	-1.0867	-0.5803	0	-0.5823	3	0	-3.2507	1	1.4022	1
0	0	1	3	0.5795	0.4749	-1.0441	2	0.2764	0	2	-1.0102	3	2	-0.1409	1	0	-0.1928	-1.4935	-3.0499	2.7034	3	-3.1759	3	0.7038	4.6065	1	0.6943	0.7603	0	0.5196	3	1	-0.1378	2	0	-0.6900	3	3.1079	-0.3648	-0.7426	-0.4991	0	-0.2005	2	1	-1.7261	0	0.0769	3
3	2	0	1	4.8527	0.1338	-0.7186	1	-0.5511	1	3	-0.9284	2	1	0.9724	3	2	-1.8489	-0.2739	1.9018	1.4449	0	0.8034	0	-1.2703	0.4863	0	3.1112	2.1577	3	0.7461	2	3	0.8059	1	3	3.2866	2	-2.2204	-0.3247	-2.1394	-0.1179	0	-1.9900	2	1	0.3028	0	0.2902	2
3	1	1	2	1.3127	-0.2230	-2.5125	0	2.6262	1	2	-0.8125	2	1	1.5059	2	2	-0.2462	1.3661	-2.6807	1.5687	2	1.0976	0	0.5437	-2.7132	3	-1.5189	-1.6421	0	0.4612	0	0	0.6300	0	1	1.4410	0	3.8394	-0.2519	1.8080	-0.5705	1	-0.6334	3	2	4.0192	3	-2.4679	2
1	0	2	3	-2.6089	0.7344	1.3357	1	-0.2969	2	2	0.9499	3	2	-1.3083	2	2	1.0722	-2.1630	-4.6462	-1.2159	1	-1.4622	1	0.9638	0.6220	1	-1.5722	2.0152	3	2.1157	3	3	-2.0958	2	3	-3.3616	0	7.0756	1.3878	-1.0140	1.2101	2	-0.2649	0	1	-1.2103	2	0.6150	1
2	0	3	3	1.4362	-0.7622	2.8181	3	-0.1417	3	2	-0.8145	1	0	0.2175	2	0	-0.3167	0.7832	-2.4103	-0.2211	3	1.1171	3	1.1880	1.4604	2	1.1768	-1.3513	2	0.0094	1	1	0.5720	0	3	1.3206	3	3.9352	0.3999	5.4452	0.9885	0	2.2971	0	2	-4.1874	3	-0.1610	0
0	3	0	2	0.7539	-1.6419	2.7457	0	-0.1721	2	2	2.7669	2	0	-1.0017	0	2	-0.3624	-3.8755	-4.9062	-3.1178	0	2.3417	0	-3.8195	0.3910	1	-1.5519	-5.8631	1	1.6230	2	1	1.0041	1	1	-0.4279	3	7.5042	-2.4030	3.1394	-5.2807	1	-0.3480	1	1	-3.3708	1	7.2358	1
1	1	0	1	-2.0657	1.0458	0.7511	2	1.3457	2	0	-1.7113	0	1	0.3330	2	1	0.2133	1.1688	1.4973	-1.5303	2	-1.5378	0	-2.4366	-2.0400	0	1.0509	-3.0583	1	1.2719	1	0	0.6524	2	1	2.4487	1	-2.4407	2.5358	2.7325	-7.5218	3	2.3381	1	0	-0.0270	3	4.3217	0
3	1	0	1	-2.8294	0.1660	0.5337	0	1.3694	1	1	1.6662	0	3	2.3786	3	3	-0.0338	-3.1821	-4.0652	-2.6978	2	-0.4811	3	-2.1900	0.0081	3	-5.0161	-3.9898	1	-4.4169	1	2	-0.0816	1	1	-0.4162	0	4.3492	-0.2335	2.5218	0.4250	2	-1.1895	1	1	0.3478	3	3.7451	3
2	3	3	2	-0.9728	-0.1236	-3.1639	0	-0.2405	0	3	0.1402	0	0	-2.5639	2	0	-2.5470	0.1157	-1.3028	-1.7690	0	0.1070	0	-0.1311	-0.6965	2	-0.2020	-0.6770	2	0.0940	2	1	1.2286	3	2	1.0552	2	2.6595	-1.9630	1.6987	-0.3698	3	0.8174	0	3	4.5209	1	0.3642	3
0	3	2	2	1.9601	-0.3165	-0.2334	2	1.9950	2	2	0.9272	0	1	-0.7873	2	1	-3.5793	-0.9183	-3.2535	-0.8954	0	-1.3188	0	-0.6526	-1.6514	0	-1.6771	-2.1815	1	0.6706	1	1	1.1110	3	3	3.9006	0	5.4264	0.2765	0.8171	0.2268	0	0.3042	0	1	-0.9663	1	4.4348	0
1	0	3	3	0.7118	-0.9513	-2.9907	0	0.5288	1	0	-0.6595	1	1	-0.5309	3	3	-0.9474	-2.4589	-2.9843	1.3610	3	-0.9765	0	-1.3185	0.6990	0	1.0129	-2.0036	1	-2.4734	0	1	-0.7220	1	0	0.3768	1	6.0779	-2.7435	1.5157	1.8661	2	1.8062	3	3	3.6935	3	-1.0651	3
3	1	2	1	-0.9048	1.2206	-0.5302	1	-0.4857	0	2	0.1352	0	3	-0.6520	2	2	0.8984	2.2161	-0.2065	1.1761	2	-0.7204	1	0.5264	0.9114	3	1.4674	-1.0089	2	0.7987	1	3	-1.4187	2	0	-2.0604	3	-0.3909	1.7040	1.0330	1.4445	2	-2.3032	1	0	0.2247	1	-2.0588	2
3	2	0	0	0.5011	0.4003	0.0859	1	-1.1396	3	0	0.7358	3	1	-3.7675	3	0	-0.6271	-0.7536	-0.2708	-0.3926	2	-2.0409	0	-3.3196	-0.4032	0	2.2207	-1.6285	1	-1.5547	3	3	-1.1607	1	3	1.8466	2	-0.3756	-0.6275	-0.1967	1.4571	0	-2.2159	3	2	-3.4421	0	0.5196	2
0	2	1	0	0.7091	0.1023	-0.4494	3	-0.3711	0	0	-0.0231	2	0	-0.7245	3	3	0.4352	-2.3474	-1.7273	-5.4646	1	3.2232	0	-0.0964	-0.4045	3	1.0869	2.5368	0	-1.0528	2	1	0.6388	1	2	-2.9721	3	2.5017	-2.6567	-2.7497	6.4253	1	-1.1604	0	3	0.6305	2	8.5790	2
3	1	0	1	-0.7831	-0.3370	3.4071	2	-0.6198	2	2	-1.2438	2	0	1.3298	0	3	0.1337	-0.4457	0.6276	1.6653	2	-2.2959	3	-0.4166	0.2024	2	3.8594	-0.6186	3	0.4320	3	0	0.9003	2	1	-1.1700	2	-0.0197	-0.1248	2.1255	-0.1113	3	0.6843	2	1	-2.9129	1	-1.8960	0
1	2	2	0	-1.9158	1.1054	-1.0659	3	0.3929	1	0	0.9090	1	0	0.4301	1	1	1.1234	-3.0236	-4.7458	-0.6350	1	0.3641	3	-0.1379	-1.3687	0	-0.8689	-0.1579	0	-0.9381	2	0	-0.8690	3	1	-0.1566	0	5.7107	-0.8668	0.2276	-2.5064	2	-2.1127	2	1	-0.2740	2	-0.4616	3
3	1	0	0	-2.6636	0.9818	0.1062	3	-0.4143	1	0	0.1353	1	3	-1.9032	2	3	-1.0078	-0.7273	1.1387	1.2611	2	-0.6417	2	3.2308	-1.1660	3	2.5813	4.0041	3	-1.2154	0	2	-1.9358	0	0	-0.9642	1	-0.3140	1.9785	-3.4351	5.8222	3	0.1069	1	1	-0.4512	0	-1.4653	2
0	1	1	0	4.5320	-0.6913	-0.4311	3	1.3591	0	2	-1.6030	0	1	1.2980	0	0	0.1463	0.7318	-1.4111	-3.0604	2	4.3002	2	-0.7190	-2.7337	2	-3.2354	-2.1918	2	1.6987	0	0	1.2915	0	0	2.7471	0	0.8026	1.6516	3.6646	-5.2854	0	2.1132	0	2	1.7847	3	3.5680	0
3	2	2	0	4.0131	-1.9953	-0.9553	1	1.7052	1	1	-0.7513	2	1	2.3789	1	2	-1.0427	3.5088	5.9223	-2.7434	0	2.1177	3	-0.8965	-0.5886	2	0.1035	-3.0826	1	-1.1526	0	3	-2.5396	3	1	-0.6321	0	-9.0896	-0.3488	0.9265	2.2316	0	0.7249	0	2	1.4519	1	4.5241	3
2	3	0	2	0.4478	-0.2897	-1.2704	3	-2.3963	0	0	-0.1308	2	3	2.1051	0	3	-0.6932	-2.1166	-4.9916	-2.1505	1	2.7138	2	-1.1042	-5.0497	2	3.9605	-1.6564	1	0.9740	0	2	1.3601	0	2	0.2367	2	8.7789	2.3863	-0.4337	-5.0380	2	-1.1275	0	1	1.2583	2	4.6550	3
1	1	1	1	-0.5601	-1.3864	-2.0440	1	1.6994	0	3	-0.5458	2	0	0.5430	3	0	0.7363	2.3443	3.0880	-1.0414	2	0.9654	3	-0.4564	1.0162	0	-0.5868	-2.1621	1	-1.0538	1	1	-0.2375	1	3	0.1843	2	-5.3329	-1.2120	1.1761	4.2711	2	-2.5080	1	2	2.2072	1	1.8647	3
0	1	0	3	1.3598	0.1870	0.4280	0	1.7218	3	3	0.3120	1	3	-0.9215	0	0	2.1490	-1.0265	-1.5625	0.1192	2	-1.0775	1	2.5563	0.9081	0	-0.4140	1.9376	3	0.9382	3	0	0.8149	3	3	0.1461	2	-0.0951	-0.3363	0.0554	0.6727	3	-2.0571	1	1	-1.2338	1	-2.2173	1
3	1	2	2	0.9980	-0.4272	0.1171	3	0.4020	1	0	-0.8044	3	2	1.5761	2	2	-1.2650	2.0550	-0.7863	0.9378	2	1.5088	2	-1.9777	2.1492	1	-3.4777	-0.1414	1	2.1144	3	1	-1.1257	1	2	-0.6797	0	0.5497	4.8496	0.4941	-2.2486	0	-0.7346	3	2	-0.8402	3	-1.2333	2
2	1	2	1	-1.7350	0.0743	-1.9133	2	1.5254	0	2	0.4676	0	3	2.2665	2	0	-0.2587	-3.7982	-6.3380	1.7682	2	-1.1700	2	1.7262	0.1241	3	0.7204	0.6532	3	1.3924	3	2	-1.6966	3	0	-4.0962	1	7.0286	-2.2014	0.2972	-1.5273	2	-0.8497	3	1	3.9670	3	-3.6256	3
1	3	1	1	2.4215	1.1987	0.9254	0	-0.3114	1	1	0.7754	0	2	-1.8484	3	2	-1.9040	-4.4025	-4.3273	-0.4900	0	0.6059	0	-2.0724	2.6167	2	3.0596	-2.8725	1	0.5566	3	3	0.3309	1	0	-0.2364	2	6.7857	-0.7951	3.5075	1.6587	0	-2.7644	0	3	-0.2972	1	-3.4363	1
2	3	3	1	-1.6045	0.5906	-0.2229	2	-1.7616	2	2	0.2665	2	1	0.7091	3	3	-1.4527	-0.0135	0.2017	2.3169	3	-0.0327	0	-0.5079	-1.0641	2	1.1328	1.3040	3	0.4902	0	3	-0.1925	0	2	2.3810	2	0.9498	-1.8515	-1.0279	-2.8061	3	0.6047	2	3	-1.1672	0	-3.7871	2
1	0	3	3	-0.8375	0.1695	1.9605	1	-0.7226	2	3	-0.4515	3	1	-0.8942	0	2	1.0557	0.3599	0.7073	0.9852	3	2.2136	1	1.3121	0.7351	1	2.9399	1.9356	2	1.0194	1	0	-0.1476	2	3	-1.1128	1	-1.9159	-2.1528	0.3331	5.8704	1	-1.0190	2	3	-1.6528	3	-4.2574	2
1	1	1	0	-2.2144	1.5291	-1.8031	3	0.4628	1	2	1.3724	0	2	0.5306	0	0	-1.5708	-2.5661	-2.7135	-0.4231	2	3.3783	0	-2.3055	1.8137	3	-2.4845	-3.3110	1	0.0943	3	1	0.5420	3	2	-1.9481	3	5.6997	-0.6222	1.3819	0.1403	3	-0.8178	2	3	0.7142	1	2.2224	3
2	2	3	1	-1.9034	1.6959	0.7207	2	0.9614	3	2	0.4836	0	2	1.2929	0	1	0.0377	-0.1771	0.6871	0.6332	2	-3.0648	0	-2.5008	2.0753	1	-2.6540	-3.3696	1	0.2071	1	0	0.7105	1	2	-1.9777	3	-1.6481	-1.2591	2.4980	-1.8509	2	-0.6674	3	0	2.2929	3	-3.2474	0
0	3	1	2	-1.4123	-1.6856	-2.9161	0	-0.6401	1	0	-1.2420	0	0	-1.8808	1	2	1.3789	-0.1323	-0.2840	-3.0289	0	-0.7901	3	0.3550	0.8808	2	-1.0054	0.4485	2	0.1556	3	2	-0.3649	3	3	-0.6139	3	-0.0305	-1.5413	-0.3094	2.6482	3	-0.5894	1	1	4.7885	1	6.4883	2
1	0	0	2	0.8978	0.1884	2.5813	2	-0.2122	2	0	1.0694	2	0	0.5813	2	2	-0.1544	-0.6397	-2.6611	0.1243	0	-2.3461	0	1.4809	1.4268	2	0.3603	1.6626	3	2.9432	3	1	-0.3108	2	3	-0.9567	3	3.1867	-5.3730	-1.3578	-3.3732	3	0.5254	0	3	-3.2465	1	0.4227	1
1	3	0	2	-0.5908	-1.0352	2.6196	1	-2.3121	2	0	-0.9590	2	2	1.3141	3	3	-1.0333	2.1144	3.2587	-0.6727	3	-0.4206	0	1.5626	4.1659	2	3.3302	3.0713	3	0.7688	0	0	-2.4488	0	2	1.2572	2	-3.6249	0.1050	-0.6789	1.3165	1	0.1909	0	2	-2.0059	0	1.8737	1
0	3	1	2	2.8011	-0.5717	-1.8603	2	0.8277	0	0	-0.9829	2	0	0.7433	3	1	-1.3361	0.4054	-1.4724	-2.7568	1	0.1137	2	-1.5180	-0.5283	3	-1.4508	-3.0765	2	-0.1879	1	3	1.0819	0	2	1.5362	3	1.7748	2.2607	3.3008	-1.8259	0	2.9259	1	0	1.9138	3	9.4061	3
0	0	2	3	0.0249	-0.1558	-3.0590	3	-0.6127	0	1	-1.7660	1	0	1.4900	2	1	-0.4134	0.3819	2.7792	-1.6849	3	1.3839	0	0.6980	-1.4966	2	5.6959	0.5961	3	2.5531	1	3	0.2528	0	1	-0.6417	1	-3.9293	3.6106	-1.2999	-3.8782	1	-0.1827	1	0	3.7022	2	3.1648	2
1	2	0	0	-1.0370	-1.9298	-0.3210	3	-0.1507	1	0	1.0005	1	0	-1.5125	3	0	0.3038	-1.7799	-3.0392	1.3972	2	-0.7595	3	-0.5824	-1.3426	3	-0.0670	-0.7047	1	1.3662	3	2	0.1761	3	2	-1.3865	1	3.2676	0.8135	-0.2582	-1.7121	3	-2.0337	2	3	0.4185	0	-1.0516	0
3	0	3	1	4.4517	-0.9623	-1.0927	0	1.3349	0	2	-0.7002	2	3	-0.7249	3	0	-0.4063	-2.0131	-2.1439	-3.7710	3	-3.4678	0	4.0728	-2.5563	3	0.3317	4.8005	3	-1.5543	3	3	0.0511	3	3	1.5530	0	1.6380	-0.4894	-3.3856	5.8062	0	1.1484	0	1	0.7113	0	5.5081	3
2	0	3	3	-1.4423	-0.7602	2.0728	3	1.2077	2	1	1.1334	0	2	0.8203	1	1	-1.1867	-1.2848	0.3325	1.9972	3	-3.5210	1	1.2834	-1.3081	1	-1.1303	1.1032	3	0.5644	2	1	-0.6444	1	1	0.8470	0	-0.7613	1.8727	1.6187	-0.4140	1	-0.2855	3	1	-1.7946	3	-4.3831	1
3	2	2	2	0.0026	0.0129	-2.5761	3	1.0135	1	0	-0.3565	2	0	0.2587	2	1	-1.1240	3.4640	2.3523	2.1387	1	3.1092	0	-2.5670	3.0073	0	1.3012	-2.8699	1	2.2592	2	1	-0.8414	2	1	-3.8416	3	-1.4018	1.5469	2.1445	-6.3255	1	-1.1024	3	2	4.1912	1	-2.6261	3
0	0	3	3	-3.5244	0.9493	-2.1585	2	1.6058	1	1	-1.3246	1	3	2.8260	2	2	0.0186	0.3227	2.8152	-2.1347	3	0.7627	2	0.8430	1.3868	3	-1.8400	-0.5432	0	-2.2982	1	3	0.4049	2	3	-1.0058	3	-2.2347	-0.8815	1.2778	4.0169	3	3.8581	1	1	-0.1000	3	-1.9286	1
0	1	2	3	1.6382	-0.8164	1.5892	0	1.4372	3	3	-0.3895	3	2	-0.0118	2	2	-0.9536	0.1374	-2.1370	-3.7695	2	-0.9008	3	2.8879	-0.4425	1	-1.0558	2.5615	3	1.6389	2	1	-0.8450	0	1	0.4390	0	1.2891	-1.2047	-2.3411	-4.8586	0	-0.0863	0	3	-1.9599	0	8.5185	3
2	0	2	3	-1.0202	0.9653	-0.1000	0	1.6955	0	0	2.0160	3	2	-1.2923	0	3	-0.8389	-4.2869	-7.5117	-0.7958	1	-1.3540	1	-2.9434	-0.5259	1	1.6248	-1.5090	1	1.0383	1	1	0.2307	1	3	0.4239	2	9.1676	-0.1882	1.4300	0.5166	1	2.0686	0	1	-1.0137	2	3.0400	0
0	3	1	2	-0.2629	-0.0482	-0.3976	0	2.0412	0	2	1.6735	0	0	0.8009	0	0	0.5777	-3.2494	-7.9639	2.2934	0	-1.0140	3	2.6578	2.8833	2	-5.2580	-0.0142	1	1.1333	1	1	2.1772	2	1	1.4990	3	9.8426	-0.1830	1.0955	-1.3769	1	-1.2209	3	1	2.0493	3	-5.6770	0
3	2	2	0	2.3042	1.1687	-0.8497	1	-0.5140	1	0	0.2843	0	2	-1.4389	0	3	1.0338	-0.3452	-3.2995	-0.9858	1	2.1127	2	0.4124	-2.2253	1	-0.1058	1.5697	2	-1.2829	0	2	0.2032	0	0	-0.5705	2	4.1002	0.8067	-1.6248	-0.2010	0	1.7243	1	0	1.0728	2	-0.7586	3
2	2	1	0	0.1312	-1.5842	-4.9716	0	0.1884	0	3	-0.1593	2	2	0.0429	0	1	-0.1320	-0.4206	-0.9806	-1.2724	1	0.1866	1	0.8411	-5.5693	1	-0.4004	0.9291	0	-1.4393	0	0	1.3102	0	2	0.2258	1	1.8384	3.0615	-2.3027	-0.2771	3	0.8617	0	2	5.3313	2	-0.8017	3
0	1	0	1	-2.0813	1.4863	0.3920	0	-1.0113	2	1	0.8267	3	2	-0.1304	2	2	-0.0992	-0.4731	1.7746	0.9870	0	-1.9553	2	0.8041	2.3179	1	0.8917	2.9527	0	3.2980	2	0	2.3862	1	3	3.4705	3	-1.6232	-3.1925	-1.2918	-2.3442	3	-0.7699	2	0	-0.6892	0	1.0192	0
3	0	3	3	0.8556	-1.3985	-1.9064	0	0.1771	1	2	1.1589	0	3	0.0153	1	0	0.5980	-0.8326	-3.2591	-0.6843	3	-1.1108	2	2.0706	-3.3277	1	0.2664	1.7913	0	0.4706	2	2	0.6437	1	0	1.8706	0	3.0476	-0.4031	-3.5169	-1.5524	0	-0.3886	1	2	-0.6345	0	0.3252	3
3	1	3	1	-1.5761	0.5257	0.8114	3	-0.6806	3	2	-0.4083	0	2	-1.9375	2	2	-1.7865	1.7493	2.2454	1.6462	2	1.4794	0	-0.5010	-2.6598	1	-0.2659	0.3305	0	3.0586	1	3	1.0313	2	3	-0.0659	1	-2.9166	0.3924	0.0963	-2.0232	0	0.5121	3	2	-1.2026	0	-1.1903	0
0	1	0	1	1.2818	0.1173	0.6377	2	-0.1450	3	3	-0.6789	2	1	-0.8138	0	1	-1.2381	3.6121	5.6289	-4.2996	2	-1.4203	0	1.3462	-0.2509	1	3.9480	2.5208	3	-2.3893	0	2	0.8611	0	0	0.2600	2	-8.5855	-0.1717	-0.9155	5.0322	0	2.9634	0	0	-1.9381	0	9.4725	2
3	1	3	1	0.4831	-0.1801	1.9971	1	-0.6991	2	0	0.2639	0	3	1.2107	0	2	-0.3055	0.4373	-0.2766	0.4440	0	0.3311	2	-0.8917	-1.8230	3	0.1028	0.0326	1	-1.4969	0	0	-0.8339	2	3	-0.2934	0	0.4800	-0.0856	-0.1087	1.1521	0	-1.8624	3	3	0.1375	2	-3.7872	1
3	1	2	1	2.5167	-0.1288	-2.1408	2	-1.3793	0	3	-0.5200	3	3	-1.3705	0	2	0.8290	-0.7804	-0.0609	1.1684	2	1.0182	1	-0.0308	-0.9543	3	0.6332	2.0764	3	-1.8280	2	2	-0.5354	1	2	-4.1796	0	0.1163	2.1556	-0.5413	3.5593	1	0.2698	1	1	2.6663	0	-3.1845	3
3	0	1	1	-1.9988	4.2344	-3.2221	2	-0.7152	1	3	-1.7329	1	3	-0.5220	3	0	-0.9427	2.0136	3.2785	0.0319	0	-0.0393	2	2.3220	2.0057	3	-0.4186	1.5205	0	-2.6019	3	2	-0.4118	3	3	-0.4418	3	-4.5988	-1.5555	0.1063	2.2300	2	-0.0648	3	0	6.9193	3	3.2084	3
3	1	2	0	1.7549	0.5949	0.1990	3	1.1651	3	3	0.6432	1	2	1.1847	3	0	-1.6612	-0.5170	0.3953	-4.7601	1	-2.3371	3	5.3308	0.0344	3	-1.0208	4.6793	0	-2.1678	3	2	1.2132	3	1	3.2173	1	1.2770	3.8369	-2.0633	8.1453	0	-0.1401	0	1	0.4311	2	11.7482	0
0	2	1	0	1.0948	0.4580	-0.4450	0	-1.2167	0	0	0.4954	0	3	0.2414	0	2	2.7704	-0.1914	0.3119	-2.4806	1	0.7367	3	2.6357	-0.3521	3	1.6588	5.4224	0	-0.9676	1	0	0.5633	2	3	-0.8610	2	-1.2454	-0.6329	-5.7554	6.3669	1	0.9388	0	3	0.6604	0	3.6800	0
3	1	2	0	-2.9683	-1.5677	-0.5825	3	1.1950	2	0	-1.1290	2	0	1.1997	1	1	1.9242	3.5639	3.8121	-2.8615	2	-0.8952	3	-0.8911	2.3603	2	0.8425	-2.3231	1	0.7499	1	0	0.5703	2	1	-1.2362	3	-2.4144	-1.4586	2.2894	-2.2235	2	2.8655	1	2	2.8748	3	8.4041	2
3	3	2	0	-0.0846	1.9901	1.1075	2	2.1149	2	1	-0.6215	0	2	0.8293	2	0	1.0799	3.7830	7.1716	1.8478	1	0.1464	3	-0.0711	0.6829	2	-2.7665	-0.5548	1	0.0466	0	0	-0.6203	2	2	-0.3020	0	-9.7513	3.1882	0.7515	-1.6905	0	0.2488	3	2	-2.5026	3	-2.5299	2
3	0	2	3	-0.1919	1.0189	-1.5401	2	1.6946	0	3	0.7520	0	2	-1.4849	0	3	-1.4743	-1.6383	-4.1593	-1.9904	3	-2.2104	0	0.5878	0.7751	3	0.3963	-1.9931	1	-0.0226	3	1	0.0411	2	2	0.5883	3	4.2764	0.4221	1.5413	-1.6915	2	-1.7680	0	1	0.6585	3	2.2005	3
2	3	3	2	-3.0904	0.7217	5.7279	3	2.2787	2	3	-0.1071	0	1	-1.2860	2	1	0.2560	1.0459	1.0932	-0.9202	0	-1.1661	3	1.0856	-0.6060	0	-2.0492	-0.2053	0	1.0935	1	3	-0.3971	2	2	-1.0728	0	0.0696	-1.3782	0.8545	2.7651	3	-2.2914	0	0	-7.5265	3	1.9897	1
2	0	1	2	-1.6582	-0.2048	-2.4193	2	-0.5574	1	1	0.2376	0	1	1.8309	1	0	0.4448	-1.0765	-0.2507	-3.0772	0	-3.1234	3	-0.3599	-1.8942	0	-0.8069	0.4183	0	0.4769	1	2	-0.0130	2	2	0.0315	1	1.3057	2.2759	0.5080	-2.4028	3	0.4283	0	1	3.7836	1	4.7445	3
2	3	2	1	-0.6985	-0.3366	1.5830	3	0.7549	2	3	0.8052	3	1	1.2051	3	2	-0.5333	-2.9116	-6.0880	3.0680	0	0.8769	3	2.7280	0.9641	1	-0.8899	2.7105	0	1.4607	0	3	-0.2375	3	3	-0.9604	1	8.3640	1.0743	-1.5505	-2.2453	2	-0.9342	3	1	-1.3868	0	-4.4377	1
2	3	2	3	1.1241	0.0017	1.9971	3	-1.6576	2	0	-0.7151	2	2	-0.3806	1	1	0.5996	0.1866	0.4730	-2.9466	0	-1.1804	3	-0.4791	-3.9641	2	1.9630	1.2305	0	1.6048	1	2	0.9311	3	1	2.1312	1	0.5413	6.2254	-0.7159	-1.5208	0	-0.2530	0	0	-1.8041	0	1.3904	1
1	3	1	2	-0.0373	-0.1448	0.8131	3	-0.0245	3	0	1.2959	2	1	0.2788	1	1	2.4099	-3.2512	-5.3858	-0.9909	1	-2.6918	2	0.5479	-0.5789	3	-0.4773	-0.2296	1	-0.3106	3	0	-0.2862	1	3	-0.1339	1	5.3464	-3.0695	1.0978	2.0629	1	0.0421	0	1	1.5223	2	2.0052	3
1	3	1	0	0.5589	-0.8386	0.2242	3	-2.3026	2	0	-1.9015	3	1	0.6949	3	1	-0.8683	0.3870	3.7483	0.6887	2	0.0387	0	0.7190	-5.3866	2	3.5223	2.3630	3	-0.0274	0	1	0.5119	2	2	-1.2326	1	-4.7018	-0.6651	-0.5927	0.9277	0	0.2773	1	2	-3.0807	0	-0.5563	2
3	1	1	2	2.3068	-1.5365	-2.5491	3	-1.6456	1	2	0.0205	2	2	-3.2835	0	1	1.0219	-1.5223	-3.3681	-0.3725	2	2.7526	1	-0.0698	-0.4115	1	-0.6516	-0.1864	1	-0.7063	3	3	0.1667	3	0	-1.0497	0	3.7774	2.1957	2.2121	1.7536	0	1.6622	1	3	2.1225	0	0.8127	3
1	3	2	2	1.6745	-1.7586	-2.6464	1	-1.3247	0	0	0.6699	1	1	0.1403	1	2	0.4078	-0.0390	-3.2499	2.7708	1	0.6466	3	0.1174	1.0519	0	0.0280	1.7179	0	0.2859	0	3	0.4557	0	3	-0.4008	3	2.2715	-1.6501	-1.9705	-0.7833	0	-1.7084	3	3	2.5545	2	-4.7084	3
1	3	1	2	1.4582	0.2687	1.3609	2	0.3268	1	1	0.1147	2	1	-1.2358	1	1	-0.7738	0.7680	3.6081	-2.0481	0	-0.9498	0	1.0803	0.1273	1	2.0368	2.2256	0	-2.3274	1	3	0.5413	3	0	4.3373	2	-5.3832	-3.3808	-0.1890	4.3724	1	0.7335	0	0	-1.3217	1	5.0559	0
0	0	2	0	1.6408	0.2583	2.1132	0	0.1734	2	0	-1.5910	1	2	0.6252	0	3	2.3241	3.0292	5.6308	1.1982	1	-1.3817	1	0.1706	0.4843	1	-0.8804	1.1798	0	1.2717	3	2	-0.6821	2	2	0.2927	3	-9.1595	-5.5966	-0.9688	-2.0499	0	-0.6333	1	0	-2.8827	0	-2.4568	1
1	0	1	3	-0.7254	-0.2402	-1.8734	0	0.9849	1	0	-0.1539	2	0	2.0121	2	3	-0.4431	1.4855	1.2767	-2.0024	2	4.6641	3	3.5082	-1.4706	1	-0.1708	3.5840	3	1.8128	1	2	-0.2709	2	3	3.7146	0	-3.5788	0.6184	-1.2601	3.1281	1	1.0961	1	0	1.3956	0	4.8432	2
1	2	2	0	2.2332	-0.0872	1.0838	3	-0.3931	2	1	-0.0425	3	3	0.9113	0	0	-0.9935	1.0725	2.7297	0.6300	1	1.1752	0	-1.8620	-3.2006	3	-1.0785	-3.5111	1	-2.1183	0	3	1.5106	1	2	-0.0440	1	-3.3725	0.6539	2.9643	-1.6798	0	0.5337	2	2	-2.7740	3	-1.6350	0
2	2	2	2	-2.5901	-2.0876	-4.2023	0	0.3246	1	3	0.6396	2	3	0.9782	2	1	-0.3083	-3.6550	-6.9078	-1.0298	1	0.7885	0	-1.4649	1.8637	0	1.9119	-4.4703	1	-0.0628	2	1	-1.0133	1	0	-2.0189	2	7.2197	1.7520	1.1788	-0.9198	2	-0.2877	2	1	6.0761	2	2.5660	3
2	0	0	3	2.1701	-0.2698	1.4684	0	-0.4166	2	2	1.9483	3	2	0.0501	1	1	0.6803	-3.2211	-2.6140	-0.4324	3	-3.7166	1	-0.5479	-1.3784	1	-0.8190	0.7839	0	0.0394	2	1	0.8691	0	2	2.9057	1	3.3214	0.9261	1.7834	0.0709	0	-0.5145	0	1	-3.7748	3	-0.2904	1
3	0	2	3	1.1016	-0.4208	-0.9526	1	-0.4370	1	2	0.6290	2	3	2.4522	0	2	0.0572	1.0912	0.1206	0.9500	3	4.1762	2	2.1058	2.4510	0	1.1775	2.2789	3	1.1245	2	3	1.1638	3	3	0.9394	3	-2.5108	0.5379	-0.4005	-0.9084	0	0.8120	3	2	-0.0509	1	-1.8295	1
3	2	0	1	-0.1922	0.6482	0.2678	2	0.1776	2	2	-1.8815	1	3	0.2182	0	1	-1.6822	2.5627	3.8354	-3.5522	1	1.0283	2	0.2719	-2.4431	3	-0.2680	1.1767	3	-2.9400	2	1	1.3475	1	0	2.1256	0	-4.6859	-1.3386	0.6807	2.4635	3	1.1266	1	2	0.8654	2	8.0050	0
1	2	1	0	1.0725	-1.6457	-2.9750	3	-1.3739	1	2	0.3138	3	3	0.8475	2	0	-0.2187	0.1600	1.6784	-1.7260	1	-3.9911	3	1.5068	-0.3167	3	1.8451	4.2772	3	-2.1042	0	3	-0.1895	0	0	1.0704	3	-0.8698	-0.8238	-0.7657	4.8784	1	1.3322	0	2	2.0357	2	4.1339	3
0	1	0	1	0.7476	-0.5573	1.6422	3	-1.0304	2	1	1.7738	3	1	-0.3320	1	1	-0.3562	-3.0691	-1.4759	1.4469	2	-0.7604	2	-0.2735	0.2434	1	-0.0432	0.0057	1	0.1687	3	2	0.6952	1	2	-0.8098	3	4.0728	-1.3051	1.4496	3.5096	1	0.7223	3	1	-1.3249	1	-2.1763	0
1	2	3	0	-1.0923	-0.3067	-0.3285	1	-1.1262	1	0	-0.6769	0	3	0.4553	2	1	-0.8048	0.7887	-0.6384	-1.3035	2	1.1617	1	0.0079	-2.2251	1	0.9509	-0.0249	1	-0.4455	1	1	-0.3614	2	2	-0.3501	1	0.7575	0.7472	-2.8085	-2.0031	1	-0.5632	1	3	2.9982	0	1.6321	0
3	2	1	0	-1.4906	-0.0210	-0.6244	2	-1.3953	2	2	0.1992	0	2	1.3178	2	3	-2.4064	0.2886	1.1056	-1.7290	1	-1.5859	3	-0.6667	1.4714	1	0.8638	2.9270	0	-1.3216	1	1	0.6684	2	3	2.3948	3	0.0368	-3.4004	-2.0514	2.6715	1	0.5568	1	2	2.4248	0	1.4179	2
0	0	0	3	2.2099	0.0120	0.9196	0	-1.8786	3	2	-1.0645	1	2	-1.9055	3	2	0.4546	-0.0720	-1.5612	-2.4981	3	-0.1649	1	1.8356	1.8941	1	0.8430	2.8948	0	1.9988	2	3	-0.4353	3	3	-1.5437	3	3.0101	0.4006	-2.0768	3.2345	0	0.5773	0	1	-2.6139	2	3.2824	1
0	2	1	0	1.3422	1.2691	1.1499	0	-1.0437	2	1	-1.0017	1	2	-0.5508	2	2	-1.0989	-0.3586	-0.2649	-0.9938	0	-1.2100	1	-2.1320	-0.3261	1	0.7135	-0.6413	1	-0.1581	1	3	-0.0414	2	3	1.1368	1	1.0988	-2.4176	-1.4787	5.9831	0	1.3582	2	0	-2.7293	0	-2.0037	1
1	2	0	0	0.7589	-0.2561	-2.4639	1	-0.8482	1	1	-1.4221	2	3	-1.1950	3	3	-2.2733	1.3477	2.6559	1.8800	2	3.0748	0	-0.4281	1.6634	3	1.8774	0.9395	0	-2.2241	2	3	0.6244	3	0	1.1133	3	-2.7059	-2.1026	-1.6144	0.7974	3	-0.7396	3	2	5.2837	0	-4.8551	2
1	2	3	2	4.5595	-0.0132	0.9027	1	-0.4483	3	0	2.5693	1	3	-1.7115	0	0	-0.7521	-3.8256	-6.4007	-3.0867	1	-0.9509	2	0.5638	0.7304	2	-0.1640	0.3095	3	-0.2060	2	3	0.3086	1	1	-1.3052	1	8.4611	2.1293	-1.0733	-3.5503	0	-0.3978	0	1	-2.4278	2	8.5295	0
3	3	0	2	-1.8059	0.8680	-1.6131	3	-0.3064	1	0	-0.4248	0	0	0.7300	1	2	-0.6375	-0.9772	-2.2080	-0.5201	0	1.2353	0	-0.0130	-1.4635	3	2.0738	0.0122	1	2.0670	3	3	-0.2091	3	2	-0.3107	2	2.3796	2.4783	1.1993	-2.2452	2	-0.9976	1	1	1.0483	1	0.1462	2
2	2	1	0	1.9809	-0.3423	0.1797	1	-0.7782	0	3	-0.0859	0	2	-1.0235	0	3	1.8170	3.3161	3.5712	-2.3922	1	-1.5312	1	1.0563	3.5632	1	0.8046	1.6098	0	0.3411	1	1	-1.5280	2	3	-2.1015	3	-5.6723	2.2426	-2.5324	1.3755	0	2.4498	1	2	-1.6233	2	0.3548	2
0	3	3	0	0.6160	1.5384	-3.4921	0	-2.1060	1	3	-0.4486	0	3	1.2729	3	2	-0.1231	-0.5618	-0.8359	2.0477	0	2.7679	0	1.9191	0.0171	3	0.6689	2.7058	3	-2.7435	3	2	1.0056	3	2	2.9744	3	3.1271	-4.3361	-0.6138	1.3746	0	3.9823	3	1	4.4549	1	-3.2352	3
3	1	0	1	-1.3976	1.1436	-2.3961	1	-0.6664	1	3	0.1437	1	0	-1.5873	1	0	0.1736	-2.1450	-0.4153	-1.6925	2	-1.1518	1	-2.4031	-1.5627	2	-0.3778	-2.4165	1	1.1544	3	0	-0.1815	3	3	-0.6047	1	1.9685	0.9755	1.3117	-2.0469	1	-0.2637	2	1	1.4729	0	0.8146	3
2	1	0	2	-0.4540	-1.3430	1.4555	1	4.1869	3	1	0.0785	0	0	-0.6854	3	0	0.9191	-0.1647	-2.1296	-0.1108	1	1.4487	1	3.2236	1.3698	0	-2.4823	2.4172	0	-0.4769	0	0	-0.3323	0	3	0.6955	0	3.0458	2.5132	-2.4871	2.8922	3	0.8491	0	1	-2.7063	0	-3.6406	3
1	1	0	1	-2.5914	-0.6615	-0.0415	3	-0.9849	2	0	-0.2179	3	0	-1.7384	0	1	-0.4779	1.3862	2.3658	1.1763	0	-3.3708	2	0.2445	-0.0596	2	0.8849	-0.3723	3	-0.3492	3	0	0.0767	3	2	1.6157	2	-3.8206	2.5233	0.6760	1.8695	3	-1.1184	3	0	-1.1694	2	-2.3089	2
0	1	3	3	-1.2007	1.2725	2.8381	0	1.3733	3	2	2.0653	2	3	2.4135	3	3	-1.5841	-2.2755	-4.9317	-0.9944	3	2.1859	0	3.3917	-1.8264	3	-1.8776	2.6287	0	-2.4502	2	3	-0.7506	1	1	-0.5394	0	7.8943	0.6798	-1.5198	3.7908	2	-3.1340	1	1	0.9475	2	-1.0232	1
3	1	0	0	1.3823	-0.6094	0.1753	2	-0.4483	0	3	1.1068	0	1	-0.3713	1	0	0.4746	-1.1102	-1.0402	0.0338	2	-0.9248	0	0.8267	-2.0835	3	0.0401	-0.9426	1	-1.4884	0	3	-1.4154	0	2	-1.7437	0	1.0944	1.8699	2.0374	1.5080	2	2.0540	2	1	-2.3256	3	0.0571	3
1	3	2	1	1.5170	0.5132	2.5148	2	2.0763	3	1	-0.8283	2	3	-0.7303	3	3	0.3845	3.1442	4.4911	-2.4848	0	-0.6119	2	-0.5182	-2.1758	3	-1.9021	-3.2939	1	-2.3432	1	0	0.8306	2	2	-1.8680	1	-8.1798	1.5752	1.7632	-0.2066	1	-1.7878	0	2	-0.8750	1	4.6500	1
0	1	1	1	2.7032	0.1626	1.6785	2	-1.5502	3	3	0.3602	3	2	0.4945	1	3	1.0510	-0.3495	0.2359	-0.0234	2	-1.3941	1	2.5287	0.4663	1	0.4064	3.7725	3	0.0192	3	0	-0.9379	3	1	-1.1483	0	0.5721	-0.2364	-0.7954	4.3439	0	0.1939	3	0	-0.3178	0	0.7341	0
0	2	0	2	-0.5777	-2.1764	1.4938	0	0.2742	2	3	-1.5026	0	1	-2.8034	2	0	-0.0051	0.3967	-0.3120	2.0193	1	1.4074	2	-0.5816	-1.6498	0	0.5725	0.6149	0	0.3848	1	1	0.0145	3	2	0.6058	2	1.3290	-2.6481	-1.8219	1.3335	3	1.5600	2	3	-0.5166	2	-1.1064	1
0	3	3	1	-1.0557	-1.7686	-2.2902	3	-0.0749	1	1	-0.5143	1	2	1.7094	1	1	0.1220	-0.7321	-0.3858	0.9789	0	-0.5862	0	-2.4965	1.0823	1	-1.4557	-2.7072	2	1.3950	2	3	1.0362	0	0	-1.2749	3	0.7094	-1.5355	0.7131	-3.6406	1	1.4430	2	3	4.0876	1	2.8149	3
3	1	3	2	0.5179	-0.5600	-0.6257	1	1.2581	0	0	-0.5889	2	2	0.3324	2	3	-0.5639	0.7321	-0.7330	-0.4638	2	0.9782	3	3.7460	-1.5495	1	-0.7567	0.9957	3	0.1340	0	2	1.8127	2	2	1.6067	0	1.8014	2.0961	-0.4111	-1.8314	0	2.0119	1	3	1.3996	3	0.5179	0
3	0	3	2	0.6097	-0.0854	-0.4974	2	0.4494	0	0	0.1587	2	1	-1.3981	1	2	0.9193	-1.5496	-3.3715	2.5710	3	2.0840	0	0.8726	-0.7608	0	-2.0977	-0.4816	2	-0.2584	0	0	0.5425	0	2	-1.5745	0	4.0540	1.1470	2.7551	1.0237	0	2.2792	3	1	-1.0760	3	-2.0107	0
3	3	3	1	-2.3977	-1.8017	1.5605	3	2.0636	2	1	1.1174	2	3	0.6226	2	3	1.1631	-3.3140	-3.3722	-0.8506	0	1.0202	2	0.6360	-4.7932	3	0.1486	-0.5254	1	-2.5639	0	3	0.3594	0	2	-0.8048	0	1.7486	0.0784	-2.9131	2.4642	2	-0.6351	0	1	-3.6926	0	0.9750	1
3	0	0	3	-0.0713	2.3782	1.6090	2	-1.3874	3	1	-0.6607	0	2	-1.7813	1	1	2.3065	1.9676	2.7334	-1.2256	3	1.0467	1	2.7896	-1.9735	1	0.8703	4.2652	0	2.2135	0	0	0.3342	0	1	1.1036	1	-3.5029	5.3972	-1.4951	-1.1452	1	2.5217	1	2	-0.0741	0	-0.9903	0
2	0	1	1	0.1976	-0.5769	0.9914	2	1.1937	2	1	-0.4205	2	2	0.2558	3	1	0.0907	0.6585	3.2804	-0.6820	3	0.6591	1	1.0560	2.1966	1	1.8931	-0.0822	2	1.3814	0	1	1.0504	3	2	-1.9327	2	-4.0394	0.1998	-0.1463	1.1586	1	0.8195	0	2	0.9652	3	-3.1797	0
3	0	0	2	1.1552	-1.9347	0.4810	1	-1.3071	3	1	-0.1879	2	2	-0.7528	2	3	-0.2644	0.9838	-0.4640	2.7732	1	-3.0114	3	-1.1912	2.3085	1	4.8224	-2.1724	1	0.7634	3	0	2.3853	1	0	1.8874	3	-0.9731	-1.7657	0.3149	0.2898	0	-1.8521	3	3	-1.7573	2	-4.8797	0
3	1	2	3	-2.2040	-2.1585	-1.7997	3	-0.1847	0	0	-1.5686	1	2	-0.7744	0	3	2.5001	3.0440	2.1766	-0.2494	2	-1.0141	1	-0.7623	-1.8284	1	0.4819	1.1790	0	-0.9994	1	0	-1.2856	2	0	-2.7263	0	-3.9207	0.2656	-3.6998	2.6396	2	0.5576	0	0	2.0576	0	-0.1807	2
3	1	1	1	-2.4808	-0.5136	0.5873	0	1.2531	2	1	0.2164	1	3	-1.6026	1	0	2.7016	-1.6267	0.4229	4.3357	1	1.7404	1	0.7494	-3.3284	3	-1.5493	0.1777	2	-0.8641	0	0	-0.6747	2	2	-0.9444	0	-2.1049	2.1695	-0.1912	1.8073	2	-1.7731	3	1	-1.3500	2	-8.8344	3
3	3	1	2	1.9535	-1.2810	-3.1794	0	0.2371	0	2	-1.7224	2	0	-0.3944	2	3	-1.1424	1.3704	0.4816	-0.5812	0	-1.7610	2	0.6712	0.5602	2	1.2634	0.0791	3	0.6136	1	3	-0.5127	2	1	1.0029	2	-0.3251	1.1844	1.6443	1.2990	0	-0.1700	0	0	3.4733	1	2.2433	3
1	2	3	2	-0.1413	-0.2471	2.4776	0	-0.2302	2	2	0.2888	1	3	-0.4379	1	1	1.2412	2.0605	0.2440	-1.2024	1	2.1239	2	2.0261	1.7375	3	3.4894	1.3443	0	0.2349	0	1	0.3640	3	1	2.2152	2	-0.3778	0.9028	-2.6544	2.8638	1	0.1697	0	0	-1.0979	0	5.1441	1
1	2	2	0	-2.9817	-0.8233	-1.5932	0	2.4820	1	1	-0.0744	1	1	-0.3322	3	3	0.0905	1.1685	-0.0476	-2.7339	1	-1.8553	0	0.0800	-0.0112	0	0.9193	-0.5040	1	-2.4261	0	3	-0.1018	2	1	1.1978	1	-0.5873	-1.2952	-0.0332	2.8252	3	-3.9844	1	2	2.6334	2	3.3712	3
3	2	0	0	3.2767	0.0880	0.0422	0	0.8956	1	1	-0.2275	1	0	1.1077	3	2	-1.2445	-2.0880	-1.1171	-0.0572	1	1.6929	2	-2.8901	-2.0679	3	-3.0842	-2.5880	1	-0.9054	2	2	-1.4571	1	2	2.5562	0	-0.1108	0.0920	1.0676	0.2966	0	3.1154	2	1	-1.3572	1	3.3326	3
0	0	0	3	-3.6554	-1.2265	-0.9881	2	-1.0855	1	2	-1.0982	0	1	1.5955	0	3	-0.4461	1.4748	1.3310	2.1986	3	3.9574	1	3.7784	0.8365	2	-1.6608	2.9989	0	-2.0242	3	1	-0.2757	3	1	-1.7691	3	-1.5653	-2.4661	-0.3926	5.2392	2	-0.1011	2	0	1.6335	3	-3.5733	2
3	0	2	3	0.1865	0.1956	0.4747	2	1.4966	1	1	-0.6403	2	3	1.9968	0	1	1.3009	2.4146	2.8157	0.1088	3	1.9031	2	-1.0486	2.1854	3	-1.2940	-3.3274	2	-1.4887	2	3	0.2141	3	2	-1.2886	3	-4.6093	-2.3984	3.6166	-0.2750	1	-2.4180	0	0	1.6493	1	1.3138	1
0	0	2	3	0.0803	-2.3943	-1.6230	2	-0.4431	1	1	1.1073	2	3	-0.2143	3	2	-1.5967	-0.2194	-0.3553	-0.6711	3	-1.5694	0	1.2448	1.1080	0	1.8162	1.8099	0	-1.0571	0	3	0.0125	3	1	-0.4955	3	1.0266	0.8185	-0.3207	-1.2234	0	1.0833	1	3	1.9689	1	-3.6481	3
2	1	3	0	2.7061	-1.0060	1.9551	0	-0.7922	3	1	1.1297	0	3	0.5340	0	0	2.5725	-1.3822	1.0360	-5.1414	1	0.4915	1	2.4017	0.4299	3	0.4185	2.6449	0	-1.2800	0	0	-2.0023	0	0	-1.0533	2	-1.2293	-1.3468	1.1906	0.5524	0	2.4820	1	1	-1.5407	1	5.5549	0
2	1	3	1	-0.9917	-4.4664	1.3094	2	-0.4717	3	3	1.9565	3	2	0.7284	2	2	-0.4992	-1.6358	-0.5190	2.0298	2	-0.7409	2	-3.0627	4.7750	1	-0.8701	-0.7310	2	1.1779	1	2	-0.2128	2	0	-0.4366	3	1.2963	-5.8453	-0.1241	-1.8619	3	-0.3321	2	1	-1.8567	0	-2.8074	0
1	0	2	2	0.5500	0.4146	1.5342	2	0.4852	2	1	-1.6851	0	0	0.7319	0	2	0.2909	2.5969	3.1177	-0.4867	3	-1.0490	3	-0.7270	-3.1503	1	0.3778	-1.1249	1	0.6541	3	0	-0.7979	3	1	-0.8912	1	-4.8768	1.9438	3.0533	2.1273	2	2.1405	0	2	-1.0505	3	1.6905	1
1	0	3	0	-0.0787	-0.9206	0.6206	1	1.1399	3	1	1.4845	2	0	-0.8391	0	1	-0.4880	-2.8127	-2.2014	2.5078	2	2.2278	0	-3.1560	-1.0247	2	-4.1622	-3.4823	2	-0.1615	2	0	0.4048	1	0	1.9602	0	2.6492	-0.0949	0.8332	-5.3580	0	-3.3693	2	1	-1.9380	1	-5.7726	3
1	1	1	0	2.1383	1.2809	0.3421	3	1.5392	3	3	0.9867	0	1	-0.6286	3	2	1.0502	-1.7035	-1.1336	-1.0509	2	-1.8982	0	-0.5578	1.1891	0	-1.0641	-2.7619	1	1.7529	0	0	-0.1313	3	3	-0.1332	0	1.0771	2.6612	3.9423	-0.9537	0	-0.1124	0	1	1.6016	3	1.6276	0
2	1	0	0	1.5859	0.2549	-1.8607	1	-1.0163	1	0	-1.0986	1	0	-1.2807	2	2	-1.3319	1.2381	1.0330	-1.4920	2	-1.2216	0	1.6717	-3.6832	2	-0.0376	2.3072	3	-1.5131	2	3	-0.4589	1	2	1.0049	0	-2.6412	1.2659	-1.9868	1.9983	0	3.8068	0	2	6.1981	0	4.9655	3
1	3	3	2	-0.5948	2.4026	-0.4430	1	0.9307	1	3	-1.8766	3	1	-0.5537	0	1	1.4813	2.9980	2.3807	-0.4697	0	0.8888	3	1.0542	-2.0723	0	-0.7947	-1.1259	0	1.8537	3	0	-0.3499	3	1	0.4209	0	-3.6381	5.2772	1.1785	-4.9575	2	1.8295	2	2	0.0592	1	-1.8928	2
2	3	2	2	2.3204	-0.1040	-1.5977	1	0.6229	0	0	0.4257	0	2	1.4049	0	2	-0.8362	-3.4474	-4.3421	-0.3824	1	0.2997	0	2.0132	-0.3505	1	-0.7784	2.1141	0	1.1702	3	1	-0.1351	3	2	-2.1657	2	4.2251	0.3650	-2.5051	5.1935	0	-1.2355	0	1	2.6807	0	-1.5152	3
1	2	2	0	1.8697	2.5266	0.3262	0	2.3039	3	2	0.8304	1	2	-0.9376	1	2	1.1187	-1.0200	-1.4901	1.6079	1	2.0722	0	2.3709	1.8371	3	-3.9276	0.9485	0	1.8581	0	0	0.6534	0	3	2.2258	0	1.9885	-1.0123	-0.8825	-1.6855	0	-1.5562	3	3	1.7039	2	-1.0194	1
3	0	2	3	3.3333	1.4561	0.5227	2	1.0905	1	3	0.9632	3	2	-0.1804	2	1	0.3829	-1.8627	-4.6890	-0.6897	3	2.7703	0	-0.9649	-0.7834	1	1.3435	-1.8033	1	0.2288	3	0	0.3398	0	0	2.7624	0	5.8817	-2.0159	4.4439	-2.5543	0	-1.4171	1	1	-1.4700	3	4.3343	0
1	1	1	1	1.7396	-0.0997	0.3304	0	-1.6659	3	0	1.1164	0	2	1.0530	2	1	1.3195	1.2462	1.9325	0.1909	2	-0.6749	1	1.0467	2.8461	0	-0.1724	4.2952	0	-0.1896	2	0	-2.1530	1	3	-1.9519	0	-3.6245	0.2638	-1.6773	2.2331	0	1.4917	0	2	-0.5153	0	0.6410	1
1	1	0	2	-1.1880	0.2309	-4.1786	3	-2.2107	1	3	-0.8051	0	0	1.7703	0	1	1.5815	0.8254	1.5305	2.1355	2	-0.0912	3	-2.0716	-1.6755	2	3.5184	-1.2782	1	3.1711	0	2	-0.3644	1	2	-0.5376	2	-1.7905	-0.1160	-0.7258	-4.5669	2	1.3467	2	0	5.5798	0	-1.8286	3
2	2	3	0	-1.3762	0.4880	1.6653	0	-2.6232	3	1	-1.9928	3	0	1.0932	1	1	-0.0218	-0.2095	2.9877	-3.8575	2	1.7140	2	0.8702	0.3300	2	-0.3783	1.9205	1	0.9749	1	3	0.7580	3	3	0.0461	3	-3.7291	-2.0614	-2.0028	0.0644	0	0.3874	1	2	-1.1710	0	9.7596	0
2	2	2	0	3.1699	0.9607	2.9217	1	-0.6084	2	0	0.4002	3	1	-0.4426	2	1	0.9036	-1.3947	-3.0626	0.3681	1	1.3385	1	1.0801	1.0348	0	-0.6006	0.1237	3	1.5157	2	0	1.4754	0	1	0.9038	3	3.8476	-1.5209	-1.7496	-1.7895	0	-3.6818	2	3	-2.9416	2	1.2117	0
1	3	2	0	0.8800	0.2632	1.3304	3	-0.9047	3	2	-0.9359	2	3	-0.1352	2	3	-0.1847	0.1368	-2.4109	-2.5917	0	-1.4126	2	3.8941	0.8038	2	-0.5964	5.0612	3	0.9465	2	3	-0.9270	3	1	-3.4150	3	4.3048	1.4516	-3.0301	6.5948	0	0.3495	1	2	-1.2183	2	2.4836	2
0	3	1	2	0.4107	1.8367	3.0985	1	-2.3020	2	0	1.7131	1	0	0.3815	3	3	0.2394	-2.5452	-3.0140	-0.0229	3	0.3010	3	-0.4660	-3.1385	2	0.6782	1.2446	0	0.0685	1	0	0.5135	2	2	1.8603	2	5.5375	0.9919	-1.5968	-1.2375	2	-0.1800	3	3	-2.2114	1	0.1308	0
3	2	2	2	-2.3700	0.5416	3.5502	1	-1.1037	2	3	-1.1863	2	2	1.6840	3	0	-0.3186	1.0521	-2.2192	3.2998	1	2.3964	1	-2.5973	-3.0382	1	1.0830	-2.0990	1	-1.0300	2	0	0.6092	2	2	1.9230	0	0.7760	1.6260	-0.1147	-1.7268	2	-0.7035	3	3	-3.9129	2	-7.2278	1
1	2	1	3	-3.9996	0.4103	2.0116	0	0.7813	2	1	0.4198	1	3	0.2912	3	0	-1.2934	-1.4230	-0.2984	0.4147	1	0.9195	2	1.3215	0.9190	0	-0.7807	-0.0488	0	-0.7032	3	1	0.3975	0	1	2.2405	3	0.9695	-1.8001	5.4140	0.7820	3	2.1677	3	1	-3.0415	1	-3.0990	0
1	3	0	2	-1.7301	-0.4263	-1.4661	3	-2.5264	1	3	-0.6741	1	0	-1.3529	2	3	-1.1242	1.8129	-0.5946	-0.3568	0	-3.0917	0	0.2034	-0.3142	2	1.7806	4.1577	3	-0.1635	1	0	-0.3869	2	3	1.7261	2	3.0697	-1.0819	-1.3579	3.2505	3	2.4573	1	3	2.7868	1	-0.1861	3
0	3	0	2	2.2461	2.5790	1.8037	0	0.6358	2	3	0.7079	0	2	1.9208	1	0	0.9540	-2.7099	-1.8235	3.2528	2	0.6245	3	0.5914	2.8192	0	-0.7982	1.8383	0	0.0011	3	1	-1.5915	3	3	-3.2905	3	2.4123	2.5578	-1.5756	1.2294	3	-0.5579	3	3	-1.4342	0	-3.6519	1
0	3	2	2	1.0694	1.3910	0.3780	3	0.3093	0	3	-1.1575	3	3	1.4041	3	3	-1.4799	-2.8909	-4.5933	2.5794	0	-0.1691	0	0.1478	5.3597	3	0.3720	0.3637	1	-0.0038	1	1	-0.2145	1	3	-3.2990	3	7.2615	0.6809	-0.3262	1.9531	2	4.2298	3	1	-0.0502	1	-4.2683	1
0	3	1	0	3.5569	-2.1477	-3.8456	3	1.3603	0	2	-0.8687	3	2	3.5572	3	1	0.7502	-0.4358	-1.0750	2.3992	2	0.3688	1	1.9454	-1.4212	1	4.4926	-0.6807	3	1.1800	0	0	0.2031	1	0	-0.6350	2	-1.3609	-2.0766	-1.5798	-0.0638	0	-2.4085	3	3	4.3896	0	-6.9315	3
0	0	2	3	-0.0926	0.2389	-1.8728	2	2.0028	0	1	0.5455	2	2	-3.3448	2	2	-0.8344	2.7049	3.1060	-1.0605	3	0.0980	0	0.4084	2.0967	3	-4.2019	-2.0204	0	-0.4289	3	1	-0.3669	2	0	1.0137	3	-4.6467	-0.9510	1.8273	1.0297	0	-0.6456	1	2	4.4868	3	0.4514	3
0	3	0	2	0.5599	1.1860	1.9749	3	-0.7505	2	0	0.6619	2	3	0.0281	1	2	-0.1102	-2.7776	-4.1935	2.9141	0	-0.8974	2	2.0990	-2.0380	2	0.7871	3.7876	0	1.6343	0	1	2.7958	0	3	1.2611	2	7.4355	-2.0725	0.1689	0.1766	1	-2.6930	3	1	-2.4869	2	-3.5179	0
3	0	2	1	1.7115	1.0639	-0.8506	3	-1.9237	1	2	-0.4064	2	2	0.3693	2	2	-1.7512	1.2871	1.8001	0.9165	3	-1.7379	2	-0.0019	3.2911	2	3.4493	1.1561	0	1.1622	1	3	0.7530	0	2	2.2963	3	-1.7067	-1.1113	-2.7018	1.5695	0	0.1824	3	0	0.6721	0	-2.8711	3
1	2	1	3	-0.1469	0.0245	0.9870	0	-0.7495	2	3	-0.4615	1	2	0.4104	0	1	1.3052	0.3352	1.9670	1.0762	1	-0.9143	1	1.3748	1.3148	1	1.0808	0.8008	3	-0.7271	0	1	-0.0681	3	2	-1.8993	3	-6.2017	-1.4570	-0.4321	-0.8013	1	1.6039	3	1	-0.8306	2	-5.6403	0
3	1	2	0	-2.6189	0.0071	-0.4043	3	1.1743	3	2	-0.1859	1	2	0.3294	1	1	0.1640	-0.0072	-0.6331	2.2315	2	-0.1493	1	-1.6379	3.6822	1	-2.9286	-1.9764	1	2.5107	2	3	0.1242	1	2	0.3642	3	-0.6380	-2.2171	3.1932	-2.3946	2	-0.4308	3	3	1.4028	3	-3.0201	1
2	2	1	0	-0.1465	1.3529	0.0519	0	-0.2981	3	0	0.0991	3	1	0.1966	2	0	-0.9701	-4.4172	-4.9966	-1.2062	1	-1.3989	2	0.9498	0.6246	2	0.4749	0.4062	3	-0.2212	1	3	0.6244	2	0	-1.0343	3	6.0405	-1.9577	-2.3808	0.5238	1	-0.9903	1	1	0.1700	2	2.3183	1
1	1	2	1	-2.3235	0.3731	0.3789	1	-0.3879	0	2	0.6745	0	1	0.6262	3	1	-0.5579	0.6495	0.3315	-1.3277	2	0.0511	0	-0.9947	2.0971	0	0.8573	-1.0474	2	0.9095	0	0	-0.7003	0	3	-1.9140	3	-1.0718	0.2154	-1.8365	-1.0685	2	-2.5355	1	3	-2.1916	2	0.8029	3
2	3	3	1	-4.3105	0.5814	-0.7072	0	-0.6275	0	1	-0.4369	0	1	1.1240	2	1	-1.0533	-0.3799	-0.4858	-0.0470	0	-2.1064	0	0.1442	-0.2410	0	1.0950	0.7668	3	-0.0485	2	2	0.9280	3	1	-0.0003	3	3.3893	-2.2009	-2.7296	3.9645	2	-0.8228	0	3	-0.5962	0	-2.6678	1
1	3	2	3	-1.0158	-0.9726	1.6913	0	2.2267	2	1	-0.5929	2	1	-0.9904	0	1	0.7605	1.9448	4.0705	-1.8357	2	1.2519	2	1.1034	1.1267	0	-1.2947	-0.4284	3	-1.0109	0	0	-0.2406	0	2	-3.1027	3	-8.3344	-0.1563	1.2457	-2.7230	1	0.5956	0	2	1.1006	2	-1.2116	0
0	2	2	0	-1.5834	-1.4521	1.1027	2	1.1216	3	3	-0.0397	1	3	1.3146	3	1	-0.8535	1.0179	3.2577	1.9240	1	3.1283	2	0.0011	-0.1797	3	0.7071	-0.1684	2	-1.4443	0	2	-0.7791	0	2	1.8899	0	-3.3425	0.0908	0.7423	-0.6145	1	-1.6220	3	2	-1.6609	2	-2.1076	1
0	2	3	1	1.1735	-1.9332	-4.5428	0	-1.3260	0	3	-0.7209	2	3	-3.1669	0	0	-1.1040	0.5533	-0.0814	-2.0140	1	-0.2243	0	-0.3298	-1.3968	0	0.0837	2.5317	0	1.6869	1	1	-1.8107	2	1	0.4429	1	-0.4935	-0.3060	-2.0113	-0.4949	0	-0.7459	0	0	3.8625	2	3.8456	3
1	3	1	1	-2.0792	-0.3335	-0.9066	0	1.2228	0	3	-1.4812	0	0	0.5252	3	2	-1.7911	2.9621	3.7091	-1.7048	0	-4.4555	0	-0.4464	-1.0855	2	-1.6621	-1.1304	1	-0.2996	1	3	-0.9245	1	2	0.2304	0	-3.2261	-3.2389	0.2048	-0.6649	1	1.6101	0	2	-0.0019	1	2.1950	2
2	3	0	2	0.0411	-1.0940	-0.6056	0	2.0398	0	0	0.8168	0	2	-1.4847	3	0	-0.6822	0.4952	1.0132	-4.2995	0	0.5800	0	2.3874	-1.3032	1	-1.6901	1.4078	0	-2.8145	1	1	-0.2081	2	1	-0.9209	0	-1.8623	1.3691	-2.9230	4.1048	0	-0.2123	0	2	1.3830	0	5.3829	1
2	1	3	2	-0.0324	-0.4806	0.5914	2	0.3363	2	2	0.7442	1	3	0.0290	3	3	-0.8743	-1.6340	-4.1498	-2.9176	2	-1.2836	0	0.9866	1.3627	3	0.2411	-1.6241	1	-0.5677	3	3	-0.6747	1	2	-2.0306	2	3.7732	-0.6465	0.7633	2.0177	3	0.0456	0	3	0.8448	3	1.9916	3
2	0	0	3	-0.9051	-0.8512	0.5032	2	-0.0113	3	2	-0.3257	2	1	0.1230	2	1	-1.0881	-0.9681	-4.0305	-2.5515	2	-2.5911	0	1.0776	-1.4294	2	-1.6657	-1.1254	1	0.2318	2	3	0.6127	0	2	1.2410	0	4.3023	1.2855	0.4612	-3.7898	3	0.7197	1	1	-2.5397	0	4.1577	0
2	3	3	2	2.5633	-0.3579	-2.4737	1	-2.9416	1	1	-0.7207	3	1	-1.7489	1	3	2.3808	1.5099	1.6599	0.7845	3	-1.7343	3	1.1861	-1.5067	0	5.1954	3.9073	0	3.0841	0	2	-0.9302	0	1	-1.7194	2	-1.3079	4.6258	-2.4559	2.8184	0	-2.5760	0	3	1.7495	0	-0.8626	3
1	2	2	0	1.2252	-0.3630	2.0707	2	-2.4061	2	1	0.8844	0	1	-1.3105	0	0	0.0728	-2.1316	0.0731	2.7086	1	-3.0299	0	-0.8650	-2.5449	2	2.2523	-1.5812	1	0.3749	0	3	0.8657	0	3	-2.0507	1	0.0344	-0.3060	-0.1833	-0.3317	1	1.6406	3	1	-4.3878	2	-3.7999	0
3	2	2	0	-1.6120	-0.7630	4.2431	2	-2.2460	2	2	-0.6476	3	0	-1.6151	0	2	-0.2018	0.8708	1.3041	-0.8185	1	1.2931	0	0.6172	0.4759	2	1.8973	2.0498	3	1.4129	1	1	0.0005	1	0	0.6036	1	-1.0035	2.4312	-0.3905	-0.7721	2	-1.2814	1	2	-4.0220	2	2.8623	1
0	0	0	2	-2.3549	2.4876	0.9872	3	-0.1515	1	2	0.0644	1	3	0.6487	1	2	-0.6590	-0.9878	-1.7487	-1.8582	3	-3.6965	0	2.8205	-0.1857	1	1.1364	3.9121	0	1.1435	2	2	-0.1382	1	1	1.1578	3	1.2566	-2.5302	-3.5592	3.4504	3	1.3023	1	3	-4.8076	0	5.2055	1
2	0	2	2	-4.7218	0.1858	4.5298	1	-1.3345	2	1	0.6409	1	2	-0.8335	1	1	0.5218	-0.0988	-0.4571	1.3702	1	4.1464	1	0.3453	-2.4689	1	-0.9114	4.2910	2	0.8899	3	0	-0.4469	3	2	0.0350	0	-0.7420	0.4800	-0.2029	2.6815	2	0.1284	2	0	-4.6553	2	-2.7638	1
2	1	2	3	3.0315	-1.0188	4.2672	1	2.3637	2	2	-0.1913	1	2	0.3553	1	1	-1.4303	-2.6506	-6.8950	1.0895	2	-0.3936	2	-1.5379	-2.4672	1	-0.6849	-4.8270	1	-1.0176	1	3	0.5994	2	2	-0.4041	0	5.8208	4.2730	3.8340	-1.6328	0	-0.2419	2	1	-5.9051	3	0.4819	1
1	3	2	1	1.1581	0.2045	1.5268	1	1.3477	2	3	-0.0428	0	0	2.0912	2	3	-0.5933	0.8798	2.4946	2.9696	1	0.6871	3	2.6609	0.1754	3	-2.1717	1.4925	3	-1.9274	0	2	-0.6095	0	1	-2.0983	0	-1.8145	-0.4352	-4.9518	3.0274	0	-2.8789	0	0	0.3999	0	-5.1148	1
1	2	1	0	-0.4439	2.9092	-0.1332	2	-1.1289	0	1	1.0360	3	1	2.0550	0	0	-1.6021	-1.3410	-0.7087	-1.6206	0	-2.5662	0	-1.1919	-2.5749	0	0.3596	-0.6081	2	1.1828	3	2	0.9619	1	2	3.2448	1	2.7148	-2.6935	0.9105	-0.2234	1	0.8824	2	1	2.2397	1	3.7682	0
2	3	0	2	-0.4793	1.2060	1.8235	3	-0.0520	2	3	0.8763	3	1	-0.1085	3	0	-0.0444	-0.4967	-0.7101	-0.8734	1	1.0376	0	2.1558	-2.1062	0	0.3649	4.3798	0	-1.5659	2	3	-1.3817	1	0	-0.6673	0	2.9948	-0.8923	-3.6241	5.9643	2	0.7054	0	1	-1.5309	0	2.9206	2
2	0	3	1	3.0385	1.3873	0.3044	1	0.0899	0	0	-1.7891	2	2	0.8541	3	0	-0.2227	2.8467	4.6364	0.6354	1	-0.3222	2	0.6478	-0.2457	1	3.1707	0.9089	0	0.9980	1	0	1.3840	3	1	0.9045	2	-6.7211	-0.8680	-2.5329	-0.3577	0	2.2206	0	2	-3.2663	2	-2.4918	0
0	0	2	1	-0.2891	-1.0744	-1.0922	0	2.8002	0	3	1.2935	2	0	-0.2052	0	2	0.2925	-2.4620	-3.2824	0.7110	0	-0.5743	0	0.8928	-2.6747	3	-2.3667	-1.6389	2	-1.2387	0	0	1.1253	0	2	0.7806	0	5.6098	-1.8449	2.1245	0.8666	3	-1.0227	0	1	3.1215	1	-0.2823	3
3	0	3	3	-1.6993	-1.7760	1.1645	1	-2.0003	3	2	-0.5183	3	3	-3.0051	3	2	-1.2894	3.0763	0.6017	2.0326	3	1.5230	3	-2.0380	-1.3048	0	3.5122	0.7603	3	-1.0146	1	1	0.7562	2	1	-1.8810	2	-0.2640	4.1075	-0.7747	2.3730	3	-1.6424	3	2	1.3178	2	-2.8611	0
3	3	2	0	-1.2437	0.2716	-4.1532	3	-2.8033	1	0	0.2979	3	1	0.6550	0	3	-0.6217	1.8620	3.7204	0.3062	2	-0.2792	2	0.6742	1.4663	1	2.0443	3.3929	0	0.6978	0	3	-0.9472	0	3	-1.3176	2	-5.2270	3.2502	-2.1271	-0.9500	0	-0.1507	3	2	3.2602	0	1.2541	3
3	2	3	0	-0.7007	-0.0507	-2.0964	3	-1.5577	0	1	0.0793	2	0	-0.1963	2	3	0.4405	2.4489	2.3781	5.7144	2	-0.5113	3	-2.1489	-1.4687	2	0.7115	-1.6639	2	1.5600	0	0	-1.5304	0	3	0.5995	0	-1.0629	3.4849	2.8331	-3.0378	3	0.8418	3	2	-1.3935	3	-7.3246	3
3	0	2	3	3.3866	-1.4971	1.8091	0	0.7033	2	2	-0.8729	3	0	1.7745	2	3	-0.8629	-1.5663	-4.7353	2.9601	3	-0.3736	0	1.4436	1.6081	2	-0.1811	2.1632	0	0.4161	3	3	-0.4216	0	2	0.5459	3	5.5849	-3.2094	-2.5737	-0.1460	0	2.8202	3	1	-1.7681	0	-3.9522	1
1	3	2	0	7.1921	2.1360	-2.4615	2	1.5860	0	2	-0.5665	2	1	-1.1715	1	3	-0.3873	0.5453	-0.0385	0.2124	0	0.5616	1	-0.6501	-1.4069	0	-1.2353	0.0635	3	-0.7826	0	3	-1.1813	0	3	-2.8789	0	-0.5872	-3.4394	1.5355	-0.4367	0	-1.2793	3	3	5.5440	1	-4.6959	3
3	1	1	1	2.0767	-0.1886	2.6359	0	-1.4206	2	1	2.2047	1	3	0.3717	2	0	-2.2579	-2.3859	1.7860	-2.2354	2	-0.7982	0	-0.7289	-2.3180	0	2.0320	-0.7559	2	-0.1064	2	3	-1.0272	1	3	1.2696	1	-1.2193	-0.4512	0.7111	-4.6414	1	-2.9641	0	1	-2.8776	3	5.7571	3
1	3	0	2	0.0390	0.8344	3.1765	3	-0.4009	3	2	-1.8488	1	1	2.1432	2	1	-2.5091	0.8719	-1.1666	0.7569	0	-0.7732	0	0.9429	0.5055	2	-0.8613	1.2270	0	1.8055	3	2	0.7052	0	3	5.0673	1	0.0382	-1.4184	-0.5338	0.8645	3	-1.2675	0	3	-2.2546	1	0.6981	0
0	3	3	2	0.0009	0.5678	-2.3158	2	0.3806	1	1	-0.9737	2	2	1.0198	0	0	0.6798	-0.3336	0.9090	0.8788	0	2.9140	1	-0.1783	0.7916	1	-0.6877	-0.8042	1	1.8196	0	2	-2.3837	0	1	-1.5576	1	-2.3998	0.6270	-2.3478	-6.4484	3	-0.8329	3	3	3.1870	0	0.2285	2
3	3	2	2	1.0292	-0.6585	-2.0662	2	0.3461	0	2	-0.1720	1	0	0.4081	0	3	0.8994	-0.2536	-1.2779	1.7475	0	1.1243	2	-0.2871	0.4950	2	-2.5117	0.3864	0	-0.3759	0	2	0.1560	0	2	-0.4060	0	3.9838	0.4726	-1.5789	1.4738	2	-0.9339	3	1	1.5788	1	-1.8691	3
3	0	1	3	-0.0011	2.9680	-1.2654	2	-0.9538	0	0	-0.3424	3	2	-1.4207	3	2	0.6376	2.3939	2.4789	0.4240	3	4.0653	2	-2.0988	-0.3784	1	-0.1849	-3.0044	1	0.1447	1	0	0.1553	2	2	2.2360	0	-3.0137	-0.4573	3.1378	-1.9565	1	2.5382	2	2	0.7029	3	3.9329	1
1	2	2	0	1.2087	1.8687	-0.4481	2	-0.2148	1	2	0.8037	2	3	0.7824	2	0	1.1531	-2.5810	-5.3818	-0.6804	2	2.2383	3	-0.4861	-2.2987	3	1.0459	1.0879	2	-3.7084	0	0	-0.8419	2	1	0.7247	1	6.1875	-1.0415	0.8070	2.6508	2	-3.5118	3	3	0.0851	0	1.5641	3
1	3	0	2	0.5541	0.9788	1.3065	3	-0.1520	2	1	0.6634	0	2	-0.9239	2	2	3.1359	0.0963	0.1879	-0.1824	0	2.6309	1	-0.4422	1.0000	1	0.7004	3.0461	0	0.1371	0	0	-0.9859	0	1	0.9459	3	2.3222	1.1990	-2.8542	1.1931	2	-0.2699	1	0	-1.3235	0	1.4656	1
0	1	3	2	1.2304	0.6948	-0.3866	1	0.1131	1	0	0.8854	1	3	1.7455	0	2	-0.8667	-0.8240	-2.0108	-0.5708	1	-1.2104	0	0.5924	-0.0819	3	0.8725	2.4051	0	-3.7556	2	1	-0.2185	1	3	-0.0178	3	2.1406	-0.4675	-3.0604	6.7600	0	-0.6559	1	1	3.1627	0	1.8641	3
2	3	0	0	2.4654	-2.0098	-2.2108	2	2.0649	0	1	-1.0459	2	1	1.1936	1	0	-0.1775	-0.7823	0.1502	-0.1179	0	-1.3699	0	-4.9787	1.4277	0	-1.9708	-7.3790	1	-2.3056	3	0	0.1048	3	1	-1.9076	1	0.3164	3.0940	6.0021	-2.6128	0	0.0983	2	2	2.3636	3	2.3664	3
2	0	3	0	3.7804	-1.1945	-3.2068	3	-0.8343	0	3	-1.3482	1	2	0.7532	0	1	-0.9473	2.0593	3.1556	0.4556	2	0.2301	1	0.0433	-1.2083	2	2.4243	1.6779	0	-0.4038	0	3	0.2552	0	0	0.0642	2	-3.8593	0.8914	-2.0174	4.9302	0	-0.4624	3	2	5.5943	0	-1.8713	3
2	0	3	0	-0.3728	-1.6411	-0.7485	3	1.7575	0	2	0.7323	3	2	0.4142	2	2	-0.5414	0.7840	1.5961	0.3012	3	-0.3833	1	2.2408	3.5966	1	-5.3835	2.1934	3	0.6153	2	3	0.7573	0	3	1.2027	3	-0.8911	2.4678	0.1089	3.0820	1	0.0821	1	2	1.8327	3	-2.8186	1
2	0	0	3	1.9007	-0.8092	0.4280	1	0.1194	2	3	-2.1054	0	3	1.1582	1	3	1.8207	2.5186	2.7681	-1.8863	3	-0.6223	3	2.0659	1.1540	3	-1.8782	1.6069	3	0.1099	3	0	-2.2350	0	3	-3.8471	0	-3.6049	3.9284	0.8357	2.0408	0	-3.2808	0	2	0.3759	3	4.2972	2
2	3	2	2	-3.4778	1.2601	0.5287	1	-0.6409	3	3	-0.7275	2	3	-0.2447	3	1	-1.2006	0.1383	-3.0429	-0.1969	2	0.3556	2	-0.5493	-2.3230	0	-0.2660	-0.2527	1	-1.9663	1	2	-0.0589	0	3	1.8083	2	4.3138	3.0876	0.5384	3.7294	2	-2.0772	0	3	0.2487	0	1.8346	0
3	3	3	3	0.4131	1.4510	1.2773	2	1.6378	2	2	-1.1971	2	2	0.1615	2	0	0.2700	0.8162	0.2842	-3.7356	3	-0.7490	3	0.4375	0.7513	3	1.2997	-1.7178	1	-1.4133	1	3	1.2048	0	2	-0.1013	2	-2.7352	2.5315	0.5275	4.0056	0	1.2555	0	0	-2.8079	3	3.3136	2
1	1	0	1	-1.2967	-0.3406	-1.3725	2	2.1115	1	2	2.3262	0	1	-1.2533	2	2	-1.4303	-2.5995	-3.0288	-1.3940	0	0.8033	0	0.3188	-2.1621	0	-1.3725	-0.4245	0	-1.1738	1	1	0.0883	1	1	-1.3960	0	3.4564	-1.6119	-0.6699	0.7182	3	-1.4746	0	3	3.4728	0	2.1103	3
3	1	2	3	-1.7510	-1.5157	-0.7943	1	1.1299	0	0	0.4216	3	0	0.5478	1	2	0.7322	0.4379	0.3872	-0.4745	2	-0.5903	3	-0.5327	0.0355	1	-1.3682	-0.7142	1	0.5289	2	0	0.6639	1	3	1.7359	0	-2.1746	0.1634	-0.5369	-1.0879	2	1.3243	1	2	1.2853	2	2.8223	3
2	2	1	3	3.6153	1.7005	0.8468	2	-0.9302	3	2	-0.3330	1	1	-1.6924	2	2	-1.5846	-0.0609	-2.3435	-2.0352	3	-2.4046	0	-0.6694	-2.3786	3	1.1881	-0.8398	0	-1.6288	0	1	-1.0196	1	1	0.5753	1	2.5917	1.7082	1.0053	5.0580	0	2.8458	0	0	-0.4041	3	2.6683	2
0	1	3	1	4.7213	-1.7974	-1.9771	3	0.2888	1	1	1.2285	1	1	0.7129	0	0	2.1202	0.1710	-0.0777	-0.1512	2	2.2596	0	-3.4161	0.6964	0	-0.5826	-1.8458	3	-1.2889	1	0	0.1783	2	1	-2.8878	3	0.5086	-0.5211	0.0090	-0.0541	0	-2.0638	2	0	3.9269	2	2.1180	3
2	3	0	2	-1.7118	-0.7580	0.9095	2	1.2689	2	3	1.8385	0	3	1.9716	0	0	-0.0460	-0.9141	-0.8772	2.5070	1	2.9505	0	1.1107	-1.3222	3	-1.8519	-1.0021	2	-3.4120	3	0	-0.7142	1	1	-1.2817	0	1.5085	-1.0580	1.8586	5.0977	3	-1.5946	3	3	-1.2200	1	-1.9298	3
1	2	0	0	0.6254	0.6394	-1.1838	1	-0.7655	1	2	-0.2879	3	2	0.3162	3	3	-0.3277	1.9981	2.1962	2.9087	1	-0.3280	3	-0.2760	-2.7907	1	2.7329	-0.2646	0	-0.8506	2	3	0.8484	1	3	1.1048	1	-4.0726	2.2028	2.0397	-0.3690	2	1.9064	3	2	1.8493	2	-3.7919	0
3	0	3	3	-1.4122	1.0357	-2.0294	1	-0.2777	1	2	0.8894	0	0	-0.5139	2	3	-0.4016	1.4437	-2.3747	1.4311	3	2.6880	0	1.9297	-0.9181	2	0.5023	2.1637	0	-0.3519	1	1	0.1695	0	0	1.1813	1	3.2879	4.0640	-0.1824	3.3953	1	0.1657	3	2	0.9377	3	-2.0125	3
2	1	3	3	0.2606	-0.1644	-1.3269	0	-0.2400	0	0	-1.2478	1	0	-0.1577	0	1	1.3090	2.0798	1.4718	2.3587	2	-1.8490	3	0.7518	3.1001	3	-1.0245	-0.4930	3	0.3927	2	0	-0.5273	2	3	0.3239	3	-3.2088	-1.3792	-0.3485	-2.5174	0	2.5007	3	2	1.9403	1	-3.6821	3
2	3	2	1	-1.0097	0.0711	-0.0884	1	0.5575	3	1	-0.6942	0	0	2.1094	3	2	0.2882	2.5538	4.5032	3.2786	0	-3.0695	1	0.8545	-0.1999	1	-0.3657	2.4146	0	1.6705	2	1	-0.0688	2	0	-0.5239	1	-6.3752	0.9696	-3.0910	0.5827	2	4.1614	3	2	0.7997	0	-7.4028	0
1	1	1	0	0.6775	-1.2153	0.4205	1	-0.8020	2	0	-0.4923	2	1	0.8690	0	1	2.2274	5.4098	5.6322	0.7855	2	-0.1416	0	0.5044	-3.3944	0	2.4116	2.9736	2	-0.2778	0	0	1.5425	0	3	2.8617	1	-6.8850	-0.0687	-2.1712	-2.3634	1	-1.4184	0	2	-2.3099	0	-1.0510	0
3	1	1	1	-2.6137	-0.1650	-2.0506	2	-1.3053	0	3	-0.4334	2	1	-1.3170	2	3	0.7893	1.3808	1.9501	-1.1679	2	-3.4513	1	-2.2892	-4.7354	0	1.0071	0.4067	3	-0.4756	3	0	0.6466	3	0	-5.1119	1	-2.0447	4.1457	0.2913	-0.0707	3	-0.6987	2	0	-1.5025	1	1.2682	3
2	0	1	3	2.5481	-0.8998	1.8038	0	-1.1858	2	2	1.0994	0	2	0.9910	1	1	-0.7424	-1.1241	-2.4959	0.4920	3	-2.8778	0	0.2754	-0.0153	1	0.4679	3.1179	0	2.2644	3	3	-0.6933	2	3	3.0388	1	2.1310	1.3413	-1.6420	2.4958	0	-2.1363	3	1	-0.5022	0	0.0989	1
2	2	0	2	-0.3575	1.6152	0.5953	0	-0.2713	1	3	-0.5016	1	3	-1.6495	1	1	3.0375	0.0139	-0.5880	-0.7486	1	1.3952	2	-0.4687	4.3896	3	1.9297	-0.9003	0	-2.0163	2	0	-0.4802	1	0	-1.6368	3	0.0802	0.8655	2.1273	-0.4965	3	-0.2471	1	2	-0.4225	2	4.5641	1
1	1	1	1	0.1329	0.2875	-0.5128	1	-0.9287	2	2	1.6015	3	2	-3.3380	2	2	0.4555	0.4061	1.8222	-2.1699	2	-1.8410	1	-0.0802	3.6423	1	3.9702	0.1959	0	0.6454	2	2	0.7811	0	2	1.2897	3	0.0350	-3.8533	-0.3940	0.2639	1	-1.4512	1	3	0.1761	0	3.3003	3
2	2	0	3	-0.7391	1.4702	0.0144	2	-0.4746	1	0	-0.2203	1	2	1.3139	0	2	0.6301	-1.4951	-0.2240	1.4771	3	4.4514	1	1.4090	-0.2732	2	0.3303	2.9607	0	1.7016	2	1	-0.3327	0	2	-1.5050	2	0.3747	0.5061	-0.3196	-1.8243	3	-2.3120	3	1	-1.4686	1	-3.5360	3
2	0	1	1	1.8188	-1.2512	1.4794	3	0.1491	2	2	-0.7137	3	0	0.2543	2	1	1.0729	1.3617	2.0000	-1.1611	1	2.9096	1	-1.1649	0.0718	2	0.8754	-3.9963	1	1.3485	0	0	1.8101	0	3	3.7177	3	0.1637	0.3156	2.8623	-0.6098	0	1.5857	0	2	-2.0827	2	3.3601	0
2	0	0	0	-1.9667	-1.4460	1.2238	0	0.9474	3	3	-0.0325	0	1	-0.1864	2	0	-1.0048	0.3182	0.4332	-3.4881	3	0.9653	0	-3.1280	1.4035	0	-3.0501	-6.7691	1	-0.6561	1	3	1.7368	0	3	2.1098	3	0.1269	2.7076	4.8530	-2.0126	3	-1.9722	1	2	-0.1575	3	6.2724	2
3	2	0	0	-1.9447	0.2175	0.8993	1	1.7719	2	0	0.3667	0	2	1.6090	0	0	0.5505	-2.4147	-2.6007	0.4838	1	-1.9902	2	-2.6986	1.0117	1	-3.0326	-4.9652	1	1.1575	0	2	-0.3579	0	2	3.2127	0	1.1670	-0.9134	0.7588	-6.8626	3	0.6024	3	3	-1.9185	2	0.0042	3
0	0	0	3	-0.2950	-0.2012	0.0872	1	-0.1479	2	3	-0.9465	2	2	0.3118	2	2	-0.8447	1.7282	3.5497	-1.7285	3	-3.8239	1	0.5383	1.5731	1	1.1595	-1.5626	0	0.8111	0	3	-1.6359	2	2	-3.1336	0	-5.3733	-0.5916	2.8357	-2.9271	0	0.7379	1	0	2.5096	0	0.4549	3
1	3	3	2	-0.8734	-1.4513	-2.2812	1	-0.6373	2	0	2.3702	2	0	-1.2021	3	0	-0.9012	-5.0430	-7.3797	-5.8771	0	-0.3022	0	0.7606	-5.1255	1	3.0617	-0.5628	0	-0.5378	0	2	0.3017	0	3	1.7278	1	8.9622	4.6148	-1.8382	-0.8305	3	0.4897	1	1	0.5229	1	9.0407	3
1	2	0	0	-0.4104	0.7851	0.1200	0	1.0129	2	1	0.3456	2	2	0.6102	2	0	-0.3935	1.7481	2.3699	-0.2211	2	-0.6693	2	-1.9809	1.7989	2	-1.8771	-2.7948	2	0.4404	2	3	-0.1149	1	3	1.2959	3	-1.5709	0.3935	0.7164	-5.7816	3	-0.8107	2	2	2.6216	3	0.2706	1
1	0	1	3	-0.5731	0.9243	0.7981	3	-0.2682	2	1	-0.1885	3	2	-0.2908	2	1	0.6979	2.2436	3.5605	-0.9984	3	-0.8486	1	-1.5359	-0.3214	0	-0.0082	-1.2070	1	2.1101	1	3	1.3505	2	1	2.3296	1	-4.2515	4.3386	0.8032	-1.6946	1	1.6510	0	2	0.2531	3	0.2800	0
3	2	0	1	0.7725	0.5448	0.4925	3	-0.2766	3	1	0.0997	1	1	-0.0761	2	2	-0.3274	-0.1588	4.5554	-1.0258	3	0.1183	2	0.0296	-2.6110	1	1.7107	-0.1097	1	2.4257	2	1	-0.8321	3	2	-0.5424	0	-2.9053	-2.3389	0.3081	-6.9426	0	2.5289	1	1	-0.4610	3	4.7197	1
3	2	2	0	-1.6499	-1.1481	2.0005	0	-1.5769	2	0	1.1596	1	1	-0.7651	0	2	1.0430	-5.3430	-4.7704	0.5251	1	-0.4881	1	1.8438	-0.2602	1	3.4248	4.8602	0	0.8465	3	2	0.8335	3	3	4.9493	2	2.8504	2.7404	-3.6054	1.3893	2	1.0018	2	1	-2.3083	0	-4.7325	0
3	0	2	0	0.1812	-2.5657	-0.4330	0	-0.0216	0	3	0.9669	0	3	1.1067	1	1	-0.5926	-0.4438	0.4584	0.4975	2	-0.3146	0	-3.7700	-0.5546	3	0.3554	-3.4095	1	-2.0444	1	2	0.0645	2	0	-1.4207	0	-1.7755	-0.8782	1.0871	1.7654	3	-2.1010	2	1	0.8667	3	-1.5481	3
3	1	1	2	-1.2529	0.5182	1.2062	1	-0.7713	3	0	-0.7616	0	0	-0.0211	1	1	-2.3784	0.6618	2.6913	0.5760	2	2.0585	1	-2.4317	-5.2040	3	0.8036	-1.5125	1	-1.8932	0	1	-1.1769	0	3	0.5121	0	-3.7415	1.7212	-0.8962	-4.2848	3	1.3924	3	0	-0.4205	0	0.3326	2
2	3	1	0	3.2691	-3.1718	-1.4549	0	0.4609	1	0	-0.8896	2	0	0.6621	1	0	0.5800	-2.8875	-1.1604	-0.5990	1	4.3536	1	-0.6043	2.3581	2	1.3369	0.1208	3	-1.1038	0	3	0.4581	2	2	1.4029	2	2.1599	0.6988	-1.1422	1.4711	0	0.7724	2	1	0.6951	2	-2.0723	2
0	3	3	2	1.9567	-0.5857	0.2795	1	-0.5440	3	1	-1.1213	2	1	0.8693	2	2	1.0955	2.1160	3.5567	-3.2168	0	-5.0585	3	-1.3459	-2.0489	3	-0.0865	0.9984	1	-2.2836	3	2	0.2547	3	1	1.0860	1	-3.2896	1.8275	-0.4007	-1.1502	0	-0.6650	1	0	-1.5205	1	6.6611	2
1	2	1	1	0.0990	-1.4863	2.9017	1	-0.2180	2	3	0.8292	2	2	-0.5774	1	1	0.8456	1.5028	1.0804	-0.1929	0	-0.4483	1	-2.3593	0.6434	0	-1.7887	-2.1792	1	0.2879	0	0	0.4934	3	0	1.7369	0	-0.9824	3.7461	1.0010	-5.5125	0	-0.2415	2	2	-2.3773	1	-0.8589	0
2	2	0	0	1.7690	-0.1622	0.4428	0	-1.0453	0	3	0.7109	2	1	1.2859	3	0	-2.8169	-1.2244	-1.7971	0.0244	1	1.0558	0	-5.0769	0.9803	0	-0.2636	-4.7751	1	-0.1971	0	1	-2.8053	0	2	-2.2074	3	4.1358	2.2514	3.4733	-4.7121	0	2.5745	2	1	0.8512	1	-1.9698	3
0	3	3	3	3.5478	1.7805	-0.0932	1	-0.5729	2	3	0.7774	0	1	-0.0936	0	3	-0.6089	1.1457	-0.5466	1.6249	0	-1.7208	0	-1.2030	4.2672	0	1.7540	-1.8692	2	-2.0819	1	0	0.1737	2	3	1.6208	3	2.3062	-3.9010	1.2293	-2.0657	0	0.0377	3	2	-0.0580	1	-3.1654	2
1	2	3	3	0.1224	-2.1549	1.3499	0	-2.3525	2	2	-1.5922	2	0	1.8254	3	2	-2.5434	2.7927	1.1306	-0.5808	1	1.8960	0	1.2162	0.2638	2	-0.0459	5.2304	0	-0.8885	2	1	-1.7093	2	3	-0.8452	0	-0.8161	0.9636	-3.2945	1.3184	0	2.2513	0	2	-3.0157	0	2.1368	1
0	2	2	0	1.1596	-2.2331	2.8080	1	-0.3892	2	1	0.0304	3	0	2.3355	0	3	1.8531	1.3389	3.1715	3.8910	1	-3.2351	3	-2.8180	-1.0433	1	-1.4151	-3.7874	1	0.2738	0	0	-0.7978	3	1	-0.3502	0	-5.5986	-1.3832	4.1399	-2.8890	0	-0.7536	2	2	-4.7648	3	-3.0263	1
0	1	2	2	-0.6118	0.4936	-1.6771	0	-1.5995	0	2	-0.4113	0	0	2.2825	1	1	0.1454	-1.2378	-1.0324	4.3850	2	1.6024	0	0.5905	-0.7665	2	0.1547	2.1411	3	2.4194	2	0	1.2795	1	2	2.5949	1	1.4284	-0.4952	-0.9374	-2.8588	2	-2.0150	3	3	1.6307	0	-0.5144	3
0	0	3	3	-3.6697	-1.4612	1.3651	2	1.4211	2	1	-1.2666	3	1	-1.1881	0	0	0.7537	-0.6626	-1.7041	-1.7657	3	-1.3239	3	-1.0897	-0.7908	0	-1.9168	-0.5493	2	-0.6358	0	3	0.5827	3	2	-0.3214	0	2.4858	-1.5920	2.3121	4.2087	1	3.7620	0	3	-1.8225	3	4.5541	0
1	0	3	3	0.6444	-0.5502	1.0605	2	-1.4558	1	3	0.2596	1	2	-0.9682	3	1	0.9878	-1.4101	-0.1091	-2.5106	3	-0.2314	0	5.1568	0.0678	1	0.1686	6.7416	0	1.5725	0	3	-0.7130	2	2	3.5803	1	0.5723	-0.1639	-4.7129	3.5249	0	-2.0040	1	1	-1.1243	0	3.6166	1
0	0	3	0	-1.0834	-2.7772	-3.0319	3	1.1720	1	3	-1.6701	3	3	-0.0957	3	1	-1.1883	2.6011	0.5483	0.1338	3	3.5165	2	-4.5437	0.6415	3	-2.9000	-5.4873	1	-0.0504	2	3	-1.5719	1	3	-1.8976	0	-0.9899	-1.5420	3.0309	-5.5291	1	2.1524	2	0	3.5338	3	-0.7979	3
3	1	0	1	1.5315	-0.5351	-0.0425	3	-0.5125	2	3	1.7520	1	3	-0.2401	0	3	-0.7530	-3.2933	-2.0845	-0.7567	0	-1.8638	2	2.7795	-2.4733	3	1.0020	2.3757	3	0.1562	0	1	-0.6496	1	2	-1.6268	1	2.7336	0.3965	-1.5080	4.8894	0	-0.3711	0	1	1.0566	2	0.7999	2
0	2	3	1	0.3067	1.8215	0.6137	3	1.2737	2	1	0.2146	0	2	-0.8099	1	0	1.4604	-0.8570	-0.6710	-1.7092	1	4.0045	1	0.5902	0.7292	1	-2.8705	0.9078	0	-2.5474	2	0	-1.8315	1	2	0.2763	0	1.2960	-1.3989	2.0954	0.7610	0	0.9291	1	1	0.4600	1	3.2328	2
0	1	1	1	0.7747	-1.9867	1.3662	0	-0.2679	2	0	-0.9429	0	2	-0.0626	0	2	0.2954	1.3062	3.3349	-0.7231	2	0.4713	2	-0.0958	1.9000	2	-0.8387	-2.9506	2	0.1836	3	3	1.0455	0	3	2.2844	3	-5.0573	0.9202	4.4206	-4.3856	0	1.6074	1	0	-0.9637	3	-0.8262	0
0	0	1	3	-2.1819	0.0893	0.2071	3	-0.5195	0	1	0.9245	3	0	2.4092	0	3	-0.3242	-1.4834	-0.7428	-0.4251	1	1.3144	3	0.8738	0.5149	2	1.7637	0.4262	3	1.9593	2	3	-0.6929	1	3	-0.2741	2	-0.2650	0.0315	-1.1392	-1.6589	3	2.5714	3	1	-0.8604	2	6.6003	1
1	1	3	1	2.0626	-1.0969	-0.2049	3	-2.1102	2	1	1.1581	0	0	0.0088	0	2	-0.8433	-1.7299	-0.7556	-2.1409	1	2.4872	2	0.3274	1.9848	2	0.8937	1.5596	3	0.6681	1	3	2.5890	2	2	3.2347	3	3.2645	-1.5012	-1.0413	2.9423	0	1.0977	0	3	1.6236	2	0.4078	0
0	2	0	0	1.0818	-0.0180	1.7898	1	-1.3519	2	3	1.7067	3	2	-0.5428	1	3	0.3494	-6.4319	-6.3920	1.6169	1	3.8489	3	-1.3767	0.8298	1	-0.6086	-2.9192	1	3.8990	1	0	0.3326	1	0	-1.1915	3	7.8145	-1.5718	0.8310	-6.0593	0	-1.0505	2	1	-4.7916	2	-0.9507	1
3	1	2	1	0.0334	-1.0150	1.4928	0	0.4257	3	3	1.0470	3	3	2.6580	1	2	0.2369	1.6661	1.8090	0.9786	2	2.0602	2	0.8486	2.3938	3	1.8153	0.6807	0	-0.0202	2	3	-2.5234	3	2	-3.3420	3	-2.0866	-2.3743	-0.5326	-1.9353	1	0.2216	0	2	-5.5723	0	2.4183	1
3	2	2	0	-3.2297	-0.4484	0.5238	1	-2.4855	3	1	0.5194	1	3	-1.9942	2	0	-2.4412	-4.0098	-1.9816	-2.8214	2	-0.6081	2	0.6847	-0.5063	2	3.8889	0.9179	3	-0.3632	0	1	1.3748	1	1	0.0794	2	0.8550	0.0244	-0.1401	1.5389	2	1.7694	0	1	3.9640	0	1.3877	1
1	3	1	2	-3.2015	-0.7534	1.0802	2	2.9904	3	2	2.0790	2	3	2.2371	0	1	-0.5798	-2.9264	-3.3574	-2.8552	1	0.3164	2	-0.6023	0.4455	3	-1.8071	-3.6081	1	-0.6561	0	3	0.4496	0	3	2.4999	0	3.8489	0.4512	3.1812	-2.7155	2	-4.4832	1	3	-4.6269	3	6.0574	0
2	0	3	3	-2.6982	2.1915	-0.0075	2	-0.7853	3	1	0.7109	0	3	0.5843	3	3	-1.0257	3.1057	1.0933	0.9923	3	0.6543	1	0.2306	-1.4348	3	-1.3947	1.7803	2	-1.5567	2	2	-2.7091	0	3	-2.8478	0	-0.8848	0.5349	0.9694	4.5829	2	-0.6582	2	2	-0.9344	3	-2.1537	3
1	1	1	0	-0.6326	1.3219	0.6473	3	-0.3320	3	3	-0.6200	3	1	-0.8022	2	0	-1.7015	0.2156	1.7938	2.0082	2	1.2549	0	-0.8781	2.1349	2	-0.0528	-0.1358	0	-1.0786	0	1	-0.7105	0	1	1.2132	3	-1.6569	0.5793	1.6749	2.6345	1	3.3311	3	0	0.2246	0	-2.9963	1
1	2	3	0	0.6748	1.8988	1.2071	3	0.4774	2	2	0.7913	3	2	-2.7657	2	2	-0.9105	-1.0954	-2.9375	-1.2327	1	-0.1327	1	-0.5480	-0.2253	3	2.0700	-1.2015	1	-1.0904	2	3	0.0909	3	0	-0.5384	2	5.2989	-0.1970	0.1010	-5.0807	0	-2.3818	0	1	-2.2853	2	-3.5504	1
1	3	1	2	0.1720	0.4155	0.1587	1	0.0383	1	3	2.2443	0	2	-0.9434	1	2	0.5276	-3.4746	-4.3258	2.3918	0	1.7953	1	-2.5124	0.3927	3	0.0433	-1.3413	2	-0.9704	3	3	1.3877	2	2	2.1327	3	4.1424	0.2658	2.0925	0.6467	0	-2.2587	2	1	-1.8470	1	-5.2510	0
2	2	0	3	-1.9740	-0.9359	1.7517	3	2.1594	2	2	-0.1914	3	2	-0.7155	1	1	1.4476	0.8415	-1.6493	-2.2541	3	-0.7989	3	1.1359	-3.6231	2	-3.8046	0.0273	1	0.6720	0	3	-0.2445	0	2	-2.7879	0	2.3201	1.9156	1.3234	-5.4304	3	-1.6921	0	0	-0.9135	3	1.7378	1
0	1	3	1	3.7295	-0.4761	0.0537	2	-0.6843	3	2	-1.1073	1	2	-0.2765	0	0	0.9864	4.7605	7.7089	-0.0876	0	3.3546	1	-1.5289	-2.0455	1	0.2321	-2.3197	1	-0.2642	3	2	-0.3428	1	3	-3.7544	0	-9.7570	-0.3392	0.5017	-0.4555	0	-1.5940	2	0	-2.1338	1	-2.6393	0
2	3	1	3	3.2837	1.2053	2.4215	3	3.2952	2	0	-0.2885	1	2	-1.0581	2	3	0.8857	2.3517	3.2052	1.6708	0	-1.5316	2	0.8773	1.9508	1	-4.8858	-1.9491	1	-0.1427	1	0	-1.5918	2	1	-0.5004	0	-5.2487	-0.9029	1.9644	1.6855	0	0.2348	3	2	-3.7933	3	-3.4168	1
3	2	0	0	0.8760	1.8198	-1.2388	0	-0.6652	1	3	-1.5137	1	3	1.1178	3	0	-0.9849	3.2020	2.5121	-1.3895	1	1.6917	2	-0.5146	-2.5526	0	-0.2495	-2.1141	1	1.9376	3	2	1.0023	3	2	-1.9326	0	-1.3947	0.2679	1.2049	-2.3616	1	5.5441	1	2	-0.0705	1	-0.6616	0
2	3	0	0	1.3089	2.0578	-2.6072	3	0.0087	0	0	-1.6468	3	3	0.3236	1	2	2.1557	4.0881	5.0307	-1.2341	0	2.5448	3	1.5334	1.0454	3	2.2748	3.1775	0	-3.1912	2	0	0.8452	1	2	-0.8561	2	-7.0151	-2.1014	-2.7008	8.4306	0	5.9100	1	2	3.8318	0	7.3744	0
0	0	1	3	2.1662	0.4147	0.6662	2	-0.3264	1	0	-0.9270	2	0	0.2588	3	0	-0.2837	0.9362	-0.4132	-0.5205	3	2.0380	2	-1.5190	-1.5353	2	0.1579	-3.9048	1	2.7575	3	3	-2.7416	0	3	-3.9437	0	2.2527	-3.6494	6.0055	-5.2322	0	4.6890	2	0	-1.6961	3	4.7078	2
0	2	3	0	-0.4681	-1.7908	-1.7564	2	-0.1562	1	2	-0.9711	1	0	3.7756	2	1	-1.3595	-1.8625	-5.6909	2.0222	1	0.0737	0	2.2031	2.0347	1	-1.7322	4.2918	0	2.3629	3	2	0.5656	2	2	2.1813	3	8.2791	-4.8296	-3.1711	-0.1985	1	2.6083	3	1	0.6483	2	-1.2964	3
0	0	1	3	-0.5732	-1.9482	-1.8159	0	1.5990	1	3	-1.2204	2	0	-0.2631	1	3	0.1243	0.1517	-1.2056	1.0164	3	0.7650	1	3.1185	1.2448	0	-3.4970	1.2370	0	0.7691	0	1	0.4905	0	0	3.7727	0	3.4540	-2.0938	0.6971	2.2972	0	2.8539	0	2	3.4347	3	-3.1523	2
2	0	3	3	-0.8399	-0.3266	0.1354	0	1.2503	2	2	1.6540	1	3	1.5102	1	3	0.7825	-0.4718	-5.4511	1.2511	3	0.0384	1	-0.3885	2.4473	3	-0.9437	-0.9044	1	-1.8190	0	3	0.4087	0	3	0.5683	3	8.8335	0.4172	-0.5140	1.6202	1	-0.6240	3	1	-0.4154	3	-3.0691	3
0	0	0	3	-1.0019	1.2976	0.9699	2	-0.9094	3	2	-0.7155	1	1	0.2333	0	2	-0.5542	1.3826	1.0660	1.0520	1	-3.7964	3	-0.2362	2.1842	0	-0.0424	0.7329	0	0.9358	0	3	0.3209	2	1	0.3576	3	-0.8529	-0.4616	-2.0624	-1.5634	2	2.6078	3	0	-0.0330	0	-0.6308	3
0	1	3	3	-1.6107	0.9248	-0.5150	0	-0.7872	3	3	2.1391	0	2	-0.1889	0	2	2.6428	-4.3667	-6.9234	-0.0032	3	2.0687	1	1.1202	-0.8512	2	0.0303	0.5956	0	1.7568	0	0	0.1568	0	2	-2.1720	0	10.6772	0.8319	0.1177	-2.4467	3	-2.3894	0	1	0.7369	3	-2.2985	3
1	3	1	2	0.3958	-0.1483	-1.3444	1	1.5008	0	1	0.8436	3	0	1.0968	2	1	0.7394	-0.8324	1.2454	-1.4492	0	1.7590	3	-0.4899	-0.2701	2	-1.8193	-2.1471	1	0.1605	0	0	0.6677	1	0	-1.3946	3	-1.9602	0.5466	1.0411	0.9406	3	-0.7401	1	1	0.1173	2	0.5680	3
2	0	3	3	1.4039	-0.3728	-1.7958	3	1.3796	1	0	-1.8527	2	3	1.5730	1	2	-0.8916	0.6842	-1.5832	0.1164	3	-0.3719	2	-0.8719	-4.1060	0	1.6441	-1.5367	3	1.2798	2	3	1.1732	0	2	-1.0702	2	2.3933	-0.1663	2.2947	-4.6845	0	2.2489	2	2	2.1945	3	0.0180	0
1	2	3	0	1.2670	-1.0756	-1.3579	2	0.5233	1	2	-0.4025	2	0	0.9282	1	3	-0.3037	1.6816	0.5787	-1.4930	0	1.2927	3	1.2419	-1.9581	2	2.1280	1.1836	3	-2.2522	1	1	-0.5957	3	3	-0.9421	1	0.2653	2.1488	-0.9033	5.8528	2	0.0929	1	2	-0.7989	2	3.1265	3
0	2	0	1	1.2113	0.7687	-0.8160	0	0.6285	1	1	-0.9076	3	0	1.5184	0	2	0.4497	-1.8632	2.5441	1.0253	1	0.1404	1	1.4823	-4.8960	1	-1.5821	1.1417	0	-0.1663	2	0	-0.4398	1	3	1.2317	0	-4.0055	0.1187	-0.8704	0.2340	3	0.7343	2	1	-3.1290	2	-0.1823	2
2	3	3	2	-1.4471	0.3634	-1.2445	0	1.0786	1	0	0.5536	3	1	-2.0054	3	0	0.9890	-2.6059	-4.3848	-1.8825	0	0.0886	3	-0.0949	-0.0888	0	0.6745	-2.5313	1	-1.0599	2	0	-2.4489	1	1	0.1357	2	5.5182	-3.3306	2.4674	-3.5794	0	-0.4536	0	1	0.3368	3	3.7288	3
0	2	0	0	-1.5980	-1.6346	0.4747	0	1.3010	2	1	0.3095	1	3	-2.6214	1	2	2.7109	0.5054	2.7863	3.0086	3	-0.4758	3	-0.2159	1.1376	3	-0.7749	-1.5186	1	0.6125	2	0	-0.6052	1	0	0.5689	3	-2.4268	-3.1928	2.2290	-0.2534	2	-0.1889	3	0	-0.9718	3	-5.3823	1
2	0	1	2	2.0106	0.1557	-2.0497	1	0.8031	1	0	0.7130	0	3	-0.8397	2	0	0.3159	1.0340	-0.0031	0.5087	3	1.6427	2	1.5041	-3.1622	3	1.8666	-0.1618	0	-2.0593	3	0	0.0459	0	1	0.4594	2	1.7962	4.0830	-1.3509	1.1668	0	-2.9451	0	0	2.5005	0	-0.3070	3
2	3	3	0	-3.3128	-0.5542	-1.0809	2	0.8655	0	2	-0.6442	1	1	0.1256	3	1	1.0025	1.3730	3.3027	4.9004	3	2.0832	1	-3.0577	-0.2778	0	-2.2892	-2.1526	1	0.8283	2	0	-1.1764	1	2	0.8606	0	-3.4815	-2.9253	1.2918	-2.5745	2	0.6495	2	2	0.4981	3	-7.8081	2
1	1	3	1	4.4592	-0.0890	-0.7284	3	0.5885	0	3	1.2639	0	1	0.8524	0	0	-0.6140	-4.6488	-5.4941	0.1231	2	-0.2245	0	1.2756	-1.3049	0	-1.9881	-0.1063	1	0.3072	0	2	1.1881	0	1	-2.0019	3	7.2060	-0.0471	-0.7362	0.5830	0	-1.4810	3	3	0.1357	3	-0.8634	0
3	3	1	2	-1.1148	0.2252	0.7873	0	-2.7168	2	2	-0.2734	2	3	-1.8806	2	3	-0.9814	-0.6988	-3.2797	-2.7237	0	0.2263	2	1.4044	-1.7140	2	1.8535	5.6946	3	0.6043	2	3	-1.5985	0	0	-1.6076	1	4.6117	-1.2653	-4.6985	5.1531	1	-2.2619	0	3	0.2621	0	5.0245	3
1	3	1	2	-1.2237	0.0238	-1.7661	2	-0.3379	1	0	-2.4271	0	2	0.4828	3	2	-1.0339	5.8294	2.7503	1.6641	1	-0.2848	0	-2.1591	0.3983	1	0.3217	-1.2186	2	0.8509	0	3	-0.2120	0	1	-2.9647	1	-5.9838	0.2489	1.1118	-3.2814	3	4.9156	2	2	1.0097	2	-1.9107	2
0	1	1	1	0.1559	-0.5349	-1.1179	2	0.9359	1	1	0.5458	0	2	1.1857	1	1	1.2785	1.8831	4.4425	-1.7497	3	2.8409	1	0.7150	1.8324	1	-0.4838	0.9399	2	2.2718	3	0	1.0151	0	2	2.9558	3	-7.6438	-0.6355	-2.5018	-2.5227	3	0.2037	1	2	0.3363	0	2.4109	3
3	2	0	3	2.1363	-0.2447	2.8799	0	1.3042	2	0	-0.7439	2	2	-2.5915	1	0	-0.0322	1.0382	2.5336	-1.6302	1	-1.8023	1	0.7872	-0.2544	1	-1.9610	-0.3325	1	-0.6883	0	1	0.5237	1	0	-0.7571	0	-4.2414	0.3772	-0.0772	2.5647	0	1.3537	0	1	-4.1523	1	-2.5550	1
0	0	3	2	-2.2932	-1.9141	1.0533	1	2.5476	3	1	-0.9462	2	3	1.0010	3	2	-2.5750	7.0872	7.7116	0.7502	0	2.2053	2	0.6203	2.3875	3	-1.9729	0.6121	2	0.5932	3	1	-0.2111	3	3	2.2752	3	-10.0299	-3.4651	-1.1013	-1.7645	2	2.9461	2	2	0.9466	2	-0.9166	1
1	1	3	1	0.5778	-2.1166	-1.1332	3	1.7710	0	2	-0.1786	3	2	0.5355	2	3	1.1832	-2.2510	-0.7213	0.1838	0	-1.8628	1	1.0469	-0.3236	0	-3.5588	1.0584	0	-0.5494	3	0	0.9763	3	3	2.3236	0	-0.1518	-3.2469	-0.8445	-1.8249	0	-1.2891	1	1	1.2559	2	-1.1209	0
2	2	2	3	1.2688	-1.5378	-1.2404	1	0.0446	1	3	-0.7522	1	0	-0.5691	2	0	1.0794	4.2265	5.2792	1.6692	2	1.6801	3	-2.3592	-0.8679	3	1.2847	-2.6581	1	-4.0137	3	0	0.6927	3	0	-1.5755	2	-6.7246	1.3885	0.0228	3.4691	0	-0.4197	3	0	2.7637	0	-2.1848	2
1	0	1	2	2.6700	1.6873	-2.4515	0	-1.1528	0	1	-1.6523	2	2	1.9236	3	2	1.2266	6.1488	7.3738	2.1445	0	1.1394	1	1.0109	-1.3670	2	2.0790	0.7797	0	-0.8704	0	2	0.0176	2	0	-0.0273	2	-9.3272	0.3225	-1.0992	4.3449	0	0.9396	3	2	2.0909	0	-4.8978	2
1	3	2	3	-5.5578	0.5419	0.2519	0	0.6371	3	1	-0.6096	0	1	-0.3415	1	0	0.8208	2.3260	5.9698	-1.3676	0	2.3286	3	1.0100	-1.0681	0	-1.9549	-0.1574	2	-0.0514	2	2	1.2032	1	2	2.5379	0	-6.7817	-1.9491	-0.6645	1.5155	2	0.7893	0	0	-0.5206	2	1.7827	0
1	3	0	3	1.9943	-0.1684	-2.6275	3	-1.3273	1	1	-0.6410	1	3	-1.3369	3	1	-1.5563	1.3113	3.5495	-1.8822	0	0.7537	2	0.2044	2.1098	3	0.6175	2.0972	2	-2.4880	2	1	-2.0616	1	0	-0.7448	3	-4.0208	-1.3697	-0.5247	2.4291	0	1.5767	0	0	2.6312	1	2.9247	3
0	0	1	1	0.5692	-0.2601	-1.7949	0	1.3725	1	3	1.5182	1	2	0.2468	1	0	2.3272	-1.4756	-1.4354	3.6801	1	0.9158	1	4.8542	-0.6208	1	-3.4020	3.4042	3	0.1196	3	0	0.6046	3	1	4.5404	0	0.7302	5.7797	-2.1623	4.2142	1	-2.5461	3	1	0.7120	2	-2.7578	1
0	2	2	0	1.8329	-1.4610	1.6538	1	0.4786	3	3	0.6284	1	2	-1.0975	2	2	-0.0179	-0.0276	0.6489	-0.4864	0	-0.9966	1	0.3388	-1.1693	1	-0.3178	-0.9885	1	-0.7647	0	2	0.1310	0	0	2.4656	0	-0.0706	0.2263	0.2647	0.1620	0	0.2293	0	2	-2.4163	1	1.6330	1
2	1	2	2	0.5181	-0.2073	-0.6217	0	-1.5086	0	3	-0.3571	1	2	-0.3350	0	1	-0.0087	1.1927	-0.7957	-1.2882	3	-0.8662	0	-1.8834	0.1296	2	0.1750	-1.3060	2	-1.4509	0	3	-1.0184	1	3	-0.4644	2	1.3175	1.9569	0.9809	-0.2349	0	0.8256	1	0	-1.7034	3	6.5397	1
2	2	1	0	3.2891	0.9006	0.5500	2	2.4875	2	1	-0.8479	3	0	-2.7443	2	2	0.7266	3.9686	5.1641	0.4361	3	0.5180	1	-0.6747	1.1625	3	-1.8754	-2.3655	1	-2.9882	3	0	0.7785	3	2	1.6705	3	-5.7059	-2.7715	-0.2558	1.4510	0	0.0310	3	2	-1.6379	3	0.4754	0
3	0	0	1	2.5013	-0.1550	0.5607	2	1.8639	2	3	-0.6824	1	3	-0.4908	2	0	-0.7435	-0.2032	0.4738	2.7815	3	0.8993	2	0.8572	-1.6299	3	-0.1324	0.3051	2	-2.6382	0	3	-0.3921	0	0	0.1219	0	-0.4302	1.6421	-0.7611	2.2557	0	3.1966	3	1	-1.3475	3	-1.0740	2
1	0	1	3	-1.1046	-0.4867	0.4680	1	-1.2829	1	1	0.3744	1	2	0.1369	1	3	-0.2241	-2.5186	-1.2471	0.2432	3	0.2716	1	-2.2330	-0.0829	1	1.1416	-2.7534	1	1.3081	1	0	-0.0129	0	1	0.3202	1	1.5950	2.0901	-0.1817	-4.4869	3	-1.1304	3	3	0.1656	3	-0.9650	0
2	3	1	2	0.9357	0.2189	0.9032	3	2.0157	2	0	0.8503	0	0	0.2562	2	0	-0.1139	-1.5834	-0.9899	-3.1945	2	1.1760	3	0.1651	0.4482	2	0.0539	-1.3977	1	0.1752	0	0	-0.5518	0	2	-1.3442	2	2.0073	0.4354	-1.2102	-3.8631	0	-1.8881	1	3	-3.2034	0	4.2605	3
2	2	0	0	-1.4789	-0.1934	-2.2703	1	1.0842	0	0	-0.5320	0	1	-1.9374	0	2	0.3210	0.2947	0.0671	-3.2876	2	0.7310	3	-2.6337	1.1717	0	-2.3969	-3.4026	1	-0.8371	2	0	0.2534	1	1	-1.2397	3	-1.4293	1.1112	2.6206	-2.3135	3	-0.7617	0	2	2.6878	1	8.7552	3
2	3	3	2	0.4253	-2.2210	0.8823	1	-0.9934	2	2	1.1058	3	0	0.1051	0	2	0.3659	-1.9648	-3.7763	2.3008	0	0.0841	0	1.6963	0.1875	2	2.4051	1.9354	2	-1.8893	1	0	0.0559	2	3	-0.3610	2	6.6401	-0.2319	-2.6355	5.2446	3	-3.0375	3	3	-2.1280	0	-4.6119	2
2	2	3	0	-2.0825	0.7460	-1.9516	0	1.5880	0	0	-0.6372	0	0	0.6139	0	1	1.9041	-0.5853	-0.2993	-0.9710	2	1.0007	3	0.6770	1.8542	2	-3.0522	-1.0767	0	0.8422	2	0	-1.4755	0	2	-0.5670	3	-0.1899	-3.2398	0.2463	-5.1429	3	1.4689	1	2	4.3229	2	1.1359	3
2	3	0	2	0.9908	-1.3847	-1.5220	2	1.3730	0	2	-0.9610	3	1	-3.2771	2	2	-0.0204	0.6004	-2.6402	0.8516	0	1.3527	0	3.1255	-4.0416	0	-4.4334	5.2450	0	-0.2083	3	1	-2.0583	0	3	-1.8847	0	3.1174	0.2673	0.4543	5.1935	0	-0.3295	3	2	0.1279	2	-5.1074	2
3	0	1	2	-0.8972	0.1195	-0.8879	2	1.7809	3	0	0.3417	0	1	1.3822	3	0	-1.6309	0.8162	-1.0133	0.3268	1	0.0253	1	2.8570	0.7463	2	-2.7455	-0.1352	1	1.6114	3	2	-1.1010	0	0	-2.0510	0	2.8132	-1.3483	-0.2174	-7.7630	3	-1.6761	0	2	-0.3517	2	-4.1130	3
2	2	2	3	2.4523	-0.7879	-0.8563	1	0.4078	0	0	-0.8377	1	1	1.7385	2	0	0.4316	2.7587	2.6481	1.6180	1	2.2570	1	-3.2226	3.2599	0	0.4532	-6.4865	1	-0.0905	0	1	-0.6164	0	2	-0.8413	3	-4.6754	-2.0540	3.5249	-2.2111	0	0.4228	2	2	3.1269	3	-3.4788	2
3	2	2	1	1.5083	-0.9095	-0.4329	0	1.9950	1	3	1.4404	2	0	0.9688	3	2	-1.2320	-1.5381	-2.6377	-2.6698	1	1.7264	0	0.8120	2.9116	2	-2.2677	-1.2561	1	-1.1600	2	3	-0.4385	1	3	0.1895	0	2.0717	0.7660	2.4270	1.8664	2	-1.0468	1	1	0.5708	0	7.0587	0
0	0	3	3	-1.9910	-0.9591	3.1466	1	-2.4080	2	3	-0.9441	3	1	0.4994	3	1	0.0903	1.2190	2.3579	-0.6192	3	2.2155	1	1.1182	-1.9088	0	1.9858	4.2664	3	3.0464	2	1	-0.3785	1	2	-0.4870	1	-1.2467	-1.0109	-2.5777	-2.4598	2	0.8889	0	2	-1.9543	0	-2.3447	1
1	1	1	1	-0.8258	-0.3184	1.2096	1	1.8040	3	1	-1.1895	3	3	-1.5333	0	3	-0.7871	1.3041	3.0194	0.9577	0	-3.6208	1	0.1277	-1.1743	3	1.1485	-1.5073	1	-1.0588	3	0	0.0508	3	2	-1.5656	1	-3.3573	3.8616	-0.1879	1.4617	0	-0.0140	3	0	-2.4159	2	-2.2068	0
1	2	2	3	-2.0865	-0.4717	-0.7236	1	0.1602	0	1	-0.5493	1	3	-0.5868	3	0	-1.8953	0.3139	1.5511	-2.7766	1	-1.7842	2	1.9282	0.2367	3	-2.3265	1.4499	0	-1.5843	1	3	0.5110	2	2	-0.3891	0	0.2025	0.2471	-1.3205	2.2869	3	4.3579	0	3	1.5467	0	5.5243	2
2	0	3	3	-0.5839	-0.9435	0.3247	3	-0.1041	2	3	0.3528	3	1	-2.6308	0	1	2.2674	-1.3478	-1.4798	-2.4356	3	3.6501	1	-0.2905	-0.3398	2	-3.3848	-1.1859	2	1.9053	0	0	0.1582	0	2	1.4205	0	1.6232	1.3879	1.6748	-4.7359	1	-1.0054	0	1	-1.6684	3	3.8563	2
0	0	2	3	-3.9852	-1.2695	-2.5450	0	2.0769	0	2	-0.4448	1	0	1.7218	0	1	-1.1828	1.5006	1.4097	-1.6140	3	0.8350	3	2.9787	0.4208	2	-3.1508	-1.2585	3	0.4608	0	1	-0.5829	0	0	-1.1870	0	-1.7951	0.9161	3.3369	-2.4950	2	2.0147	0	0	-0.1287	3	3.0022	2
1	3	2	2	-1.2985	-0.2649	-3.2703	2	-2.9945	1	0	-1.8835	2	3	-0.1640	3	3	0.6398	2.2579	0.2172	1.1591	0	-3.2977	3	-1.2486	1.4164	2	2.6108	2.5829	0	2.8724	1	0	-3.4799	3	3	-1.9789	2	0.1101	1.0980	-1.5435	-3.4354	2	-0.4634	3	2	3.2688	1	2.4709	2
2	2	3	3	-1.6021	0.3556	-0.8280	3	2.3989	1	1	0.4906	0	0	-0.3780	0	3	1.1936	-2.3432	-2.5532	-3.6169	1	3.2550	3	1.4896	-3.9440	3	-2.1996	1.1447	1	-0.7564	2	2	-0.4561	0	0	-1.2839	0	1.4848	-0.4012	-3.0302	-0.1971	2	-0.3676	0	1	3.6941	0	6.1711	3
0	2	3	1	2.5875	-0.6429	-1.9248	2	1.8396	0	2	1.1426	3	3	0.5132	3	2	0.0270	-0.2139	0.1712	0.8217	1	-0.7591	1	0.1144	1.4044	3	-2.8196	-1.7880	2	0.4086	1	3	-0.6513	2	1	1.9892	0	0.5852	0.6724	1.3077	-3.0622	0	-0.6078	3	0	3.3201	2	-1.8650	3
0	1	0	1	-0.7437	0.8581	0.0680	1	-1.4720	2	1	-0.1940	2	2	-0.7342	0	2	-0.2157	-1.3520	1.6081	0.6022	0	1.3537	3	1.3014	2.5881	1	-0.1004	3.2679	0	0.0171	3	3	-0.8388	1	2	3.2036	3	-0.9229	-4.1562	-0.8342	3.2576	2	1.1819	3	3	-0.9121	0	-3.4630	1
1	1	0	1	1.4571	-0.6370	-0.0574	2	-0.0784	2	0	1.2682	3	2	0.4042	1	1	0.9337	-1.2113	-2.2615	-1.6467	2	-0.5525	0	1.6561	0.2370	1	1.1693	2.0894	0	3.1839	2	0	-2.0799	1	3	0.9840	0	4.2534	1.5403	1.2171	-2.8334	3	-1.8185	0	3	0.1840	0	2.3395	1
1	1	2	1	-0.4505	0.8857	-0.1255	3	-0.4985	3	3	0.8200	1	0	0.7030	1	3	0.4317	-0.1534	1.2130	0.2736	0	2.1920	0	-1.4081	-1.1370	2	1.2598	0.7207	2	0.6976	2	1	0.1860	0	2	0.4850	2	-2.9776	-1.9010	1.2961	-1.3137	2	-0.5805	3	3	-2.4641	1	0.0319	3


