
X1	X2	X3	X4	X5	X6	X7	X8	X9	X10	X11	X12	X13	X14	X15	X16	X17	X18	X19	X20	X21	X22	X23	X24	X25	X26	X27	X28	X29	X30	X31	X32	X33	X34	X35	X36	X37	X38	X39	X40	X41	X42	X43	X44	X45	X46	X47	X48	X49	X50
-0.5290	-1.7245	3	0	1.2008	3	1	0	1.5998	0	1.7830	2	-2.2276	3	1.1445	-1.5169	-3.7739	2	3	0.5541	-2.0278	5.5368	0.5862	1.7510	1	1	1	-1.9301	0	0	1	8.3184	1.2609	0.0497	0	3.7201	0	0	0.2805	2	2	-6.5477	1.0737	0	-0.6829	1	0	1	2.7539	-1.7597
1.8855	0.8377	1	2	0.3906	2	2	0	1.7510	3	-1.9422	0	3.7532	0	0.5259	-0.8088	-1.3677	3	3	0.9331	-0.0880	-0.5811	-1.8406	0.9672	0	2	2	-0.1373	0	3	3	-1.3153	-5.0499	1.3201	0	0.4604	3	2	2.8259	1	0	-0.3423	-1.2491	2	0.8568	1	0	3	-0.4462	-0.7869
0.3419	-0.6158	3	0	-0.4903	0	2	0	-0.4003	2	1.7801	1	-1.1999	2	-1.3235	0.8250	-1.8997	0	0	1.1018	1.3309	2.5271	-1.0167	1.6831	0	3	3	1.1701	3	2	1	4.1999	-0.5604	-1.4352	3	0.6361	3	1	-1.1060	1	3	-2.1390	0.2890	2	-4.3513	2	0	1	0.4945	-0.7916
-1.8766	0.2310	3	0	-1.4806	0	1	1	1.3546	1	-0.5022	0	-0.6253	0	3.3126	-0.1166	3.2815	1	1	0.7319	-1.0939	-1.2843	0.3764	-2.0465	3	2	3	0.9497	1	1	3	-0.9053	4.0573	0.2470	0	-0.9596	2	3	-1.1378	1	2	0.4179	-0.8793	1	0.3139	0	2	1	-5.7821	-1.7076
-1.3554	-1.3011	2	1	2.9621	2	3	0	-0.7497	0	1.8413	0	-2.8765	1	-0.7520	2.3478	-0.5349	1	0	0.1601	-2.6913	-0.4163	0.0040	1.9666	1	1	0	3.8500	1	1	1	0.1503	1.8311	0.1062	3	7.4259	1	3	0.6353	1	0	-0.7052	2.2459	0	-1.2268	2	1	1	-4.3017	1.2670
0.5902	4.7905	0	1	1.4623	3	3	1	-0.3973	3	1.8015	1	-3.5383	2	-2.3094	2.0413	-0.0342	3	2	-3.0384	-4.8111	0.1271	0.2483	-3.6346	1	0	0	-3.2288	3	0	1	-2.2533	4.4237	-0.9490	2	-1.4250	2	1	-1.2247	2	0	1.3511	-1.5783	0	-6.6730	3	3	1	2.7288	4.8166
0.2357	-0.0278	2	0	0.1463	0	1	3	-3.4594	0	-0.6397	3	2.5814	2	-4.9387	-0.1816	-0.2776	3	3	1.6729	-0.2387	-0.0137	-0.7886	1.6589	1	1	1	0.1104	3	2	0	-1.3284	-1.5011	1.5329	0	0.2353	3	0	1.8004	1	3	6.7514	-1.6795	2	2.8438	3	0	3	1.6471	-2.3665
0.5718	1.6202	2	2	-0.4595	0	2	1	-1.1052	1	-1.7424	0	5.8763	3	-2.2379	-2.4758	-0.2211	2	1	-0.2820	-0.9538	-0.0305	-1.7826	-0.0918	1	0	0	1.2377	3	1	3	-3.0154	1.4692	3.4543	3	-0.5491	2	2	0.4891	1	3	1.2661	-0.7077	0	-2.8953	3	1	1	-0.6906	0.9959
1.6400	2.2329	1	3	1.3405	3	1	1	0.7787	3	0.1624	0	-1.1816	0	-0.3335	0.8564	0.4028	3	0	-1.8195	-2.9512	1.2069	2.2486	-1.5359	1	0	1	-2.2351	3	3	2	-1.1962	1.3733	-1.5790	1	-0.8261	1	0	0.4011	0	0	-1.9301	5.1020	0	3.9849	3	1	1	0.6420	1.0990
0.2408	-1.1504	1	3	0.8221	0	2	2	2.6685	3	3.6253	1	-2.2246	3	4.5270	1.7691	1.9350	0	3	1.9684	-0.3245	-2.0300	1.1944	-0.8394	2	2	1	-0.7289	0	1	1	-5.9334	-0.0371	1.3827	2	2.6068	3	3	-5.3901	2	2	-2.4533	-3.3260	3	-7.2857	0	2	1	-3.6942	-2.6834
-0.1369	-2.9973	1	2	0.2307	0	3	1	2.1601	1	-2.9511	1	3.6700	2	4.9154	2.3617	-0.1371	3	2	2.0434	-1.9624	-3.1172	-0.1409	-0.2873	0	2	1	0.5864	1	0	2	-2.0099	0.9011	0.4273	0	3.9996	0	2	4.5843	1	2	-0.9994	0.2377	2	6.0053	2	2	1	-2.9164	-5.3495
1.0205	-5.5039	3	1	0.7952	3	1	0	-0.3763	0	2.2476	1	-0.4964	2	-2.1413	-1.1173	-3.0504	1	1	-0.2029	-1.4966	1.8334	-0.1864	0.2384	1	2	0	4.5294	1	2	0	1.8118	-1.0326	0.4144	3	2.2352	1	1	-1.3912	0	2	-2.8428	-2.1654	3	-4.6119	1	2	1	2.5701	1.2835
-0.4338	2.7260	0	3	-0.1180	0	3	2	-0.9013	1	-1.5160	1	3.4085	0	-1.1798	-0.0768	2.8947	2	0	0.2662	0.2892	-2.4083	-0.0627	1.1753	3	1	2	0.1942	3	1	2	-4.5372	2.5614	-1.3791	3	3.7071	2	1	0.7844	3	0	3.4007	0.9952	1	1.1007	0	0	1	-4.3996	-0.0719
0.9124	0.4605	2	3	-0.0739	2	0	3	0.0651	0	0.8892	2	-1.9094	0	1.0814	2.4161	1.3093	0	1	-0.0962	2.3705	-1.7362	-2.4969	-1.6916	0	0	3	2.5176	1	3	1	-1.6235	-0.7081	2.0217	3	-5.0984	1	0	0.0444	2	2	2.4596	0.0716	3	-2.8033	0	1	0	-2.0053	-0.4195
0.2590	-3.2826	3	1	0.2665	0	0	1	-0.2653	0	1.6072	2	-3.7601	2	0.3195	0.5504	-3.2021	3	1	-0.3092	-1.9013	0.8405	-2.3104	0.9693	1	3	0	-0.2234	0	0	0	2.2239	0.0167	-0.3178	2	5.3164	0	2	0.2263	2	2	-1.3095	-1.9519	0	-0.5235	3	1	1	-2.8342	0.4465
-1.7574	0.5577	2	1	-0.5381	0	0	0	2.4943	0	3.8984	3	-4.3880	2	2.5807	-1.4173	-2.1417	1	3	0.7405	-3.0946	3.1099	-0.0813	1.5823	0	0	0	1.2824	1	2	1	2.4746	3.7717	3.4577	2	7.8905	1	2	-4.8151	1	2	-6.3520	-3.9432	3	-7.3739	1	2	1	2.7236	1.4097
1.0822	0.9083	2	2	0.5570	1	2	3	0.2515	1	-0.4167	2	1.1342	3	2.6552	2.2144	0.9818	0	1	-1.5062	-1.4469	1.8810	-0.7430	-1.2295	0	0	0	0.7182	1	3	2	0.5097	-1.1573	-0.8412	0	2.3966	1	3	0.5036	0	1	-1.7669	1.8712	0	-2.9524	0	2	1	-2.3250	2.4647
-2.3255	1.9583	1	0	-0.1608	3	2	1	-3.4279	0	-1.8286	0	-0.0364	0	-3.1842	0.7519	-1.2124	1	2	-0.9045	0.1692	1.8584	-0.0119	1.7613	2	1	1	1.9222	3	2	0	1.9979	-1.5383	-0.3183	0	1.6731	3	2	2.0671	0	3	2.1275	0.1514	0	1.3423	3	1	2	1.4073	2.7563
-0.6776	0.6492	3	2	1.0830	3	1	3	-1.0649	0	-1.9475	0	2.4057	2	-0.7784	-0.7145	1.4059	1	1	0.3251	-1.9494	-2.6505	-1.1830	-0.2500	1	1	0	1.6778	3	3	2	-2.0223	0.3934	1.9665	2	0.5362	1	2	0.9535	1	3	2.0213	-3.5364	1	2.5734	0	2	1	-2.4703	1.9787
-0.6754	-1.2011	3	3	0.1305	0	0	1	2.3464	2	4.0457	1	-3.8058	1	3.3095	0.3151	2.4007	0	1	0.2370	-0.9221	-3.4955	0.4047	0.6875	1	2	0	1.6679	1	3	1	-4.4785	-0.2546	3.4814	0	4.8222	1	0	-0.3704	2	2	-0.5725	0.3126	3	-0.2626	0	2	1	-4.6427	-0.2845
-1.8445	-0.5645	3	0	0.2509	1	3	1	-1.9314	1	-0.4244	0	-0.9802	1	-1.5420	-0.0705	-0.0347	3	2	-0.9261	-3.0420	-0.7838	1.1005	-1.9211	2	3	0	-3.1629	3	1	1	-2.2848	5.6331	-0.1591	3	0.5476	1	3	3.5887	0	2	1.8413	-1.1586	0	2.3048	2	2	1	0.2721	1.7904
0.3596	0.2132	0	3	-1.1765	1	2	2	0.7047	3	-2.1182	2	1.2798	3	0.7399	-0.2601	0.4363	2	0	-1.1635	-3.1254	0.7437	0.3443	4.2626	0	0	1	2.1835	1	3	0	1.9828	3.2635	0.4249	3	9.2350	1	3	2.7262	0	1	-0.7164	-0.2756	1	3.8318	0	0	1	-1.0118	1.2210
-0.8612	-2.8770	3	2	-1.1985	3	0	0	-2.8228	2	-1.1921	0	2.2972	0	-1.2734	-0.8414	0.0002	0	0	-0.3092	-1.1273	-7.0303	-0.1435	-2.8908	3	2	0	2.7261	3	3	3	-12.7326	1.1507	0.1014	0	-5.0422	0	2	0.9525	1	2	7.5086	-2.9953	3	2.5588	3	3	1	0.1128	-1.5596
0.1103	-3.4757	3	3	-0.9759	0	1	0	-0.1642	1	0.1468	3	-0.2881	0	1.7168	0.6485	1.6475	1	3	3.6413	-2.2384	1.1742	-0.8825	-1.4484	3	3	1	1.9624	1	1	2	-0.2888	0.3693	-2.0311	2	-1.1498	2	1	-1.7147	3	2	-0.3814	2.9219	3	1.4606	2	2	1	-1.8631	-6.2004
0.2511	-1.7429	3	1	0.8761	1	2	0	-0.0937	3	5.3702	2	-8.3314	3	-0.2638	-0.3123	-0.3706	2	3	-1.7346	0.1910	-1.6551	-0.6242	0.6636	1	3	2	-2.7468	2	0	1	-2.7407	0.7990	-1.9616	2	1.7720	3	1	-6.3520	1	3	2.3102	-4.1555	3	-9.4319	0	3	2	-2.0039	1.5906
-0.9235	-2.8952	3	1	1.2218	1	2	0	-1.5425	1	3.5182	1	-6.6223	1	0.5220	1.0568	-2.7381	2	2	-1.0126	0.2737	1.7588	0.7393	-0.1429	1	2	1	-2.4098	3	1	1	0.1917	-0.4972	1.0721	1	-2.2080	3	0	-3.7241	2	2	-0.4091	-0.5784	3	-3.8638	3	2	0	-2.6409	1.5476
-0.7811	-3.0976	3	2	-0.2772	0	3	0	-1.6601	1	-0.0750	0	-0.6025	0	-1.7104	1.3269	0.6678	1	1	1.9107	-1.8684	0.2684	1.5304	1.6395	1	1	1	0.3965	3	3	1	-1.0286	3.2277	-1.4579	0	5.3459	1	1	-0.9049	3	2	1.7638	-0.2417	2	-1.1024	2	1	1	0.1342	-2.5782
-0.8759	-2.8406	3	3	-1.7309	1	0	0	2.9595	2	1.5071	2	-1.6151	0	4.7370	-1.9538	0.3158	2	0	-1.0957	1.3411	2.4069	0.5693	-1.0993	3	2	2	2.0354	1	2	3	5.6886	-0.3461	-0.2615	3	-3.6129	3	0	1.0935	0	2	-5.6160	1.7879	3	4.5107	0	2	3	3.0018	4.2423
-1.7398	0.1502	2	1	-0.9894	0	2	3	1.1676	2	0.3430	1	-2.1958	3	0.2747	1.5575	0.6585	2	3	0.2160	-0.2093	-4.0943	-1.7154	1.2100	3	2	1	3.1326	1	3	1	-4.8811	0.2791	-1.6559	0	2.5710	1	0	-0.7416	3	3	1.4284	-1.5160	2	-5.7444	0	2	3	0.9323	-1.7055
-1.5013	1.2931	0	0	0.1289	0	2	2	0.5128	2	0.4082	2	-0.9770	3	-0.5722	-0.7247	-0.7854	1	3	0.7412	-0.2167	0.3646	1.6434	-3.5197	3	1	1	1.3324	1	0	2	-2.4209	-1.5628	1.9930	2	-4.0806	0	2	0.7414	1	3	-2.2855	-0.2947	1	1.2995	0	3	3	-0.8658	-0.3025
-2.1532	-1.1982	1	0	2.9709	1	0	1	-0.8503	0	0.3636	0	-0.2824	2	-0.4038	1.6802	-1.8611	1	1	0.8134	-0.2895	2.3468	-0.7819	0.4702	1	3	0	-2.2196	3	3	1	2.3229	1.8978	-4.3437	2	3.4585	1	1	-2.4912	1	3	-2.0676	-0.0047	1	-7.4645	1	1	0	-1.7576	-1.5061
-0.3464	-0.6568	3	1	1.5087	2	0	0	3.5824	0	2.6994	0	-2.2122	0	4.4093	-0.4265	0.3844	3	2	1.6655	-1.1152	0.1665	1.8548	-4.1570	1	0	1	-1.3296	1	3	1	3.3489	1.4610	-1.0717	0	-2.6958	2	1	-4.5521	2	1	-5.9066	1.1499	3	-6.3185	0	3	3	-3.8135	-5.5369
-0.4752	-4.1630	3	1	-1.8145	0	0	2	1.7047	3	2.5721	0	-2.2184	0	1.6210	1.1223	2.4204	2	3	0.7816	0.8424	-0.2951	1.4971	-3.9971	3	3	3	0.5737	1	1	2	-1.4786	-4.0856	-0.0085	1	-8.4370	2	2	-2.8041	1	2	-1.6906	1.1236	3	-2.3344	0	2	0	-3.0776	-1.3317
0.1366	-0.6835	3	0	-0.4415	1	2	0	1.6030	0	2.4477	0	-3.2295	1	3.3709	1.2742	-1.3148	2	1	1.6261	-1.4708	2.1925	1.1931	-1.0097	1	2	1	0.1475	1	0	1	4.8284	0.6592	-0.0844	0	1.1444	1	3	-2.6612	1	2	-4.4905	1.6799	3	-3.3354	1	3	1	2.7531	-3.1763
-0.7600	0.8323	2	3	-2.3415	0	2	3	-0.5778	1	0.4987	0	1.5294	0	-1.1606	2.0825	0.9962	2	0	2.8736	-2.3730	-2.1583	-0.5061	-0.2255	3	1	1	0.8812	3	0	3	-4.2837	3.0676	1.2832	3	-0.5004	2	3	-1.5911	0	3	3.5530	-1.0233	3	0.5182	1	0	1	3.3088	-4.8845
0.7485	0.1042	1	0	0.4262	0	2	1	2.3476	3	-0.8842	3	0.1829	1	2.4920	2.8707	1.3386	2	3	-1.0952	0.3994	0.2114	1.4412	-1.0718	0	2	1	-1.9560	1	2	2	-0.4598	-1.0305	1.9367	2	2.7436	3	2	2.9002	0	2	-1.6972	-1.6556	0	6.4353	0	3	0	1.6664	2.6880
0.8820	-0.4196	3	3	0.7324	1	0	2	-1.4918	3	-0.0942	0	0.3168	0	-1.6379	-0.9892	-0.3504	3	0	-1.4775	3.7174	0.4441	-0.3703	-0.0292	1	2	2	-1.6609	3	0	0	1.0595	-0.7604	0.0310	0	-3.4830	3	2	-0.1501	3	0	3.5560	2.7207	1	2.7911	3	0	0	-0.7992	-0.5361
-1.1558	0.1109	1	2	-2.2013	3	1	0	1.3365	2	-1.8833	0	1.7855	0	2.8990	-0.1929	0.3810	1	2	1.8814	0.7280	-0.6917	-1.7812	-2.0287	3	1	1	0.6222	0	0	2	-2.3622	-2.1194	0.8625	0	-4.2765	0	2	1.6706	3	2	0.6596	-3.1141	2	-0.7131	0	2	0	0.8652	-3.7263
-0.3927	-4.0818	3	2	-1.4698	0	1	3	-1.7194	1	0.1068	1	-1.3682	3	-3.8479	-0.7412	-1.4224	1	1	1.7108	1.3935	1.3638	-0.7476	1.1814	3	2	2	1.2826	0	0	1	4.0612	-1.7578	-1.6417	2	-5.0808	0	1	1.1287	0	2	2.9601	1.8746	2	-1.0674	3	0	0	0.7439	-4.4574
-0.2977	0.6334	0	1	-0.0904	3	2	3	0.6737	1	0.6557	1	-0.1491	0	-0.2240	-0.2625	0.7335	0	3	-0.3715	2.6141	0.5717	-0.1814	-0.8173	2	0	3	-1.1300	2	2	1	0.6241	0.2328	2.5624	2	-4.8785	3	2	1.3589	2	0	-0.4957	1.6405	3	-1.3854	0	3	0	-1.3114	2.3138
1.3762	-0.6158	2	3	1.9652	1	2	3	-2.6705	2	-0.8564	0	0.3610	2	-3.1002	-1.0023	1.5894	2	3	0.4784	-0.5689	-2.5251	-1.0563	0.9364	1	2	1	0.2021	3	3	0	-0.2674	2.6253	-1.6956	3	2.9354	1	1	-0.6711	1	3	6.7568	1.9605	1	-4.9293	0	1	1	-0.9722	-1.7919
2.2588	-0.2807	2	2	1.6108	2	2	3	-4.4175	0	-1.3745	3	1.6873	1	-5.6462	1.1856	0.3011	3	1	1.5506	3.7444	0.9762	-0.5167	-3.8052	1	3	2	0.9570	3	1	2	-0.8754	-4.0956	1.1159	1	-12.1394	0	2	0.3236	1	3	3.3256	-1.2226	3	2.6299	3	3	0	-3.3094	-1.1009
0.7645	0.9110	1	2	-0.6707	1	3	1	-2.8356	3	0.4246	0	0.0714	0	-3.1973	1.8412	0.4777	3	3	-0.2749	-2.1616	-2.9026	-1.3139	-0.5320	0	3	0	-1.0379	3	3	0	-5.1134	-1.8423	-2.2739	0	-0.0885	1	3	-2.3984	3	3	7.2600	0.7778	1	-5.5339	3	1	1	-2.6829	1.3365
-1.2889	1.5218	0	0	-0.2077	2	0	1	1.0075	1	-3.3551	0	0.7854	2	1.2627	-1.0058	-3.2198	1	2	-0.6610	-3.8432	1.9206	-0.8562	2.1664	1	0	1	-0.6064	1	1	3	5.5272	4.6684	-0.6112	1	8.1525	1	3	4.0886	1	0	-3.7301	1.2449	0	4.8176	3	0	1	-2.1768	2.8745
0.4845	-1.3083	3	0	-1.9448	1	0	0	1.0918	2	1.1970	0	-0.1855	3	1.0561	-2.1068	-2.0769	0	2	-4.5605	-0.7836	1.7595	-0.5886	-0.5344	3	2	1	-2.5291	0	2	3	1.8141	0.1329	-0.8088	3	-4.1127	1	1	-0.9347	2	2	-2.7524	-2.8411	0	0.5077	3	2	1	0.1865	7.8182
1.0552	-1.6727	2	1	-1.1411	1	2	1	-1.7646	0	0.2059	1	-0.9964	0	-2.5347	0.2010	4.2126	2	3	-0.7098	0.5015	-4.2793	0.7678	-1.8083	3	3	3	0.4758	2	2	1	-3.6919	1.2471	-1.2017	2	-2.1187	0	1	-2.6507	0	3	3.5394	1.3520	3	-4.4127	0	3	2	0.4927	2.6535
-0.1768	2.5320	0	2	-1.7901	3	2	2	-0.3103	0	-4.8232	2	5.0358	1	0.7546	-2.2025	0.8807	0	2	0.6815	0.7838	1.3324	-0.6368	-1.0885	3	1	3	-0.8050	0	0	2	1.3252	-1.4288	3.8125	2	-3.5667	0	0	5.5667	2	0	-2.1168	2.1705	1	7.6373	0	2	0	2.1863	-1.7579
-0.7486	-3.2307	1	2	-1.1860	2	1	1	-0.8298	2	-1.0760	1	2.8582	3	-3.2696	-0.0490	-0.2331	1	3	2.0407	-0.6913	-2.8520	-0.2649	-1.7949	3	2	1	-2.1266	3	1	3	-2.6329	0.8394	0.0641	3	-4.1484	2	2	-1.4344	0	3	3.2911	-3.9417	3	-3.9531	1	2	3	0.3357	-0.8251
1.5295	-1.2093	3	2	-0.0230	1	1	1	2.8653	3	-1.9834	3	3.8947	3	2.7849	-1.2774	0.8510	0	3	-1.4120	-3.1075	-3.6072	0.0716	-4.1049	3	3	0	-1.9430	1	0	2	-3.8287	0.2637	-1.7362	0	0.5662	1	1	2.2753	3	2	1.8223	1.3789	0	1.6044	0	3	2	-0.8216	1.6271
-0.4786	2.5532	2	3	1.0257	0	1	0	-0.1072	0	-0.8759	3	1.7780	1	-0.2917	1.5308	-0.8914	0	3	-0.3138	-0.1251	-0.5658	1.3053	2.7412	1	1	0	-0.5052	1	3	2	1.4287	0.4314	2.0274	2	7.9219	0	3	0.0613	1	0	2.4756	4.3620	2	2.7835	0	0	3	-2.2933	-0.3914
0.6528	1.1412	2	1	-1.5599	1	3	3	1.4250	3	-0.7218	2	2.7278	3	0.8700	1.7049	1.7060	3	2	-2.9493	2.2728	-3.8505	-0.6826	1.3347	0	1	2	-1.8999	2	1	3	-7.2892	-3.0324	2.8758	2	-1.5165	3	0	2.7889	2	0	1.0866	-1.7150	0	5.0254	3	0	0	-1.7119	4.1401
1.5176	-0.2122	1	2	0.8516	0	1	1	-0.6674	3	0.0238	0	-0.1190	1	-1.3083	-0.4746	1.0198	2	0	1.0719	-0.9775	-0.9414	-1.0398	0.4468	1	3	0	-0.1057	3	3	0	0.6908	-3.2549	-0.4858	3	-0.1631	1	2	1.2155	0	1	0.7375	-3.6808	0	-1.0485	2	1	1	3.4442	-1.4572
2.1350	-1.1279	0	2	-1.1110	1	0	2	0.3022	2	2.8415	3	-0.5883	1	-0.6403	-0.6637	0.8089	0	0	-0.9262	1.3249	-2.2013	-1.0261	1.1847	0	2	3	0.3760	1	3	3	-0.9084	-1.8915	-0.3868	3	-0.3313	0	2	-1.3658	2	2	5.0534	-1.6416	0	-0.7577	0	0	3	-2.2230	0.3986
0.3739	0.5468	0	1	-0.5649	1	1	1	-0.2184	1	-1.0830	1	0.0029	3	0.3255	0.6460	-2.0228	1	1	-0.0340	3.5385	4.2048	-1.0638	-3.5041	3	1	2	-0.5560	3	1	2	6.7963	-5.3511	-2.1814	0	-7.6752	0	2	0.5670	0	1	-3.9911	0.3024	0	0.7773	1	3	0	0.1980	-1.8258
-0.4496	0.9299	3	0	-0.8894	2	0	0	2.2328	0	2.5572	3	-3.7597	3	4.7891	-1.3121	-1.0286	1	0	1.7824	1.4540	-1.6716	-2.5720	3.4938	2	0	3	-0.1041	1	0	1	-0.2241	-0.9136	2.4006	3	4.2391	0	2	-6.4229	2	0	-2.4217	-0.0562	2	-12.9672	0	0	0	-2.0340	-3.3223
-2.7188	0.9675	0	3	-1.1037	2	1	0	-0.3692	2	-2.0949	0	3.7281	0	-0.4174	1.1500	-1.1116	1	0	0.5847	-2.1752	0.6192	0.5595	-0.3000	3	1	1	-0.1452	1	2	3	0.1906	2.0527	1.8015	3	-0.6048	2	0	3.1870	3	1	-0.9199	1.7245	0	3.6145	1	0	1	0.8110	2.1025
4.4057	-4.0888	3	3	-1.2284	1	2	0	1.1743	3	-0.2422	1	4.0535	1	-0.5594	1.7677	-3.7828	0	3	0.3212	-1.3084	4.3563	-1.2925	2.4721	3	3	0	-0.2382	2	3	2	8.3730	0.8842	-3.2812	2	0.6795	1	1	0.4055	1	2	-6.5950	1.3365	2	-1.7343	2	2	0	-0.1015	0.3194
-0.4684	-1.3411	1	0	-1.2120	1	1	1	-0.4430	2	0.0058	1	2.6003	3	-0.6251	0.5820	0.5595	1	2	-1.7867	-0.5431	-1.7366	-0.3992	2.2606	0	2	2	0.1840	0	0	3	-4.7333	2.8784	0.2318	1	2.2907	0	3	-0.2486	0	0	1.2277	5.0120	0	0.1741	3	0	1	3.0985	0.9687
-0.1166	1.0793	2	0	0.5155	0	1	2	0.3918	2	1.9065	2	-4.7181	1	2.0244	0.5456	0.3331	1	2	1.7597	-1.2659	0.3220	0.6623	-0.5411	0	3	1	2.1543	0	3	1	-1.9144	2.0929	-2.7647	0	3.7358	1	1	-2.9908	1	1	1.8128	-4.8824	3	-2.4348	2	3	1	1.8203	-2.7742
1.9137	-1.4101	2	2	-0.6693	0	3	3	-0.6669	3	-0.8409	1	1.0659	2	-0.3447	0.3393	-2.5253	3	2	0.0659	2.8848	2.5915	-1.6519	3.2136	3	3	3	2.8475	1	1	3	3.6133	-2.6405	-0.3924	3	0.9310	2	1	2.8447	2	3	-3.1222	-0.2660	0	1.8202	1	0	0	-1.6267	0.5074
2.2787	1.1289	2	0	-2.6215	0	1	1	-3.8965	3	-0.1434	3	0.5959	3	-4.3036	0.0937	-2.0412	0	1	1.1104	2.5821	4.6816	-1.2470	2.0436	0	0	3	1.1271	3	3	0	6.5859	-1.0782	-2.1184	2	-5.0435	3	2	-0.5187	2	3	0.8205	-3.0149	0	-6.9579	3	1	2	1.7376	-1.7154
0.2509	0.8904	1	3	2.3927	1	3	3	-2.3604	0	1.1476	1	-1.4692	1	-6.2004	-0.0078	3.3048	3	2	-0.8215	-1.0882	-2.4169	1.1838	0.6953	1	1	1	-0.3516	3	0	1	-1.9541	3.6661	0.7907	1	0.1940	2	3	-1.5374	2	3	2.5213	1.2969	1	-0.3686	3	2	1	-2.9858	0.3262
-0.2428	3.8952	0	0	-2.6281	2	2	2	4.1715	1	-2.6964	1	1.6288	2	6.3364	0.6209	0.0117	2	2	0.8712	-0.2298	1.4522	0.3487	-5.3024	3	0	0	0.4890	1	3	2	3.8388	-2.2179	-1.5446	1	-5.6212	3	1	1.7969	3	1	-6.2932	2.7154	3	3.5811	1	3	1	-2.3918	-2.1968
0.0917	2.5524	1	1	-1.4145	1	0	1	-0.6517	3	1.9606	1	-3.9426	0	-0.2059	-1.5772	-1.2124	2	1	-1.1283	-0.9528	1.1259	-0.7186	3.9820	3	1	0	-1.3910	2	3	1	2.9222	3.2953	2.5921	2	5.5916	1	3	-3.7116	3	0	-2.2428	2.0562	0	-5.7618	3	0	2	0.0471	2.8738
-1.8279	0.3436	1	0	0.4615	3	0	1	1.7280	2	-1.5110	1	0.8328	3	2.2512	1.1259	-2.4955	0	3	-2.5673	-0.4511	4.5052	-1.0152	1.8093	2	2	1	0.0179	1	0	1	6.4018	1.1934	0.4589	3	3.8321	0	2	4.0187	3	1	-4.8621	1.1274	0	4.9889	3	0	0	-0.5910	4.8732
0.0867	-1.7053	3	0	-0.0313	2	2	0	0.5714	1	0.0501	0	-0.8975	1	-0.3161	0.6460	-2.7914	2	0	1.3878	0.4727	1.5666	1.2861	2.4123	1	3	2	-1.7171	3	1	0	-0.7971	-4.1066	-1.3317	0	3.8509	2	1	0.9684	2	2	-0.5746	-2.3950	2	2.1347	1	0	3	-1.7458	-0.6298
-0.8504	-1.5766	2	2	0.6406	3	1	3	-0.1943	0	0.5018	3	-2.2293	2	1.7100	1.5473	0.5408	1	0	0.5271	0.3789	1.2143	0.5173	3.0393	1	2	2	-1.4080	2	2	1	2.0024	0.2169	0.4182	0	5.2000	1	2	0.3480	2	2	1.9951	0.5947	2	-0.4562	0	0	1	-2.5995	-0.1809
0.7316	1.4301	0	1	-0.4664	0	2	1	-0.9546	3	0.3068	0	-1.5685	3	-1.1948	1.3131	-0.2962	2	1	2.8325	1.7119	1.8280	0.9053	3.1166	2	0	3	1.0767	0	2	1	-1.0379	3.7439	1.0510	3	-2.1340	3	3	-0.5699	3	3	0.5569	-2.9995	2	0.6142	2	0	0	2.6813	-4.0738
1.9078	2.8354	0	3	1.6263	2	3	3	1.3408	2	-2.4678	0	1.1654	2	2.5607	-2.2885	0.5014	3	1	0.8527	2.7653	0.3682	-1.2022	2.3521	2	0	3	1.2890	2	2	0	1.0889	-2.2503	-0.2137	3	1.1091	3	2	1.5096	0	0	-0.9923	4.4541	1	-1.5731	2	1	0	3.3234	-0.6002
0.9538	0.2315	3	0	-1.0827	0	3	0	-1.9037	3	-1.3912	2	2.3606	0	-2.5367	-0.8776	0.6216	3	1	1.1820	1.8059	-1.7291	0.7913	-2.4112	3	3	3	-2.1897	3	3	2	-4.5797	-4.5226	-0.9260	1	-7.2547	0	2	1.6575	0	3	2.5550	1.0922	3	1.0143	3	1	3	2.5621	-4.5431
-0.4328	-1.4229	3	0	2.6266	2	0	3	1.4555	1	0.1241	2	-0.7602	0	2.3356	0.7168	0.3894	0	0	-0.2125	2.8741	3.8647	-1.4504	-1.8047	1	2	2	1.4375	1	1	0	3.5376	2.4997	2.6746	0	0.0549	0	0	-1.5785	2	2	-4.1544	-1.1339	3	-4.0138	1	2	0	3.3427	2.4094
-1.3068	0.1968	0	0	2.0738	0	2	2	1.0521	1	-0.4294	0	1.5864	2	0.8456	-1.3807	-3.2882	2	2	-1.0864	0.5671	-1.5844	0.2125	0.9624	1	1	3	0.4366	3	3	3	-1.4973	0.0872	2.1960	3	1.1825	3	2	-1.7222	0	3	0.4267	-2.4959	1	0.6650	0	0	0	-0.4028	2.6112
1.1486	-3.0183	3	0	-1.2773	3	3	0	-1.5313	1	-3.5551	2	6.2220	2	-2.6752	0.2641	-2.2143	2	0	-0.8735	-0.9699	0.2233	2.5069	-0.4714	3	3	1	1.1587	2	0	3	-1.9518	-0.9697	-1.6203	1	-1.2844	0	1	3.9843	1	2	1.9313	-1.8442	0	5.5740	3	0	2	1.0624	-0.9032
-0.7576	-0.3444	3	1	0.8838	1	2	1	-1.0462	0	4.1505	1	-2.7358	0	0.4901	0.2963	1.8877	2	1	-2.4858	-0.1375	-1.9210	-1.1745	0.4427	0	0	1	-0.5656	2	1	1	-0.2105	0.7056	1.4675	2	3.1831	2	2	-2.1182	3	0	4.3504	-1.8568	0	-4.5209	0	3	1	-3.4288	3.2313
1.2554	0.4483	2	2	-1.5182	3	3	3	-2.6115	3	-1.6416	0	1.7605	3	-4.7470	-0.7252	-0.8673	3	2	0.8680	-3.1542	1.2407	1.6148	-2.0567	2	2	0	-1.6364	2	3	2	1.3715	1.7534	1.7992	2	-2.5142	1	3	2.0733	3	3	-0.3290	1.6277	1	5.2955	3	2	1	-2.7831	-3.0467
1.5217	0.2082	0	1	0.9677	3	1	2	-0.2086	0	-0.0170	0	-0.6058	0	-0.8766	-0.7777	3.9518	0	2	-2.4820	1.5199	-1.0426	-1.6805	-0.4536	1	0	3	-0.6880	0	0	1	-0.7418	-1.2165	-0.0802	2	-1.4893	0	3	-1.9067	0	3	-1.1991	1.3654	1	-5.6042	0	3	1	-0.1385	1.0956
1.1410	-2.0156	3	2	-0.1994	2	3	0	-0.8945	2	2.6558	0	-3.0220	0	-2.0825	-0.1414	-1.8205	3	0	2.8244	-0.8826	1.0116	0.6916	-1.6479	2	3	0	-0.7866	3	2	1	3.1421	3.1953	-1.1354	2	-0.0271	1	1	-1.2052	3	3	1.1674	0.6828	3	-0.9510	1	2	1	1.1703	-3.9053
-0.7727	1.0215	0	2	1.3147	2	1	2	-0.8577	1	-2.8663	3	3.2536	0	-1.1543	-0.8871	1.4186	1	2	0.6019	0.5104	-1.6660	0.3162	-1.2371	1	1	2	0.7599	1	1	2	-1.6604	-1.7704	0.7889	1	-2.1439	2	2	1.3030	2	1	1.8411	-0.5861	1	1.9087	3	2	2	-2.2627	-0.3103
4.3644	-2.6288	3	0	-0.3339	0	2	2	1.7864	3	1.7147	0	0.0112	3	2.8851	1.9847	-2.0208	3	2	0.5097	2.1343	0.0132	-0.5470	0.8431	3	3	3	3.2786	1	2	1	-0.0572	-2.8470	0.9143	3	-1.1659	3	2	-1.5522	0	2	-1.9462	-0.6060	2	-1.1169	1	2	3	7.2521	0.1877
-0.4749	-0.2525	2	3	1.1031	2	1	3	1.1101	0	1.6858	0	-3.6272	0	0.4352	0.1446	-2.2092	1	2	1.2013	1.7927	1.8367	-0.3757	1.1334	3	3	2	-1.4757	2	0	1	0.6497	1.1619	-1.8388	1	-2.5199	0	1	-0.7427	1	1	-3.6118	3.4973	2	0.0404	0	3	2	-0.9003	-2.9276
0.0008	0.1289	3	2	-2.2010	1	1	0	-1.3268	3	4.6690	0	-4.9584	2	-3.6147	1.2651	-3.2124	1	3	-2.9602	0.3257	1.3273	-0.5778	2.2048	3	1	1	-1.7626	3	2	1	3.8458	-1.3084	-1.4492	2	2.3019	3	1	-3.3158	0	3	0.5730	0.8385	0	-4.9753	3	3	0	2.3980	5.2688
0.4161	-2.8564	3	1	1.1328	0	0	0	1.2433	2	1.9253	3	-2.1899	1	2.4922	-1.7504	-0.2525	0	3	1.1844	-1.4503	-0.5816	0.3749	-1.3101	1	2	1	-0.2585	1	2	1	-2.0887	2.2324	2.4237	3	2.7655	3	0	-1.4870	1	2	1.2645	-0.7718	3	-6.4943	3	2	3	2.3708	0.8719
-0.3654	2.7096	0	1	1.0570	0	3	1	-2.8073	2	0.5708	3	-3.1008	1	-3.0297	-0.6194	3.1117	3	1	2.1081	-0.0681	-1.9082	2.1862	-0.8768	1	1	0	2.3425	3	0	1	-3.8068	0.7198	0.1569	2	-4.4766	2	2	-0.7801	3	3	6.7769	-5.3849	3	1.5141	0	1	3	0.6418	-5.3665
-0.1106	-0.5640	0	2	-0.5827	0	3	2	2.1571	1	-2.9628	1	4.4576	0	3.6533	0.4625	3.6529	3	0	-1.6358	3.4366	0.5204	0.3096	-4.8128	1	3	2	4.0718	1	1	2	0.9257	-2.3907	-0.6059	2	-8.6714	3	1	3.8212	3	0	-3.2517	1.7340	0	8.5647	0	2	0	-2.2807	2.9849
-1.0737	-0.4572	3	3	1.3571	0	1	1	0.8225	2	1.5849	2	-2.9347	3	-0.3157	0.6640	2.4409	1	0	-0.0668	-3.3499	0.0588	-0.5580	-0.3952	1	3	0	1.2245	1	0	1	-2.3137	3.3585	-0.7142	1	6.1672	0	1	-2.0335	1	2	-1.9279	0.6059	3	-4.5618	0	2	1	-1.4105	-1.3821
-0.4225	0.6891	1	3	0.4285	0	1	1	-1.7648	2	0.7536	1	-0.9725	0	-2.0167	0.6581	0.3208	1	0	-0.3578	-1.5996	-1.3009	-0.8115	-1.7929	2	2	1	-0.3930	3	0	1	-2.5369	-1.1373	2.1432	0	0.0198	0	2	1.2237	2	3	4.8790	2.8409	3	0.3135	1	3	1	2.9811	-2.0652
1.7867	-0.0843	2	1	-1.6412	0	2	3	-1.6907	0	1.1219	1	-0.8489	1	-1.7071	-0.0133	0.8898	3	1	1.6134	0.2941	-2.0391	0.8676	0.3631	3	0	2	1.0072	2	1	0	-5.8012	-1.5057	3.4317	0	-1.0376	2	2	-0.4264	0	3	6.5827	-2.7235	3	4.8496	2	3	0	-1.1492	-1.6986
-0.6683	-0.6348	3	2	0.7577	0	0	0	-0.7913	3	0.7037	1	-2.2385	1	-1.8200	0.0482	-2.8650	0	2	-1.1427	-1.9087	2.0900	-0.4226	3.2127	1	0	1	0.9675	3	3	1	3.6522	1.6163	0.4179	1	7.5459	1	3	-2.0968	1	3	0.3997	-0.3042	2	-4.7251	3	0	1	-0.1191	1.8730
-0.8091	0.8502	1	1	1.1368	0	1	1	2.5028	0	0.8576	3	-2.4697	3	2.7644	-0.3824	-1.9256	1	0	1.2110	0.3954	0.5289	-0.8506	1.8777	1	3	0	2.3938	1	3	1	0.3879	-3.5345	-1.8166	3	3.0092	2	2	1.2209	3	1	-1.4410	0.8137	2	0.3478	2	0	2	-2.5781	-2.6680
0.6525	-0.3534	3	0	-1.4024	1	2	0	-0.8147	2	1.0543	0	-2.9167	3	-1.7113	1.7513	-5.1592	0	1	-0.9411	3.3297	3.8245	-1.8787	-1.3989	3	0	3	2.0636	0	0	1	5.7198	-1.4799	4.3343	0	-6.6897	0	2	-0.4930	2	3	-3.8010	2.0266	3	-5.4263	3	3	0	-0.1369	2.3948
-0.3259	-0.9944	3	3	-0.3512	3	0	0	2.4930	3	0.4537	2	0.9125	0	1.9335	1.4339	-3.0977	1	2	0.2091	-1.4509	2.0128	-0.2051	-0.1714	0	2	1	0.5937	0	0	1	2.2218	-0.2463	0.8858	2	2.1382	0	0	1.6416	1	1	-6.3682	-0.7302	2	2.2392	1	0	2	-0.4853	-1.1264
1.7170	-0.3400	3	0	0.3759	0	2	0	0.2896	0	-0.6332	0	-2.2796	1	-0.0481	0.1774	-0.8899	2	1	0.1826	-2.2983	-3.6204	-0.2828	-1.4085	0	1	0	-0.6472	3	2	1	-5.6922	-2.3182	-2.4576	0	0.5905	0	1	-0.7996	1	0	2.9142	1.2443	3	-4.0257	0	3	1	0.2883	-2.1205
-1.1252	-2.1324	1	0	-1.2929	2	3	1	-2.2264	0	1.3860	2	-1.5368	2	-0.2326	1.2910	-0.0349	3	3	-0.1283	2.0987	1.1242	-0.3167	-0.1048	0	0	3	-0.1409	3	2	1	3.2012	-0.9372	-1.5667	1	-6.9651	3	1	0.8373	2	2	1.8596	1.0108	0	-3.9508	3	1	3	-1.9486	0.2312
-1.6556	-2.1833	3	3	1.0435	2	2	3	-0.4400	2	2.9358	3	-2.3337	3	-1.5409	-0.2321	-0.2985	2	3	2.2859	0.3705	-2.8747	-0.7143	0.8185	0	2	3	0.3657	1	0	1	-4.2311	1.2118	0.3804	2	1.3482	2	3	-0.8621	3	3	5.8467	0.8823	3	-2.6336	1	2	2	2.0230	-3.3438
0.2662	1.2900	1	0	-0.0043	1	1	1	-1.2863	2	-2.2573	0	5.2433	1	0.0772	0.0429	4.3252	1	2	-1.6073	2.4223	-3.6405	-0.5386	-4.4449	3	0	2	-1.3473	3	1	2	-5.4692	-1.1538	2.4921	1	-10.1501	2	2	0.4338	2	1	8.1216	-3.8852	1	-1.5993	3	3	0	0.4333	3.0310
-0.8086	-1.4437	3	3	2.7120	3	0	0	-1.3298	1	2.7438	0	-2.7141	1	-2.2310	-0.4010	-1.4629	2	1	0.0826	0.0299	1.8447	0.1217	2.6953	1	3	3	1.1001	3	1	1	4.4652	5.0569	-2.9511	0	6.6084	2	1	-1.5037	1	3	0.9631	-0.3580	2	-6.1809	3	0	3	-3.2584	0.1791
-1.3528	2.9559	2	2	0.7398	3	3	3	-0.4735	2	-0.7568	1	0.8815	3	-1.5639	-0.6587	0.3224	1	1	-0.9579	0.2248	-0.8535	0.3578	-1.4404	3	0	0	-0.9035	3	0	3	-2.2175	1.9192	0.2321	2	-5.4883	3	3	0.2016	3	0	2.2731	2.9564	3	2.3896	0	3	0	-3.6425	0.2618
-3.1842	-0.5120	3	3	-1.2516	2	0	2	-1.2243	0	1.8072	0	-0.6744	3	-2.5637	-0.9787	-0.4904	1	0	1.4331	0.3502	-1.9615	0.6944	1.9943	3	1	2	-1.3214	3	1	2	-4.0898	0.9567	1.6766	3	-1.7167	1	3	0.8081	2	0	1.3329	0.5817	2	2.5629	1	0	2	-1.4213	-0.0551
1.4629	2.0098	1	3	-1.8264	1	2	1	0.8059	0	2.2091	0	-1.9400	1	1.2762	0.0223	-0.0983	0	3	-0.7551	0.6916	-3.2085	-0.9917	1.8774	1	2	3	-2.4873	2	0	0	-3.0931	-0.1096	0.9415	0	3.9894	2	2	2.0785	2	1	2.2742	3.4952	0	-0.6996	0	3	0	-0.5794	-1.5461
1.0861	0.8234	1	1	0.1142	3	3	2	-1.8811	3	1.1645	1	-1.0813	3	-2.1478	0.1920	-4.1746	3	0	-2.0727	0.9835	4.3523	0.3209	3.2361	0	2	3	-3.2960	3	2	1	6.8718	-0.8989	0.1761	0	1.7861	3	0	-2.5654	2	3	-3.3167	-4.1967	0	-3.9241	3	0	2	-2.6401	4.6419


