
X1	X2	X3	X4	X5	X6	X7	X8	X9	X10	X11	X12	X13	X14	X15	X16	X17	X18	X19	X20	X21	X22	X23	X24	X25	X26	X27	X28	X29	X30	X31	X32	X33	X34	X35	X36	X37	X38	X39	X40	X41	X42	X43	X44	X45	X46	X47	X48	X49	X50	X51	X52	X53	X54	X55	X56	X57	X58	X59	X60	X61	X62	X63	X64	X65	X66	X67	X68	X69	X70	X71	X72	X73	X74	X75	X76	X77	X78	X79	X80	X81	X82	X83	X84	X85	X86	X87	X88	X89	X90	X91	X92	X93	X94	X95	X96	X97	X98	X99	X100
0.2241	-0.0861	-0.1770	2.9146	1.6520	1	0	0.9977	1	0	-0.5203	1	-1.8309	2	1	-0.6862	-0.1845	3	1	2	3	0	1	3	1	-0.8730	1	3	0	1	0	0.0047	-0.3591	-1.9924	3	2	1.0802	-0.3856	0	3	-0.0895	3	2.8676	-0.9602	-2.6530	2	2.0245	1	3.2554	1.3521	-1.2056	2	-4.9149	0	0.4827	-2.0758	-2.9716	1.7692	2.5006	0	0	-5.1978	3	3.7869	0	-8.3756	3	3	2	2.6127	1.8029	4.1793	-0.0551	2.0469	-5.1628	1.0876	-6.3850	3	1	0.1131	0.5869	-5.7397	-0.5078	2	0.3055	3	3.5309	3	3	2	0	0	0.3633	1	2	5.3815	1	0	3	-2.7197
1.6132	-0.7507	0.4188	-0.3995	1.1099	3	0	0.0182	3	1	1.3390	1	0.1005	2	3	1.7757	0.9396	0	0	0	1	2	2	2	0	-0.1142	2	1	2	3	2	1.4264	1.8915	-1.9663	3	1	-1.2211	-4.4816	3	2	-1.9949	0	0.0234	-3.4855	-0.1443	3	-0.9295	1	1.7753	1.2032	1.9978	3	2.5507	1	-2.5825	0.1930	-0.8219	-2.0079	0.6482	3	0	2.2806	2	-1.1644	2	3.7737	3	0	0	-1.6804	-2.6973	3.2915	0.4371	-4.2007	-1.8489	-0.0770	1.3392	3	2	3.7231	1.0558	6.0983	-4.0723	0	0.1363	2	5.5876	2	1	2	0	2	-1.4713	2	3	-0.0216	3	3	3	0.0208
1.8737	1.6723	-1.1755	-0.8222	-1.1413	1	0	2.1636	3	0	-0.9321	3	1.2158	2	3	-0.4853	0.8438	0	0	1	0	3	3	0	0	1.3253	0	3	1	1	1	4.7798	-0.6376	1.7101	3	0	-2.0176	-1.2593	1	0	-4.6803	2	5.6366	-0.2579	-1.2251	3	3.7270	1	-4.4049	-2.0725	1.9909	1	5.5350	0	-0.1384	-3.0692	-0.2460	-4.5887	2.5313	0	1	5.5775	1	2.5885	1	6.2753	3	3	3	-0.1065	6.6151	-1.3400	-6.8387	0.4965	-1.5501	4.2478	5.2921	1	1	-2.6393	5.8031	0.9344	-0.6995	3	-0.5990	2	-4.7798	2	3	0	1	1	0.2825	3	1	-15.9048	1	3	0	1.2420
0.1501	1.7397	3.5142	-1.3707	1.6597	1	1	-1.0820	3	1	-1.8990	1	-1.0639	3	0	0.6649	1.0229	1	2	3	3	0	3	0	3	0.9259	3	3	3	0	1	-3.3434	0.5048	1.0992	0	0	-2.0647	2.9185	0	1	1.3893	3	-2.3930	-0.3636	0.2245	0	-1.1237	0	-1.7072	-3.4598	0.6571	3	2.2952	3	0.0912	-1.5264	1.5202	0.5377	1.4333	3	2	4.5477	2	0.2149	1	3.1511	1	2	3	1.7370	4.1631	3.2932	0.2785	-1.2818	2.4219	-1.5694	5.7954	1	1	-0.7097	2.4346	5.4996	-5.4447	1	1.3047	0	1.0750	0	2	0	0	2	-1.2162	0	2	-4.7379	0	3	0	2.2988
-0.6263	-2.0566	-1.5938	-2.5000	1.6288	3	2	-2.7499	3	2	0.7542	0	-2.1535	1	0	0.2667	1.1014	3	3	0	1	0	0	3	2	1.5692	1	1	1	0	0	0.5444	0.3392	1.3680	2	2	-0.2548	3.7722	0	0	-2.2120	2	-3.1948	2.1922	-2.6681	3	-2.3728	3	-2.7516	-0.0016	0.3447	0	3.9040	2	-0.9539	-2.8332	0.4685	-1.0881	-1.6259	1	2	4.6601	3	2.4194	3	5.2475	1	2	1	0.5887	-6.8855	5.9861	-2.2452	-1.1259	-2.1922	-0.2066	3.4409	2	1	2.8552	-0.1176	9.5543	1.4194	1	-0.1746	1	-1.2907	0	1	1	2	1	0.1539	1	2	-4.5804	2	3	2	2.6847
-1.8468	-0.8996	2.3742	0.8114	0.1908	1	1	-0.8868	0	3	-0.2206	0	1.8393	3	3	-0.0807	-2.1401	3	3	0	1	0	2	3	1	0.3733	3	0	3	3	0	0.0596	-0.4394	0.9575	3	1	-0.8934	1.6221	2	2	1.9734	2	-0.3911	3.5101	1.4150	3	2.5861	3	-2.9425	0.7512	-1.1844	3	0.3280	1	-0.1056	1.8865	-0.3163	1.9134	1.0145	0	2	2.8848	1	-1.0444	1	-4.2318	2	0	3	0.6962	-2.3473	-4.1166	3.3820	2.3146	4.6023	0.0720	0.9578	1	2	0.4797	2.2303	2.2785	-4.3886	1	-0.7002	1	-3.5793	3	3	0	1	2	-1.4257	3	1	5.3885	3	0	3	-0.7698
-0.1970	-0.8539	0.7333	-0.5872	-0.8005	3	2	-2.1176	3	3	0.9349	0	-1.2250	2	2	0.6710	0.3981	3	0	2	1	1	1	3	0	0.4478	3	1	0	3	0	-2.3283	-2.4020	2.8737	2	3	-0.8999	3.1190	0	0	-1.0599	0	-2.7738	-0.6883	0.1895	0	-1.2080	3	2.2373	1.1274	-0.2184	3	0.0164	3	-3.1134	1.3261	-2.8418	-1.2383	-0.2790	1	2	1.6854	0	-0.1253	1	-0.1560	1	1	3	-1.5126	-2.9184	-3.2029	0.3137	-2.0174	-0.1315	3.9282	3.4297	2	3	0.2360	2.2877	1.6818	-0.5306	1	-1.6804	3	3.1325	1	0	2	0	2	0.2665	2	1	2.2250	1	1	0	-1.9040
-0.1127	-1.1098	1.7176	-1.7447	1.4327	3	0	0.1469	1	0	-1.6812	0	0.9697	1	1	-0.2175	1.0736	2	2	0	3	0	2	0	2	0.2284	1	1	0	0	3	-1.1702	-0.4157	-1.1584	1	0	1.0553	-1.8563	3	1	-0.0336	1	0.8849	0.6812	1.0230	1	2.9249	1	-1.3019	-4.1077	-1.3136	2	-0.0184	1	-0.7425	0.6702	0.6285	-0.5773	-2.8696	2	2	0.5181	3	-1.9448	3	0.0753	2	2	3	1.2052	2.0949	-0.2842	-2.1651	0.2234	1.0111	-1.1860	1.7325	0	3	1.8068	-1.9652	2.5512	-1.4096	3	-1.4700	3	1.0804	1	2	0	0	0	-1.0184	2	2	-1.4749	3	2	2	0.7918
1.1479	0.6338	1.3959	2.3453	1.0288	0	0	2.0433	2	2	-0.1949	0	0.3418	3	0	-0.0161	1.2113	3	1	3	0	2	3	1	0	1.8865	1	0	2	0	3	-0.0497	0.3964	-2.2709	1	2	0.2079	-4.1823	1	1	0.1131	2	5.9299	0.4744	-2.0352	1	2.0092	1	-0.6459	-1.4292	0.5977	1	2.8914	1	0.5972	1.0925	0.8022	0.0103	1.6847	2	0	2.7167	1	-0.0995	2	4.0741	3	0	3	-0.0570	5.1662	6.2322	1.7346	-2.7282	-2.1109	-0.2686	3.2812	3	0	-2.0113	1.9672	0.5845	-2.6017	3	0.2688	0	-1.9428	2	3	0	3	0	-0.2460	2	2	-2.8657	0	3	1	-4.7007
-1.3248	-0.5341	-2.7535	-2.7832	-0.2447	3	3	-0.0906	2	3	-2.1703	0	1.7144	3	1	-0.2628	2.7133	1	2	0	0	1	0	0	0	-0.9660	1	2	3	1	2	0.8973	-0.1962	2.1051	2	3	0.0141	2.9939	1	2	0.0386	2	-1.2550	0.4882	0.0062	0	1.9234	0	2.7753	-3.8472	-1.2249	3	-8.7250	0	0.3916	-0.8887	1.1488	-1.1393	0.4179	2	2	-8.7212	3	1.0808	3	-6.6644	2	2	1	-1.1339	0.6386	-0.2460	7.1919	-3.3065	6.5231	-0.8813	-8.6425	0	3	-1.2957	-1.7020	-12.2668	4.7135	0	1.3968	0	-2.1959	0	2	0	2	0	2.3568	1	1	17.4602	3	0	0	2.0188
-0.3795	-0.2875	2.1406	-2.3888	0.4312	1	0	-1.6180	1	0	-1.9986	1	-0.2073	3	2	-0.4564	-1.6904	2	0	3	0	0	2	2	1	0.5947	2	1	1	0	1	-4.4242	0.9842	2.8499	3	0	-1.3662	2.2204	0	1	1.9470	0	1.0692	0.9447	-0.7233	3	-1.8012	3	-2.1970	-1.6092	2.8860	1	3.6357	3	0.7363	1.8726	-1.7935	-0.1127	1.5693	1	2	6.9941	0	-1.1208	1	3.7329	3	2	0	-0.5667	1.7452	2.0284	-4.0263	1.2917	3.5116	2.2911	8.7255	2	0	0.9199	-1.2870	11.4154	-3.9413	1	1.1454	2	0.8214	0	0	0	3	1	0.0128	3	2	-9.2993	1	3	0	3.4594
-0.4566	-0.6291	-4.3202	2.0369	0.1499	2	3	-2.0509	3	0	1.8647	1	-0.4414	2	1	0.4543	0.1120	2	1	2	1	2	3	3	0	-0.9589	2	2	3	1	2	-1.9456	1.6484	1.0394	0	0	1.1259	4.2347	0	2	0.4804	0	-1.5085	-0.1601	-3.0872	3	-2.8906	3	3.7930	2.0421	-0.9033	0	-4.7965	0	2.2676	2.0942	-1.5001	3.8256	2.0535	3	2	-5.5517	3	0.6122	3	-4.5689	0	2	3	-1.1458	-7.6027	6.8161	4.9161	4.5304	-2.4526	0.8044	-8.1122	0	2	-1.3803	-0.4660	-10.7979	4.6153	0	-0.2802	3	-2.6278	3	3	1	3	0	1.3883	2	2	7.8973	1	0	2	-2.9365
-1.1932	1.9237	0.4383	0.6759	-3.7580	0	2	1.0045	2	0	-1.2747	2	-0.4797	2	3	1.3195	1.4792	0	2	1	3	2	2	0	0	0.7022	1	3	3	1	2	0.0798	-0.0130	-4.4457	1	2	-1.8189	-3.2789	0	0	-2.1894	0	-1.7716	-0.6275	3.9716	2	-4.0260	0	-0.1667	-2.1807	-2.3688	0	0.3146	3	-1.9714	0.7926	2.0395	-1.3808	-0.4698	3	0	0.5961	3	-0.8337	2	2.3039	2	3	0	-0.2869	6.3185	-9.3590	1.3309	-2.3223	5.1813	-2.7322	-1.8661	3	0	1.5890	-0.6803	3.9936	-0.2376	2	-0.6164	0	1.1074	1	0	0	0	2	-0.8282	0	1	-2.5771	1	1	0	-0.4834
-2.4097	0.0024	-0.6661	-0.8632	3.0669	2	3	-1.9210	3	3	-1.0039	1	-0.5838	1	3	-1.5699	-0.7739	3	2	2	2	1	1	1	1	2.9202	2	1	2	0	3	-2.1590	4.3153	-0.1960	0	0	4.0931	4.4554	0	2	-2.3789	0	-2.1300	1.4030	-1.7011	3	-1.0045	0	-7.9101	-1.2692	-1.3047	3	5.5003	3	0.5954	-0.3484	0.4759	-1.3493	0.7674	3	2	11.2705	1	1.0644	2	4.9455	1	2	2	-1.0610	0.8795	9.2375	-4.6646	-1.3744	3.3618	-0.2324	12.7174	2	3	-1.0030	0.6032	14.1855	1.6571	1	0.0597	2	-0.4572	3	2	0	3	3	-3.3342	1	2	-11.5193	1	3	1	1.2743
0.4175	0.6375	0.5419	-0.5074	0.4787	1	3	-3.6304	3	3	-1.5567	1	-0.3419	1	3	-2.6038	0.9621	0	0	1	2	2	2	2	0	1.4670	2	2	1	1	1	0.3263	1.0768	1.1195	1	2	3.5281	3.6704	3	2	0.5777	1	-4.2580	1.6622	1.4469	3	-1.8777	0	-7.6065	1.8021	1.1082	1	9.5799	3	0.6181	1.5427	0.8353	-0.2039	0.0715	3	2	11.7629	3	-0.8403	3	14.3490	0	2	0	-0.7982	-3.9174	0.6164	-6.4057	-0.7568	0.5641	1.1371	12.6536	2	0	-1.8072	-0.8659	17.4817	1.4267	1	0.0269	1	0.1683	1	1	2	0	1	1.0436	0	3	-15.3119	0	3	2	0.2065
-0.5620	-1.3739	-0.9195	0.2369	2.8483	3	2	3.7588	3	0	-1.3250	3	-2.2164	1	0	0.5491	0.1888	2	3	2	2	1	1	1	3	0.8653	2	2	2	1	0	-1.8289	0.1204	-1.5803	0	0	4.3553	-1.7026	0	2	-0.4124	0	1.9649	-0.7317	-1.0994	3	3.4704	1	-0.1271	0.1152	-0.8034	1	-2.1120	2	-1.4383	-0.5229	2.3707	2.7111	-0.2070	2	0	-4.0228	3	-0.7618	0	-2.6168	3	3	2	-1.6041	1.5597	4.6722	0.7867	-2.9813	-2.2885	-0.6564	-7.1311	0	2	0.1334	-1.5666	-6.2502	3.3259	0	1.1848	2	3.4166	1	2	2	0	0	1.1870	2	2	2.2896	1	0	3	-1.7492
2.0163	-1.0008	-1.0573	-0.5634	0.0074	3	0	-0.5835	3	0	-1.9192	1	-1.0123	2	2	-0.6177	-1.1984	3	0	3	3	2	0	3	2	2.5302	2	3	0	1	0	0.4351	1.2785	-1.5435	2	2	1.0977	-3.3923	0	2	0.9976	1	-1.0368	0.0205	0.2405	1	-0.6533	1	-2.4757	-2.0336	2.2421	3	6.5469	0	-2.1510	3.3100	-0.1151	0.4485	-0.3431	3	0	8.5287	1	-1.5123	2	5.8917	3	1	1	-0.4727	-1.9075	-2.3063	-3.0218	-3.4660	-0.1668	-0.1519	8.8465	3	2	1.7266	-2.1474	19.7340	2.7782	3	0.4806	1	-2.2220	3	1	0	1	1	1.3397	3	3	-10.9819	1	3	1	0.9058
1.5215	-0.9714	-1.5212	1.3334	2.2817	3	3	3.4740	3	1	-1.3626	2	-0.5633	2	3	0.1743	-1.4281	3	1	2	1	1	1	1	1	0.5298	1	1	1	1	0	-1.4615	-0.3578	-3.1980	0	3	1.8836	-4.9051	0	2	-0.1774	1	4.6604	1.0524	-1.4079	3	5.5060	1	-0.0312	0.7206	-0.0115	3	5.7072	0	1.8513	-0.0160	1.6562	0.2779	-0.5252	0	0	10.5943	1	-0.0552	2	6.9181	3	3	0	-0.9509	3.8466	5.8780	1.8925	-0.0337	-2.4744	-4.1320	11.9039	3	2	-0.8640	0.3875	15.6887	1.1436	1	-0.6764	3	-4.7235	2	3	0	3	0	4.3172	3	2	-4.0552	1	3	0	-1.0056
-0.9115	-2.0540	0.3537	-0.5886	-1.0420	3	3	3.5780	1	3	1.1578	2	-0.0186	3	0	-0.6728	1.2299	2	3	0	2	1	0	0	3	1.6049	0	2	0	1	3	0.0661	0.7512	-2.6277	2	0	1.7513	-3.5595	1	3	3.6782	3	4.8662	2.1030	1.7027	0	2.8903	1	-3.3955	0.0027	0.4546	0	6.1634	1	-0.5485	0.8075	1.1074	-0.0201	-2.0498	0	1	9.3612	0	0.6807	2	10.2565	3	3	1	0.7100	2.6981	-2.0769	-1.5698	-2.3393	-0.0217	-1.6846	13.3152	3	1	-2.7526	-1.7156	8.9168	1.6790	3	-1.1668	3	-0.7912	1	1	1	2	3	-0.3533	1	1	-8.3663	1	3	1	-0.7906
-1.9503	-2.9623	-1.6278	0.5476	-0.6027	3	0	2.3208	3	3	0.5657	0	-1.4143	3	0	0.6097	3.6659	3	2	0	0	1	3	3	0	0.7935	3	2	1	1	1	2.5490	0.2476	4.0836	0	0	1.7112	6.8674	0	2	0.9460	2	0.3402	0.2792	2.3374	0	2.6319	1	0.7466	0.6390	-1.2916	3	-0.7939	0	1.4018	-0.1927	0.4024	1.5328	-4.8692	2	2	-2.0003	2	0.0464	1	4.0936	3	3	3	0.8947	-4.3609	-3.1711	1.2763	-3.1935	7.2965	-0.2191	-1.1795	1	2	1.9689	-0.4197	-1.1963	1.0331	2	1.4171	3	0.7998	1	1	2	2	3	-1.0338	0	0	2.0759	2	0	0	-0.1993
-0.7368	0.6159	-0.2078	-0.0447	0.8219	1	1	-1.5392	1	1	-0.5424	3	0.5141	3	3	-1.9743	-2.2235	3	3	2	2	0	0	0	1	0.1301	1	1	3	1	3	-2.1878	0.4412	-0.9535	2	3	-0.0424	-0.0499	2	2	-1.1920	1	-1.6850	0.8509	-0.9452	3	-1.6351	0	-2.0866	2.3261	1.2451	2	1.5554	0	1.5042	0.5692	0.2803	-1.1404	2.1843	1	3	2.0946	3	0.7823	2	0.6479	1	1	2	-0.3011	-0.2535	0.9623	-3.1112	0.8851	2.0204	2.7528	0.3108	2	1	-0.4324	3.2466	-3.3546	2.3686	2	1.4480	2	-0.0817	1	2	2	3	1	-0.9368	2	1	-5.8994	0	3	1	1.6965
0.3089	0.7332	-0.0458	-1.9398	0.2604	2	2	-2.5734	1	2	-1.7175	3	-1.8703	1	3	-1.0945	-2.9687	0	1	1	0	1	1	1	1	0.3555	2	3	0	1	1	-1.1552	0.9976	-4.1133	1	3	-0.7849	-5.9576	1	3	0.7753	0	-2.2729	1.1593	-2.0205	3	-1.6737	3	1.1790	1.6988	-0.6456	2	-2.3530	1	-0.1614	0.5365	0.4325	-1.2133	0.9875	3	1	-0.3822	2	0.4480	2	-6.9141	1	2	2	0.8126	-0.4039	1.7835	-0.2593	4.7370	-2.3798	-0.6547	-0.6126	3	3	-0.7814	-1.5813	-0.7372	1.9658	1	1.2769	2	-0.5227	0	0	2	3	1	-0.5604	1	1	-1.5926	0	1	1	-0.1789
-1.7961	-2.1373	-2.2309	0.5907	-4.3340	3	2	-3.6954	1	2	-0.1085	1	-2.9007	0	1	3.0851	-3.4373	1	3	2	3	2	1	2	1	1.0868	2	3	3	2	0	-4.4069	-0.2337	2.1301	0	3	-1.0596	4.5977	0	2	-0.6648	0	-1.7016	-1.2805	0.3752	0	-0.8757	3	0.1608	3.6260	1.3041	2	-3.7539	0	0.0825	-0.9852	-0.2480	-0.6042	-1.6963	1	2	-5.9146	3	1.0298	3	-7.9595	3	2	2	0.1192	-12.1465	-5.7458	-2.0503	2.1520	2.7871	-1.3179	-5.0000	1	1	3.2666	0.9141	-6.7059	-1.0646	2	-0.5121	0	3.5086	1	1	2	0	2	2.5650	1	1	0.6266	2	0	0	-3.2109
1.3338	0.2418	-0.0420	2.6341	-2.9835	3	1	-1.7442	0	1	-0.9218	1	-0.2763	0	2	1.3170	1.4862	3	1	0	3	3	3	2	0	-3.5812	0	0	2	2	0	0.3411	0.6865	0.2931	3	3	-3.0647	-1.6160	2	3	2.0869	1	-2.0450	-0.8160	2.6001	2	-1.0272	0	6.2970	2.0305	3.4450	3	-9.7902	3	-0.6520	-2.4529	0.4887	0.2022	0.8641	0	0	-15.1757	3	1.1020	0	-11.3456	1	3	3	-0.0557	-4.4076	-8.7152	-2.3065	-2.1889	1.0202	0.1530	-19.7552	0	3	-0.9574	3.5724	-26.2921	-2.5400	2	-0.4798	2	0.0871	1	3	2	0	1	-1.2116	0	1	5.8555	0	0	2	-1.7888
-1.1493	1.4867	-0.2107	-2.8378	-0.6633	2	3	-0.7452	2	1	0.9515	3	1.6858	0	2	-0.7636	1.7053	3	3	1	2	0	1	0	3	0.3488	3	3	2	0	3	2.5692	-1.4616	4.4883	2	0	-4.1963	6.0568	3	1	-0.9579	2	-4.2989	-0.6507	0.3718	3	-2.3009	0	-3.1501	5.0175	-2.7975	1	1.3349	0	-0.0343	-0.1931	0.7002	-2.6969	2.0193	3	2	6.0390	2	0.1624	1	3.9264	2	2	2	1.1224	-0.6812	-1.2646	-0.3289	-2.9070	0.9256	-0.6689	7.8763	1	0	0.9509	-0.0015	8.8715	-3.4980	1	0.4210	2	2.4160	0	3	2	2	0	0.5490	0	1	-2.2350	3	3	1	0.6575
-0.7137	2.0970	-2.1155	0.0923	-3.1762	1	0	-0.6468	0	1	0.9023	0	-0.1651	0	2	-0.7258	-1.7781	1	3	2	2	1	2	0	1	0.0158	3	2	3	1	0	0.1264	-1.2632	5.6892	3	1	-2.0283	5.8122	2	2	-0.2369	0	-0.9372	1.7764	1.3636	3	0.6939	0	-0.1939	2.5210	-0.8489	3	-0.3433	0	0.7228	-0.2691	0.8386	-1.7527	2.6623	1	2	3.0190	2	0.7103	1	-2.8093	1	0	0	-0.1748	0.4225	-7.8165	0.4385	2.1397	-0.4991	-0.8627	4.0324	1	1	1.2175	2.9120	5.3560	0.8632	1	-1.1065	0	-4.7951	1	1	0	1	1	0.7915	3	1	2.5201	0	1	0	-1.1904
0.7955	-2.3690	-2.9754	-0.1075	-1.8745	3	0	-0.5626	1	0	0.5211	2	-2.2517	2	2	0.1269	-0.7792	3	1	0	3	0	1	0	2	0.4487	3	3	3	1	0	0.0727	-2.5409	-1.4551	0	0	-1.0836	-3.6893	1	2	-1.5081	2	-1.9359	-1.8561	3.4192	1	-0.9693	0	-1.7934	-0.7098	-0.2033	1	1.9856	0	-0.4660	0.3691	1.1120	0.6373	-3.8883	0	0	2.7602	1	1.6818	2	0.7374	3	2	0	0.5699	-3.6041	-5.6222	-0.6079	-1.6401	1.2649	-0.9110	1.0859	3	1	0.0105	0.4051	3.1750	1.1897	1	-0.7589	0	2.2098	1	0	1	0	1	-2.3457	1	1	-6.1402	0	2	1	0.8171
-0.4584	0.1986	4.1704	0.1621	-1.8460	1	3	1.7288	3	3	0.3554	3	-0.8076	1	2	-1.5460	0.6309	3	0	3	0	2	2	3	0	-0.6676	2	1	3	0	3	-0.9518	-0.5536	2.3904	0	0	2.1102	2.9450	0	1	2.4244	2	1.3082	-1.1654	0.9503	1	4.8509	1	-1.0488	-0.7485	0.0320	1	-1.0112	1	-1.4126	2.1488	-1.8411	-1.4260	2.1674	0	2	0.2739	3	0.4132	1	-1.8034	3	0	3	0.5494	2.8031	-3.1080	-4.6572	-0.9018	1.2776	1.7749	-2.5093	2	1	-1.8015	-2.5846	0.8948	-7.0481	0	-1.6241	1	5.7546	2	2	2	0	1	-2.0143	2	1	-4.7838	1	2	2	-1.6143
1.0747	-1.1768	3.0826	-0.4393	0.1245	3	3	0.4482	0	1	0.1619	3	3.0184	1	0	1.2654	0.7292	3	0	0	1	3	3	0	3	1.0795	1	3	0	3	1	0.1453	-0.2191	2.2987	2	0	3.2859	-0.1098	2	0	0.3921	1	-1.5626	-0.3063	0.3225	1	-1.1410	0	0.6750	-0.2278	2.8448	0	0.1734	1	0.3815	1.6351	2.5441	2.8313	-4.7295	3	3	-2.0551	3	0.1249	1	0.6979	1	0	3	0.9668	-0.2564	-1.2527	-4.2785	-1.3975	0.5416	-2.4577	-2.8642	1	3	2.9934	0.6333	0.4399	-1.6938	2	-1.9502	2	2.4937	2	3	2	0	3	-2.5549	2	2	-8.9076	0	0	3	0.5434
-0.3870	-2.3198	-0.1718	0.7003	-2.4480	3	0	-2.5083	2	0	-0.6760	1	-0.8823	2	3	-1.5182	-1.4791	3	1	2	1	2	3	1	1	0.9822	1	0	3	2	2	1.4042	0.6088	-2.7119	3	0	0.2038	-4.0123	3	0	-3.8270	3	-2.7277	-0.6604	2.7186	2	0.9370	3	-2.8788	0.1444	0.2333	0	7.1475	2	0.4781	-0.8042	1.0826	-1.4331	-6.9840	0	0	7.2052	1	1.6614	2	6.6161	1	2	3	1.6241	-4.0631	-7.5088	-7.1294	-2.0098	4.2213	-2.3515	9.3821	3	1	-2.3054	1.6497	6.0036	-0.5091	1	0.6373	0	0.5428	0	3	3	2	3	-1.5990	2	1	-15.4814	2	3	1	-1.0291
0.7900	-0.2115	2.9633	0.2345	0.8871	2	2	2.0196	1	1	-1.9732	0	-0.1153	0	2	0.3534	2.9876	2	1	0	2	1	3	0	0	2.7342	2	2	2	3	2	2.8867	-0.9778	-0.4414	0	0	-0.9822	-2.6289	1	1	-0.5505	3	2.5888	-2.6208	2.1495	2	-0.5584	1	-4.0192	-0.7431	1.2210	3	6.2680	3	1.9933	0.5015	0.1285	1.9255	0.2930	3	1	7.8528	2	1.4497	3	8.5149	3	3	3	-0.0099	1.9532	-6.8335	-2.4745	-1.0924	0.5674	-1.9815	10.8177	3	1	-1.1814	-0.1552	10.2024	-7.2938	1	1.4614	0	2.3956	0	3	2	2	0	-0.0882	1	0	-12.3318	1	3	1	-0.2674
0.5188	0.9111	-1.7008	-1.2791	0.7869	2	1	0.5218	2	0	-0.3865	0	1.1669	1	2	-0.9250	-0.4394	1	2	0	3	1	1	1	0	1.1679	2	3	2	3	1	-1.0545	0.6433	-2.7662	0	3	-3.7980	-6.0404	0	3	-0.3922	1	0.4452	2.0557	0.7682	2	1.0249	2	-3.6877	-0.6754	1.8269	1	6.1308	0	-0.1830	0.6981	-0.4288	4.0511	-0.5821	1	0	8.1308	2	-1.1406	2	6.0599	2	3	1	0.8193	1.9504	-1.5679	-6.3983	3.5189	-2.5009	1.0009	11.0048	3	0	-1.5425	-1.3405	10.0028	-0.4635	1	-2.1406	2	-3.5952	2	0	0	1	3	1.3298	0	2	-13.5882	1	3	1	3.9535
1.4030	-1.2803	-0.8927	-1.8568	2.5716	3	3	-2.1547	3	2	1.5080	0	-0.3793	1	0	-1.7057	-0.4466	2	0	0	3	1	1	1	1	-0.8031	2	0	1	2	0	-2.0729	-0.8506	1.3051	1	3	2.8776	3.9330	0	2	1.2729	3	-5.4329	-0.0422	-4.2851	1	-5.5459	0	-0.6497	2.6499	2.3511	3	3.4009	0	2.6921	-2.7064	3.2515	2.9367	-1.4953	1	2	4.8496	0	2.7751	1	3.3617	1	3	2	-0.2062	-4.5848	7.9393	-4.7910	-3.1060	-5.3244	-0.7736	5.9217	1	3	-2.0533	1.3162	2.3260	5.1753	3	-1.4078	1	3.2218	2	1	2	0	3	-1.2948	1	2	-6.6809	1	3	0	2.8082
-1.6307	-1.7919	-1.0028	-0.6416	-0.2480	3	1	1.9412	0	3	0.3258	3	-1.1626	3	1	-0.3413	-3.3918	0	3	0	2	2	1	1	1	1.1964	2	3	3	2	0	2.0386	-0.0716	-1.0138	0	3	-1.8635	0.8650	1	0	-1.2973	0	2.6892	1.1702	0.9739	0	5.5175	1	-5.1616	1.2652	-1.5505	1	5.6783	0	0.5390	2.3719	-0.8477	0.7793	-4.1886	0	2	3.8282	2	-1.6494	2	5.2804	2	1	2	1.4208	-0.2241	-3.1462	-6.4729	0.0285	3.0667	1.0986	7.4102	3	3	-0.6719	-2.4400	7.7925	-1.3884	1	-0.8584	2	-1.7648	2	3	2	2	3	-2.5383	3	1	-13.5873	2	3	2	-0.9596
0.7133	2.4813	-0.3371	-0.8835	-1.6006	0	1	-3.3428	3	3	-2.1943	1	-0.6677	1	2	-0.2144	-0.0279	3	0	1	3	2	3	3	0	-0.2067	2	3	3	1	3	1.7651	-0.0241	0.8954	3	1	-1.1455	-1.2255	1	2	1.4615	0	-3.8559	0.5284	-0.8900	2	-4.1447	0	1.7990	-3.0960	1.4677	3	-2.6594	2	-0.4838	-2.7793	1.7187	0.1802	3.5597	3	1	-5.6783	2	0.7917	1	-4.7307	1	2	1	-0.4321	0.2878	-0.4684	-0.6307	-0.9012	-1.2375	0.9550	-6.8541	1	3	1.6826	3.2263	-6.4378	-1.4818	0	1.4514	0	-3.1322	0	3	0	1	2	-0.7107	0	0	2.0040	2	1	0	2.9055
0.5656	1.7782	-2.2438	0.3903	2.5738	0	3	-1.7049	3	0	2.5934	1	0.1081	1	0	0.8174	1.0932	3	1	3	0	2	0	0	0	-0.9269	2	0	2	1	3	-2.8889	-2.1804	2.8411	2	2	2.5885	4.4661	0	3	1.8858	2	-2.1993	0.1734	-3.5833	1	-1.3275	0	3.0677	2.0522	-0.6028	0	-7.5954	0	-3.3657	-0.2036	2.2307	-3.0986	7.5392	1	2	-11.0921	1	0.4325	3	-7.4621	2	2	1	0.8645	-0.2723	9.0061	-0.4118	0.7021	-5.9179	-0.5102	-16.1819	0	2	1.2425	-1.7649	-11.4089	7.5753	0	-0.5455	1	-3.6848	2	0	1	1	0	2.1313	0	2	6.3290	1	1	2	-0.6216
-2.8939	0.8332	4.5516	1.5791	-1.1693	2	1	-2.5790	1	2	0.1923	2	-0.8376	3	3	-0.7273	-0.7638	2	3	3	0	1	2	1	2	1.6697	3	2	3	0	3	-2.3629	0.8165	1.0045	1	3	-2.0169	6.9619	0	1	1.6454	3	-4.3981	1.5791	1.8989	3	-1.7048	0	-2.7524	-0.7946	-3.3471	0	-0.5140	1	0.0492	1.1727	1.3265	0.9718	1.1961	1	2	-2.9106	1	-0.0783	3	-1.5930	0	2	3	0.9620	0.4538	-1.8906	2.7071	-0.3763	4.0460	-0.6406	-2.4999	1	3	-0.8414	-0.6431	-5.2934	-5.1158	0	0.8449	0	-0.5768	3	0	0	2	2	2.3904	3	3	3.5106	1	1	2	-2.5811
0.8424	-2.6470	-3.5968	1.7134	-2.4217	2	1	1.9757	0	1	-1.3680	1	1.3497	2	2	-0.1662	0.7528	1	0	0	3	0	3	1	0	-1.2802	0	0	1	1	3	4.3655	-0.4037	-1.0406	0	0	1.2138	-1.8621	1	2	-0.1766	0	1.9763	-0.5371	4.6285	0	0.3935	1	3.0205	-1.1261	1.7892	3	0.3382	0	-2.6875	-0.8730	1.5316	0.2456	-9.4495	0	3	0.6592	1	0.0162	2	0.4212	0	3	3	-0.6333	0.2572	-8.1904	-2.8593	-1.4690	1.9161	0.9640	-0.9373	3	2	-2.8179	-0.5680	0.0458	5.8277	2	0.7495	3	-0.8987	0	3	0	2	3	0.5908	1	1	-3.6951	1	0	1	-2.1652
-0.5417	-0.4084	-4.8777	2.1540	0.3350	3	3	0.6116	0	2	1.7575	1	0.0072	0	1	-0.3613	3.2393	2	2	2	1	2	0	2	0	-2.1808	2	1	1	1	3	0.4897	-0.4938	1.9059	3	3	-1.1825	3.8386	2	2	-1.2539	2	-0.4712	-0.0896	-0.1412	0	1.7205	0	3.1862	0.4102	-0.6829	3	-5.1223	0	-1.9940	-0.9939	1.3685	3.1086	-1.1228	1	2	-6.3538	3	2.0203	1	-2.9986	3	3	0	1.5367	-2.9039	0.1808	3.5183	-2.5465	0.9214	-2.0100	-8.6244	1	2	-0.3908	1.6545	-12.4721	3.3252	2	-2.1259	3	-2.1606	2	1	0	1	0	2.4891	1	3	7.6563	0	1	0	-3.3339
-0.6423	0.0140	-0.5866	-2.0554	0.3924	0	2	-2.2841	0	1	2.0501	2	0.1288	2	2	-3.8290	3.5118	2	3	0	0	0	2	1	0	1.7731	1	3	0	2	1	2.4487	0.4873	1.0022	1	2	-4.9690	3.6887	1	2	-0.8020	0	-3.7416	0.4036	3.2731	0	-2.9591	0	-6.3834	0.0354	-0.3666	3	7.0774	0	2.8793	0.1276	1.6059	1.5362	-0.8760	1	2	8.9692	2	0.8049	3	9.3621	1	2	0	0.2917	0.5286	-4.5255	-2.4439	-0.9103	5.0192	-1.4059	11.6219	1	2	-3.7250	1.5421	7.0338	-1.7178	1	-1.0968	1	-0.8128	2	3	3	2	3	-2.6400	1	0	-10.4184	2	3	2	1.2742
0.2935	1.4717	1.2640	-1.2994	0.0294	1	2	-0.6518	0	0	-1.8545	0	-0.7865	1	2	-1.2659	2.2450	1	0	3	3	3	1	3	0	0.3041	3	3	0	3	2	1.1822	0.6151	-0.7232	1	3	-0.0233	-2.8101	1	1	-0.3648	0	3.3549	2.9457	0.9603	1	3.8612	1	-3.5255	-2.0755	2.7545	1	2.5600	3	-1.5585	-0.1334	-0.6574	0.1604	4.2289	0	1	-0.3527	3	0.4592	3	3.1809	2	1	2	-0.0957	2.8790	-2.9195	-7.3610	-2.8925	-2.9670	1.2023	-0.9836	3	2	-3.6643	1.2787	-6.8357	0.7123	3	0.0915	2	-3.9883	3	2	0	1	3	1.6900	3	0	-15.5446	2	3	2	0.0775
-0.7330	-0.1917	1.2215	-0.8539	1.1954	0	1	1.8844	0	1	1.3767	3	0.3842	2	0	0.2256	0.4761	3	3	2	3	3	1	2	3	1.1175	1	1	3	3	3	1.1472	-1.3976	-3.9005	0	3	0.2087	-4.3129	2	2	1.9673	3	1.2441	-2.2286	0.7215	1	1.1208	1	-2.3370	1.7851	1.0944	3	-0.6070	3	-0.1328	-1.1850	0.5199	1.0594	-0.2583	0	0	0.5224	1	0.1854	2	2.4736	3	3	3	0.0500	1.9516	0.5124	-2.2474	-0.5529	2.6357	-0.2726	-0.3246	0	3	-0.3856	-1.6893	-0.3353	-4.3756	3	0.9744	1	3.1587	1	1	2	0	0	0.4140	2	2	-2.9008	0	2	1	0.5998
0.4338	0.6449	-2.4565	1.0416	-0.2635	2	0	4.1287	2	2	2.2172	0	1.7474	2	2	-2.0386	-4.6048	3	2	1	0	0	0	1	1	-0.2207	1	2	3	1	2	1.3120	0.7746	-0.5043	2	3	-1.0452	-0.1556	3	0	0.5971	1	4.3363	-0.2315	0.5339	2	6.5905	1	-2.3328	3.1480	0.4890	0	2.4535	0	-1.7916	-0.7232	0.0202	1.2965	-0.6586	0	0	2.9303	0	-0.0669	2	-2.1183	2	3	1	-1.0063	3.6701	-2.0182	-4.1960	4.0379	0.2838	1.4893	4.1856	3	1	-1.6197	0.3199	0.4971	4.1797	3	1.5759	0	-1.1479	0	1	1	1	1	1.0889	3	3	-6.7901	1	3	2	-0.6398
0.2940	0.0477	2.2379	-1.5949	0.3220	1	2	0.2830	1	3	1.6114	2	1.3398	2	3	0.4031	3.4570	1	3	1	3	2	1	2	0	0.9544	1	3	1	2	2	2.5817	-0.0390	-3.7332	0	2	0.7814	-1.7553	1	1	0.0749	2	0.4361	-2.1506	-2.2128	0	0.1189	1	-1.9296	0.8712	0.3588	1	1.5053	1	-1.5320	0.0459	1.0276	0.5940	2.2411	0	0	-0.8834	2	-0.2768	2	4.6829	3	3	3	0.8723	0.6387	2.0652	-1.8542	-1.7917	-2.5717	0.2277	-0.2102	3	1	1.8041	-0.1148	1.9485	-5.8670	3	0.9288	3	-1.0889	0	3	0	2	3	0.8837	1	2	-3.4375	3	3	1	0.4928
-0.8396	1.1168	0.3436	-4.1780	0.9707	1	0	-0.4525	2	0	-1.4797	0	1.8667	2	0	3.8816	1.1112	2	3	1	3	2	0	2	0	-1.4280	1	3	1	0	2	4.0272	-0.6579	-2.2744	2	2	-0.7402	-2.4156	1	0	-0.5716	1	-0.2666	0.7847	-3.8911	1	1.9676	0	4.3171	-0.2553	-1.3413	2	-7.0782	2	-3.2632	-1.6376	0.5868	0.8326	3.9840	0	1	-11.5372	0	0.7262	2	-6.3056	0	3	0	-0.8347	-2.5596	5.3210	5.2293	1.4626	-3.3454	-2.1729	-16.3404	3	0	3.3696	-1.9570	-8.4915	-1.0463	0	-0.6204	1	0.7476	0	3	2	2	0	-1.9690	0	2	14.7231	2	0	2	3.3788
-0.0819	1.0327	-1.5408	1.4340	1.2745	0	3	-4.9043	0	0	1.2376	2	2.1475	2	0	-0.1615	-2.5835	3	0	3	3	3	2	2	1	0.6769	2	2	1	1	0	-2.5094	-0.0304	1.3991	0	1	0.5929	2.4361	3	2	2.0593	2	-5.6015	0.8553	-2.5263	2	-4.6912	0	-3.1061	0.8172	-0.7052	3	4.3102	0	-1.3399	0.2536	0.2890	-1.6211	-1.2456	1	2	4.7956	0	-1.6503	1	2.6101	1	2	0	-1.0893	-5.9211	4.5941	0.7841	-1.2436	-1.2029	-2.4515	7.3947	2	2	2.2350	0.8332	8.4711	2.7420	1	0.3608	3	-5.1350	3	2	0	1	2	0.8640	3	2	-4.9684	1	3	0	-0.5022
-0.9213	0.5597	0.6891	1.1713	2.4796	1	3	2.5145	2	2	1.3457	1	0.7408	2	0	0.6240	1.5594	1	3	2	0	0	3	0	0	-1.9459	1	3	1	2	3	0.6960	-1.3053	-4.2938	2	0	-0.9259	-4.3958	2	1	-1.0425	2	4.4552	-0.7176	-0.7071	0	4.2199	1	4.9655	-0.9156	-2.2334	1	-8.7926	2	-4.1741	2.5229	1.3156	-3.1647	0.9790	0	0	-10.1592	1	0.3898	2	-7.3953	3	0	3	-0.7770	5.7497	4.7308	6.6580	-0.8528	2.6612	-1.7923	-12.4545	3	3	-1.1460	-1.6061	-14.2078	-0.4765	0	1.1015	2	1.4659	0	3	1	0	0	1.9408	2	2	16.3302	3	0	1	-3.0560
1.5015	-0.6872	1.0363	-3.0687	1.9569	3	2	1.0217	0	3	0.2817	2	0.9756	2	3	-0.5902	0.7668	1	0	3	3	3	1	0	0	-0.6037	0	2	2	3	1	-2.6603	1.0164	-3.1767	2	0	4.8254	-6.6040	0	1	0.2940	1	2.0112	0.0060	-1.9601	3	1.6235	1	1.6819	-1.0062	-0.0436	2	-1.2230	3	-1.5166	0.4218	2.1633	0.1499	2.0390	0	0	-1.1039	1	1.1211	2	-0.6274	3	0	2	-0.8820	1.8283	4.2728	0.4597	-1.9363	-1.9488	-0.3489	2.2818	3	1	-2.5049	-1.2134	-4.8087	2.0795	1	0.9850	2	0.6902	0	2	1	3	0	2.0558	1	2	3.4943	1	1	1	2.7515
1.4329	0.8730	-2.9850	-3.3023	-0.9806	2	1	-0.5511	1	3	1.3668	1	0.8321	2	1	1.3613	-2.4797	3	0	1	2	2	1	2	2	2.0428	1	2	0	1	0	-1.6713	-0.2158	-2.9253	0	1	0.5298	-4.2861	2	2	2.2969	0	-0.0496	-4.1252	2.5980	0	0.5046	0	-0.0527	-0.3634	0.2209	2	0.9865	0	-0.7276	1.0386	-1.5515	3.2587	-2.5564	0	0	-0.0161	3	-2.2886	2	-1.7515	3	2	3	-0.3546	-2.0506	-2.7791	0.3117	-0.5086	0.3143	0.4144	0.1574	3	0	-0.3497	0.4438	-1.6983	1.3999	1	0.5667	1	-0.6026	1	0	1	0	2	-0.1978	0	3	3.2530	0	3	1	3.4575
-0.5973	-1.3852	2.8662	-0.9460	0.7293	3	0	-3.3567	1	2	-1.1135	0	-1.7624	3	2	-0.1983	2.4450	2	3	0	1	3	2	0	0	-0.2400	0	2	1	0	2	4.7240	1.2562	-2.3182	1	3	1.2940	-0.2993	1	1	-1.9977	1	-5.0666	-1.4538	-2.3173	2	-4.1878	0	0.5416	-2.5907	-1.3856	3	-2.3083	3	-0.7942	-0.7521	1.0368	0.6877	-1.3276	3	1	-2.3217	1	1.2538	2	-1.1460	0	2	0	0.8330	-2.4882	1.9349	-0.2250	-0.4449	-2.0001	-1.0661	-2.9305	3	2	-0.1582	5.0110	-9.1889	-2.7232	0	0.2156	0	4.3903	2	3	3	0	2	-6.0870	1	2	-1.6658	2	0	2	2.5315
-2.3047	-1.3364	2.5353	0.8681	2.6882	3	1	3.0385	2	0	0.3372	2	3.0873	3	0	1.3201	-2.8641	1	3	0	1	1	0	0	1	-3.0389	3	1	1	0	2	-1.6430	1.2594	0.0127	2	2	-0.8798	2.1662	2	1	-0.6169	0	4.0706	-0.5892	-0.4858	1	4.3517	1	6.5539	-0.1959	-2.2238	0	-10.8618	1	-2.0810	-1.4615	-0.9177	2.6118	-3.4205	0	2	-15.9776	0	1.2232	0	-15.6100	3	3	3	-0.0240	1.7421	5.6965	8.4736	-6.3474	6.0401	0.0315	-18.2962	0	1	2.2178	0.2249	-21.5609	-2.2611	0	-0.0403	3	1.6259	1	0	2	0	0	-1.3321	1	2	20.8681	2	0	1	-0.6417
0.2348	0.7370	-0.1354	2.5678	0.8570	0	2	-0.0104	0	1	0.8669	3	2.1575	0	2	-1.3498	1.0984	3	0	0	1	0	2	1	3	0.8741	1	3	3	2	1	-0.5259	-2.8141	0.2443	1	2	-1.4559	0.7370	3	1	-3.3068	1	-1.4824	-0.7227	-0.9664	2	-2.1621	0	-4.7698	-1.3289	-0.3226	1	6.6532	1	-0.5698	1.8407	1.8423	1.3321	2.5602	1	1	11.4292	0	-0.8811	1	7.7540	1	0	1	-0.9901	3.6879	2.9699	-4.6151	0.9590	-2.1762	-1.7777	13.1771	2	2	-0.6194	0.6837	14.2290	2.8508	1	0.6813	0	0.8357	0	2	1	0	1	-0.1836	3	2	-13.2336	3	3	0	-1.6265
-0.6176	-0.7451	0.7469	0.7807	-1.4093	3	2	3.3559	1	3	-0.9701	0	-0.8383	1	2	-1.3239	1.7125	2	3	0	1	1	3	1	0	0.8231	1	0	2	2	0	-1.5389	0.8282	-2.0371	3	0	-0.6592	-0.7513	1	2	-0.6049	0	2.5729	0.9393	1.3092	3	3.3772	1	-4.0051	-2.1854	-1.1989	1	5.2403	3	-1.4739	0.4884	1.6151	-1.9011	-3.5634	0	1	5.5265	1	0.9852	2	8.4910	3	3	1	-0.2999	4.2500	-5.7934	-0.7295	1.9717	3.6508	-0.9143	9.4721	1	2	-2.4840	1.4233	1.8725	-1.5139	1	-1.3562	1	1.1145	1	3	0	0	1	3.0079	1	3	-6.9283	2	3	1	-1.6282
1.1552	-0.5877	0.0729	0.5385	-1.4991	2	1	-1.6120	2	1	-0.6252	0	2.8107	0	0	0.6520	1.7921	3	0	2	2	1	3	2	0	1.1339	0	3	1	0	3	4.3562	-0.9862	1.1168	1	3	-0.6006	1.3477	1	1	-3.4372	2	-4.5525	-2.6830	0.0471	0	-3.5016	0	-0.2564	-0.9642	0.0975	2	1.4116	2	-1.9777	0.3567	0.5028	-1.8567	-1.2314	1	1	3.1258	0	0.5051	1	3.7567	1	1	1	-0.2806	-2.5206	-3.7562	-2.0601	-1.3437	-0.7042	-0.1089	1.8836	2	1	1.8254	0.4209	4.1331	1.9732	3	0.7703	3	3.2683	3	3	3	1	3	1.5580	2	1	-2.0391	2	2	0	-0.5600
-0.2636	-0.1247	2.1909	-0.0926	-1.3679	1	0	-0.8609	1	2	-1.5276	1	1.1887	0	3	-0.1500	-1.6874	3	3	3	0	0	1	2	1	0.9408	0	0	0	3	0	-2.8702	0.3577	-0.3079	2	3	-3.7323	-0.8000	0	1	-0.1378	1	0.4416	-0.5254	-0.9272	3	2.4749	3	-2.0313	-0.7330	-0.3186	3	1.0942	3	-1.1969	-1.0265	0.0448	-0.0663	1.9174	0	1	-2.1193	1	0.4947	3	-0.6898	0	1	3	-0.4812	-0.2491	-0.3309	-2.5702	3.9273	0.0748	-0.8509	-1.4037	0	1	1.0897	-2.4413	0.6181	-5.3577	2	0.5819	3	2.7151	3	0	2	0	3	1.4093	2	3	-4.7258	3	3	2	1.2054
-0.1695	0.2905	-1.3939	0.3761	1.2562	0	0	0.2189	2	3	0.4391	3	2.2158	3	0	0.3297	1.4257	3	2	3	2	3	2	0	0	0.0252	3	3	3	1	2	2.7308	-1.3245	2.0574	1	3	-2.0924	2.1218	1	2	0.0088	1	-0.9914	3.5161	-1.6361	1	-3.4166	0	-0.5511	-2.8868	-0.0024	0	2.7659	0	1.6522	0.4528	0.2939	-1.9054	2.2322	3	2	4.7379	1	-0.2871	1	7.0289	1	3	0	-1.3672	3.8980	2.9839	2.4122	-2.1969	-1.4862	-1.3539	4.6829	1	0	-0.0443	-1.0735	5.6267	3.5929	1	1.6105	0	-2.5227	0	3	0	2	0	3.0013	3	2	0.9240	3	3	0	0.2380
0.7904	-0.1960	1.1298	2.2525	0.5422	1	2	1.5530	3	3	0.0458	1	0.2255	0	3	-1.6704	-1.4186	0	3	3	1	3	3	0	1	-0.4533	1	0	0	3	0	-1.9683	-0.0940	3.3315	1	2	-1.6612	0.0070	0	1	-2.0492	2	0.0191	0.0970	-4.3149	1	1.5147	1	-0.4102	2.1443	0.9255	1	1.3636	3	-2.8339	-0.8252	0.6137	-0.6007	3.2341	1	0	1.8811	0	0.9370	1	-0.8950	3	3	1	0.6025	1.2063	7.9101	-3.0728	-0.1989	-4.2864	0.9057	4.1151	1	0	0.6419	0.3524	4.6336	-2.1620	3	-1.2719	3	1.4628	1	2	2	0	3	0.6545	3	2	-8.5207	1	3	0	-2.0736
0.6823	-0.3828	-0.6382	-0.0355	-0.7797	1	0	-2.1966	1	2	-1.5181	0	-1.2566	0	0	0.0967	0.2535	0	1	3	1	2	3	1	0	0.5857	2	2	3	2	1	-0.9708	-1.0054	0.1412	3	0	2.0571	-1.6788	1	2	-0.3376	2	-2.7455	-1.4169	2.2151	1	-1.5494	0	-1.4744	0.4464	0.0792	3	3.9777	0	-0.2110	-1.3723	2.0695	-0.1726	-1.4748	2	1	6.7763	3	-0.3383	1	4.8124	0	2	0	1.6997	-1.8087	-5.2569	-3.1537	0.2357	2.2866	-0.6856	8.3448	3	2	-0.9204	-1.9838	10.0630	-0.6837	1	-0.5112	0	0.3145	3	1	2	0	3	0.8370	3	1	-5.0203	2	3	0	0.5966
0.4530	0.5181	1.8592	-1.9986	3.1963	2	0	1.1729	2	2	0.0086	3	-0.5783	0	3	-0.2915	1.3554	1	2	1	0	1	3	3	3	-1.2249	3	0	3	2	2	1.9749	-0.1540	0.3862	3	0	-0.8775	0.2463	3	1	1.7532	0	2.9874	-3.6656	-3.8089	3	3.6707	2	1.9278	-1.0688	-1.0362	1	-0.7483	3	-2.6619	0.3704	-2.9794	-3.2104	5.1950	0	0	-2.1406	1	0.2512	3	1.1777	3	0	3	-2.3290	4.8923	10.9483	6.6977	0.7403	-2.4994	1.7228	-5.6126	2	2	0.5186	-3.2204	2.8282	-4.5912	0	-1.3484	0	3.2839	2	3	3	2	0	0.0409	3	2	11.6446	2	0	2	1.6958
-0.0645	1.7234	-0.7354	-1.7245	-1.0032	1	0	1.1070	3	0	1.8613	1	0.0149	1	2	-0.4030	-2.5634	1	2	1	2	0	2	0	1	1.4017	3	2	3	2	3	0.2001	-1.7981	-1.7779	1	0	2.1222	-0.5279	3	2	-2.4599	0	2.0850	-0.9709	0.0932	0	1.8045	2	-2.5578	2.5927	1.9612	2	2.8759	2	0.4114	1.5505	-0.7961	-3.3715	3.6116	0	0	2.5684	2	-2.0705	2	0.7449	3	0	0	-1.0627	2.4793	-1.3135	-3.0849	-1.3479	-0.1460	-0.4183	2.3606	3	0	-3.8705	0.9987	-3.1500	1.9632	1	-1.2354	0	2.2341	2	2	2	0	3	-2.8062	3	1	-11.0135	2	3	1	1.3155
0.1554	-0.6890	0.7916	1.8564	1.2319	2	3	1.9043	0	2	-1.7571	0	1.9323	1	3	-0.3927	-1.8121	1	2	3	0	0	3	3	1	0.2694	2	1	3	2	0	-0.5799	-0.1872	-1.0830	1	3	3.5402	-1.5932	2	0	-1.9486	1	3.1813	0.9584	-1.0698	3	3.0861	1	-3.3203	-1.4563	0.5290	0	3.6792	1	1.8670	-0.3410	-1.2406	2.4501	2.2688	2	3	5.2093	3	-2.6885	3	0.5186	2	3	3	0.2770	4.0381	1.9409	-7.6326	1.8408	-1.5652	2.6413	8.1117	0	0	-2.6870	4.2440	-0.0854	3.7932	1	-0.4965	0	-0.5415	2	2	0	1	1	0.2661	3	2	-12.0977	0	3	2	-4.0684
-2.8847	0.5944	-1.1470	0.4906	1.3902	0	2	-1.3364	2	1	1.1754	3	0.9824	0	2	-1.8742	3.4948	1	3	3	3	1	3	3	0	-2.3558	3	2	1	1	3	-1.1921	1.9530	-1.9431	3	0	-0.9771	0.8112	3	2	1.4696	2	-2.9671	-0.1261	1.4133	2	0.2895	0	0.7358	1.7154	-1.7694	3	-1.7883	0	0.3471	0.3971	-3.7283	3.0510	3.5629	0	3	-2.9088	3	-0.8173	0	1.3125	0	2	3	1.2845	0.5367	0.1717	-1.6064	-1.6401	6.4446	1.5457	-2.8808	3	1	1.1635	-0.0269	-3.7915	0.6388	0	-0.1871	3	-0.5004	3	1	2	0	1	0.6056	1	3	3.0962	3	0	3	0.1334
-0.8877	-1.2783	-1.6861	-0.9744	0.4744	3	2	-1.4657	1	3	0.3660	2	-0.4755	3	0	-1.0383	1.4710	0	2	3	1	3	3	1	0	0.8106	3	0	1	3	1	-1.5073	0.1596	-0.5881	1	0	-2.7888	-0.0395	3	2	1.0630	2	0.7479	0.4074	-0.1220	1	1.1972	3	-4.5994	0.3158	-1.1046	2	5.9816	0	-0.4878	-0.0652	0.0305	3.2389	-2.2676	2	0	10.0221	2	0.8898	2	11.0549	3	2	2	0.5769	-0.8256	1.4497	-2.7550	0.5311	2.3432	-0.8543	13.5273	3	2	-1.9662	1.3794	8.7274	4.1170	1	1.3757	1	1.0227	0	2	1	3	3	0.3996	1	2	-9.1550	3	3	3	3.9487
1.8348	1.2015	-0.5047	1.1544	1.4058	0	3	1.9207	2	1	-1.6815	3	-0.0259	1	1	2.5314	1.0826	1	0	3	0	1	2	2	0	0.3708	1	1	3	3	0	0.5318	-0.4670	-0.5073	1	1	3.5334	-4.5830	3	0	-1.8033	1	0.4941	1.8757	0.6225	0	0.0627	0	5.1931	-2.5939	-0.4371	0	-4.2617	0	1.0566	0.3748	-0.5644	-0.4353	-1.0598	1	0	-6.9942	0	-0.0060	3	-2.5334	2	0	0	1.1494	3.2420	-0.8927	3.1676	-3.5356	-1.8736	0.0920	-8.1957	1	3	3.3968	0.2371	-6.3522	5.3220	2	0.9123	3	-1.1456	0	1	0	1	0	0.6929	3	1	4.8988	3	1	2	-1.6741
-0.1511	-0.0540	2.4588	-0.2449	-0.1081	0	0	-0.5809	2	3	-1.8879	2	0.5164	3	3	-0.4035	1.3729	0	3	2	1	0	2	0	3	0.5302	2	0	2	2	1	1.7661	-1.7644	0.5349	1	1	-1.5427	2.8211	1	1	-3.0967	1	2.2606	4.4710	-0.9563	3	-0.7921	2	-1.6250	0.5210	-2.8256	1	0.7499	1	0.0883	-0.3569	1.3961	-0.1086	5.0493	3	2	2.2170	2	-0.1806	1	1.1666	2	0	0	-0.8978	-1.5588	0.9634	1.2336	1.4417	0.4003	1.4554	2.7600	2	1	1.1105	0.3588	5.8961	-4.1505	1	-0.7007	3	-2.0658	2	3	0	2	1	-1.8536	2	2	1.1585	3	3	2	-0.9748
-1.2014	-1.8986	-2.4572	0.1174	0.5900	3	0	0.2733	1	3	0.0098	3	0.0509	0	0	-2.8587	0.2001	3	3	0	3	0	1	2	3	-1.0953	1	3	1	1	0	3.7182	-1.1135	1.4216	0	3	1.0215	2.0197	1	2	-0.7000	0	-1.5707	-1.4508	-0.2083	1	2.4547	0	-1.4591	0.2799	-1.0688	3	1.8264	0	-0.1563	1.0029	0.8495	1.1309	-3.4972	0	2	3.3520	2	1.0661	1	1.4922	3	1	3	-0.7416	-2.0465	-0.4954	1.8279	-1.4008	2.8111	-1.5702	5.5138	1	1	-5.3128	-1.2782	-3.1400	3.0169	1	0.5389	0	1.2077	3	1	2	1	0	0.8416	1	2	1.5388	0	3	0	1.1720
2.1247	0.3119	-1.4104	-1.7170	-1.7853	1	1	-0.1649	1	3	-0.2335	0	-1.2242	0	2	-0.8751	0.9487	1	0	3	3	3	0	3	0	-0.2996	0	0	2	3	1	-0.1230	-0.5496	-1.8457	2	2	-0.7394	-5.9322	0	2	1.5329	1	0.0525	-3.2801	2.6647	3	-1.5409	3	0.3212	-0.9505	2.0252	3	-0.0973	2	0.9750	0.3245	-1.0010	-1.0257	-1.3334	3	0	-0.2185	2	-0.1391	2	1.3403	3	1	1	0.7308	1.3168	-8.2583	-3.3505	2.2512	0.4710	0.2576	-0.5280	3	3	0.1893	-0.0982	0.9780	3.7439	2	1.0954	2	0.9999	0	1	3	3	1	-0.3932	0	3	-6.7043	1	2	2	1.6756
-0.0885	1.5381	-0.3836	2.4441	1.6150	1	0	0.8183	1	3	-0.5698	3	-0.0096	2	2	-1.9011	-0.5326	1	2	1	3	3	1	0	1	1.7764	3	3	0	2	2	1.1786	1.4021	-2.7227	0	2	1.0362	-4.6335	1	0	-2.2259	2	-4.6175	0.2407	-1.8395	2	-3.3976	0	-2.9865	0.1250	0.8864	0	4.9966	3	1.9293	1.0639	0.2266	-0.3762	4.6089	1	1	8.6461	2	-1.4207	2	5.2075	0	0	2	-0.8143	3.8665	6.7188	2.7230	-2.4469	1.5753	-1.9422	10.5959	3	1	-0.8917	1.6790	13.5176	-1.8368	1	0.1924	1	-2.5285	0	1	0	1	2	-2.6525	0	2	-3.6787	2	3	2	-1.6363
1.1065	0.3187	-2.3230	-0.6664	-1.4721	3	0	-0.7388	3	2	-0.5517	3	0.6952	2	1	2.3549	-0.5612	3	1	2	2	1	0	2	2	0.5066	1	3	2	2	1	0.5571	0.1041	2.0726	2	2	-1.0735	2.0923	0	0	-0.5888	3	2.0243	0.2485	1.2791	0	1.5730	1	3.0013	0.5506	3.2339	0	-4.9779	2	0.1702	-1.7504	-0.3262	1.2108	-3.5579	0	2	-3.3269	3	-1.2971	1	-5.2837	3	3	1	0.5103	-3.6858	-4.4465	-2.2085	-3.4227	-1.4826	0.1167	-3.3415	2	3	3.2947	1.6673	0.5895	2.0612	2	1.6802	3	-0.3452	1	1	0	0	3	0.7147	2	3	-1.1721	1	1	0	-1.8871
-0.7701	0.8095	-2.4645	0.1070	-1.4162	2	2	0.3074	1	2	2.7358	3	-0.4621	2	2	0.1136	-0.1910	1	2	2	0	1	0	1	1	1.0808	1	3	0	1	3	-1.1996	2.5361	-2.6185	3	2	-2.1131	-0.4317	1	0	0.1928	3	1.6173	-2.2767	2.6652	2	0.3005	1	-1.8114	3.1088	-0.4154	3	2.0747	2	0.9352	1.0002	-0.1678	0.6262	0.4774	2	0	6.6225	2	-2.8914	2	0.6342	3	1	2	-0.1395	-0.7490	-5.8603	-3.7388	-1.8885	3.3327	-0.5589	9.1670	3	0	-0.4694	-0.9101	9.9838	0.3317	1	0.3717	2	-0.6454	1	1	1	3	3	-1.0089	2	3	-3.1354	2	3	1	0.8277
0.3102	1.0874	1.9708	1.4574	-0.0797	1	1	-0.9686	0	1	0.0344	1	-0.2520	3	3	-1.4387	1.9959	0	1	0	2	3	2	0	2	2.3276	0	2	0	3	0	3.3868	0.2816	-1.0556	1	3	0.7820	-1.0654	1	1	-0.1462	2	-1.8590	2.5078	-1.5477	0	-0.7407	0	-4.8381	-0.6711	1.7177	1	4.4400	1	-0.6034	1.3754	1.0181	-1.2173	4.3778	0	1	5.3012	1	-0.4323	2	5.7269	2	2	1	0.0995	0.3887	1.6362	-3.4554	1.1572	-4.1952	-0.3411	6.6720	3	3	-2.3466	-2.3191	2.7282	-0.1558	1	0.8919	2	-1.5289	0	3	0	1	3	-0.0447	2	2	-12.7733	3	3	1	-1.2462
1.5528	-1.9237	-0.2320	1.7737	1.3011	3	2	-0.6254	0	2	-1.2451	1	0.7726	0	1	-2.4061	0.7846	3	0	0	1	2	2	0	0	-3.5456	1	0	1	0	2	-0.0771	-1.9317	3.4372	0	2	-0.7414	3.6025	2	0	0.0692	2	1.1098	-1.5241	-2.5899	2	0.7102	1	3.2241	-0.2124	1.8979	0	-4.8477	0	-0.9181	2.3961	-0.2274	0.2724	-3.4813	2	2	-6.4835	3	-1.0162	1	-5.2129	3	2	0	-0.3252	-0.5226	9.8081	0.9743	-1.6095	-3.3221	-0.4823	-9.3439	1	3	-3.9421	2.6107	-16.7388	-2.1287	0	-2.8143	2	6.2808	2	0	2	0	0	3.9094	1	2	4.3584	0	0	0	-1.9070
-1.1829	-0.4089	-0.0903	-2.3019	-0.9905	2	3	1.3944	1	0	1.6160	1	0.2849	3	3	1.7478	2.2217	0	1	1	1	3	0	2	0	-1.3531	2	2	1	0	2	-0.7391	-1.1895	-0.5260	0	0	-1.2797	-2.1703	0	3	-0.6290	3	-0.4592	-1.8515	-1.6180	0	0.4275	1	6.3983	1.3009	0.6969	2	-8.0326	0	1.3996	-0.8957	0.4531	3.4999	3.0865	1	0	-10.7477	3	1.8340	0	-6.1975	3	3	2	-0.0946	1.4563	2.7274	4.4816	2.7146	1.1725	0.0227	-11.4797	3	1	3.5203	0.3111	-9.1622	-2.3207	0	-0.6561	2	4.9986	1	2	2	0	0	-1.0821	1	2	14.8151	2	0	3	0.7749
-0.3027	1.8092	1.1530	1.0794	-1.0273	0	1	2.4729	3	1	0.6251	1	-0.1636	3	3	-0.3744	1.6038	3	3	1	1	3	3	3	0	0.6067	0	3	0	0	1	1.6651	0.9931	3.7419	0	0	-0.3122	6.1860	1	1	0.6943	0	4.6264	1.4294	1.4936	3	1.0612	1	-2.3593	1.0165	-0.0024	3	5.2488	3	0.2254	0.4959	-0.8535	-2.3233	1.1543	2	2	11.6308	3	-1.5568	1	8.1163	2	0	2	-0.2947	4.4876	-2.8008	1.0760	-0.3975	-0.3439	1.2667	15.1135	1	0	2.7671	-0.1962	17.6220	-3.6104	1	-0.0014	2	-0.3736	3	1	2	1	2	-1.9115	0	1	-2.5834	2	3	2	-3.4997
0.1132	0.8036	1.3705	3.0983	0.7050	0	1	1.0380	1	2	-0.5459	2	-0.2639	3	2	-0.9517	2.0941	0	1	1	1	1	1	0	0	1.1832	3	2	1	3	2	2.4629	-0.8871	-2.2405	1	0	2.8201	-5.1101	1	1	-0.0204	3	3.8520	0.3861	-0.4758	2	0.3854	1	-5.0326	0.8145	-0.7826	1	6.5924	3	-0.2663	-0.9489	0.9740	-1.0007	2.4400	3	0	8.2408	1	0.6234	0	9.9131	3	3	2	-1.0260	0.7224	0.7654	0.1528	-2.3303	-0.3091	-0.8509	11.8408	0	1	1.3759	1.6562	15.5003	-0.8122	1	2.9300	0	-1.3511	0	3	2	2	0	-0.4747	1	2	-6.4789	1	3	3	-2.6990
-1.4055	-0.6284	-2.5633	-0.2976	1.9916	2	0	3.5908	3	3	-1.0522	1	-2.9705	0	0	0.1964	-0.0008	1	2	0	1	1	3	2	3	1.9313	1	1	3	1	1	3.1915	-1.9952	1.6330	3	0	-0.6901	3.4944	3	3	0.6211	3	5.3114	0.4975	-2.1810	1	4.9969	1	-2.4810	-0.8068	-1.3765	1	-0.9343	0	-0.5426	-2.1411	0.8241	0.1271	-0.4955	0	2	-2.1030	2	1.1602	1	-0.5771	2	3	3	0.8269	3.0066	7.7489	0.4657	0.1197	0.4176	-0.8625	-6.1403	1	2	-0.3280	1.6218	-4.0837	0.5927	2	0.2672	1	-2.0043	3	3	0	1	0	-3.1831	1	2	3.4532	1	0	0	-2.1064
1.5777	-0.8699	-2.2731	1.2578	0.4046	2	2	0.6759	1	0	-1.6196	0	-1.1341	2	2	-0.1465	0.9715	0	1	2	0	2	0	1	0	0.7673	1	0	2	1	3	-1.2189	0.0646	-2.8946	1	2	-0.8959	-3.8400	0	0	-1.2619	1	-1.2932	-0.0396	-0.3989	2	1.5099	1	-4.2018	-2.0567	2.0225	2	5.1539	2	0.5487	-0.2209	1.0703	0.3538	-0.6444	2	0	4.5611	1	-0.0458	0	7.8556	1	3	0	-0.2125	4.2087	-2.1982	-2.9470	3.2233	-2.0383	-2.5611	5.9706	3	0	1.0526	-3.9889	10.4936	3.8010	1	0.4817	0	-0.7559	3	0	0	3	3	-1.2532	0	0	-10.4030	1	3	3	0.8105
1.1007	-0.5762	-3.3408	1.9244	-2.7367	2	0	2.7387	2	2	1.2963	2	0.4559	3	1	-0.0005	1.3979	1	0	0	3	0	2	0	0	0.8390	0	2	3	1	2	2.6901	1.3314	1.7576	3	1	0.0086	0.7250	1	3	0.3623	0	4.7065	1.0342	0.5069	3	6.7910	1	-4.7567	-0.6846	0.9171	2	10.4218	0	1.0938	0.5764	0.3981	0.2271	-0.6882	0	3	15.5752	2	-0.3791	1	13.8282	2	3	0	0.1099	3.3316	-3.2971	-1.1457	-1.4020	-0.2659	-0.5134	19.4863	2	2	1.9946	6.7157	18.9456	4.5602	1	1.5741	1	-1.5014	0	3	3	2	1	2.4728	0	3	-10.9358	1	3	0	-1.1454
-1.6810	0.5274	-3.4737	-0.5997	2.9163	1	1	1.1189	1	1	-0.2056	3	0.8685	1	3	-0.7028	1.9061	2	3	1	3	0	0	3	0	-0.5177	0	3	2	1	1	1.9979	0.6868	-0.5682	2	0	-0.2997	0.8251	1	2	-1.4916	1	5.1067	2.5110	0.6146	3	0.6892	2	2.1141	1.0403	-1.4796	3	-4.1380	0	1.0701	-0.3687	-1.2769	-0.6843	-0.6108	2	3	-8.5886	1	0.6073	2	-1.9674	2	3	2	0.4817	0.5440	2.0935	3.2705	-0.4886	1.8058	0.1792	-9.3442	3	3	-0.2861	0.3671	-12.4005	1.0475	2	-1.7755	2	-5.5017	3	1	0	1	0	1.2981	0	3	7.2285	1	0	1	2.1908
-1.4130	0.5324	1.2880	-0.7057	2.6924	1	0	1.2434	2	0	-2.5099	3	-0.9269	3	2	0.9468	0.7282	0	3	2	2	3	2	0	0	-0.8252	3	0	1	0	1	1.8799	-1.9421	-1.8948	0	1	-3.2084	0.8659	3	0	-0.0832	3	-0.2290	1.5853	-1.2830	2	-2.2256	0	3.4067	-1.5013	-1.1382	0	-6.6739	3	0.2949	2.4195	2.5598	0.4887	3.2652	1	3	-13.9277	2	-0.6641	0	-6.5705	2	0	0	-2.9156	6.1493	5.4349	12.0368	0.3131	0.2840	-1.2742	-17.7262	3	3	1.3365	1.4969	-17.6802	-4.1167	0	0.7450	0	1.3961	0	0	0	2	0	-0.5800	1	2	19.0906	3	0	3	1.3066
0.9081	2.9811	-3.6024	0.3491	-1.4236	1	0	0.0058	0	1	0.5900	3	-0.5802	2	0	0.4736	2.8964	2	1	1	3	1	2	0	0	-0.9838	0	3	3	1	1	3.9214	-0.3477	0.8085	2	2	-3.3211	1.5577	1	0	1.6889	1	2.0146	-1.7783	5.3568	1	2.3807	2	5.4384	2.8285	3.0641	0	-3.6959	0	0.6058	0.0598	0.4321	-2.3842	0.6431	0	2	-5.3617	3	1.3581	1	-2.4656	3	3	0	-0.4444	4.2146	-12.0805	3.0750	2.1563	4.6581	-0.1192	-6.5336	2	2	1.4870	-0.0627	-5.3305	3.5125	2	0.7383	0	-3.9869	1	3	0	1	0	-0.1180	3	1	6.0727	1	0	0	-2.7623
-1.2870	0.3406	-0.3162	0.4408	-1.1239	3	3	-0.3705	0	1	0.0496	2	-1.9480	1	0	4.2715	1.1090	3	3	1	2	1	0	2	0	-0.1044	1	1	3	2	0	0.7650	2.3112	0.6635	3	2	0.9589	0.9696	2	1	-1.9444	2	-3.8960	4.3005	0.6863	3	-3.1292	0	6.3823	0.8294	-1.1783	1	-6.8131	2	2.4620	0.7681	1.5417	1.9537	1.2794	1	3	-7.7334	0	0.3294	1	-4.7542	1	3	1	1.8336	-3.6070	-2.3608	4.2587	-0.8276	1.5697	-1.6369	-9.8752	1	1	5.7278	1.8009	-3.0059	0.2308	0	-0.7440	2	-4.3257	1	1	0	1	2	-1.4391	0	1	9.7931	1	1	0	1.6714
-0.5776	1.1062	-0.4184	1.7651	-1.1888	1	3	-0.7866	0	0	-1.1122	0	-1.9802	2	0	0.5482	-1.2614	2	3	1	3	0	1	0	3	1.8192	1	1	2	1	0	-1.5361	-0.0062	-2.8887	0	3	-0.4826	-3.0847	0	2	-0.4907	2	-2.8511	-1.2999	2.2757	1	-4.5078	0	-3.3506	1.2314	-0.6698	3	5.9974	0	-1.3604	2.0475	-0.9684	1.6017	0.7301	1	0	8.1098	2	0.6979	2	4.9528	3	0	2	-0.1494	1.2431	-5.0327	-2.1844	0.4628	4.7756	-2.1392	9.0367	0	1	-0.3923	-1.6167	10.5774	-0.7491	1	-0.2163	2	-1.0132	2	2	2	3	3	1.0639	0	0	-9.6154	1	3	1	-2.5766
-1.3491	-0.3878	0.2608	1.0287	1.9065	2	1	-0.5692	1	2	-0.3617	3	-1.2016	2	3	-0.3736	0.9187	0	3	3	1	1	3	1	0	0.5105	1	1	1	0	1	0.4778	1.3945	-3.1498	2	0	4.6733	-2.7757	1	3	1.2596	3	1.2371	-1.5105	-1.2938	3	1.2353	2	-2.8313	-0.5596	-3.3807	0	1.1996	0	0.5464	1.2532	0.5393	0.7059	0.1986	2	1	2.6335	3	-1.6869	2	0.6569	3	2	3	-0.4635	-0.2573	2.1242	2.7381	2.2216	-0.3930	-0.3868	3.9642	3	2	0.8522	1.4554	1.9622	4.2900	1	-0.8737	1	-5.0345	2	3	0	2	0	4.1789	3	3	4.6887	1	3	2	-0.7832
1.7107	4.1587	-1.6926	-3.1959	-1.6822	1	2	0.8013	1	3	-1.0227	3	1.1566	1	0	-0.6003	-1.5626	1	1	1	2	0	2	0	3	-1.7449	3	0	0	2	0	-1.8105	-1.0617	-0.9846	2	1	3.9905	-4.1868	2	1	0.4408	1	2.4193	0.9204	1.0281	1	2.7520	2	2.7788	-1.0764	1.2626	0	-1.9738	0	-0.0791	0.6614	-0.0698	-2.1376	6.3781	0	0	-3.0394	0	-1.3292	0	-2.9552	3	0	0	1.9069	7.9395	-5.0667	-1.6780	4.2082	-0.3050	0.0130	-0.6534	1	3	0.3802	-0.9693	-3.1897	7.7624	2	-1.6946	3	-4.2251	3	2	0	1	1	-0.7126	3	1	1.1587	0	0	1	2.4505
1.9797	1.1568	-1.4100	-0.3977	-1.7440	1	0	2.1868	0	2	-0.9209	2	1.5629	0	0	0.5939	2.9092	3	0	2	3	0	1	2	0	0.3141	2	2	0	1	0	2.0104	0.3482	1.8530	0	2	1.9001	-0.0966	1	2	2.6160	1	2.2738	0.6838	-0.4266	1	0.8949	1	1.7739	0.6411	4.0248	3	-2.6481	0	-0.6246	-0.4411	0.1821	-2.3420	-0.6499	2	2	-1.7715	0	-2.7098	3	0.1005	0	3	0	0.3547	1.5793	-2.5796	-6.7956	1.3524	-3.0968	-0.6866	0.5831	1	1	2.0233	-2.2717	8.0611	1.2556	3	0.2870	1	-2.5181	2	1	0	1	1	-2.0776	2	1	-2.5994	2	0	0	-0.6200
-1.5446	0.8855	0.8511	-2.6443	1.6228	2	0	-4.4229	1	3	0.7936	2	-0.7941	3	0	1.1285	-0.5304	2	3	2	0	3	2	0	3	-0.0330	3	3	0	2	0	0.6564	-0.1629	0.8828	1	0	-0.7099	3.0833	1	1	-1.9003	0	-3.6458	1.6262	2.7766	1	-4.6669	3	3.6668	-1.2198	-2.7017	1	-5.3195	1	-0.1895	0.3520	1.6627	0.8752	-4.2160	1	2	-9.0986	3	0.4537	1	-6.4065	1	2	0	-0.1017	-1.7299	-1.0459	6.4779	0.3585	5.3963	-1.1213	-13.1058	0	0	1.2746	0.6941	-10.6235	-1.3838	0	-0.6243	3	-5.7874	3	0	0	1	0	-4.5029	2	1	12.3235	2	1	0	3.2574
-1.0449	0.5328	0.2519	-1.7258	-0.3558	0	0	0.9834	3	1	0.0697	1	-0.7043	2	3	1.3860	1.6430	3	2	1	0	0	2	2	0	-0.4611	2	2	2	2	2	-0.1477	-0.1879	0.2871	1	1	-1.5238	2.5353	0	3	-2.4628	2	2.3266	0.7367	-4.0514	0	1.4167	2	0.2203	-0.5270	-3.0104	2	-0.2537	0	-0.2816	0.8163	0.6152	0.3131	3.2055	0	2	-3.7391	1	-0.1309	1	0.3115	3	0	0	0.0259	1.6280	5.2649	3.0031	2.2650	-2.2301	1.0945	-1.0958	1	1	1.7421	4.0532	-6.1404	-0.7950	0	0.1836	0	-3.0791	0	0	0	1	0	0.7628	0	2	1.8958	1	1	3	1.4322
-1.1168	-0.5606	-1.8520	-2.4603	1.4596	1	1	-3.5404	3	2	1.2891	1	0.2155	3	2	0.3536	1.3239	1	3	2	3	2	3	2	3	-1.2554	3	1	3	1	0	0.3333	-1.1569	4.5952	1	0	-2.1158	6.6090	3	2	2.4856	3	-6.6247	1.2676	-1.1366	2	-5.2335	0	3.2344	0.3317	-1.2925	3	-5.8538	0	1.0659	-0.2456	-0.3116	-3.6850	-2.2438	1	2	-6.8984	2	1.1947	1	-6.2971	1	2	0	1.0113	-6.2554	3.3561	2.0040	-1.0596	-0.2875	0.3421	-8.6587	1	0	1.1134	3.2412	-10.3578	1.9359	0	1.7867	0	0.2957	0	0	1	0	0	0.5709	3	1	4.5822	3	0	0	0.9439
-1.4106	2.7815	-1.5409	0.3185	-1.8700	1	2	-2.9290	0	0	-1.3325	0	-0.6259	3	1	1.9250	-1.9174	3	3	3	0	0	3	2	1	1.6658	3	1	2	1	0	-4.3797	0.0315	0.7032	3	0	-1.6184	2.4399	0	3	-1.1646	1	-6.5882	-0.3971	3.5847	3	-2.4345	0	1.2297	0.3340	-5.5002	2	-4.3761	0	0.8036	-1.8183	1.2763	-0.6039	0.8164	1	2	-7.1401	1	0.6712	1	-5.9826	1	2	1	0.5080	-1.2816	-9.1257	8.1374	-1.6418	2.8992	-2.0132	-9.5288	0	3	3.8441	-1.4983	-4.2790	-0.8702	0	0.6993	2	-1.7889	3	0	0	3	2	-1.5309	3	1	15.2227	1	0	2	-0.4336
0.3033	-0.2036	-1.6306	-1.5306	-2.0033	0	1	3.0171	0	1	1.3156	3	0.9704	1	1	-1.9238	0.4452	0	0	3	2	3	3	0	0	-0.2243	2	1	2	2	0	0.8241	1.4213	-0.2258	2	0	-0.3190	-0.4052	2	3	-0.1992	0	5.9768	0.0201	1.4080	1	3.9813	1	-0.6093	0.3987	2.6540	0	2.2861	0	-0.5773	0.0198	1.5966	-1.4336	0.1535	0	3	1.5118	2	0.0176	2	-0.1076	3	3	1	0.5014	4.8423	-7.2518	-4.9958	-3.0809	1.3937	-2.8711	2.1601	3	0	-3.1472	-0.1331	-1.9823	2.6423	3	0.3731	2	0.7198	3	3	1	1	3	1.7110	0	1	-6.7120	2	3	1	1.1428
-0.1761	-2.0511	-1.5481	1.8269	-0.6218	3	2	3.1661	1	1	-1.9507	1	-1.2298	1	2	-0.1548	2.3567	2	2	0	1	2	0	3	0	-0.5810	1	1	3	1	1	1.2112	0.4118	-0.0282	2	3	0.0738	0.9698	1	3	0.3919	2	2.8627	1.3341	0.3980	2	0.4793	1	1.2065	-1.7713	-0.1170	3	0.1481	0	-0.7303	0.1918	-1.2465	0.2725	-1.5803	2	2	0.5462	0	0.0928	0	1.0171	3	3	3	-0.4937	2.6199	-0.2001	3.5008	-0.2440	-1.9420	0.3325	0.5438	0	3	1.4324	-0.1813	5.2043	3.8793	2	-1.9446	3	-0.5375	2	3	0	3	2	1.0847	2	3	5.7275	2	0	3	-0.0909
1.8921	-0.7565	-0.3312	0.4100	-1.2727	3	1	-3.0093	2	3	-2.1705	0	0.8756	0	3	1.4973	-0.0208	1	0	0	1	3	1	2	1	1.3283	3	0	0	3	3	0.2705	-1.6328	-2.4842	2	1	0.4791	-7.3731	3	2	0.1906	1	-8.8401	-3.9936	4.0991	2	-8.0935	0	-1.0378	-2.4590	0.8296	3	4.4304	0	-3.6159	-1.2736	-0.7621	-2.4076	-2.4750	3	0	6.4622	2	0.6143	2	4.5022	1	2	2	1.3163	-2.8919	-9.6898	-3.9226	-1.0327	0.9387	0.6378	7.9824	3	3	0.4861	0.9762	10.0153	1.9907	1	-0.9159	0	4.6973	1	2	2	0	1	-0.9233	1	1	-10.1825	0	3	0	0.6388
0.7479	0.9375	-4.7083	-1.4153	3.5020	2	3	0.9817	2	1	1.2338	1	-0.6369	0	3	0.8113	1.1548	1	0	1	1	3	3	2	0	0.5188	3	2	0	1	2	-1.8947	-0.0531	2.6315	3	1	1.2103	-1.3578	3	2	0.6015	3	4.5750	0.6088	-3.1798	3	4.9728	2	1.8691	2.4779	1.4244	3	0.3676	0	-1.0434	-0.8416	0.9779	0.0911	2.9041	0	1	-4.9997	1	3.2992	1	2.1798	2	2	2	-0.9126	-2.9267	10.2173	1.0254	2.6686	-2.3296	1.5825	-7.7750	2	2	-0.3555	3.1901	-8.7365	4.1244	2	-2.6295	1	-1.2539	2	1	1	3	0	1.6986	1	2	5.6584	3	3	0	3.2589
-0.5733	1.4596	3.0208	-2.2757	-0.9108	1	3	3.7989	3	3	1.3957	0	0.1145	3	3	0.1601	-1.6904	1	0	1	0	3	1	0	1	2.4047	3	2	2	3	2	-1.2516	0.6762	1.4311	0	1	0.5204	2.3884	0	1	-0.8212	1	6.6129	-0.8095	4.1067	3	5.2210	1	-3.0512	2.8336	-1.5878	1	2.4832	1	1.4328	0.0791	2.5613	-1.5098	-0.6921	0	0	1.2639	1	1.8200	3	-0.4494	3	0	2	-0.5836	2.5124	-7.3660	0.8392	-4.3456	3.5320	-1.2497	2.4337	2	3	0.2716	2.0261	2.9377	-5.3447	1	0.2618	3	2.9974	0	1	2	0	1	1.4935	1	1	-0.7592	1	3	0	2.1913
0.5521	-0.5694	-1.5210	3.7664	0.5336	3	3	-2.2686	1	3	-1.2394	3	-0.7298	1	2	-1.5629	-1.1135	0	0	3	0	0	2	3	1	0.2842	2	1	3	1	0	-5.0911	-0.4726	-2.8894	2	3	1.3225	-4.8189	0	2	-1.4496	2	-1.8240	1.5974	-0.9171	2	-2.8929	3	-5.7001	3.6249	1.2220	3	7.8364	0	1.0836	1.1971	-1.5180	1.1429	-1.1430	1	0	9.7519	3	-0.7258	2	7.6616	1	1	0	-1.1205	-4.4278	0.8166	-2.8781	3.1778	-0.7941	1.7006	12.4785	3	1	-3.7349	3.3748	5.9288	3.5065	3	-1.0942	0	-2.4140	2	0	2	3	1	-0.2243	3	3	-11.3973	0	3	1	-2.4906
-0.8724	-0.5326	-0.4742	-0.5771	-1.2148	3	3	1.5719	1	1	2.9828	1	0.4013	0	0	-1.1720	1.1967	1	3	1	2	3	0	2	0	0.8614	1	2	3	0	0	0.0369	-0.9869	3.4089	2	1	-0.6822	6.5549	1	1	-0.3345	2	1.3734	1.7156	5.0398	2	0.6617	1	-4.4913	2.0352	-1.0935	1	2.8951	2	2.4055	0.2420	0.3906	0.7771	-3.6841	0	2	0.8809	0	2.7171	1	6.5834	2	0	2	-1.4797	0.0899	-6.8257	-2.3495	-1.4710	5.4614	-1.3897	-0.8953	2	0	-1.9804	-0.2986	-0.5676	-1.6943	1	1.9051	0	0.0198	0	1	1	2	1	-1.0120	1	0	-6.6086	0	3	0	0.3176
-1.0449	2.6333	-2.2833	1.8870	-0.5741	1	2	1.2023	0	1	0.4659	1	0.3083	0	2	-0.3115	-0.3920	0	3	1	3	3	1	3	0	1.2157	2	3	0	2	2	-1.4520	0.5193	0.2569	1	0	-2.4329	1.9374	2	2	-1.1660	0	0.2617	-0.6347	4.0439	2	3.1857	0	-2.2535	0.7411	-3.6152	2	2.8679	0	1.0070	0.2883	-0.9755	0.3773	2.0675	2	3	5.4058	2	-0.3266	1	2.5482	0	0	2	0.0733	5.4406	-6.6619	3.6248	-2.6783	6.9242	0.5033	6.3117	2	3	-1.6473	1.1454	4.2029	6.9499	1	-1.0690	3	-2.7174	3	0	0	2	2	-1.2361	1	0	1.1249	0	3	0	-1.1374
0.9620	-0.2532	-2.1144	0.9246	0.1648	3	1	2.1221	2	0	-1.2680	2	0.7210	2	1	-1.9685	1.2051	3	1	0	0	1	0	1	0	-0.1665	2	2	0	2	2	3.5859	-0.0940	-0.8329	3	2	4.0244	-3.2373	1	2	1.6923	0	2.0828	-2.4378	0.3090	0	1.5727	1	-3.2849	1.2394	0.9416	3	3.4179	0	-0.8077	-0.1494	-0.5312	2.0844	-2.0748	3	1	5.4832	1	0.8261	3	6.3679	3	3	1	1.2552	0.9876	1.0404	-7.1231	0.9958	-0.2269	-1.8730	6.2242	1	2	-3.8307	2.6890	-0.2476	5.1762	1	0.4460	1	0.6970	3	1	2	1	3	-1.5353	1	2	-12.1771	2	3	0	-2.2048
1.0327	0.4150	0.8078	0.6574	-3.0732	1	1	-1.8591	2	0	-0.7537	2	1.1051	3	3	-0.0606	0.5870	2	0	1	1	3	2	1	3	1.7827	3	0	3	0	0	2.2828	0.8187	1.0075	0	1	1.1533	1.0748	1	2	0.7717	1	-4.6519	0.6088	4.6388	3	-1.5355	3	-4.4702	0.2412	2.4644	3	5.0123	2	0.0980	-1.4919	1.0409	-2.3762	-2.2881	3	2	5.2960	1	0.7925	1	7.8503	0	2	0	0.0354	0.0239	-12.3464	-5.5921	2.0073	1.7408	0.0460	5.4651	0	1	-1.4799	-2.0347	6.8937	-2.7453	3	0.4173	1	-1.0372	0	1	2	1	3	1.5981	3	1	-13.5495	0	3	2	-0.0431


