
X1	X2	X3	X4	X5	X6	X7	X8	X9	X10	X11	X12	X13	X14	X15	X16	X17	X18	X19	X20	X21	X22	X23	X24	X25	X26	X27	X28	X29	X30	X31	X32	X33	X34	X35	X36	X37	X38	X39	X40	X41	X42	X43	X44	X45	X46	X47	X48	X49	X50	X51	X52	X53	X54	X55	X56	X57	X58	X59	X60	X61	X62	X63	X64	X65	X66	X67	X68	X69	X70	X71	X72	X73	X74	X75	X76	X77	X78	X79	X80	X81	X82	X83	X84	X85	X86	X87	X88	X89	X90	X91	X92	X93	X94	X95	X96	X97	X98	X99	X100
-0.0307	-0.6462	-2.4768	1.7111	-0.9205	2	3	0.8199	1	0	0.5504	2	-1.0147	2	2	1.2577	1.5387	3	0	0	0	0	0	2	2	3.6620	1	2	2	3	2	2.3508	-0.7561	2.0347	2	2	-0.9563	3.0428	2	2	-2.0997	2	1.5950	0.2793	-0.9572	1	-2.5179	1	6.8309	-1.5579	1.1136	0	-8.4660	3	-1.0395	0.2353	-1.0594	1.0931	0.3707	1	1	-7.3471	3	-0.7387	0	7.6853	3	2	0	-0.5026	-2.4042	0.5264	-7.1738	-3.0738	-1.3552	1.7457	-4.1880	0	3	2.5036	0.1818	-4.8434	-0.4773	3	2.5074	2	-2.8119	0	2	1	3	0	-2.3508	2	2	-15.9848	3	1	0	2.5600
-1.5797	-0.5454	-0.7534	-0.4883	-0.3319	3	0	1.2070	1	2	0.7419	2	-0.7464	1	1	-0.1993	-0.9384	2	0	1	2	2	1	3	3	0.2900	0	3	3	3	0	1.2811	0.2342	2.1025	3	0	0.8337	0.9000	2	3	-0.0376	1	0.5351	-2.6222	-1.1858	0	-1.1407	3	0.1452	-0.0262	1.7128	3	2.2254	0	-0.8299	1.4534	0.4336	-1.1511	-2.3176	1	2	2.8153	0	0.5813	0	-0.4920	2	2	1	-0.8438	1.0719	0.2332	-1.3205	2.0209	-3.2685	-2.0561	2.5410	2	1	0.0567	-2.6619	4.5315	0.4901	0	2.5540	0	-0.3127	3	2	0	3	0	0.7140	1	0	1.9842	1	3	0	1.3880
-2.9117	2.6489	2.4534	-0.5873	-0.3395	3	0	0.6271	2	0	-0.2666	1	-3.2324	2	2	0.5989	4.0729	0	0	2	2	1	0	1	2	0.3847	2	2	0	1	2	-2.7048	-0.1814	2.2170	0	0	2.1167	1.9675	1	0	4.6003	2	0.7055	1.3394	-0.9396	2	-0.7109	0	-0.8633	0.0303	-0.9455	1	-2.1458	1	-0.5620	0.9860	4.0915	-4.2761	-0.5580	1	1	-2.7728	0	0.7660	0	-0.4238	1	0	0	0.3927	4.8207	-2.5518	2.0679	1.8344	-1.7649	-4.1926	-0.7056	2	1	0.6347	0.6209	-1.7986	-0.6417	0	0.2211	1	4.7060	2	0	3	2	3	1.5333	3	0	-1.8354	3	1	0	-3.4372
1.1938	0.4785	-0.2168	-3.1376	-0.0859	0	3	0.3107	3	2	2.0265	0	-2.0635	1	2	2.2658	-2.0841	0	1	3	1	3	2	3	3	0.7432	0	2	3	0	1	1.0728	-0.2487	0.4609	3	3	3.8471	-1.2165	0	3	-0.3440	0	1.5607	-2.1218	4.3296	2	-1.6635	1	2.1818	-2.5235	1.3155	3	-2.5340	0	-0.6238	-2.8791	-0.4643	-2.0152	4.0353	0	3	-1.0144	2	-3.4035	2	2.8840	1	1	3	0.2335	-3.2905	-5.2246	-1.1110	-1.7852	5.8724	0.4467	-0.2131	3	2	1.1745	-1.9873	2.0312	-0.8373	3	-0.9927	0	1.6457	2	1	3	3	3	-0.2949	0	2	-1.8547	0	1	3	-1.4149
1.7512	0.2740	1.0759	-0.8934	0.0736	3	2	0.7365	3	0	0.1780	1	-0.5062	0	2	1.6837	-1.8680	0	3	0	0	1	0	3	0	-1.4946	0	2	3	3	3	3.4208	-2.2904	-2.1122	1	0	0.3747	-1.4770	3	3	2.6002	1	2.7286	3.7517	-1.2655	2	-1.0737	1	1.3910	0.6339	-1.1949	3	-1.6330	3	1.7980	1.0010	-2.3019	1.1689	-0.1534	0	3	-1.4801	3	0.7421	3	3.7453	0	3	0	-0.0542	2.4644	5.1729	0.8050	5.1322	-0.3390	0.8749	0.3347	3	3	1.1830	-0.0120	0.5279	-0.2497	1	0.8463	0	-3.7356	2	1	2	1	3	-2.1260	1	1	-1.3936	0	2	3	1.5590
-1.5244	0.0979	-2.7501	-0.1763	-1.3247	1	3	-2.4842	1	3	0.4660	3	-0.1300	0	0	-0.8758	-1.4030	1	0	0	1	3	1	2	0	-0.2462	1	2	1	0	1	2.2659	1.4490	-1.3284	0	2	-2.7286	-4.8088	2	2	-0.0087	0	-5.0271	0.7679	-0.8222	1	2.2383	3	-0.7136	-0.8417	2.2543	0	-0.8602	3	0.2277	-0.2683	1.4083	0.3316	-2.5695	2	3	0.3716	0	0.8044	0	1.1084	3	0	0	0.8387	-4.6508	2.2324	-1.1229	1.4131	-5.7714	2.7204	-1.3230	3	1	-0.8505	0.1574	-1.3217	1.3838	3	0.4226	3	-2.9511	3	2	0	3	2	-5.7005	3	1	-2.5670	1	1	2	1.1320
-0.2002	0.2374	-1.1648	0.1615	0.5454	2	2	2.8799	2	3	2.1593	3	-1.6419	0	3	0.9098	-0.1760	0	2	2	3	1	2	3	3	-0.8058	2	0	3	3	2	0.2617	-0.0210	-2.0866	1	1	1.6241	-3.3451	0	2	-4.6006	1	1.1938	-0.8329	-4.7830	1	-1.4182	0	2.3122	-2.3991	0.3468	3	-0.4495	3	0.5807	-1.5692	0.6350	1.2326	-3.0532	0	3	-2.7023	2	0.0270	3	1.3070	2	2	0	-3.6302	-0.1278	6.4350	-3.9117	-0.4338	-7.2387	0.3079	-0.4678	3	2	-0.3952	0.0068	-2.5598	-1.5515	0	1.2917	0	-0.1960	0	1	0	0	2	3.7938	1	0	-4.7509	1	3	1	-2.5515
-1.1426	0.6521	3.7892	1.8519	0.1138	3	1	1.6969	2	0	0.3401	2	-1.9916	1	2	-0.1930	-0.5133	0	0	2	0	1	3	0	0	-0.9212	3	3	1	1	0	2.3023	-0.7066	1.1952	0	2	-1.2969	0.7262	3	1	-2.9904	2	5.8832	-3.0394	2.8155	3	-6.6130	1	-4.7302	-0.6583	1.3720	2	6.4697	1	0.0890	1.3719	-0.0709	-1.7040	2.7967	0	1	5.9978	1	2.6847	0	-7.2602	2	2	2	-0.8988	-0.3480	-4.6267	3.2915	-1.8594	0.3598	-1.9346	3.5567	3	2	-0.1087	2.7377	0.7936	5.3124	3	2.1372	3	8.3651	0	2	3	2	3	3.9069	1	2	11.7946	0	3	3	0.6692
-3.3737	1.5701	1.2950	1.0846	0.0671	3	3	0.7535	1	2	-0.4795	2	0.4751	2	0	-0.6611	0.0775	2	0	2	2	3	3	3	1	-0.4100	1	2	2	1	1	-0.8788	0.5588	1.5626	0	2	0.2164	-0.0582	1	1	0.5084	0	3.5527	-0.6926	-1.2356	1	-4.0984	0	-1.9284	1.4117	3.4113	1	0.8762	1	0.1716	-0.6382	-2.7280	-4.0621	-1.4665	3	3	-0.7794	0	-0.6241	2	0.7412	2	1	1	2.2352	4.7914	0.1323	-1.1680	0.2281	-4.7439	3.4290	1.2567	2	1	-1.2079	-0.2676	-1.8906	-2.3774	2	-0.3754	3	1.7618	3	0	3	0	2	3.9637	2	0	0.4405	3	3	0	2.2726
0.2250	-1.4207	1.4068	-1.7601	-0.7605	0	1	-0.5144	1	1	1.3134	0	0.5376	3	0	1.9048	-1.3767	3	2	1	1	3	1	3	0	-0.2865	2	3	3	3	3	-3.5051	-0.7681	1.4225	1	1	2.9867	2.0680	2	2	-1.7483	0	-0.5324	3.5019	-0.9601	2	1.5378	3	2.3527	-0.2931	1.7295	1	-2.7582	1	1.3765	-0.3267	-1.3341	2.4922	-0.4815	1	1	-1.5105	1	-1.8336	0	3.4101	0	3	0	0.1345	-4.4441	0.1800	-3.9483	2.2774	-4.3127	1.1422	0.1466	2	3	0.4495	-1.0903	1.0683	-1.5962	3	-0.8169	1	-3.1961	1	0	2	2	0	-2.9769	3	1	-7.8164	1	1	1	-1.4171
1.1370	3.1253	1.0483	-0.0032	1.4097	1	0	-0.0502	2	1	1.4426	3	-4.0800	3	2	-1.3165	-1.1414	2	3	2	2	0	3	0	1	0.1714	2	3	2	1	0	3.0088	1.0431	0.6462	0	3	2.0617	4.2889	3	0	1.1384	2	0.2888	0.2495	0.9877	1	-1.1138	0	-3.1736	1.5162	1.8676	1	3.5049	1	0.2691	-1.6598	1.4346	-1.8461	-1.0549	0	1	2.4455	3	-1.5287	1	0.1232	0	1	2	0.2439	5.3770	3.1534	-0.8218	2.2371	3.8390	-0.0599	-0.3000	2	2	-2.2474	-3.6215	3.0950	-1.6042	3	-3.3010	3	2.6381	2	0	3	1	2	3.3375	2	0	4.9292	3	3	3	-1.9289
-0.7571	0.7662	-0.7696	-0.1487	-3.3339	0	0	-0.4318	0	2	-0.6713	3	2.6050	3	3	-2.4184	-2.3637	2	0	2	1	1	3	0	0	-1.7877	0	0	1	3	3	5.4223	1.1269	-0.6778	2	0	1.7582	-1.0032	3	2	0.7954	0	-5.6923	2.6557	0.5871	2	4.3382	3	-6.0228	1.6102	0.2731	2	6.4000	3	-0.0131	-0.2961	-0.0334	-1.6847	-1.6809	2	0	8.3337	0	-1.9116	1	-5.9521	0	0	2	0.7042	3.8104	-3.1972	3.9803	0.3014	0.1394	2.7959	5.9403	1	3	-1.2806	0.9546	4.8122	-0.6546	2	-1.1605	1	-6.4828	1	1	2	1	3	2.1603	2	0	11.9783	2	0	2	1.0289
-0.6740	3.6494	-0.6050	-2.0492	1.0401	1	0	0.7738	3	3	0.3529	3	3.0996	3	3	0.0896	3.7529	0	0	2	0	3	1	2	2	-0.6795	1	0	1	3	2	-1.4321	2.8325	-1.1529	2	3	1.0547	-1.6342	2	1	2.0379	0	-0.6261	1.5969	2.6485	2	2.0324	0	-0.2506	-1.0558	-2.3905	2	2.8912	2	1.3462	-0.7891	1.5350	-5.3047	1.0978	2	3	2.9903	1	-2.9471	1	-4.1948	3	2	2	-0.5075	1.9275	-0.6131	0.6563	4.2299	3.5964	1.2682	1.8038	3	3	-1.9166	-0.7788	4.4255	-1.1580	2	-1.2461	2	2.2240	1	3	3	2	1	0.2590	0	0	4.8671	2	3	2	-0.3505
3.7165	2.3684	0.4775	1.4445	0.5412	3	2	1.6180	1	2	0.2782	2	0.3265	0	2	-0.9657	-2.5497	2	1	2	2	1	2	0	0	0.9705	1	2	2	3	1	2.4896	-3.3252	-1.7781	2	1	-0.0267	0.9439	3	0	-1.0934	1	4.4208	0.4557	-1.9487	0	-3.1081	0	-1.5066	0.5607	-1.5679	3	2.7236	3	0.2782	-0.7520	-1.8752	2.2118	-3.6198	0	1	1.9642	0	1.1491	1	-0.3876	0	3	1	1.4478	4.2952	3.3074	5.0015	-0.6446	0.6601	-0.6361	5.0107	3	1	-1.4118	-1.9409	2.2513	0.1858	1	-1.4102	0	2.3465	0	1	3	1	3	0.6400	1	2	5.3784	0	3	2	0.7077
-3.2759	-0.0565	2.8830	1.7286	1.1295	0	3	1.4718	1	2	-2.9595	2	-0.7713	3	0	2.0052	-1.4104	3	0	0	3	2	3	2	0	-0.4910	0	1	2	0	1	0.4807	0.5115	0.8551	1	0	-0.9100	-3.4050	1	3	1.3219	1	1.8887	-0.2870	-2.0660	1	-1.6813	0	1.4543	3.5264	3.8580	2	-3.8088	1	1.9217	-0.1137	2.0040	1.2882	-0.0121	2	3	-2.9961	3	0.0369	0	3.4862	2	1	0	-1.0486	2.7618	6.5616	-6.5784	-2.8357	-4.9238	-3.5906	-0.5359	3	3	1.1026	-1.4456	-0.0560	1.5224	2	-0.5493	2	1.6363	1	1	0	3	2	-1.0072	2	1	-7.4890	1	1	1	-0.4486
1.1427	-0.0084	-0.0444	-2.7614	0.9869	3	2	-1.6860	3	3	-1.2745	2	3.8183	1	3	-0.5301	-1.6149	2	3	3	0	3	0	0	2	-0.4612	0	3	0	2	1	-1.2100	-0.0574	1.3526	1	1	1.9744	2.8087	3	0	-1.2561	1	-2.4391	-3.1375	0.5665	2	1.1275	3	-1.8275	0.1563	0.2422	1	3.2635	1	1.6406	0.2668	-0.9138	1.8290	2.0163	3	1	5.1341	2	0.6857	3	-2.4774	2	3	2	0.0889	0.7158	0.6516	0.6028	-0.4615	1.9761	2.0902	2.5298	2	3	-2.1308	0.4946	0.3442	-1.7839	2	1.2306	1	2.6435	2	3	3	2	2	-0.4741	0	1	4.3646	1	0	2	-1.0591
-0.8807	-0.0358	-2.6902	-1.8422	0.0113	3	2	1.1174	1	2	0.9522	1	-2.7908	2	1	-1.3474	-4.0381	0	1	1	3	3	1	0	0	-0.4408	0	1	3	3	3	2.5930	-0.7862	-1.2352	2	2	-3.3344	-1.4046	3	2	-0.5614	3	2.9979	-1.2011	-2.2847	3	-1.6005	1	-2.1992	1.0233	1.6369	3	2.3126	0	-2.1049	-0.9146	-1.5634	-2.4408	-2.9341	1	0	3.4126	0	-2.9964	1	-0.7336	2	1	0	-0.3263	2.5749	1.8078	-1.0893	4.4136	-4.5733	2.4436	4.8271	2	2	-1.1646	-1.1403	0.8206	-0.4514	2	0.4826	0	-2.9816	3	3	0	3	0	-1.2621	3	3	0.3141	1	0	2	-1.5933
-4.0314	0.0852	1.4336	-1.3148	0.8178	0	0	2.0321	2	1	-0.3981	1	-1.0789	3	2	-0.9918	0.5885	3	0	2	3	2	2	1	2	-0.2061	3	3	1	0	3	-2.7000	0.8410	0.5317	2	2	0.0328	-2.4662	1	0	-0.3871	1	2.6751	-0.3001	1.3335	2	-2.3156	1	-0.7083	-0.4723	0.7607	1	-2.8313	2	-0.6832	-2.4242	0.3915	0.3350	1.7160	1	3	-1.2807	3	-1.9058	0	1.4468	2	1	3	-1.1822	3.8515	0.3335	-1.8705	1.2156	-2.9896	-1.5208	1.7056	2	0	-0.5601	-0.1182	-4.6167	2.0122	3	-1.0889	2	3.3412	1	2	3	2	0	2.0731	2	0	-7.7374	3	1	3	0.5804
1.2898	3.5877	0.3083	1.8113	-0.4588	1	2	1.4364	2	0	-0.4209	2	-0.7823	3	0	0.2096	1.2419	2	1	2	2	0	3	2	1	1.5210	2	2	3	3	2	1.8067	-0.6935	-0.2448	2	0	1.6232	1.4005	0	1	0.8822	2	-0.2978	-0.1190	0.3963	0	0.8717	0	0.8782	0.8721	0.0179	2	-0.2679	0	-0.7660	0.5442	-0.9766	-2.7605	-2.1121	2	1	-1.2186	3	0.6817	1	0.2768	3	0	0	-0.7790	7.2506	-0.5038	-2.6233	0.7134	3.6238	1.9502	-1.4230	3	3	1.8821	-0.6880	1.3162	-0.2191	0	1.0717	1	5.0699	3	0	3	2	0	1.6159	3	0	-2.0698	3	2	0	1.1093
0.7348	-3.2268	1.4959	-0.6039	-0.8644	2	2	-3.3360	2	2	-0.6504	1	0.0532	3	2	-1.0276	3.1380	1	0	0	2	2	1	0	2	-1.1632	1	3	3	0	0	1.6568	-0.4913	3.2955	3	3	1.0402	2.1151	3	0	0.0633	3	-3.1738	1.4748	-2.8210	2	2.7628	3	-3.2768	-2.7783	0.7716	1	0.6600	1	-1.5200	-1.7276	0.4758	1.9671	-2.0998	2	1	1.0166	1	-2.0486	0	-0.6400	0	0	0	-0.2132	-9.3363	1.0508	1.8295	0.8915	-3.3390	-2.2648	-1.2474	2	3	0.6202	-0.0706	0.4199	0.6659	0	0.1942	2	-4.8960	3	2	2	3	3	0.0637	0	2	3.9038	1	1	1	1.4278
2.2839	-0.3449	-0.7066	1.0346	-1.8362	2	3	0.7919	0	3	-0.3278	1	1.2458	1	0	-0.4259	0.2327	0	2	0	0	0	3	1	1	0.2036	2	3	2	2	1	2.9513	-1.1188	-1.3357	1	1	-2.6670	0.1671	0	2	1.7297	1	1.5426	-3.5947	-2.3156	0	-2.9094	0	-1.0711	1.0813	-3.1598	0	3.5166	2	0.5893	1.5544	-2.4287	-1.2062	-1.9129	0	1	4.5324	2	-0.1894	3	-2.3247	2	3	0	1.6552	3.0400	-2.1149	6.2389	1.3411	-1.4208	3.1081	0.7518	0	1	-1.3020	-2.0416	2.6293	3.5747	1	0.3836	1	0.2882	1	2	0	1	3	0.8801	2	2	8.9482	0	3	1	-0.1437
0.5168	-0.8495	-0.2554	2.7094	-1.1457	2	1	0.2801	1	3	0.3955	2	-0.6182	1	1	0.8870	2.5962	2	2	0	1	3	3	1	2	-1.6513	1	2	1	0	2	0.0194	-2.1313	2.2989	0	3	-3.0195	1.3063	1	3	0.9741	3	0.1775	-1.1235	-2.6785	0	-1.0969	3	0.4625	0.9542	-1.3275	2	0.0003	0	-0.1499	-0.2684	3.1445	3.6949	-2.0461	0	1	2.8781	0	0.4066	0	-0.0267	2	0	0	-1.6291	2.0782	-0.0300	0.7988	-0.8242	-4.2885	-3.6547	-0.6802	2	3	1.8541	-0.8084	5.3308	1.4048	1	1.2364	3	-0.5479	3	2	0	3	0	-0.6006	3	2	1.2045	3	1	3	-0.3851
1.2528	2.4661	0.5316	-0.6556	0.1736	1	3	0.6158	0	1	-1.0196	1	0.6572	0	2	1.7150	2.7714	0	1	2	1	0	0	2	2	1.2007	1	3	0	2	0	0.0698	-0.5379	-1.2320	1	0	-2.2784	-3.1276	2	1	-1.5768	2	-3.0604	2.3501	-0.3320	2	2.1747	2	4.1959	-0.7622	-0.2841	3	-1.0540	1	1.1729	-1.2302	0.1890	2.5256	-1.3833	2	0	0.4433	0	-1.3316	1	0.7134	3	2	0	-0.7887	0.6993	0.1998	-4.5169	-0.3461	1.9827	-4.3858	0.8485	3	0	0.3711	-0.2588	0.7198	4.1128	3	1.4855	1	-3.0553	2	2	2	1	0	0.4580	3	2	-3.7792	1	1	3	-1.5340
1.5103	0.5510	-2.7104	-0.9062	-2.4767	3	0	2.3964	2	3	-0.6934	1	-2.7365	0	2	-0.8269	-0.9001	1	3	0	0	2	0	0	0	1.3942	0	3	1	3	2	1.4172	0.0457	-0.2521	3	1	-0.9787	1.3130	3	2	-0.6749	3	2.1522	1.7757	-1.0465	2	-1.7224	1	-1.0552	2.2605	-0.6524	3	2.5466	0	-0.3514	-0.2035	1.3218	-1.5206	-2.1142	0	1	4.5209	3	1.8303	3	-0.6878	0	2	0	0.3050	7.9450	-5.4610	2.0665	0.5533	-0.8130	-0.9938	2.8831	2	3	-0.2822	-0.0381	3.1535	-1.7864	3	-1.3513	2	-5.4896	1	1	1	3	3	0.9863	3	2	6.5299	1	3	1	-1.6548
-0.2836	1.5817	1.0835	-1.5285	0.0113	1	1	-1.9817	1	2	0.9306	0	-2.6301	2	3	2.5417	-0.2991	3	2	2	2	2	1	2	3	-1.2665	2	2	1	0	2	3.6441	0.5491	0.3557	3	2	3.2340	-0.8610	3	2	0.2921	1	-4.1868	-2.0700	0.0221	1	4.4324	2	2.9515	-0.6578	-0.5407	3	-0.6784	0	-1.3236	-0.0245	0.4229	0.0623	-0.7017	2	2	-0.9506	1	0.6051	2	1.3408	3	2	0	-1.5256	-5.1491	-0.7583	-3.0058	-3.5233	-2.2835	-0.3650	-0.7647	3	3	0.4446	0.1035	-3.0187	1.3162	2	2.8309	2	5.7081	3	1	3	1	0	-0.1455	3	1	-2.4306	2	1	2	-4.5797
0.7720	-1.0705	1.9798	1.7909	0.8565	2	2	-0.0431	1	1	1.7481	2	3.0225	2	1	-0.8551	1.1034	3	3	0	0	1	1	1	0	0.9279	3	1	0	1	3	0.9010	0.9985	0.5253	3	2	2.2636	1.8624	3	3	-1.5521	1	1.1647	1.2797	-1.4340	3	0.6142	1	1.0458	1.2456	-0.9160	3	-2.9635	1	1.9669	-2.1164	-0.3581	0.0612	-1.0057	1	1	-0.9820	3	-2.6127	2	2.4345	0	1	3	-0.2712	2.6692	1.1183	-0.1862	-3.3001	-0.7099	-1.1411	-1.0355	0	2	-2.2537	2.1015	-5.1734	-0.3604	1	1.2876	0	1.1819	1	1	0	1	0	-1.8987	0	1	-3.5866	1	1	2	-0.2825
-2.0708	3.2166	-3.6494	0.3278	1.1974	3	1	-0.6946	1	0	-0.3597	2	6.2174	1	0	2.6342	-2.2430	0	0	2	3	3	1	2	3	0.7151	2	0	1	3	2	-3.1350	-0.1578	-1.3259	3	3	0.9156	-1.8416	2	2	-1.2220	1	0.3702	-0.7114	-0.0288	0	0.4927	0	2.9770	-0.3031	0.4966	0	-5.8602	3	-0.5795	1.2278	1.0494	-1.2834	-0.8946	2	0	-8.6994	0	1.9223	1	5.0906	2	2	1	-0.7031	-2.4863	0.2651	-3.7650	2.1472	-1.0358	-2.5108	-6.0210	3	0	0.4880	-1.8509	-3.7032	-3.5965	1	-0.9633	0	-0.0326	2	0	2	2	0	0.1845	1	3	-9.4197	1	1	0	0.2195
-2.1062	0.1936	1.9495	-0.8819	-1.6534	3	3	2.9772	1	1	1.6294	3	0.6844	3	0	0.0945	-0.7585	1	0	1	2	2	0	0	2	-0.0701	3	2	3	0	2	-0.2365	-0.6428	2.1092	2	0	0.4009	-2.0965	3	3	-0.6121	0	1.0321	-0.4078	-0.0740	1	-1.8130	1	0.5479	-2.8625	2.3890	3	-4.0396	3	-0.5162	1.1488	2.6183	-0.7041	0.0161	3	3	-3.7508	2	0.6642	2	4.4118	2	2	2	-1.2121	-0.9727	-2.1319	-6.8146	2.5032	-0.1991	0.0816	-4.9073	2	2	0.5518	-0.3499	0.7201	0.8135	0	1.1965	1	-0.4999	3	2	2	0	0	0.0921	0	2	-11.2157	1	1	1	-0.5015
-0.0200	0.3777	-0.7690	-0.3564	0.6005	2	1	2.1887	0	0	0.9819	1	-0.4296	0	3	-0.3655	-3.2911	0	0	3	3	1	1	0	0	0.5378	3	1	2	3	2	-2.6651	1.6052	-3.2405	1	2	-1.6898	-1.4151	2	2	-0.2615	3	1.2089	0.8581	0.1762	0	-2.0629	0	0.8328	1.1977	0.1709	1	0.0775	3	0.9391	-1.2475	-0.5169	-4.5141	-0.4403	2	3	-1.7361	0	-2.5018	3	3.1247	0	2	3	-0.3145	4.7288	-0.0159	-0.9952	-1.9519	-1.7191	-0.9622	-2.2816	3	3	1.2819	-1.2226	0.4213	0.5421	0	0.3717	2	-0.0526	1	3	0	2	1	-0.0565	0	0	-1.5022	2	3	3	1.2153
-1.9933	-0.3161	-0.8072	-1.2779	1.3656	1	1	1.3672	2	3	0.1808	3	-1.2158	1	0	-3.9125	-1.2335	0	0	2	3	3	3	0	3	-1.0143	1	3	0	3	3	0.3152	-0.2887	-1.7759	0	2	-2.4669	-1.4990	2	3	-1.3884	2	0.9483	-0.4935	-0.7832	2	-2.1202	3	-7.3857	-0.7815	3.0244	3	5.9231	1	0.6845	0.7414	1.6770	2.7835	0.3078	3	2	3.2605	2	1.1923	1	-4.3843	3	2	2	2.6886	4.8401	3.2784	3.1900	-1.1249	-2.0699	-3.0427	1.3601	0	3	-1.6163	-1.2452	1.0651	-0.0544	2	0.9759	3	-4.0166	0	2	2	3	3	1.3367	1	2	9.1928	2	3	0	-0.9765
-0.0320	-2.3618	-2.3144	-0.1709	-0.1179	3	2	1.5197	2	3	1.9044	3	-0.6787	0	2	1.3597	-1.2724	0	2	3	1	2	1	3	0	0.8771	1	0	2	3	0	0.6681	-0.2255	3.2592	0	3	3.1226	2.8973	0	0	-1.9687	3	3.8287	0.7131	1.9564	2	-2.6304	1	2.1927	-1.4954	-0.4500	2	-2.1989	3	-0.1892	-0.2152	-2.3701	1.3410	-0.1580	1	1	-2.1884	2	0.0426	0	5.2237	2	2	1	-2.8217	-4.7803	-1.2494	-2.2230	0.6724	3.2226	1.1376	-1.2376	2	0	2.6975	-0.3718	0.5775	-5.2163	2	0.5643	0	-4.9865	3	1	2	3	2	3.1130	1	2	-4.5740	0	1	3	0.9089
1.9225	-0.8494	1.6091	2.5985	0.3632	0	1	0.0622	0	1	-1.4709	2	0.3053	3	0	-1.3773	-0.4332	1	3	3	0	2	1	0	1	2.1494	3	2	3	0	2	-0.8291	0.1689	-2.5621	1	1	-1.7837	0.1656	0	1	-2.2645	3	-0.3464	2.4529	2.0726	1	0.5244	0	-0.5857	2.3262	-1.6442	2	-0.4674	1	-0.1197	-1.4186	-0.7746	-1.0289	2.5186	2	0	-4.9334	3	-1.8651	3	-1.8083	0	3	1	0.5040	2.2878	-2.5817	2.9158	-3.6644	4.2578	1.9520	-3.8856	0	2	0.2977	0.2407	-3.8528	1.9382	1	-1.7309	3	-3.1507	0	3	0	1	3	1.8556	1	0	3.5678	0	0	3	-1.8077
-1.0950	1.0719	-0.2214	-0.8727	-0.7806	3	3	-0.5151	1	0	-1.1604	3	-0.4541	3	3	-2.4548	1.3145	3	0	0	1	3	2	0	2	-0.2610	1	2	2	2	0	-0.8179	-0.4348	2.5399	2	1	0.2117	2.0641	1	2	1.0134	2	1.1891	2.0957	-2.7552	0	1.0272	0	-3.4061	-0.1788	-0.0641	0	-1.7892	3	-2.0742	-0.1446	-0.7655	-2.7477	-3.2883	2	1	0.2582	0	-0.9453	0	0.0512	0	3	1	0.0546	-0.2052	3.6512	2.5659	-2.0461	-8.2475	1.3897	-1.9620	2	1	-2.4248	-3.4434	1.5323	-2.0916	2	-2.9086	2	-0.8158	1	0	2	3	3	-0.2774	0	0	-2.9648	0	1	1	-2.8114
-0.5482	1.0469	-1.0739	1.0959	0.1621	3	0	2.3808	2	0	-0.9697	3	-5.1322	3	1	1.4264	0.2429	0	2	0	2	2	0	1	0	-0.6434	0	1	1	2	0	1.8813	-1.1452	0.4488	2	3	1.5449	0.7764	1	1	-1.5446	0	1.8761	0.5939	1.4088	3	0.7634	0	2.4338	1.6632	2.1827	3	-3.0229	3	0.4685	-0.6033	-1.4148	1.7280	2.2611	2	1	-2.2943	1	-1.4997	2	0.9302	2	1	2	-1.4418	5.2088	-2.1299	-4.8723	-3.6409	3.4870	1.3943	-0.9193	2	0	-0.3203	-2.4098	0.5482	-2.0537	0	-1.2512	0	-1.9413	3	1	2	1	0	-2.0046	0	2	-8.0156	0	1	2	0.3263
-2.4545	0.8583	0.9044	-0.7126	0.9404	0	2	-3.1227	2	3	0.9979	1	-0.5509	2	1	0.4080	1.7758	3	0	2	1	0	1	2	2	0.0329	2	0	3	0	0	-0.2240	-0.5010	0.8108	3	2	3.1154	-0.4952	3	0	0.7634	3	-4.4088	-1.0812	-0.9120	3	3.2699	3	0.3038	-2.1283	-0.1152	1	-3.8376	0	-0.6824	-1.2218	-0.8212	1.5903	-3.4531	2	1	-3.1283	3	-1.4007	1	3.2667	0	0	0	1.5689	-6.0110	2.9561	1.3996	-3.0168	-1.5091	2.8875	-1.1383	0	3	0.6514	0.5308	-3.0578	-2.0967	2	-2.3695	0	3.0086	1	1	3	2	0	1.7319	0	1	-3.3444	1	2	2	-2.6147
3.3756	0.0253	-0.8627	-1.5568	0.3149	1	2	-3.9097	1	2	1.9258	1	0.9796	2	3	-2.2121	-1.7167	3	3	0	3	2	1	0	3	0.4147	1	1	0	3	1	2.0312	2.4324	0.6049	3	3	-0.4497	4.4199	3	1	-0.7783	3	-4.9944	0.9999	-0.2365	3	2.5709	3	-1.2012	-3.4862	-3.4725	3	4.3388	3	0.2475	1.0493	0.8111	-1.9443	-1.6004	3	1	3.0073	3	0.2770	0	-3.5717	3	0	0	-0.5358	-6.5112	3.0546	4.4556	-1.8462	2.5435	-2.2019	0.4100	2	1	-2.3489	-0.2416	0.2250	0.0578	1	0.7848	1	-1.7850	3	2	1	1	3	-1.0744	3	3	9.2609	3	3	3	1.7767
-0.0224	0.3456	0.2680	-0.5621	-1.8140	3	2	0.2541	3	1	0.2033	2	0.4936	0	1	-1.5588	-0.4562	1	2	1	3	2	2	1	0	-0.3292	1	0	0	0	0	-0.7149	-0.4616	0.0375	0	2	0.4026	-1.7364	1	3	0.3294	2	0.6166	-0.5835	2.0983	2	-1.1047	0	-2.7585	0.0854	0.5767	3	-1.6491	2	-0.8679	0.0658	0.6618	-0.0027	5.1172	1	0	-2.3812	0	0.2508	3	0.2818	2	2	1	-0.5933	2.7617	-4.8100	0.7561	-0.2132	3.6335	-1.1943	-1.1116	1	0	-3.2762	2.2753	-6.7111	2.2650	1	-0.6300	1	2.6480	0	1	3	0	3	-1.3552	1	0	-3.6723	3	1	2	-2.9293
0.8197	-2.4294	2.1108	0.2295	-0.5278	2	0	-3.2036	3	2	0.9036	3	-1.8528	2	3	0.8842	0.0008	0	3	1	0	1	0	1	2	-0.3789	1	1	2	1	2	-0.7746	-2.9686	0.5000	1	0	0.7913	1.7714	1	0	-1.8971	0	-2.8628	0.8342	-1.4819	0	3.2781	3	0.0174	-1.9620	-3.1107	3	1.2488	1	-0.8463	1.0814	2.5260	1.5557	-0.5486	2	1	2.6108	3	0.1414	0	-1.4380	0	0	3	-0.1239	-8.6794	0.2936	3.5261	2.5287	-2.4257	-3.1329	-0.6372	1	3	2.2426	-0.3490	4.7604	2.3350	1	0.9163	2	-0.8502	3	2	1	0	3	1.2047	2	2	5.1292	0	0	3	1.4844
2.6916	-0.1320	1.0268	-0.1493	0.7773	2	3	-1.0979	2	0	-1.2769	3	-0.0100	2	2	0.1969	1.1226	2	2	0	0	1	1	0	2	-1.8894	0	0	3	1	2	1.6115	-2.2411	-1.4440	1	2	1.9888	3.1057	2	3	-1.4857	2	-2.1282	1.8910	0.0210	0	1.4038	3	-2.1860	-1.0501	-5.3718	3	5.5163	1	0.2546	-0.5755	2.3887	0.3618	0.1095	0	1	5.8841	1	0.5698	1	-4.6301	3	0	2	0.6968	-3.7655	1.8416	6.2301	-0.5021	3.2437	-1.1829	2.6702	0	0	-0.7137	3.4899	-1.8054	-0.5526	1	1.0190	1	-1.5875	3	1	1	0	3	-0.5105	0	3	13.1769	1	3	2	1.1775
0.2837	1.0078	-0.0571	-0.6660	1.4522	1	1	0.1411	2	2	-1.3755	1	-0.7230	3	2	0.8168	-2.6746	3	1	2	2	1	1	2	3	-1.1370	0	3	2	0	0	-1.5311	1.4717	1.2698	3	2	0.6414	0.0336	0	3	0.2792	2	-2.9518	1.2795	0.3280	2	3.5099	2	-0.1212	1.8550	-2.4639	0	1.6179	2	0.1836	0.8005	1.7068	1.1324	-1.1701	2	3	2.3074	2	2.8698	2	-1.1282	3	3	0	1.0528	1.9404	-1.0004	4.8074	-1.8446	1.7838	-1.6337	2.2887	0	3	-0.3317	0.9596	-1.1780	0.3459	1	-0.1375	0	-0.3474	0	0	0	2	3	2.2361	1	1	5.6498	0	0	1	-1.7882
0.3298	-0.6881	-1.1025	-1.2518	-0.8222	2	1	0.3321	0	0	-1.6124	2	0.6933	3	0	-0.1272	0.8966	3	3	0	3	2	3	0	3	-0.4128	1	2	0	3	3	1.4508	0.7352	0.6570	2	0	3.5379	1.9106	3	3	2.6782	3	0.0471	0.6331	-1.7134	1	-0.8308	1	-2.4104	0.3570	1.6288	3	0.8479	3	0.9028	-0.4941	2.1031	0.7086	0.7361	1	1	-0.7278	1	-0.0387	3	-0.6488	0	0	1	-0.7642	-0.6485	-0.1225	-2.4625	-2.0953	-0.0474	-1.9053	-1.2421	1	2	-0.2119	2.6279	-2.8048	-5.9405	0	-1.6154	1	-1.0056	2	0	1	3	2	-3.9310	0	1	0.0120	0	1	0	0.0857
1.1265	0.4511	-0.1997	-0.0983	0.5437	1	3	-0.2341	2	1	-1.5416	1	1.4716	2	2	-0.8973	-0.2928	3	1	1	1	1	2	3	0	-0.6404	0	2	3	0	2	-0.5380	1.2780	3.0534	2	0	-2.6973	2.3802	0	0	1.2098	1	2.1096	0.0191	0.8689	1	-1.0887	0	-3.4238	0.5298	0.2646	1	3.9646	2	-0.5862	1.4466	-1.0544	-3.3216	2.9154	0	1	4.5981	2	1.6507	0	-3.2019	3	0	3	-1.1780	1.0715	0.3657	1.2023	-0.2126	0.5891	1.2354	4.2529	2	2	-0.4877	0.1761	4.6157	0.8844	3	3.0902	3	-1.5270	3	2	2	3	2	-1.9340	3	3	5.7419	3	3	1	-2.2272
-2.2167	0.0015	4.2090	1.0874	-1.5640	2	2	-3.1124	3	2	0.5735	3	2.6528	2	1	0.6752	-2.2905	0	0	0	1	2	0	3	0	0.4301	1	0	0	2	3	-0.3151	2.2244	-0.1138	3	2	-0.2383	-1.8794	0	3	2.1059	1	-2.2370	1.9790	-4.8181	2	-0.1797	3	1.2587	-0.8239	0.3517	3	-2.2620	2	0.1257	1.5811	-3.6944	0.8342	-5.6874	3	0	-1.0591	3	0.9696	1	3.9841	0	3	2	-1.0329	-5.2471	6.6654	-0.4730	-0.9054	-7.8802	2.6557	-2.2747	3	3	0.8428	-1.4055	-0.9171	3.4071	1	0.7311	1	2.7222	2	3	3	2	2	-2.0984	2	1	-2.5092	1	2	1	-0.1856
-2.0778	-0.0717	-0.5193	1.4000	-1.0216	1	0	-0.0286	1	2	-1.0444	0	0.1504	1	2	1.3916	-0.3543	0	2	0	2	2	0	3	3	0.3383	0	1	0	2	2	2.7791	0.1906	0.7694	2	0	0.8407	-1.1185	0	2	-0.4166	3	-5.0452	-1.4048	-2.0786	1	5.4519	3	1.5511	1.5350	0.9009	0	-3.4102	1	-1.5255	0.1201	-0.1279	-0.2292	0.9074	2	0	-2.3323	3	1.9487	3	4.6688	3	0	3	0.2766	0.8276	0.6997	-1.9270	1.9206	-3.9204	-1.1114	0.5140	1	3	0.0590	1.9869	-1.4117	-0.6870	3	-0.0925	2	-0.1537	0	0	0	1	1	-2.1101	1	1	-5.5461	3	1	1	1.1735
-0.2145	-1.7925	-1.8330	-1.1668	-0.6319	0	1	-1.3972	2	1	-0.2785	0	-0.9412	2	0	1.1866	-0.2269	1	2	0	1	2	3	3	1	0.6261	2	3	2	3	3	0.9719	-1.4680	1.7797	0	1	-0.9327	1.2079	0	2	0.8108	3	-2.1520	-1.5050	-2.8231	2	3.4043	3	1.5300	1.5525	-2.1279	0	1.0749	3	0.6380	-0.8084	1.0926	-1.4727	-2.7345	2	2	0.9482	3	2.5247	0	-0.4774	1	0	3	-0.6119	-1.8226	1.9366	0.7955	-2.5812	-6.6441	-3.6545	1.4576	2	0	2.1292	-0.8980	3.4261	-0.9249	1	-0.2976	2	-0.3235	0	3	2	1	3	0.1943	1	0	0.1351	0	3	0	-0.3712
0.0519	0.7589	-1.0229	3.2562	0.9086	2	2	-1.3677	2	2	1.2510	0	1.2256	0	2	0.1869	-0.0498	0	0	2	2	1	1	3	1	-0.1864	3	1	0	2	2	2.4924	0.5862	-0.0006	0	0	-1.2048	-1.0494	3	3	-0.6915	0	-2.0695	1.0391	0.5663	0	1.6378	2	-0.9622	0.2992	-1.1132	1	-0.6924	2	0.0592	1.7818	-0.8170	-3.3831	-1.2911	2	3	-0.7668	2	1.2985	0	-1.3880	0	0	3	0.9513	0.2095	-1.5216	1.8373	-1.8576	1.8644	1.6675	-0.1944	0	1	1.3391	1.5547	1.9688	-0.0741	1	0.7176	1	-4.6091	0	2	0	3	1	1.4349	2	0	0.2113	1	1	2	0.9922
0.8237	2.0369	0.6411	-1.3979	-0.3922	1	3	-0.9719	1	0	-1.2040	3	-3.8580	2	0	0.8246	-2.6394	2	3	2	3	0	0	0	0	-1.1904	0	2	3	0	3	1.8295	2.2570	0.2951	1	1	-1.5014	-0.4446	0	1	-0.1131	2	-2.1173	0.2535	-1.6890	1	2.3766	2	-0.4420	-0.0923	0.3966	0	0.6181	0	-0.3884	-0.2144	1.0928	-4.7261	-1.1548	2	0	-3.0437	2	-0.4179	3	1.5603	3	3	1	-0.0225	-0.7202	0.3390	-1.7292	-0.2728	-1.2240	2.3723	-1.7501	0	2	1.5661	2.1300	-1.0004	1.0625	0	1.0765	0	2.0412	3	2	3	0	2	-0.2171	1	3	-0.6966	3	3	2	-3.2290
-0.2816	-0.0710	0.0585	-0.6994	0.4964	1	0	-0.6747	3	0	-0.6036	0	4.3506	2	1	4.1169	-4.6508	0	0	3	0	3	0	3	0	0.2522	3	2	2	2	0	2.8728	-0.1732	2.4734	0	2	-0.4331	3.0260	3	1	0.7744	1	-1.0124	0.2887	1.7526	3	1.5960	1	3.9479	1.8258	-2.4724	2	-4.6516	0	1.2872	-0.3493	-0.7306	-1.2959	0.7941	2	1	-3.6914	2	-3.7585	0	6.0983	3	0	1	-0.8405	-3.5277	-2.7105	1.0965	-0.0171	2.3335	2.8295	-4.1624	2	1	2.3802	-0.8439	-3.4824	-0.3962	1	0.4541	1	0.4149	0	3	2	1	0	1.5639	0	0	-6.5154	1	1	1	1.0305
1.7065	0.7751	-0.6868	0.1774	-0.7151	3	2	-0.5953	2	0	-0.6846	1	-1.7501	3	0	0.6014	2.3768	1	2	3	2	0	3	2	2	-0.1033	1	2	1	3	0	-2.2752	-1.0767	1.4768	3	3	-0.3380	3.2972	2	1	2.3678	2	-0.3865	0.8984	-2.3332	0	0.6858	2	-0.2607	-1.8562	-2.4213	0	0.5139	1	-1.4166	-1.8135	-0.1458	-0.9735	-2.0714	0	1	0.8435	3	-2.3231	0	-0.9507	3	1	0	-1.5571	-4.8779	0.9495	1.2119	-1.3040	-1.4979	1.6019	3.6213	3	1	-1.8605	1.5228	-3.3853	-0.1677	2	-0.4943	2	-1.8100	2	2	1	3	3	2.1322	3	0	3.2936	0	0	1	-0.2528
1.4063	-1.0005	-0.3837	1.9487	-0.3991	2	2	-0.8375	2	3	0.7327	0	-4.4612	0	2	2.7160	1.2048	1	3	1	0	1	1	3	2	0.7631	3	1	3	0	2	-1.4803	0.7215	-0.3016	2	1	-1.0928	-3.1227	0	0	-1.2231	2	0.1641	0.0863	-2.5821	1	0.8311	3	2.8187	-2.3819	-2.3020	1	-0.4885	0	-1.0622	1.5483	0.7757	4.6668	-1.6743	0	3	0.7689	1	2.7155	1	-0.5755	3	3	3	0.9670	-8.9950	2.8987	1.0089	2.9678	0.6560	-3.9062	0.9865	0	0	0.5838	0.2400	0.0185	-0.7607	1	-1.9479	1	-2.5026	0	2	2	3	2	-2.2470	1	1	-1.7436	3	1	0	-1.9111
1.4871	-1.1456	0.8084	2.4567	0.5552	3	2	-0.4702	1	2	-0.9764	1	-1.5126	1	1	-0.9861	3.1587	0	3	1	0	3	0	0	2	-0.2843	3	1	1	0	3	-3.0362	0.0999	-0.5367	1	2	-0.0449	-0.7211	1	1	3.9664	0	-1.0944	-1.2774	-0.7033	3	0.4560	3	-1.7576	0.0122	-4.1320	2	3.6223	1	1.2660	-0.7779	1.5877	1.9065	-0.1679	0	3	2.9999	3	-1.4624	3	-5.9570	2	2	1	-0.1641	1.0888	0.0906	6.8050	1.2452	1.8357	-1.5263	1.2709	3	1	0.2130	-1.7159	0.6914	0.3862	1	-1.5060	0	0.7237	1	3	3	2	3	-1.1886	3	1	10.5761	0	0	3	-0.1231
-0.3891	-0.0558	-2.5725	0.2886	0.9382	0	3	-2.9722	1	3	1.1060	2	-0.3707	0	3	-0.3904	-1.2177	0	0	3	1	2	2	0	1	0.1052	1	1	0	3	2	2.4547	0.7794	0.1560	1	2	-2.4181	-1.2153	2	2	-2.8104	1	-0.9781	1.3110	0.4243	3	0.2876	2	0.2049	0.6621	2.0728	3	1.0357	3	2.0593	-0.3700	-1.4824	-4.2683	-1.5750	3	0	4.3311	2	0.7714	0	-2.2905	1	2	3	-2.5302	-0.8005	-0.2735	-4.2829	-3.9840	-1.0874	1.8915	4.5622	3	3	1.2238	-0.1541	1.6677	-0.8803	2	-0.2388	0	-5.8290	0	1	0	3	0	1.9656	1	0	0.0787	1	3	0	-0.5711
0.0445	-0.3385	-1.1339	-0.9014	-1.0402	2	1	-1.0616	1	2	1.0420	0	0.4500	3	0	-0.8701	2.3521	3	1	3	0	0	0	0	1	-2.3104	0	1	2	2	0	-3.3574	-0.3158	2.9485	3	1	-0.3840	3.7493	1	1	0.8582	1	-0.0869	0.2941	-2.3124	1	-0.9810	1	-2.9714	-2.4847	-2.2415	2	3.6294	3	-0.3478	-0.0666	0.5784	2.1628	-0.1533	0	1	3.3032	2	-0.6609	0	-4.3101	3	0	3	0.5501	-3.1139	-0.2565	4.7730	-1.3178	-0.7744	-1.5893	1.9124	2	3	-0.2837	-4.1777	4.6742	-0.6659	2	-1.0833	2	-1.8458	1	2	2	2	3	3.5072	2	2	10.0677	0	3	1	3.0321
0.5079	0.2775	-0.9477	2.2430	-0.6145	2	0	-1.5284	2	2	0.1515	0	2.5252	3	3	-1.7798	-2.5247	0	3	0	0	0	2	1	3	-0.8198	0	1	0	3	2	3.5974	0.9011	1.1419	0	0	1.8930	1.4758	0	3	-2.7086	2	-1.4283	0.9430	0.0748	0	2.5765	3	-2.8042	0.0806	-1.4695	1	1.2429	2	1.8613	-0.6079	2.3130	1.3455	-1.1575	2	1	2.3951	2	0.2834	0	1.7363	0	0	3	-1.3393	-0.6449	0.8892	2.4800	1.1915	2.0966	-2.6698	-0.0389	3	2	-0.3198	0.8445	1.6297	-4.2757	1	1.7040	1	-1.0764	1	1	0	1	3	-0.9884	0	1	2.6872	0	0	0	3.3277
-1.5589	-1.4712	3.0120	-1.7492	-0.1822	2	1	-1.3385	1	0	-2.4451	2	1.5505	1	0	-3.0102	2.2579	3	2	0	1	3	2	0	2	-0.8427	1	2	2	1	2	-3.7217	-0.4887	1.2196	2	2	3.5937	0.9170	1	0	-0.5460	0	0.6755	-1.5486	1.2146	2	0.2931	3	-4.8706	2.5532	-0.2048	0	5.7383	1	0.5232	-1.8232	1.8500	1.5650	1.9549	1	3	6.1749	2	-3.1990	0	-5.6215	2	1	1	1.2507	3.8156	-1.3473	4.9084	-0.8669	0.2214	-2.3531	1.5964	0	0	-1.8033	1.4625	0.4380	-2.1939	3	0.0375	2	2.7200	1	0	3	2	3	-0.4982	2	2	10.8734	0	3	3	-3.4292
-1.2183	0.1086	-0.0592	1.8754	-0.3283	1	3	4.4710	3	1	-0.8293	1	-0.6322	2	3	0.0630	1.1245	3	0	0	1	0	0	0	1	1.4179	1	1	1	1	2	0.8677	-0.6737	1.0349	3	0	1.5918	-0.4705	3	3	-0.0432	2	4.3539	0.8177	0.6737	0	-2.7012	0	0.5719	1.7109	-3.9290	3	0.3692	1	1.4920	2.5261	1.4882	0.1873	-0.8161	1	1	0.6185	2	1.9010	0	-1.6579	2	2	0	1.8002	6.0604	-0.6692	5.7257	-0.3437	1.7464	-4.1344	-1.2793	0	3	0.4078	-0.0611	1.5069	-0.2844	1	-3.5813	2	2.2186	0	1	3	3	1	-1.6015	3	2	5.5090	1	2	1	1.7278
-0.6951	-0.2502	-0.6930	-1.5158	-0.3310	3	3	-3.7415	0	2	0.1220	0	0.9993	0	3	-3.2097	-1.9406	2	2	2	3	1	2	0	0	1.2909	0	3	3	0	2	3.7322	-0.1011	-3.9740	3	1	-0.4770	-4.7957	3	2	-0.9763	3	-6.1669	0.7704	1.2504	2	5.4979	3	-1.8233	-1.7930	0.5353	0	0.3590	2	-1.7225	-0.4824	1.2606	-1.9621	1.0174	2	0	2.2366	2	3.0026	1	2.3146	0	0	3	0.3516	-2.5168	-1.2127	2.3561	2.8902	-3.6774	-1.2694	-2.0298	3	0	-0.5908	-1.2050	1.6822	0.1734	3	0.0352	0	-1.3381	2	2	1	3	3	1.8558	1	3	1.7823	0	1	2	-1.9035
1.8634	-1.8483	2.9905	-1.4444	0.1822	2	3	0.5221	0	2	0.1610	0	-0.4319	2	2	1.3817	-0.0428	3	2	1	2	3	2	3	0	-2.3132	0	3	1	1	2	-0.9532	-1.5485	-2.1916	0	0	0.8652	-1.0781	0	0	-0.3886	3	-1.3701	-0.6577	1.9511	2	1.9378	3	-0.7893	0.3243	-3.1871	1	6.0042	1	-0.4972	-1.1299	-0.0063	0.0310	4.3070	2	0	7.1474	0	-1.4490	1	-5.0910	2	0	3	-0.0443	-2.5075	-1.7772	3.3330	0.6768	3.8799	0.2781	4.5359	3	2	2.5931	1.6626	7.6351	0.4707	1	-0.3805	0	-0.4115	0	3	2	2	3	-1.5677	2	2	9.3625	0	0	3	-1.8058
2.6466	-2.1325	-1.1703	-0.1755	0.4467	2	0	2.5836	2	0	-0.5687	0	-1.0890	3	2	-0.3175	1.1351	0	3	3	2	1	2	3	3	0.5787	0	0	3	3	2	0.1429	-1.1696	-0.5025	3	3	3.7733	0.6549	0	2	-3.4773	2	5.5908	-0.5500	2.8413	2	-3.5482	1	3.1690	-1.7572	-1.6305	0	-2.4543	3	1.1346	0.6763	-3.4206	0.8002	1.9472	0	1	-1.1802	2	3.2609	1	0.6831	2	2	3	-0.8987	-1.2597	-1.5275	-2.7676	0.2954	3.7494	5.6172	1.4749	3	1	0.0312	0.7046	-1.4831	-0.4575	1	-2.0958	3	-1.2954	0	0	2	0	0	-0.6568	1	3	-3.7811	2	1	0	0.1148
3.0356	1.5160	0.5334	1.8424	-0.3892	1	1	-1.1633	2	3	0.6377	1	-3.2933	2	3	-1.6142	1.0801	2	3	2	1	1	2	1	0	1.4911	1	0	0	2	2	-1.5663	-0.0002	0.7106	2	1	-1.7916	3.5091	2	2	-1.3240	3	-2.9628	0.0692	-0.4359	2	3.0279	2	-0.7666	-0.3123	-1.2117	0	4.5967	0	-1.0077	-1.9641	1.7003	1.8847	0.2083	2	1	3.7579	1	-1.9469	0	-3.5997	3	3	0	0.5862	1.0692	0.3480	4.3538	-2.2390	-1.6102	-1.2547	1.9025	2	2	-1.8007	2.2428	-1.0360	1.7451	2	1.1242	2	4.2566	3	2	3	2	3	1.9644	0	1	7.8129	2	3	3	1.1737
2.4233	0.8390	1.4957	-1.2576	0.1525	1	0	0.3422	1	0	0.5738	3	-0.3108	3	3	-0.2416	-0.6003	1	3	0	2	0	1	0	3	0.0911	1	2	1	1	1	1.3465	0.4615	0.7602	2	3	0.5887	4.2649	0	3	2.7067	0	0.1040	-0.1709	-1.8144	3	1.0995	0	-0.7926	-1.5879	-0.5935	3	1.5002	1	1.6262	2.0974	-0.0325	-1.4830	-1.4589	0	1	-0.8087	0	1.7607	2	-0.5958	3	3	2	0.1355	-0.9575	2.2199	2.8376	-0.6441	-0.0957	1.1908	-0.1477	1	2	-2.1676	1.6054	-3.2277	0.5831	1	1.4512	0	4.6757	3	3	3	1	3	-3.5666	0	3	2.6717	0	0	3	-1.3232
0.0077	-1.9872	-0.9262	-1.6355	-0.0022	2	3	-2.8875	3	1	0.6141	0	0.6226	3	0	1.0228	0.3414	2	0	0	2	2	1	3	0	-0.7537	1	0	0	3	0	1.0484	-0.8303	0.5154	3	0	-3.3011	2.3070	3	1	1.6696	0	-1.9113	-0.9822	2.0147	2	1.6098	3	-1.4636	-1.4342	-1.4493	1	3.2196	1	-0.3201	-0.7550	1.3993	0.1987	3.7818	1	1	5.6606	0	-2.1301	2	-3.0629	0	0	3	0.1938	-6.6198	-2.7042	3.0370	-0.7540	2.7709	-1.2151	2.4077	3	0	-0.9934	-0.7763	5.0016	2.5535	3	-0.5649	2	-5.3724	1	2	2	3	3	-2.5216	0	2	8.7427	3	3	0	-2.7154
-0.9882	-0.6388	0.3899	1.6188	0.3967	0	0	-1.1518	2	3	0.8338	2	-0.6916	1	2	0.2918	-0.8274	3	1	1	3	0	1	2	3	-1.1089	2	1	0	2	3	2.6757	1.3786	-0.7079	0	2	-0.4454	-1.8042	2	2	0.6642	0	-2.3142	-1.7058	0.6655	3	0.3589	3	1.6195	0.9910	2.3846	1	0.3494	3	-0.8735	-1.2083	0.4434	0.4019	2.9964	2	2	-3.0510	2	-3.3837	1	-2.7752	3	0	0	-0.3258	-0.6544	-0.4706	-3.3684	-0.8117	-1.7068	-2.7782	-1.3775	1	2	-1.1493	-0.1103	-2.9178	-0.8965	3	0.0636	1	0.0691	2	1	0	1	0	-2.6648	3	1	-2.3437	1	3	1	-0.8787
0.4976	-0.0712	3.6147	-0.2097	-1.1056	3	2	0.6369	1	1	1.5341	3	1.6604	0	3	-1.1038	-1.1781	2	2	1	0	1	0	1	3	-0.5727	3	2	2	0	0	2.6954	-1.5407	-0.7473	1	1	-2.6957	-1.2883	0	1	1.7955	0	1.2522	2.4150	-0.0843	3	-2.0663	0	-0.1071	-1.5515	0.1384	3	-1.9262	2	-0.4516	-0.2671	1.2290	0.4588	1.8543	1	3	-3.3963	1	0.3860	3	1.0862	1	1	2	-0.6639	1.0571	1.4154	-1.0161	-1.0216	1.6084	-1.4356	-2.3436	3	0	2.1269	2.4154	-4.7583	3.9117	0	1.6188	1	5.2467	3	2	3	2	3	-0.5197	0	1	-1.6777	0	1	1	-4.7610
1.2245	-0.9507	2.0872	-0.8084	-0.4743	2	3	3.2461	0	0	1.0116	1	0.3493	1	0	0.2716	-2.2901	3	3	1	2	2	1	0	0	-0.7205	1	1	3	1	3	0.0484	-0.2902	-0.1462	3	3	-1.4264	2.1868	2	0	1.7110	0	4.4983	-1.4051	-3.1066	2	-2.1388	1	-0.0808	-1.0281	-0.2839	0	1.4981	1	-0.2659	-0.3433	0.9947	2.6278	-2.2191	0	1	5.8162	1	2.1742	2	1.0611	2	1	0	2.0105	3.1960	1.2765	2.4802	0.6795	-1.6593	-2.9736	3.1236	0	1	0.2979	1.8749	3.3926	1.7068	2	1.7036	3	0.1417	3	2	2	0	3	-1.5069	3	1	5.6976	0	3	3	-0.4173
2.5297	0.2829	0.2520	-1.1900	-0.0544	0	2	-2.3120	0	3	1.6864	3	2.4582	0	3	0.0591	0.5944	3	3	1	1	3	1	2	0	-0.4506	1	1	1	1	2	-0.7790	-0.3976	-2.4935	0	1	-0.8699	0.1435	1	2	-2.4196	1	-0.5579	0.9684	-0.0515	2	0.4520	3	1.8063	-0.8598	-1.5688	1	-1.3358	2	-0.3643	-1.2110	2.3605	0.9380	-1.2104	0	2	0.1377	3	-0.7239	1	1.1045	1	3	2	-0.3290	-4.1766	3.4758	1.0799	1.0767	-0.2351	-3.6182	0.1195	1	3	-0.6009	1.8208	-0.4908	0.8737	1	1.1058	2	4.1604	3	2	3	2	2	-0.6522	0	1	-2.9280	3	1	3	-1.7276
0.2816	0.1719	1.3895	0.7694	2.4087	0	2	2.8800	3	2	-2.3398	1	-1.4111	3	1	0.5748	-1.9952	1	0	3	2	1	2	2	3	0.2127	2	1	0	1	1	-1.2765	1.3501	-0.4001	1	1	-0.5860	3.2176	1	0	1.6294	2	2.6007	0.9533	-1.5577	3	-2.1350	0	1.5213	1.9940	-1.3983	0	-0.5556	1	-1.0783	-0.4552	-0.1335	0.6185	-2.1657	0	1	0.5804	3	-1.2899	2	1.4134	2	2	0	0.7670	4.3987	3.4794	0.6795	-1.4283	-3.2301	-0.7358	2.1804	2	3	1.4432	0.6112	0.5309	1.6102	1	-1.6485	1	2.9569	0	3	3	2	1	2.2937	3	1	0.1090	2	1	3	1.6147
-0.5731	1.8603	1.0412	3.2966	-1.3870	1	3	2.3116	1	2	-0.8336	1	-0.9903	3	0	0.0793	-2.8637	3	3	2	1	3	1	2	0	0.4668	1	2	2	1	0	1.4978	-0.6362	1.3482	0	2	0.5969	2.5045	2	0	1.2121	2	4.8870	0.8713	1.6039	1	-4.6683	1	0.1177	1.3324	0.4085	0	-0.4330	3	0.3997	-2.9545	-2.7432	-1.4079	-0.1688	0	1	1.4957	2	-2.8029	0	1.3941	2	1	0	-0.2074	6.3390	-4.3325	-1.4797	1.8899	1.7265	2.7786	0.0654	2	0	-2.9624	-1.3210	-0.4912	-1.9243	2	-1.7372	3	-0.3031	2	0	3	3	2	-1.0631	2	2	-2.1123	2	2	3	5.5927
-2.9935	1.2425	-4.2761	-0.3385	0.2648	3	1	1.5330	3	3	-1.2419	0	-0.4034	2	0	-1.2058	-1.0400	0	0	2	0	1	2	0	1	-0.6056	3	2	2	2	2	1.3914	0.7563	2.2478	0	2	-1.6557	-1.2130	3	2	-1.0807	0	0.8505	-1.1641	-1.2386	2	-1.1003	0	-1.0917	1.4458	2.0318	0	-0.3574	3	0.0641	0.5633	0.2862	-2.6465	-2.8888	3	0	0.1816	3	0.3524	0	2.9209	2	1	3	-1.3445	5.6207	1.0817	-2.7503	-0.8237	-3.9489	-0.9943	0.6450	2	0	1.3159	-0.0157	-0.0842	-2.6860	2	-0.3724	2	-0.7014	0	1	0	1	1	1.6825	2	0	-4.7767	2	1	1	-1.8397
-0.0795	-2.4061	-1.6281	-1.8999	0.4208	0	0	-2.0620	2	1	0.4996	0	-1.0268	2	2	0.9625	-2.4909	0	0	0	2	0	3	1	0	-1.5129	0	3	2	2	0	3.4855	0.0922	3.3145	2	1	1.3842	2.2665	0	2	-1.4476	1	-0.8484	-2.0958	-2.0347	2	0.0375	3	-1.2834	0.2924	2.4806	0	0.2098	0	1.0065	-0.5756	4.1327	1.1505	0.8744	0	1	0.5096	1	0.4349	0	1.9263	2	3	3	-0.1895	-4.7558	1.6474	-3.1147	1.8473	-2.3339	-5.4490	-0.7229	2	2	0.3012	-1.7445	1.2241	-0.8646	2	0.2510	2	-3.5725	2	1	0	3	2	-0.6055	2	1	-3.4993	1	3	1	0.3018
-1.7176	1.9397	-2.2251	1.3030	2.6788	3	3	0.5139	0	1	-0.0912	0	-0.2167	0	0	-2.3110	2.1162	3	0	2	3	2	2	2	1	-1.1807	2	0	2	3	3	-0.9186	0.7410	-1.6533	2	3	-1.0024	-0.9102	2	2	1.7643	1	2.0707	0.5845	-0.2876	0	-2.8503	0	-4.2979	0.2819	0.6767	0	2.4209	3	-1.1860	-0.2575	1.5282	0.6752	0.2578	2	3	3.8721	2	-0.9988	1	-2.2255	2	1	3	-1.4626	4.4612	2.4712	-1.1053	3.1866	-2.3004	-0.7223	1.3304	3	1	-3.8252	-1.7813	1.7012	-0.2022	1	1.0886	1	-2.9289	0	1	2	2	0	1.1609	2	1	4.7398	1	3	1	-2.5008
0.1941	0.6357	3.4601	-3.0944	-0.5482	1	3	4.3738	3	0	-0.7742	3	-0.6017	0	0	-1.5986	2.4149	3	2	2	2	3	3	0	2	0.8640	3	2	3	1	2	-1.5765	-0.2363	-0.6538	0	3	-0.8900	-0.2035	3	1	0.3287	0	7.0909	0.7955	-1.3733	2	-6.2731	1	-3.3526	-2.2412	-0.5292	1	7.5041	2	1.2586	2.3564	2.6658	-3.0150	-2.0372	0	0	4.5246	0	0.4901	1	-8.0857	2	2	2	0.7920	6.1710	1.9013	3.6312	3.3696	-0.3528	1.2724	0.6919	0	3	-0.8651	-1.1284	4.6344	-0.3583	0	-1.4695	3	3.8677	2	2	3	2	3	0.5049	1	0	10.3894	0	3	3	-0.8262
-1.5626	1.4849	2.2827	-1.5579	0.7549	1	1	-3.3337	2	1	-0.1876	2	-1.3455	3	0	0.6372	-1.5774	0	0	3	1	2	1	0	1	1.0905	1	1	1	2	3	-1.7001	-0.3042	-1.6260	2	2	1.7185	-5.1413	2	0	0.0898	3	-6.6655	1.9831	0.1237	1	4.4197	3	-0.1594	0.8897	0.3770	1	-1.0149	1	-1.4926	0.9489	1.9198	-4.1089	-2.2409	2	2	-2.7553	3	-1.1855	1	2.2326	3	3	1	-0.5789	-1.5709	-0.8010	-1.9357	0.4080	0.4091	-6.0792	-0.5578	3	2	1.0571	1.3428	-2.3825	1.1283	0	-2.0065	3	0.3279	2	0	2	0	2	2.5139	3	0	-4.5326	3	2	2	2.0523
0.8349	2.6720	1.5748	-3.4520	-0.4381	3	2	-0.0537	3	0	0.5172	2	4.4711	3	3	0.0797	-2.1113	3	1	2	2	2	2	0	3	0.3504	2	2	2	0	1	3.1706	0.4516	-1.2474	2	1	1.6477	-1.4223	3	3	1.6796	3	-0.7004	1.4237	-1.0450	2	-0.0234	0	-2.5880	-0.6461	1.7784	2	-0.1478	2	-1.1835	0.3470	1.7285	-1.7581	-2.4635	0	0	-0.8545	3	1.9355	1	1.6275	0	3	1	0.5463	2.1336	2.1790	0.7861	3.0630	-2.0680	-0.6405	-0.5148	0	0	1.7930	0.7711	-2.1454	-1.0020	3	0.6258	2	3.6227	0	1	3	1	3	2.2337	1	0	-1.6899	0	2	2	-3.3252
-0.8582	0.9009	-1.0303	0.9059	0.6124	2	3	0.8542	3	3	-2.6282	2	-0.9207	3	3	-0.0900	0.9808	0	2	1	1	2	1	0	1	0.1929	0	3	0	2	3	1.1643	-0.4059	1.7104	3	2	1.8167	0.3368	3	2	2.5580	2	1.8279	1.8006	-1.2606	0	-1.1942	0	1.0399	2.6391	2.4878	3	-2.3091	3	1.3947	1.5927	0.4995	-1.9364	-3.2126	1	1	-3.0513	2	0.7991	0	2.6095	0	2	1	0.5275	6.2859	-0.2402	-3.1333	2.3409	-3.8072	0.2812	-1.9857	2	1	-0.2726	0.7351	-5.2878	1.0147	0	-0.7318	1	-2.2712	3	1	0	3	0	2.2140	1	0	-4.1452	1	1	1	1.8746
0.7959	2.0807	-2.7775	1.8042	-0.4149	3	2	-2.0690	1	2	-0.9798	0	-0.4892	0	0	2.1304	0.7996	0	1	3	3	3	1	2	2	0.1093	2	0	1	3	2	0.9568	0.8381	-1.7069	3	3	-1.5640	0.2406	3	2	-1.3770	1	-1.9776	0.3057	0.7907	1	1.5728	2	1.4380	-0.6834	1.8589	1	-2.3716	0	0.6099	-1.1667	0.8068	-4.6362	-1.2524	0	1	-3.9178	3	-1.2061	1	1.5522	2	1	3	-3.2157	-5.7883	1.0615	-4.1536	0.3131	-0.3769	-0.4136	-2.1336	3	3	1.6513	-1.0538	1.9768	0.7056	1	0.1690	3	-4.1550	0	2	1	3	0	3.0800	1	0	-4.3712	1	1	0	1.7418
1.5365	1.2421	-2.1986	2.8715	0.1917	2	1	1.3880	2	3	0.6298	1	-2.2400	1	3	-2.7989	0.1986	3	3	2	0	0	3	0	2	1.0942	3	0	3	0	0	-1.8180	-0.2046	2.6721	0	3	0.3324	1.6862	0	2	1.8526	2	-1.4138	0.5262	0.5274	1	1.1969	0	-2.1570	0.5098	-1.8426	0	1.6814	3	-0.3030	0.7120	0.3489	-0.6122	0.8138	0	1	3.2603	1	2.1702	0	-2.0370	0	1	3	-0.6179	6.4268	2.4093	4.8525	-1.6293	-0.2447	1.0426	5.5435	2	1	-0.7719	-0.8897	1.9352	-1.6145	2	-0.1403	3	-0.0963	0	2	0	3	3	4.5226	1	0	6.1492	1	0	1	3.1009
-0.2692	0.2226	-0.5435	-3.9848	1.8198	0	1	-0.8863	0	3	-1.7928	2	1.6696	1	1	-0.4686	0.2359	2	2	3	0	0	3	3	0	-0.8243	2	1	2	3	3	-3.3396	1.2928	-1.2066	0	0	-3.9571	-2.0093	1	2	0.5591	3	-2.6687	0.1706	1.5960	3	0.9629	3	-0.8396	3.1895	2.8781	0	1.1371	0	-0.5997	-1.1919	0.2317	1.0791	-0.5797	3	3	2.1623	3	0.3537	3	-0.9418	3	0	1	0.0498	4.0609	2.3594	-2.8171	-1.4449	1.6081	-0.6964	0.9852	3	2	-0.1142	-1.5500	1.7173	1.2090	2	-0.0917	1	-0.1961	3	3	0	0	2	-0.6945	1	3	0.4540	3	0	3	-2.1196
-0.5116	-1.1432	-0.9057	1.1958	-0.1913	2	2	-0.4376	1	0	-0.3762	0	0.7317	3	0	-3.6318	-4.7101	1	0	1	1	3	2	0	0	0.0420	1	3	0	0	2	4.8335	0.1508	-0.6372	0	2	1.4972	-2.7366	3	2	-1.8712	3	-3.3901	1.1909	-0.1644	1	1.5143	3	-5.4429	2.6182	2.4851	0	3.8105	0	0.4172	-0.5556	-0.2071	1.6297	-0.1561	2	3	4.0295	0	-0.3721	3	-0.1695	0	2	3	2.4742	5.1444	-1.8118	0.4242	-0.2197	-1.4938	1.5221	2.2651	0	2	-5.0435	-0.8674	-1.2006	-2.5994	2	-0.1232	1	-3.6966	3	0	0	1	3	-2.0147	3	1	5.2601	1	3	2	0.0821
0.3310	1.3106	1.8674	0.4314	0.5409	1	2	0.0607	3	1	0.2682	1	-0.0731	0	3	0.3644	2.9154	1	3	2	2	3	0	2	2	-0.6714	2	3	0	1	1	-1.5020	0.4486	0.3640	3	1	0.6656	2.8118	2	0	-1.4819	3	2.0155	3.2807	-0.6625	0	-0.5102	1	-0.8012	-0.1013	-2.8323	1	2.1207	1	0.3215	-1.2420	-0.3209	-2.5941	0.1301	0	1	3.1781	2	-1.6366	3	-4.5573	0	1	0	-0.0679	2.2669	1.4609	3.5066	2.9243	-2.0528	1.1721	2.0715	1	2	-0.0608	1.4672	0.6101	1.1157	1	0.2268	1	2.2075	0	1	3	2	1	3.0380	0	0	6.6596	2	0	3	4.7311
-1.1108	-0.7072	-0.7048	-0.5383	-0.2187	0	1	0.5036	3	0	-0.3913	1	-0.5515	0	2	1.0674	-1.6609	3	0	1	0	0	0	3	0	-0.5723	1	3	2	3	3	-3.0906	1.1168	-1.8051	1	0	-1.9957	-3.3384	0	2	0.6035	2	1.7887	0.1540	-3.6187	2	-0.7929	1	0.7628	1.4959	2.5470	0	0.9503	3	-0.9820	0.0300	-4.5531	2.1983	-2.1492	1	0	-1.7793	1	0.8016	1	1.6641	1	3	2	0.2556	0.5260	5.5610	-2.5406	1.8001	-6.2061	5.0566	-1.6783	2	0	0.3892	0.1153	-1.1585	0.2094	1	2.3689	2	-0.1313	3	3	0	2	2	-2.1931	2	1	0.8834	3	3	0	-2.2911
1.2436	-2.4626	-1.4876	-1.6869	-0.2988	2	0	0.2917	1	1	-0.5307	2	1.4559	2	0	0.3940	-0.0950	3	3	1	0	2	0	0	0	-0.7924	0	3	0	3	0	1.0453	0.7668	0.3832	1	0	1.0128	0.8109	0	3	-1.5418	3	-1.0622	-0.0967	-0.2797	1	1.8919	3	-0.5203	2.2916	0.4751	0	0.6184	0	-0.9950	-0.7100	-1.9914	2.7879	0.0945	0	3	-0.6495	0	2.0559	1	1.2852	1	0	3	-2.0988	-1.4773	-1.1195	-2.6630	4.6266	3.0122	4.1575	0.8994	3	2	-0.4946	2.3118	-0.6535	-0.8763	0	1.9795	1	-8.0405	3	0	2	3	2	0.1415	1	1	-2.3726	1	3	3	-1.1417
0.8463	1.1751	-1.1629	-1.3007	-1.5747	1	3	0.9211	0	0	-1.7899	0	3.5359	2	3	0.3379	-1.5739	3	2	1	2	2	2	3	0	-1.9031	1	2	0	2	2	0.1257	2.0794	-0.9526	2	3	-3.1706	-0.0405	0	2	-0.6906	1	1.3215	-0.1768	-0.0006	2	-2.2805	0	-1.7660	0.8222	0.1499	3	3.0045	3	-0.1935	0.2506	0.2860	-0.0677	0.7555	0	3	2.3058	2	-1.0270	1	-1.1905	2	2	3	2.0311	3.1339	-2.1078	2.7974	3.0698	0.4869	-0.8225	-2.2966	2	2	0.2496	0.7036	1.4718	1.2930	0	-0.3348	1	2.1400	2	2	3	2	3	0.6432	0	0	5.7537	0	0	2	2.2136
1.7048	-2.3088	0.5386	0.8873	0.8707	2	3	-0.5549	3	2	0.4016	0	0.4204	0	2	6.7466	-0.9352	3	3	1	0	1	1	3	1	-1.0643	1	2	2	1	2	2.3783	-2.7406	-0.4292	3	1	-2.8331	2.9513	3	1	0.8954	0	-1.1926	-0.0493	-0.8390	1	0.7090	3	9.0238	1.2836	1.0999	2	-5.6183	3	-0.1589	4.1911	-1.6175	2.5963	-0.6781	0	1	-5.7087	0	2.6182	0	9.0071	0	3	0	1.4570	-8.6639	2.8211	-6.5721	0.8752	2.9974	-0.1878	-4.6638	0	2	3.6127	-1.0477	-2.1937	2.6345	1	2.1375	2	-2.3368	3	3	0	1	0	-1.0019	3	2	-12.2977	1	1	3	-3.0671
-0.3420	2.9621	0.0825	1.4767	1.4280	1	2	0.8048	2	2	1.0974	0	-2.4043	1	3	0.6595	-0.3520	1	2	2	1	1	3	0	0	-0.5416	1	0	3	3	3	2.4654	2.6741	-1.1650	1	3	-1.8323	0.6881	3	0	2.1708	1	-0.6675	-2.9090	3.7587	1	1.1454	2	2.8932	-0.7640	0.9923	1	-1.7754	1	-1.8756	0.4154	1.1236	-2.1442	3.9261	3	0	-4.0632	3	1.1949	1	1.3957	2	1	3	-0.4777	2.8881	1.0750	-3.4246	1.1340	3.2336	0.1410	-3.8164	2	1	0.6835	-0.7537	-0.3095	2.3950	2	-0.3423	0	7.4699	0	2	3	2	2	3.7950	2	0	-4.3476	3	1	2	-0.0378
0.5424	-0.2255	1.4550	-0.1770	-0.9224	0	1	3.2700	0	3	0.4585	3	0.3344	1	0	0.4936	0.4649	2	0	0	3	1	0	1	3	-0.1465	2	0	3	1	1	0.7352	0.2907	-0.5027	1	0	0.7926	1.8787	1	0	1.2032	0	4.4985	-2.5785	1.3278	1	-3.1341	1	-0.4434	-2.0799	-0.9843	0	0.6924	1	0.8116	-0.1104	0.3295	-3.5970	4.2619	2	1	4.0593	3	-1.3974	3	0.4599	2	2	0	1.0535	-0.7534	-2.6275	3.4044	0.3177	3.2907	-0.5912	0.3208	0	1	1.1722	-0.4907	3.7507	-0.2426	1	-0.1839	1	3.6461	0	0	3	1	3	0.5694	0	0	3.6475	0	0	3	2.1456
0.4145	1.6476	-1.2295	1.1686	1.5215	1	3	0.5156	2	2	0.0978	0	0.9233	2	2	0.1691	-0.1398	1	3	2	2	2	3	2	0	-1.0327	2	2	0	2	0	1.5967	-1.5255	0.9501	3	2	-0.2923	1.6190	3	1	0.0415	3	-0.8873	0.2688	2.3706	2	-1.5781	0	-0.0919	0.0638	2.1346	2	-0.1360	3	0.9244	1.7622	0.5539	0.2572	0.8442	3	1	-0.0456	1	-0.2876	0	-2.3301	0	3	2	-0.6244	1.2525	-0.7048	-2.7703	-0.5481	4.1910	-1.8118	-0.9401	3	1	-0.1389	-2.2283	0.2783	-0.3069	0	-0.9003	2	-2.0485	2	3	2	3	0	1.5776	0	2	-0.8883	1	1	0	1.3137
1.8814	0.3792	-2.0627	-0.0267	-0.8621	3	3	-2.0386	0	3	-1.1112	3	-0.1235	1	0	-0.0743	1.6804	0	3	1	3	2	1	2	2	2.7221	2	2	3	3	0	-1.0113	-0.5262	-1.1183	2	3	-1.6315	-1.1479	2	2	0.2744	3	0.4733	-2.6307	-0.8120	1	-0.1446	2	1.8966	0.3419	-0.0038	0	-0.4227	1	0.0578	-0.8226	3.4923	-1.8790	1.8823	0	2	-2.4223	1	-0.7968	3	1.6477	2	0	1	-0.1794	-1.7722	-0.0253	0.4615	0.9013	-1.0552	-2.3381	-1.7811	3	3	-2.5183	0.9544	-2.9548	2.0249	3	0.0615	3	0.4258	0	3	3	0	2	-2.6936	1	3	-1.0011	3	3	2	-3.2075
-1.9879	0.1665	-1.2378	-0.6670	0.0611	2	2	2.8833	2	0	-0.8317	0	1.6891	3	3	0.2510	0.0140	1	0	1	1	0	2	1	1	1.5102	1	2	2	3	1	-0.1614	-0.8020	2.0619	1	2	1.4312	1.1389	1	2	1.9123	3	4.6699	2.0764	1.9979	3	-1.2237	1	2.1741	-0.3252	0.8717	3	-3.0130	3	0.7488	-1.7895	1.9332	0.6768	0.3258	3	3	-0.8148	1	-2.7607	0	3.3218	2	1	3	-0.4094	5.4800	-0.8530	-2.6585	-2.2634	-0.2965	-2.5849	-0.4068	2	3	0.8394	2.1330	-3.6209	-1.5715	1	-2.2881	3	-2.2970	1	1	2	0	0	-2.0050	2	2	-5.2153	3	1	3	2.7894
0.3059	0.2582	-1.8844	0.9130	0.0720	2	1	2.1031	3	0	0.6759	2	3.8429	0	0	-2.9813	-0.0415	3	2	2	3	3	3	0	0	-1.3423	2	2	3	3	1	-1.6802	-0.3146	-1.2247	0	3	-1.6484	-3.6755	3	2	-0.6042	0	2.8099	2.2087	0.6721	1	-2.6381	1	-2.9140	-1.0752	-1.5368	0	1.5231	2	-0.6883	-0.4470	2.0156	-1.3863	0.6012	0	0	1.6552	0	0.0331	3	-0.7191	0	1	1	0.9277	4.4741	-2.9960	6.3968	0.0439	-2.2570	-1.9838	-0.8611	0	0	-2.2811	-0.4577	0.5301	-2.0981	1	0.4431	0	-5.7514	3	2	1	3	3	1.0168	1	2	4.9256	2	3	2	1.4566
0.8399	0.6071	-2.6530	-1.1778	1.9837	3	3	-2.9015	3	1	-1.4616	3	-1.9917	2	3	-1.4725	0.3281	3	2	0	3	2	0	0	3	-0.1034	3	2	2	3	2	1.0361	0.1777	1.4348	1	0	-1.5444	1.4109	3	2	1.8727	3	-4.4896	-1.3031	2.9585	0	2.7810	2	-3.7170	1.1236	0.6613	0	3.0462	3	2.3416	2.0944	-0.0544	2.0144	5.0732	2	1	4.4376	3	0.7299	2	-3.7600	3	0	2	-0.9336	1.5204	1.8408	1.4310	1.5709	1.7348	-1.9303	3.0569	3	1	-1.7661	-1.1704	5.8706	1.4530	2	0.9532	2	0.3337	3	3	3	0	1	0.0991	1	1	7.5213	1	0	0	-2.7983
-0.9060	-0.0826	1.4960	2.0877	-1.0354	2	1	0.3696	3	0	-0.0815	1	-2.2330	1	0	-0.2350	1.8336	3	2	2	3	1	1	3	2	-1.3743	0	3	2	0	0	-2.0153	0.5816	-1.1901	1	0	0.3386	-2.1146	0	3	-0.1177	1	-1.4869	-3.7593	-1.3462	0	0.5607	3	-3.9053	0.3938	-0.6083	3	3.7550	2	-1.1892	0.5452	0.5905	-0.9116	-2.5471	2	0	6.5594	2	0.0977	3	-5.5318	2	0	0	1.1148	1.3371	1.3736	3.1289	2.0240	-1.0744	0.0711	5.2322	0	3	0.3389	-0.2334	5.1584	1.3601	2	1.1528	3	4.3114	2	1	3	2	3	1.1435	2	0	7.3414	0	3	3	3.0255
-1.6237	0.7566	2.0302	-0.8831	0.4675	1	1	0.7345	0	1	-1.4527	2	-0.0183	2	1	3.4800	1.0808	0	0	2	2	1	2	3	2	-0.9278	0	3	2	0	1	0.5469	-1.8511	1.8052	2	0	-2.8320	0.3955	0	3	0.5744	1	2.7884	0.3426	0.5760	0	-3.6242	0	3.0357	0.4999	3.1768	3	-4.4185	1	1.9938	-1.6821	-0.5350	-1.5884	-2.0786	0	0	-5.4964	0	0.4079	0	4.1052	2	1	3	-0.2235	1.5561	1.4377	-6.0432	1.0669	1.4093	-0.0758	-2.3653	2	3	3.4765	-1.2452	-0.7340	4.2712	2	-2.8603	2	2.0063	1	2	3	2	0	2.5890	2	0	-10.5978	1	2	3	-0.2662
1.5813	1.6660	2.8923	0.5370	-0.1320	1	3	1.0288	3	3	-2.3491	0	-3.5846	0	1	0.2208	1.5328	0	3	0	2	0	2	2	2	0.8729	2	0	0	1	2	1.2823	0.6732	-2.2195	2	1	-1.9518	-0.1570	1	3	-0.6111	3	0.1568	1.0401	-1.3544	3	-0.0998	0	-0.3564	-0.0687	-2.7632	1	0.4832	1	-0.2836	-0.4193	-3.6210	-3.8817	-4.5357	0	3	2.7272	0	-0.2634	2	-1.9958	3	2	3	-0.8212	2.6302	-0.5754	3.4333	-0.0337	1.4944	4.9145	3.0506	3	0	-0.3423	0.7327	0.8739	3.0439	1	-1.8487	1	4.0705	1	2	3	1	3	-1.0877	1	3	-0.4565	0	3	1	-1.0521
0.4392	0.4306	-4.4877	1.2477	-0.2642	0	3	-4.3353	3	3	-1.2058	0	-0.7533	2	2	1.1339	-0.1566	2	0	2	3	1	0	3	2	-0.1775	1	1	0	2	3	1.2425	0.2136	0.9483	1	0	-2.1128	1.7745	3	2	1.3089	1	-6.2996	-0.4614	-1.7622	2	4.5251	3	1.1691	0.9872	-0.4877	3	-1.8973	3	1.1260	1.1704	-1.4743	0.5561	-2.7352	2	1	-0.8703	3	0.5772	2	3.0386	0	0	3	2.0560	-5.9146	-0.2923	0.3653	-0.2728	-1.9819	-0.2818	1.3884	0	0	1.3254	0.5959	1.5045	1.0563	2	1.1465	2	-6.2267	3	2	2	3	0	3.7035	2	2	-1.9389	1	1	3	-2.0250
-0.2265	-1.2888	3.8564	-0.5296	0.4012	0	3	-0.8304	3	0	1.2730	2	0.0090	1	2	0.9138	-0.8151	0	3	0	3	2	1	3	3	-0.1257	2	1	3	0	2	1.1103	-1.1519	0.9129	3	2	-2.3991	-0.6386	3	3	0.4264	0	-0.5076	-1.3031	-1.6417	3	0.9606	3	1.9209	-1.3517	-2.0358	2	-0.0502	1	0.0471	0.8440	-0.5057	0.5473	0.0830	2	1	-1.2595	3	-0.4890	0	1.9518	2	0	3	-0.7383	-6.2893	2.4741	1.3497	0.7343	-2.8837	3.4639	-0.7662	0	1	-0.1124	2.3665	-4.9389	3.5725	1	-0.2705	2	2.7121	0	2	3	1	3	-5.1479	2	3	2.5180	2	1	1	-1.9869
-2.7424	1.1677	-0.3469	0.4227	0.6367	3	0	-1.4193	1	3	-0.7930	1	-3.1793	1	0	0.8519	2.0007	2	0	2	2	0	1	0	2	0.1551	1	1	2	3	3	0.1286	0.8587	-0.6585	3	2	1.5908	-2.7910	3	3	0.2805	1	-0.9127	-1.9370	-1.2647	1	1.7842	2	0.5690	0.7759	0.5627	1	-2.2508	1	0.0944	-0.5482	0.8731	-1.8866	-1.8807	2	0	-3.7785	1	-0.2364	1	0.8489	2	2	0	-0.4068	-1.4813	2.6773	-1.8763	-1.1970	-1.6176	-1.2984	-2.1478	1	0	1.1195	0.3161	-4.2850	1.6680	1	1.3052	2	2.5258	2	1	3	2	0	1.3357	1	0	-5.8980	2	2	0	1.0068
0.0579	-0.0788	0.1765	2.1221	0.9321	2	3	3.6411	2	1	-0.1726	3	-1.3867	2	1	-2.6887	0.4651	3	3	0	2	2	1	0	2	-0.2500	3	3	1	1	0	1.4400	-0.9019	2.1377	3	0	-2.1321	3.5853	0	2	1.3705	1	0.9187	0.1425	3.0462	3	-0.8405	0	-3.4214	-2.5602	-0.0187	0	0.9686	2	1.0091	1.2124	0.4183	1.1129	4.1061	2	1	1.2751	1	1.2983	0	-2.0567	1	2	2	1.9301	3.6501	-1.0453	4.1785	-1.4187	1.5261	-0.1093	-1.5568	0	3	-3.7510	2.1591	-3.0469	1.9968	1	-2.6337	0	-0.6024	1	2	1	1	3	2.6150	0	2	5.2818	0	0	3	3.7317
-0.1998	-0.6447	2.2641	0.0745	-1.5385	2	1	1.5950	1	3	0.4822	1	-0.8094	1	2	1.9247	2.9596	0	1	1	3	2	0	2	2	0.1945	1	3	3	2	3	-5.5221	-0.2451	-0.1989	1	3	-1.4516	0.6497	1	0	1.0613	2	2.7039	-0.6190	-2.0179	2	0.2237	0	0.4992	-0.7250	-0.9489	1	-0.7460	1	0.0166	2.9774	2.7717	-0.2151	-0.0020	2	3	0.0141	1	1.0765	3	-1.8758	2	2	1	1.7949	-1.5361	-0.1065	2.4635	-1.9634	-2.7061	-4.7708	-1.6449	0	1	0.6459	0.2684	1.1935	1.1144	0	1.1136	0	0.6553	3	3	2	0	3	-3.0004	1	3	0.4677	3	0	3	0.4496
1.3392	-0.8446	-1.5740	1.4541	0.0241	0	2	1.2549	3	2	-0.4830	2	0.5734	3	0	-0.3195	0.9203	0	2	3	0	0	2	2	2	0.9574	2	1	3	3	3	-0.0895	1.5468	-0.9484	2	1	2.7011	-3.7758	3	2	-0.2991	1	2.7146	0.5025	-3.6401	1	-4.0638	1	-1.8142	0.2636	1.6396	0	4.1231	0	-0.0274	-0.1608	0.9976	0.0187	-0.6517	0	3	4.9213	3	-1.1966	1	-2.2501	1	3	1	-0.9367	-0.6619	1.8871	-0.9922	-1.7185	-3.9596	0.3008	3.3105	3	2	-2.6711	-1.8121	1.8748	-3.6867	2	-2.0163	3	-2.3739	2	0	2	2	2	1.7900	1	1	2.0769	3	3	2	0.2986


