
X1	X2	X3	X4	X5	X6	X7	X8	X9	X10	X11	X12	X13	X14	X15	X16	X17	X18	X19	X20	X21	X22	X23	X24	X25	X26	X27	X28	X29	X30	X31	X32	X33	X34	X35	X36	X37	X38	X39	X40	X41	X42	X43	X44	X45	X46	X47	X48	X49	X50
1	3	2	1	0.8153	0.3965	-0.6277	2	0.2643	1	3	0.0639	0	0	-0.5408	2	2	-1.9280	2.6520	-6.1374	0.7026	2	0.3167	0	0.1028	-2.5379	1	-1.8224	1.2844	2	-0.9498	3	1	-2.2016	2	2	1.6128	0	7.0878	0.9437	-1.1683	1.4194	2	1.3573	0	0	3.4515	3	-0.5960	0
0	3	1	1	-0.9465	-1.4536	-1.2398	3	-1.7876	2	1	2.1566	0	0	-1.3436	2	1	-0.7555	2.0852	-1.6005	-1.7395	2	-0.0007	0	0.0961	0.4451	1	-2.1618	-0.5074	3	1.5684	0	1	0.8352	3	1	0.1389	1	1.4013	0.5838	-2.4641	1.6944	0	2.4431	1	2	-1.0589	1	-0.3936	0
2	2	3	3	-2.2324	-1.6099	0.6363	1	0.3570	3	2	-0.2980	3	1	1.0729	2	0	-1.6941	-1.9950	3.3997	-0.0191	3	-1.7060	2	0.2566	0.7872	2	-0.7224	-1.3855	2	2.0888	0	1	0.9509	1	1	0.1384	2	-2.1222	1.7293	2.2068	-0.0424	0	0.3627	1	2	0.9546	0	1.5903	1
3	3	2	1	0.4975	-0.7510	-0.6330	3	1.2371	1	1	-2.5553	1	3	-0.4028	2	0	0.4882	-2.6688	5.9815	0.1199	2	-1.7231	2	-0.5210	2.4556	0	1.8377	-1.4409	2	3.3039	1	3	-2.2647	2	2	-0.1478	3	-7.7915	-0.0892	0.5262	3.2982	3	-6.4738	1	3	2.8953	0	0.7375	3
1	0	1	0	0.9173	-2.1907	1.4212	2	-0.9661	0	0	0.9697	2	0	2.1475	0	2	-2.0905	3.2237	-5.3165	0.9185	1	1.0210	3	0.5667	1.1840	1	-3.6263	1.5624	2	0.8461	0	1	-0.0246	2	3	0.3880	2	6.9150	3.1007	-3.6690	2.4122	1	0.3335	1	1	-1.8023	3	1.3803	1
0	1	3	1	2.6788	0.3103	1.0901	3	-1.5476	2	1	2.3289	0	2	0.4207	2	3	-0.0784	3.5489	-8.4339	2.7215	1	0.7750	1	-1.3357	-0.0254	0	0.1006	0.2374	1	-0.0224	0	2	-1.4228	1	0	1.0013	2	8.1024	1.7374	0.8135	0.7649	2	-0.9580	3	0	-2.7030	0	1.8294	2
0	2	2	3	0.1262	-0.6140	-1.7165	2	-1.2454	2	3	0.9847	3	3	0.7970	2	1	0.3302	3.0169	-3.0758	-0.9722	0	0.1562	1	-2.5940	-2.3569	3	-2.8829	-2.8780	3	0.7158	3	2	-1.5099	2	0	5.5405	1	1.0684	-3.3503	4.1677	-1.3025	0	4.6727	3	2	2.2635	0	-2.2357	2
1	2	2	1	0.7761	-2.0735	-0.6326	3	0.0737	1	1	-1.4561	3	2	0.8699	3	2	-2.7793	-2.8932	6.2105	1.7560	2	-0.4353	3	-0.6624	0.7581	3	-1.3773	-0.9595	0	1.4741	1	1	-1.6737	3	3	3.2570	3	-6.4476	-2.5437	-1.2440	2.4778	2	-1.2729	0	3	0.4597	1	1.0392	3
0	0	2	0	-2.5694	0.5220	0.5339	1	-0.2345	3	3	1.1117	0	3	-0.4853	3	2	-1.3479	2.6077	-3.8923	1.3856	0	1.6847	1	1.9484	-3.4322	3	2.8618	3.5403	2	2.4529	3	1	0.4675	1	3	-1.7585	0	2.0323	-1.4792	-2.1311	5.4547	1	1.7938	0	1	1.1725	1	-0.7484	3
3	1	3	1	0.1783	-0.1026	-0.4615	3	-0.7821	1	1	-1.1592	3	3	-0.8290	2	0	-1.2897	-1.5082	1.1290	-3.3413	1	0.0886	1	2.8839	0.6924	3	1.7358	2.7185	1	-2.0020	1	1	1.8567	3	3	-1.2785	1	-0.3255	-0.1292	-2.0438	3.8807	3	-0.8038	1	0	-0.7578	2	-3.7358	0
0	0	0	2	-2.0561	-0.0835	2.6504	0	0.0831	3	0	-0.0216	3	2	1.1773	3	2	-0.8808	0.3712	-1.4232	-0.2773	3	0.1818	3	2.3063	2.8253	0	1.0141	1.3451	1	5.3595	3	0	-0.3283	2	2	0.2783	3	1.4666	-0.5437	-0.9770	7.9713	3	3.6433	1	1	-3.9028	2	1.8207	1
2	2	1	0	0.0074	0.2711	-0.0467	0	0.5475	3	0	-2.4792	2	2	-1.0224	3	1	-0.4219	-3.2853	5.1815	-3.5545	1	-0.6671	0	-2.2500	3.2940	2	1.8437	-3.7922	3	-0.1694	3	1	-1.5693	0	3	0.0338	2	-3.1919	1.9172	3.2325	-3.4810	3	-3.3867	1	3	-0.2450	0	-4.3971	3
2	0	0	2	1.5366	-0.4208	-0.4245	3	0.0714	0	3	0.2140	3	0	1.1787	1	2	1.7899	-1.6519	3.2885	0.2850	3	-1.1016	0	-0.3538	0.5852	1	0.2444	-1.4636	2	2.5415	2	2	-0.5953	3	2	0.4235	2	0.4337	0.3513	2.7628	-1.2320	2	0.5557	1	3	-0.6137	0	-0.1653	2
2	2	3	0	1.1774	-0.9862	1.9049	3	-0.1579	0	1	-1.0291	1	2	-0.3708	2	1	-2.7030	0.2050	-1.7941	1.2668	1	-0.9992	3	-1.1093	1.7626	0	-2.5753	-1.4660	3	4.3844	1	1	-2.2846	0	0	1.4732	2	-0.4874	2.4578	0.9946	4.3432	3	0.2091	3	3	-3.9063	1	2.2780	2
3	0	1	0	-0.0304	1.4677	-1.3659	2	0.0628	2	1	1.2354	1	3	1.2118	0	0	1.3640	4.2753	-6.9213	1.3639	0	1.7613	1	0.9590	-0.9139	3	-1.8956	0.5942	2	-0.4158	0	3	-1.6523	1	0	3.6350	0	7.6257	4.0506	0.0636	-1.0243	3	2.2449	3	2	1.8647	0	1.6533	3
2	0	3	0	-1.1397	-3.8560	1.4275	0	1.5775	3	3	1.4104	1	1	0.8848	2	3	-1.1007	2.4771	-4.7748	-0.5434	1	0.4778	3	0.3786	0.0578	2	4.6569	0.2645	0	-0.2032	1	1	0.2171	0	3	-0.9483	3	1.6641	0.1056	-0.7369	-1.9448	0	1.6185	1	2	-1.3905	1	1.0752	1
2	2	0	1	1.6816	-0.9897	2.6769	2	0.8323	0	3	-0.8638	0	0	0.4043	1	3	2.0891	-0.9284	1.5226	0.9335	3	-0.5381	1	-1.3687	2.9014	1	3.2092	-1.9219	2	2.5694	0	3	-1.5485	1	3	3.7356	3	0.5778	-1.5599	1.3197	-0.5241	2	-2.3501	3	3	-3.1331	2	0.9491	1
2	3	0	1	0.2620	-0.1345	2.3661	0	0.9861	3	0	0.1956	3	1	0.7539	2	1	-1.6896	-0.7600	3.9575	1.4315	2	0.6270	2	1.5236	-1.5659	2	2.0280	1.1743	0	-0.0769	1	0	-0.1062	0	2	0.1841	0	0.8039	1.0588	-2.0079	2.3368	2	-2.3399	0	2	-2.7261	1	2.5473	1
2	0	1	2	0.3217	1.1350	2.5212	2	0.9492	0	2	0.0403	3	0	-0.9894	1	2	1.7271	4.2160	-5.6290	-1.0488	3	0.1416	1	-0.3418	1.6202	1	-0.7638	-2.0792	1	2.5711	2	3	-1.7494	1	0	3.6496	2	8.9263	-0.3042	2.2978	0.4520	3	-1.6568	1	2	-3.1242	0	-0.7051	2
3	3	1	1	-1.1522	0.5813	0.2255	3	-0.4756	1	0	-1.4769	2	1	0.3950	2	1	-1.4066	2.6852	-5.0849	1.7833	2	-0.1130	2	3.6983	-0.3156	2	1.5732	5.0492	1	1.7107	0	1	-0.9726	0	2	0.5402	1	4.1978	-2.2065	-4.7843	6.3337	3	-0.0110	1	0	-0.3447	1	3.1325	3
2	2	3	1	1.5988	0.5830	-0.6457	0	-0.3244	2	2	-0.0257	2	1	0.4527	3	2	-1.6917	-2.4210	4.1180	-0.3918	3	-1.8532	2	1.5317	-0.0977	2	-1.1666	1.4815	1	-0.2257	1	1	1.1070	3	0	-3.0029	2	-0.8557	0.2596	-3.5637	5.0033	0	0.9112	1	1	1.8274	2	2.4021	0
1	0	0	1	-0.2008	0.2240	1.0925	2	-0.7606	3	2	2.7106	1	0	-0.2048	2	3	-1.8392	3.7063	-0.8807	0.8613	2	-1.9676	0	-1.3232	-1.4077	1	-1.0744	0.6055	1	2.4454	0	1	0.0691	0	3	2.1385	0	1.4542	-0.9465	1.0919	4.0389	3	-0.2324	3	0	-0.5717	0	-2.0100	2
2	3	0	1	-1.2400	-0.6088	0.2605	1	0.7136	3	2	1.7382	0	2	-0.4415	1	1	3.2369	3.1364	0.0833	-0.5346	2	-0.8471	1	-4.9156	0.6761	3	1.2299	-8.0318	3	-1.3027	1	3	-0.6812	0	2	1.0394	3	2.4577	-0.7064	9.1547	-11.4136	2	2.3769	3	0	-0.5499	0	-0.6003	3
1	2	0	0	-1.1234	-0.1250	1.6273	2	0.8450	0	1	-1.6917	2	0	0.2229	2	0	-1.3887	-1.4204	3.0869	-0.1043	3	0.8879	0	-2.9832	2.6715	1	0.0185	-5.4226	3	3.7446	2	1	0.8374	3	0	1.1768	3	-1.1561	-0.7671	4.6255	-5.3637	2	-0.4281	3	3	-4.0546	0	-1.4562	1
2	2	3	3	0.8455	0.7709	1.1246	2	1.6595	1	2	0.3076	3	0	0.3030	1	3	2.0624	0.2013	1.0970	-2.0205	3	2.3310	1	-0.4173	1.6323	1	-0.8700	-1.7672	3	1.9504	1	2	1.8695	1	2	-1.3454	2	0.9352	-1.8087	2.6141	-1.4742	0	3.2852	1	2	-0.4388	0	-4.8852	1
3	1	1	0	0.1280	1.2114	-2.5233	3	1.5824	2	3	0.8857	3	1	0.3783	2	2	-0.3497	0.1292	0.5841	-0.8430	1	0.4479	2	0.7512	2.7097	1	1.8445	0.1995	0	2.7135	1	0	-0.7298	0	0	3.7003	3	1.3231	-0.1139	-2.0028	4.6556	2	0.0986	0	1	4.8030	1	-2.0975	3
0	1	3	3	2.1232	-2.2374	0.4178	3	0.1488	3	3	-2.2162	3	3	-0.9889	3	0	-0.4519	-3.3900	2.2086	-0.4313	0	1.8533	0	1.3056	-3.0709	0	0.1480	1.0680	0	1.4280	3	1	-0.4684	2	1	-0.8818	0	-2.8753	1.0308	-2.6072	3.0877	2	-0.0544	1	3	-0.8048	3	-2.3230	1
1	2	2	3	-3.2429	0.8572	0.1042	2	-0.5147	2	1	-2.0246	3	2	1.0165	3	2	-0.3328	-2.5992	3.4711	-0.0097	3	0.7866	3	-1.4594	-0.0148	1	-0.7463	-1.7785	2	-2.5550	0	1	-0.2260	1	0	3.2473	3	-0.1167	-1.7508	1.4469	-4.7898	0	-4.4265	2	3	-0.1076	0	0.6740	1
3	2	3	2	0.8911	-1.5737	-2.3119	0	-0.5424	2	0	-2.2411	2	0	0.3958	1	3	2.7035	-4.4987	5.1668	-2.3349	3	1.1251	1	2.1557	1.2006	1	-3.4111	3.9245	1	-1.6797	3	3	-0.8923	3	2	0.5098	2	-4.3541	-0.4693	-3.4007	6.4805	2	0.8699	1	1	0.7377	1	-3.4933	0
2	3	3	1	-2.3028	-1.7846	1.9000	1	-0.9036	3	1	0.6763	3	1	1.6835	0	2	0.9014	0.5005	-1.7982	-0.0058	2	1.9856	1	-1.2589	-2.4770	2	0.8670	-0.8641	2	-0.8717	1	3	-0.7274	1	2	1.0996	0	3.1528	0.7706	1.6396	1.4173	0	1.2627	3	0	-3.3780	1	-1.5572	2
2	3	2	2	1.0703	-0.3444	-1.3089	0	0.2441	0	3	-2.0504	3	3	-1.3843	3	1	-0.3902	-1.8700	3.4816	-1.0111	2	-2.2702	1	2.3566	-2.3255	3	1.0929	3.9248	1	-4.3844	0	1	0.0728	1	1	0.2545	0	-1.6589	2.0281	-4.6580	-0.7016	0	-4.0176	2	1	2.4500	1	-2.8002	0
2	3	0	1	1.7810	-1.9437	0.2972	0	-0.3183	0	0	0.8937	2	0	-0.5991	3	1	-0.8279	-0.0557	1.7797	0.3522	2	-0.2144	3	0.6219	1.3531	2	4.1747	2.3801	1	-1.8649	0	1	-0.9105	1	2	0.8656	3	-2.5996	-0.5791	-1.7773	-1.1114	2	4.5007	2	0	0.2670	1	3.2001	2
0	2	3	2	1.4229	2.1871	0.2988	1	0.9847	2	0	-2.4300	1	0	-0.8231	1	1	2.5523	-4.0749	3.6874	-1.4693	3	-2.5125	1	-2.8346	3.0572	1	0.6913	-3.4191	3	1.7936	0	2	-0.7007	3	0	1.8494	2	-1.6585	-0.7238	2.8856	-4.8181	1	-4.7029	3	1	0.0286	0	-0.4745	1
0	1	0	0	0.5148	0.7548	0.1194	2	1.9353	0	3	3.6129	2	2	-1.8028	3	1	-1.5756	4.1513	-5.9143	-0.9112	1	0.0279	3	-1.5324	-1.5953	0	3.9151	-3.1592	3	2.3536	3	1	0.1425	1	3	-1.1337	0	1.5531	2.0714	5.0753	-1.5017	2	2.8635	1	2	-0.4978	0	0.7290	2
3	1	2	0	-1.9735	0.2766	0.6702	0	0.4033	0	3	0.1709	0	0	0.3859	3	0	1.7710	0.9762	-1.6229	-0.3980	1	1.7084	1	0.5059	4.3789	1	0.2773	-0.8996	3	1.9438	2	3	0.5025	3	3	-1.2727	2	3.6081	0.0948	1.4185	0.0371	0	0.3184	1	0	0.6713	0	-1.4248	1
2	1	1	1	-0.8975	1.5412	-0.2124	1	1.3417	1	1	-1.7281	0	3	-0.3699	1	1	2.9543	-2.7479	4.3667	-0.2675	1	0.7347	1	-1.9368	0.4219	3	-1.3034	-4.2423	3	-1.1642	0	2	-1.1804	3	2	0.1927	3	-4.6904	-0.4744	3.0427	-5.5713	3	-1.6278	3	2	-1.4102	0	-1.8646	1
0	0	2	2	0.6562	0.9992	0.1094	3	1.5435	2	2	-1.8355	2	3	2.1162	0	1	0.3662	-3.1623	5.1413	-1.0322	0	0.0373	1	1.1632	2.7041	3	4.4631	0.5932	2	-2.1365	0	1	-1.1200	0	3	4.6318	3	-5.5275	-2.4672	-2.7464	-0.2760	2	-1.8649	1	3	-1.3587	1	-2.2624	1
3	1	1	0	-0.4380	-1.3803	-1.5730	1	-0.8032	2	0	0.8470	2	0	0.4789	2	3	0.5945	2.3889	-5.8945	1.1990	1	0.1884	3	-2.0135	-1.4321	3	1.0085	-0.6495	1	-4.9560	1	1	-2.0226	0	3	3.0928	2	1.9987	0.1635	-1.6466	-4.2349	0	0.1228	3	2	1.2174	1	2.6159	2
2	3	2	1	-0.7692	0.0996	0.1374	0	-0.3728	0	3	0.7497	1	2	-0.6396	3	2	-1.7221	0.2224	0.8474	-0.6058	2	-0.0530	3	0.6379	-1.5446	0	-3.8243	0.8650	3	0.5201	1	1	0.3446	0	0	1.1509	1	-0.4662	-1.4033	-0.5329	2.0650	1	0.0609	1	2	1.7884	1	0.9272	0
1	0	0	3	2.3353	1.5183	2.7406	1	-0.6360	0	0	-2.8669	2	1	-2.2786	1	3	-0.5156	-0.4892	0.7761	0.4172	0	0.6777	2	0.8117	-4.2785	2	-1.7845	0.9430	0	-3.4412	1	1	0.1680	2	3	-1.1239	0	-1.0996	0.3915	-2.0500	-2.1365	2	-3.9775	2	1	-4.3781	3	1.7450	1
1	3	0	3	-3.1660	2.5458	-2.3790	0	2.2264	2	3	-0.6464	0	0	-0.2654	3	1	-0.8564	-2.9244	3.5517	-0.1571	2	1.0216	0	-0.8032	-0.7182	1	6.2410	-2.7348	3	-0.8714	3	1	-0.3012	2	0	3.3995	3	-1.7159	-2.0944	4.7604	-2.3733	0	-0.5427	3	3	4.6563	0	0.8926	0
3	3	2	1	-0.0888	-1.4599	0.5388	3	1.4267	0	3	2.1781	3	3	1.9162	0	3	0.0851	4.1753	-4.7518	-0.7830	2	-0.2397	1	-1.9740	-0.0114	1	4.1626	-1.4561	3	0.4022	1	3	-0.5485	2	3	-1.6613	3	2.5064	-0.8758	1.6365	1.1988	1	0.4665	0	0	-0.2972	0	0.7326	2
1	2	0	1	0.6740	-0.5210	1.3245	3	-0.6259	0	2	1.0824	1	1	0.3186	0	3	0.7593	0.0143	1.7222	-3.0984	1	-0.3154	2	0.3109	1.2465	2	-0.7098	0.4565	1	1.3420	1	3	1.0152	0	1	-1.8251	3	1.3840	-0.5791	-0.8833	1.3515	2	2.6201	1	0	-3.3797	3	-2.6848	2
2	1	0	2	1.2988	-0.8216	1.1869	2	1.4369	0	0	0.3295	2	0	0.4177	3	3	0.6053	1.7081	-3.4156	0.6962	3	0.7192	0	-1.0223	0.4839	1	2.4450	-5.1368	3	3.6542	2	2	-0.8538	1	1	-1.4267	2	0.6913	1.7207	7.3200	-4.7522	2	-1.4573	0	1	-2.2024	0	0.9399	3
0	0	0	2	1.8673	-2.1450	2.1115	0	0.5123	0	3	-1.4923	1	3	-1.1375	2	0	-0.7914	-1.6372	1.5533	2.8248	2	0.0845	1	2.5350	-1.9916	0	1.5518	0.6148	0	0.6336	0	1	-1.4560	3	2	1.7869	0	-4.3387	1.2372	-1.7134	-0.7018	2	1.0100	0	3	-2.6215	1	0.4595	1
1	0	3	0	-1.9212	-0.9771	1.3099	3	2.0936	0	2	-1.9165	1	1	-0.8217	2	0	1.0274	-2.9612	5.4299	-1.1986	1	2.4412	2	1.7643	-5.0545	3	4.0420	0.1868	0	1.6898	1	2	-0.4856	3	3	0.2107	0	-3.1730	0.9069	-0.1974	1.0738	3	-1.3102	1	3	-1.0968	0	-2.1972	1
3	2	0	2	-1.8624	-5.0521	-1.2427	3	2.1584	1	1	-0.3629	1	3	-1.3286	3	1	-2.6351	1.9617	-3.4152	-0.9160	3	0.6431	3	2.8932	2.4192	3	-0.2602	2.8025	0	3.0708	0	1	-0.9947	0	0	-2.1431	2	0.9652	1.2198	-1.6991	3.9603	3	-0.6213	2	1	0.2136	2	0.0343	0
3	3	2	2	-0.0008	-0.0268	2.1557	1	-2.3339	1	3	0.8752	1	3	-0.9320	3	0	-2.0098	-1.1054	0.8836	-1.0347	2	-0.4138	1	-2.0523	-0.6661	3	-3.3334	0.8518	3	-0.0095	3	1	0.9957	1	1	-0.4407	1	-1.1026	2.6954	0.3248	1.9622	1	-1.0882	0	1	-4.5549	2	-1.2069	1
1	0	1	2	-0.6951	1.1240	0.3465	1	0.6151	3	1	-2.1145	1	2	1.3064	2	3	-1.6844	-3.9733	4.7576	-0.7160	3	-0.0890	3	2.5378	1.1150	0	0.4373	2.4143	1	0.7015	2	0	2.1916	3	0	-3.3685	2	-3.1698	3.2759	-0.8383	-0.2750	0	-2.1839	1	1	-1.8123	1	0.3389	1
0	3	1	3	2.1197	-0.1810	-0.8394	0	0.0394	1	3	1.4637	3	3	1.2667	1	2	0.5201	2.8906	-4.4019	0.3981	2	0.1204	1	0.5836	-3.6414	3	-0.3707	0.6385	1	-0.5429	1	2	0.9164	0	2	-0.4510	0	1.9850	2.4297	-2.6456	1.6928	3	0.1591	2	2	-0.4006	1	1.6695	0
2	1	1	0	0.8315	2.0323	-2.0999	3	0.2573	2	1	-3.5712	3	3	-0.0758	3	2	-0.8815	-2.2672	4.4076	1.7426	1	1.6393	3	-1.6749	0.9030	3	-0.1981	-0.8535	1	3.7648	1	1	-0.7751	0	1	4.2966	2	-2.7103	-1.4107	2.7659	3.7850	2	-4.9047	3	3	2.4162	0	2.9128	0
0	2	0	0	-1.6188	2.5503	-1.0030	3	0.1706	1	1	0.7992	1	3	-0.1434	3	1	-1.0256	1.4343	-0.1263	0.7048	3	-0.9260	2	1.6804	-0.0061	3	0.0446	1.5603	0	1.0781	2	0	0.6493	3	3	-1.4018	3	0.6258	0.2437	-3.5293	3.0423	1	2.0617	2	2	2.6661	2	0.7566	0
2	2	3	3	-0.6975	-0.7833	-1.0518	3	0.1364	2	1	1.5959	2	3	1.7422	3	1	-1.1319	4.1113	-5.6106	0.2874	3	0.7473	0	1.9298	-1.5575	2	-3.7364	0.6905	0	-0.9414	0	0	-1.4650	1	2	0.5925	1	4.8024	-0.2945	-2.6960	-1.3871	0	1.9962	1	2	0.3552	2	-1.9427	3
3	0	0	3	-1.4274	-0.7309	-0.6157	3	1.4608	0	3	0.1603	2	1	1.2363	0	3	1.4443	-0.1218	0.8023	-0.3779	0	-0.9669	2	-1.5459	-1.0784	2	-1.0921	-3.5194	2	1.4573	0	3	-2.0677	1	1	0.6246	0	-0.7937	1.5661	0.9168	-5.3219	1	-0.5744	0	2	4.1073	1	0.6397	3
0	3	1	3	0.2083	-0.9532	-0.9879	2	-0.4880	2	2	0.3184	3	0	-0.8169	0	3	1.3820	0.3098	-0.6704	2.3304	2	-1.7304	0	3.0123	-2.7219	3	-1.3727	3.3604	1	-3.3627	0	3	-0.2768	0	0	1.3506	0	-3.3281	3.1599	-2.7450	2.1703	3	2.7091	2	3	1.7756	1	0.7296	0
2	2	2	0	-0.6886	-0.4844	1.5142	2	-0.4762	2	0	-1.3482	0	1	-0.8302	0	1	0.7682	-0.0364	-0.6763	1.0172	1	-1.8028	2	-2.4604	2.0378	2	-1.0334	-2.9108	3	-4.2213	0	2	-0.2269	1	3	2.0483	2	-1.5121	-0.1717	3.3321	-8.3853	3	-0.1217	3	2	0.4939	0	1.9857	1
1	3	3	0	1.1555	-0.4772	-1.9047	3	0.6561	2	1	-0.6619	3	1	-1.6237	2	1	-2.1474	1.9392	-4.8043	-1.2624	1	1.4038	2	1.1549	-4.0181	2	-2.7188	0.1282	0	-2.6545	2	1	0.4852	3	1	2.2499	0	2.3189	1.8250	-1.4991	-1.5802	2	1.3190	2	3	2.4598	0	0.0297	0
3	1	1	3	1.8304	-1.1386	2.0480	0	-1.0675	0	2	0.1696	2	3	1.6491	3	1	-1.0116	-0.8017	1.8560	-0.5566	1	-0.6420	1	-2.2208	3.5513	3	-1.5479	-2.1556	2	-0.5516	3	0	0.0515	1	2	-1.2623	3	-2.4843	-2.0829	3.6743	-1.2132	2	3.1472	3	2	-1.7081	0	-0.5996	1
1	1	3	2	-0.2058	-0.3262	2.6363	0	-0.2723	0	0	1.7926	2	3	-2.2386	3	1	-0.8581	-0.1550	-2.7446	-1.2996	3	0.2263	1	-2.5155	-0.9367	2	-2.5131	-3.2168	2	-1.0546	3	1	0.6050	2	2	-1.8522	1	1.9175	-0.6036	4.4127	-0.9465	1	1.8048	3	1	-4.7022	0	-1.0434	2
2	1	1	1	-1.8800	0.3313	-1.4746	1	0.6550	2	3	-0.5116	0	1	2.0909	3	1	0.8007	3.1690	-6.2551	1.4792	2	-1.5661	1	2.1628	-3.9652	2	3.8618	1.2221	1	-2.6429	3	3	0.8452	2	2	-0.4614	0	5.7144	0.7518	-1.2240	1.7299	3	1.5023	2	0	2.1573	2	2.6641	0
0	0	1	1	0.8774	-2.5637	0.3225	3	0.4617	2	0	-0.3718	3	2	-1.1456	2	1	-0.7253	-2.3549	2.3237	-0.6599	0	0.9840	3	1.2634	0.6722	0	0.5668	1.6796	1	0.5007	1	1	-0.4797	0	1	0.5579	0	0.2273	1.2896	-0.9161	5.2272	0	-3.9027	1	3	-0.6715	3	-0.8038	2
1	3	0	0	-2.6021	-0.7303	0.3064	1	1.5770	1	1	2.1033	0	1	-2.2428	3	1	-2.2076	1.2439	0.5992	-0.0278	3	0.1908	2	1.4282	0.6733	3	-0.6353	2.0497	1	0.0475	0	1	-0.0399	1	2	-1.7262	3	-0.5318	0.1972	-1.0425	2.7667	1	1.1487	2	3	-0.7416	1	0.3389	2
0	3	0	2	-0.5177	-1.7688	-2.2761	3	2.3504	2	0	1.4238	0	1	-0.0082	1	1	2.5647	0.2106	-1.9087	2.1427	3	0.6108	1	-3.6170	4.2749	2	2.4343	-6.3466	0	4.7776	0	3	0.1013	1	2	1.7783	3	0.1100	2.6341	5.8008	-2.0120	0	0.7731	0	1	-0.0899	0	1.5489	0
2	2	2	3	3.3867	1.1982	1.5922	1	-2.2265	0	3	2.1499	0	1	0.3983	3	1	-1.6442	1.1413	-1.6464	2.0890	2	-0.1964	3	1.0922	-2.6789	2	-3.5438	1.7724	1	0.0936	1	0	1.6186	1	1	-3.5089	1	2.0212	-1.3101	1.1911	-0.3494	2	-1.2419	1	2	-3.2238	0	1.3920	1
1	2	0	3	2.2364	3.3302	0.3195	3	0.3750	0	1	-0.6981	0	2	-1.2514	2	1	0.7271	-0.5812	1.0628	0.2906	3	-0.8510	0	1.0564	-2.1372	0	1.3929	0.7779	2	-0.8376	3	3	-1.4143	2	0	1.0207	0	-2.9731	3.3829	-0.8499	1.1006	2	-4.3230	3	2	-0.6083	2	-0.2474	2
1	2	2	1	-2.4981	-0.8477	0.9994	2	0.2926	0	1	-0.3222	2	2	-1.0477	1	0	-0.5942	-0.7271	-0.0364	-3.6976	3	-0.2983	3	-1.3728	3.0145	0	-0.2224	-3.7368	3	-0.1500	0	2	1.1986	2	0	-2.4651	3	-1.7163	-1.1356	2.0946	-6.6115	3	1.8096	1	0	-2.6683	2	-2.0767	1
2	2	3	3	-0.3483	-2.8129	0.9547	1	0.9002	1	2	-0.1182	3	0	-0.8588	1	0	2.8474	-2.8705	5.2148	0.9197	3	1.1305	1	1.7460	0.7511	1	0.4665	0.8185	0	-0.7853	1	3	-2.4418	0	0	1.0989	2	-3.7596	1.4632	2.5647	-2.3323	0	-0.1609	2	2	-0.4354	0	-1.0332	3
1	2	1	1	-0.9119	-1.0228	-0.5870	1	-0.7923	3	1	2.0752	2	2	-1.8280	1	0	-0.2951	1.4931	-1.8405	-0.0824	2	0.1131	3	-1.0093	2.7206	0	3.4792	0.5299	0	1.2945	0	1	0.3432	1	2	0.6979	3	2.2908	-0.6222	-1.9580	0.8336	3	1.0380	0	0	-3.8682	1	3.2115	0
2	1	0	0	0.4693	0.2844	-0.0488	0	1.2149	3	3	-2.5034	3	0	1.6072	0	1	0.8906	-0.9709	2.7748	0.0881	1	0.4709	1	-1.1770	1.8369	1	3.9254	-2.4024	3	-2.4228	0	3	0.6527	1	3	-0.3931	3	-0.3128	-2.0310	2.5914	-6.4104	2	-2.2283	3	2	-0.1714	0	0.2681	1
3	0	0	3	-1.0249	-1.4546	-0.4530	2	-2.0687	3	0	0.7900	2	1	1.4430	0	3	-1.6803	0.2766	0.9596	0.6665	0	-0.8818	3	-3.6484	1.8242	3	-1.5986	-1.4011	2	-0.0343	2	1	-0.7128	3	0	0.9197	1	-1.4147	0.2810	0.4882	-6.4580	3	1.3798	3	0	-0.7259	3	-0.2103	2
0	0	2	2	0.8338	0.7661	-2.2907	3	0.9581	2	0	1.3191	1	3	0.8303	0	2	1.5078	2.0592	-2.5927	1.9290	3	-0.4770	1	0.0395	0.7292	3	1.2790	-0.7270	3	-1.8605	2	2	0.7483	3	2	0.6553	2	5.3133	-0.6813	1.2393	-2.0565	1	0.3119	3	1	2.7106	2	-1.2382	0
0	3	3	3	2.1512	-1.2110	-2.1447	3	-0.9456	2	2	0.2427	2	3	0.0839	2	1	-1.6974	0.5176	-2.1254	-0.3023	2	-0.6455	2	-3.1855	2.0559	3	-4.0747	-0.6826	0	-1.9414	2	0	-1.9261	0	2	4.3684	2	2.3374	-0.0303	0.6251	-2.8674	3	0.5186	3	2	2.3516	0	-2.3106	3
1	1	1	0	1.7502	0.5213	0.5936	3	0.2401	1	0	-1.4071	1	2	-1.6666	0	1	-0.2665	0.3185	-0.4112	0.9016	1	-2.1428	3	0.4419	1.5204	0	1.8001	-0.8477	3	-0.6455	3	0	-0.7653	2	1	-1.3705	3	0.2992	-1.3507	1.7076	-0.9423	3	-0.8184	0	3	-2.8849	0	1.2924	0
0	2	1	2	-1.1298	0.6698	2.0320	3	-1.3305	0	1	-0.1815	0	0	1.3613	0	2	-2.6999	-1.5784	0.2469	-1.4487	3	-1.2647	2	-1.6434	1.5760	1	-1.7099	0.4775	1	-2.6948	0	1	-2.6361	3	2	2.3166	2	2.4571	1.3333	0.6378	-5.3852	3	-0.4947	3	1	-1.4558	0	0.7018	2
3	3	3	1	-0.4668	1.6402	-0.6832	2	1.0894	2	2	0.0989	1	2	-0.3200	0	3	-0.8650	1.0218	-1.6785	-1.1888	2	1.5922	3	0.6479	-4.3142	0	0.0554	-0.7785	3	2.5918	1	1	0.0121	3	0	1.7245	0	-1.3963	1.3911	0.9733	3.3007	0	-1.2224	1	0	-0.1530	0	0.4618	3
2	3	2	1	1.7349	0.8863	-0.9300	0	-0.2408	2	2	-2.0365	2	2	-2.0108	1	2	0.5489	-3.4746	5.0314	-0.8673	2	-2.0564	1	0.6887	-1.3995	0	0.5649	-1.0072	0	3.6059	0	2	0.0728	0	0	-2.1047	0	-5.9002	1.9876	1.4805	0.4645	1	-0.8948	2	3	1.2181	1	-2.7328	0
0	2	1	3	-0.7054	-0.7006	-1.0358	1	-0.3216	2	1	-1.7046	3	0	0.4866	0	3	2.5593	-0.4246	-1.3175	-0.6174	0	0.9816	1	-0.1491	-3.0999	0	-0.0234	-1.3055	2	3.6098	3	3	-0.9134	3	3	1.9090	0	-0.6231	0.3359	2.0325	4.0926	0	-2.4514	3	1	0.3435	3	-2.0828	3
0	3	0	3	0.8982	-3.3265	0.2588	2	-1.0884	1	0	-2.1574	1	2	-0.6774	2	0	-0.4910	-1.7194	4.6148	-0.7389	0	0.9202	3	1.7505	2.1110	0	-1.4606	4.2726	1	0.0556	2	1	-1.7276	1	0	1.3589	2	-3.2269	1.8413	-4.3772	2.9228	2	-3.3575	2	2	3.6996	1	0.3606	2
2	3	3	3	-1.2597	-0.9265	-0.8927	2	-0.8154	2	2	-1.3317	1	1	0.9410	1	0	0.3718	-2.5226	2.6404	0.9559	0	-1.2389	2	1.9164	0.7450	1	-3.9531	3.8804	1	-0.8754	1	2	0.4987	2	3	1.2056	1	0.2168	-0.7279	-4.3457	3.9597	3	-2.6175	0	2	2.5209	2	-0.3065	0
1	1	3	0	-0.0439	-0.9447	1.4947	0	0.8049	0	1	2.1749	0	1	-1.7169	1	3	0.9921	0.7283	-2.2139	2.6671	1	0.4479	1	-0.4407	-0.3460	2	1.7444	-1.3552	0	4.0165	3	1	-0.2953	0	2	-1.8320	3	1.5607	-1.4896	1.6996	2.5599	0	-0.2144	2	0	-3.2381	0	1.5914	2
0	3	1	1	0.5804	0.2181	-1.5722	2	1.1082	2	0	2.8153	2	3	0.2559	0	3	0.0085	2.1095	-2.8705	-1.0301	2	1.7603	3	-2.9027	0.5799	3	0.3792	-3.7663	3	-0.5173	3	1	-1.2091	2	3	3.6368	2	-0.4902	-0.0997	3.4028	-2.6501	1	5.6754	3	2	2.9488	0	1.2081	2
0	0	0	2	-1.1036	0.6874	-0.1086	0	0.3029	0	3	-0.2140	2	1	0.0708	3	0	0.1345	-0.6011	-0.5064	-0.7088	3	-0.9252	2	-1.4165	-0.8780	1	3.1949	-0.9404	3	0.9674	3	0	1.8323	1	0	-0.0319	0	0.3594	1.3568	0.4206	1.1390	3	0.9460	3	1	0.1029	2	1.9715	0
1	2	1	3	-2.4815	1.3859	1.3470	3	0.3019	3	3	0.3092	2	0	0.0923	2	3	-1.0734	-1.7746	2.6350	-2.6872	3	1.8299	0	-0.1105	-0.4135	1	4.1298	-1.6469	3	-0.6620	3	0	-1.0146	2	2	0.0091	3	-4.0765	-1.4277	2.1119	-1.2257	1	0.4844	1	3	-5.5165	0	-4.4590	2
1	3	0	2	1.1982	0.1539	-0.4251	2	0.4734	2	3	0.3427	3	1	0.4263	0	1	-0.5630	3.0409	-5.7321	0.3659	2	0.3447	2	3.2016	-0.3539	2	2.0093	3.7412	1	1.1580	0	1	1.0139	1	3	1.2027	3	4.4589	-1.6245	-2.9533	3.3311	2	1.5478	1	1	1.1355	1	2.2109	0
1	0	1	2	-1.8430	2.5222	-2.1549	2	-0.7003	2	0	0.5839	2	3	1.3383	3	3	-3.6958	-2.6821	2.8937	-1.5328	3	-1.2926	2	3.5556	1.2937	0	1.4405	2.4439	1	-0.6055	3	1	0.8415	2	1	-2.1835	3	-2.7281	-0.8411	-4.5848	6.1091	3	-0.9674	2	3	2.9075	1	-1.6729	0
0	0	2	1	0.4679	0.9235	1.3572	2	0.8822	3	0	3.3021	1	1	-0.1833	1	0	1.8272	2.3573	-4.5462	4.2872	0	1.1584	1	1.7911	1.4004	1	-1.3932	0.6376	3	-1.1060	1	3	-1.2698	0	0	0.8607	3	3.4291	0.5496	0.4479	2.2985	1	4.8894	0	0	-2.6284	3	3.2986	2
1	1	0	3	0.7305	-1.5257	0.9015	0	-1.9625	0	1	1.3893	2	0	0.4388	3	3	-0.7139	0.4760	0.7696	1.3543	1	0.7666	0	0.8770	0.7888	0	-4.6556	2.9216	1	0.7542	1	1	0.9855	0	1	-2.2766	1	-1.3783	-1.7351	-2.1572	5.0358	2	0.7775	0	2	1.8587	1	2.0750	1
3	1	1	3	-2.8143	1.4717	-0.1707	0	-0.9485	0	0	1.7961	0	1	0.7016	3	1	0.4841	1.6254	-4.6609	-0.6730	0	-1.1080	2	-0.2770	0.8588	2	0.2188	0.2350	1	0.0072	0	2	-0.5073	2	2	-1.1379	3	3.8411	-0.5576	1.6513	-1.6744	0	0.3525	1	2	-1.1347	3	-0.6952	2
3	0	3	1	1.1808	1.7315	-1.5776	3	-0.4409	2	2	1.4279	0	2	-0.5047	1	3	3.3155	0.6813	0.5102	1.0618	2	-0.2084	1	-2.9093	0.9579	0	-1.0033	-2.5919	2	2.9976	2	3	1.0257	0	1	0.2991	1	-1.5657	1.2416	0.8965	0.0878	1	0.3392	3	0	1.3091	1	1.6070	0
3	1	2	1	0.6178	-0.5183	-1.3824	0	-0.1609	2	1	0.1553	3	1	-0.5643	2	3	1.7491	-1.6769	4.0920	3.5275	2	-0.6169	3	-0.4100	6.5398	2	1.3974	-0.7919	3	0.2265	2	3	0.0398	1	3	2.8411	3	-1.4408	-1.4029	2.9640	-1.1275	1	-1.6718	3	0	1.6066	0	4.3711	0
2	2	1	1	-0.7817	0.4360	-0.9356	3	-0.8865	2	3	0.5532	3	1	-0.3140	0	2	-0.7683	0.5912	-0.7941	-0.9276	2	0.2630	2	0.5252	-1.0935	0	-0.0883	-1.5039	0	2.8853	2	1	-0.2568	3	2	2.5403	2	0.6056	0.4086	2.5397	0.0994	3	-0.7121	2	0	3.8197	0	-1.1683	3
0	1	1	1	1.6046	1.8372	0.4331	0	1.0428	0	2	0.7175	1	0	-0.0463	0	2	-0.7604	-0.4391	3.7810	-1.7843	1	-0.1311	0	0.5011	2.1403	1	2.9722	1.0823	3	-0.8360	0	0	0.9535	3	1	-1.7196	3	-0.2982	0.0236	-0.7555	0.8385	1	2.3502	1	1	-1.7510	0	-2.7537	1
1	3	2	2	1.0274	-1.5574	-0.8520	2	-0.2045	2	3	1.7023	0	3	0.0377	2	1	0.1327	2.7357	-6.0543	-0.4050	3	0.2447	1	1.6061	2.1344	3	-3.0990	0.2885	0	-2.9071	2	0	1.0674	0	1	-1.4271	1	4.5316	-2.5254	2.7747	-1.6878	1	2.9464	0	2	2.4396	0	-1.1742	0
1	0	1	0	1.0647	1.5910	2.5982	2	-0.8488	0	0	1.8831	1	0	-0.1844	1	3	1.0660	3.6569	-4.9140	1.1892	2	-0.6286	1	-0.0520	-1.4712	3	-2.4375	-0.2732	0	0.7721	3	3	0.4641	3	0	-1.1896	1	3.0629	-0.8861	1.7017	4.4825	0	6.2480	3	2	-4.4415	1	0.5079	2
3	0	3	0	0.1290	0.6779	1.9618	0	0.6323	0	0	-1.0166	2	1	-1.4301	2	1	-1.9118	0.9968	-4.5948	-1.8071	1	-0.8893	2	2.4457	-1.5827	3	0.9053	2.3232	1	-1.8026	3	1	-1.6845	3	3	1.4813	0	3.8907	1.1700	-2.0244	0.2604	2	-0.0063	1	0	-2.6801	2	-0.6301	2
0	0	1	2	-1.6400	-0.9996	1.8011	0	-1.1611	0	1	1.2414	0	0	0.1451	0	3	0.5029	2.8823	-5.3432	-1.7731	3	0.9279	0	-2.4546	-0.5933	0	-2.1318	-1.9084	2	3.7968	1	0	-1.4686	1	3	2.0280	2	2.8770	-0.3254	3.6522	2.1596	3	3.8496	3	1	-2.0007	0	-1.5377	2
3	2	1	3	0.4342	0.1444	2.2941	1	-0.2260	0	3	-0.0666	1	3	-2.7344	0	0	1.3484	-0.2907	1.2505	-1.7585	2	-0.0052	1	-2.8200	0.9992	3	-1.0653	-1.9299	2	-2.5681	3	3	0.1327	2	2	-0.6010	2	-1.2901	0.1787	1.9559	-6.8045	3	-0.3746	3	2	-2.3265	0	-0.9164	1
1	3	3	0	1.1980	-1.0487	-1.5981	1	0.6920	0	2	-0.9342	3	1	2.6341	0	2	1.0865	0.1059	0.6724	-1.9588	1	2.1853	1	1.2846	2.2906	1	1.9231	3.0396	1	-0.4019	0	2	-0.2726	2	1	-0.0671	3	1.9536	0.0586	-4.1908	2.7054	2	3.5913	1	2	1.2675	1	-2.8616	0
2	3	1	1	-1.3325	-2.5379	0.2658	3	0.9022	3	2	-1.8939	2	3	1.0471	1	3	2.0033	-0.3301	2.4583	-2.2004	2	1.6502	1	-0.2525	1.1777	3	1.2675	-0.2468	2	-2.0076	1	3	1.2567	2	2	-1.0170	2	-1.9489	1.5694	3.2268	-1.6162	3	-1.5035	1	2	-2.0818	0	-5.3432	1
3	3	0	1	1.0560	-1.6770	1.4949	2	-0.0214	1	0	0.4064	0	1	-0.6264	3	0	-1.2732	1.4456	-1.5061	1.0112	2	-0.4420	0	1.0167	1.2994	2	2.1461	0.3185	2	1.0897	3	1	1.6897	2	2	-2.1528	0	0.1829	2.2285	1.9645	2.1843	0	1.7315	3	0	1.0600	1	-0.1267	1
2	3	3	0	1.5964	-0.2549	-1.1109	3	-0.3828	2	3	1.3999	3	2	-1.9063	0	0	-1.5645	2.8683	-4.6632	1.1083	1	-0.9336	3	-2.9586	0.6217	0	2.6383	-1.2959	2	-0.3375	0	1	0.6377	1	2	-0.9997	3	3.0963	-1.4347	2.9741	-1.7774	0	3.2813	0	2	2.4220	0	1.6943	0
1	2	1	0	0.4661	-0.0296	-0.6164	3	1.3295	2	1	0.2368	0	3	1.0636	0	0	0.0787	0.8848	-1.1548	-0.6998	1	-1.8260	1	0.3334	3.3112	3	-0.0796	-0.8312	3	-2.1025	1	2	0.3080	0	0	1.3326	3	0.2607	-1.2956	0.8696	-1.5985	2	-1.4899	1	0	-0.6275	0	-2.1132	0
0	3	3	1	-1.4122	-2.8273	2.9492	3	-2.5896	3	1	-1.0291	2	2	0.8214	1	2	0.0605	-1.9253	-0.6195	-0.2325	2	-0.2334	3	-1.3260	-2.7219	3	-5.9856	1.0266	0	-4.0401	2	0	-1.8652	3	3	2.7163	1	-1.1781	0.6338	-0.4113	-3.5947	1	1.0873	1	1	-5.4323	3	1.4976	2
0	2	2	3	1.7293	-1.4038	-4.3582	1	-0.4351	2	3	-2.3788	2	3	-1.0746	1	2	0.7742	-4.1957	3.8338	-1.9048	0	1.4110	1	-1.5815	0.4890	3	1.3571	-2.6188	2	-3.6349	1	2	0.0498	3	1	-0.0870	0	-5.6636	-0.8523	2.8352	-8.2575	2	-2.3362	3	1	6.9338	0	-1.3333	0
3	0	1	1	0.1183	0.8177	0.4300	0	1.7463	3	2	-0.9336	0	0	-1.7138	3	2	0.2736	0.2073	-0.9690	-1.8534	2	0.4770	1	-0.6979	1.8507	1	0.2545	-3.3343	3	1.1421	3	0	-0.1743	2	3	-1.6745	3	3.2749	-1.5737	1.5854	-0.2156	3	0.0221	0	2	-1.4120	0	-4.1457	1
3	0	3	0	-3.5633	0.4660	2.5936	1	1.2705	3	2	0.6459	0	1	1.6650	0	0	-0.5089	0.0110	1.1206	1.3454	1	1.6550	2	0.0699	0.0148	0	4.3927	-0.2679	3	0.7359	3	0	-0.1563	0	2	-3.9964	3	-2.3427	-1.1021	2.8613	1.7678	1	0.7864	0	0	-3.4873	0	4.0808	1
3	3	1	2	1.6347	0.3933	-0.3758	0	0.1025	1	3	-3.3758	0	2	-1.1082	3	0	-1.2246	-3.7968	5.3812	0.9594	2	0.6950	3	-1.9457	0.3314	2	0.6771	-1.3882	3	-1.7030	2	1	-0.7354	2	1	0.1223	3	-2.8643	-0.0105	1.1829	-5.3145	2	-2.6002	3	3	2.0422	0	1.0554	2
0	3	2	1	1.5155	0.4500	-0.7420	1	-0.2774	2	2	-1.6600	2	2	0.4158	3	3	-0.6125	-1.2690	4.4384	2.2822	0	0.5149	3	-1.5391	-0.4141	0	-0.8471	1.2480	1	2.1543	0	0	-1.5940	1	0	2.2998	0	-3.7931	2.8521	-1.7756	1.7674	3	-1.2276	3	1	2.9424	3	2.0469	2
0	2	1	3	0.2666	-4.0336	-2.2864	2	-2.7461	2	3	0.2394	1	2	0.2625	1	2	1.8562	1.3762	-1.9233	-0.1623	3	-0.5363	1	0.4363	0.4464	2	-6.5509	2.3014	1	-1.4721	3	3	-1.5709	1	1	4.6487	1	1.9784	-0.1478	-4.1296	-0.1699	0	1.9003	1	2	2.8202	2	-2.6630	0
2	3	1	1	1.5386	1.9292	-0.1921	2	2.7919	3	2	1.5459	0	1	-0.1357	3	1	-1.5049	0.4100	-0.8630	0.1693	2	-0.8228	2	-1.4947	1.8552	1	6.4562	-3.0372	2	0.0926	1	0	1.0514	0	2	-2.9793	3	0.9540	-2.9327	3.1531	0.3946	2	4.7053	2	2	-0.1585	0	0.0416	0
3	2	2	3	0.6631	1.2814	0.2498	3	2.2634	0	3	1.3612	2	0	-0.1802	1	1	1.4554	3.1645	-4.4408	2.0499	0	0.2927	0	0.1344	1.6466	1	3.7363	-1.9117	2	1.6420	0	3	0.3786	2	0	-0.1563	3	2.9930	-1.5647	1.6629	0.4909	2	-2.8462	3	2	0.9015	0	0.7750	2
1	3	3	0	3.6993	1.9967	3.3435	1	-2.1685	3	3	-1.4810	3	0	-0.4566	1	2	2.9421	-1.1542	-0.8113	-1.9475	1	-1.6245	1	0.9474	1.9936	2	-4.7826	4.6973	1	2.4808	3	3	-0.1059	2	1	0.0602	2	0.5442	1.6694	-2.5873	11.0058	2	-2.0860	1	3	-4.4183	1	-3.5975	2
3	0	1	2	0.5702	0.9301	0.9692	3	0.3010	1	0	1.0697	0	1	-0.1328	1	1	2.1222	1.0321	-1.3351	2.3673	3	-0.3426	1	2.3750	-2.3365	0	-0.2683	2.2273	1	2.4233	3	3	2.0403	2	1	-2.5767	1	-0.2600	1.2692	-1.9893	4.1490	3	0.5225	2	1	-1.0587	2	3.1848	1
3	0	2	1	-0.3867	0.9197	0.8246	2	-0.2078	1	0	1.0870	1	0	0.7907	2	0	1.3077	0.2266	1.0496	-0.0648	2	-0.3489	1	0.5997	-1.2058	1	-2.9948	1.6632	1	-2.7426	3	3	2.6250	0	3	-3.7666	1	-0.8473	-1.4129	-1.0340	-2.0595	2	2.6516	2	0	0.2014	1	-1.8412	1
0	3	3	0	0.3125	1.0767	-0.2440	2	-3.2261	2	3	-2.9434	3	1	-0.7424	2	3	-1.5431	-5.4280	6.6460	0.3409	2	-0.4204	2	-0.3739	0.4496	3	-4.9032	1.4472	1	-3.8967	2	1	0.5348	3	3	0.6085	1	-5.6547	-2.1386	-1.6687	-5.6963	3	0.2259	0	3	0.6933	1	3.1722	1
1	0	1	2	1.7543	1.4799	-0.7080	3	0.8810	2	2	0.1777	3	1	0.0608	2	1	0.1174	-0.3622	0.7350	-0.0732	0	-0.0487	1	-0.0833	3.4404	2	-2.3931	0.2754	3	2.5863	3	0	-1.5013	2	1	2.8393	2	-2.1970	-0.9807	0.8227	2.4899	2	2.3870	1	1	-0.3334	2	0.0561	3
0	0	0	2	-2.7257	1.1313	1.1159	1	-0.2806	0	3	1.4051	2	0	-2.6438	0	1	0.5413	3.5752	-6.1997	-0.9881	1	-1.0917	0	1.8236	-1.3390	2	0.7846	2.4425	1	-0.3852	2	3	-0.1284	0	1	-3.6195	0	4.5676	-1.8602	-3.7038	1.2679	3	5.7619	1	0	-0.7866	3	0.2640	2
0	1	3	1	-1.0543	0.3659	-0.9127	1	-0.2605	2	1	-0.7546	2	0	-0.5483	1	0	2.7631	-0.6594	-0.4705	0.7445	2	1.0047	1	0.3273	1.3680	1	2.5267	-0.4302	1	-1.0961	1	3	-1.1372	0	0	1.8501	3	1.5571	-3.2177	1.4882	-1.3221	0	-1.9708	2	3	1.2862	0	-0.6412	3
1	3	2	0	-2.9793	0.9205	0.1970	0	0.4517	1	0	-0.1766	0	0	0.2787	3	0	0.2902	-0.4426	0.5033	-1.0578	1	-1.3216	0	-2.8207	-3.7861	1	-0.5630	-3.2721	3	-0.8045	2	1	-0.9794	3	3	0.1433	0	0.9830	1.2129	3.6046	-7.8044	3	-0.8692	1	0	-0.9954	0	-0.3443	2
1	3	3	1	1.6337	-1.7646	-1.4109	2	-0.0857	2	3	-0.9978	2	2	-0.7679	2	0	-2.0518	-0.7321	-1.2567	1.4423	2	0.2555	3	-1.0977	-1.0672	2	0.2652	0.6673	2	0.7786	0	1	1.1638	1	3	-0.3638	3	1.4183	-1.9197	-0.8585	3.5722	1	-0.5747	0	0	2.6813	1	3.8851	0
0	1	2	1	-1.2699	0.7581	-0.8598	3	-2.9783	2	3	-0.6179	1	0	1.7391	3	0	1.2024	0.6815	-1.6903	-1.7969	1	0.4960	0	-0.3753	0.7003	2	-1.8772	2.2289	1	0.7234	0	3	0.1406	1	2	2.0307	2	0.6997	-0.0058	-0.7334	0.5688	1	-1.6298	1	0	2.1859	1	-1.5293	3
2	0	3	0	0.3434	-1.5031	0.8180	1	-1.2124	0	2	1.1739	2	1	0.3717	1	3	2.0390	2.7415	-4.2347	0.7789	0	-1.2025	1	-0.9397	1.2426	2	1.5767	1.2870	1	-4.3317	1	2	1.1814	1	0	0.0348	2	3.5961	1.2272	0.5502	-0.2294	0	1.1970	3	2	-1.8001	1	0.5183	0
3	2	0	3	-1.0570	-0.2603	0.2308	0	0.3637	3	3	-1.1869	1	1	-1.9629	2	0	1.2267	0.7163	0.2467	-1.7643	2	0.5826	2	0.4790	-3.0749	2	0.9685	-0.4229	2	-4.4434	3	3	1.2384	2	2	-0.4915	0	-1.6930	0.4239	2.2224	-5.6004	3	1.8138	1	2	1.0114	0	0.3912	1
0	2	2	0	2.0151	3.1095	1.4180	0	0.2736	0	3	0.1834	3	0	0.5310	0	1	-0.2157	1.0834	-0.7112	-2.6609	1	-0.3705	2	-1.6720	-0.1824	0	1.9144	-1.2476	3	0.7673	2	0	-1.3250	3	3	-0.6489	0	-0.5829	0.4070	0.0454	-1.5430	2	-1.2995	3	2	-3.5699	1	-1.1356	2
3	0	1	2	1.0601	-1.5574	1.2361	2	-1.8276	3	1	-1.1173	3	2	2.0156	1	3	0.2370	-1.3705	1.4604	-0.1979	1	-0.9184	0	1.3880	-1.5602	0	-0.8605	3.3647	1	2.8762	3	1	1.4423	2	1	-0.3016	1	-0.3189	-1.8664	-1.5051	8.0374	2	0.2519	1	0	-0.3018	3	-1.4065	1
2	3	1	1	1.7746	-1.4183	1.2565	2	-1.1933	3	2	-0.4661	1	1	0.4025	3	1	-1.5458	-2.0092	3.7185	0.0118	2	-0.1193	0	0.2150	-0.7509	2	0.4947	2.4337	1	1.3431	1	1	-0.3722	0	3	1.8333	0	-2.8798	0.9917	-1.4477	7.3259	2	-1.4326	3	1	-2.2113	1	-0.8842	2
0	0	2	0	-2.9095	-1.8870	-0.9068	2	-0.4037	2	3	0.3647	2	0	-1.7259	0	1	0.1803	-0.8249	1.5387	0.3297	0	0.6069	0	2.1060	0.0054	2	0.3883	2.9390	1	-0.8115	3	2	0.5885	3	3	0.1966	0	-2.7475	1.2749	-1.8019	3.7124	3	2.0718	2	1	2.1157	3	0.2663	3
3	2	1	2	0.5678	3.4607	1.4598	1	1.1440	1	1	-0.5820	3	2	-0.1024	2	2	0.4831	1.2723	-4.5769	0.2170	3	-0.0946	0	0.0369	1.3128	0	5.4880	-0.5751	3	-0.3775	0	3	1.0898	1	0	-0.7574	3	4.9167	-1.8749	-1.8260	-3.0998	3	-1.3031	0	2	-1.9520	1	-1.8997	1
3	0	3	0	0.4909	1.7529	-1.4072	3	0.9404	2	2	-1.7109	1	3	1.1380	0	1	0.5664	-0.6418	1.0925	0.2782	1	-0.5953	1	-1.9577	-0.5420	3	2.0994	-2.3410	1	0.3248	3	2	0.3324	2	0	0.5091	3	0.6863	1.7654	2.7234	-1.1853	0	-0.4544	3	3	0.9589	0	-2.8853	0
3	0	0	1	-0.5060	1.8395	-0.7770	0	-0.3855	2	0	0.5055	0	1	0.0557	1	0	2.5266	1.0873	-0.9763	1.5546	0	2.2511	1	-0.5184	-0.7015	2	0.7466	0.2011	0	-0.2523	3	3	-1.6426	2	0	3.1630	0	-1.4388	1.5087	-1.9391	1.5887	1	2.6206	0	0	0.8972	3	-0.6609	3
0	3	3	3	0.0730	-0.8326	0.1264	3	-2.3604	0	0	-0.5460	2	2	0.9671	2	0	2.2096	0.1079	-3.0812	0.0279	2	0.5103	1	0.6643	0.4637	0	-2.6314	3.3732	1	0.4490	0	3	-0.7245	1	1	-4.2282	1	2.0292	-4.2288	-1.4161	4.3694	0	-0.7984	2	0	2.0597	1	-1.4131	2
0	1	3	0	2.8484	-2.2019	0.4334	2	0.8674	1	3	-3.7291	1	3	2.1533	3	3	-0.6526	-2.8763	3.9892	1.9838	1	-1.3101	2	-0.4512	1.7177	2	1.6456	-1.8448	1	-2.7048	2	0	0.9524	3	0	-1.6247	1	-1.6183	-3.1219	1.2674	-7.4147	0	-2.9508	0	3	-4.3363	0	0.1471	1
3	0	3	0	0.4758	-2.2783	0.8982	1	0.7959	1	2	-0.2376	3	1	2.2979	1	2	1.4943	-0.9632	2.8487	3.2333	0	0.5382	2	0.6993	3.0535	2	1.2943	-1.2685	0	-1.3881	3	2	0.0331	2	0	-1.9620	3	-4.0330	-1.5980	1.2869	-1.3696	0	2.3475	3	3	0.0255	3	1.2360	1
1	2	1	2	-2.4073	1.4458	-1.0880	0	-0.6708	2	3	0.1964	1	1	-0.1123	2	3	-0.5850	2.7853	-7.3744	1.6104	3	0.0755	3	0.7306	-1.0337	0	-1.9300	2.0932	0	-0.9367	1	0	-1.0581	3	1	2.6190	3	1.7202	2.6941	-2.9685	0.9308	0	1.2130	2	1	2.7021	1	4.2794	3
0	0	3	1	2.9495	2.5025	-0.9945	1	2.2191	2	0	0.1892	2	1	-0.9214	3	3	0.3984	1.4702	-4.7615	0.1350	2	-0.6617	2	1.0750	1.7797	0	1.6272	-2.1944	3	-0.7774	3	1	-0.2715	2	2	4.2743	3	4.6015	-0.6679	3.4393	-2.5039	2	0.4598	2	1	0.8184	1	0.8121	0
1	0	1	1	-2.2126	-1.1133	1.4969	3	-0.7991	3	2	1.3479	0	3	2.9790	2	1	-1.6142	1.6576	-0.4140	0.6846	0	0.6635	1	-0.6094	1.4894	3	-3.5276	0.1746	1	-0.8665	1	1	-0.7236	1	3	1.8938	2	0.7888	2.7687	1.2282	1.2789	3	-1.3742	0	0	-4.6492	0	1.4830	2
3	2	0	3	2.1552	-1.4143	-1.5480	1	-0.7063	2	3	1.5844	1	3	0.9659	2	3	0.5081	-0.9054	3.8347	3.5549	2	1.3627	1	-1.9174	-2.0054	0	-0.7546	-0.0517	3	2.5592	3	2	-1.0650	2	0	0.7936	0	-3.9410	-0.8083	1.0757	3.1495	0	2.8312	3	0	5.0697	0	1.6771	0
1	3	1	1	2.4352	1.5336	1.0781	0	-0.9004	3	1	-3.6472	2	1	-1.8782	2	0	0.6625	-6.3723	7.5877	2.0848	2	0.3966	0	-3.1440	-0.5628	2	-1.5191	-2.9293	2	-1.8557	2	0	-0.6116	0	0	-0.2183	0	-6.5578	0.4960	3.6527	-8.0509	2	-4.0395	3	3	-3.0807	0	-0.7359	1
3	1	3	1	-1.5112	-1.3797	-1.3712	2	-1.0164	0	2	0.7188	2	0	0.0036	1	3	0.4580	-0.2166	0.9033	0.3120	2	0.7495	0	-2.4196	-1.9586	1	-2.0127	-2.5309	3	-0.2177	2	1	-1.1662	0	2	0.0702	1	1.9224	-0.7749	3.4564	-4.6556	3	-0.0732	2	0	3.8913	0	-0.3862	2
3	0	3	2	-0.7738	-0.7384	1.4325	0	1.3867	3	0	-1.6023	1	1	1.9711	2	0	1.3352	-3.3006	2.8577	1.4242	2	0.1293	2	-0.8102	-1.7345	2	3.0570	-0.3154	1	-3.5588	1	0	-1.9364	0	2	0.7391	0	-2.9879	0.1084	0.2801	-5.4501	2	-4.8960	3	0	-2.7307	0	-0.2623	3
3	0	3	3	-0.1555	1.8808	0.8149	1	-1.5720	0	3	-0.7066	0	1	-0.6312	2	2	0.2246	-0.1372	-0.7158	0.5111	0	0.1536	3	-2.1750	-0.0436	3	-3.5889	-0.8092	3	-0.7820	0	1	-0.5668	2	0	-0.9564	1	0.8741	-1.7256	0.8801	-2.0562	1	-4.2282	2	2	-0.7039	0	-0.1119	2
3	1	2	0	1.7207	0.9062	-1.1573	3	-0.3818	2	0	2.9427	0	2	-0.6310	2	3	0.1052	3.8570	-5.9022	-2.7604	1	-0.1348	1	-1.0459	-0.1158	0	-3.3243	1.0730	1	-1.9609	1	0	0.4784	2	2	3.2540	1	1.9245	3.0465	0.5815	1.4099	2	4.1121	1	2	1.3198	0	-2.8888	0
0	1	2	0	0.4966	2.5509	0.5404	1	0.2466	0	1	0.0189	1	3	-0.1332	0	3	-2.3818	-0.6899	0.8948	-1.3501	1	2.0364	3	1.8553	0.4215	3	-0.0857	-0.7386	1	-0.8168	1	1	-0.4314	1	1	1.0449	0	-3.0652	1.6308	1.1631	-3.6910	2	2.5771	1	1	1.0884	0	0.0030	3
0	2	2	0	0.1454	0.9864	0.4545	3	0.7715	1	2	-0.4769	1	1	0.8548	2	1	-0.2574	0.0823	2.1728	1.6057	1	-0.3716	0	1.2520	3.2146	2	5.1084	-0.4148	3	4.2885	1	1	-0.0921	3	3	-1.6003	3	-0.4061	-0.3181	2.5894	6.3616	2	-0.0156	3	2	-0.7792	0	0.3394	1
3	3	2	1	-0.9174	0.6537	4.7809	2	1.9986	0	1	1.1712	1	0	-0.1391	1	1	-1.0923	1.9148	-1.7505	-0.4268	2	-0.7437	0	-0.5722	-2.3873	1	4.7417	0.2115	3	-1.7252	1	0	0.2891	0	1	-0.6540	0	-0.4967	3.9595	0.8717	-1.2809	1	2.2743	2	0	-9.0665	0	0.5918	1
3	0	1	2	1.4678	1.4582	-1.9147	0	2.3959	2	3	1.8715	2	2	0.6148	3	1	-3.9003	0.5775	-4.1242	0.3980	0	-0.4210	3	-1.2932	1.3240	0	5.4624	-1.8760	3	-2.3248	0	1	1.0083	1	0	-0.9216	3	3.6787	-3.0254	2.6597	-3.2382	2	4.7094	0	1	0.8875	0	2.3938	0
0	1	2	0	0.1356	0.1403	-1.7278	2	1.8738	2	3	-1.5555	0	0	-1.6571	3	3	-0.5710	-2.5114	5.9463	1.9184	1	-1.0661	3	-0.5628	1.3998	0	3.5831	-2.5831	3	-0.3366	1	1	-0.8482	2	0	2.3199	3	-4.6658	-0.2433	3.3114	0.6684	1	-0.5669	3	3	2.0697	0	1.2236	2
2	0	1	2	-2.0194	-1.1095	-1.4216	2	0.4598	1	2	-0.2630	0	1	0.3152	2	0	-2.4644	0.1528	1.9523	0.0564	0	-0.4431	2	0.5333	-1.7231	2	1.3606	0.9633	2	-0.3811	3	1	-0.5891	2	3	-1.7829	3	-1.5857	-2.7481	-1.6540	1.7532	3	0.5707	3	1	1.4199	3	-1.3153	0
3	3	2	1	-3.3232	0.3644	-0.3764	0	0.4682	2	3	-2.0856	0	3	0.7885	0	2	0.8373	-0.2389	0.1912	-0.5279	2	0.8479	1	-2.9254	-1.1079	1	3.0546	-3.0543	2	2.3944	1	0	0.2111	0	2	1.2731	0	1.7182	-0.7689	2.2623	0.8295	3	-5.3784	3	0	2.0621	0	-1.5955	3
2	3	2	3	-1.1040	0.0769	0.7114	2	-1.3081	2	2	-0.0712	0	1	-1.1683	2	3	-0.1780	-1.4893	3.9171	0.6858	2	0.7382	2	-0.5452	-2.4494	2	-2.2437	0.4683	1	-3.2227	1	1	0.6729	2	0	-0.9719	0	-3.8561	-0.9260	-2.0936	0.7468	1	1.2162	2	3	-1.3127	1	-0.9361	1
2	3	2	1	-1.1611	0.8984	-0.3831	0	-0.0528	0	0	-2.5973	2	0	-1.5766	0	0	-1.1654	-4.1260	5.7389	-2.9479	2	-0.3882	2	-0.1587	0.5147	1	4.4234	0.4080	0	-1.6492	0	1	-0.3624	1	0	-2.1050	3	-3.3324	-2.7356	-1.0613	-2.1355	2	-5.0883	1	3	-1.3686	1	-1.6205	0
3	2	1	3	-1.2932	-1.5220	0.4054	1	1.0104	3	3	2.0005	0	2	-0.6758	3	2	-1.6380	0.3747	-2.3847	3.0969	0	-1.8110	3	-1.6934	-0.5183	0	3.6643	-2.1697	0	-1.3020	3	1	1.0006	2	0	0.4567	1	1.0516	-0.1875	6.3492	-4.8770	0	-2.3688	0	1	-2.4393	0	3.9164	0
2	3	0	1	2.4419	-1.6424	-4.0161	0	0.2400	2	0	0.2111	3	3	0.7766	0	0	0.4107	0.1853	1.5135	1.0557	2	-1.4715	0	0.1017	-2.0112	3	-2.1562	-1.0980	0	0.1782	3	3	-0.3292	2	2	1.6476	0	0.5465	1.1162	2.1907	1.7259	1	0.3070	1	0	2.4382	0	-0.1157	3
1	2	3	1	0.3679	2.6015	-2.1515	2	1.1483	2	2	-0.2359	0	3	1.4285	3	3	-2.2466	1.2524	-1.1216	1.5815	1	0.1498	1	-0.3404	1.2399	2	1.4422	-0.4333	3	0.6259	3	0	-0.3148	2	1	0.8514	3	1.5242	-1.4239	-0.2422	-0.2237	0	0.7708	1	2	1.3523	3	0.9358	0
0	2	1	1	1.2216	-2.2746	-0.0173	2	-1.6704	0	2	0.2222	0	3	-0.6442	3	0	-1.1133	0.4192	0.4176	0.0688	3	1.5877	1	0.0336	-3.1494	3	0.2746	2.4221	1	-0.9829	3	0	0.1214	2	2	-1.7038	0	-3.2927	1.1227	-1.0257	-0.0482	2	-0.3202	3	3	-0.7185	2	-0.4995	1
3	1	3	3	-2.3691	-0.2052	2.3919	0	-1.8271	0	1	-0.1410	2	2	1.9784	1	1	1.7541	-3.3598	4.0409	-2.7470	1	1.3760	3	-0.4094	2.0296	2	-4.4103	1.1392	1	-1.4785	1	3	2.1974	0	3	-2.5539	1	-3.6850	-1.4180	-1.1323	3.3176	3	-1.3336	1	3	-5.4360	3	-1.0595	1
3	3	0	0	-4.0137	2.0969	1.7902	0	-0.2702	0	3	-1.1132	2	1	-1.2080	1	3	1.8945	-0.2898	4.3356	-0.9185	2	-0.8111	2	-1.3852	1.2745	0	-1.7188	-1.5879	3	2.8538	2	2	-0.5660	2	1	1.3996	3	-5.8732	-1.4728	1.3609	2.1393	1	-2.8279	3	1	-2.8181	1	-0.1008	2
3	2	3	3	2.0303	-0.4043	1.2114	3	1.5243	3	3	-0.0918	1	1	-0.4267	1	3	1.7212	0.1222	0.0099	1.1794	0	0.2890	1	-0.4298	-0.2502	0	4.5570	-3.6959	2	3.7554	0	3	-1.9607	0	0	2.7289	3	1.3703	0.5252	2.9205	0.3608	2	2.5680	3	2	0.5342	3	1.2509	3
1	3	2	3	-0.4715	1.7385	0.6872	0	0.1319	1	1	0.9966	3	3	-2.2285	0	0	-0.2139	1.8273	-3.4563	-1.3789	0	0.3649	2	1.1370	-0.6754	3	-3.5823	-0.8273	0	-1.0288	0	1	-0.5738	1	3	-0.2289	2	1.4622	0.9245	1.0243	-0.3087	3	-1.9894	2	2	-1.8480	3	-1.3908	2
2	3	2	2	-1.7915	-1.1608	-1.0900	0	-0.1711	2	2	0.4450	2	2	-1.1752	3	0	-0.8060	-0.0491	1.9977	-2.3064	2	-2.2778	3	0.5300	-1.6245	1	-2.7161	0.0653	1	3.2166	2	1	-1.9266	1	2	3.9812	2	2.0043	0.5282	0.5789	1.1150	3	-1.8174	1	1	0.2567	1	-1.6953	3
3	0	2	2	-2.2011	-0.8856	-0.1599	3	-1.3156	2	3	1.9209	0	1	0.3280	2	1	-2.4581	2.5848	-3.7428	-0.4445	3	-1.6586	2	-2.2583	0.2171	2	-0.2965	-0.7939	3	-2.1698	0	0	0.4178	2	2	2.2436	1	1.0895	-0.8952	4.6513	-3.9560	0	1.5435	3	1	1.0009	0	0.1975	2
0	2	3	0	0.2148	0.7386	-1.2783	3	2.1342	2	1	0.5613	1	1	-1.2405	3	0	-1.2294	0.2377	-0.8121	-2.1420	3	0.2746	1	-1.0679	-2.5341	1	3.9890	-2.5214	0	1.1930	2	1	0.3047	3	1	0.5743	0	3.2970	1.1072	5.2842	-3.5515	0	-0.3735	1	2	1.7569	0	-5.4902	3
3	1	0	0	-1.5723	-2.5434	1.3438	0	-1.0518	1	0	-2.6505	2	0	0.7691	0	0	-0.8732	1.0828	0.1084	-0.5697	1	1.1324	1	-2.2946	1.6631	3	-1.5265	-3.9938	0	0.4853	2	0	-1.5113	3	2	0.2451	2	-2.1876	0.0764	5.3558	-4.0647	3	-1.1030	2	0	-1.9347	0	0.1615	3
3	2	2	3	2.4342	-0.9711	-0.4802	0	1.4330	1	2	-1.6497	2	3	2.3410	3	1	-0.0752	-0.2179	2.9851	-1.4612	0	0.2958	1	2.2152	-1.1933	3	1.5251	2.5040	1	-4.4673	2	2	-0.1025	3	2	-0.4358	0	-4.0910	1.4869	-1.5289	-4.5102	2	-1.3442	2	0	-1.0448	3	-1.3696	3
0	0	0	2	-0.2087	1.1717	1.4328	0	-0.1819	1	3	0.1684	3	0	0.4844	2	2	-0.7669	-0.6884	-0.9309	1.7023	3	0.6151	3	0.7402	-1.1672	1	0.5388	0.9759	1	-0.0729	1	1	0.6249	1	3	0.9890	0	-0.3292	2.4761	-1.5244	3.6834	3	-0.6082	0	3	-2.2621	2	1.0170	1
3	2	3	3	-1.6730	-0.1466	0.1039	1	0.5650	3	1	-1.5408	3	1	2.9011	1	2	0.6881	0.3910	-1.2323	3.1121	3	0.6530	2	-0.3542	0.1661	2	3.5895	0.1789	3	-0.1909	2	3	-0.2257	0	2	-1.9111	0	0.5995	1.2036	0.9325	-0.5050	0	-0.9167	0	2	-0.5451	2	1.0671	0
3	1	0	3	0.9983	3.8526	0.1623	1	-0.1224	1	3	2.0203	0	3	0.7541	3	3	-1.1308	0.3486	-1.0328	-1.3883	0	1.2357	1	-1.0036	-1.0327	3	-1.6626	-1.0066	3	1.7251	3	1	-1.4889	1	2	2.0096	1	1.8008	-0.8428	1.4115	0.4414	2	-1.2587	0	0	-0.0753	0	-2.2321	2
0	0	2	0	1.6501	-1.3291	3.1722	3	-0.5284	0	3	0.6370	1	0	-1.3754	0	2	2.8914	0.1513	0.7352	-0.3785	0	-0.7083	3	-3.4605	-1.9177	2	-3.4454	-1.1785	3	0.2665	2	3	-1.0248	3	3	-0.0693	0	-1.6729	1.4362	1.3982	-1.0331	2	-0.9102	3	3	-3.7431	3	2.4790	2
1	3	3	1	-1.2246	-1.8452	-0.3980	1	2.1502	1	2	-1.6546	2	2	-0.6723	1	2	0.8388	-0.8632	-0.7769	-0.7228	2	1.2605	3	1.4248	1.3529	1	1.3893	-1.4178	3	-2.9719	3	2	0.3340	1	3	0.2883	3	-1.2035	-0.9290	1.8041	-6.4778	0	-1.9372	2	0	-2.1667	3	1.1050	3
2	3	2	3	-1.0606	2.9325	0.7241	0	0.5249	2	3	-2.0375	2	2	0.6469	2	0	-1.8997	-1.2140	1.9489	-0.4119	0	-0.5250	0	-3.1364	-1.1836	0	3.3241	-3.1454	2	0.7166	3	1	0.6392	2	2	1.6583	0	-0.5047	2.0214	2.7895	-1.2274	1	-3.2514	3	3	-1.5204	0	2.0125	1
1	1	0	1	0.7498	2.1342	0.5127	3	-2.1693	0	1	-1.6409	2	0	0.1567	1	0	-0.2134	-1.4961	4.0298	-1.9238	2	-1.6500	3	-0.9914	0.7010	1	-6.6358	-1.1054	3	0.0715	0	1	1.1035	1	1	-1.9763	1	-1.5766	-3.3083	1.2775	-1.3639	1	-2.6086	1	0	-2.6741	0	-2.1162	1
0	2	0	2	-0.6221	-0.6918	2.1539	1	1.9239	3	2	-0.8791	3	3	-1.2583	2	2	0.9455	-1.0670	3.3589	-0.6747	1	-0.5973	1	0.7696	-3.7260	1	2.1550	-0.8355	3	2.7602	0	0	-0.0492	3	2	-0.8730	0	-2.4557	-0.7990	0.8097	1.3109	2	-2.0047	2	1	-1.4931	0	-2.7567	1
2	1	0	1	1.6035	0.7615	0.6788	2	0.5512	1	3	-0.1554	3	2	0.6597	1	0	0.2456	0.3002	-0.8236	1.3307	2	0.6472	1	1.0597	-1.2193	0	-0.6868	0.5903	1	2.2248	1	3	0.4809	0	1	-1.3083	2	0.4149	1.1721	1.2559	1.9494	2	3.1345	0	2	-2.9787	0	-1.5924	1
2	2	1	3	-0.4893	2.2972	-0.2439	3	-0.9625	2	3	-0.9999	1	0	-0.2072	0	3	0.8456	2.0638	-3.1593	-0.5421	0	-2.0644	0	-1.9975	-1.8273	1	0.5681	-0.2205	1	-2.4385	2	0	-0.2110	3	0	1.1714	0	3.7921	2.3030	0.1573	-6.9569	3	0.1696	3	1	-0.9440	3	-0.2763	0
2	0	3	3	0.6090	-0.2343	-2.0215	3	0.1876	2	1	-2.7674	2	3	-1.0661	1	0	0.2346	-5.2238	6.2829	0.8243	0	-0.5848	2	2.1102	0.8444	1	0.3985	2.5500	3	-2.0059	2	1	0.2496	3	0	-0.5005	3	-3.4221	-1.4217	-2.9063	-2.7600	0	-2.8965	2	3	3.2066	2	0.4439	0
1	3	3	1	-0.1713	1.3243	0.5474	1	-0.8549	2	1	0.2798	3	2	2.0049	0	3	-1.1536	0.2155	-0.5349	1.4712	2	2.1041	3	1.2245	-2.0136	0	0.6367	1.6457	1	0.8116	0	0	-0.1182	1	3	-0.7799	0	2.4124	1.0350	0.3494	3.2659	0	-1.2564	0	0	-0.5509	2	0.7386	2
3	0	0	2	-2.6940	-0.9147	0.7085	0	0.7668	1	0	1.1654	1	0	1.2113	3	1	-2.1785	2.0096	-2.7717	-2.4114	0	-0.1119	3	-2.0253	0.2763	1	0.3745	-3.8033	2	-0.1184	2	0	1.8491	3	3	-4.6348	1	1.2071	-0.9872	5.2213	-4.8560	0	0.8852	1	1	-2.8589	0	-2.0970	0
2	1	1	3	-0.7296	0.6424	-0.4940	2	-0.5458	2	2	-0.5772	1	0	-1.4062	1	1	1.2147	0.1259	2.2742	2.2035	0	-0.2428	0	-0.5950	-2.4422	2	-2.1565	0.3078	1	0.2138	2	3	-0.2203	3	1	0.7538	0	-1.6209	-0.9594	2.3188	-1.6212	3	-1.7843	3	2	-2.3997	3	2.5597	0
2	1	3	1	-1.1425	0.5190	-0.0911	0	1.2984	2	2	-0.9670	3	0	0.9364	1	1	2.4478	-1.5675	4.4479	0.0731	0	-0.7401	0	0.8920	1.4388	0	2.4454	0.9218	2	0.7327	2	2	-2.0281	0	0	3.3959	0	-5.2355	-0.9964	-1.1312	-0.8165	1	-1.1575	0	0	1.6563	3	-1.4478	3
3	3	0	1	-2.6453	1.2425	0.9958	1	-1.0377	0	0	-0.8832	0	2	-0.8363	0	2	0.4603	-4.7431	6.6776	-1.1096	2	1.0936	3	-2.0979	2.1038	2	-4.1350	-2.2995	2	0.1825	3	2	-0.7389	0	1	3.9329	1	-3.4723	0.2302	2.3346	-2.1858	2	1.2520	3	3	-2.1636	0	-0.1005	2
0	0	1	2	-0.8655	-0.1203	-1.8133	1	1.6194	2	3	0.2854	0	0	-1.1893	1	2	0.8467	1.6243	-3.1162	1.4992	3	-1.0945	0	-3.4233	2.0190	1	4.3586	-5.7190	3	-1.5276	2	3	-0.8150	3	0	0.5517	3	4.3071	-0.8409	6.1998	-12.1976	0	0.4279	3	1	2.0471	0	0.2888	3
1	0	3	3	0.4174	-2.6969	0.6466	0	0.3083	0	2	-0.2306	1	0	1.2049	1	2	1.9626	0.0828	0.1016	-2.8609	0	0.6350	2	-1.8973	-1.9121	1	1.2367	-2.3319	2	2.2489	1	2	0.7617	0	3	-1.2519	3	1.9184	0.5863	0.6104	2.0671	0	1.1352	1	1	-2.5353	2	-1.4238	1
3	2	2	1	-0.7294	2.6854	-0.2521	2	-1.5950	2	1	0.3679	2	3	-1.9873	2	0	-1.5904	1.7491	-3.1336	-0.1064	2	-0.2396	0	-0.8801	-2.6453	3	-3.5589	1.3732	2	-0.6112	3	1	0.5137	1	3	1.0533	1	2.8467	-0.3652	-1.3749	4.2479	3	-0.0116	3	0	1.3658	1	1.5939	3
3	3	1	0	-0.2640	2.5747	1.6136	3	-0.2741	1	0	-1.4534	3	3	-0.8753	1	3	0.6940	-1.7586	3.1666	0.8655	1	0.3861	1	-0.4668	-2.7723	3	-3.1794	0.4948	2	0.0565	2	3	0.1351	3	1	0.6612	0	-3.9276	0.0834	1.4576	0.3296	3	0.4054	3	3	-3.1069	0	-0.5036	1
0	2	1	3	-2.4155	-1.1526	-0.8368	2	2.3828	2	0	-2.9926	0	1	-0.9950	0	1	0.7083	-6.7415	10.5013	0.8340	3	0.6407	3	0.6651	-1.9907	1	6.2745	-1.1540	0	1.0174	3	2	1.9305	3	0	-0.1050	0	-8.6723	-1.4259	0.5028	3.2634	3	-4.4055	2	3	0.1010	0	-0.0334	0
1	1	3	0	-2.1949	-1.8790	-3.0105	0	0.2952	2	0	-1.0841	2	0	2.1284	1	0	2.1730	-1.1640	1.2488	1.0878	1	1.0858	3	1.0633	1.0234	1	1.3399	0.8962	2	1.4394	1	3	-0.7194	0	0	2.3229	3	-0.1363	-2.2467	-1.6739	1.0323	3	0.8040	2	3	4.5368	3	2.9033	3
1	3	2	1	-0.3671	0.8680	-0.0870	0	1.3791	1	0	0.6105	2	1	0.4153	0	0	1.0495	-1.3006	0.7021	0.3078	2	-0.4851	3	2.7358	1.3692	3	5.4873	0.7105	2	-0.1835	0	3	-0.3436	1	1	-1.8615	3	-1.9217	-0.8677	0.2173	-1.8123	3	1.0941	1	3	-2.0501	3	2.6466	2
1	1	1	3	1.6060	-1.8745	-0.9934	0	1.5005	2	3	0.3902	0	2	-1.0860	0	1	-0.8313	0.8276	-2.9525	0.6913	0	-0.5511	1	1.4098	2.8850	1	3.6483	-1.4921	0	-2.0483	1	1	1.5796	0	2	0.1390	3	3.4298	-3.3168	-1.1647	-2.5775	0	3.7360	0	3	3.2265	2	-0.1978	0
2	0	2	0	-0.0781	1.3077	0.3260	0	0.3198	0	2	0.6223	2	3	-2.9190	0	0	-0.2686	1.2181	3.5381	1.9579	0	0.5159	3	0.4023	0.9082	3	1.6917	1.9902	2	-1.9299	0	3	-0.1767	1	2	0.5242	2	-4.0341	0.5002	-0.4278	1.4603	1	-5.5993	0	2	0.3589	3	1.4263	3
2	3	0	1	0.6267	0.6053	0.5044	1	0.0207	0	0	-1.5592	1	2	-0.1320	0	3	0.1350	-3.6704	8.1444	0.9906	3	-0.3970	1	1.6709	2.1388	3	0.4434	2.4721	2	-0.4504	1	2	-1.4310	1	2	0.0010	3	-6.4713	2.6746	-4.1682	5.7324	3	-1.3048	2	3	-3.4806	1	2.1415	2
0	2	3	0	-3.0438	0.5132	-1.3239	1	0.3556	2	1	1.2259	3	2	-0.8818	1	3	0.5353	0.8789	-1.2524	-1.7108	3	-1.4677	3	3.6752	-2.2479	0	1.3693	4.4600	1	1.6229	3	3	0.4511	2	3	1.1945	0	3.7550	2.1286	-3.2344	6.8854	3	1.6793	2	1	5.4643	2	-0.9287	0
1	0	2	0	-1.0652	-2.6730	-0.0822	0	0.1842	0	1	3.7471	2	1	-2.4601	2	1	-0.5098	5.5814	-9.2355	-2.0576	0	1.9435	2	0.7802	-3.2193	2	0.2337	0.1126	1	2.2813	0	1	0.0932	2	0	0.5663	0	6.2260	3.2672	-1.7273	2.3395	0	4.7475	1	1	2.5872	1	-2.7231	2
3	1	2	1	0.7918	1.9440	1.5169	1	1.8149	3	3	0.6453	3	3	1.7621	1	2	1.5833	3.3424	-4.1394	-2.2138	2	0.8961	1	-0.4250	-1.4427	3	2.8138	-1.7971	3	0.9138	0	3	0.1703	1	2	-2.3133	0	3.5846	0.3982	0.6042	-3.4713	0	0.6893	1	0	-1.3271	1	-3.5885	0
1	3	3	2	1.2186	-0.8804	1.2592	0	0.9243	0	1	-2.7996	0	2	2.1425	3	3	-0.0459	-3.0320	-0.2836	1.3900	3	1.1082	1	0.1287	-2.5558	2	3.1971	-2.0467	3	1.6146	1	0	-0.7749	1	0	-1.3468	0	1.2643	1.2270	1.6903	-0.4521	1	-0.9196	0	3	-0.6272	0	-0.2803	2
0	1	2	1	3.6071	-0.9573	0.6418	0	-1.6154	0	0	-0.0438	2	1	-0.4957	2	0	0.4747	0.8646	-0.2791	0.0104	1	1.6417	2	1.4541	1.1987	2	-1.4385	1.8670	1	-0.0776	1	3	1.0089	0	0	-1.6341	1	-0.1065	-1.2893	-0.8834	0.7746	1	-0.8387	2	0	0.5683	2	1.2279	3
1	3	1	1	-2.2753	-2.1749	-1.6031	1	-0.0124	0	1	-1.0396	0	0	-0.0240	0	1	-1.5279	0.2160	-0.8203	-1.1269	2	0.0641	0	-0.8953	3.7915	1	1.5620	-1.6517	3	0.3115	1	0	0.1476	0	0	0.5444	3	-1.4025	-1.2388	1.4076	-0.6493	1	-1.8138	1	0	2.3899	1	-3.5722	0
1	3	3	2	-0.7107	1.8691	-0.5171	1	0.2004	1	3	0.5708	3	1	0.9952	0	0	-0.1153	-0.9410	-2.3508	2.9507	1	0.3721	2	1.1282	0.3305	1	2.1566	1.4585	1	4.3994	3	1	1.6311	2	0	-0.5113	3	0.6510	0.2404	0.6009	7.8839	3	0.3750	0	3	1.9262	0	4.6610	0
2	0	0	0	-0.9485	2.4121	-0.6469	2	-0.2184	2	3	-1.6688	0	2	0.0486	3	2	-0.1629	-1.3858	4.6141	2.1044	0	-0.8869	3	1.2997	-1.6415	0	-2.8119	-0.1081	0	3.4055	3	1	1.0343	2	2	2.3444	1	-3.2862	0.3177	-0.0588	3.8002	1	-3.4181	2	3	-1.2820	3	5.6741	1
3	2	0	3	2.2145	0.5150	0.2453	3	1.3172	2	0	-2.5648	1	2	1.2297	1	2	0.2870	-1.4305	4.4955	1.6943	0	-0.5981	3	0.7830	2.0978	0	-0.0191	-1.1438	3	0.3061	0	0	1.1178	2	3	0.0236	2	-4.5921	2.8134	0.6785	-4.4307	2	-1.3811	1	3	-2.7144	0	2.9083	0
1	1	1	2	0.9834	1.2335	-0.8755	0	-0.2652	2	3	-0.6836	0	3	3.3421	2	1	-1.2809	-2.3832	2.5557	-3.0632	1	2.8083	0	2.9293	-2.4496	3	0.5686	3.4186	1	1.6229	1	1	-0.2518	0	3	1.4827	0	-1.5918	-1.7275	-2.4427	6.5169	0	1.6442	1	1	1.1341	1	-3.4277	3
0	3	1	2	1.6013	1.3401	-1.3694	1	-0.2324	2	3	-0.1324	3	2	-0.0373	3	2	-2.7711	0.8480	-3.5015	-0.4279	2	-1.2200	3	-0.7865	1.7572	0	-3.5202	-0.8205	3	2.8391	2	1	-3.4372	3	1	3.3075	2	0.8657	0.4958	1.2577	-1.2880	2	-1.2398	1	1	2.0618	1	-0.1893	3
1	0	2	1	-0.3600	0.5815	-0.2836	0	0.4982	1	0	1.7215	3	3	1.8809	2	3	-1.4716	-0.5236	1.0146	-1.5476	0	1.3138	3	0.6172	0.1160	3	2.3333	-0.0387	3	-1.0851	2	0	-0.5772	3	3	-1.7205	3	-1.5111	-0.7268	2.4637	-3.0753	0	-0.1424	2	0	0.6992	2	0.7313	2
0	0	2	2	1.6333	0.2089	2.4350	2	-1.1226	3	2	-1.1484	0	3	0.9191	3	3	0.4676	-1.6974	3.1420	0.9344	0	-1.5222	0	0.5832	-5.7385	3	-1.8738	3.8071	1	-1.6933	1	2	-0.0741	1	2	-1.1837	0	-3.5120	0.6997	-4.3209	0.8420	0	-1.8913	0	1	-0.1644	3	0.1621	1
3	0	2	2	0.5496	-3.1674	-1.9754	1	0.3558	2	2	1.8369	0	0	-0.6583	3	1	-0.5454	1.5803	-0.4642	-1.5804	2	0.2492	0	0.1914	2.7376	1	4.0343	0.2444	2	1.8229	3	1	0.9092	2	2	-1.8983	3	2.2385	0.5492	-0.0999	4.6850	1	2.5857	1	0	2.9315	1	-2.5775	0
2	1	1	1	0.0500	-0.9888	0.2040	1	-0.0952	1	3	-0.7864	0	1	-0.6483	0	2	-0.8743	1.4670	-2.4208	-1.0091	2	-1.8015	3	-1.9092	0.2861	2	0.0256	-4.4665	3	-0.1329	0	0	0.1020	1	1	-0.4884	2	1.4704	1.6975	3.1398	-6.3959	0	-2.6240	1	3	-0.4918	0	-0.4774	1
3	1	3	2	0.5173	0.4349	-0.5633	0	0.6304	2	0	1.3058	2	2	-0.0568	3	2	0.1327	4.0816	-8.9092	-1.9098	1	1.0773	3	-0.6071	1.7742	3	-1.1976	-3.0144	3	-1.7054	0	3	0.0331	3	1	1.5210	1	9.2854	-0.8932	2.7607	-7.7754	1	1.1589	1	2	2.7299	0	1.2483	0
1	2	1	3	-0.6776	3.0672	-0.5890	1	-0.1902	2	0	0.8965	2	3	-2.0994	1	3	-0.2140	1.7079	-5.6584	-0.2961	3	0.2090	1	2.8104	-2.8857	3	0.3784	1.9017	0	-3.4417	2	1	0.8126	3	2	0.4359	0	2.3777	0.6590	-0.8249	-0.7348	2	4.5871	1	1	2.5556	1	-0.7241	0
0	0	2	2	-0.5782	-0.8562	0.9422	1	-1.0965	3	3	0.8028	2	1	-1.1520	0	0	-1.4348	2.5886	-4.6025	0.5207	1	-0.4710	1	-0.4027	-0.5295	0	-0.1490	0.0164	1	1.6470	2	1	-1.2047	3	1	2.8242	3	-0.6107	-1.1045	-0.4256	0.1809	1	0.2652	0	0	-2.1111	0	1.2325	2
1	0	0	0	1.0786	-2.1677	-3.9217	0	0.6719	2	1	1.8457	0	3	0.2179	0	1	-2.2034	0.9157	0.8672	1.8005	0	0.2045	3	-2.2039	-0.9966	3	-0.7455	-3.3976	3	-2.3215	0	0	0.0041	2	1	0.2274	0	-4.2574	1.9376	5.2798	-8.0934	3	3.0485	3	0	6.8920	0	1.9358	0
2	2	0	1	0.8341	-3.9467	2.8871	3	-0.3666	3	1	-0.3386	0	0	0.4058	0	2	-1.2304	0.6955	1.4587	0.9661	2	0.2138	0	-0.7141	3.1256	0	-2.3209	0.2825	1	2.1880	1	0	-0.7760	0	3	-1.7321	2	-4.3149	0.9316	-0.0166	4.5043	3	-1.2118	0	2	-6.8427	1	-0.9291	2
3	3	1	2	0.1060	-0.3878	-2.3951	2	-0.4766	2	0	1.2178	2	1	0.6337	3	0	-0.5952	1.6774	-2.6289	2.4595	2	-2.5054	2	1.8884	4.1091	0	-1.1280	1.8951	1	4.8577	2	0	-1.0168	2	3	2.9086	2	0.6756	0.2295	-1.2378	6.5423	1	0.4863	2	1	0.4200	1	3.4460	3
0	0	1	1	1.8030	0.0291	-0.9167	1	0.1244	2	0	1.1478	0	3	1.1356	3	1	-0.0116	2.8380	-4.4197	2.7402	2	0.6883	1	0.8929	3.6068	1	-0.2529	-0.5779	2	0.8556	0	3	-0.6565	3	3	1.4188	2	4.2452	2.8524	2.5696	2.1138	3	0.0882	2	0	4.6353	1	-0.5083	3
2	3	1	2	2.4876	5.9770	-1.8670	1	-1.7502	2	3	0.0286	3	2	-1.2882	1	1	2.6162	0.6100	-1.7082	-1.1282	2	-0.7883	3	1.2747	-2.6552	2	-3.4168	1.8964	1	-1.8511	1	2	-0.6809	3	1	2.0058	1	0.8874	0.3075	-2.9763	2.2714	3	-0.4770	1	1	3.9413	1	0.1688	3
2	0	2	0	-1.3859	-2.4492	-1.2442	1	1.8881	1	1	-2.0812	3	2	0.0863	3	2	-0.6180	-2.6097	4.1963	-0.2413	2	-1.7179	2	-0.8366	0.3523	0	-0.7842	-3.0235	0	1.1848	1	1	0.1626	2	1	-0.2645	2	-4.8140	-0.8739	2.2447	-2.6950	1	-3.3272	2	3	0.3128	2	1.6640	0
0	3	0	1	3.0957	-2.1929	-1.5339	0	1.4159	2	3	0.4955	3	2	0.2618	0	2	0.4755	2.2503	-4.5961	0.4131	2	-0.0156	1	2.1834	-0.8625	1	2.1710	1.9966	1	0.1423	3	3	-2.4418	2	2	1.3050	0	0.4246	0.5574	-2.7117	1.6798	1	-0.6345	2	0	1.0935	1	-0.5369	3
2	1	1	2	-1.6509	1.2070	1.2027	2	-1.1263	0	0	-3.3796	1	1	3.4832	0	0	0.5183	-3.7160	2.3722	0.9557	0	1.5625	1	2.2713	-1.3938	2	0.8780	1.6620	1	0.2874	1	3	0.5772	0	0	-1.2467	1	-1.0399	-0.9045	-3.8885	3.5733	3	-3.4477	0	3	-1.5322	1	-0.8197	1
3	1	3	2	0.9414	-0.9391	-3.2008	0	-0.1761	2	0	-1.4036	2	1	-0.7620	1	1	0.5588	-2.3662	-0.0548	0.3483	1	0.7458	2	0.5145	-1.8847	2	2.4189	2.5415	1	0.6557	1	2	-0.3636	2	2	1.7377	0	1.7544	2.8551	-3.5639	8.0129	2	0.8078	3	3	5.4802	3	0.8371	0
0	1	1	3	-0.9547	-3.0396	0.0322	2	-0.1699	3	3	0.2748	3	0	-1.1635	1	1	1.5127	0.5098	-0.1600	-0.5041	1	0.3031	1	1.1590	3.5842	1	0.4078	2.5432	1	0.9942	1	2	-1.1598	0	1	-0.0743	2	0.9156	1.7400	-3.6056	7.1220	3	1.4135	2	0	0.0765	1	-2.8095	2
2	2	2	3	-1.7903	-1.0234	-0.4353	2	-0.0199	2	3	-0.5073	3	1	-0.3151	3	0	1.0145	-1.1642	-0.2486	-0.9030	0	0.1617	2	-0.8876	0.4115	0	2.0805	-0.4971	2	1.3905	0	3	0.8049	2	3	0.2089	3	-1.8491	-3.0062	1.0433	-0.3190	1	0.5103	1	3	1.0651	3	0.1284	0
3	0	0	1	-0.9594	-1.1312	3.1636	2	1.3325	0	3	1.9728	2	1	-1.3833	2	3	1.0854	2.8166	-3.4967	0.9913	2	-1.2306	1	-0.8286	-3.2368	2	1.6836	-1.1959	3	-2.5015	0	2	1.2729	3	1	-1.7380	0	2.4516	0.6477	1.0607	-5.6826	0	4.8758	3	1	-5.7534	3	0.1751	1
2	3	3	0	-0.9790	1.8143	-0.0553	2	3.7348	1	1	-0.0658	3	0	0.3749	2	0	-1.7825	-1.0876	1.1621	-0.8572	1	0.3187	0	-2.8980	-1.0368	1	6.2453	-6.2451	3	2.3281	1	1	-0.6708	0	3	0.2714	0	-0.7787	0.8941	9.0994	-5.0777	0	-0.5294	3	2	0.6889	0	0.3077	3
3	1	0	3	-1.7521	-0.4589	0.7379	2	0.3068	2	1	0.2890	2	1	0.4878	2	1	-1.9264	0.9481	-1.6926	-1.0851	0	-0.6724	2	-1.3406	-0.6449	1	-0.2997	0.0058	2	0.1182	2	1	-0.4233	3	2	2.5866	1	0.7108	-3.8360	-0.5961	0.2844	2	1.4344	0	2	-1.1125	1	0.0559	2
0	0	3	2	1.2235	-3.3767	-0.7791	3	1.4987	2	2	0.1249	1	0	-1.0207	3	0	-0.9389	0.2442	-1.6293	1.3771	3	-0.2689	0	1.3434	-1.0457	1	4.4298	0.7920	1	-0.1760	1	0	-1.1730	0	0	1.7084	0	2.1273	0.6704	-3.3325	1.4088	3	1.8246	1	1	2.5341	1	-1.7785	3
0	0	0	1	-0.7704	-3.4042	0.2168	1	1.5199	3	1	2.5526	1	0	2.5546	3	0	-2.8359	2.5913	-1.8137	-0.1449	2	-2.2926	0	2.7296	-1.5584	1	0.6124	1.0168	0	0.8425	2	1	-1.8212	3	1	1.3431	0	6.6757	1.9244	-0.0636	1.9761	1	0.8684	1	2	-1.3009	3	-0.7778	2
0	1	2	3	0.4399	-2.2154	-1.5079	2	1.5783	2	3	0.2661	0	0	-1.8456	2	3	-2.4878	1.3009	-0.4641	-2.7635	0	-0.0220	0	-0.8795	1.0662	1	2.1851	-1.3945	3	-2.4046	1	1	-2.5741	0	1	3.9602	3	3.1168	-0.8183	2.2880	-2.1852	3	-1.8535	1	2	3.5455	0	-4.3785	3
1	3	3	1	0.4972	0.5444	0.0585	2	-0.2463	2	0	-1.1580	0	3	-0.4662	1	1	2.7942	-1.4020	1.5963	0.6283	2	-2.0810	1	-2.8275	0.8617	3	0.8323	-2.9013	3	-2.3777	3	3	0.5319	2	3	1.2075	3	-1.3599	-2.2346	1.5944	-6.5065	0	-2.3674	3	0	0.1750	0	-2.1454	0
1	0	0	2	1.1289	-0.8821	0.4556	0	-1.0146	0	3	3.5307	2	0	0.6123	3	3	-0.0609	2.2779	-4.0475	-0.3485	3	0.2585	3	-2.3984	0.2437	3	-0.1346	-3.1450	3	-0.9337	3	1	-0.1154	2	3	-0.8991	1	4.2852	-2.0172	3.6435	-2.8755	2	2.5169	3	2	-2.1868	0	3.0874	2
2	3	3	0	1.5963	1.1007	-0.8980	0	1.0801	2	0	0.6394	2	0	-0.6942	0	0	-0.9660	-2.2898	1.9841	0.6546	0	-1.3198	0	-3.2355	-1.6155	3	0.4998	-3.8780	3	-0.0979	0	1	1.1300	1	1	0.9392	3	0.7637	-2.6296	2.4789	-5.3454	0	-0.4978	3	3	0.8538	0	-1.8897	0
0	3	0	0	-0.5331	2.0043	0.1450	3	-0.1194	2	1	2.3877	1	1	-0.1395	2	1	-1.8093	0.8708	-2.0284	-0.9665	1	2.3307	0	3.6076	-0.6629	2	-2.9501	1.6670	1	0.3703	1	1	-1.4487	3	1	2.6068	1	0.2964	-0.0968	-0.3106	7.2393	2	0.2847	2	0	-1.9131	1	-1.9242	3
2	0	3	3	2.9968	-1.0181	-0.5410	1	0.5461	2	2	0.6270	2	3	-0.0205	0	3	-1.1024	1.5464	-1.6259	-2.4476	0	-0.0658	0	-0.8046	1.1819	3	-0.9305	-0.7653	2	-3.1060	2	0	1.6945	3	3	-0.4062	3	1.5708	-0.6086	1.6800	-5.2994	0	1.1745	1	2	0.6030	3	-2.4119	1
3	2	3	1	0.2594	0.6640	-0.3671	2	0.6202	0	3	-0.1872	0	3	0.2608	1	3	1.0817	0.2519	-1.3827	0.9166	3	0.0343	1	-1.8846	1.6546	0	0.6807	-0.3290	3	0.8950	2	3	0.4858	1	0	-1.7562	1	-1.5096	1.3383	1.0077	1.3446	0	0.4593	3	0	2.0784	0	1.4257	1
0	2	3	3	1.4306	1.1648	-1.0020	3	-1.2889	2	1	2.0125	2	3	0.5087	0	2	-0.1183	-0.6001	1.4263	-0.9185	1	-0.7788	1	-2.1169	0.9585	2	-2.5548	-0.4134	0	-0.0752	1	3	1.0199	2	3	1.9224	1	-2.6313	-0.1362	1.2560	-1.4447	2	0.5741	1	1	1.1848	3	-1.4437	3
3	0	2	3	2.6446	-0.1467	-0.1153	1	1.3929	3	3	-0.7416	2	2	-0.4120	1	0	2.0677	-2.6246	3.3399	-1.4199	0	0.9116	3	0.5770	0.9375	0	0.6937	-0.3174	2	1.1531	0	3	0.9494	1	3	-0.8877	3	-2.9286	0.7673	0.1889	-1.2720	1	-4.0303	1	3	1.7025	1	-1.0921	0
0	1	2	1	-0.7644	0.6660	-2.0688	1	-0.7565	2	3	2.2146	0	2	0.0726	3	0	-1.3457	1.3899	-2.0371	-0.3441	1	1.0787	3	2.6496	0.2857	0	-1.0169	4.6640	0	2.2236	0	0	-0.8373	0	3	2.0991	0	-0.9633	1.5475	-3.9573	4.9249	2	3.0966	2	2	2.0694	1	-0.2968	3
1	3	3	3	0.5514	1.3129	1.1254	3	-0.3773	0	2	0.1251	2	3	-0.5737	0	2	-1.7761	1.3901	-3.0410	0.0859	2	-0.7901	1	-2.2878	-3.1636	3	0.4193	-1.5580	0	-2.9731	1	1	-0.8161	0	0	-0.3812	0	-0.1234	1.6362	4.1827	-2.9561	3	-1.5955	0	2	-1.1988	0	-0.8901	1
1	1	1	0	0.7278	-0.3800	1.9111	3	0.4030	3	1	0.3542	1	3	-0.2566	2	2	0.6417	0.0095	-1.1087	-0.5008	1	-1.3059	1	0.0614	-1.6571	3	0.2122	-0.4757	3	-2.0848	2	2	-0.7209	1	2	0.5705	3	-2.3751	0.2618	-1.3752	-3.5070	2	-0.3728	1	3	-3.3755	0	-0.3600	1
2	3	2	3	-4.8298	2.1505	-0.7011	1	0.7669	2	3	-0.0273	2	3	-0.1176	2	0	-0.5137	1.3267	-3.0616	-2.6001	3	0.2015	1	1.3888	-0.2474	3	3.6998	1.6781	0	0.3577	2	1	0.8566	1	1	-0.6013	0	3.1812	1.1830	-0.3762	1.0779	1	-0.6872	1	2	-0.0736	2	-2.8887	0
3	2	1	1	-0.8902	-0.0607	-0.8267	2	0.9766	1	0	1.7613	3	3	-2.1726	2	1	-0.8456	0.4873	-0.2195	-0.1014	2	-2.0073	2	1.0236	-1.7060	1	2.1800	1.4242	1	-3.8305	0	2	1.7317	1	0	-1.6886	0	2.1205	-1.7820	-2.2607	-2.9453	3	2.4267	1	0	2.2157	1	0.1531	0
3	1	1	2	-1.3418	0.5193	0.6709	0	-0.8702	1	3	-0.5530	3	2	-0.5629	1	1	2.9071	-0.7130	-0.4508	-1.3786	3	-0.9446	1	-2.0900	-1.9773	0	-0.6933	-1.6592	2	5.1036	0	3	-0.9004	3	1	-1.3481	0	-1.2144	0.8187	1.3356	2.9443	2	-3.0136	1	0	-2.2736	2	-1.5012	2
3	0	0	0	0.6686	1.0015	-0.5764	2	0.3372	2	2	-0.6199	0	2	1.1285	3	0	-1.5826	-1.8201	6.6174	0.8141	0	-0.8437	3	-1.9288	1.0613	0	1.1511	-2.3323	0	1.9902	3	0	0.5575	2	2	1.6924	1	-3.6822	-1.7975	1.9133	-0.8201	2	-1.0691	3	3	0.5173	0	4.2465	0
2	0	1	2	-3.3999	3.0577	2.8585	0	0.0412	3	2	1.9860	1	0	-0.5719	2	3	-1.3865	1.3067	-3.2244	0.3161	0	0.5021	0	-1.2601	-0.6139	1	2.4214	-0.0752	2	1.7458	1	1	0.1215	2	1	0.1989	0	4.6537	-0.1878	3.0913	3.6527	2	3.1177	3	2	-2.6416	0	0.0810	1
2	0	2	2	-0.4001	1.8598	3.8577	0	-0.7946	0	3	-0.1850	0	2	-0.6762	2	1	-1.4064	0.5340	-1.5928	0.0688	0	-0.2328	3	-4.1330	2.1003	0	-2.0143	-2.2925	0	2.6744	1	0	1.1809	2	3	-1.5123	2	3.7740	0.3135	-1.5348	1.8944	2	-3.6981	3	2	-7.0989	1	0.4881	1
2	3	0	0	2.8389	-1.8257	0.2271	0	-0.3583	0	0	0.0121	1	1	-0.7370	2	0	-0.7274	-0.4102	2.2917	0.9934	2	-0.0835	0	-0.6006	-0.0694	1	-1.2440	1.2361	1	1.7604	0	1	0.6230	1	0	-0.1671	3	-4.8570	-0.0515	-2.7111	3.4605	2	-1.3690	3	3	-1.4341	2	0.9452	0
0	1	0	2	0.0325	0.0691	3.6239	3	1.3587	3	3	-0.1887	3	3	-0.3922	3	1	0.8902	-0.2626	0.6249	3.2463	3	-1.4159	0	0.9281	-1.0122	3	2.1466	-2.5093	0	-3.8423	0	3	0.4774	2	1	-1.6294	0	-0.8884	2.9508	2.2148	-7.6744	0	-0.8440	2	1	-6.2524	2	1.3587	1
1	1	0	3	0.3285	1.0498	-0.6694	0	1.3259	1	0	-1.0497	3	0	1.1825	0	0	-0.5630	-1.6039	2.2019	1.3850	0	0.0341	0	-0.7038	-0.0489	1	0.8955	-1.8565	3	-2.7377	3	0	1.0804	0	3	0.7972	3	-0.1956	-1.3211	3.1902	-3.3662	3	-5.2680	3	3	0.8020	0	-1.0792	0
2	1	0	0	-1.8577	-0.6070	-0.4646	2	-2.7984	0	3	-0.3490	1	3	-1.7874	2	2	-0.2207	0.1433	-0.8906	-0.9861	1	-1.5992	2	0.9772	0.3482	0	-3.9252	4.7795	2	-0.5328	3	3	2.3968	2	1	-3.0836	1	0.2070	0.7012	-4.2710	6.8345	3	1.6066	1	2	-1.6750	1	-2.4419	0
2	1	3	1	-0.0093	0.6768	0.9277	1	-1.4857	0	2	1.5102	1	1	-0.1105	0	2	-1.7333	2.0990	-3.1882	-0.3896	1	0.0559	2	0.8879	1.1849	2	1.7470	3.2523	1	2.0702	2	1	-2.1162	3	0	2.2007	2	0.3876	1.0764	-3.4303	5.4451	3	-0.0406	0	2	0.4423	3	-2.1168	3
3	3	0	1	-1.0972	-1.1651	0.8184	0	-0.9745	0	1	-0.9642	0	2	-0.9723	3	1	-1.7131	-1.6362	3.3327	0.5161	2	0.8873	3	-0.5181	-2.6795	0	-2.8433	1.5034	1	3.1420	0	1	-0.1073	1	2	0.2590	0	-2.3103	2.8072	-3.3272	9.9491	1	-0.7984	3	3	0.1889	1	2.1090	1
3	3	2	1	0.0125	-0.4229	-2.6505	0	0.8065	2	1	-1.0172	1	3	0.1024	0	0	-0.4047	-0.1026	0.5405	0.4685	2	1.5808	1	2.9606	-3.7264	0	3.6620	0.4134	1	3.6614	3	0	0.4601	2	1	1.4243	0	-2.9314	0.5622	-1.3749	4.2094	1	-0.6441	2	0	6.3046	1	-1.1002	0
2	3	2	1	-1.9171	1.7170	0.9729	2	-0.8440	0	0	-1.0042	3	2	-0.9073	0	1	0.1417	-2.8999	1.7926	2.0907	2	-0.1450	0	1.1071	-2.0726	1	0.5244	2.4367	1	1.1208	2	0	1.1126	3	3	-0.3558	0	0.2852	-1.4359	0.2792	1.6115	0	1.3400	0	1	-1.1606	1	1.5038	1
2	2	1	2	-3.5270	-1.1506	-1.3715	3	2.2608	1	0	0.2192	0	1	-1.7353	2	2	0.6881	-1.5408	0.4228	2.6577	3	0.9770	3	3.0797	-0.5429	2	4.2700	1.4504	2	-2.4685	3	1	1.6281	3	0	0.5154	0	-0.3416	1.4285	-1.3888	-1.4383	3	0.0551	2	0	1.0363	3	4.2330	0
3	2	2	0	-2.5541	0.3315	1.4783	0	-0.0818	3	0	0.1933	0	0	-0.3368	0	2	0.2695	1.1240	-0.6737	-0.2505	1	-2.2586	2	-0.3460	-1.1341	2	-0.8372	-1.2486	3	1.0024	2	0	-0.3829	3	0	-1.8576	3	-2.4979	-0.3499	0.1476	-2.9949	1	-0.7427	3	0	-1.6738	1	0.1214	2
2	1	3	0	0.8999	0.1129	-3.4966	0	1.2073	2	2	3.6051	1	3	0.7468	3	3	-0.3005	4.8743	-6.0980	-0.7848	1	-0.4579	1	1.2814	-0.9815	3	1.3725	-0.8686	3	1.6324	3	3	-1.4644	2	0	3.6851	3	4.8969	0.5067	4.3537	3.9554	2	0.0057	0	2	6.6236	0	-2.3254	0
0	1	2	3	0.8930	1.0796	-2.9176	1	0.9334	2	0	1.0021	2	0	0.0237	0	1	0.9530	1.8707	-3.6215	0.2065	1	-1.0825	3	-0.9384	0.2373	1	1.8420	0.1114	2	-2.3187	1	2	1.1116	0	3	0.1138	3	5.1586	-1.7817	2.6215	-2.3446	3	4.6164	1	2	3.5235	0	1.1614	0
3	1	3	0	-0.5065	-0.7149	0.9996	2	-2.2736	2	1	-3.4260	1	0	-0.4627	2	1	1.9590	-3.9629	3.9860	-0.8874	1	1.2772	1	-0.8324	-0.8964	2	-2.9974	1.8148	2	0.0321	0	3	-0.2842	1	1	4.0350	1	-3.7670	-0.7303	-2.5311	0.4261	0	-5.8609	2	3	0.6568	2	-2.1409	1
1	1	2	0	0.8738	-0.9776	-2.2130	1	-2.4858	2	0	2.0339	2	0	-1.2644	1	1	1.8008	3.5871	-6.3620	2.7419	1	1.6967	0	-1.2535	0.6408	2	-4.3086	0.7820	1	-0.2570	1	3	-0.1528	1	3	0.9057	1	3.8365	-0.8061	-2.4166	0.5070	1	2.0095	3	2	4.0250	2	1.1508	0
1	3	2	0	-1.6168	1.4888	-0.2755	0	-3.5839	3	2	0.9322	0	0	1.1895	0	3	-0.3026	-1.3024	4.8291	0.9471	1	-0.8085	1	0.6645	0.5684	3	-5.5493	3.1725	1	-1.9224	0	1	0.1251	1	0	-1.5863	1	-5.4940	-1.3399	-2.9317	2.5877	0	3.7628	2	3	-0.5095	2	-0.0032	2
3	2	2	3	1.9039	0.4542	-1.2537	0	-2.1803	2	1	0.3687	3	2	2.4393	3	2	-1.8739	2.2830	-2.4388	-1.8894	2	0.4790	3	-0.7583	0.9164	0	-2.9950	2.1385	1	-0.1902	1	1	0.1634	3	1	2.6398	1	0.0936	-1.0450	0.0383	1.1390	1	1.4782	0	2	1.8530	2	-1.2916	0
1	2	0	3	-1.6103	-2.9646	-1.9824	3	-0.9272	2	2	-0.8843	2	1	-0.0034	0	2	-0.3321	-1.8420	5.7190	0.4143	3	-0.3873	2	-1.3052	0.3904	0	-2.7143	-1.5410	0	-0.7411	3	3	-0.1170	2	2	1.6361	2	-5.8046	0.1586	-0.6287	0.0871	1	-2.7588	0	1	6.0971	1	-0.5818	0
1	2	2	2	-0.5158	1.4812	-1.0324	0	0.8156	2	2	-1.2608	3	0	0.1096	3	3	1.3294	-3.6398	8.9762	1.5220	3	0.5231	1	2.4429	2.3827	1	1.5935	1.7502	2	-1.4845	2	3	-0.7311	3	0	2.9276	3	-8.0151	-2.7029	-1.9369	-2.0740	0	-2.2626	0	3	-0.4737	2	-0.6137	3
2	1	1	0	-0.0944	-1.7911	1.0274	1	2.7246	2	1	-0.2745	1	2	0.6941	0	0	-0.5741	-3.2825	4.9009	1.3832	1	1.7302	1	-0.0666	-3.0153	0	4.4194	-0.4550	1	-1.1918	2	3	0.5222	2	1	1.3791	0	-3.4437	0.3532	2.1645	-1.7112	0	-0.7401	3	3	-3.8953	0	-1.4971	1
2	3	0	2	-0.2218	0.1213	0.1701	1	1.1295	3	0	-0.7106	0	1	-1.8093	1	2	3.4665	-2.0569	4.2377	-0.6127	2	-1.7179	1	-0.9676	1.2559	3	-1.9241	-2.8936	0	-2.6042	3	3	1.5918	3	0	0.0567	2	-4.4350	0.9481	3.4369	-5.4912	2	-3.3318	3	1	2.4904	0	-1.5312	1
2	0	3	1	-1.7574	-0.5017	-0.9698	2	-2.0949	2	1	0.9254	1	1	0.5240	3	1	-0.6621	-1.8758	0.4844	0.9422	0	0.8983	2	-0.0175	0.5135	3	-2.6309	2.0620	1	-3.0579	1	3	0.0799	2	2	0.1277	1	-0.7727	-1.7593	-2.6506	-0.8048	3	1.5768	2	0	2.1877	3	-0.3376	3
2	2	2	3	1.0056	4.1318	-0.2250	1	-0.9855	2	3	0.1252	1	3	-1.6914	3	3	-0.5485	0.1895	1.2944	-0.3279	1	-0.6116	2	-1.5724	-1.5225	3	-1.6469	1.1801	2	-3.2297	3	3	-2.3948	2	3	3.4885	2	-3.3000	0.0165	0.9580	-0.3926	0	1.7093	0	2	-3.0414	0	3.1489	2
0	3	0	3	2.4382	0.4082	6.6774	0	-0.3896	0	0	-0.4486	0	1	0.3516	0	0	-2.2962	-2.8562	6.2791	-2.5191	0	-0.7649	2	2.1242	-0.6083	0	-1.3902	1.4546	1	1.3446	3	1	1.1316	0	3	-3.1775	1	-4.4218	0.2291	-4.1581	3.5837	2	2.5231	1	1	-9.0286	3	-1.0786	1
0	2	3	2	-0.4050	1.9786	-1.3185	3	0.8331	2	1	2.8810	2	1	0.8776	3	1	1.2446	0.6933	-2.0761	0.4731	3	-0.6963	0	-0.0290	0.0558	2	2.5390	-0.5273	0	-2.7386	3	3	-2.2673	1	1	5.5907	0	1.2500	2.0589	-0.1269	-1.1092	0	2.5121	3	1	1.9613	2	1.3521	3
1	0	2	0	1.7563	-1.6278	-2.0508	1	2.5476	2	1	0.6438	3	3	-0.7711	2	2	-0.1167	-0.3398	1.1098	2.5000	1	1.0021	0	0.7162	-3.4771	0	3.6682	-1.3358	3	1.3209	3	1	0.4978	1	0	2.6474	0	-1.2814	0.2366	1.4536	-1.9434	3	1.0417	3	3	4.8820	0	0.8373	0
2	1	0	0	0.6970	-1.0565	-3.1807	1	1.9798	2	1	-1.2241	0	3	-0.1317	2	2	-1.9799	-1.9623	4.4324	-1.3621	1	2.4164	1	0.2429	-3.5046	3	1.4275	-0.7136	3	-1.0557	3	2	0.8076	2	3	0.9644	0	-4.2488	-2.0009	1.8820	-2.0508	2	-0.1409	1	3	2.4557	0	-1.3139	0
1	2	3	2	-2.3163	0.8447	0.2622	3	-1.4940	1	1	3.0725	3	2	0.7724	0	3	0.2068	2.9973	-6.8065	0.3264	3	-0.1309	3	-3.2431	-0.1623	2	-0.4029	-3.1745	3	-1.9162	3	3	-0.4287	3	1	-2.1845	0	6.5362	1.4035	-0.4934	-3.3107	0	2.3687	3	2	1.2328	2	0.7203	2
2	3	2	1	1.6729	-1.8798	0.4839	1	0.6011	1	2	0.2667	3	1	1.6087	2	1	-1.1125	1.7686	-0.1516	1.5074	2	-1.5235	2	0.8197	2.9736	1	1.6425	-1.7684	3	1.4494	2	1	-2.1851	0	0	-0.7631	2	-0.2446	1.6652	2.7160	2.4941	2	2.5919	3	0	-0.5453	0	0.8231	2
1	3	0	1	-1.6108	0.5433	-0.0541	0	0.6562	0	3	-0.3274	0	2	0.0121	0	0	-0.7497	0.6452	-2.0368	1.0604	2	1.1875	1	-0.6299	2.8325	0	0.1843	-1.0343	2	1.4145	3	0	-1.4748	2	1	1.5853	3	1.7806	-0.7697	0.1501	1.0810	0	-1.4570	3	3	1.6574	3	-1.7937	3
0	0	0	1	-2.3881	-2.5102	-1.0522	1	2.4465	2	2	0.7656	1	2	0.0584	0	1	0.6561	1.5162	0.7760	-3.3796	3	-0.8929	3	1.9071	-1.5907	0	3.3016	-0.2326	2	2.3324	1	3	0.3860	2	1	2.9648	0	-3.7226	1.3517	-1.7522	2.0042	1	0.2772	1	0	2.3201	2	-2.2951	0
0	3	1	3	0.2231	0.3818	-1.6027	3	0.3875	2	0	1.1343	2	0	-1.1777	1	2	1.9770	1.6114	-3.9690	0.7669	0	0.6647	0	1.2288	1.9861	1	2.0658	3.0675	1	-0.4571	0	2	-0.8165	0	3	0.7272	3	4.0168	-0.5579	-7.3652	1.2014	3	0.3743	1	0	2.8487	1	-1.1855	3
0	2	2	3	-0.0347	-2.0277	3.5109	0	1.4454	0	1	-2.6695	0	3	-0.5562	0	2	-0.8714	-4.8105	7.7377	0.2419	0	-1.9522	1	0.0122	0.8386	1	2.4404	-2.4509	3	0.0144	3	1	0.0872	3	2	1.5119	3	-3.5848	-0.3612	3.9312	-1.2648	2	-3.3409	1	3	-2.3268	0	-1.6372	1
2	3	2	1	0.4965	0.0518	-1.3531	3	0.5874	2	1	2.1728	2	1	0.5586	0	0	0.6297	0.4388	-0.2440	-0.4969	1	0.9322	3	1.4446	0.7240	2	0.7654	-1.0867	0	-1.3320	0	2	-0.2633	2	0	1.3189	2	0.4424	0.9742	2.6492	-0.9799	3	4.8413	2	0	-1.4056	0	0.9426	2
2	1	0	0	0.5290	-0.0331	1.2928	3	0.6615	0	0	-0.2470	1	1	1.6480	0	0	-2.1231	-0.8706	3.0846	-1.4939	1	1.7318	2	-1.7365	0.5931	2	1.1453	-3.6094	3	-0.5021	2	0	0.1260	3	1	-1.6479	2	-3.5955	0.7330	5.3056	-6.1180	0	1.2251	3	0	-3.3349	0	-1.4894	1
2	2	3	0	2.4924	-1.2011	1.1671	2	-0.5414	1	1	1.0306	2	0	-0.6133	0	1	0.1402	2.8344	-4.5121	-0.3361	0	0.1204	0	0.6120	0.7419	1	-1.3765	0.6523	1	-0.4043	2	1	-2.4147	2	1	2.8360	2	6.7613	0.4435	-0.5930	-0.8580	2	2.7373	3	2	-0.2628	3	-1.6496	2
1	3	3	1	-1.1340	-2.8262	2.9548	3	-1.6795	0	3	-1.5992	2	1	-0.0587	3	2	-0.9544	-3.7627	3.8315	0.7815	2	0.7374	2	0.0724	-1.2746	1	-0.9183	3.2425	1	-1.4108	3	1	0.4512	3	1	-0.3775	1	0.1442	2.8121	-2.5705	3.4683	1	-0.4479	0	3	-2.1152	1	1.7488	1
1	0	1	2	-2.7909	1.3571	0.9951	1	0.0599	0	1	1.8534	0	2	0.5927	0	1	0.2004	1.1048	-2.2191	-2.6873	0	-0.3629	3	-0.8114	-0.8616	1	0.5003	-0.4673	3	0.9077	1	3	-1.1701	3	2	1.3573	2	1.5558	0.3464	-2.3480	2.0199	3	5.0516	1	1	-2.5236	3	0.9738	2
1	2	3	3	0.0822	-0.7077	0.6116	2	-0.6025	0	2	0.3566	3	0	0.6110	3	2	-1.1531	0.7492	-0.3775	0.2144	2	3.5621	3	-0.7005	-2.2131	1	-0.9252	-0.5481	2	1.2965	0	0	-3.0322	0	3	0.7432	2	3.3222	1.8785	2.6286	-0.2363	1	1.9387	0	2	-4.8648	0	2.1398	2
2	2	2	0	1.6468	-0.7001	-2.4760	0	-1.6841	2	2	0.8325	2	2	-1.8241	3	2	0.6904	2.1324	-2.3682	-1.7445	1	1.6781	3	1.4343	0.8257	0	-3.9593	4.4117	1	1.4222	1	2	1.4398	0	0	3.2179	1	-0.2424	-3.6327	-2.4311	8.2592	1	-2.0100	2	2	2.9626	1	-0.6773	0
0	2	3	3	-0.1330	-2.5163	2.0766	2	-1.1562	0	0	1.0753	0	1	0.2018	2	0	-0.3157	1.2818	-4.1200	-1.1518	3	0.4851	2	-0.0227	3.6365	2	-2.1438	0.5562	2	-2.6675	1	2	-0.8252	0	2	0.9106	2	4.6530	0.1079	-0.4276	-1.2404	0	4.1574	1	2	-2.1700	2	-2.5462	2
0	2	0	1	-0.1858	-4.1273	2.3769	3	-0.3324	0	3	0.7551	3	2	0.4322	3	1	-0.4397	-1.8951	5.3058	-1.5528	3	2.1210	3	-1.9891	1.9410	0	-0.0431	-0.2169	2	4.9591	3	2	0.3427	2	0	-1.8533	2	-6.2698	2.9142	-0.4149	5.6398	2	0.7517	3	1	-0.8725	2	1.7649	1
2	3	2	0	-3.3771	1.4207	-1.1227	2	2.2931	2	3	2.2644	1	1	0.0321	0	2	0.1419	1.2642	-1.2456	0.0492	2	-1.8807	2	-1.0119	0.8020	3	3.7399	-3.4955	2	-2.0641	1	3	-0.0300	1	3	-0.4397	3	0.0392	-2.3939	0.6927	-4.5728	0	2.6768	0	2	2.5935	0	1.5096	0
2	2	2	3	-0.7355	2.7494	1.8498	1	0.7430	0	3	-2.2899	1	1	0.9208	0	0	-1.3866	-3.3366	4.1592	-2.5522	3	1.0159	2	-2.8042	0.1942	3	2.6203	-4.2261	3	-0.9040	2	1	-0.6512	3	3	-0.2147	3	-2.4859	0.7292	7.0521	-6.7365	2	-0.4525	3	2	-3.2770	0	0.1692	2
1	1	0	1	2.6338	1.9066	-0.1640	1	0.7810	2	3	-0.8701	2	1	-1.6051	0	3	-1.0743	0.3394	0.3436	-1.2220	1	0.1124	0	-0.9708	-1.3825	2	4.2304	-1.4572	3	-2.8703	2	1	0.8612	2	3	3.8868	0	-1.1174	-2.1274	2.7270	-6.3165	0	-0.0144	3	0	3.6650	0	-1.2061	1
2	3	0	0	-0.1773	1.5146	-3.4849	1	0.9242	2	0	0.2504	3	3	-0.4428	3	3	-0.0628	-1.5572	1.4830	-1.1964	2	-1.8622	1	1.0716	-0.9106	2	-1.8213	-0.9182	2	-0.7590	2	1	-0.8692	3	3	1.6721	2	0.5440	1.8977	-2.5062	-2.5148	2	-3.5720	2	3	3.6144	1	-0.3783	0
2	3	3	0	-0.0341	-2.2060	-1.1857	1	-1.2915	2	1	0.8914	0	3	-0.3803	3	2	-2.3480	1.5434	-2.7580	-1.6515	1	0.4422	3	2.0047	-2.2093	3	-0.9921	3.6605	1	1.3386	1	1	0.5422	2	3	0.6550	0	1.3913	4.2724	-3.2637	5.1206	1	-1.4399	1	2	-0.4235	1	-1.0537	0
1	0	0	1	1.1288	-1.0823	2.1280	1	0.6707	0	2	-1.6599	0	1	-1.0814	0	1	-1.5914	-0.8610	4.0852	-0.0526	2	1.1003	0	1.1976	-1.2481	2	-1.0429	-1.5401	0	0.5335	3	0	-2.9200	2	2	2.6445	2	-4.5269	0.2436	-2.2554	1.5177	0	-0.2511	1	2	-2.3506	1	-0.5232	2
1	1	1	1	1.3727	0.1463	-0.5991	0	-0.8230	3	3	-0.5428	3	1	1.3278	0	0	-1.7894	1.9480	-6.1701	-2.0235	2	0.1733	3	0.2362	-0.2469	2	-3.0934	0.8252	3	3.2806	1	1	-2.4986	0	0	2.4575	0	5.9587	-1.4272	2.4025	4.8244	1	1.4780	1	2	3.8946	0	1.2299	3
3	1	1	0	1.2881	-1.3830	-0.8792	1	-0.5536	2	2	-0.4671	1	1	0.0396	3	0	1.1935	0.2301	-0.6446	2.7217	1	0.2968	2	-3.5369	0.2685	2	-0.8456	-2.3019	3	-0.3878	3	3	1.3378	2	0	0.2019	2	4.5132	2.5986	2.1973	-4.8919	2	-0.6846	3	2	1.7839	0	3.8519	0
1	3	3	1	2.5156	3.9300	2.0436	3	0.0920	3	2	-0.0135	3	3	-0.4801	2	0	-1.7480	2.4845	-2.3514	-2.6697	2	-1.8591	3	-1.0042	0.2714	3	2.2134	-1.8864	3	0.9429	2	0	0.1830	2	3	0.8671	3	1.1596	-0.0307	1.3119	-2.4394	3	2.6903	3	0	-3.5945	0	-1.2258	1
0	2	1	3	0.0726	-0.9999	-0.8737	1	-1.3461	3	2	-2.3569	1	2	-0.5003	3	2	-0.8036	0.2672	1.2174	1.1288	2	-1.6855	3	0.7037	0.2545	0	-5.5712	0.9563	1	0.3839	0	1	-1.7273	1	0	1.6419	2	0.4257	-0.6321	-2.9233	2.1689	1	-5.6801	2	2	0.0558	1	1.3762	3
0	1	0	3	0.5889	0.6015	-0.8601	3	-1.5277	2	3	-0.5406	2	3	0.8535	0	2	-0.0602	-1.0462	0.9458	-0.6021	0	-0.6210	1	-2.9031	-0.3350	3	-2.8540	-1.5451	3	-2.3875	2	3	0.4359	3	2	0.4581	2	-2.8965	0.9920	2.1014	-6.8620	2	-2.8765	3	2	-0.7287	0	-1.2501	0
1	2	2	3	-0.4172	0.8240	1.6892	3	-0.0236	1	0	-0.2610	1	0	1.5858	1	3	0.9265	0.8119	-1.7971	-0.9734	0	0.1335	0	2.5710	3.2419	3	-1.8375	1.7334	1	-1.6837	3	3	1.1239	0	1	-1.1824	2	2.4588	0.0815	-1.7105	0.2404	1	1.6961	2	2	-2.6067	2	-0.6330	0
1	2	2	3	1.2325	1.3544	-0.6438	3	0.7307	3	2	1.0763	1	0	-0.7913	0	1	1.0584	1.3258	-0.6041	2.6813	0	0.4850	0	-0.8503	2.5009	1	4.7132	0.0314	3	-0.2697	2	0	0.0071	3	0	-0.2076	3	0.1919	-0.6097	-1.1425	-2.1596	3	1.4806	3	2	2.9472	1	2.7442	0
2	2	1	2	1.9566	-0.5984	1.6758	1	0.9901	0	2	-3.3423	1	1	-1.2285	2	0	0.6025	-1.4665	3.1357	-0.8845	3	0.2703	2	0.0064	-0.2316	1	-1.0406	-1.4932	2	-1.5824	1	3	-0.1706	0	3	-0.7120	0	-1.8027	0.7757	-0.0540	-5.0165	2	-3.3211	2	3	0.5147	1	0.6804	1
1	1	3	0	0.2384	0.6099	-0.2790	0	-1.2156	3	0	1.8429	1	2	3.3128	3	2	-0.9546	-1.6269	-0.8155	2.1663	1	0.2867	3	1.7517	-1.3640	0	-3.9729	4.2529	1	4.1296	2	1	-0.0317	3	1	-1.5430	1	1.3445	-1.9912	-6.0478	7.1330	3	0.4025	2	3	-0.9893	1	3.7035	3
1	2	2	1	0.5462	-1.1047	-0.1839	1	-1.6464	3	2	0.5408	2	3	-1.1890	2	0	1.7172	-0.1606	2.7888	-0.5864	0	-0.0873	1	1.0059	-0.9374	3	-0.9265	1.6333	2	1.3383	1	2	-0.3736	1	2	-2.6226	1	-3.3914	-1.2940	-2.6341	4.1717	1	0.8586	2	1	0.2563	1	-3.6713	2
0	1	0	0	0.6132	-0.3723	-0.3018	1	-1.0854	1	0	-1.7077	2	1	-2.0842	1	1	-0.7866	-4.3595	8.8403	1.4049	1	0.7167	2	3.1321	0.1459	2	2.2907	3.1393	1	0.2527	3	1	-0.2182	2	1	0.4610	0	-6.1688	2.2795	-4.9715	3.5206	1	-6.0368	2	1	1.5863	3	2.4869	0


