
X1	X2	X3	X4	X5	X6	X7	X8	X9	X10	X11	X12	X13	X14	X15	X16	X17	X18	X19	X20	X21	X22	X23	X24	X25	X26	X27	X28	X29	X30	X31	X32	X33	X34	X35	X36	X37	X38	X39	X40	X41	X42	X43	X44	X45	X46	X47	X48	X49	X50	X51	X52	X53	X54	X55	X56	X57	X58	X59	X60	X61	X62	X63	X64	X65	X66	X67	X68	X69	X70	X71	X72	X73	X74	X75	X76	X77	X78	X79	X80	X81	X82	X83	X84	X85	X86	X87	X88	X89	X90	X91	X92	X93	X94	X95	X96	X97	X98	X99	X100
0.2177	-0.4776	-0.6316	-1.4299	-0.0883	2	2	3.0922	1	2	-2.6460	3	-2.0562	3	3	-0.5761	0.6458	3	1	3	2	0	0	3	2	-0.6968	0	2	3	1	1	-3.5461	-0.0674	1.4003	1	2	-1.8585	1.7862	1	0	0.3555	3	-3.1920	-0.2761	-0.4388	0	-4.2132	0	-0.4795	-5.0627	-1.3441	3	0.5974	0	-2.7054	-0.0591	-0.3986	0.0003	-1.4274	1	2	-1.7326	1	1.0829	1	2.1517	3	3	2	1.2872	11.4048	3.1124	2.5137	0.4080	-2.1292	-0.5200	0.7855	1	1	1.1807	-1.3600	5.0670	-2.4253	2	-1.6135	0	0.2002	1	3	1	0	0	1.4460	3	2	-0.1485	0	1	3	-0.5255
-1.7524	0.6222	1.6138	1.9431	2.1496	0	0	-2.0905	2	1	1.9150	2	2.0014	3	0	1.4188	-1.4717	3	1	0	2	1	2	2	0	-3.2483	3	2	2	1	0	1.9231	-2.3308	-3.0376	3	1	-1.1959	6.2036	3	2	-2.0581	2	-1.0363	0.6072	0.3400	1	-0.3303	2	1.7737	5.2889	1.8303	0	0.4710	1	2.8951	-0.9290	1.4190	-1.5767	1.6291	2	2	-0.6437	1	2.0989	1	1.0179	3	2	2	-0.2081	-7.1613	-1.0473	-2.9314	-2.3427	2.6113	-0.4432	0.0786	0	2	3.2850	0.6300	5.6154	-4.6923	0	-0.6576	3	3.2318	0	1	0	1	3	-2.6998	3	2	-3.9589	2	3	1	-1.1455
1.9140	-1.2138	-0.3173	0.1435	-0.2489	3	0	0.5088	1	1	-1.0815	1	0.9774	1	3	-0.5249	0.0506	2	0	2	0	1	1	1	1	-0.2289	2	0	2	2	2	-0.3212	-0.4057	-1.8245	0	1	1.5967	-1.4260	0	3	-1.1591	3	-1.1930	-2.6097	-2.9634	1	-1.6160	3	0.2594	-4.6365	-1.4299	2	-2.8457	1	-3.6928	-1.7895	0.7351	0.1052	1.3449	1	1	-4.6876	2	1.4508	2	6.1003	2	2	1	-0.1951	11.7087	3.1165	0.0327	0.6732	-4.4951	0.9346	5.9710	1	3	-0.3816	0.6516	2.4759	3.4511	2	2.1798	2	2.2627	2	3	1	0	3	1.2005	0	0	1.8705	1	1	0	-0.4134
0.4630	0.0060	-1.3010	0.1420	-0.0390	1	3	1.3427	3	2	0.7685	1	3.3760	0	1	-1.3892	-0.3482	1	3	0	0	1	3	3	0	1.1861	0	2	2	0	1	-0.1960	0.9424	1.5613	0	3	0.9979	-0.9649	1	0	2.9686	2	-3.1719	-2.3692	1.0556	2	-4.1862	0	-3.0596	2.6140	0.1011	3	3.0452	0	0.4542	-1.3486	0.4855	2.1012	-0.9871	1	1	2.4258	2	-0.8150	3	-1.6992	0	0	0	0.6380	-0.9022	0.7051	1.8934	0.1267	-2.7254	-0.0940	-3.2671	3	3	-0.8799	-2.5980	0.7882	3.7785	0	-0.3170	3	-1.8286	3	2	0	2	0	-4.8476	2	3	1.9479	2	3	3	0.9162
2.3325	-1.7183	1.0422	-0.3409	-0.4202	2	0	0.1524	2	0	-0.5480	0	2.6879	2	0	-0.6837	-0.6780	1	0	2	3	2	0	3	0	-0.2589	0	2	0	1	3	-1.3681	0.6008	-0.4337	1	2	0.8005	-0.9666	0	2	-1.9266	2	-0.7511	4.7016	0.3581	2	-1.4435	3	0.8413	1.3005	-4.0919	2	-2.4339	1	-1.2747	2.2841	-0.5564	-1.2701	0.0415	1	3	-3.8184	1	1.8135	1	2.7877	0	0	0	1.5875	-0.9924	-1.2930	4.2930	-3.3681	-4.8281	-0.3511	7.1450	1	3	-1.2021	-2.2465	3.5362	-1.4617	2	0.2418	0	2.0839	0	2	1	3	0	2.6878	0	0	6.2931	0	1	1	-2.0511
0.0515	-0.3189	-0.0564	1.8080	1.3195	2	3	0.9997	2	2	3.5507	1	-1.2487	2	2	1.4172	0.3760	1	2	2	0	1	2	2	3	3.6792	1	3	0	2	2	1.1111	-0.3089	1.5500	2	0	1.6492	-2.6628	3	1	-0.1821	3	-2.1921	1.5267	0.3228	2	-1.1695	0	-4.2718	0.3103	-0.3603	1	1.7253	3	5.0933	-1.2847	2.6002	1.3294	-1.4491	1	1	-0.3567	0	-2.2093	2	-1.1184	3	3	3	0.7336	4.1387	-3.3392	3.3696	2.4060	1.5661	-1.1740	-0.3592	2	0	1.1787	-0.3984	2.1831	-0.1071	3	-2.1245	2	-0.6652	0	0	0	0	0	-0.0755	2	3	2.6012	0	0	1	-1.4996
-0.8289	-0.3639	1.4687	0.2298	0.0138	3	3	0.6335	0	2	0.2556	3	-0.8339	2	0	1.0998	-4.7088	1	3	2	1	1	2	3	0	-1.7263	0	0	2	1	2	5.0684	-0.3500	-1.5509	1	3	1.6762	3.9229	3	2	-1.5016	1	0.3955	3.8051	-0.3652	1	0.7421	3	0.9427	3.0382	-0.3598	3	-0.2194	0	0.6103	1.0461	-0.0763	-0.4637	0.5875	2	0	0.6362	1	1.7560	2	6.9673	3	1	2	0.2945	-2.7817	1.3290	-0.0148	-1.2060	0.8993	0.8859	-0.3337	0	3	-0.8144	0.9343	-1.2596	-0.0405	0	-1.3577	3	-0.3081	0	1	2	2	1	3.2109	1	0	0.4952	0	2	1	0.2173
-1.5394	-1.1720	1.3124	0.5414	2.6684	2	1	0.2160	2	0	-4.3808	2	2.1182	3	2	2.6390	3.8027	0	3	2	0	1	2	2	2	0.2051	2	2	0	2	0	-5.7570	-1.6510	1.4974	3	2	-3.0116	0.4237	0	2	1.0038	3	0.3409	-0.5136	2.3689	1	-0.2845	2	-3.4940	-5.7767	0.1145	0	5.1680	0	-1.5587	2.1553	1.8280	-3.6495	-1.0239	2	0	2.8312	3	3.8068	3	-9.0785	1	0	2	1.4010	13.7059	-2.3540	5.9873	0.1823	3.0598	-0.9495	-3.6320	3	0	2.6893	-1.4734	3.0961	-4.8372	0	0.7301	1	3.9182	3	3	1	0	0	1.3250	0	1	2.8902	0	0	2	0.4312
0.4491	2.1624	-2.0175	1.8765	-0.7613	1	0	-0.0660	0	0	0.8088	0	-0.7327	0	3	0.8073	4.9799	0	2	0	3	0	0	2	1	-0.4294	2	0	1	3	0	0.8860	0.3191	-0.9333	1	2	-1.7000	0.8600	1	1	2.7281	2	-0.3053	1.6829	1.8194	3	-0.2305	0	-0.6700	-1.7452	0.1805	1	-1.0335	3	2.1712	2.7070	-0.3897	1.3372	-0.5734	1	2	-1.2617	2	4.5070	2	-5.7362	3	0	2	-0.9297	-0.0178	0.2227	-0.0561	-0.7325	1.7936	1.4466	0.1813	0	2	0.6710	1.8722	1.1022	0.9798	0	1.3078	3	-3.7848	2	0	2	2	0	-1.9894	1	3	-0.8811	2	1	3	-1.3020
-1.6668	-1.2853	-0.2794	1.7879	-1.2394	0	2	0.2098	3	2	-0.3067	2	1.1105	1	1	-0.3213	2.9650	0	3	0	2	2	1	2	1	0.0749	3	3	2	1	2	-4.9944	0.6138	1.4761	0	1	2.0313	3.1168	1	2	-1.6501	2	1.0822	-4.1306	-1.5727	2	1.7319	3	0.5041	-5.1406	2.5305	0	0.6356	2	0.7218	-0.5381	0.8720	-0.9770	-1.0217	0	0	-1.7068	2	-0.3722	0	-6.5172	2	2	0	-1.0434	14.4709	4.1968	-1.5731	-0.0233	0.5684	0.1732	3.3048	2	1	-2.1014	-0.8412	-0.2784	4.1039	2	-0.6073	3	4.8739	3	2	1	3	3	0.1935	0	2	0.4981	2	3	2	-2.1109
0.3125	1.5805	0.7841	1.1121	2.4692	1	0	-0.9153	0	2	1.7617	0	-2.0903	2	1	-2.0147	0.3236	2	0	1	2	1	0	1	1	-1.0454	1	2	3	3	1	1.8446	-1.1237	-2.5658	0	2	2.0859	0.5239	3	2	-1.1739	0	1.4189	4.5731	1.9913	2	1.8662	1	4.1130	4.7053	-0.6747	0	-4.1822	0	1.1548	1.4836	-2.4549	1.1673	-0.8983	0	3	-3.0612	2	0.6026	1	3.3838	1	0	3	1.8604	-12.6351	-6.0595	-1.5788	-1.1405	2.3626	2.7324	4.9440	0	3	-1.2815	1.5273	2.4726	2.5347	2	1.9774	3	-4.9302	2	2	0	1	3	-0.5659	0	1	0.8610	3	1	0	-1.9460
2.6380	-0.3392	-0.6623	-1.3047	0.8082	3	0	1.5882	1	3	0.7511	3	0.7234	0	0	-1.3721	1.5080	0	0	2	0	1	3	0	1	2.2130	1	3	1	0	3	2.9058	1.4446	1.0299	3	3	1.4162	-5.0369	3	1	-0.9762	3	-2.0123	-0.3283	1.9885	1	-2.1981	0	-2.2273	2.0193	-4.2789	0	0.0716	3	2.7374	0.5569	0.4667	0.7232	1.3278	1	3	-1.4255	3	-2.6441	0	-2.0027	3	3	1	-1.5842	2.1628	1.7267	3.3741	0.2016	-2.1472	-3.4339	0.4064	2	0	-1.1954	0.0582	-0.4387	2.4968	1	-0.5083	2	-1.7826	0	2	0	3	0	-0.2438	2	2	6.2110	2	3	2	0.3774
-0.4760	1.2443	-0.3002	-2.4409	1.1155	0	3	-2.3362	1	3	1.4890	2	-3.7182	3	0	0.8550	1.6786	3	3	3	1	0	0	2	1	0.7440	0	3	1	3	1	-0.1642	2.1622	0.5321	1	2	2.4280	0.3659	0	1	-0.2119	1	1.6081	-2.5614	-0.9810	0	1.2884	2	-0.4915	2.8546	-0.3309	1	0.9797	3	0.1001	-1.7155	-1.3144	-1.0502	-0.0933	0	0	-0.9048	1	-1.0414	3	-2.5090	2	2	0	-1.6879	-8.1800	3.5748	-1.3621	-1.2916	4.2892	1.3690	0.7970	2	0	1.1104	1.1906	3.9154	2.3543	2	1.0777	0	0.5074	2	2	0	3	2	0.6146	1	2	-5.6136	3	3	1	2.9632
2.0749	0.8304	-2.0623	-1.8792	-1.5832	2	1	1.2580	0	0	-2.7719	3	-2.5160	0	0	-0.3918	0.3363	1	0	1	1	0	0	2	0	-1.3910	1	0	0	3	3	-2.8011	-0.3884	-3.1778	3	0	-0.2196	-4.0557	1	0	-2.3646	2	-1.2692	1.2141	0.3364	0	-1.1786	0	4.0639	-3.2001	-2.9021	3	-6.6286	0	-3.5679	-1.2568	0.0220	0.6151	1.6659	3	3	-6.6368	2	-1.9989	1	5.1071	3	3	1	-1.0392	5.8355	1.0198	-4.1400	3.6565	-3.2823	0.1542	10.0617	0	1	0.3606	1.8639	3.4550	1.4256	2	0.0140	0	-4.0066	3	3	2	0	3	0.2673	2	0	-0.5124	3	1	2	2.2136
-4.6915	-1.0084	-0.8746	0.9255	-0.4883	2	1	0.3452	2	0	0.3512	0	1.6261	0	2	0.1713	2.8163	1	3	2	2	2	0	1	1	-3.3008	1	3	3	3	2	-3.4777	-0.4615	-0.5739	1	2	-0.1732	5.6905	1	2	0.9138	3	-1.4824	0.8844	0.8518	1	-2.6454	3	4.0493	0.4491	5.9720	0	3.4027	3	-0.2106	-0.4457	0.1714	-2.3466	-0.2458	2	2	3.8213	2	1.1300	3	-8.2773	3	2	3	0.2965	2.3971	-0.0483	-3.4124	-0.2130	5.0677	-1.5415	-4.5743	0	1	2.0604	-0.0746	0.8599	1.4891	0	0.1883	1	-0.6077	1	3	0	2	3	-0.7027	3	1	-8.9670	3	0	2	0.0797
2.0841	1.6674	-1.8688	-0.6260	-3.9486	1	3	0.6172	3	2	-1.7969	1	1.9585	0	3	0.7159	-1.0278	0	0	0	3	3	1	0	2	-1.4867	2	2	0	0	2	-0.0111	1.3140	-0.2012	1	0	-1.0812	-1.4143	3	3	-1.7877	0	-2.3988	2.4858	-5.9515	0	-0.5416	0	3.5980	-5.3152	-2.2317	0	-7.1868	3	0.5151	-1.1977	0.0538	2.8356	4.7698	1	3	-3.4812	0	-0.2409	1	8.6585	3	3	2	-1.5737	6.0503	4.2723	-2.3076	0.0920	-8.5217	-0.5687	3.2053	0	2	-0.5818	0.4421	2.8283	0.3042	2	0.5342	0	-3.8078	0	3	1	2	2	1.1567	3	2	-0.4396	2	1	1	-0.0339
0.9241	0.4433	0.8870	-0.0112	-0.8448	0	3	-0.4574	1	0	-1.3880	1	-0.9624	2	3	-0.2646	0.4364	3	3	3	0	0	1	2	2	-0.9452	1	1	0	2	0	1.0065	-0.4605	0.0854	0	1	2.9931	0.1108	3	0	-1.7330	0	-0.9368	1.7443	-1.9725	3	-3.1563	0	2.3698	-3.6162	-4.2234	3	-6.7650	2	-1.5542	-1.1169	2.3696	0.1669	2.3547	1	2	-7.1569	2	-1.9007	0	8.3817	3	0	0	-3.1075	7.3753	2.6766	-0.3392	-1.1890	-4.2970	-2.0721	6.8819	2	0	-1.0661	0.0637	3.0529	3.3361	2	-1.4523	2	1.2237	0	1	1	3	0	-1.7387	0	2	4.2769	3	2	3	1.4468
-1.2104	-1.2555	0.8489	1.5990	0.2577	3	3	0.1329	2	0	0.1352	3	1.6955	1	0	-0.6045	-1.0090	3	2	2	0	2	3	2	0	0.6308	0	2	2	1	1	2.7205	0.4921	1.9763	2	3	1.9647	0.1072	3	0	1.0613	0	1.5399	0.3608	-0.1369	1	2.7643	3	0.0584	3.7120	4.8733	3	3.3256	3	0.0265	-0.3698	1.6437	-1.6347	-0.3866	0	2	2.1437	1	-0.6853	3	-3.2628	1	1	1	2.3750	-4.9554	2.1197	-1.6919	-0.4350	2.1716	-2.5593	-2.1615	3	0	-0.1706	-1.0057	1.3843	0.9295	0	1.8910	1	-0.8377	2	2	0	1	2	0.7282	2	2	-4.4608	2	3	1	0.3499
1.6278	-0.1422	0.7703	-1.3554	2.3820	0	2	1.0000	1	1	-0.1825	3	1.6139	3	2	1.0064	-3.3341	3	0	2	3	0	3	2	0	2.0761	0	0	0	2	0	1.9215	1.6378	3.0981	3	0	-4.3843	-5.6339	3	1	1.4975	1	-1.8732	-0.7193	-2.4712	0	-1.8148	3	-1.5780	2.8290	0.2745	1	-0.7387	2	-1.7092	-0.2816	3.0404	0.9517	0.7442	1	3	0.3600	0	1.8036	2	5.2608	3	3	0	-0.9075	-3.9925	0.2345	-0.6627	-0.9498	-4.4741	-0.9106	1.6453	3	1	-0.5928	0.0705	-1.0625	-7.0328	2	-2.2231	0	1.0959	1	1	0	3	2	2.6135	0	0	1.9564	3	0	2	0.9061
0.2140	-1.3770	0.8428	0.0042	-1.9127	3	2	-0.9065	2	0	-0.5718	2	0.5969	0	3	-0.1747	1.7069	1	3	2	0	1	0	0	1	1.7123	3	2	2	2	3	-2.5317	-1.5817	-0.4694	3	2	-3.2520	1.3825	2	0	-0.5006	0	2.0157	-0.8491	-1.4003	3	-0.4331	2	-3.6482	-1.5686	0.6492	3	3.3911	2	1.3154	-1.9972	-2.0191	-1.7657	0.2428	1	0	2.5272	2	-2.1306	0	-4.3646	2	2	3	0.7059	-0.1454	7.8206	1.8069	-0.1846	-1.1881	0.7308	-7.8630	3	2	-1.6208	-2.6193	-1.9859	-5.5116	0	0.0957	0	1.6528	1	3	1	3	0	4.3644	2	0	0.3608	1	3	1	0.0173
1.6738	0.4111	-0.2007	1.9279	-4.0378	2	2	-0.9293	0	3	0.3897	3	1.0507	3	0	0.7500	-0.3615	0	0	1	0	0	2	2	3	0.2025	3	0	3	3	2	-1.1104	0.2926	-1.1915	3	0	-1.3513	-1.8129	1	0	0.3023	3	-1.1983	1.1784	-2.1091	1	-1.8402	0	-1.1265	1.5511	-4.7360	3	-0.6756	1	-0.4896	-1.4206	-0.0972	-0.2910	2.1962	1	1	2.8874	3	-2.1713	1	0.9002	3	1	3	-0.0493	-1.9943	7.6632	2.6396	-2.5834	-6.5140	-2.1015	-2.0364	1	1	-2.0823	-1.8415	-2.7604	-1.1833	3	-2.2465	3	-2.3783	0	0	2	2	0	-1.2753	1	2	5.9602	3	2	0	-0.9176
3.6889	1.4685	-1.0712	1.6515	0.1905	1	2	-0.7355	2	1	-1.0467	0	-0.4884	3	2	-0.1227	0.1917	0	0	1	3	3	0	1	2	-0.9830	1	0	2	3	3	0.5002	-0.8649	0.1789	1	0	-3.7760	-7.0445	3	0	3.4815	3	2.5956	0.6044	-1.3958	2	2.1916	1	0.9354	-2.0227	-3.5911	2	-9.1495	1	-0.7393	-0.4903	-2.7286	2.9209	0.2286	3	3	-6.7677	0	-1.6071	0	7.2959	1	3	0	-1.2310	3.2345	-3.6508	1.1433	3.1528	-8.4017	1.3423	5.5347	2	3	4.6568	-2.1112	12.4608	-3.5571	2	1.1241	3	-1.4463	2	1	1	2	1	0.3767	1	0	5.9065	0	1	1	-2.0951
0.9705	1.3004	0.5151	-1.8915	-1.6412	0	3	-1.9159	1	1	-1.4949	1	-1.2569	1	1	-1.2955	1.9397	2	3	1	3	1	1	0	2	2.5130	1	2	3	3	3	-0.0022	-0.3629	2.8231	0	1	0.2321	-3.2576	3	3	-2.8286	2	2.8956	-2.6770	-0.8627	0	2.0061	1	-2.1583	-1.9722	-2.0506	2	0.1946	1	0.4149	3.4255	-0.7949	1.8375	1.3970	0	1	1.2233	1	1.3329	0	-2.6287	2	0	1	-0.7360	-4.7531	-0.2077	2.8529	-2.3780	-0.5735	2.1527	0.7670	3	1	-3.1962	-1.3996	-5.3379	-1.2573	1	-0.0104	1	1.5853	3	1	1	3	0	-1.4268	0	3	4.9593	2	1	2	1.5516
-1.3223	-1.0019	0.8655	2.0293	-0.0733	2	3	0.2374	1	3	-2.3971	0	1.6582	3	0	2.1763	-1.6235	0	3	2	1	2	2	2	2	1.4648	2	3	3	1	0	2.5739	-0.8508	1.3893	1	1	2.0241	3.8485	0	2	-1.1834	1	0.3671	-2.8305	4.0950	1	1.4875	3	-1.2377	-5.0404	3.6291	0	2.2367	2	0.5237	0.5288	0.4698	0.0852	-2.9335	3	2	1.1508	0	1.1550	0	-0.5851	2	3	2	-2.8488	15.8644	-5.1352	-6.8980	1.6504	3.5741	-0.3138	0.9800	2	1	4.4753	1.1901	4.5485	2.0822	0	1.1104	1	3.8855	2	0	1	3	3	2.0447	3	1	-10.2638	1	3	2	-1.8444
-0.8671	1.2834	0.2031	-0.3364	0.3658	1	0	-0.4315	3	3	-2.0160	0	-1.7878	0	3	0.0231	-2.6425	0	2	0	3	3	0	1	0	-0.1506	0	3	1	3	3	2.4500	-2.1955	0.3748	1	2	-1.2698	-2.8602	3	2	0.1162	2	0.9169	1.8404	2.9338	3	0.6958	2	0.7461	-1.8737	-0.5111	2	1.0309	2	0.7426	2.0009	-0.4215	0.8930	-1.7489	2	3	0.9189	1	1.0722	0	4.7606	0	0	3	-0.2724	0.4511	-0.5246	-0.9010	1.9275	3.3560	-0.3273	-2.6849	1	1	1.9756	-0.2841	1.9698	-1.2172	0	-0.9240	2	-2.0416	1	0	2	2	2	-0.5172	1	0	-2.7128	3	2	0	0.1263
-1.2155	1.3431	0.8589	-1.2502	0.6742	0	2	0.9422	1	0	0.5561	3	-2.1636	1	0	-0.5922	1.4172	2	3	1	0	0	1	1	1	0.1468	0	1	2	1	1	1.0874	-0.3300	1.3985	0	3	0.5220	0.4605	0	1	-1.4991	0	-1.4360	-0.9178	2.0648	0	-0.7956	0	-0.5592	0.3729	1.8853	1	2.9062	2	2.0887	-0.2158	-0.0574	0.4957	-1.1500	1	2	3.1367	2	-0.8588	0	-7.0721	3	3	2	-0.6133	-2.4103	-2.0407	-0.3564	-2.8042	3.7917	0.0570	-2.3556	3	2	-1.2997	-1.3937	-1.8064	-0.2008	0	0.9906	2	-2.5855	3	0	0	2	2	-2.0138	2	1	1.6859	0	2	3	1.2334
-1.2452	0.5748	-0.0193	1.7976	1.8032	1	3	-0.6897	1	2	0.1760	3	-1.0164	0	0	-0.4353	-1.2784	1	2	3	2	3	2	0	1	0.9232	3	3	0	3	2	0.4480	-2.0540	-1.9527	2	3	-0.3433	1.7033	0	0	-1.8681	3	4.0558	-0.6196	0.8653	1	6.4828	1	-3.2256	-0.3507	2.6135	3	5.1725	0	-0.7122	1.3432	-0.6530	1.0884	0.0503	0	0	3.5486	0	2.2419	3	-4.9877	2	1	3	2.1219	-7.3633	0.5451	3.5501	-0.9051	1.7424	1.2946	1.1292	0	1	0.5570	0.8945	-3.2290	-2.9963	3	-1.0761	0	-1.2397	0	0	0	2	0	1.4749	1	0	0.0144	0	3	0	0.5031
-1.2169	0.0468	0.0796	-0.3123	-1.6035	2	2	0.4983	2	2	0.6175	0	0.5625	3	2	-0.3927	-0.4360	3	3	1	1	1	0	0	2	-0.6327	0	1	0	2	2	1.7619	-0.2630	0.6276	1	2	-2.2582	1.8514	3	3	3.2387	1	0.8415	0.4169	0.5930	0	1.3832	3	-1.0405	1.1281	1.1823	1	1.4960	3	2.0344	-0.0214	-0.0444	2.1697	-1.7748	0	2	0.7259	2	0.8987	0	-1.5411	0	3	0	0.5608	0.6652	-0.7426	0.8642	3.4679	6.2076	-1.5162	-0.7326	2	2	0.3450	-0.8695	3.1685	-1.9026	3	-0.2230	0	0.2625	1	1	3	2	0	-3.2666	0	3	-3.1142	2	0	0	1.7380
-2.1713	-0.1196	-0.3280	0.9594	-1.6929	3	3	-2.3685	3	3	1.7172	1	0.5812	1	2	-0.7194	-4.8688	3	3	3	0	1	2	0	0	-0.0382	1	1	0	2	3	-0.9356	2.1831	1.5083	3	1	2.5201	4.3388	3	1	1.0420	0	2.7429	-0.2828	-0.8503	1	3.9889	2	-0.3319	5.6266	2.2054	0	2.1156	0	1.1086	-1.3233	1.4649	0.1793	1.2917	0	2	0.4518	2	-2.6497	0	3.5864	2	2	1	-0.4601	-15.4107	-0.9347	-1.8103	-2.4893	4.5438	-0.4993	-1.4659	3	1	-4.7539	0.6517	-7.8492	2.4140	0	3.4960	2	1.8971	2	2	0	3	2	-1.2288	2	3	-1.2434	2	3	3	-0.7894
0.3008	0.2322	1.2734	0.5384	2.0128	3	3	-0.4197	3	0	0.0733	1	2.4067	3	2	0.3388	-1.7325	3	2	2	1	3	1	0	0	-1.4295	3	1	0	1	2	1.2920	-1.5086	0.2182	0	1	0.4009	-1.8981	3	2	-1.6060	0	1.3642	-0.2807	-0.8764	2	0.6430	1	1.6401	3.7526	-1.0267	0	-1.1263	2	0.1552	1.5867	-1.7731	1.0011	1.9208	0	3	-0.4778	0	1.5588	1	3.3748	2	0	1	0.6406	-8.0341	-2.5978	-1.3168	1.4747	-0.6781	1.5579	-2.7586	3	2	-0.2697	1.8200	-1.0237	0.3761	0	0.2103	2	1.3625	2	1	3	1	2	0.5769	0	0	-3.8107	2	0	1	0.4043
0.7668	1.1423	-0.7080	-2.1514	2.2152	1	0	-0.9331	3	3	-1.7305	1	2.1868	1	3	0.3530	-2.2247	3	0	1	1	2	2	2	0	-1.3666	0	1	3	3	1	1.2117	-1.0188	2.3283	2	0	0.5925	-3.3060	3	0	0.3840	0	-0.7259	-2.7258	1.6100	0	-0.8670	0	0.9056	1.5838	-0.6325	3	-0.5057	3	0.0860	0.3013	1.9934	1.7863	-1.3862	2	3	-0.3075	0	-0.7439	2	1.8810	2	0	0	0.4267	-1.3633	-3.6650	1.3539	1.6682	-3.9748	-1.5796	-0.4554	3	3	1.6695	3.0061	2.1890	2.0115	3	0.6008	1	-0.8438	3	0	2	1	1	0.0849	0	3	4.3078	3	2	0	0.3235
-3.1586	0.3035	-0.5158	-0.0745	-0.3365	1	3	0.2641	1	1	-3.1812	1	1.2320	0	3	1.6398	-1.5629	3	1	1	1	0	1	2	3	2.6495	1	0	0	0	1	2.5011	-2.0118	0.2913	0	1	0.5875	4.1047	3	3	1.3974	0	0.4367	-0.7811	-0.4904	0	1.2244	1	-2.8907	-5.2529	2.7714	2	5.0023	1	-2.3351	0.9374	2.1017	0.1960	-0.8248	0	0	6.3822	1	1.1450	1	-2.2172	0	0	0	0.0497	9.4403	-1.4222	0.2581	1.3886	3.4050	-3.4217	-7.4978	2	3	1.9221	-0.6513	-3.6851	4.0501	0	0.6267	0	-0.1485	1	1	1	2	3	0.1421	0	0	-0.8336	2	3	3	-0.0859
0.5001	-1.7124	0.4728	3.7798	0.3811	2	0	0.6753	3	0	0.6726	1	-2.5382	0	1	-0.0559	2.0362	1	3	2	3	1	0	1	1	-2.0888	3	1	1	3	0	1.6073	0.0147	1.6446	1	0	1.4121	-4.1548	3	2	0.0433	2	-1.7307	1.4824	-2.4698	2	-4.8511	3	3.6934	1.2188	-1.1638	0	-5.6004	3	0.7349	-3.5052	-2.0939	-0.4091	-0.5260	1	3	-5.6667	3	-1.9574	0	3.6431	3	2	2	0.4905	-2.1833	0.9839	-2.6798	1.7695	-2.8766	-0.9456	5.0977	3	2	0.9682	1.0787	4.1063	3.4883	2	1.0575	3	-2.8498	1	3	2	2	2	3.4153	1	2	1.7517	2	1	2	-2.3743
-2.5165	-0.6297	-0.0732	2.3303	1.6562	0	2	-0.4265	3	1	1.2451	3	2.1245	3	0	0.7844	0.4334	2	3	0	0	2	1	2	2	0.4323	2	3	1	2	2	1.7852	1.4951	0.0707	0	0	0.6420	3.3711	3	3	0.3895	3	-0.8637	0.4573	1.6577	2	-2.3034	2	-0.1045	1.2124	3.8813	2	1.5778	2	0.2041	0.1646	-0.0827	-1.4753	-2.9834	1	2	-0.7578	3	-1.9890	1	-3.2018	3	3	2	0.5010	0.3527	-0.5693	-2.3658	-2.3452	5.2066	-1.9691	1.0124	2	1	1.7763	-1.0300	4.0025	1.5204	2	-1.8965	3	0.9152	3	2	3	1	2	-2.1226	1	1	-0.2808	3	3	3	-3.0609
0.1005	-0.0856	0.0522	-2.7303	-2.8839	0	3	0.2834	3	1	2.7053	3	0.7342	3	1	-0.6669	0.0058	3	1	0	1	3	0	1	2	0.4524	1	2	0	3	1	3.5517	-2.0151	-0.0323	2	1	0.8415	-2.1704	3	1	-1.9043	2	0.4037	-0.1427	-3.6310	0	-1.5867	1	1.0784	2.8723	1.3320	1	-1.5609	2	1.3775	-1.3806	-0.3341	-1.6718	1.5467	1	1	-1.1681	0	-0.5802	3	0.2168	3	2	3	-0.6094	-3.6099	4.3748	-4.2265	-1.0218	-2.8946	1.2948	-1.3371	3	0	-1.2181	-0.1833	0.3366	0.8474	0	0.4942	3	0.1123	2	3	0	1	3	0.2273	3	2	-1.3816	2	1	3	1.8904
-0.1254	0.3367	1.1120	-1.3019	1.5450	3	3	0.6046	2	1	-0.0017	3	-1.4480	2	1	-0.6451	0.0283	3	2	3	0	0	2	3	3	-0.4371	2	2	1	1	3	0.7107	1.0159	0.0988	0	0	0.2165	2.3282	0	2	-0.2695	3	-0.7823	-0.4095	2.1154	0	-3.6539	0	1.7299	-1.2085	0.8138	0	-1.6635	1	-1.3485	-1.4101	-3.2309	1.1079	-1.7981	1	0	-3.8436	3	-1.5120	3	2.3210	2	2	2	3.3619	0.7099	0.1439	1.5776	-0.3673	1.7278	3.5215	1.3459	3	0	-2.0851	-0.7485	-1.1952	1.8132	0	0.1709	3	-1.5955	1	1	2	2	2	3.9927	1	0	0.1340	0	1	1	1.2346
3.1345	-1.2547	-0.3204	0.4567	-1.1879	2	2	-0.2946	1	2	0.0970	0	1.9759	3	1	-2.3839	-1.7186	3	0	2	3	3	1	1	0	1.2101	0	0	1	3	0	2.0385	0.6165	-0.5837	2	2	-3.3126	-4.1103	0	2	0.0944	1	1.2005	0.6027	-2.0026	2	3.0302	3	0.3948	-1.3052	-2.3417	0	-8.4473	1	-1.3680	2.1087	1.4850	0.1200	2.1309	3	1	-5.1128	3	0.3512	1	9.9656	0	0	0	-0.0783	-1.2739	2.6268	1.3299	-3.1629	-5.2484	-1.9338	8.4163	0	1	-3.3714	-0.7989	-0.3954	-4.8022	2	-1.6819	2	-0.2963	3	1	1	1	0	3.9518	1	0	4.6543	0	1	0	-0.6397
-0.4222	-0.3452	0.5496	0.1619	-0.5944	3	2	-0.8525	2	0	0.6005	2	1.1683	2	1	-1.8818	2.4382	2	3	3	0	1	3	1	1	-1.0084	0	1	3	1	2	-2.7444	1.7804	1.3072	3	3	0.9085	-2.2007	2	0	0.2207	2	0.9060	2.9792	0.9065	0	0.5606	2	1.6551	-1.7275	2.5996	3	-0.8550	2	0.0595	-2.4519	0.5166	0.1775	-0.6653	2	3	0.7150	0	-0.8538	0	-1.0290	1	2	2	-1.2818	1.0129	1.7876	-6.5047	-1.6374	-1.4177	-0.8328	1.4440	2	0	0.0343	0.5015	-1.4159	-1.0867	2	-0.6824	1	-3.9019	3	2	0	0	2	0.5398	3	3	-2.6380	1	1	2	-2.0681
-0.7304	-0.1894	1.1159	-1.5033	0.0608	1	1	0.6279	2	0	-1.1929	3	1.9604	0	0	-0.5053	-2.1110	1	1	3	2	2	1	1	3	-0.9472	3	3	1	2	2	1.9460	-1.5669	2.5194	1	0	1.0646	-4.2968	3	2	-0.3583	0	0.6917	1.2456	1.3483	0	1.5630	1	0.1415	-2.3252	1.9927	3	0.0407	0	-0.8095	2.1339	0.7108	-0.8926	0.6234	3	3	-1.0903	2	0.6967	0	2.9068	1	0	3	2.7643	7.3116	-6.0690	1.2365	2.1471	2.3664	-0.3918	1.7275	3	1	-3.2326	1.8207	-4.7051	0.1758	2	1.9336	2	2.6283	2	0	1	1	3	0.6575	1	1	-1.8349	1	2	2	1.4845
-2.8909	1.1731	-1.1729	0.7606	-0.2658	1	0	-0.1756	3	3	-0.4771	2	1.0544	2	3	-0.9198	-0.1316	1	3	1	0	1	1	1	2	-1.0677	2	1	3	0	0	0.6550	0.2059	-0.2871	0	1	1.0353	1.7903	1	0	0.1631	2	1.0134	1.0385	-0.1813	2	0.2333	2	2.1614	-1.4650	5.2416	3	3.3693	2	-2.0590	0.4900	2.2099	1.2542	2.2252	0	0	0.6749	1	-2.1589	1	-2.2520	1	0	1	0.8285	0.6725	1.5063	-3.7706	0.6527	1.6715	-1.4115	-2.4170	1	2	3.5547	-1.2150	3.0601	3.6359	0	1.7796	1	-2.3358	2	3	2	1	2	1.2677	2	2	-3.2396	3	3	1	-1.3260
0.5235	0.0057	0.2118	-1.1567	-1.2240	2	1	0.2024	1	1	-1.2939	0	-2.3733	2	1	-1.4209	-1.5960	2	2	1	2	3	0	1	0	1.2408	3	3	3	3	1	0.5548	0.9745	1.0491	2	2	3.3593	-1.3494	0	0	-1.6969	1	-0.5040	0.9769	-0.4237	2	-0.4867	2	-1.4859	-2.9849	0.2113	1	3.0211	3	1.7213	0.4008	-1.1525	-1.9241	1.1510	2	3	2.8857	0	1.1180	0	0.2010	3	0	3	0.9529	4.0872	-0.6161	3.1085	1.2130	-0.8167	4.0809	-0.3448	3	2	0.8806	-0.5044	-2.0679	-0.4738	3	-1.4463	3	-2.3198	0	0	1	2	0	1.8784	1	1	-1.9860	0	2	0	1.3331
-3.8999	1.2960	-0.1423	0.2505	0.0933	2	0	-1.1835	3	1	1.2606	1	4.1474	1	3	0.0295	-0.1803	1	3	1	1	3	0	0	3	-0.2963	3	1	3	3	1	1.2713	0.7626	1.1989	1	2	2.2478	6.7234	3	0	-0.6223	2	-0.2550	-2.3692	3.2671	3	-1.1020	0	1.0907	1.5893	6.7974	1	5.2145	3	4.4140	-0.7323	-0.7899	-0.4404	1.5969	2	0	5.0863	0	0.9532	0	-4.0530	2	2	1	-2.3794	-9.7252	-3.3429	-6.0008	-2.3077	5.5614	1.9272	-3.6830	1	0	-1.6315	-2.2221	-2.1499	1.6349	0	-0.7425	2	1.2798	0	2	3	3	2	-1.8698	3	1	-11.1670	2	3	3	-0.5046
0.0379	1.4801	0.6171	-0.9340	1.5721	2	1	2.1189	2	1	3.5350	2	-0.8867	3	1	-2.7118	0.7360	1	1	1	0	0	0	1	3	0.5690	2	3	3	0	0	-0.9380	-0.6051	-4.4267	1	2	1.8619	0.1451	0	0	-2.4498	2	-3.5522	2.1272	2.7972	2	-6.1321	0	2.1701	4.2760	-0.9019	2	-2.3151	2	3.0829	-0.5592	-0.5773	3.3223	-0.8349	1	0	-0.4571	0	1.0195	1	1.9058	3	3	1	2.6835	-5.6828	-0.5655	0.7701	0.1583	1.5983	-1.3761	2.1781	0	3	-1.2411	-1.5881	-0.6135	1.0658	2	0.3273	3	-2.3584	1	2	0	2	1	3.3030	2	0	-0.0158	0	1	0	2.4764
0.0956	0.1832	-0.4181	-0.7710	-0.4335	1	2	-0.3376	2	1	-2.1801	3	0.9781	0	3	-1.4356	1.4522	2	0	2	2	1	1	1	2	-1.6771	2	0	3	0	0	-0.9982	-0.2329	1.3748	0	1	-0.1786	-0.9399	0	3	3.2901	3	1.8967	1.2037	-1.2634	1	2.9635	1	1.3314	-2.8123	1.5405	1	0.8905	0	3.0630	-0.3427	0.7792	-0.3758	1.7836	0	3	1.1215	3	2.9884	1	-3.7969	1	2	2	-0.7678	2.5924	2.1027	-3.5320	3.6996	-1.1077	-2.5719	-0.5694	3	1	-0.6679	-0.9898	-2.1996	1.2315	3	2.5139	1	-3.9498	1	0	1	1	3	2.4351	1	2	-6.4402	0	2	2	0.7760
2.7108	-1.2680	0.4222	2.3798	-1.2249	0	2	-0.5805	1	3	2.9936	1	-0.5914	2	3	1.5345	-1.9916	2	2	2	1	1	1	2	3	1.3296	0	0	1	2	2	-1.3477	-1.4256	1.1606	2	1	-2.4417	-4.0907	0	3	1.0790	1	-1.5563	1.7281	-0.4941	2	-1.8427	3	-0.8321	3.3003	-1.8189	2	-4.6342	2	-0.9418	2.9098	-1.4605	-1.7615	0.0969	1	3	-0.6437	2	1.4708	2	5.9751	3	0	0	-1.5207	0.4199	2.2328	2.0806	-0.7719	-3.6594	2.9165	0.3471	3	0	3.7357	1.2582	2.6676	-4.2453	2	-0.8090	3	-3.5762	2	2	0	2	0	-0.6080	0	2	1.8795	1	1	3	-1.6292
0.7336	-0.4686	0.0564	-1.9627	1.3718	0	1	1.0745	1	2	-0.9168	3	-0.0841	2	2	0.8442	1.1244	3	0	1	3	1	0	2	2	0.9435	1	1	2	3	0	-1.9035	0.1855	-0.2342	1	2	-0.0327	-1.6961	0	0	0.8605	3	-0.7981	1.7602	1.5673	0	-0.1991	1	-0.7340	-1.0310	-1.5088	3	-0.6112	2	-1.0634	0.1924	2.0996	-1.6208	-2.3715	3	2	1.3735	3	0.6323	1	-1.2496	3	3	3	1.4108	2.7902	0.0676	1.9704	-2.4024	0.3108	-0.9384	-2.4722	3	1	1.9068	0.8970	2.1414	2.3849	3	-1.4001	3	-1.6612	0	3	2	3	2	-1.7867	2	1	2.3192	3	1	1	2.0449
1.8495	-0.3840	0.5688	-4.3903	-0.9640	1	1	-0.1911	3	1	-1.7778	1	1.0979	1	0	0.7633	-0.6834	2	0	3	1	2	3	0	2	0.9626	3	3	3	0	2	-1.5209	-1.4983	1.0987	3	0	2.8617	-4.8147	1	0	-0.9849	0	1.7541	1.0923	2.0406	0	2.0308	2	-1.4676	-2.7338	-4.6304	3	-2.4657	1	0.4298	-6.5519	0.4015	-2.0548	-2.7207	3	3	-2.8530	1	-3.9035	0	2.6602	1	2	1	0.4791	6.4012	-1.0308	3.7319	-3.1922	-1.2618	-0.9906	0.8934	3	3	2.0006	1.2201	2.1382	2.2328	1	-0.2781	1	1.0524	3	2	1	0	0	-3.6038	2	1	9.6980	3	3	2	2.6866
1.3762	-1.2846	-0.0567	1.2747	2.1119	3	2	0.7062	1	1	0.6473	0	-1.7533	3	1	-0.4246	-0.5833	0	0	2	2	3	3	1	0	0.5187	2	0	0	0	2	-0.3513	-1.0410	-3.1270	3	3	-2.5971	1.1871	0	1	-3.1343	2	-1.9136	-0.3114	3.1616	1	-3.4813	3	-0.3388	2.3215	-2.9214	1	-2.7985	2	-0.7113	-2.6624	0.3157	-1.9377	-5.4891	1	0	-3.6637	3	-2.5260	1	5.0721	0	2	1	0.3093	1.6943	-5.5314	2.8882	-2.4976	2.3706	-1.2066	4.9246	0	2	-2.1399	0.7485	0.2676	-2.3620	2	-1.3477	1	-0.3972	3	1	2	1	0	-5.2190	2	1	8.3086	0	2	3	-1.4497
-0.9171	0.6974	-0.2789	-0.4679	3.4013	1	1	-0.7883	3	2	-0.8594	2	-2.0336	3	0	-1.1548	1.0706	0	3	0	2	3	2	1	1	-0.4673	1	3	0	3	0	-0.5218	1.3115	5.1876	2	3	1.7639	-2.9826	3	0	-1.3987	3	0.8130	0.5539	1.9688	0	1.0676	1	-0.5943	-0.5748	0.0458	3	2.4343	2	-1.8915	1.1246	0.1874	0.2567	-1.1503	3	3	4.4407	1	0.1015	0	-3.2830	1	1	2	0.3600	-0.3829	-2.4105	-0.5286	2.1570	2.7850	-0.5282	-4.9649	3	1	3.0066	-0.2017	1.2948	2.6683	0	-1.1642	0	2.2346	3	2	1	0	2	-2.8377	0	1	-2.3926	2	1	2	0.7009
1.0727	-1.1167	0.4502	-1.4056	-2.6852	2	0	0.1391	3	3	0.7393	0	2.8211	0	0	1.4220	1.0768	1	0	2	0	0	0	2	1	-1.2688	0	1	2	1	1	0.7586	-0.1820	2.1434	1	2	-1.2193	-2.0402	1	1	-1.5268	3	-0.6662	-0.5179	3.3742	0	0.9190	0	0.3003	2.6118	-3.6507	1	-3.5933	2	-1.2115	1.8052	1.5689	-0.3032	-1.9661	3	1	-0.1028	2	2.4973	0	1.6130	1	1	3	-2.3126	-0.6799	-0.1573	1.0495	1.6263	1.0165	-4.4571	0.0781	3	1	3.1146	1.0230	2.9811	-0.5528	1	-2.2483	3	1.8160	3	0	0	1	0	1.1711	0	0	4.2084	0	2	2	1.4869
1.9277	0.5320	0.4680	0.2840	-0.0104	0	3	-2.1204	2	1	0.1346	3	-0.9576	1	0	0.5511	1.5456	2	0	1	3	2	3	3	2	-1.7653	3	0	1	2	2	-0.4357	-1.5623	-0.6012	3	0	3.2367	-1.7096	2	2	1.4718	2	1.7396	-0.5309	-0.2326	1	3.5846	2	1.8567	-0.9204	-1.4703	2	-2.6997	3	-0.9067	-1.5754	0.8879	3.2922	-0.4022	0	3	-3.8937	1	-0.4787	1	1.5152	2	2	1	-2.3572	-1.6920	1.6328	-1.9636	-3.1936	-4.1556	-1.4223	2.7431	1	1	-1.0806	0.0529	2.7008	4.2258	2	2.4523	3	1.2571	2	2	1	1	3	-0.3793	0	3	0.9659	3	2	3	-1.5709
2.2114	-1.3688	0.0502	1.1239	2.5726	3	3	0.7124	2	2	0.3309	2	0.5827	3	0	-1.7639	0.1071	3	0	2	3	2	0	1	2	0.5121	3	0	0	0	0	1.3895	-0.2819	0.7235	1	0	1.6013	-2.0894	2	1	-2.0932	0	-3.5949	0.4344	3.8261	1	-3.1166	3	0.1367	-1.1671	-4.2322	1	-0.9970	2	0.1473	-2.0945	-0.5912	-1.8869	-5.0422	1	3	-0.4597	0	-3.5919	3	1.0236	3	2	3	-2.5362	0.8354	-3.8617	-0.4340	2.4305	1.4667	3.2870	0.7560	1	2	1.4081	0.7016	4.0363	0.4894	1	1.5128	0	1.7877	1	0	2	2	2	-0.6234	2	1	-4.0138	1	3	2	-0.0020
-2.4534	-1.2638	-0.0895	0.5163	-4.4745	2	2	-0.5033	1	1	-1.4166	3	0.5593	2	2	1.9309	1.3711	3	3	2	3	1	2	2	1	0.6371	3	2	1	0	0	-1.9760	2.8045	2.3169	0	1	-0.7590	3.2936	2	0	-1.0066	3	1.7094	1.1163	-2.5600	1	2.3402	1	-0.8425	0.5339	4.5922	3	3.1963	3	1.0178	-2.7043	-0.7433	-0.9057	1.4292	0	0	2.8731	1	-1.8126	0	-6.2073	1	2	0	0.4698	4.4526	7.5334	-2.7159	-0.0125	1.7431	1.2652	-5.2043	3	0	-0.6853	-0.4382	-3.3954	1.5715	0	-0.0286	2	1.1799	0	2	1	3	3	1.4949	2	2	-4.5257	2	3	3	-0.4613
0.3654	1.1458	-2.4691	1.8966	0.5058	2	1	-0.0378	1	0	-1.1193	3	-2.2681	3	2	1.6034	3.8624	2	0	0	1	2	2	2	1	0.1888	0	3	2	3	0	-1.2028	-1.4728	-1.8919	2	2	-0.2778	-1.6398	1	0	-2.5737	0	1.8988	-0.3108	1.5039	0	1.9835	2	-2.2657	-2.0811	-1.3782	3	2.1544	0	-0.0823	4.9142	1.4411	2.3378	-1.7692	0	3	-0.2395	1	5.7501	3	-5.2351	2	0	3	-0.5393	5.0698	-1.1341	1.2230	2.6357	-1.7284	-1.7509	-1.5714	1	2	1.4225	-1.6916	3.7828	0.8576	3	-0.3277	2	0.4077	0	0	1	2	0	0.8335	1	0	-0.3402	3	3	0	0.7676
-0.4992	1.4580	-1.1347	0.6294	0.3931	0	1	-0.2373	0	0	0.4312	0	0.5108	1	2	0.2275	2.2702	0	2	0	0	3	1	1	1	-2.2145	1	2	0	1	2	-4.6247	1.6763	0.5390	3	1	0.0325	-2.7544	1	1	1.9365	2	0.7041	-0.2105	0.1592	0	1.6415	2	0.6575	4.3799	0.7003	1	-0.2180	3	2.0830	-3.1615	-0.5262	0.3524	0.5554	3	1	0.9956	3	-3.3053	2	-1.5414	2	2	2	0.8230	-5.4632	-2.8749	0.5198	-2.6955	2.9220	0.5582	-1.4245	2	2	3.6108	-0.1235	3.3117	0.6501	1	0.4859	0	-3.4489	2	2	2	0	2	-2.6211	3	3	1.3236	3	3	0	-0.8550
-1.1270	0.8678	0.1474	3.0364	0.1365	2	2	-0.5797	2	0	-1.1466	0	1.6984	3	1	0.1383	2.1136	3	3	1	1	0	1	1	1	-1.2540	3	0	3	3	1	-3.7086	2.4212	-0.7170	0	1	-0.7407	3.6057	2	3	2.3868	0	3.1518	1.5098	1.3869	1	4.4048	1	-1.0095	-0.0360	2.3931	2	4.3039	1	0.7174	1.2339	0.3225	1.7330	0.4819	0	0	3.2240	1	2.4513	2	-7.1853	1	1	0	0.9959	-1.5457	0.2713	-1.3642	-0.6059	4.5962	1.3978	0.6637	3	3	-0.0284	0.1891	-2.7490	-1.3693	2	-1.8322	1	-3.0281	1	1	0	0	2	-0.4771	0	3	-1.2253	3	3	1	-0.9699
-0.1583	0.5393	-0.1158	1.2614	-2.3507	0	1	0.8079	0	2	-4.2323	2	0.7419	3	0	-1.6713	2.7811	2	2	2	2	2	3	1	1	2.3423	0	0	3	0	0	-4.1239	1.1891	-0.2875	3	3	-0.6617	-1.3478	1	0	2.3081	1	-0.5324	1.2263	-0.5830	2	-0.2218	0	-0.6535	-8.6968	-1.2537	3	2.9733	3	0.9348	1.6493	-0.3150	-1.0166	1.3200	0	1	1.7698	3	-1.8723	2	-6.1026	3	1	0	-1.9286	13.9775	4.1770	-2.1252	-0.4521	-0.2006	-2.3766	-3.2418	0	1	-2.2373	-1.1510	-4.0710	-1.1114	0	-0.5282	1	-0.4125	2	3	1	0	3	2.1476	2	2	-5.2459	2	3	2	0.3635
-1.4005	0.9723	0.3606	1.6659	2.7391	3	2	-2.9057	2	2	0.7931	0	0.0907	3	2	1.3882	-2.8960	0	2	1	2	3	0	2	0	-3.0305	2	2	3	1	2	2.9047	-0.6713	0.5226	1	1	-1.9001	1.5906	3	3	3.4213	1	5.4751	-1.0201	0.2596	3	7.7302	1	2.5129	-1.6980	2.9951	1	0.4099	3	0.4306	-1.4262	0.9747	-0.0247	1.5000	0	0	-1.2051	2	-2.6010	2	3.3631	2	2	0	-3.0649	-1.4440	-4.9067	-9.4663	-2.7140	0.1424	-2.5420	-0.9333	1	3	0.1334	-0.5070	0.7895	-2.5769	0	1.3401	2	1.1629	1	1	1	1	2	2.0113	2	1	-11.5990	0	0	0	-0.8189
2.4976	-1.4123	-0.0063	1.8486	1.6535	1	3	1.2101	3	3	-0.8205	2	-1.2294	0	2	1.8996	-2.5510	3	0	2	3	2	1	2	3	0.8602	3	2	3	3	2	2.2245	-0.5126	3.0487	2	0	-0.2915	-5.9564	3	2	-1.3424	2	-2.0001	2.0174	1.6787	3	-3.7422	3	-2.8722	-3.0650	-3.4898	0	-0.1248	3	1.9727	0.5780	0.5587	0.3762	-0.7571	1	3	1.7930	3	-0.0330	0	3.2165	3	3	1	1.4811	13.2145	-0.5769	5.8563	1.1476	-3.7090	-0.4672	-5.0187	3	2	3.0310	0.7782	2.3465	-1.3362	0	4.2042	1	-1.7604	2	0	1	1	0	1.3806	2	0	4.2989	0	0	2	-0.1175
3.2610	1.2373	-0.8718	-2.7078	-3.0848	2	0	1.6916	1	3	-2.3201	3	0.1892	0	2	0.2669	0.2135	2	2	3	0	3	0	3	0	1.5741	3	0	1	3	0	0.3675	-0.5748	-2.2791	1	2	1.1733	-4.8390	0	0	-0.0544	3	-1.4611	1.1727	-1.1433	0	-4.5448	0	-2.1626	-0.7246	-3.1569	3	-1.8790	2	0.4354	1.3499	0.8816	0.8749	0.1220	1	3	0.7043	1	0.7771	3	1.5215	0	3	2	1.0777	0.6511	1.8413	3.5667	0.2090	-7.1653	0.2956	1.8141	0	3	-1.6249	0.6489	-2.5293	3.9451	2	1.1189	3	2.1183	2	0	1	1	0	-0.3518	3	2	4.6966	3	2	1	1.7142
1.3139	1.9658	1.0472	-1.8799	2.2044	2	0	0.0596	3	3	3.2074	2	-0.0317	2	3	-0.1494	3.0397	1	0	1	1	2	0	1	1	0.5593	0	0	1	1	1	-3.3193	-0.8637	-0.0941	1	2	1.2198	1.6326	1	2	3.5001	3	-0.9186	3.2592	2.7253	2	-1.8081	1	-1.0158	2.3861	-1.1680	0	-2.7159	2	-0.1775	-0.1817	0.8310	2.7377	0.0671	1	0	-1.1307	1	-0.1828	3	-1.5303	0	2	2	1.1896	-5.4560	0.4343	4.2739	-0.0530	-1.1895	-1.5246	0.6284	3	1	-1.9867	1.9796	-3.8771	-0.4701	2	-2.1349	3	-3.3549	3	2	0	2	1	1.0163	3	0	5.3075	1	1	0	1.8445
0.5119	-0.6860	-0.9620	2.2777	-2.0683	2	2	0.3840	2	3	2.3335	0	0.4034	3	3	0.0698	-1.2580	0	1	0	3	2	0	0	3	1.5817	1	3	3	3	3	2.0797	-2.3992	1.3969	1	2	-0.3703	-2.0443	3	0	-0.2511	3	1.1137	0.2241	0.3119	1	0.9230	2	-0.2538	-0.1891	-0.1467	2	-2.6348	0	1.0604	0.8158	0.5147	-0.6283	-0.0257	3	3	-1.1201	0	1.1567	0	2.4965	3	2	2	2.1672	1.8191	-1.5514	3.0858	-0.0135	-1.6015	-1.4428	-2.3445	3	1	1.0978	1.0239	3.6539	2.1179	3	0.2972	1	-2.4044	2	1	0	3	0	-1.9581	3	3	5.3907	2	0	3	-2.5393
2.1560	0.9969	1.3846	-0.1873	2.9613	2	3	0.5588	3	1	-1.8451	3	2.5360	1	2	0.9299	-3.2221	2	3	2	0	3	2	0	0	-0.0813	2	3	2	1	3	4.4509	-0.9165	1.0488	2	3	3.4649	-2.1430	3	0	-2.7446	0	-2.6612	-0.8366	-1.2952	0	-5.4822	0	-0.2875	1.2067	-3.3665	2	-1.4353	2	2.0000	-2.2858	-0.1657	2.0360	1.6971	1	1	-0.8247	1	-2.2969	0	5.8269	0	2	2	0.1537	-4.0761	0.9070	2.1528	-0.7782	-4.1093	1.9270	0.9960	2	3	-4.1907	-1.6822	-3.3970	2.3493	1	1.3247	0	1.4468	2	2	1	1	1	0.3253	2	2	2.2240	2	0	1	0.9881
1.6421	0.3046	1.3654	0.8216	1.9172	1	3	1.0045	2	3	-0.5357	2	-0.6974	1	1	-0.8769	2.3403	3	0	3	2	2	2	3	1	0.1801	0	2	0	2	1	-3.2985	-0.3944	-2.0050	2	0	2.7455	-1.4016	0	2	-0.0851	0	-1.3212	-0.8203	-0.7701	2	-0.5779	0	0.5611	1.8810	-2.1591	0	-2.3975	2	0.7864	-1.0311	0.0000	-0.5336	0.5946	3	1	-3.5476	3	-2.4753	2	0.6780	0	3	3	0.8202	-2.7070	-1.4273	3.2500	-1.5259	-1.7525	0.0341	2.8390	0	0	-0.8671	0.3974	2.4802	0.0529	2	-1.9821	0	2.9108	3	2	3	0	1	-1.9712	1	1	1.5795	3	2	0	-1.6520
2.5657	-0.7022	-0.7886	0.5425	0.9165	2	1	1.6140	2	2	-0.3056	2	-1.0525	2	2	3.0031	3.5698	0	0	2	2	1	3	2	1	0.6703	2	3	1	0	0	-4.9085	-0.5546	2.9643	0	3	0.5632	-5.4622	2	3	-2.0298	3	-2.8763	1.6275	2.1115	0	-2.9514	3	-0.3698	-0.5954	-3.9420	1	-2.5542	2	0.3745	0.9684	3.5040	1.4179	-2.5706	1	1	-1.3317	0	1.4150	0	-2.4517	3	0	2	-1.5105	5.7254	0.2171	2.6768	0.7709	-3.8368	-1.4862	-0.3709	2	2	0.2637	0.5204	1.3281	4.0050	3	-0.1429	2	-1.5496	0	2	0	3	0	0.9358	0	0	4.9399	2	1	3	1.1305
0.1910	0.1984	-0.5567	0.1438	1.6424	0	0	0.5052	1	0	-0.4008	0	-0.4852	1	1	0.5024	3.4260	0	0	0	2	2	0	0	1	-1.8730	2	0	2	1	0	-3.1771	0.3788	-0.7883	1	0	1.4254	2.0509	1	1	0.3300	3	-1.5673	-0.9631	1.3688	2	-3.6967	0	2.8436	4.1786	-1.1527	1	-3.0103	3	-1.4501	-1.9009	-0.3913	-0.5524	-0.3784	1	2	-4.2634	1	-1.9290	2	-1.2581	2	3	0	1.5150	-5.2955	-3.5717	0.7413	-0.8672	3.4321	-0.2462	4.9763	1	3	0.9965	-0.4139	5.6380	3.4559	2	-1.3269	0	-2.0276	3	2	2	0	1	-2.5194	2	1	-0.8719	0	1	3	1.7233
-1.7061	-1.0219	-0.2445	-1.7454	0.5133	3	1	1.6624	3	1	-2.2258	0	-0.6329	2	2	1.5438	-0.9899	3	1	2	2	0	1	2	2	-0.3070	0	1	0	3	0	0.9630	-0.6374	-1.0812	0	1	0.6865	3.7156	3	3	2.4601	2	-1.8670	2.7132	0.7737	0	-3.6761	0	0.0990	-3.4132	1.3829	1	5.4186	3	1.1839	1.5946	0.5544	0.8233	-0.1257	1	2	1.6795	2	0.6835	2	-4.5785	3	3	3	-1.5511	13.6303	-1.3265	-2.8915	-3.3782	2.7534	-2.0541	-1.2687	1	3	3.8901	-0.8432	3.9186	2.4696	0	0.4291	0	0.1374	1	0	1	0	2	-0.2192	1	1	-0.7631	1	3	3	1.3230
-1.8188	-1.4153	-2.0893	2.3680	1.7056	2	1	1.1407	0	1	-3.1946	1	-0.8215	3	0	0.3217	-0.6558	3	3	2	1	1	1	2	0	-0.5507	2	0	3	0	1	-0.9948	-2.8438	-1.9373	0	1	-2.1721	6.1693	1	0	1.9275	0	-1.5318	0.0386	1.3935	1	-2.7912	0	1.9020	-2.7551	0.4094	3	1.6951	3	1.8992	1.2835	0.8902	-1.2712	-3.2722	1	0	0.7490	3	0.8708	1	1.2957	3	0	1	-0.1596	7.3623	-2.7106	-1.3443	-0.7286	1.4734	-0.5298	-1.9429	1	0	-2.8325	-0.4746	-5.5929	1.4754	0	-1.1711	1	-1.6489	3	1	1	1	3	3.1122	0	0	-1.1639	3	2	2	-2.0456
1.0916	-0.1155	-0.2072	-2.3203	-2.8168	1	0	-0.5252	1	2	1.5247	0	-2.7858	0	2	3.4092	-1.5155	1	0	2	3	3	1	2	0	-1.2240	3	3	0	1	0	2.8901	-0.8549	3.3298	0	1	-0.1935	-3.6606	3	0	-2.9269	3	0.0605	0.1136	-0.7196	0	0.5521	2	-0.2023	5.1450	-2.6435	3	-2.8955	2	-1.1199	0.3180	1.2703	1.4451	-0.0248	1	1	-3.5583	1	-0.1035	0	3.7484	3	0	0	-2.0296	-6.2502	0.8334	-0.5563	-0.7162	-2.6153	-2.8390	3.6407	2	0	3.4912	0.5288	6.1069	1.4298	2	-0.6444	0	-2.1519	0	1	0	3	3	1.2962	0	0	1.8834	2	0	3	0.6890
0.6621	2.4376	-0.4715	0.6662	-3.2559	1	2	-1.0285	3	3	-1.1644	0	1.8168	2	0	-0.1883	-2.1222	2	2	3	1	1	1	0	3	-0.7410	2	2	2	0	0	-0.1164	1.2138	3.2783	0	1	-1.9861	-5.8688	3	0	-3.1167	2	1.5918	0.1162	-3.6048	1	2.3086	1	2.5119	1.1081	-1.0730	3	-2.5428	2	-0.8451	0.9330	2.8611	-0.8656	5.2760	3	1	-2.0322	1	1.3457	0	5.5278	1	0	0	-1.5919	-8.4377	2.0587	-2.8405	1.2424	-5.0551	-1.6141	7.3288	3	0	-0.3326	0.3377	-0.0746	-3.0495	2	-0.7274	1	-3.1548	0	1	2	2	3	-0.8944	3	2	-2.8812	2	1	2	-1.2173
-2.0779	-0.5336	-0.4294	-0.8601	-1.2709	3	0	1.0611	0	1	2.4466	2	-1.5576	0	3	0.0600	1.6327	3	3	2	0	2	2	2	1	-2.9985	3	2	2	2	2	-3.2224	-0.7197	-1.7995	0	0	-0.3857	4.0115	1	3	-1.2005	3	0.0569	-1.0812	-2.4700	3	-0.0926	0	1.4765	2.4216	0.9087	1	0.3500	0	0.2790	0.4847	0.8497	-0.0310	-2.7023	0	2	-2.0678	1	3.2122	3	-2.5496	2	3	2	2.1856	0.5700	2.6575	0.0959	-0.4016	1.0208	-2.3698	4.3011	0	2	-1.4711	0.6845	-0.8867	0.5608	2	2.9466	3	0.1419	2	2	0	2	0	2.8374	0	0	0.3197	3	0	0	1.0826
0.8623	1.1158	-0.5782	0.6396	2.0682	1	3	0.6049	0	1	-1.8997	3	0.7864	0	1	-1.5313	-0.9324	0	2	0	1	3	0	1	0	0.7142	3	1	2	3	1	2.0741	-1.0897	0.6946	3	0	0.0729	-2.4907	2	1	-0.7255	2	-2.4340	-0.6561	-2.1638	3	-3.9844	0	-1.2991	-3.1127	0.7745	1	0.3223	3	-1.2352	-2.8359	0.8849	-1.6482	2.4174	1	3	3.8208	3	-2.7915	3	-0.4076	0	2	3	-0.5422	3.0148	-0.0726	-0.0620	0.7738	-1.4910	-1.6609	-0.6472	3	1	-5.0444	-0.1555	-11.0683	2.0224	0	0.9931	0	-1.9999	2	0	1	2	2	-3.7282	1	1	-1.0909	3	2	3	-1.7023
2.1446	0.0039	-0.0312	-0.3879	-1.7875	1	3	0.0273	3	0	3.1140	2	0.0000	0	2	1.5008	1.4376	2	0	0	0	2	0	2	1	0.5762	2	2	0	2	1	-1.3847	2.0659	-0.2081	3	0	-1.4644	-3.5850	0	1	2.6986	1	3.4451	0.3752	-1.2271	3	4.6615	1	-1.7740	4.3163	-4.9914	1	1.2561	3	-1.2433	-1.1625	1.4544	0.1350	1.6678	3	3	0.7378	1	-2.5720	1	-2.9037	1	2	3	-1.7731	-2.2291	3.1635	2.6766	-1.4367	-3.1517	-2.4669	-0.8150	2	1	1.1587	-1.4805	3.0508	-0.6474	3	1.3798	0	-0.8563	2	2	0	1	0	-0.9717	1	2	4.5411	0	3	3	-0.7538
-0.5560	0.6219	1.1307	-0.6164	-0.4709	0	3	0.5688	1	3	-2.4583	0	-0.0649	1	1	-1.5793	0.7309	2	2	3	2	1	3	3	1	-1.8859	0	2	0	1	2	-3.4928	0.2089	1.4736	3	3	1.0698	0.4713	1	2	-1.5262	1	-0.3014	0.6379	-1.6208	3	-0.6215	2	3.7073	-2.1340	1.1816	3	-7.3289	2	-0.2110	-1.6904	0.0773	1.5407	2.3075	1	1	-3.4221	2	-4.6710	0	5.5484	3	2	1	0.5438	0.5877	-0.2762	-1.5813	0.2512	-0.3299	0.3543	1.8277	3	1	-5.3092	0.3921	-3.3581	-1.0248	2	0.8807	3	-2.8418	2	2	1	3	0	-3.1161	2	3	0.9439	3	1	2	-0.0735
1.1891	1.1934	1.2406	-0.7155	-1.2705	1	0	-0.2876	0	1	-1.8048	0	-2.0754	3	1	0.9060	-0.3750	3	0	0	3	0	3	3	0	0.4822	2	2	3	2	2	4.0912	-0.2044	0.4556	3	3	-0.2824	-1.7691	3	2	1.9864	0	-0.4029	3.2901	-0.2997	1	0.3405	2	0.4637	-1.9233	-2.6962	0	2.0433	2	-3.6946	-1.0690	-2.4990	-0.1643	0.0587	3	2	5.3714	2	-0.7254	3	-2.2558	3	2	0	0.5525	0.8826	-0.4801	1.8584	-1.9108	-4.6304	1.2266	-7.2368	3	2	2.9065	-1.1147	1.8426	-1.6793	3	-0.0453	2	-3.7041	1	1	2	2	0	0.8663	3	0	-0.4947	2	0	0	2.6269
-0.9689	0.6811	0.9592	0.6855	0.3880	2	0	0.6858	2	2	-0.0482	2	2.1746	2	1	-0.8651	3.7294	2	3	0	1	2	1	1	1	1.6996	2	0	2	1	1	-1.5315	-0.0805	0.1821	0	1	-1.0099	-0.0417	0	2	-1.3739	2	-2.5490	1.4817	1.8090	0	-1.5801	0	-0.9650	-0.8610	0.2559	0	4.7101	1	-0.6181	-1.0387	0.3484	1.5641	-2.0987	1	1	2.4782	3	1.8382	0	-10.8698	0	2	2	-0.8262	-0.0318	0.9319	-0.3874	-0.8388	1.1209	-1.9925	-4.4077	3	2	-2.2377	0.4258	-4.0404	0.5064	0	-0.3536	3	0.8432	2	1	1	1	2	-0.4197	3	2	-2.5224	3	3	0	-0.2663
-4.3747	-1.6142	0.4179	-0.4552	-3.4250	2	3	0.7527	0	2	1.0398	3	-3.0634	0	3	-0.0316	0.3236	1	2	3	2	2	3	1	0	-1.3296	1	0	3	0	1	-3.9248	-0.4483	0.6074	1	3	-0.8160	1.1310	1	1	0.3533	3	-1.1438	-0.9853	-1.8716	3	-0.4518	3	2.6797	3.8139	5.8414	3	4.5069	2	0.0162	0.5698	-0.1347	-2.0731	0.3890	2	3	4.4182	2	0.8098	0	-3.5936	2	3	2	-0.0186	-3.9718	4.8984	-4.9116	1.8483	5.7254	-2.6642	-6.9422	1	1	1.1964	-1.2709	3.3868	-1.3542	0	-0.9463	3	3.5571	3	2	3	0	3	2.1479	2	2	-4.8020	2	3	0	0.5232
-1.3317	0.0621	0.5283	1.1085	0.0852	1	2	0.9063	2	2	0.2940	3	1.1194	3	1	-2.2928	1.1691	2	1	0	2	2	2	1	2	0.6474	1	1	1	3	0	0.2844	-2.0150	-2.0850	2	0	-1.3891	-0.1074	2	2	-0.6389	3	-2.5953	-0.4079	1.2343	1	-3.7578	0	-0.2561	-1.7902	0.6616	0	1.3133	2	1.6164	1.9804	0.0875	0.7174	-2.4325	1	3	1.9416	3	3.0931	2	-3.5929	3	3	2	-1.9358	6.1950	1.8712	-1.4816	0.4729	2.7302	-1.1352	-2.2696	0	0	-4.2699	1.5806	-7.1466	-2.6861	3	0.8946	2	-1.5459	2	1	1	1	3	-1.8044	0	3	-0.4702	2	3	0	-0.7160
1.5408	0.6249	1.3831	-0.7811	3.4531	3	3	0.5535	3	2	-0.2321	2	2.2126	1	1	-2.3373	-0.0205	0	2	1	2	2	1	1	2	-1.3504	1	0	1	2	0	4.6676	1.2889	0.5653	0	2	0.2992	-2.2023	3	2	0.0145	1	0.3894	-2.6953	1.4660	0	1.7545	1	1.9129	-1.0696	-1.3734	1	-1.3890	3	-0.4124	-0.8550	-1.3939	-1.6800	-0.9494	3	1	0.2655	3	-1.2240	1	1.7003	2	2	2	1.3953	-3.1332	-1.0616	-0.9944	0.9927	-1.4726	1.3753	1.0599	3	2	0.7858	3.0914	-0.7286	-0.0095	1	0.3850	2	1.3484	2	1	1	1	2	0.6054	1	1	4.0881	2	0	0	0.6302
-0.8759	-0.7499	-1.2942	0.2190	3.7314	1	0	-0.2042	3	3	0.9905	3	0.1695	0	0	-0.1067	-4.4366	2	1	2	3	3	2	2	0	-0.2193	2	2	2	3	2	7.0366	-1.5340	0.3935	1	1	-0.2121	1.5972	3	1	-0.3855	2	1.6686	0.7044	3.8190	1	1.8438	2	-1.5858	2.1488	2.5066	1	2.1510	2	-1.4072	-1.6122	1.3326	-1.0347	-1.6280	0	2	1.9906	1	-1.0275	2	4.6809	1	1	2	-0.5390	-1.7165	-4.0649	-0.4675	-1.8165	7.1165	-0.2254	-2.5747	2	3	-1.1842	0.1605	-4.4344	0.6741	0	-0.5145	3	-1.2980	0	0	0	2	2	2.7843	2	0	-1.7182	3	3	0	-0.3966
0.1128	-1.5884	0.6061	-0.2482	-3.8035	2	1	-0.3333	2	3	-1.7507	0	3.1123	1	0	-0.4953	0.4342	2	2	2	3	0	0	1	1	-0.1734	2	2	3	0	1	-1.3864	-1.3521	0.4984	1	2	-1.2958	-0.7363	0	0	0.9684	0	2.0837	-0.6084	-1.5023	1	3.4974	3	0.9066	-0.9029	-1.6840	1	-0.9694	3	2.5069	0.5926	2.0888	-0.4450	-0.9396	0	0	-0.3933	1	1.4267	0	-0.2085	2	2	1	-0.2498	2.2923	0.5198	-0.6416	0.3355	-1.1653	-2.8432	2.1249	2	1	-0.4188	0.0857	-1.5348	-1.8454	2	2.3040	1	-0.2416	1	3	1	3	3	0.7631	2	0	-3.1592	3	2	2	2.2588
-2.2490	-2.8404	-0.6668	-0.9745	1.4290	2	1	-1.1354	1	1	1.9558	1	-3.8557	2	2	1.1014	-3.8240	2	2	2	3	3	2	0	0	-2.1868	1	2	0	2	2	4.3262	-0.8366	0.9568	3	2	0.1457	1.5350	3	1	-2.3869	1	3.3867	3.3703	0.2469	0	4.7538	2	2.1544	4.8369	1.6747	1	0.6968	0	0.1091	-0.0415	-0.4529	-2.3109	-2.0893	0	0	-0.0338	0	0.3571	2	2.3179	1	2	2	-0.8609	-5.3024	-3.2217	-3.8206	2.0004	4.6723	-1.0738	-0.6619	2	2	6.1557	1.6053	7.7796	0.3479	2	-4.1119	1	-1.3357	3	2	0	1	2	2.0783	0	1	-5.3210	2	0	3	1.5181
-0.4237	1.2404	0.4020	1.7424	0.2010	0	3	-0.7404	1	2	-2.5708	1	2.7931	1	3	0.7376	-0.1887	1	2	1	0	2	3	0	0	1.3752	2	1	0	2	1	-1.5819	1.1800	-0.1640	3	0	2.2198	-2.0502	0	1	-2.8482	2	0.9989	-3.0323	0.6326	3	1.0385	0	-0.6993	-2.5389	-1.8655	1	0.4708	2	0.0330	-0.4768	-0.8899	2.2814	0.7993	0	3	-0.0502	3	0.7079	2	1.2309	2	2	3	-0.5654	3.2581	-0.0894	2.3412	-1.3852	2.4389	-1.5363	-1.4683	2	2	2.6439	0.7518	1.8542	4.1111	3	0.6234	0	-0.0948	0	2	1	0	0	-1.5113	2	3	4.3258	0	0	2	0.4809
1.0687	-1.1551	-0.7928	0.8479	-2.5962	2	3	-0.5651	1	3	0.1229	3	0.1967	2	3	0.8206	-1.1500	1	0	2	3	1	1	0	2	0.4967	0	0	0	3	2	2.9489	0.7705	2.3935	0	1	0.3800	-7.2163	3	1	1.1767	3	2.9108	1.8941	-1.2962	3	1.3643	1	-0.3688	-0.7244	0.1190	1	-2.4647	2	1.0752	-0.1884	-0.3717	-1.6021	0.2441	2	3	1.2508	3	0.1446	0	1.6285	1	0	0	0.0958	3.2582	7.2174	0.4962	-1.3571	0.8696	-0.4330	-4.4516	3	3	1.5289	0.9530	0.4824	0.8770	0	-0.9756	2	-0.0843	1	1	1	3	0	3.3650	0	2	3.9636	2	2	0	0.5924
0.2500	0.3095	-1.3827	2.5630	-2.0795	2	3	0.5988	0	1	-1.0100	3	-2.5164	1	0	0.0477	-0.1921	3	0	3	2	0	2	1	2	-1.4993	2	0	3	3	2	-0.1207	0.9679	0.1769	2	3	2.2460	-0.4876	0	0	0.6512	1	-0.1603	-1.7724	-1.0719	2	-0.3837	1	1.9591	-2.2496	-0.0844	0	-2.1667	3	1.7593	-2.3661	3.7133	-0.1887	0.4402	3	0	-0.8882	1	-3.0263	1	2.7420	0	3	3	0.9038	1.9762	5.7077	-1.6935	1.0740	-2.7550	-3.2107	2.2745	3	1	5.4516	0.3341	8.1067	2.5834	2	-2.3988	3	-0.1939	3	0	1	0	2	5.3775	2	0	-1.1815	3	1	2	-4.1437
1.6709	0.7795	-2.1702	0.1314	-1.2670	0	3	0.7105	3	1	0.5744	2	1.6069	2	2	0.1425	-0.5914	1	0	1	3	2	0	2	0	-0.0820	0	1	1	0	2	0.8042	0.3643	3.0990	0	0	1.7225	-3.8047	1	1	0.0220	0	0.6293	4.5306	-1.1436	0	0.6925	1	-0.7262	4.3268	-2.1066	2	0.7204	3	2.4061	-0.6209	0.4053	-1.3186	0.2807	3	3	3.5047	1	-1.2437	0	0.4257	3	2	0	-0.5057	-5.3156	0.5262	3.3605	-0.1248	-2.3881	1.0311	-2.6860	3	2	1.3855	2.7377	-4.0457	4.4310	0	-1.8510	0	-4.6827	0	2	0	2	0	0.2991	3	1	6.0455	3	3	3	-1.5721
-1.0227	1.1155	-0.0681	-0.7966	2.5757	1	0	-1.4181	2	2	1.1089	3	-0.3545	2	1	0.1299	3.4621	2	2	0	3	1	0	0	1	0.8712	0	1	2	2	1	-1.4571	0.4579	0.8027	2	3	-0.6375	0.2247	2	1	-1.6532	3	5.0669	3.2158	2.3995	0	7.6942	1	-3.3230	1.4722	0.7501	1	2.4831	3	2.2294	2.9831	0.5324	1.0794	-0.6110	3	3	-0.6912	2	1.7942	0	-7.7501	1	1	3	-0.3095	-4.7131	-3.3596	-0.4396	5.0612	6.5462	-0.3251	2.1852	3	2	-1.0558	-0.5030	-1.0833	-2.8469	2	-0.3935	1	-2.2727	0	1	2	3	2	2.4832	1	0	-3.7223	1	0	1	0.4666
-0.3922	1.2040	0.6945	-3.9600	-0.4512	1	0	0.1603	1	0	-0.7194	0	-0.8429	0	1	0.0668	2.2943	1	3	1	2	1	0	0	3	-2.4885	1	2	0	0	2	1.0822	-1.4488	-2.0233	1	2	-1.1936	2.0804	3	2	-2.3264	1	-0.2657	0.8326	2.7210	0	-1.6335	0	2.1493	-4.9800	1.0515	0	-1.7746	0	-1.2479	0.6289	-0.1186	2.8548	0.5172	1	2	-3.3626	1	-0.1864	2	-1.7217	1	1	3	0.2316	7.5443	-2.8273	-0.7334	1.2144	1.3342	2.2279	4.6061	1	2	2.2749	-2.4689	5.5899	-1.3009	2	-0.2530	0	-1.6235	0	3	1	3	3	-1.8628	0	3	1.3454	2	1	2	2.0582
1.3242	0.6457	0.5653	-2.6628	-0.1354	0	1	-0.4562	1	3	1.7628	3	-3.0559	0	0	-0.0495	1.0023	2	1	0	0	0	0	0	1	-0.4076	2	1	3	0	1	-5.8424	-2.3891	1.0147	2	2	-0.3547	-1.3601	1	3	2.6241	1	1.3997	2.6430	-0.5135	0	0.7580	1	2.1395	2.2020	0.4467	1	-6.6829	3	1.4096	1.7430	-1.3593	-0.8096	2.8753	1	1	-3.7298	3	0.4647	0	5.9243	3	1	3	-0.7878	-5.9923	-1.3584	-2.9972	-2.5478	-2.8052	0.7509	0.9166	2	1	-0.9350	-1.1370	3.4419	-1.4818	2	1.4978	3	0.3066	2	2	0	0	2	0.1328	3	1	1.3600	3	1	1	0.1074
2.0489	0.1351	0.5228	-0.4892	2.7013	0	0	1.5858	1	1	-0.8535	0	1.4838	1	2	-1.3021	-0.6706	0	0	3	1	0	0	1	0	-1.3519	0	1	1	2	0	0.5039	0.2404	3.4656	1	0	0.5975	-4.9602	2	2	0.1031	2	-1.6192	0.5730	1.3298	0	-1.7127	0	2.0592	0.6884	-4.7352	0	-4.6806	3	1.0984	0.7623	1.5509	1.7197	-1.7224	1	1	-4.0102	2	1.7146	0	5.4697	3	3	3	0.5738	0.9369	-6.0082	3.0581	-1.5040	-2.1221	-1.5542	3.2219	3	0	-1.4642	0.1794	-0.1011	-0.1769	1	-0.1093	3	1.2084	0	3	2	3	1	2.0619	1	1	3.2165	1	1	2	-0.5900
0.6093	-1.0804	0.2386	-0.7900	3.3969	3	3	1.6623	3	0	0.9179	0	0.6605	1	3	-0.9077	0.1040	1	2	3	3	1	2	1	3	-0.1625	2	1	3	0	0	-5.5726	0.9705	0.5522	2	0	1.8458	-2.5312	0	3	1.1816	3	-2.7723	-0.7423	1.7404	0	-3.3990	0	1.5032	-0.8449	-0.7018	2	-3.3824	1	0.6910	0.5392	0.9020	0.0292	-1.8732	1	1	-0.2790	3	2.2382	2	2.8094	0	3	0	0.1058	6.2291	-5.5544	-0.8268	-1.0261	-2.0745	-1.1559	1.5698	0	2	-5.0141	0.3652	-9.9100	-1.9913	1	0.0167	1	2.3672	2	2	1	0	2	-0.5726	0	1	-0.5335	0	2	1	-2.0613
0.0861	-0.7707	0.0253	-0.1476	-0.4096	2	0	1.3022	3	2	0.1692	1	-1.1096	1	2	-0.2262	0.5701	3	2	3	3	3	3	2	1	-1.2902	0	1	0	0	3	-0.7102	-2.7161	4.2932	1	1	0.9027	-5.0966	1	3	1.1215	3	-3.1142	-2.7964	2.2671	1	-3.3639	0	1.9102	1.0441	0.5528	2	-2.4197	0	0.0185	-0.8691	-0.4931	-1.4590	-1.7970	1	1	0.0272	3	-1.3182	0	1.1238	2	3	1	-0.7404	-0.8558	-2.2290	-4.7444	2.7158	1.1902	-0.6178	-0.2977	3	1	-0.5350	1.1326	-1.5113	0.6909	3	-1.3404	0	2.9573	3	2	3	3	3	0.8211	2	1	-6.8756	3	1	2	0.2064
-1.3623	-1.6936	1.3974	-0.3291	0.5917	2	3	-2.6715	1	1	2.0604	2	-0.8739	1	1	-0.8576	-0.8105	1	3	1	3	1	2	0	3	-0.5942	2	0	0	3	1	1.7504	0.2454	0.8168	0	2	0.4682	3.1048	3	2	0.1816	1	2.2726	0.6393	1.6777	2	3.2088	2	0.6957	2.5940	3.8283	0	-0.2351	3	0.6776	0.7621	2.0550	-0.9136	-3.6084	0	2	2.3017	3	3.4566	0	1.2800	1	0	2	1.3226	-9.1437	-0.1108	-2.5321	1.2092	2.4604	-2.3471	-3.8551	3	3	0.4320	0.1477	-0.3033	0.5883	0	-1.6692	0	1.7255	3	2	3	3	2	0.3597	0	2	-4.2445	3	3	0	2.3761
-0.6920	0.4865	-0.5011	0.4123	2.1159	0	2	-0.0677	3	1	-3.7616	1	-0.9805	2	2	2.7895	-2.5327	3	3	1	0	1	1	2	3	-2.0096	1	2	3	3	2	2.0384	1.6386	0.2422	0	1	-0.3835	2.8779	3	2	-0.2692	1	0.2265	2.3434	3.6451	3	1.6151	1	0.3702	-5.3225	0.4047	3	0.7529	3	-3.5071	2.9199	0.0237	1.8430	-0.7491	0	2	-0.2185	0	1.6873	3	3.8108	3	0	0	-1.2321	9.3638	-6.1502	-1.9216	0.3494	2.8991	-1.7176	-1.4193	2	0	3.4005	-0.4313	3.6474	1.4758	0	-1.3421	2	-0.7579	3	3	1	2	3	-1.0323	0	1	-0.0153	2	3	0	-1.3268
-2.3624	-0.3698	0.8436	-1.9238	-0.8150	2	1	-1.7073	1	0	1.0051	2	0.0363	3	2	1.2304	3.3165	0	3	0	3	1	1	2	1	1.9987	2	1	0	1	0	-5.6093	-0.1159	0.3736	2	3	-0.6605	4.8404	1	2	-0.3434	1	1.4568	-2.0253	-1.9597	0	1.5682	2	-2.5152	2.5058	2.2290	2	3.1906	0	-1.9649	-1.9831	-0.4209	0.3614	0.9332	0	2	4.0705	0	-2.6129	0	-7.8362	2	2	2	1.8447	-7.3087	2.1419	0.4377	-1.0730	-1.0636	0.8658	-5.0423	1	0	-0.0248	-0.8476	-1.9587	-3.8649	0	0.1042	0	3.1746	3	2	3	3	0	0.7329	3	0	-2.2610	0	3	2	0.7753
1.7035	-0.2306	0.4090	-1.2917	2.2356	3	1	-0.2135	2	1	1.2861	0	-1.1861	1	0	0.5191	-2.3102	1	0	0	2	1	3	2	0	2.2498	2	3	2	3	2	3.5647	1.4679	-1.6145	3	0	2.2419	-3.6466	3	2	0.9610	3	-0.1200	-1.3595	-0.6107	0	1.0852	3	-2.8699	3.4509	-4.1730	3	1.6175	2	-2.5741	0.1959	2.3256	-1.4171	0.3718	3	1	0.6312	1	0.3654	2	1.2418	2	2	1	-0.9700	-2.0709	-5.9623	1.7777	-2.2640	-2.0595	-2.1515	0.7314	1	0	1.0039	-0.6657	2.5551	2.2011	3	-2.1385	0	0.5844	0	2	0	3	2	-4.8743	2	1	4.9513	1	3	0	2.3423
-1.9837	1.3977	0.8765	-0.9601	-1.1927	3	1	-0.7929	3	2	1.0554	3	-2.0500	1	2	0.0836	-0.5150	3	1	2	3	3	2	1	3	-3.1636	2	1	2	0	2	-0.2254	2.0793	-0.9876	0	2	-0.6099	-3.5460	0	1	-0.9257	0	0.2152	1.0465	-1.3111	0	-0.2928	1	4.0730	0.7309	1.8824	0	0.3734	1	-0.9134	2.0170	-3.9265	0.2234	3.0600	2	3	2.8430	3	4.3972	3	-1.6560	1	0	2	-2.3086	0.2388	3.2403	-8.8821	1.8513	0.7055	5.9754	-3.8969	0	3	0.9646	0.6073	1.5121	-0.0307	0	-1.2713	3	-1.5006	0	2	2	2	2	2.3350	1	0	-10.7394	0	3	1	1.7829
-1.1953	0.7587	0.7618	-2.2367	0.5718	3	3	-0.2453	3	3	1.8041	1	-1.1825	2	1	-2.3179	1.6378	0	1	1	1	1	2	1	1	1.8263	3	3	2	2	2	-1.9636	-0.5535	3.1317	3	2	3.2952	1.1250	2	1	0.3281	1	-0.0181	1.4213	-2.5300	2	1.3991	1	-0.1586	2.7444	2.5262	1	0.8678	1	-0.5032	-0.6142	-0.7662	-0.1064	2.8774	0	1	3.1166	2	-1.5006	0	-3.3886	1	2	1	3.3530	-8.9875	-0.9188	3.1709	1.4409	2.3226	-1.7212	-4.2940	3	1	0.6929	1.0599	0.0627	3.4677	0	-1.5809	3	-2.6774	3	2	0	3	0	-1.5522	0	3	1.2952	2	0	1	1.1350
0.4149	1.4787	-0.4777	-1.0431	-3.0968	0	2	-0.3604	2	3	-0.0219	0	0.4465	0	2	0.4605	2.1876	2	1	1	1	3	1	2	1	1.3015	1	3	0	0	1	-0.4903	1.9354	1.9970	0	0	-1.3261	-1.2615	0	0	2.4881	0	-0.7481	-2.6985	-1.5878	2	-1.8280	2	-2.1362	0.6485	0.0970	3	3.0776	3	-1.0235	-1.2854	2.2566	1.2962	4.2432	1	1	2.5929	1	2.1645	0	-5.5706	2	1	0	-0.6608	-3.0219	2.8755	-0.1839	-3.6604	-3.3513	-3.9879	-1.0325	3	3	0.6163	-0.9046	-0.9983	0.2833	3	0.9319	1	-1.1172	2	1	3	3	0	0.1714	0	2	2.2197	0	0	2	1.3605
-1.3043	1.3387	0.1953	-0.6952	1.7363	2	1	0.0098	0	2	-2.5363	1	-1.7301	3	0	-1.3401	-0.4920	3	3	3	2	1	0	0	1	0.7460	2	1	2	1	2	-1.3102	-1.5018	-1.6634	1	2	-1.1312	7.1150	1	3	2.8797	3	-1.1885	-2.6858	1.2099	0	-2.1971	0	-1.8762	-5.4048	0.7921	2	4.8458	0	-2.0183	1.1522	0.5711	2.3869	1.9605	2	0	3.9340	3	1.8104	1	-4.5488	1	0	1	0.8121	5.6524	-5.9086	2.5043	-3.7061	3.0193	-1.1201	-4.6840	1	3	-4.0993	-1.5446	-6.3981	-3.7049	0	2.2083	3	0.9628	1	3	1	3	0	0.1383	0	1	-0.4980	0	0	1	2.8529


