
X1	X2	X3	X4	X5	X6	X7	X8	X9	X10	X11	X12	X13	X14	X15	X16	X17	X18	X19	X20	X21	X22	X23	X24	X25	X26	X27	X28	X29	X30	X31	X32	X33	X34	X35	X36	X37	X38	X39	X40	X41	X42	X43	X44	X45	X46	X47	X48	X49	X50	X51	X52	X53	X54	X55	X56	X57	X58	X59	X60	X61	X62	X63	X64	X65	X66	X67	X68	X69	X70	X71	X72	X73	X74	X75	X76	X77	X78	X79	X80	X81	X82	X83	X84	X85	X86	X87	X88	X89	X90	X91	X92	X93	X94	X95	X96	X97	X98	X99	X100
-0.6795	-0.9662	-1.8408	-2.0263	-0.2365	0	0	-0.7609	1	2	-1.0166	0	0.6108	2	3	-0.8302	1.2807	2	2	3	2	1	2	0	1	-0.0900	1	3	0	3	3	1.0292	-0.2064	-2.7797	3	3	0.6579	5.9887	0	2	0.9851	2	3.0049	3.1825	3.2233	0	1.9273	2	-3.1011	0.8962	-1.4962	0	5.2638	1	1.4736	-0.0311	-1.1744	-2.6379	1.5794	0	1	5.7905	1	1.1891	3	-6.5051	2	1	1	-2.5215	-3.0289	2.3410	-3.8086	2.8580	-3.8591	1.8684	-5.5370	3	0	-0.4559	1.2077	3.6913	2.6997	3	-3.2066	1	4.6168	3	3	0	0	0	2.0331	2	1	1.8584	0	2	2	2.7918
1.4913	2.9414	1.3681	1.2228	0.1300	1	2	1.5525	3	2	1.3415	1	-0.0592	1	0	-2.2740	4.2233	0	3	0	3	2	3	2	1	0.7094	0	3	2	0	1	-1.5875	-0.6872	1.8102	0	3	1.8249	-3.3872	2	0	-0.4839	0	-0.5775	1.3425	-0.4768	1	0.1379	2	1.5430	-0.9618	2.1792	0	0.0464	2	1.0958	-2.2170	-0.5598	5.2009	4.3185	1	2	-0.2985	0	1.9717	1	-3.2024	0	0	0	-4.1388	5.6439	-1.1028	5.8043	-1.4962	1.1518	0.2283	-1.2437	3	3	-3.7576	0.5801	-4.6863	0.4415	1	-1.1935	3	1.6830	3	3	1	3	3	-1.8081	3	0	-3.6173	1	1	2	-5.7029
-1.4774	-1.6936	3.6453	-1.6023	1.5289	3	0	-0.0104	0	0	0.2195	0	0.5824	1	0	-1.8865	-0.8083	3	0	3	1	2	2	2	0	2.0161	3	0	1	2	3	0.9833	0.7497	0.9259	1	0	0.8506	1.2968	0	1	0.2547	0	2.6951	1.5350	4.0517	1	1.4653	0	1.2748	-3.0018	-2.5625	1	-2.6400	3	1.6741	-0.8133	2.0681	-1.8977	2.2627	1	0	-2.3940	2	-0.1100	1	3.7586	3	2	3	0.5343	-2.5677	5.5531	-0.4320	1.8621	-2.5709	-2.8159	1.6184	0	1	0.4701	-2.7187	4.3403	-3.9884	3	-0.4387	2	-5.5753	3	1	3	1	1	-0.9468	1	2	2.3907	0	3	2	-0.8631
1.3162	2.4251	1.1577	-0.1961	-2.7814	2	1	-0.3436	0	1	-0.5120	3	1.5202	1	3	0.9449	0.2601	3	3	3	0	0	0	3	2	-1.6969	2	3	3	0	0	-0.5928	4.1621	-0.0582	2	3	-0.3124	0.5049	1	1	-0.0422	3	3.2732	1.2110	-4.5384	2	3.0293	0	-1.9892	0.7869	1.0022	1	2.6800	0	0.7980	-2.7897	1.9644	4.7973	-4.6253	0	1	2.8311	1	2.7960	3	-3.6450	0	2	1	-0.5079	1.4980	-6.5307	-2.2096	-0.3521	4.9324	-2.8789	-3.9383	3	2	0.1253	0.6509	1.4507	-0.7579	0	-1.4696	1	4.5316	3	3	0	3	3	5.9304	3	3	-0.6619	2	2	1	1.6592
-0.7568	-0.1697	0.9896	2.7099	2.7013	3	3	2.6225	3	0	0.3223	2	-0.4992	2	3	-0.0444	1.2641	3	1	0	1	3	1	0	1	-2.2887	2	2	0	0	1	-1.1668	-1.3847	-0.7637	2	0	0.9615	0.6945	1	3	-0.6220	2	-3.9170	-0.0750	2.3530	2	-4.0349	3	-2.1142	-3.3391	-1.7854	1	0.1280	2	-0.2131	1.1197	-2.2804	-0.9320	3.9680	2	1	0.3059	2	0.2531	3	-1.1884	1	0	2	0.8152	5.1596	3.5760	-3.0352	0.2805	-2.2105	-1.9358	-1.0893	3	0	0.2263	0.1102	1.7169	2.2987	3	-0.9063	3	-0.1364	3	2	3	3	0	-0.0983	3	1	4.4651	1	1	2	-1.0962
0.2602	-1.0299	-0.1360	-2.1382	-0.5533	2	1	-0.4894	1	3	0.0487	1	0.1188	0	2	-1.3344	0.6431	2	0	3	3	3	1	2	2	-0.2087	0	1	2	3	0	0.7153	-1.6915	2.4561	0	2	0.3035	-2.5478	0	3	1.1423	2	2.7959	-1.6591	-1.2613	1	2.8601	2	0.3636	-1.2719	1.2141	0	0.9524	0	-1.1310	0.9107	0.1553	-0.7362	-4.3040	0	2	0.6394	3	-1.5122	2	0.2901	0	1	1	-1.1110	-0.3742	-2.3209	2.5162	-1.1142	1.8102	-1.8557	-1.8859	3	2	-0.6703	3.4916	-6.2376	1.4110	0	2.6933	1	-2.2818	1	2	3	1	1	0.7335	0	3	-5.0821	2	2	2	3.3938
-0.6653	-3.7536	-2.2193	-0.6080	1.7144	3	2	-1.8719	2	0	-0.1736	0	0.4198	1	0	-0.6876	-0.7501	2	1	2	1	3	0	0	3	-0.1001	1	0	2	3	3	-1.6414	0.1788	-0.7567	3	3	-2.7339	0.6700	1	0	2.4070	3	0.9853	-0.2797	3.0092	0	-0.9823	1	-2.7634	-0.7535	-2.6255	2	2.1352	1	1.8054	0.2381	0.7324	-4.1942	1.6630	1	1	2.7223	0	0.0525	2	-4.7406	0	2	3	-0.5640	-4.0725	7.7551	-6.0599	1.2190	-1.4869	0.2023	-6.9314	1	3	-1.6654	1.3672	0.7797	-0.9619	0	2.2274	1	-5.5372	1	0	3	2	0	-0.6698	1	1	4.2729	0	2	1	-0.1386
3.3275	2.5199	-1.4962	4.5680	-1.3833	1	1	-1.3709	0	0	2.1645	3	-0.0331	1	1	1.9781	-0.5040	3	3	0	0	2	0	3	2	1.5327	3	0	3	3	0	0.8193	-0.4807	-1.5248	3	1	-0.5988	0.8694	0	2	1.1043	1	1.6025	2.1468	0.4985	2	0.5907	0	2.7708	1.9086	3.2143	0	-0.9125	3	1.3978	2.1667	2.5434	4.6617	5.2272	2	0	-0.6138	2	-2.6603	2	-0.0500	3	1	1	-1.0019	-1.4717	-1.3382	3.8313	1.6167	-2.3408	-1.4691	1.3719	3	3	3.4968	1.1240	2.5013	1.4346	1	-0.0725	3	4.4211	2	0	1	3	3	-0.3937	0	3	0.5830	2	3	3	-4.2387
-3.3247	0.6442	0.5838	0.6521	-2.2436	1	0	0.8172	2	2	-0.1353	2	0.5158	0	0	-1.6810	1.4913	3	2	0	1	3	0	2	1	1.6104	2	1	0	2	1	-0.3003	1.4378	2.4919	0	0	-1.7722	0.9655	3	0	1.4956	3	-1.9820	0.3711	-5.5971	2	-1.8254	3	-1.1356	-3.5168	-4.5201	0	0.5266	0	-0.1554	2.3872	0.6864	-1.0825	-6.6721	3	0	3.1327	0	-4.2249	0	-0.4706	2	0	1	-1.2411	5.2072	-8.7989	-1.7494	-0.0335	10.0955	-0.9753	-3.6072	2	1	-2.3978	-1.1752	1.3916	-1.7017	0	-0.2349	3	0.2253	3	1	3	0	0	-1.2655	2	3	-0.4396	1	2	0	-2.0680
-0.8282	-1.7086	-0.3937	1.5027	1.4656	3	2	0.8676	3	3	-1.0052	3	-2.7184	2	1	-2.8890	-0.2328	3	2	2	3	1	3	2	2	1.1822	2	2	1	0	0	0.2117	-1.0500	-1.0524	0	2	0.2478	1.0986	1	3	1.1437	2	1.5598	-1.3267	1.6310	2	1.6547	3	-3.4472	1.4553	0.5072	3	2.2946	0	-1.4982	3.7920	-1.3904	-2.3662	0.4746	1	0	1.1515	2	-1.9124	3	-1.7675	1	1	0	-1.5106	1.6509	4.0713	-3.5156	1.4734	-2.7261	-0.2113	-0.3164	3	0	-1.9811	1.4408	-3.6553	0.9768	1	0.3946	0	-3.7654	1	1	1	1	2	0.1842	2	1	-1.2109	2	2	1	0.6520
0.1612	0.0477	0.4449	1.7355	-0.8499	2	2	-0.5376	3	3	-0.8295	0	0.2770	2	1	-0.0555	0.5104	2	2	2	1	1	1	3	0	0.2897	2	2	2	0	2	5.6947	0.0518	0.1751	2	0	-0.0672	0.3818	0	1	1.2392	2	-1.3735	0.5784	-2.2090	2	-2.3970	2	-0.3016	0.9834	0.2318	3	0.5427	0	1.2718	-0.6904	5.2999	-2.4748	-1.4185	0	2	0.7152	2	-1.0091	0	-2.3290	1	0	2	1.0288	-4.6464	-4.1472	-1.9403	-0.4657	2.0306	-5.3072	0.4311	2	2	-1.2200	-0.6314	0.3151	1.2298	1	0.1972	1	-1.9976	0	1	1	1	1	-1.1068	3	2	4.7806	1	0	1	-2.0970
2.6746	-0.5211	-1.5833	0.5184	-1.9823	3	2	-0.3136	0	1	1.6951	1	-1.0747	0	2	-1.6733	1.0598	1	3	3	1	2	3	0	2	0.4761	0	2	0	3	1	-2.9237	1.5381	-0.3293	1	2	-2.6183	-3.3791	1	3	1.5741	2	-0.9412	0.8180	-3.4953	3	1.6427	0	-0.8758	2.6143	4.7623	3	2.4620	1	-1.8436	2.7324	-0.2367	-0.3928	-5.1114	2	2	4.9234	1	-1.0154	3	-2.5299	1	1	1	1.8788	-2.3825	-6.9774	0.9466	2.7354	4.0856	0.9833	-5.1232	0	3	-1.5443	-1.7952	3.7737	0.5874	2	3.1076	3	1.6952	1	3	1	3	3	1.7910	0	3	-5.2113	2	2	2	-3.4148
0.0952	2.4642	1.7791	0.5990	2.3239	1	0	0.5091	1	0	-0.0487	3	-0.9108	3	2	-0.4021	1.8522	2	2	0	2	2	3	2	2	3.7066	3	2	0	0	1	-0.9432	-0.3687	1.3216	1	2	1.3560	-1.1161	3	0	-0.4329	0	-0.1227	1.4506	5.8255	1	0.8890	0	4.1570	3.3509	-1.1631	3	-5.5071	0	-0.1307	0.0248	-0.4297	2.6692	9.4667	0	0	-5.7131	0	1.0982	0	5.0372	2	1	2	0.8569	-0.5400	10.1999	4.2349	0.8435	-6.0353	1.2512	6.7676	2	1	-2.1110	-0.4364	-8.1261	-1.9740	3	-3.0297	2	4.7944	3	3	0	0	2	-0.0711	3	1	-1.6312	1	1	1	0.0922
0.8709	2.6189	0.4171	-0.5495	2.3472	1	3	-2.7870	0	0	-1.0535	1	-0.4273	3	3	4.1938	-0.8178	2	0	0	3	1	2	1	3	0.8147	0	3	2	1	0	-0.9017	0.0080	-2.2102	1	1	-1.2582	-0.5781	1	1	1.2119	3	3.7996	1.1616	1.0871	0	2.0942	0	5.4892	5.1561	3.2070	3	-4.5405	2	-1.6829	1.5317	0.1603	1.6473	5.2577	2	1	-3.1255	2	-1.2081	3	8.1013	2	1	0	-0.3963	-10.1549	4.1632	8.9927	3.4185	-4.2903	-0.5932	3.6388	3	1	5.1428	0.0634	-0.7821	-3.8825	1	-3.9522	1	2.1551	3	3	1	0	2	2.1488	2	3	-2.3323	3	1	2	-2.1497
3.1949	1.3743	-1.7395	0.5586	1.6954	2	0	-1.5214	2	3	-1.2765	3	-0.5158	3	3	1.9061	-0.2337	3	1	1	0	2	2	3	2	1.6823	3	3	1	1	0	-0.2785	2.8666	-1.2304	1	1	0.7444	-1.8959	2	3	0.7326	2	1.7622	2.1661	3.6313	2	0.8458	0	6.0614	-0.3391	2.3495	0	-5.4472	1	0.5919	0.7113	0.1971	2.1796	6.0732	0	2	-6.0613	0	-0.5598	2	6.8132	0	1	1	0.4772	2.2009	7.6245	9.3372	3.0271	-9.1943	1.5341	7.9568	1	1	1.4808	-0.9804	-2.7080	1.9650	1	-1.9239	0	4.1104	3	3	0	0	2	1.8042	0	2	-0.5829	3	3	2	1.1490
-0.2676	-0.8544	2.6354	0.6947	-1.0590	3	3	0.4005	3	2	-0.0172	2	-0.7557	2	0	0.2598	0.8789	0	2	2	2	1	0	3	1	-0.0733	1	0	0	0	0	1.9473	1.4844	0.9279	2	3	-0.9875	-1.1768	0	1	-1.3317	0	-0.9287	-2.3365	-1.3129	1	-2.1475	2	-2.2961	-1.0951	0.1851	3	0.4571	2	-1.6815	-1.3398	0.7046	-1.9965	-2.3866	3	0	1.1755	0	-0.5932	1	0.3772	3	3	3	-0.7556	0.8120	-3.2960	-3.1876	-0.5333	-0.0125	-1.2574	1.0785	2	3	0.1565	0.8145	1.1141	-1.1572	1	-0.6079	3	-8.0565	3	1	3	1	0	-6.1817	1	2	4.7448	3	0	1	-2.4662
-1.8712	-2.2573	-0.5663	-0.4525	-2.2862	3	2	0.0906	0	2	0.9716	0	0.7505	0	2	-1.4708	1.6547	2	2	1	2	0	2	2	1	-2.3293	1	3	0	1	0	0.8826	0.0203	2.0319	3	0	-1.4977	-2.5646	1	3	-0.1326	2	-3.2987	-0.6917	-1.2761	1	-2.0194	1	-4.3515	-2.7086	-2.5843	1	2.4521	1	-1.6859	0.9457	-0.4743	-3.6068	-2.7966	3	0	3.2950	2	-0.5895	0	-2.7546	1	0	3	-2.4507	4.0989	-3.2491	-5.0297	0.9833	4.0539	-0.1900	-3.0288	3	2	-1.6914	0.0949	2.6397	-0.4791	0	0.8560	1	-3.9941	3	1	3	1	0	-0.8154	2	2	0.8685	3	2	3	0.0785
-1.6301	-0.1625	1.5239	-0.7828	-0.4352	3	0	-1.0424	1	1	-0.7310	3	-0.5353	3	1	0.1514	0.0901	0	0	0	2	0	1	1	3	0.7680	3	3	2	1	3	1.4036	0.9374	-0.9275	3	3	-0.6994	0.3032	0	1	1.1090	0	0.0697	1.0224	0.8069	0	1.4939	2	-2.1865	0.4289	-2.5928	1	-0.4104	0	-1.2471	-1.4088	-1.3906	-3.4932	2.0695	3	0	0.5728	1	1.4124	3	-0.3620	3	3	1	-2.7753	-2.1440	2.3584	-3.2084	3.7701	0.4412	-0.4605	0.3014	3	1	0.4573	1.0900	-2.6078	-1.7186	3	-1.4047	0	-4.1127	3	0	3	1	2	-1.3177	3	2	5.6069	3	1	2	-0.5012
0.3780	-1.1601	-4.4446	2.1530	0.2721	3	3	1.5183	0	0	1.1946	2	-0.7664	3	2	-0.9982	2.4715	3	0	2	3	3	2	2	1	-0.1460	1	3	3	3	3	-3.2442	-0.1266	-4.8705	2	1	0.2122	7.0145	1	3	0.7230	2	-1.3083	-0.9208	-1.5014	3	-2.3617	1	-2.2710	-4.4752	-0.2736	1	3.8071	1	-0.4805	-0.0624	2.6892	-1.1276	-1.8665	2	0	6.7311	3	-0.3349	3	-5.4008	2	3	1	1.0635	5.2198	-0.8560	-3.2791	-0.2028	3.3795	-1.4567	-7.5225	1	3	-1.2105	3.0384	1.6412	6.8949	2	0.4929	1	3.2056	0	3	2	3	0	-1.4026	0	2	-0.9410	2	2	2	-4.2677
-0.7009	-4.3749	-0.6662	1.0344	-1.0842	3	0	-0.5664	3	1	-0.8507	1	-1.9328	3	1	-2.6951	1.0172	1	2	2	2	1	2	2	2	-1.2009	2	2	0	1	2	2.1008	-0.1271	0.1522	0	2	-0.1314	0.2562	0	0	1.2352	1	1.0458	2.0806	0.6108	2	0.1219	2	-3.3532	2.2091	1.0641	1	3.2339	1	0.7841	0.1416	1.1309	-5.7957	-5.9094	1	0	3.7905	0	0.6737	0	-7.1854	3	2	0	-0.0233	-4.6588	-0.8450	-4.9855	1.0012	-0.3763	1.2433	-6.7738	2	0	-3.9646	0.0060	-0.4586	-1.8633	2	-3.1978	0	-6.4440	3	0	1	1	0	-2.6113	1	2	0.2638	3	2	3	1.9387
-0.6104	-1.0467	0.3637	0.9130	-4.1207	3	1	-1.8118	3	0	0.7014	2	-0.6600	3	0	0.1691	-0.5768	2	3	2	2	2	1	3	3	0.3868	1	1	1	2	3	5.5751	-4.3450	2.1581	3	2	2.8778	-3.3137	0	0	-0.6078	1	-0.6843	0.4566	-4.6444	1	-1.1151	0	-1.5502	0.4432	-0.7837	3	0.7870	1	-0.5235	-0.5933	-1.2624	-2.9143	-6.4263	1	0	1.6692	3	0.4108	1	2.2927	2	2	2	-0.8374	-4.1144	-10.4328	-1.8355	1.1092	7.4064	-2.0240	-2.2388	2	1	2.2161	1.1007	2.9879	-0.2444	0	-2.1836	3	-1.9926	3	1	3	1	0	-0.0454	1	3	1.3717	3	1	2	-0.7930
0.2375	4.4300	0.1003	-1.5826	0.7308	1	2	-1.3325	0	1	0.5387	1	-0.0443	0	1	0.8433	0.1096	3	1	0	0	0	2	1	3	1.0243	1	3	1	0	3	-1.5655	-1.2957	-1.5621	3	2	-2.7794	2.2455	1	0	0.5851	3	2.9311	-1.7993	1.3614	0	2.3705	0	3.2097	-0.4122	0.9385	0	-4.4738	2	1.5536	0.9139	-1.7966	5.3314	7.1093	0	1	-5.5662	1	-0.2369	3	3.8704	3	1	1	0.6758	3.2414	1.6897	3.2713	0.7520	-0.1119	2.8267	6.9302	1	1	-0.4565	1.1954	-8.1054	-2.9082	1	-0.1407	2	3.2797	0	0	0	3	2	3.0811	1	3	6.3365	3	3	2	-2.4816
-1.0408	-1.3523	0.4790	1.5250	3.8821	3	2	1.7681	2	2	-0.8119	3	-0.7372	0	3	2.1222	3.9312	1	0	1	1	0	2	3	1	-3.5086	2	1	1	0	0	-0.9456	-1.2270	0.2851	1	0	0.0477	-0.7399	2	1	-0.6010	0	-1.3378	0.1030	5.1634	2	-2.5029	3	-1.1611	2.4612	-0.3208	1	-0.4446	3	-2.7635	-3.3376	1.3642	-1.2850	3.8209	3	2	-3.6403	2	2.0697	0	-3.1866	2	0	1	0.7360	-4.5763	11.5640	-1.3712	-1.8323	-5.5235	-0.7699	2.2784	0	0	1.2812	-1.6605	-5.9488	-3.1739	3	3.3337	0	-2.5268	1	3	1	2	1	-2.5319	3	1	-2.7556	0	0	3	-2.7504
1.2311	-1.2963	0.0262	0.6569	-3.1424	3	3	-0.1355	2	1	0.4014	3	0.4666	3	1	0.8656	-1.7916	1	3	2	2	2	3	2	0	-0.1450	1	0	3	3	3	5.2571	-0.8196	-1.7077	0	3	-1.6899	2.8401	0	3	-0.3641	1	-0.0089	3.1412	-3.9980	3	0.0691	2	3.3889	1.4039	1.9109	0	-1.0056	1	-3.5524	-0.0271	-4.2223	-1.0813	-5.6229	2	0	0.7218	2	1.0091	0	2.4763	2	0	0	1.0778	-2.4487	-8.2950	5.5778	0.1839	5.5160	3.8279	2.0827	1	2	-0.0560	-1.1963	2.7479	-0.5590	1	-1.1972	0	0.9428	2	0	3	1	3	-0.3124	1	3	-3.0183	2	2	3	-1.3948
1.1762	-0.0699	-1.7772	-0.4819	-0.2489	0	2	-0.8097	2	1	-0.1757	1	1.0507	1	2	2.2961	2.1534	2	3	1	0	1	2	3	1	0.8377	2	0	2	3	0	-3.5324	-0.0426	0.4000	1	1	0.2896	-2.1909	1	2	-1.3391	1	-1.4290	0.0458	2.0273	3	-0.6485	0	3.9584	-2.4575	2.3326	0	-5.3363	1	0.0053	-0.2052	2.4831	-0.3758	2.0264	2	2	-5.0939	3	-0.5525	2	3.7375	1	2	0	-0.6515	-0.6098	2.1476	7.2173	-3.3270	-3.1213	-4.5133	4.8093	3	3	4.1683	-1.2967	1.8853	1.3929	1	2.6891	0	2.1290	0	3	2	3	3	-1.0019	2	1	-4.6775	0	3	2	1.8238
-0.8542	1.4709	-0.6720	-2.1087	-0.2320	1	1	-0.4309	2	0	-1.0256	2	-1.0098	2	1	0.9307	0.4663	0	1	0	0	1	0	3	3	-2.0576	3	1	2	2	2	-0.5113	-1.1172	-2.0959	1	3	1.2063	4.1960	3	3	0.2825	0	1.0605	-2.0162	1.0839	0	0.1915	1	-1.5175	-1.0851	-3.0828	3	0.2878	1	-1.8153	-1.3315	1.6873	3.1653	5.2705	3	1	-1.4650	3	1.6001	3	-0.5542	3	2	2	1.4037	0.5832	-0.9679	-4.6093	-2.9164	0.0455	0.1446	2.1831	1	1	1.3398	2.2734	-1.4560	0.1837	3	-0.0237	0	-0.2131	0	1	0	2	0	-0.8625	3	0	1.8592	1	1	0	-0.0045
2.0790	-1.0993	1.9034	1.2625	-0.1951	3	0	-0.4626	2	0	-0.0779	2	0.9030	1	3	-0.5026	-0.2293	3	1	1	0	3	1	2	1	-2.1884	3	0	3	0	2	3.6263	-1.1766	1.1219	2	1	-1.5520	-2.3202	0	1	-0.2575	3	-0.0035	-0.9861	-0.2028	2	0.5735	1	-1.4948	0.5592	1.6283	2	3.9325	2	0.8302	3.5528	-1.9036	-0.8438	0.0473	1	0	3.3597	3	-3.8417	1	-5.6699	3	1	2	-0.3415	0.7331	-2.1144	-0.7725	2.9934	-3.7984	2.0894	-5.0231	2	0	0.1162	-1.9011	6.8051	-2.2643	2	-0.2939	0	-5.3261	1	1	1	1	0	1.3845	2	3	-3.7850	3	2	1	0.5676
-0.9468	1.4722	1.4173	1.0106	3.1695	2	0	-1.1091	2	0	0.4303	3	3.4136	2	3	-1.3600	-1.1739	3	0	0	3	2	1	2	0	0.5736	3	2	0	0	0	1.3968	-0.2045	1.6340	1	0	-0.5009	-1.1724	0	1	-1.0198	0	0.2348	-2.7337	3.0786	2	-1.5593	0	-2.6065	-1.9254	-0.9205	1	1.8721	0	1.4379	1.2432	-0.8299	1.9921	4.5888	0	0	3.5606	1	0.4251	1	-4.8715	0	1	1	-1.9176	3.7175	8.1628	-1.5567	-0.6543	-2.6237	2.0446	-7.1579	2	1	-1.0896	1.4867	-0.8558	-2.0507	2	2.6245	3	-0.3343	1	2	2	1	1	0.0034	0	1	-4.2332	1	2	1	-0.9783
-1.0288	3.2802	0.4182	-1.6387	0.3070	2	3	0.2561	1	0	1.7140	1	-1.1340	3	2	-2.0323	2.2808	0	0	0	1	0	3	2	3	-2.0515	3	1	0	2	2	-4.0667	0.7869	-0.4118	0	0	2.6141	2.6328	1	3	-0.2628	1	-3.6306	0.9054	-0.4055	3	-3.2032	0	-5.4328	-3.3396	-2.1234	0	4.2908	3	-0.0812	-1.1094	-0.6096	3.3155	2.7300	2	1	4.3103	0	-0.0092	0	-6.9000	1	0	0	0.8230	5.2985	0.1765	-9.2318	-2.0888	2.6916	2.9350	-4.4549	1	2	-3.6184	0.1032	-0.7432	0.0715	3	-4.0639	1	8.2337	3	3	0	3	0	-0.2709	2	0	5.0701	2	2	1	3.6186
-1.1777	1.0252	0.2374	0.9342	-2.0327	0	2	-1.9529	1	1	-0.2833	3	0.5162	3	2	-0.1652	-0.6216	3	3	0	2	2	0	2	3	1.0813	2	1	3	2	3	-3.1560	0.9373	-1.3293	0	0	2.7261	3.4692	1	0	0.7439	3	-1.3871	2.2906	-4.8341	3	-1.4416	1	0.6093	1.4683	1.1576	0	-1.8013	1	2.8980	2.8824	-0.2278	0.4777	-4.6831	3	1	-2.1647	1	-3.3214	2	2.7502	1	1	1	1.8532	-3.5906	-8.2172	1.5363	-0.3154	8.5498	-1.6981	3.7873	1	0	-0.8969	-2.7133	2.1534	1.7431	1	-1.9085	2	0.9362	3	3	0	3	3	-1.5696	3	3	0.0382	2	3	1	-3.1116
1.8676	1.6790	0.5790	-1.0368	1.6510	1	3	1.7151	2	0	2.7926	3	-0.7997	2	0	-3.0604	0.4233	1	1	3	2	0	3	2	1	-1.0773	1	1	1	2	3	1.4794	-1.2201	-0.2454	0	2	2.2861	-1.0163	0	1	-1.5142	2	-3.8740	-0.6151	4.8993	1	-4.4593	3	-6.5374	-8.7739	3.8939	1	5.8626	2	-0.3071	1.6802	1.8434	2.4004	8.5280	2	2	7.4508	0	-2.0842	2	-5.9550	1	1	1	-0.3419	13.8255	7.9582	-6.5457	-1.2990	-8.7994	-2.3773	-8.3827	0	0	-4.9859	-0.7831	3.4126	0.9689	2	-0.2415	3	-0.3603	0	1	3	2	0	1.5504	0	1	-0.3176	2	2	3	0.2030
-2.8678	-0.6519	-0.2145	-0.6127	0.7509	1	1	1.2253	3	0	-0.3106	3	-0.3960	3	0	-1.0057	-0.1365	3	2	2	0	0	1	3	2	-1.9327	0	3	1	3	0	1.1923	-0.2061	-0.6743	3	0	-1.5536	4.9701	2	1	-2.0373	3	-6.4257	3.0800	3.0154	1	-5.5579	1	-4.2810	3.5145	-1.3816	1	3.7234	1	0.2404	-2.8086	-0.0104	-2.9391	4.8240	3	1	2.7598	0	3.6201	2	-4.3474	1	3	2	-0.5561	-2.7924	3.8425	-6.6739	-0.7635	1.0865	-0.1885	-5.1643	1	3	-2.2110	1.0238	0.4148	-0.8994	0	-1.0003	2	0.7089	2	0	1	1	0	-0.2520	1	2	1.2480	2	2	3	1.8381
0.6600	-2.6189	1.7640	1.1590	-1.1585	3	1	0.3653	0	1	0.4398	1	-1.1621	1	2	-1.9016	-1.3228	0	1	2	2	1	2	0	0	-0.0997	0	0	1	0	3	2.1381	-0.7788	-0.4086	1	0	-1.2710	0.9211	1	1	3.2940	2	-0.5147	-1.1714	-2.6355	3	-0.4820	3	-5.1185	-0.8367	1.9833	1	6.7314	2	0.7842	0.2963	-2.8972	-3.4219	-6.1068	2	1	6.0455	3	-0.2112	3	-4.5052	1	1	0	-0.1294	-2.0540	-6.1927	-5.3900	2.9794	3.0788	1.3510	-10.2650	1	2	-1.0253	-0.9350	7.7486	-3.0097	2	3.0437	0	-6.2189	1	0	3	1	0	-0.5426	2	2	-5.4789	2	2	0	-0.8363
-3.1180	1.4006	-0.6497	-0.3465	0.6202	1	2	-0.9469	2	1	0.0766	2	-1.1570	1	0	1.0173	-2.5205	0	2	0	1	3	3	1	3	-1.1062	2	0	2	1	3	-0.9055	-0.2955	1.6787	0	0	0.5556	-3.1076	2	3	0.9697	0	-1.5278	-1.9601	0.4298	1	-1.4328	1	1.9451	-1.6277	-4.3612	3	-3.1405	3	3.2013	1.6623	-0.4747	2.8256	3.4500	3	2	-3.1687	0	-0.7879	1	6.6153	1	0	2	3.6662	0.4323	1.0727	-2.0873	-0.9921	1.2564	-0.7511	3.2179	2	1	2.3899	-0.9666	0.7335	1.8692	3	1.5526	2	0.4164	1	3	2	0	1	0.0068	3	3	5.2728	0	0	3	0.7771
1.2552	-2.2651	-1.2884	1.6168	1.7975	3	0	0.1790	3	0	-0.3738	3	-2.1008	1	0	2.7194	0.2499	1	0	1	1	0	1	3	2	-0.5929	1	1	2	3	3	-3.2953	-0.2448	0.5766	3	1	1.8441	-0.8365	1	2	0.6815	0	1.1906	-2.0352	4.0326	3	0.8942	2	6.2293	2.5806	2.5250	0	-6.7950	1	-1.8468	0.2595	-0.3650	-3.7330	0.7719	2	1	-6.4676	0	-0.3880	0	6.2516	1	3	1	2.6285	-7.2313	8.0299	7.4294	1.1253	-6.7639	-0.0779	6.3884	2	1	2.5756	-0.7084	-0.9383	1.6845	1	-0.7970	0	-3.6053	0	3	1	2	2	0.6365	0	1	2.8786	3	3	0	-0.7197
0.4041	-0.4100	-0.9951	-2.0110	2.5647	3	1	0.7100	0	3	0.6711	3	-0.1078	0	3	0.8597	1.7068	0	3	2	1	0	3	3	2	-2.3749	1	1	0	1	0	-1.4525	2.4941	-2.8094	0	2	-0.1378	2.7368	2	3	-0.5610	1	2.8362	-1.1405	4.1409	0	2.3208	2	-0.2424	-1.7963	2.6620	3	1.5889	1	-1.0690	-2.4988	-0.0737	0.1068	4.7196	1	1	-0.7745	2	1.6592	3	-3.4650	0	3	1	-2.0700	0.7566	5.5258	2.8050	2.9914	-6.2976	2.8272	-0.1125	3	2	0.3096	1.5986	-3.2737	4.4418	1	2.0941	1	3.1753	1	3	3	3	2	0.6988	1	1	-7.3170	0	2	3	1.6438
-0.2370	-1.1763	-0.5009	-0.1387	-0.9118	3	3	-0.1162	3	1	1.5527	3	-0.9671	1	2	-0.1928	1.0541	2	0	0	0	3	2	0	2	0.1809	1	2	3	2	1	0.6870	-0.2830	-0.0141	1	1	0.7750	1.3122	3	3	-0.6874	1	0.7060	-0.9775	-1.3544	3	0.3817	1	-0.6838	1.4588	0.4267	0	1.9788	3	-4.4472	1.6683	-0.0902	-1.1692	-2.4598	0	3	2.1295	1	-1.0571	1	-3.0939	3	1	1	0.0731	-2.7995	-1.3126	0.7410	1.4844	1.7393	0.5937	-3.3476	1	3	0.1705	0.3689	1.6686	1.6780	2	2.2919	0	-0.3238	1	3	1	1	0	2.6064	0	2	-6.3068	2	2	0	2.9080
0.1989	2.1503	3.6610	1.2968	-0.0190	1	2	0.7738	0	2	-0.2621	3	0.7705	3	0	-2.2540	3.1235	1	0	3	2	1	0	2	1	0.6414	2	0	2	0	2	-8.4006	-0.4508	-3.0145	2	1	0.6598	2.5274	1	0	1.6788	2	-2.7738	1.5468	-0.2854	3	-4.9631	3	-4.0988	1.9867	1.0033	1	4.9190	0	-0.3416	1.5861	-0.3558	2.1367	2.2007	2	2	4.9704	0	-1.4126	3	-6.2312	1	0	1	-0.0438	4.0092	-0.0633	-6.2574	-2.0430	0.1514	0.9150	-4.7780	1	3	-3.4053	-0.1257	4.1427	-3.5027	2	-2.4749	0	-0.3050	3	3	1	3	0	2.3618	0	3	-0.6440	0	2	1	-0.1218
-0.3750	-2.3013	-1.1630	-2.1100	-3.1934	3	3	-1.2210	3	1	-0.7005	0	0.4151	2	0	-2.5465	-0.7262	3	3	3	2	0	3	2	0	-0.9383	2	0	1	3	2	-0.6557	-1.2238	1.7843	1	1	-1.6786	-0.3844	3	3	-1.4448	3	-2.9800	1.0142	-4.6942	1	-0.9185	3	-4.4450	1.8550	-0.7230	1	3.3170	1	0.6561	-1.0941	1.1759	-3.4482	-8.2804	2	0	3.7188	3	2.5208	1	-2.3390	2	1	3	-2.0496	-5.3145	-6.3297	-5.8019	0.0141	6.4221	0.4025	-4.4485	2	1	-2.4483	0.5020	1.2866	-1.6937	2	0.5110	1	-4.7454	2	0	1	1	0	2.8494	1	3	-1.4850	0	2	2	1.2041
1.1328	-0.4553	-0.2899	0.6411	0.3505	2	2	0.5532	3	3	-0.3448	3	-1.7973	0	2	3.0832	-1.4026	0	3	2	1	0	3	3	3	0.2453	1	2	2	2	2	-0.7323	0.7386	1.0286	0	2	-2.3727	-2.5524	3	0	-0.2198	0	-2.1855	-2.1995	-0.6922	3	-1.5092	1	3.6058	-1.5760	2.0517	0	-4.2196	3	0.5116	1.1444	0.3665	-0.5121	-1.7051	2	2	-4.8261	3	-1.1453	0	5.3019	1	3	0	-0.5587	0.2419	-1.5655	5.0689	-4.9903	1.4679	0.0627	2.9982	2	3	2.9648	-1.7429	-2.9159	-0.5855	1	0.8953	2	-1.9802	3	0	3	2	2	-2.8105	0	2	1.7557	1	1	1	-0.1008
-0.2634	2.7039	-0.1053	-1.7030	-1.0895	1	3	-1.0194	2	2	1.0219	0	0.7310	0	1	1.8289	1.7478	3	0	0	0	0	0	1	2	0.7793	3	2	0	3	0	-0.9632	-2.4162	2.6739	1	3	0.5591	-1.8056	1	1	-1.0367	2	-0.5425	-0.2015	-2.4233	0	-0.5528	0	1.2628	-3.1582	-1.8854	0	-2.2791	0	-2.1233	-4.9556	-1.5631	2.7679	-0.5407	2	1	-1.1514	1	4.7989	1	0.5760	3	2	3	0.2230	0.8018	-2.8856	-0.8340	1.8194	2.1900	1.4947	-0.7829	2	2	1.2118	1.7608	1.8628	0.6291	3	0.1426	1	3.6378	0	1	2	3	1	-3.2048	3	3	5.2293	2	3	0	3.1433
0.5883	2.0545	-0.7622	-0.5610	1.5869	2	0	0.8615	0	0	-0.5873	2	-1.1186	2	0	-2.0344	-0.5746	3	1	0	3	2	0	2	2	2.7870	0	3	3	1	0	3.1256	0.3697	-2.5377	3	2	-1.7526	2.5257	2	0	0.3901	1	-2.6247	-1.5011	3.0808	0	-1.4662	3	0.6921	-0.0081	-0.1694	2	0.0879	0	-0.5645	-1.5266	-1.5986	3.3023	5.6062	2	3	1.0015	0	-1.0194	3	0.3061	0	3	3	-0.7058	3.6775	3.7360	1.8118	1.9945	-3.1843	0.1610	-1.0746	1	2	-1.5186	-1.4406	2.1468	-0.4531	3	-0.4248	1	0.8120	3	1	0	1	2	0.8555	3	0	1.6707	1	0	0	-1.8666
0.7835	-3.8807	2.2281	-1.9024	-0.8408	3	3	-1.7818	2	0	0.3325	3	-0.6181	1	1	3.1964	0.4493	0	3	1	0	1	0	3	1	0.9115	1	3	0	2	2	-0.0515	3.1973	1.8940	1	2	2.7669	-2.2446	2	1	-2.0268	1	2.3387	2.4140	0.0891	0	1.7032	2	3.2060	-1.4377	0.5487	2	-3.2491	0	-0.9092	-1.4414	2.0776	-4.2274	-3.7709	1	2	-3.2204	0	0.6538	0	5.5501	3	2	1	-0.6604	-4.6320	1.5072	4.5623	-0.2305	-2.6269	-0.7858	2.3687	3	1	5.7229	2.1984	-4.7733	-0.3710	1	1.8254	3	-8.8357	1	1	3	2	3	1.0878	0	2	-0.7918	2	1	3	3.2097
0.0057	1.6938	-0.7683	0.7185	0.7522	1	3	2.1231	3	1	-0.8362	3	0.2322	3	3	1.9718	-4.0257	1	0	0	3	2	1	3	3	-0.6432	3	3	3	1	1	3.0920	1.2892	-0.3783	2	2	3.1136	0.3328	0	3	1.0271	1	-3.2902	-0.4238	-1.2846	2	-6.1479	3	4.3763	1.9020	-0.6177	3	-2.2810	2	-0.9297	-0.7659	1.6275	0.5960	3.6104	2	3	-4.4801	2	0.7035	0	5.7684	1	0	3	-0.7740	-0.4288	1.9010	5.4700	-3.7640	2.6749	-2.4082	4.0917	3	3	1.5253	1.3481	-8.6299	6.1624	1	0.5109	1	4.8690	1	1	0	0	2	0.9190	3	0	-0.4870	3	0	1	1.4556
-1.6414	-1.5371	-1.6037	2.5505	-0.7419	1	0	-1.1697	3	2	0.1787	1	-1.7190	1	2	-0.5435	-0.6634	3	0	1	0	1	3	1	3	2.6848	1	0	1	3	0	-0.0607	2.3880	4.2979	2	0	0.6276	-5.3443	0	3	0.4544	2	1.9434	-2.0408	0.5829	3	1.1164	3	-1.1619	0.2885	-1.7098	1	0.2403	1	-0.4105	0.6703	-1.5247	-1.6025	-1.2079	1	2	0.5369	3	-0.5399	1	-2.7214	3	2	0	0.8231	-3.1266	-1.4235	-2.7119	-0.8399	-0.6955	1.2576	1.4405	2	0	1.6244	-0.5349	2.3740	4.2292	0	3.1430	0	-1.5102	1	3	1	3	0	0.8365	2	2	3.0854	3	2	0	-1.7444
-2.4087	3.9130	-1.3146	-1.0508	0.4329	1	0	-1.7109	1	3	-1.4778	2	-0.8031	3	0	-0.9460	-0.4408	0	0	3	3	3	2	3	3	-1.4944	3	0	2	1	2	-3.8175	0.5415	0.7881	1	0	0.1974	-0.0445	1	2	0.3450	1	0.9881	2.6129	0.8288	2	-1.6215	0	-0.8970	4.1931	-2.3228	2	0.7513	0	1.4056	0.5202	-1.6224	2.7931	5.5057	3	1	1.2760	3	0.2390	0	-0.3496	2	0	2	0.3599	0.3908	1.4749	-3.8202	1.9986	-0.8109	-0.6077	-0.8679	1	0	-1.9310	-0.6883	-0.3104	0.2872	3	0.6035	0	8.3817	2	3	0	3	2	-1.0855	0	3	0.2251	2	2	3	-1.1535
1.1116	-0.0927	0.3070	-0.5599	-0.1413	3	2	1.8126	0	3	2.5701	3	1.1479	1	1	-1.7647	0.8287	0	2	1	3	1	0	2	1	-0.0828	0	1	3	0	2	-4.1056	-0.4648	-2.4905	3	2	3.5806	1.1257	1	1	-0.1331	2	-1.3109	0.0463	-1.4997	0	-1.9252	2	0.0270	1.4533	0.3596	1	0.9665	2	0.2024	1.2037	1.2655	-0.3682	-1.9726	0	1	0.7772	3	-2.1044	2	-2.9545	1	3	1	3.0423	1.9214	-1.4557	-1.9686	3.4611	-0.3180	-3.9287	-1.4505	1	1	-0.6747	0.5515	-1.5468	4.0042	1	1.1317	1	-0.0041	0	3	1	2	0	-0.1853	2	3	-2.0113	1	2	2	-0.1074
0.3285	-2.0439	1.3423	-2.9150	-2.2589	3	0	-0.3596	3	2	-2.7685	1	-2.5361	1	0	0.2338	0.9984	2	3	1	2	3	3	1	2	-1.0627	0	2	0	0	3	2.2809	0.5107	1.3126	0	2	-0.6122	-1.4334	2	0	-1.1023	1	0.8899	1.9853	-1.9257	0	0.7455	1	-0.8768	7.0655	2.5360	1	-0.1356	3	-1.2393	-1.1046	-1.1752	-4.4070	-5.0336	2	2	-0.5565	2	-0.8942	0	0.3252	3	2	0	0.2899	-9.3466	-3.9580	3.1948	0.4579	2.8061	0.2952	1.4116	0	1	-0.0485	-0.9673	0.4028	-1.5833	1	-0.5851	2	-4.0245	1	0	1	1	3	-0.5295	2	2	-5.8069	0	0	1	4.9257
1.6652	-2.9657	-0.0505	1.9219	-1.5768	3	0	1.2347	2	0	-3.9984	3	2.0491	3	1	-0.5317	1.5178	2	1	1	3	3	0	1	1	-0.9116	3	2	3	2	0	0.8421	-0.1070	-0.8300	3	1	1.3072	1.0086	0	2	0.5419	2	-0.4648	-1.8501	-2.0153	1	-1.0577	2	-7.1021	1.7025	1.6697	0	6.3588	0	2.0508	2.3885	-0.3328	-3.2630	-6.5321	2	3	5.7531	1	-2.1117	2	-9.1836	3	3	0	2.0775	-3.3711	-2.6941	-9.8112	1.9810	0.9731	2.3387	-5.9852	0	3	-0.4996	-1.9137	5.6807	3.1972	2	-2.8933	3	-5.4454	3	1	3	1	0	-1.8918	2	2	0.6150	0	2	3	0.4964
-0.1739	-1.0696	0.2431	-2.4989	-2.9488	3	3	-0.7954	1	2	0.0563	3	0.1438	1	0	-1.8057	2.1124	1	0	2	0	3	0	0	1	-0.2888	2	3	3	2	1	0.0574	0.1054	0.8765	3	3	0.5660	-0.3165	0	2	1.1577	1	-1.4241	-0.2289	-0.4339	1	1.4041	2	-4.9989	-0.1515	1.4011	3	5.2594	0	-2.2550	3.2021	-0.4765	-2.0877	0.5710	1	0	5.0380	1	-4.3569	0	-9.9887	1	1	3	3.9883	-2.5469	-6.0740	-7.3143	0.1966	-0.1979	-0.8873	-4.2267	2	3	0.9632	-2.0884	9.0961	-2.1543	2	2.8456	1	-5.0842	1	3	3	1	0	-2.8204	0	2	4.4264	2	2	2	3.7426
3.3441	2.0040	-2.9708	1.4305	-0.8236	1	3	-2.6191	3	1	-1.1595	2	0.7609	1	1	1.3290	-3.0441	3	3	0	1	1	2	3	3	-1.0197	0	3	0	3	1	-0.6836	-0.8675	0.9960	2	1	0.8817	-2.6637	1	2	0.3053	2	1.3306	1.4997	-1.6565	3	2.5890	0	-2.6277	1.1315	3.4268	1	5.6535	1	0.2230	-0.0357	0.0130	1.5350	1.0219	1	2	6.4886	1	-0.0527	1	-2.8549	2	2	0	0.1577	-4.6753	-3.4831	-1.4042	-2.8631	-1.9593	-0.8631	-10.2869	2	2	2.5373	0.0607	8.1374	4.1845	2	-0.4452	0	6.3704	0	3	0	0	0	1.7025	3	3	-7.1512	2	2	0	-0.8082
-2.4865	-0.3966	1.9879	-0.1648	-3.0432	2	3	1.0371	0	2	0.6798	3	1.2455	2	2	-2.1172	4.1006	2	0	2	2	3	2	0	1	-0.8164	1	0	3	2	2	-2.0238	-0.0632	-1.9783	1	1	-1.8570	5.3546	1	1	-0.3040	0	-1.0864	-1.7612	-4.1665	3	-2.6324	2	0.0458	-1.4101	-2.6975	2	-1.6355	0	2.0187	-0.1175	1.6849	-1.3398	-5.2715	3	1	-3.6465	1	0.4937	3	0.8944	1	3	1	0.4343	5.4488	-5.1606	-1.7335	-1.9749	5.9069	-0.8287	4.8805	1	1	-3.3862	-2.1152	-3.9751	-2.9782	3	2.5979	0	-0.8124	1	0	2	2	0	-0.2694	1	3	1.1834	2	3	1	-1.1822
-1.3965	-1.2561	0.3465	-0.4709	-0.9955	0	0	-0.6144	3	0	-0.7795	0	0.3488	2	3	1.9250	-0.2122	0	0	2	0	1	1	2	2	-2.5850	0	0	1	3	0	0.0642	-1.9552	3.0026	3	0	-0.8487	-2.0286	3	1	0.4136	2	1.8624	0.1340	2.9025	1	1.4917	2	1.9174	3.2641	-3.2004	1	-1.8433	2	0.3417	3.5800	0.0252	-0.9606	-0.2542	3	3	-2.5447	2	-2.5613	0	0.2572	2	1	3	-0.5155	-3.5044	1.2504	-0.1673	-2.7270	-1.4364	-2.8594	3.8096	2	3	-1.1159	0.1858	-0.3981	1.9554	3	-3.6874	2	-1.5232	2	2	1	1	0	0.0411	1	1	7.3947	0	0	1	0.4267
-1.6218	-0.0592	-0.7736	1.2098	2.1042	0	3	2.3302	1	2	1.2593	2	0.1060	3	1	-2.2788	1.5034	2	3	2	2	3	2	0	1	-1.0197	2	0	0	1	2	0.1754	-0.4652	-1.1685	1	3	-0.2921	3.5627	0	3	-0.9220	1	2.4303	1.4425	3.2910	0	1.8085	3	-2.7199	-1.2616	-2.5984	3	4.4753	1	-1.7063	3.5259	1.4471	0.5623	8.1301	3	0	5.7456	2	-3.0531	1	-3.9821	3	3	2	-0.3574	4.9478	4.3117	-5.8790	0.4613	-2.9999	-0.9439	-8.5487	1	0	-1.0778	1.7319	0.1939	-3.5383	3	-1.2311	0	1.5942	3	1	3	3	1	-1.6998	3	1	-1.4261	2	2	2	2.2435
2.4671	3.8539	1.1990	-2.3186	-1.3796	1	1	-0.5065	1	2	0.8556	1	-0.1546	0	3	2.7768	1.6546	2	1	0	0	0	2	3	2	1.8715	3	3	1	0	2	2.9180	-1.0055	1.4338	1	2	-0.5505	-3.6880	0	2	0.5269	3	0.9568	-1.6602	-1.3378	0	-0.5003	0	5.1290	-4.0034	4.3451	2	-3.2434	2	3.0706	-0.5385	2.9717	4.0419	1.4778	0	0	-2.9142	3	1.5018	3	4.2173	3	1	0	0.8974	8.0372	-3.3921	11.0612	2.6560	-1.7716	-2.0549	2.7797	2	0	1.8799	-0.5168	-2.8602	-4.3870	1	5.2586	0	1.3347	1	1	2	1	3	2.2018	1	3	-4.8267	1	1	3	0.8228
-0.7365	1.3365	0.6928	0.1191	0.3714	2	3	-0.6566	0	0	-1.2030	1	2.7720	1	2	2.8997	-0.7309	1	1	0	3	2	2	1	3	0.5586	0	2	1	0	0	3.2749	0.4461	-0.3394	2	1	2.1404	1.9399	3	1	-1.2740	2	1.0731	0.8689	-0.3701	3	1.6491	0	4.1135	1.0977	1.4058	3	-7.1210	3	1.0745	0.2372	-2.1299	1.4165	1.3091	1	3	-8.7186	2	0.7241	1	8.4741	2	2	2	-1.5259	-5.5684	-0.0070	8.4863	1.7240	-0.3882	1.7661	8.7049	1	3	3.5397	1.5513	-8.6847	4.6165	1	4.3386	1	1.1114	1	1	0	1	2	-3.3799	3	2	4.0308	1	1	0	-1.2407
-0.0285	1.2637	1.5312	-2.5140	0.2778	1	3	-0.4311	1	2	0.4706	0	1.3279	2	1	-2.7863	-0.5216	1	2	3	1	2	0	2	3	2.5282	1	1	0	0	2	0.0159	0.5578	-0.6564	3	1	2.9022	0.9527	3	1	-1.9147	2	0.0749	-0.9828	-2.2943	0	0.7626	0	-0.9701	0.9623	-3.0027	2	1.5697	3	-0.4072	-4.2002	-0.7947	2.2264	-2.1209	0	1	1.8575	1	2.3360	2	0.7878	3	2	3	0.9672	1.1996	-1.9509	-2.9397	1.1054	0.1003	-0.6374	-4.6904	1	1	-1.3760	-3.4833	7.8071	-1.6471	3	1.2002	2	-4.1578	1	3	1	1	0	1.7972	1	3	2.0339	1	2	3	-1.5439
-0.4124	-3.0337	0.3421	-1.3354	1.5014	3	0	0.4838	0	0	-0.1339	2	1.1674	0	1	1.5119	-2.6791	3	2	2	1	1	3	3	3	0.4082	1	2	1	3	2	2.4319	0.2205	-1.4418	0	2	-2.2765	2.5855	2	3	-0.5816	3	-2.0558	-2.2795	2.3073	0	-3.6042	1	1.9769	-0.3261	-1.0750	3	-2.7139	0	0.9453	1.9257	2.2850	-4.8474	0.5756	3	3	-3.1916	1	-1.7314	0	6.2088	1	3	2	1.3784	-1.3070	3.6964	-0.3210	0.6375	-2.9102	-1.2698	4.7771	3	2	0.6613	1.4271	-4.1842	-1.7878	3	-1.1293	1	-5.7882	3	0	3	1	2	-0.2891	1	2	0.4677	0	3	1	-1.9478
2.0411	0.4831	-2.5576	1.7356	-3.5372	1	3	-1.9303	0	0	1.1765	3	0.8206	3	0	1.0377	0.3696	1	1	3	2	2	0	1	0	-0.8900	3	1	3	3	3	-1.2233	-0.3458	-0.6305	0	3	3.1371	0.0789	1	2	-1.8181	3	1.2226	0.9568	-6.9214	1	0.9025	0	3.7936	-1.7078	3.4296	0	-2.9470	1	-1.7209	1.0195	-1.9742	1.2485	-8.5996	3	1	-4.0792	2	-1.4509	1	4.9707	3	2	1	0.6266	-1.0579	-11.6007	6.7498	-2.4412	6.6934	-1.2061	3.8655	3	2	1.6442	-0.0295	-2.6398	7.3333	1	-4.7551	2	2.2018	3	3	3	0	3	-0.3643	0	3	-1.2999	1	3	1	-0.5840
-0.4488	2.3529	-0.5599	-1.8451	0.7460	1	1	1.2441	0	3	-0.5413	0	-0.2999	1	2	0.7884	-3.3151	1	2	0	1	2	1	2	3	-2.6837	3	2	3	1	1	4.8282	-0.7735	-0.4301	0	0	0.8144	1.0293	0	0	1.7741	3	-2.1644	1.7242	3.5557	1	-2.3359	0	0.0979	4.2769	-3.4808	0	-0.5250	2	0.1369	3.3546	0.0122	1.8606	8.0046	3	2	0.1997	0	-4.2936	3	2.1930	3	1	3	-2.0083	-2.4444	6.5800	-2.7112	-1.2680	-2.4732	3.6368	0.3720	3	3	0.2254	0.3306	-1.4129	3.1414	3	-0.4882	2	7.3977	3	1	0	0	2	-1.5496	0	1	-1.5855	3	1	0	0.5282
2.3464	1.7147	-3.3374	1.0385	0.2052	1	1	-0.4677	2	0	-1.1319	1	2.1064	2	1	-0.0917	-0.0753	1	1	0	3	0	1	3	2	-0.1632	2	0	2	3	1	-0.0073	0.3889	-1.0963	3	2	-0.7556	-2.1513	1	3	-1.4022	2	1.8377	0.0827	-0.2793	1	0.3823	0	4.2031	1.0949	2.5594	1	-3.4638	1	2.2295	2.0383	3.0934	3.0834	1.6647	2	3	-3.8241	3	-2.3199	3	1.8961	3	1	0	0.2660	0.6412	0.9240	5.4560	3.5232	-0.5497	-4.1439	2.6558	0	1	-0.4558	-3.5961	-1.9141	3.4069	1	-2.8503	2	6.7576	3	2	0	3	3	2.1034	2	3	-0.6269	1	0	1	0.6419
0.1426	-0.2383	-0.3224	0.3790	-0.2548	1	2	-0.1389	1	1	-0.1882	1	1.0209	2	2	-3.1080	-1.3865	0	0	3	1	3	3	0	1	-1.8607	1	1	1	0	3	-1.7856	1.5973	0.2106	0	0	1.0672	-1.1758	3	1	1.9621	3	0.1570	0.4823	-1.2489	3	-0.0101	3	-2.9502	-0.4566	1.0183	1	3.8967	3	2.7417	1.4521	0.3362	2.4439	-2.2266	3	3	4.7267	3	0.4634	1	-3.1934	3	1	0	0.6915	2.0695	-1.2383	-4.7358	3.0548	1.7975	0.4875	-8.3415	0	3	-5.0766	-0.6030	4.8261	1.8724	2	0.3466	0	4.8208	2	3	0	3	0	1.1689	2	0	-2.6812	1	2	0	-0.7054
-0.2915	-1.0914	-2.4919	1.0297	-2.4257	3	1	-1.1567	3	0	-0.9308	0	-1.1484	2	0	-2.6856	-0.5869	2	1	1	3	3	3	2	3	1.0635	3	2	1	3	1	-1.2494	-0.6812	-0.4455	2	2	1.5844	0.3667	1	2	0.4871	3	-1.6828	0.3756	1.1250	1	-1.7448	1	-4.8502	6.3555	-2.1371	2	5.6577	1	-1.2610	0.1511	-2.5784	-1.3763	-2.1323	2	1	5.6889	3	0.4667	3	-5.2422	1	2	0	-0.4169	-4.3126	-0.0122	-7.2755	-0.3858	-2.0134	1.1250	-9.7370	3	2	-1.8872	1.7859	-2.2260	1.7922	0	0.1212	2	0.6900	0	3	1	2	0	1.4724	2	1	-1.0651	0	2	2	-1.5868
2.5916	-2.8009	-0.5025	-0.4877	1.9740	3	0	-0.6040	1	0	-1.0575	3	1.9267	3	2	0.5546	0.9188	3	3	2	0	3	2	2	0	-1.3740	0	3	1	0	1	-0.7760	-1.6649	-0.4039	1	1	1.8197	-2.9256	2	2	0.2354	2	4.0218	0.2646	4.6689	3	2.6473	2	-1.3931	4.7870	2.8441	3	2.3204	1	0.2498	-0.7465	0.5848	-3.2246	0.7519	0	2	2.4706	3	-0.9391	2	-0.8404	3	2	1	-1.0942	-8.9659	8.1408	-1.7088	-0.8833	-10.7588	-0.7758	-1.9079	3	1	0.1639	1.0244	3.5072	0.8468	2	1.8567	2	-2.4736	1	3	1	3	1	0.0820	0	1	-3.7134	2	2	3	3.6679
1.5704	0.5958	-0.9421	2.0240	-2.0178	1	2	1.3658	2	2	0.5957	2	0.6766	2	3	0.3682	1.5424	2	0	1	2	3	2	0	1	-0.6592	2	3	3	3	0	1.9708	1.5692	-1.5931	1	1	1.0416	0.6636	3	3	-1.5277	3	3.0244	0.2187	-0.9314	2	3.0715	0	1.7781	-1.4918	1.8790	3	-1.0477	3	1.3513	1.1037	0.3540	0.8834	-1.7745	1	1	-1.9513	0	-1.0261	2	2.2608	0	3	2	1.0349	5.5047	-5.8791	3.6376	4.9141	-1.4945	-2.2338	5.6650	1	1	2.4136	-0.7170	0.4562	-0.9101	1	-0.1182	3	1.0404	0	1	2	0	3	-0.4231	2	0	-2.8736	1	2	2	-3.4513
-0.7731	2.0651	-3.3519	1.2905	-2.1605	1	3	-1.2596	3	2	0.8130	2	-0.9509	3	3	-1.1367	1.3353	3	2	3	3	0	1	1	1	-1.7861	3	3	1	3	0	-5.5714	0.5701	2.8163	2	0	0.8932	-1.9336	1	3	1.6367	2	0.3566	0.2782	1.3205	2	1.2002	0	-3.1392	-0.1674	-0.8915	3	4.7785	1	-0.6407	0.7158	0.6886	1.8887	1.6041	1	3	5.6819	1	-1.1985	0	-9.0586	3	2	2	-1.9136	-0.2710	-1.9518	-1.6259	-3.5226	-0.6297	0.3989	-7.1798	3	2	0.4443	2.1316	4.2558	4.8547	2	-3.1126	3	3.9918	3	3	0	3	0	2.2696	0	3	-1.5947	0	2	3	-0.8271
-0.3634	1.5960	1.0513	1.4678	-0.9821	1	0	0.9331	3	1	-1.5704	3	-2.8200	1	1	0.3780	-0.7368	1	3	0	1	0	2	2	0	-0.5466	2	2	3	0	0	-0.9585	0.4436	-0.2369	3	0	-0.3983	2.0696	1	1	0.2885	2	-0.8048	0.9208	-2.4194	2	-0.7909	3	-0.4540	1.0518	-1.0896	1	-0.7033	1	-0.5161	1.1796	-0.6819	2.0303	-1.3403	3	1	-2.7427	2	1.0988	3	1.2252	1	3	0	1.5775	1.2234	-2.0290	-1.7165	1.5147	1.8322	1.3382	1.0049	0	1	-0.1555	-2.0807	-1.1082	-4.0561	3	1.4611	3	1.0714	1	0	0	3	1	-0.7799	3	3	3.3628	1	3	3	-3.4360
0.9622	-1.8257	-0.6327	-0.3925	0.2634	3	1	-0.4039	2	2	-1.0583	0	-1.1142	2	3	-0.0186	0.6519	2	2	2	2	0	0	0	0	-1.8909	1	3	2	1	1	5.8990	-0.8878	-1.4515	3	0	0.4861	-0.0440	0	3	-0.9423	3	1.3548	0.0381	2.2988	2	-0.4901	1	-2.8791	-1.3383	-1.1683	0	5.1840	0	-1.0556	1.0199	1.9975	-3.3199	2.7573	1	0	4.1955	1	-1.1571	2	-6.2996	3	2	3	0.1194	-2.3836	4.2651	-4.8167	0.8585	-2.9684	-0.6453	-4.1343	3	2	-0.6319	-0.2607	7.6178	0.9412	2	-0.5610	2	1.0429	0	1	0	1	1	-1.7714	1	2	-1.9235	3	2	3	-1.2343
0.4816	2.3853	1.2251	1.1773	-0.5229	1	2	0.6816	2	0	0.4337	1	2.3649	0	0	-2.3486	-1.1135	3	0	2	0	2	0	0	3	-0.2049	0	1	0	2	3	0.7830	2.8119	0.4459	3	3	0.7121	-1.1683	3	3	2.0474	2	-1.5896	-1.5932	-1.8564	1	-0.1828	1	-2.9047	1.6334	0.9036	3	3.9372	2	4.0526	0.6607	1.5063	0.9928	0.3079	2	0	5.2108	3	0.7326	2	-6.4718	3	1	2	0.9493	0.5596	-2.2087	-2.2205	1.2078	2.7497	-3.3800	-9.5483	0	3	-1.1363	-2.3809	6.1374	-0.8147	2	-1.1195	0	1.3014	3	1	1	0	2	-2.1957	3	3	-0.5548	1	2	3	-1.0817
-1.4601	-1.3317	1.3423	0.0278	1.5362	0	2	1.6858	1	2	0.3175	0	0.4105	2	0	-0.3491	0.1878	0	2	0	0	3	0	1	1	0.9864	0	3	0	0	3	2.1141	2.4386	-0.6589	2	3	1.1837	1.9933	0	1	-2.2769	3	-2.9297	3.1405	0.0950	1	-1.3148	1	-0.4069	-0.8889	-1.9505	3	-0.1033	2	-0.4847	-1.0594	-2.0173	-2.9134	-0.7223	1	0	-2.1076	0	2.2486	3	1.9385	2	0	3	1.1568	1.0303	3.3208	-2.5028	0.9371	-0.4788	0.4851	0.9508	0	1	0.0366	-0.9009	-0.1043	0.7424	3	2.0408	1	-1.9024	1	1	3	1	2	1.1052	1	2	2.2183	1	1	2	-0.1931
2.6354	-0.4204	3.0709	1.7072	-0.3472	0	3	-0.7910	0	3	1.0735	0	1.2372	2	2	0.1320	-0.4839	2	1	2	0	0	0	3	0	2.2832	1	3	3	0	0	1.1106	-3.2529	-2.0770	3	1	-0.9242	-2.2462	2	1	-0.0655	0	0.4248	2.1275	-0.7576	3	0.0738	0	8.2796	-3.3475	1.0584	3	-7.0142	2	0.1750	0.7058	1.2014	-1.6996	-2.1167	0	2	-7.7666	2	-2.0927	2	9.2800	2	1	3	1.2875	1.7160	0.1354	9.6888	0.8578	-2.5262	-1.3732	9.5978	1	3	-1.6922	-0.1895	-5.6743	-6.5780	1	-1.2786	2	-2.4617	3	1	3	2	2	-0.7220	2	1	-1.1897	1	1	3	-2.0797
-1.9438	2.6301	-1.9433	0.1494	1.6732	1	2	2.8241	1	0	-2.0915	3	1.1013	0	2	-0.1627	-1.2990	0	0	0	2	1	0	3	2	1.0253	3	3	0	1	1	-0.0137	-0.2591	-0.8708	1	0	-2.1789	3.7088	0	2	-0.0843	3	-2.3994	-2.2660	1.8636	3	-3.3922	3	-2.9123	7.3260	-2.7720	2	0.5272	1	-0.0338	2.5921	1.8495	1.5325	4.3758	3	0	0.7695	3	-2.3758	2	-2.6242	1	0	1	2.1535	1.1122	4.0035	-5.9803	-1.6044	-1.3037	-1.6962	-0.9394	0	0	-0.5278	-1.0007	3.7769	-2.0692	3	2.1283	0	3.9130	1	0	0	3	0	2.6053	0	1	-1.5750	2	3	3	-2.0087
2.3912	-0.6431	-1.1293	-0.2443	1.1553	2	2	-0.8982	2	2	-0.6891	2	-1.2227	0	3	0.1825	1.6377	0	3	2	3	3	0	1	3	1.8865	1	0	0	3	0	-0.6909	2.3921	-0.4381	3	2	-3.1989	-1.4718	0	3	1.7471	0	3.9246	1.0999	1.8796	1	2.7531	0	3.2192	4.2307	1.0786	0	-1.3335	3	-1.7974	0.0046	-3.2073	0.8859	2.6532	0	0	-1.5577	2	-1.0029	3	0.0077	3	2	3	-2.4371	-7.2585	1.1620	6.7942	-1.9983	-5.0315	1.2636	0.8233	3	3	-2.4557	1.1234	-6.8995	-3.0415	1	-0.9026	1	0.8316	3	0	0	0	2	-0.4002	1	0	-0.9259	3	1	2	-2.3393
-0.7139	0.9538	-1.2319	0.1684	1.7076	0	0	1.8007	3	0	-0.7861	1	-1.7197	1	1	1.7748	-0.6524	2	1	0	0	3	3	1	3	-0.4640	1	2	3	3	3	-1.2220	-0.3693	0.5015	2	2	0.5332	0.2399	1	3	1.2838	0	-2.6997	-0.8612	3.2713	0	-2.4075	3	0.1812	-1.0530	0.7101	0	0.3186	1	-1.0709	-0.3402	0.3886	3.0943	5.6300	2	0	-1.0119	1	2.6907	1	-1.7588	1	3	0	-0.6003	3.3317	4.9987	0.4932	-1.4084	-3.2453	-2.5734	0.9868	0	3	2.1674	-1.1382	1.1832	2.2394	1	0.3682	1	2.2816	0	3	0	3	2	0.8520	1	1	0.2060	3	0	3	-0.0635
1.1179	1.0286	-0.0728	-1.6419	0.4690	0	3	-1.2772	0	1	1.5437	0	1.7896	3	3	2.3698	-0.2731	1	1	0	3	2	0	3	3	0.5990	1	0	1	3	3	2.3851	1.0746	-3.0959	3	3	1.8903	1.3379	0	1	1.1153	3	3.7975	1.2148	-1.4930	0	3.8388	2	3.2705	-0.8200	-0.6874	1	-2.2378	2	-2.3795	-1.2265	2.1259	1.2851	-1.1071	0	0	-2.9742	2	0.8372	2	6.8653	3	2	3	0.9056	0.4646	-0.5158	2.7185	-1.6921	-1.5038	-2.7143	1.6531	1	3	1.2815	1.5111	-3.7547	-2.2404	3	-1.0735	2	4.3807	1	1	0	0	2	-0.6051	1	3	3.2899	3	1	3	2.0411
0.0943	1.4183	-0.7283	-2.9889	-2.0179	3	2	-1.3701	3	2	1.5040	1	-1.5726	1	2	-0.8007	0.7719	0	0	0	1	1	3	0	0	-0.7291	0	1	2	1	0	-1.3163	-0.1848	2.0298	2	2	1.4399	-3.9487	1	2	-0.2345	1	3.3156	1.0233	-5.4197	0	1.3698	0	-3.7068	-1.9631	0.5960	0	2.7945	1	2.7967	0.7935	0.5975	1.5928	-6.4490	0	1	4.3581	2	-1.6366	0	-2.6252	2	1	0	-1.7334	3.4624	-8.1006	-4.2833	7.7112	6.1006	0.4775	-7.6452	3	3	-1.6419	3.3072	0.6328	3.1864	2	-3.3589	2	5.2141	0	2	0	0	0	1.6103	0	3	3.1386	2	2	2	2.9840
-0.1579	2.0618	3.6364	-3.3181	-3.5130	1	1	-0.7819	2	2	1.0978	2	-1.7515	2	0	-1.1868	0.0875	0	3	0	3	3	1	2	1	-0.6982	3	1	0	0	0	0.9186	2.5232	0.0037	1	0	1.3032	0.2474	2	1	-0.0870	3	-1.2218	-1.5635	-3.4734	1	-2.0415	0	-0.6405	0.0559	-1.1347	3	2.2099	0	2.6686	-2.0824	0.0225	2.6031	-2.3917	1	3	2.1084	0	3.2567	2	-1.8889	0	0	2	0.1307	1.1630	-9.1704	-2.2263	-1.7094	3.8604	2.4542	-2.3186	1	2	-0.3322	-1.0481	3.4419	-3.8799	0	1.3585	2	-4.1638	1	1	3	2	0	0.0407	3	0	-0.2673	0	2	0	4.1122
-1.8491	2.6165	0.2825	0.3134	-1.7130	1	3	-1.1882	0	3	-1.9888	0	0.2257	3	1	-1.6389	-2.4795	3	0	0	0	0	3	2	3	3.0196	2	2	1	1	1	1.0630	-1.2887	-2.9898	3	0	-0.6517	5.7168	0	3	0.0431	3	2.2709	0.9376	-1.2602	0	1.5158	3	-0.5731	0.7060	-4.3605	1	-0.5316	3	1.9422	3.1327	-4.6254	2.7505	0.7156	1	3	-2.7378	1	-2.0100	3	6.3993	3	1	0	1.6717	1.3339	-2.7044	-4.2985	-4.9479	2.7149	3.2211	1.8415	1	0	-0.3163	0.1968	-2.4529	-2.1789	3	-1.6259	1	1.5403	3	0	0	3	1	-0.7899	0	3	4.4387	2	3	3	-0.8969
-3.4713	-5.2743	3.6599	-1.0795	2.1831	3	0	1.2329	3	2	0.0702	3	-2.2687	0	1	-0.5280	-1.2631	0	2	2	1	1	2	1	3	-1.8616	1	0	2	0	2	6.1113	-2.2671	0.7098	1	0	-3.8952	2.7762	0	1	0.0621	0	-0.3367	-0.4108	2.1432	0	0.2540	1	-4.1884	-0.1068	-4.0620	1	3.6557	0	-2.4629	-1.2455	1.2285	-8.0558	-3.2286	3	1	5.6896	2	0.9344	1	-5.2031	1	0	1	0.7817	-3.5323	6.0195	-7.6733	-1.7746	1.0694	1.5348	-7.3354	2	2	-1.2774	0.8525	1.1411	-8.4585	0	-3.1438	1	-11.0862	3	0	3	1	0	-3.3514	0	2	-0.0973	0	2	0	0.5408
2.3670	-0.8246	1.4374	-2.9016	-0.4139	3	1	-0.3697	0	0	-0.3955	2	-1.2221	0	2	-1.2144	-0.7811	2	1	0	3	3	1	0	0	-0.7438	2	3	3	0	3	0.8352	0.3894	-0.4110	3	1	-1.2431	-0.3107	2	1	-0.7865	0	0.5264	1.6221	1.6827	0	2.5916	1	-6.0246	1.2750	1.7611	1	8.6447	2	-2.3080	-1.1886	0.8293	-0.9952	2.2191	0	2	9.2080	3	2.6061	0	-13.1993	2	3	2	0.7726	-0.3900	0.0683	-6.1963	0.6825	-3.7695	1.8468	-10.1639	3	2	-3.0682	2.9558	4.1569	-1.9863	2	-0.5001	2	-1.7251	2	0	1	1	1	-1.0329	3	2	-4.1456	2	2	2	1.9775
0.3373	0.6087	3.2717	-1.4509	1.8162	2	2	0.9767	0	2	-1.3957	2	-0.9517	0	3	1.8420	-1.7766	3	2	1	3	0	3	3	3	0.1640	2	1	0	0	2	-2.1679	-0.4077	1.9023	3	2	-1.7827	-2.9931	1	1	-0.9138	0	-1.1637	-1.4579	-1.1262	0	-0.6461	3	3.4271	2.3604	-0.2275	0	-4.0625	2	0.1269	1.8604	-0.4920	0.8221	1.1528	0	2	-4.4009	2	-0.5338	0	4.0955	1	3	2	0.5307	-0.9602	-0.4542	3.1469	-0.3494	1.5311	1.1317	7.2155	2	1	1.4739	-1.6373	0.0012	-5.0629	3	0.8598	3	-5.2075	0	0	1	2	2	0.4151	0	0	5.7403	0	3	1	1.9549
3.7513	1.5029	4.2876	-0.2139	3.8244	2	0	0.2004	2	3	0.1379	3	-0.0482	2	2	1.1342	-1.0269	2	1	3	3	3	0	1	3	-2.1825	0	3	1	0	1	2.3755	-0.0337	2.7646	3	3	-0.2553	-8.0508	2	1	2.3301	1	-2.2715	-0.4335	4.4822	3	-1.6969	1	1.2170	1.3362	3.2744	2	0.3961	2	0.1721	3.6752	-1.0966	1.7858	6.8510	2	2	0.8247	0	-2.8503	1	2.1684	1	1	3	0.3784	-3.9697	9.7317	3.4942	-1.5149	-11.7910	0.0436	0.4377	2	1	0.7165	0.8540	1.2652	-4.4528	1	-2.9170	0	-0.5988	3	1	0	1	2	0.8544	0	1	-1.0363	0	0	1	-0.8176
2.4776	1.2215	2.3700	3.5185	0.6241	1	0	0.5201	2	1	0.1771	1	1.2087	3	0	-1.2362	0.1097	0	1	3	1	2	2	2	1	-4.2418	0	2	3	0	1	-0.4812	0.6655	0.4600	2	1	0.8224	-3.5099	2	1	-0.3838	0	-2.2325	1.5755	3.6758	3	-2.6148	2	-4.9114	2.2494	4.3130	1	7.1625	0	-0.6436	1.3545	1.4532	2.1103	7.1023	2	2	7.4844	0	-0.9554	1	-9.3031	1	0	0	-0.2279	-0.5668	2.9518	-1.4303	-3.4102	-5.5021	-1.7087	-10.0995	0	2	-0.3027	-2.7147	10.4915	-0.4735	2	-0.0413	0	1.8821	1	3	0	3	1	3.6415	0	3	-4.8293	2	2	2	-3.6738
-0.8835	-2.8724	-0.8482	0.8858	0.7231	3	3	0.9483	2	1	-0.5422	1	-0.0930	0	2	-4.0841	-1.4462	0	1	2	3	0	1	2	3	2.0797	0	1	0	3	3	1.2998	0.2721	0.7222	2	0	0.5356	-0.6829	2	2	0.7971	3	-2.9076	1.4637	5.6116	3	-3.0868	1	-1.4689	0.1692	0.2187	2	1.1828	2	2.5309	1.7952	0.6555	-5.2719	4.1526	3	2	1.4121	3	-0.2474	2	-3.0664	1	0	2	0.0922	1.0372	4.7692	-0.6077	1.9034	-7.4824	-1.3962	2.8191	2	1	-6.1198	-0.5808	-0.7771	1.8532	1	4.0420	0	-2.9505	1	2	1	2	2	-3.8472	1	2	-1.2483	3	2	3	-1.7566
1.2885	-2.4654	-0.4848	-2.8508	2.9287	3	1	0.5709	1	2	-0.1389	2	-2.0681	0	1	-0.3746	3.3576	3	2	1	1	0	2	0	1	-0.2618	2	2	2	3	2	-4.3113	1.4796	2.2487	1	1	-2.8457	-4.5144	1	2	0.5893	0	2.7326	-0.0525	3.3984	0	2.3039	2	-0.0037	0.8156	1.0991	3	-0.2326	3	-0.8583	-0.7952	-0.8928	-5.4604	-0.0089	0	2	1.0430	3	-0.2872	2	-4.1015	2	3	2	0.7754	-1.1046	7.5105	0.6484	2.4511	-5.9251	-0.2396	-0.6171	2	0	-0.6057	0.9617	0.7767	-3.4050	1	2.1321	1	-2.4085	2	3	1	3	2	2.0933	2	1	-1.6562	3	2	3	1.6294
-1.2664	2.1177	2.3842	0.6642	-1.9402	1	0	1.8645	3	0	-0.0035	2	-0.1036	1	0	-2.3806	-0.4509	1	0	0	0	3	3	1	0	-3.6346	3	1	2	0	2	-1.5849	-1.2567	1.3142	3	1	1.9521	-1.4860	1	1	-1.1663	2	-5.1485	-1.7505	-5.9916	1	-4.9522	1	-4.7670	1.3801	-0.7658	1	5.5868	2	-1.5245	-0.4014	-2.5509	2.8128	-5.1079	2	1	4.8116	0	-1.5345	0	-7.7055	1	3	2	-0.0595	6.5799	-11.3224	-8.5441	-0.4499	8.2188	1.6242	-7.4361	2	1	-2.5039	0.7098	1.8185	-1.7858	2	0.2660	1	-0.7317	2	3	1	3	0	2.7694	3	3	4.7963	1	2	1	1.7731
2.4865	-1.9212	-1.4897	-0.9634	0.7261	3	2	-1.7222	1	0	-0.5417	2	0.8546	3	3	3.4185	-0.9969	0	3	2	2	1	3	1	3	0.4679	2	0	0	2	2	-0.1260	1.1794	1.8754	2	1	-1.0801	-3.0315	3	3	-1.8196	0	1.7084	1.4400	-0.2436	0	0.7823	2	7.8998	0.2437	2.4798	0	-6.8241	0	0.0500	-3.0558	-1.1640	-2.3567	-4.1209	3	3	-7.1824	0	1.2130	1	8.7553	2	1	0	-1.6418	-6.9136	-1.0743	12.5858	0.7557	-2.0109	0.4890	9.7188	2	2	3.4084	-1.0152	-3.6538	0.8615	1	-0.0142	1	0.7389	1	0	0	2	3	-2.3593	1	2	-2.0836	1	3	0	2.5178
-1.5666	-2.9411	-1.1257	-1.1102	-0.5453	3	2	1.9752	3	0	2.5620	2	-1.4303	2	2	-0.1682	0.0762	2	2	2	0	3	1	1	3	0.4241	2	3	3	1	2	-1.2970	1.8673	-0.7440	2	0	-0.8531	2.7125	1	2	1.2787	3	-2.4359	-1.8885	-1.4455	3	-3.2202	1	-0.9841	-6.2590	-1.4468	1	-0.0328	0	-0.0672	-1.9925	1.5415	-4.5248	-4.2153	2	1	1.2815	3	0.2132	2	-3.3990	1	3	3	0.5970	6.9821	-2.4548	-2.4844	0.1481	2.5633	1.3144	-2.1969	0	0	-1.1336	-1.4498	0.4985	0.6210	3	-0.4384	0	-1.4494	2	2	2	3	0	-2.8635	1	2	2.6337	0	0	3	3.5551
-1.6077	-1.2031	0.7393	0.0990	-0.7030	1	1	-0.8217	0	2	1.3314	3	0.6416	1	2	-0.4345	0.5601	1	3	0	2	3	1	2	1	-1.2803	1	3	0	1	3	-1.1827	1.0881	-2.2120	0	0	1.6782	3.2103	1	1	0.0307	2	1.5778	-0.5148	-1.8475	3	0.7588	2	-0.7847	-2.8976	-1.4276	1	-0.8621	2	-0.0147	2.3710	0.4230	-0.6218	-3.5263	3	1	0.9863	3	-2.5080	3	-0.7173	1	1	1	1.3539	2.0358	-1.9481	-2.9085	-2.9076	3.4104	-1.1905	-0.5980	1	3	-2.0798	1.9703	-4.1134	0.7436	3	0.6042	0	-1.8647	1	2	3	3	0	-0.9731	0	2	5.3741	1	3	2	-0.7291
2.1868	-0.1656	-3.1088	-0.3414	0.9484	3	0	0.2923	0	0	-1.4219	0	0.3008	3	1	0.7173	0.1944	2	1	2	0	3	3	0	2	-1.0823	3	1	0	2	0	2.6608	0.3679	0.7722	3	2	0.8868	-1.8618	0	2	0.9454	2	-2.5499	1.9823	0.2114	0	0.9588	1	-1.3833	4.6839	1.1614	2	2.3354	1	-1.9019	1.5252	-2.1811	0.6378	-1.9717	0	1	4.4721	0	-1.2741	0	-3.0248	1	1	0	0.1946	-3.6410	4.5383	-0.6664	-0.9790	-4.1482	3.4820	-5.3663	0	0	-0.3805	-1.3752	2.6853	3.1192	2	-2.5214	1	1.1774	3	0	0	1	1	-1.1170	2	2	1.7749	2	2	1	0.8528
-0.3079	-0.0207	-0.3121	0.1525	3.5902	3	2	-0.7188	3	3	-0.4517	0	-1.3107	0	0	-2.2139	-1.0707	2	0	1	2	2	2	2	2	1.8207	2	2	1	1	0	1.2619	0.3197	3.1814	1	0	-1.9462	-4.5783	0	1	1.5512	3	-2.7089	1.5262	5.4131	1	-1.4474	1	-1.5608	4.1523	-2.0761	1	1.0375	3	2.6337	-1.7640	0.3110	0.5196	7.8151	3	2	-0.2008	0	0.4027	1	0.0288	1	2	1	1.0015	-4.2976	11.7721	-4.1947	3.5450	-7.6374	-0.8843	-1.7121	2	2	-0.7274	2.4290	-5.9905	-3.0373	3	1.5102	2	5.4447	1	0	0	0	1	-1.2969	2	1	0.5130	3	2	3	0.5994
-1.9324	-3.7154	-1.7595	-2.4957	1.1427	3	1	-0.1687	2	0	0.9809	1	0.3728	1	1	-0.2772	0.5087	0	3	1	0	2	1	1	1	0.2856	1	0	0	3	1	0.2060	0.2150	-0.7400	3	0	0.4803	2.3800	0	0	-0.1496	3	2.9214	-2.1268	1.8606	0	2.2030	2	-3.3840	0.4278	-2.4944	3	0.2099	1	-0.7468	-1.2404	-0.2125	-7.1894	-2.6509	3	3	1.8893	1	0.6831	2	-1.3184	3	2	2	0.1136	-5.5142	3.2979	-6.9775	-0.1202	0.2230	0.1580	-2.0241	3	1	-2.3876	-0.8761	2.3321	1.8330	3	-3.1782	1	-8.0952	3	1	1	2	1	0.3038	2	1	4.3429	3	2	3	3.3423
-0.5881	-1.3108	-0.8504	0.8911	0.3591	0	2	-0.3443	3	2	0.3380	0	-2.2544	3	0	-4.0018	-0.3344	3	2	2	1	1	3	2	0	-1.1890	0	2	0	1	1	-1.5579	-0.7600	-2.4092	1	1	0.1506	3.5975	2	2	-0.2532	1	-1.0754	2.0915	-2.5784	1	0.6110	1	-7.1298	-3.6571	-0.2161	3	6.3856	1	-0.8086	-0.9305	-2.4959	-2.8518	-3.9263	2	1	5.9310	0	1.3406	3	-8.1162	2	2	2	-0.7976	2.5961	-0.5223	-8.5209	-2.7998	2.0437	2.8347	-8.4366	1	3	-5.8004	3.1142	-0.9562	1.7857	2	0.8139	3	-2.3476	2	2	3	2	0	-0.4653	1	1	0.0754	0	2	2	1.3626
-1.6052	1.1491	0.4542	2.1506	0.3175	1	2	0.4507	2	1	1.4958	3	-1.3494	0	2	-1.9985	-2.0970	0	0	3	2	3	1	2	0	-3.8847	1	2	1	0	2	0.0816	0.2466	-0.6367	2	0	-0.8141	0.0846	0	1	0.7217	2	2.7466	-0.2539	2.6233	3	3.9675	2	-7.3338	-0.8173	-0.3157	0	6.3354	1	-1.0412	-0.2259	-0.3821	1.6439	2.5516	0	0	6.3565	3	1.9483	3	-5.7730	3	0	3	0.0075	7.2379	2.5203	-8.9901	-0.0722	0.0644	0.1456	-8.5258	3	1	-2.7934	-0.4271	4.8542	-1.2967	2	2.1024	0	3.1795	1	2	2	3	0	0.4715	1	0	2.4502	1	2	1	-1.7255
-0.8393	3.0462	-1.9901	1.3094	1.4466	0	0	-0.1439	0	0	-0.4274	2	0.2847	3	1	-0.2508	-0.5432	2	0	0	2	0	3	0	1	-0.5332	1	0	0	3	0	3.4274	1.9007	-4.0820	2	3	0.5859	5.6973	0	3	3.5731	1	0.2360	0.4755	2.3269	0	-0.1670	0	0.1881	-1.2284	-2.6035	3	-1.9299	1	-1.4790	1.4418	-1.0454	5.3556	7.3504	0	1	-1.3905	1	-2.1652	3	1.5730	3	2	2	0.4610	3.6976	2.7729	-0.8848	1.5844	-1.4432	0.6417	3.8958	1	0	0.2779	0.5355	-3.8131	2.9022	3	-1.0939	1	3.4032	3	1	0	0	2	-0.2078	3	3	2.9386	3	1	1	-0.7010
1.2763	0.9370	-0.2404	2.0952	-2.1145	1	0	1.4504	3	3	-3.0200	3	-1.5955	0	2	-0.0772	0.8008	3	1	3	2	3	3	1	3	1.6201	1	0	3	1	1	1.2682	-0.1587	0.4340	0	2	-2.3044	-4.1213	0	0	-0.7516	2	-0.7091	-1.3485	-1.6773	3	-0.6408	1	0.7822	2.4858	2.2496	2	-0.4420	0	1.0327	-0.2001	-0.6126	0.0742	1.3303	0	1	0.7582	3	2.2830	1	0.4514	3	0	1	1.8605	2.3630	-3.1542	0.8279	-3.9929	2.5577	0.2740	-2.8677	2	0	-1.1445	-0.7090	0.3889	0.5644	2	-0.3565	2	3.6358	3	0	0	0	0	1.0625	0	3	2.7033	0	3	0	-1.1229
-0.2342	-0.9446	1.1383	-0.2296	-0.4486	3	0	1.2488	0	1	-0.0509	1	0.0070	3	0	-0.6067	-1.3348	0	0	1	3	0	3	1	0	0.9797	1	3	2	0	1	1.0025	-0.7456	-0.6608	0	1	0.7384	-1.1175	1	1	-0.9239	0	-1.8609	1.0314	0.5136	0	-1.1199	1	-1.0947	-1.0885	1.3268	1	1.0032	2	-1.1026	-1.3936	1.2264	-1.0553	-2.2835	2	2	0.4614	0	3.0843	3	-1.5521	1	0	0	-0.8123	0.4926	1.6340	0.6075	-0.4741	1.0289	-1.5027	0.0169	3	1	-1.0742	3.1159	-5.0699	-0.9700	3	-3.8082	1	-3.3225	3	0	3	2	1	-0.5154	2	2	-3.2330	2	3	2	0.7284
-0.4389	-2.2291	0.0217	-1.6197	-0.4505	3	0	-0.9527	2	0	-2.0445	2	0.2535	1	0	1.1220	-1.2629	1	1	3	0	1	2	1	3	-0.4483	2	2	3	0	0	1.3916	-1.8501	0.7118	0	1	1.0817	-2.3327	0	0	-0.9886	1	0.9016	0.4583	0.9391	0	-0.0504	1	-1.7700	0.1916	-2.0984	3	2.3880	3	-1.1486	-0.1320	1.3964	-3.6609	-1.1721	3	2	3.6353	0	-0.9532	1	-2.4929	3	2	2	0.4860	-2.9264	-1.8351	-4.5263	0.1622	-1.2988	-3.5126	-3.4662	2	2	2.5905	0.9104	3.6288	3.0471	0	-0.5743	1	-5.0042	3	1	3	1	0	1.5087	3	1	-1.4064	0	2	1	-0.2201
0.8494	-1.9944	-1.2562	-0.9058	-1.0176	3	3	0.9357	1	2	0.1245	3	-0.9551	1	1	-0.2363	1.6814	3	1	2	3	3	3	2	1	-0.8546	2	2	2	1	3	-1.7315	-0.3379	3.8497	2	2	1.6543	-6.1326	1	2	0.4300	0	-2.8557	-1.7278	2.4410	0	-2.5106	2	0.2583	2.1486	0.9438	2	1.8174	1	2.0877	0.7130	7.0798	-2.1344	2.1980	2	2	-0.5665	1	-2.9501	0	-3.4129	1	1	2	-1.4405	-0.9721	1.1089	3.0058	-0.1968	-4.3634	-6.1649	0.3269	2	3	0.3874	1.7010	-3.7314	3.6919	1	-1.2563	1	-2.7447	3	3	1	2	3	-1.1597	0	1	-4.3801	2	2	3	0.7034
-0.3707	-0.0965	0.4970	1.1359	-1.8434	0	2	-0.7733	3	1	1.1699	2	-0.1750	2	1	1.3300	-0.4265	3	2	2	2	1	0	3	0	1.0705	1	3	0	2	2	2.3921	-1.7669	0.7939	3	0	0.3161	-0.2817	2	0	1.0240	0	2.9858	0.6100	-2.6281	1	1.8720	2	-1.2294	-0.4667	-3.4644	0	0.2830	1	0.0781	-0.1322	1.1873	-0.7529	-3.2682	1	2	0.0175	3	-1.1242	2	1.1323	2	2	3	1.6962	-3.4239	-6.0871	-5.5075	1.5402	5.4252	-2.3996	-2.1088	0	0	2.0120	1.0022	-0.0801	-2.5214	0	-1.7415	2	0.6585	2	1	0	0	0	-0.5395	2	3	7.9539	0	2	2	-1.4633


