
X1	X2	X3	X4	X5	X6	X7	X8	X9	X10	X11	X12	X13	X14	X15	X16	X17	X18	X19	X20	X21	X22	X23	X24	X25	X26	X27	X28	X29	X30	X31	X32	X33	X34	X35	X36	X37	X38	X39	X40	X41	X42	X43	X44	X45	X46	X47	X48	X49	X50	X51	X52	X53	X54	X55	X56	X57	X58	X59	X60	X61	X62	X63	X64	X65	X66	X67	X68	X69	X70	X71	X72	X73	X74	X75	X76	X77	X78	X79	X80	X81	X82	X83	X84	X85	X86	X87	X88	X89	X90	X91	X92	X93	X94	X95	X96	X97	X98	X99	X100
-1.0149	-0.4566	-0.0464	0.1266	-0.6613	0	1	-3.1514	3	1	0.7677	2	4.4448	3	0	1.3234	1.7230	2	2	2	3	3	2	2	2	-0.1308	0	0	3	1	3	1.6555	-0.1436	-2.8477	2	3	-2.6966	3.1799	2	2	-2.0560	1	1.7052	-1.0582	-0.1184	3	3.8173	3	-3.3839	0.2951	-1.9974	2	-2.4059	0	-0.4044	2.3878	0.7262	1.0453	-1.1561	1	3	-3.6793	1	-3.2353	0	4.0090	2	0	3	-0.2881	-1.4859	-4.3765	1.1985	0.6504	1.9681	0.4664	4.3029	2	0	-0.9309	-2.6016	2.2722	-3.8181	3	0.2060	1	-0.5795	2	1	3	3	2	-0.5256	0	3	2.6601	1	2	1	-3.4990
0.3831	1.0026	-0.1357	-1.3044	-0.5004	3	0	-1.2171	0	0	-2.0031	3	4.3146	0	2	1.0913	1.9957	1	2	3	0	1	3	1	1	-0.8893	0	0	0	1	1	4.1069	-2.5703	-0.0358	2	0	-0.1671	-2.3611	3	3	1.1712	2	1.7132	1.5742	-0.9173	1	2.3700	3	0.2442	0.6800	2.6986	3	-0.7909	1	-1.4231	-0.4937	-1.9062	-1.0599	0.6842	2	1	-0.2973	0	1.9775	1	4.7165	3	3	1	-3.1843	-1.8368	-1.1094	9.1034	-1.7672	-0.6474	4.8419	-1.3297	1	2	0.2132	1.0359	0.2710	-2.0413	2	-0.4637	2	1.4250	2	3	0	1	0	-0.6800	2	2	-7.9203	3	2	1	0.8859
-1.5124	0.1449	3.2361	1.3185	-1.4925	0	1	2.8143	2	2	0.5677	1	-2.7925	0	1	-1.6209	-2.4455	0	1	3	3	3	1	0	0	-0.1307	3	0	0	1	3	-1.1913	-0.3255	-0.2694	2	3	-1.4307	2.8794	1	3	0.3249	0	-5.0293	1.8467	-1.7675	0	-7.3268	1	3.9100	-1.4758	-2.1956	2	1.9338	3	-0.5807	-0.1613	1.8047	-1.7418	-0.0461	3	0	4.8937	1	0.7843	0	-6.7429	3	1	1	-1.1999	0.7074	1.1901	-6.9688	-1.3008	2.7511	-2.2802	-8.2619	1	1	-2.2398	0.9559	-1.0311	-5.1160	1	-0.5208	2	5.1413	3	2	0	2	2	1.1956	0	1	5.8387	1	1	1	-2.0412
0.7445	1.0793	1.6530	-0.1536	-0.7520	1	1	-1.7688	2	3	-0.3629	0	-0.6086	0	0	1.3035	-0.6037	2	3	3	0	3	0	2	0	1.3072	0	3	1	1	2	0.5839	2.2793	3.5192	3	3	0.3775	-4.7173	3	2	1.1680	1	3.3061	-0.7314	-0.4666	3	4.5249	3	-1.8340	0.2470	1.2490	3	-1.8080	3	3.1477	0.4038	-0.3087	-0.7382	1.1710	1	1	-4.8068	3	-0.0517	1	0.9600	2	2	2	0.9963	1.6562	-0.3344	1.1348	-0.4270	-1.3321	0.9603	6.0587	1	0	1.4418	0.4584	2.4280	-3.4144	3	0.4758	0	0.9257	1	0	0	3	0	2.6829	3	1	-0.3500	3	2	1	-0.8943
1.8620	0.8002	-3.2897	1.3285	0.7471	3	1	0.0640	1	0	-1.8154	0	-3.9454	2	1	-0.5128	3.0454	0	0	0	2	2	2	0	3	0.9773	3	3	0	2	2	4.3790	-0.6438	0.4429	0	1	-0.2651	-5.5335	3	1	-0.4345	1	-1.4688	3.0042	3.2475	2	-4.2090	2	-0.4045	2.1913	0.8358	0	-0.2535	1	1.4237	-0.4649	-0.4565	0.4310	2.9230	2	1	0.9136	3	0.1204	3	4.3989	3	0	2	2.3830	-1.2879	-1.3273	0.6088	2.4937	-4.1129	1.8476	-2.0683	0	0	1.2479	-1.0908	-3.7645	3.4613	1	-0.4079	2	4.5710	3	3	0	1	1	0.4846	3	2	1.9965	2	2	0	-1.9901
3.6726	-0.1959	0.6854	3.1059	0.8400	1	2	-4.5161	0	3	0.7665	2	2.0537	3	3	-2.9111	4.4192	1	0	1	0	0	0	3	3	0.1400	1	1	3	0	1	4.5326	2.3843	0.4656	0	0	-0.5230	-3.4079	2	0	0.2317	1	9.0509	-0.8429	-0.6061	0	13.6252	3	6.1896	1.4687	2.9147	3	4.9809	2	0.7487	-0.5558	0.5503	-0.4503	-0.5911	1	2	5.3227	3	-0.4243	1	-2.6146	2	2	0	0.9365	-9.1768	-0.3717	-3.7109	1.6640	-3.0307	-1.0008	-8.3066	1	3	2.7879	0.4455	-8.3324	1.3586	2	0.1110	1	0.0168	0	3	3	0	3	-1.3900	3	1	-3.8171	2	3	2	-3.0633
-0.8438	0.7110	-1.3616	2.6500	2.1125	3	2	-0.7627	0	0	-1.0592	2	-1.0833	3	1	0.3698	1.9768	1	2	2	0	0	1	2	1	-2.1148	1	0	3	2	1	-0.9842	0.5242	2.6552	1	1	0.0733	-4.5412	3	1	2.2106	0	2.2674	-1.1472	3.8801	3	3.7704	3	2.5346	-0.1318	-4.3100	1	0.1295	1	-1.9305	0.3332	-1.0711	-1.5030	1.9948	1	1	1.7159	1	0.0635	3	3.6779	2	0	2	0.5300	1.7553	-0.6342	-10.8489	1.5536	-2.1283	6.2859	-5.3485	1	1	-1.0857	3.4741	3.4781	3.0074	1	0.9193	3	-4.4042	0	2	3	0	3	0.7851	3	1	8.4432	2	1	3	-2.8294
0.1768	0.9553	-1.4752	2.9478	-1.1900	3	1	1.4563	0	1	-0.0360	2	-3.2947	1	2	-1.5012	-0.2919	3	0	0	1	0	1	3	3	1.7488	2	3	2	2	1	-1.6929	-0.2796	3.9281	0	2	0.4491	-4.7723	1	2	-0.8326	3	-1.6255	-3.8452	0.9962	1	-2.0406	2	1.6086	-0.3772	-0.4591	0	-0.5287	1	-0.0917	2.4526	-4.3037	-1.0472	1.0069	2	1	1.4363	3	-3.2027	3	-3.3749	2	0	2	0.8595	1.0415	-3.1080	-6.3159	1.8827	-0.7325	4.3969	-1.0125	1	0	3.0724	0.1378	-7.1772	5.3796	1	-0.4022	0	-6.2372	1	2	3	0	2	0.3254	0	3	6.8378	0	1	3	-3.9360
1.4574	1.1472	0.6464	1.5293	0.6212	3	0	-1.7057	2	0	1.0364	2	-3.5782	1	1	-1.2705	0.4718	0	0	3	1	2	3	3	1	-3.3045	1	3	2	0	0	-2.1362	0.3980	-2.0442	2	0	-2.7096	2.3605	2	2	-2.5242	0	1.8262	0.1302	-2.1591	2	2.2218	3	2.8052	0.4225	-1.0451	2	2.3203	2	-2.7831	0.3054	-1.4820	-0.6960	0.7489	2	0	1.7174	1	2.3069	1	-3.2557	0	0	0	1.3706	0.6115	0.9549	-8.0504	-2.3903	1.2170	1.0736	-2.8510	0	2	2.5873	-2.9131	-6.9115	-6.1043	1	-1.4053	3	-2.1433	0	2	3	3	3	-0.7069	2	1	5.9470	0	1	1	-4.7376
-2.2950	-0.3674	-0.0344	-0.4274	0.3007	0	0	1.0332	0	3	0.3694	2	-0.9453	0	2	0.3393	0.0132	1	1	2	3	2	0	1	1	-0.3586	1	0	3	2	1	-0.8948	0.1970	-0.1705	2	2	-1.5453	2.9907	3	2	-0.5299	1	-2.5197	0.5846	-3.1970	1	-2.0989	0	-2.7324	-1.7468	-5.7877	1	-5.2101	1	0.7665	-0.0699	0.5377	-0.1782	-2.1454	0	0	-5.7645	0	0.4632	3	4.1477	3	1	2	-4.6169	1.0441	1.0008	-1.6848	-0.1336	4.7852	-0.3137	7.5043	1	0	-1.2235	-0.4432	4.4495	-0.0160	0	-1.5471	1	-3.3877	0	0	3	0	3	2.9587	3	0	10.4474	2	0	0	-0.6980
-1.9381	0.9864	-0.6687	3.1583	-0.7182	1	2	0.9862	3	3	0.1682	1	-0.2690	2	2	2.0503	1.6804	2	3	3	3	3	1	1	3	-1.2400	1	3	1	3	1	1.6699	0.0180	0.3156	2	3	1.7704	5.5680	2	1	0.3007	2	-2.2202	2.9811	-0.3189	0	-4.3937	1	-0.6641	-0.6922	-0.8770	1	-3.2161	1	1.4137	0.8563	-1.3688	0.2950	1.6836	0	0	-4.2116	0	-1.9326	3	6.3929	3	0	1	-0.6312	5.0633	1.5127	-0.6760	1.8138	1.9441	4.2201	5.8220	3	0	-0.8466	0.1608	5.4221	3.7533	3	-0.7846	0	3.7900	2	0	0	1	1	-0.0893	0	0	5.1508	3	0	0	-6.6691
0.4847	-0.1561	-0.6671	-0.8444	1.8463	1	0	-0.3724	1	2	1.2526	0	0.6160	1	1	-1.3577	-2.6811	1	2	0	0	0	0	3	2	-1.2874	2	3	0	3	3	-4.1491	-2.9264	-1.0717	1	2	-1.3722	0.9570	1	0	-0.2113	1	1.2543	-0.5997	1.4919	1	-1.6295	3	3.4073	0.0011	-0.4072	3	2.6158	1	-0.6087	-0.4501	0.5563	-0.1577	0.2502	0	0	4.9872	1	-3.1569	0	-4.4667	2	0	2	-0.2038	-2.5989	3.6862	-5.5441	-1.6903	-0.9726	-2.7852	-7.6280	0	3	1.7305	1.0702	-6.7872	-0.3891	1	-0.4387	2	-0.2345	1	2	1	3	2	0.9522	1	1	4.3223	1	1	1	0.2433
-1.4293	-2.4334	-0.2580	1.8777	0.0965	0	2	-1.1394	3	2	0.7503	2	1.8678	2	3	-1.6700	-2.6810	3	1	2	2	2	2	3	0	-1.2616	3	1	3	3	0	-4.1015	-0.9774	0.1916	2	1	2.2491	2.5107	0	2	1.6321	3	1.1350	1.8625	-0.7073	1	0.1375	3	2.4778	0.5452	-1.5976	0	2.1196	0	-0.1545	1.8943	-2.4533	2.3476	-4.3609	1	0	3.4976	2	0.9541	3	-5.1627	0	0	3	-1.0655	-3.3823	-0.1526	-2.7288	4.1429	0.9854	-0.5782	-3.9563	1	3	3.8226	3.0567	-4.5941	2.8446	1	-0.9877	0	3.3305	0	0	2	1	2	-0.7231	3	0	0.7816	3	3	0	-4.2723
0.8963	0.9092	-1.0855	-0.6605	-0.6265	3	1	5.4799	3	2	-1.0280	2	-0.9135	1	1	-1.9111	0.2011	3	1	1	1	2	2	3	2	2.3154	0	0	2	2	2	-0.4778	1.4138	-0.5493	2	1	1.3501	-2.2227	3	2	-1.1464	2	-6.6916	-2.1859	-0.9444	2	-6.2613	1	1.1938	2.1470	0.2205	1	0.2753	1	0.3815	-1.5866	-0.1610	-1.1790	1.6269	0	1	2.1353	1	1.3020	0	-4.4263	1	3	2	-1.3091	3.5810	0.6321	-0.5331	-0.6694	-2.2026	0.5033	-3.0156	1	1	0.7973	-0.5548	-2.8972	2.8565	1	1.9713	1	-3.7014	1	3	3	0	2	-0.8395	3	1	2.3278	2	2	3	1.3241
-1.1937	0.1556	0.5671	-1.3853	1.8727	0	3	0.3880	3	3	0.6377	2	2.3853	1	2	1.5126	2.1221	3	1	3	3	2	2	0	1	-1.0819	3	2	1	3	0	0.5065	0.4903	2.6696	0	1	1.4417	0.6605	0	2	0.0191	3	0.3872	-0.1890	1.8831	1	1.9185	0	-0.7507	-1.3062	-3.4816	0	-1.2745	3	-1.0292	0.0666	0.8590	-0.0061	0.4009	1	3	-1.4753	0	1.2561	0	2.5521	2	1	3	2.9224	2.0626	-2.5201	-6.5343	1.0575	-0.0033	1.6341	1.2870	2	3	-0.7585	-3.9940	-1.5882	2.7213	0	1.0797	0	-1.0416	2	1	1	2	3	2.6917	1	2	8.5125	2	3	0	4.9452
2.3067	-1.1462	1.0307	0.3689	3.0224	0	2	-1.3883	2	0	0.0322	3	-1.2233	0	1	-0.7772	-1.6635	1	0	2	0	3	0	0	2	-0.1682	1	2	0	1	3	-3.1667	0.8206	-1.5254	1	2	1.3626	-2.9297	1	1	0.1430	1	-0.4233	0.3757	3.4027	2	-0.5397	2	-1.0526	-1.4230	4.1806	2	-0.1016	3	-1.2360	0.6192	3.1679	2.4866	1.4344	2	1	-0.8063	1	-0.4477	2	-1.8362	0	2	0	2.4565	-2.0052	0.5353	6.3434	4.6976	-7.5656	-4.0576	-2.7490	3	0	-0.9433	2.3833	4.4917	0.9314	2	-0.1468	1	0.7583	2	2	2	1	1	-0.9961	0	0	-5.5643	1	1	2	-0.3602
-3.3340	-1.2009	1.4914	-0.6752	2.6632	0	3	-0.6958	0	3	2.0570	2	0.7125	1	0	2.1932	-3.1741	1	1	3	2	2	3	3	0	1.1782	1	0	2	1	1	-2.6773	-2.7112	-0.4803	1	3	-0.8581	4.4344	3	0	-2.0552	0	1.7887	-1.2029	3.0032	1	0.2541	3	-2.4088	-3.4831	-7.1732	2	-2.4023	3	1.4682	3.5327	-3.7228	2.1482	1.1548	0	0	-2.6777	2	-6.7950	0	1.6043	2	0	1	-1.3336	4.0837	-0.3291	-3.4365	-0.0726	-0.2971	4.1731	2.6578	0	3	-0.7885	0.2448	0.0241	-1.9787	0	-0.1498	1	1.3432	3	0	2	2	2	0.6143	0	3	8.9864	3	0	3	0.7177
0.2515	2.2209	-0.6169	-2.3505	1.8954	3	2	2.7704	0	1	-1.7115	0	-0.1807	1	1	-3.4934	0.0635	0	1	3	0	1	3	3	0	-1.2137	1	1	0	1	1	-2.3341	-2.9079	0.7206	2	0	2.0549	-2.4663	1	3	0.4498	0	-4.8635	0.2890	2.2488	3	-10.2825	1	5.7752	1.9674	1.7621	2	4.2064	2	0.6518	-1.0405	-2.3956	-4.4543	4.0445	0	2	4.3786	0	3.1193	0	-4.6119	1	3	1	2.1520	-2.2338	-2.4581	-3.7383	1.8664	-0.5738	3.5780	-5.2561	3	0	2.0780	5.6785	-0.1558	2.2309	1	0.2081	3	0.7385	2	2	0	1	2	-0.4494	2	2	-0.6712	1	1	0	0.8544
-3.2035	-0.4641	0.8770	-0.6065	-1.8075	0	3	-4.0816	1	1	0.4061	2	2.9319	1	2	0.7215	-5.1894	0	1	1	3	3	1	2	2	1.1461	3	0	2	3	2	-6.9298	-1.0862	1.2790	1	3	0.9827	-0.3457	1	3	-0.3829	0	5.1907	0.3612	-1.2381	1	5.5072	3	-1.1333	1.5522	-7.4606	2	-0.2630	2	2.2252	-1.1288	2.6713	1.0610	-1.5788	1	0	-1.7563	0	2.5327	1	-3.2670	2	2	2	-0.1394	-7.0447	-3.9211	-12.9629	-0.0845	2.6613	-3.3979	5.4967	2	0	0.8506	-1.8983	-2.2770	2.4034	0	-0.4066	3	-0.0764	0	2	3	3	2	-0.6683	3	3	13.5581	3	2	3	-0.6865
-0.5098	1.4117	0.2306	0.4797	-0.5466	3	0	3.5245	1	1	0.6727	0	-0.3179	2	2	0.1358	4.4939	3	1	3	0	0	0	0	3	-0.8949	0	3	0	1	0	9.5112	-1.3316	-1.1387	1	2	-0.0704	0.3784	2	1	0.7392	1	-5.0839	1.2395	0.0935	3	-7.5712	1	2.1618	1.6758	-1.7386	0	-0.3490	3	-0.0656	2.6235	1.3617	-2.0161	0.8334	0	1	0.1384	1	-2.6380	0	4.2354	1	0	2	1.5518	4.8375	2.9607	-11.0525	1.5020	0.6589	-2.3299	0.3739	0	2	0.6918	-0.3364	-0.9544	0.0421	3	-0.6035	2	1.6947	3	3	2	0	2	-0.8675	0	1	10.6321	0	0	3	0.2069
2.1081	-0.3617	-0.5196	2.6135	1.2284	1	3	-3.8347	3	2	-0.8385	2	1.4683	3	1	-1.6422	0.6403	2	2	2	2	3	1	3	1	1.1733	2	2	0	0	1	-1.8056	-0.7262	0.4047	1	0	1.7280	-3.0043	1	3	-2.3291	2	5.0210	-1.8653	0.3582	2	6.6088	3	2.4720	-0.8512	1.0601	3	3.4237	0	-1.0702	0.2800	-0.9858	0.7671	0.6716	1	1	2.5014	1	0.4550	2	-3.1932	2	0	2	-0.1884	-3.8908	-5.1776	-2.4275	-0.7748	-1.8784	3.6454	-4.4082	2	1	2.2067	0.8840	-2.9669	1.4008	1	-1.1430	1	-1.5603	2	2	1	1	2	0.5356	2	3	0.1562	1	1	3	-4.0579
2.0914	0.3729	-0.9435	1.8827	0.2914	3	1	0.0459	3	1	0.4493	2	1.9203	1	2	2.2627	-1.4830	2	0	3	3	0	2	1	0	-0.7150	0	2	0	3	0	-1.7774	0.8592	2.5570	1	1	3.7593	-2.9191	0	2	0.2427	1	-0.6750	0.7707	0.3140	0	-3.3009	1	-0.8142	-3.3703	2.2519	0	-0.0521	2	-2.8201	0.7701	3.4497	1.0220	1.3411	2	1	1.0191	0	-0.4234	1	-0.1974	1	3	2	-2.0627	1.8042	-2.7461	7.4042	2.5458	-1.4130	-2.9975	-3.0593	1	0	-1.7825	-1.5679	-1.0060	6.5390	1	0.5293	2	1.8104	3	0	0	1	0	0.8688	2	2	-6.0020	2	0	0	-2.5241
2.6122	-0.0388	0.7052	-0.7193	4.9610	0	1	0.4705	2	1	2.1463	2	0.6797	0	1	-0.3505	-1.1429	3	3	0	0	0	3	3	2	2.1760	2	2	3	0	1	-0.6796	1.1972	1.4042	0	0	-0.7599	-0.8793	2	0	0.9845	0	0.5587	0.4574	1.4294	3	0.9381	0	-4.3426	-0.4158	1.3313	3	0.2253	2	1.4277	-0.0220	-1.6334	1.0604	-0.0884	2	3	0.9115	1	-1.9537	2	-4.4863	3	3	0	-0.6639	1.4391	1.9333	6.1397	0.2980	-2.0284	1.2272	-2.2960	3	0	0.7827	0.5558	0.7079	-1.4352	2	-0.5100	0	-2.3550	1	3	3	3	1	0.1325	0	0	-8.9575	0	0	2	0.2463
-2.2530	-0.7435	1.6607	-0.7936	0.3149	1	0	-2.0392	1	3	1.1817	2	0.1839	0	1	-1.6256	-0.6901	2	1	0	1	1	1	0	2	-2.7174	0	2	2	0	2	-1.0986	1.0941	-2.5328	2	3	-0.6376	8.1639	1	2	1.0493	3	3.2291	0.9101	-0.1347	0	5.2133	3	1.1507	1.5816	-0.9662	3	-1.3994	3	2.0702	-1.7051	1.4738	0.0791	-1.0453	1	0	-0.8426	0	4.0936	2	1.0619	2	2	2	-1.2179	-8.2067	-1.9999	-1.4879	2.4842	0.6799	-1.8177	2.2254	2	0	2.6559	-0.4458	-3.1069	-1.6596	0	-2.5912	3	2.5268	2	2	0	1	3	0.1062	2	3	3.8158	1	2	0	0.4508
1.7929	-0.4701	1.2651	-0.8963	1.3641	2	2	-0.9192	2	2	2.1238	2	1.9407	1	0	1.9155	-1.1317	2	3	3	2	3	1	2	2	2.2515	3	1	3	0	1	-1.8324	-0.8012	2.7345	2	0	-1.4112	-2.5559	0	2	1.3048	1	-0.3296	-2.7238	-2.2330	2	-2.8366	1	-4.6028	-1.8269	0.2091	2	-1.0161	2	-0.5043	3.5402	-0.4547	-0.6163	-2.6730	2	1	2.3613	3	-2.9407	3	0.6165	2	0	2	0.9756	0.7115	3.3865	5.8098	-0.0932	0.2802	2.9877	-4.1526	3	1	-0.1754	1.0042	0.1549	-5.1822	1	0.3710	1	-3.8805	2	2	3	0	0	1.7337	0	1	-1.6076	0	2	2	-0.0606
-0.8335	1.2949	-0.2137	1.4663	-0.6165	3	2	-0.6733	2	0	-2.5262	1	-1.2995	0	1	-3.8505	-0.7548	0	0	3	3	0	3	3	1	-0.0648	2	1	1	3	1	0.6233	-1.1424	3.8406	1	1	0.8537	-0.5565	2	2	-0.5993	3	0.0154	0.9152	-1.3852	2	1.6720	3	5.3358	0.4043	-0.4872	3	0.9346	3	-0.2611	0.2247	0.4176	-3.1092	2.4488	1	1	0.6746	0	-0.0680	3	-1.4991	1	0	3	1.1037	-1.3996	-0.1706	-9.3216	2.6050	1.8437	-0.9929	-2.0658	3	2	2.5307	2.2918	-0.2481	0.4572	1	-3.2604	2	0.6771	2	3	0	0	2	1.2269	1	1	5.2122	3	1	3	-2.6651
-0.5194	-0.8414	-0.8653	2.7147	0.4710	0	2	0.3906	2	1	2.5714	1	-1.8127	1	0	1.0189	-0.8302	2	1	3	2	2	0	2	2	-1.3336	2	0	2	1	1	-4.1049	0.6848	-2.6934	3	2	-1.9952	1.7935	1	2	-0.0703	0	0.1578	0.6051	5.0030	0	-1.6552	1	-0.2135	-1.4764	0.5966	3	-0.8111	1	1.8771	0.4692	-0.5273	2.3476	1.9861	3	0	-1.0050	3	0.5170	2	2.7533	0	1	0	-0.8923	0.9614	-2.8369	2.7264	2.8265	-2.5926	-1.1604	3.1647	0	2	-0.9258	0.3590	1.9141	-4.7299	3	0.0413	3	1.9633	3	1	0	1	1	2.3379	0	1	-1.8989	1	2	1	-3.2977
-1.6663	0.3176	1.5772	-1.3099	-0.2654	3	0	-1.1166	0	0	1.7386	3	1.0078	3	2	1.1573	-1.4998	2	3	2	2	0	3	2	0	0.1456	3	2	1	0	0	-3.5915	0.3809	0.7605	2	3	3.3646	1.2395	1	0	1.4101	3	-0.1847	-1.1011	-1.1107	1	-3.8495	3	-1.7521	-1.5482	0.0845	1	-2.2790	0	1.9426	0.3212	4.8041	0.8459	1.1797	0	0	-2.7023	1	1.9690	2	1.2891	1	2	2	2.2811	0.9386	1.0054	-3.2233	-1.3312	2.0520	-5.1310	3.7172	1	3	-0.0595	2.7546	4.9361	3.3940	3	1.1512	0	-0.8209	2	2	3	1	3	0.7109	2	0	7.2299	2	2	3	1.7595
1.9813	0.5744	-1.5762	-0.1763	3.0214	0	1	-0.8276	2	2	-0.8395	3	-1.2051	2	1	-2.2499	-0.8237	1	3	3	3	0	2	0	2	1.5163	1	3	1	2	3	-0.5079	1.9094	-1.0188	3	0	-1.8210	-4.8078	1	1	-0.5416	2	-0.9023	1.3010	0.4643	2	-2.0997	2	0.9764	2.7767	4.0457	2	0.5763	0	0.7959	1.4015	-2.4957	-1.1650	1.7359	2	2	0.4500	1	-3.0079	3	-0.6253	0	2	3	1.2885	-2.1863	-1.4020	6.8101	1.0875	-1.8342	-0.4082	-0.2915	0	3	1.8070	-0.9424	-2.8493	-2.6026	2	-0.7193	2	2.5236	2	3	0	1	1	-0.5875	1	1	-9.4777	1	2	2	-0.3495
2.2812	-0.7239	-0.2876	-1.6166	1.7131	0	3	-1.1173	2	2	0.9226	2	3.2699	2	3	-0.8560	0.0846	0	0	2	1	0	0	3	3	1.1939	0	3	0	1	1	-2.6406	-0.8197	1.2211	3	0	-2.2595	-7.7443	1	0	-0.4050	3	-0.3392	0.8481	0.7111	0	0.3446	2	4.5475	-0.4087	1.8930	3	-1.2375	0	0.7629	-0.5920	-0.9116	0.2484	1.1025	3	1	-1.4700	2	1.9063	3	-0.6076	0	1	2	-0.6664	1.0618	-0.0114	-1.7728	2.1794	-2.6488	1.8552	0.2075	3	3	1.4391	-1.2595	0.0522	-3.7943	2	0.1428	2	0.5248	0	2	2	3	1	2.0872	2	2	3.5956	1	0	1	3.5100
-0.1990	-1.2319	-0.3352	-1.3369	-4.6239	2	0	-1.1713	0	3	-2.9895	1	-0.6473	2	3	-2.7595	2.1543	1	2	1	0	3	0	3	3	-1.9396	0	3	1	1	0	0.0534	-0.1334	1.5113	3	2	-1.6331	-5.4011	3	0	-2.6079	1	-0.9853	1.7897	-2.1022	1	-4.3567	2	4.7903	3.8690	1.9265	3	3.3270	0	1.2966	0.5027	-2.0968	-0.3064	-2.7790	3	2	5.2800	3	-1.7618	0	-3.0642	3	2	3	2.0302	-7.5552	0.5463	-5.2211	0.0560	0.1715	1.9813	-5.8040	1	3	-0.7612	1.7882	-2.8022	-2.7408	1	0.7712	0	3.3642	1	3	0	2	2	-1.1537	3	3	2.6021	3	1	0	3.4988
0.1892	0.7009	-0.9858	-0.8028	-0.4085	0	2	1.7378	1	0	0.5812	0	0.4217	0	3	0.0671	1.7310	2	2	1	3	3	1	1	3	0.3302	3	2	0	2	2	2.7175	1.6727	2.6082	1	1	1.4178	-5.2381	3	1	1.4135	2	-1.9264	0.1258	-1.3531	2	-1.3271	1	0.6016	0.6710	-1.1168	1	-1.2504	1	-0.7124	0.3240	-0.5291	-0.7699	0.4692	3	1	-0.4733	2	1.9723	3	3.9400	3	2	1	-1.2491	1.2974	2.2430	-1.4049	-1.7392	-1.1243	-0.4220	0.1618	1	3	-1.1807	-0.6440	3.2863	3.8601	0	-1.5281	2	-2.4196	3	3	3	0	1	-0.0282	2	1	3.4414	2	0	3	3.0139
-1.5390	1.9242	1.4501	-3.0265	0.5877	3	2	-0.8764	0	3	-2.5788	0	-1.5947	1	1	-0.7030	0.0416	3	0	3	0	2	3	3	1	0.2054	1	2	0	0	0	-4.5603	-2.0022	2.0983	0	1	2.8742	4.0324	2	0	0.0441	1	1.7482	-1.4122	1.6593	1	0.4303	3	0.0206	0.3294	-3.9483	2	-0.8927	2	2.2756	-0.9516	-0.0967	-1.6018	2.5787	0	0	-0.5725	1	-0.4556	3	1.1563	2	2	1	-2.7102	3.3474	2.5772	-1.5757	-1.1036	2.8394	0.6148	-0.4751	1	0	-1.1762	0.6233	3.9396	2.0414	0	0.1560	3	-2.1975	1	0	0	3	2	0.1101	0	2	0.8475	0	0	1	4.6293
-0.1188	0.2959	0.7194	1.8216	2.6548	0	3	-0.5673	0	3	-0.0993	1	1.8592	2	1	-0.8532	1.8369	0	0	2	2	1	2	3	1	0.5961	2	3	2	0	3	1.4330	-1.6745	0.9591	2	1	-2.3206	-0.5515	3	3	-1.5356	2	0.8242	1.1197	1.1017	2	1.8806	3	-0.9031	1.2082	-0.0873	3	-1.0628	3	-0.1073	-0.8602	-1.5594	1.5534	0.7968	1	1	-0.6897	3	2.0879	1	5.0366	0	2	3	-0.6374	-1.6298	3.1967	1.9755	1.4028	-1.4590	1.8101	0.7806	1	1	2.8789	2.3411	0.8515	-4.9551	3	1.1144	1	1.3749	0	3	1	1	3	0.2181	1	0	1.8926	3	2	2	-2.4420
-2.3257	0.8012	-0.8964	2.0055	-1.3060	3	3	0.1748	2	2	1.0219	2	-4.2377	3	1	1.5077	-2.3304	3	2	3	2	1	2	2	0	1.2893	3	1	3	2	1	-1.5319	-0.5339	-0.8952	2	1	-0.2494	1.7712	0	0	-0.6205	2	-0.8968	-1.7362	-1.2826	0	-1.5266	1	-2.9704	-1.0498	-4.2341	0	-3.9533	3	-2.0876	-2.2786	2.3353	-1.1206	0.8298	3	0	-3.3915	1	5.4818	3	2.9176	1	1	3	1.2485	0.8433	-1.6979	-2.4781	1.0740	0.7552	0.9682	5.4340	1	3	-4.1297	6.9418	15.2748	0.5125	0	1.5298	1	-1.5945	1	2	2	1	2	1.9663	2	1	8.0796	2	0	3	-1.4826
0.2698	-2.2496	-1.7641	-1.5145	3.2947	0	2	-0.3109	3	3	-1.3526	3	5.1449	0	1	-0.7438	-1.1608	0	0	0	2	3	1	0	0	0.5067	2	3	2	2	0	-2.1195	-0.3430	0.5208	1	2	-0.6585	-5.9255	0	1	-2.5504	3	0.8899	-0.1989	-1.8272	3	-0.2841	0	2.3199	0.4341	1.9677	1	1.7818	1	1.9733	1.7001	5.6223	1.7223	-4.3383	1	2	2.4488	1	-2.5582	0	-5.3387	0	1	0	-0.7691	-1.0718	3.1345	1.8123	1.2173	-2.2948	-5.4924	-1.5223	3	2	2.3252	4.4588	0.5731	0.8658	2	-1.7344	3	1.3023	2	2	2	2	1	1.1270	0	0	-2.6610	2	1	1	1.7392
1.6363	-0.0033	2.0775	0.1657	-2.6397	2	3	1.3361	2	1	1.4352	1	-4.2726	1	3	-1.8194	-1.0686	3	1	0	0	3	1	2	2	-0.0251	3	1	2	1	0	-3.1080	1.3017	-0.1934	2	0	-0.3886	-2.1707	1	0	1.6754	3	0.1132	-0.7128	-2.3034	0	1.3592	1	3.2112	0.6351	2.7854	3	1.9501	2	1.3332	-0.4712	-0.3651	-0.4351	-1.1643	2	2	2.0234	2	-1.1156	1	-2.1822	2	0	0	-0.2807	-0.8149	0.1664	4.1842	0.7461	-1.6904	0.0917	-3.3325	3	0	2.1012	-2.0026	-5.1421	-2.8032	2	-0.4460	3	0.5687	2	2	3	3	0	0.3539	1	1	-7.6158	1	1	1	-1.0636
0.5496	0.5625	-0.9120	0.8135	1.4942	1	1	-5.0155	2	0	0.1396	2	-0.0866	1	0	0.6479	-1.7547	2	0	1	1	3	2	1	2	-0.3466	2	2	2	3	0	-0.2479	-2.5577	2.5727	1	1	4.4134	1.8544	2	0	1.0528	3	7.6538	-2.2331	-0.7803	3	10.9309	3	1.2412	1.3148	-1.7468	3	-2.4276	1	0.5560	1.2922	-0.9670	-0.0866	1.4914	1	3	-2.0967	3	-0.9156	3	-0.5622	2	0	0	1.3152	-4.2090	2.1496	-4.4466	0.3384	-0.4842	0.8860	1.7123	1	1	0.2102	0.5660	2.7681	9.7675	0	1.5108	0	-5.1479	3	1	3	0	2	-1.2242	0	3	9.0129	3	3	0	-0.9564
-1.0123	-0.8381	0.3248	-2.8348	-0.4807	0	1	4.4330	1	1	0.1558	1	4.7778	2	0	1.3798	-2.3744	3	1	0	1	1	1	0	1	1.2968	1	0	0	2	2	-1.6294	-2.1189	-4.9263	2	3	-0.3415	1.1227	2	1	-0.7908	3	-6.5186	3.6553	-0.4989	3	-8.7184	1	-2.3397	-1.4260	-0.3408	1	-3.8268	1	0.3122	-0.5141	2.5414	-0.1464	-1.7157	0	0	-3.5441	3	0.5543	0	1.7850	3	3	2	-0.2594	6.4791	0.0106	2.7354	0.0967	-0.1946	-2.5754	6.6226	0	2	-2.7880	-1.5227	5.2740	1.0508	3	-0.7981	2	8.2023	3	2	0	1	2	-1.9400	1	2	1.6895	0	0	1	4.8753
0.7080	-0.8907	-0.0437	1.6343	0.6991	0	2	0.8719	3	0	-0.5251	3	-1.3945	3	0	1.9495	0.2710	1	1	2	3	2	1	1	3	0.4537	0	1	0	3	3	-0.7251	-0.9286	-1.7914	1	3	-0.9130	5.3718	3	3	2.1422	0	-1.8741	-0.7253	-2.9965	3	-1.8971	1	-2.6577	1.2708	0.3784	1	2.1599	2	-1.8007	0.9851	-0.4546	1.2136	-3.1141	0	0	2.9776	3	0.6897	0	-1.2008	0	2	2	1.3868	0.6090	0.6162	2.3725	-0.9641	0.3509	2.0723	-2.5698	3	3	-1.8674	2.9120	0.6702	-0.5010	1	0.6802	3	-0.9298	1	2	3	0	1	0.3995	2	1	-6.6743	3	1	0	0.0315
2.5279	1.0637	-0.4467	2.4465	-1.9579	0	1	-0.8059	3	1	2.6595	2	1.2070	0	2	1.7815	-2.2592	3	0	1	3	3	1	1	1	-0.7015	0	2	1	2	3	-3.3835	-0.3711	-1.2359	0	0	0.3376	-2.0900	3	1	2.5828	2	1.2250	3.5825	-1.7296	0	1.7548	3	-0.6374	-3.3367	3.1444	2	0.1534	2	-1.2660	-0.9317	0.9613	0.0784	-1.4956	2	1	0.2850	0	-0.9039	0	-1.7141	3	3	2	-0.1351	2.9055	-0.9750	2.9748	-0.1477	-4.2373	-3.8547	-0.3218	0	3	-2.0693	0.6467	4.1946	1.4010	3	-1.2145	3	4.6875	0	2	2	2	0	-0.6916	3	3	-6.2578	0	1	1	-1.7437
-0.0529	0.9745	-1.8809	2.8944	0.6917	2	1	0.8595	2	1	1.3977	1	-0.8488	0	2	1.3694	-0.0939	1	3	3	2	2	1	1	3	2.7253	2	2	3	2	1	-0.6949	-2.2210	-1.9112	1	3	-1.6344	1.5952	2	1	0.3246	3	-3.0741	1.1791	2.9484	0	-6.3893	1	-1.3742	-1.3808	2.1693	1	0.3850	1	-1.4332	-0.2741	0.4218	-1.7296	2.5692	0	3	-0.5453	2	0.1085	2	-1.1662	1	3	3	-2.9031	0.6981	1.3873	9.0847	-1.3925	-0.6381	1.3674	2.0157	3	2	-1.2022	-0.4659	1.4327	0.5065	2	-1.0924	2	-1.3682	0	3	3	1	0	0.5107	1	1	-4.6643	0	2	1	-3.9019
-2.0646	0.6517	-1.3343	-1.4812	0.9218	3	3	-0.7698	2	0	1.8912	2	-1.8038	0	0	-0.5240	-1.8308	3	1	3	2	1	1	0	0	-1.1836	3	3	2	2	2	-1.2555	-1.9490	-1.7198	0	3	-2.3869	3.5751	2	1	-0.2993	1	1.2981	0.9728	0.1476	3	0.9762	3	0.7151	-4.6257	-4.9931	0	0.9914	0	1.9004	-1.1554	3.3302	-1.0998	1.0579	1	0	-0.9320	0	2.9473	0	-5.6612	2	1	2	0.1990	5.6565	0.6196	-8.5966	1.9224	0.5145	-5.2589	0.6393	0	0	0.6260	-0.9751	-0.7444	-1.6292	0	-1.4577	3	1.3494	2	1	0	1	2	0.1547	2	2	6.1941	2	3	1	1.4537
0.4493	0.0543	0.6279	1.0085	-2.7408	0	0	-0.5552	0	2	2.4324	2	-3.5462	1	2	1.7382	2.6704	3	3	1	0	0	2	1	3	-0.7414	0	1	3	3	2	1.9345	-2.3380	-1.5658	3	1	-0.0157	2.6753	3	3	-2.1283	1	-1.5706	0.1395	-1.2562	0	-3.6125	1	-3.3857	-1.7771	1.3011	2	1.0878	3	-3.0335	1.4923	-1.1104	1.3337	-1.0800	2	0	-0.8341	1	-1.5351	2	1.6903	3	0	2	-2.0809	4.4102	-3.1115	8.3004	1.7932	-2.1053	1.7520	1.9012	0	1	-1.4247	-0.9751	1.8969	-2.6325	3	1.2836	1	-1.0614	3	1	3	0	0	-2.0834	3	3	-12.5860	3	3	2	-0.5343
0.3320	1.3875	-1.1615	-2.0519	1.7991	2	0	-2.3952	2	0	2.8107	0	2.4396	0	0	1.2052	2.7916	2	3	3	0	0	2	2	3	-0.4070	3	2	1	2	0	5.4117	-2.0427	-0.2187	2	3	-0.8561	-1.3216	2	1	-1.3040	1	3.8027	-0.1257	1.9629	1	7.2028	3	-1.2802	0.2811	-0.8890	1	0.4766	1	1.4972	0.3358	4.1843	-0.1931	2.6693	1	1	-0.3715	1	0.7176	0	2.5595	2	0	1	-0.7064	-0.2416	-1.2335	-1.5321	-2.2663	-3.8971	-2.6374	3.9524	2	3	2.2843	0.5628	-2.1065	2.0725	0	0.5237	3	-0.6084	3	3	3	0	3	-0.8992	0	3	3.6596	0	2	2	2.7750
1.6352	-1.3802	-0.6588	1.6545	0.3335	0	2	-2.9887	1	3	0.0576	1	0.5188	1	0	-0.8641	2.2280	1	0	1	2	3	3	1	3	-0.9205	0	3	1	3	2	2.5796	-1.3823	1.8048	3	0	1.7564	-5.7324	3	2	2.3826	0	5.8935	1.7624	1.3759	3	7.8837	3	0.2928	1.6213	3.7192	3	-0.0781	0	0.0416	1.2782	-1.8024	0.9965	-1.0110	1	1	-1.1214	3	-0.1094	3	3.1388	0	2	3	0.7713	-7.6601	1.6054	4.3656	0.8409	-2.7969	1.2326	3.2490	3	3	0.4492	0.1127	3.2750	1.6496	3	0.9674	3	3.9376	3	3	0	1	0	-1.4515	2	0	-6.3942	3	2	0	-0.6448
1.3368	-0.5148	0.7614	2.1522	-0.8316	1	3	2.5651	2	1	3.0873	1	-2.4291	2	2	0.6410	-1.5013	1	0	1	1	1	3	0	0	-1.4260	3	3	2	1	1	-2.8336	-1.9411	-0.0033	2	0	-3.6184	-5.2296	0	0	2.1748	1	-1.6995	1.3045	1.7773	2	-4.1659	0	-0.6801	-2.2001	4.9088	3	0.2511	3	-1.3398	0.9752	-0.0408	0.2881	-0.2762	2	2	0.8800	0	-2.6477	3	-3.9061	3	3	1	2.0887	0.8292	-1.5654	6.9703	-2.6029	-3.4574	-2.4231	-0.3281	0	3	0.1460	-1.4720	-1.3059	-4.8514	2	0.8987	0	1.4926	1	2	0	1	0	-1.0421	0	3	-7.4841	2	1	1	-0.7502
0.0473	-2.5052	-0.3098	0.7612	1.7384	0	2	0.0166	0	1	1.7839	2	1.4733	1	2	1.7588	-1.0700	0	0	2	1	0	3	2	0	0.6734	3	3	3	3	3	-0.9430	0.8858	-1.0048	0	0	0.9798	-1.0924	1	3	-2.8831	0	-2.2052	-0.1153	1.7729	1	-2.5882	2	-3.1993	-3.6381	-2.4876	3	-6.0031	0	-0.1659	-0.8946	-3.4044	2.8144	-1.9388	0	2	-5.6635	1	-0.6338	0	6.7491	0	1	2	0.5472	1.9853	1.1500	2.1780	2.0797	-0.7853	7.3833	6.6291	0	2	-0.5297	2.1097	10.4400	1.2092	0	-0.9388	1	0.6971	1	1	0	0	0	-1.2413	3	0	6.3175	2	0	0	-1.3861
0.9478	-4.3694	0.7984	0.7097	-1.6012	0	3	-1.2482	1	2	1.9036	3	-1.7669	3	2	0.4716	-2.3116	1	2	2	2	1	3	1	0	2.3390	1	3	3	1	2	-2.5523	0.8687	-5.0182	2	0	-1.7217	-0.6695	1	3	-1.5075	0	1.9097	-1.3105	1.8236	1	-3.0328	0	-2.0661	-1.7811	0.7127	0	-0.9545	2	0.4640	-0.9488	-0.0180	4.4688	-4.1182	0	1	-2.0915	0	-0.8122	0	-2.8416	2	1	0	0.9024	-3.6876	-4.2573	-0.9112	-1.4815	-0.6363	-0.3644	2.6989	0	2	2.3166	-1.1205	0.7252	-3.6798	2	0.8709	0	2.6211	1	2	2	1	0	1.1738	2	3	1.0615	1	0	2	-1.7647
0.4976	0.3861	0.4138	-0.8731	-1.6834	1	0	-1.2802	0	3	1.3763	1	-2.9341	0	2	0.2096	4.0474	1	1	3	0	0	3	2	2	0.1773	2	2	0	0	3	5.5603	-1.4858	2.8011	2	1	-1.1256	-7.5212	3	2	0.3996	1	-0.1647	2.8833	1.1259	1	-1.4659	3	0.1407	-2.1272	1.9567	0	1.5332	0	-1.1383	-1.4954	0.0159	1.5663	2.1828	2	1	3.8020	0	1.6426	3	-1.2931	3	3	1	-1.6142	3.6565	-0.6722	0.7113	-2.6938	-0.4042	1.0210	-6.5152	1	0	-1.6200	-1.1896	-4.1858	-3.5577	1	-0.1997	0	5.4362	0	3	0	1	2	0.5874	2	0	-3.0705	2	1	2	0.5935
-1.2491	-0.1236	1.7458	-0.6749	-0.9626	0	1	-0.7710	3	2	-2.3311	0	1.8544	2	0	-0.8230	-1.0657	2	2	3	2	1	0	2	2	-0.1678	3	3	3	3	1	-3.3513	1.7420	3.6085	1	3	-1.4781	0.2126	0	1	-1.3513	2	0.1351	1.2211	0.3109	3	2.3396	2	0.8550	2.6571	-0.7107	0	0.2299	2	-2.0295	-2.2130	-1.3520	-2.8437	-1.0108	1	3	0.3505	0	2.7948	3	-0.4413	3	2	0	-1.0050	-4.9852	-0.6686	-0.4970	1.7423	-0.1930	1.9195	0.9655	1	1	1.2707	1.1443	-3.2766	-3.3662	3	1.6583	1	4.3149	1	0	0	1	1	-0.5920	2	1	3.0684	3	0	2	1.0894
0.8298	1.8367	-1.2376	1.0839	2.3568	3	1	3.0889	0	0	1.7672	0	1.2328	2	0	0.6623	1.5265	2	2	3	3	3	2	1	1	0.5085	3	2	1	2	1	2.3630	-0.3802	1.6430	0	2	2.9344	-0.7715	3	2	0.6771	1	-2.9982	2.3179	0.1003	3	-6.3492	1	-0.5199	-1.1619	2.2065	3	0.6106	1	-1.4576	2.5489	0.1699	-1.3360	2.2308	0	1	1.2384	0	-4.9044	2	1.3977	3	0	0	-3.2799	4.9753	2.5902	9.0593	-1.0540	-0.5944	-0.8845	-2.6204	3	3	-2.3837	-1.7621	-3.8324	7.3014	2	0.4120	0	1.9731	3	1	0	1	1	-1.2280	0	1	-9.7668	3	3	1	-0.0637
-0.0405	1.2429	0.2923	-0.5967	-2.9432	3	3	-1.2339	3	0	-0.3106	1	3.7382	1	2	0.5650	1.4389	2	0	3	0	0	0	1	3	-0.7081	1	3	1	1	1	6.0159	0.0251	3.2721	1	3	0.2870	-3.4518	2	3	0.4723	1	1.0692	-1.3136	-1.1301	0	-1.0282	3	-1.0434	1.4159	2.1044	1	-2.9345	2	2.9590	-1.9919	-0.2038	-1.7836	0.1362	3	2	-4.3412	3	4.1829	1	6.7792	1	2	3	0.6108	-0.9745	0.1730	4.8939	-1.9670	-1.3022	1.1996	4.3430	1	1	-1.0396	1.5654	6.6435	0.3858	3	-0.9879	2	-4.3289	2	3	3	0	0	-0.2727	1	2	0.0754	0	2	2	3.1167
-0.4922	-0.6947	0.6115	-2.6259	4.9873	2	2	1.8492	0	1	-3.6682	0	-0.9515	1	3	-2.0126	-1.1422	3	1	2	1	2	1	0	0	-0.0843	3	2	0	1	1	-4.1680	-0.9528	1.8541	2	3	2.1218	-1.6543	0	0	0.2211	2	-0.9872	-1.9235	2.0811	0	0.9054	0	3.5756	1.2892	-0.5029	1	3.1698	0	1.6427	-1.4120	2.1330	0.4828	-1.7367	1	2	3.1836	2	0.4523	1	-0.8052	2	3	1	0.7591	-3.0759	0.0393	-4.4136	-1.7805	-1.1390	-4.1762	-4.2082	1	3	-0.0632	2.1227	-2.7423	2.7690	1	-2.0299	2	-3.5274	3	2	3	3	3	0.9927	2	0	-0.2195	1	1	0	5.2570
-0.9286	0.3784	0.4699	-1.3614	-0.3266	3	3	-1.3758	1	3	-0.2077	1	-2.3223	3	3	-0.8648	1.7761	2	2	3	3	2	0	0	1	-2.2730	3	0	1	0	3	1.8220	-3.4913	-0.8306	2	2	-1.5264	1.7517	0	3	2.9305	3	1.6599	-1.9065	3.0827	0	4.8538	3	0.1729	-0.7448	-0.6071	1	-0.2182	2	0.1549	5.2017	2.3820	-0.4816	1.9298	1	0	-0.7130	2	-7.2838	0	-0.5945	2	0	3	-0.4137	0.9892	-0.9896	1.0641	-0.0922	-1.6198	-2.1475	-1.1945	1	3	1.9971	0.0112	-4.4917	-2.5281	1	1.0632	3	0.7792	1	3	2	2	2	1.7779	0	2	-0.7929	0	1	2	2.0848
-1.1384	0.7429	1.7899	-0.8656	-0.3080	3	1	-0.6064	2	1	-2.6463	0	-1.3611	3	2	0.9121	-0.9065	0	2	2	1	3	3	3	3	0.2507	3	2	0	0	3	-1.8588	-2.1726	3.6825	3	3	-0.7981	-5.1037	0	0	-2.2037	2	2.1747	-1.3447	0.8516	1	3.8843	2	-0.9431	4.0094	-2.2038	0	-1.2539	2	-1.1878	-1.5502	0.9443	-0.4848	1.6131	1	2	-1.8118	3	3.5610	3	0.2317	2	2	1	-0.7476	-1.4354	-1.4762	-0.2833	-0.0171	0.8377	0.6772	0.9064	3	0	0.1114	0.9187	1.7186	-3.6353	0	2.2927	2	-0.6563	1	2	1	0	2	-0.5071	2	3	0.6909	0	1	3	0.5158
2.8868	-0.1499	-1.6265	-1.5133	1.3309	2	1	-0.7379	2	2	0.3440	0	-0.9658	0	2	0.5465	-3.9753	2	0	2	2	2	1	1	0	0.5407	3	3	3	2	0	-3.7254	-0.2912	-1.5476	1	0	1.6095	-2.1270	0	1	0.2295	3	2.1154	0.4785	-0.5697	1	3.5114	3	-0.3862	-1.3139	5.2489	0	1.1412	0	-0.4818	-1.3921	-1.8722	-0.7844	0.0899	1	2	-0.1741	2	1.5725	0	-4.9968	2	2	1	1.3035	-2.3447	0.3866	5.5193	0.9619	-4.9616	1.5953	-0.9097	0	2	-1.0641	-1.3358	1.3905	3.6307	2	-0.3522	0	2.2773	3	0	0	1	0	2.2265	2	1	-7.7987	2	0	3	3.7162
-0.7895	-0.6788	-0.4157	-1.3571	1.7393	2	0	1.4058	0	1	-1.9425	3	1.7343	0	3	-1.3039	1.5548	1	3	2	1	1	3	0	3	0.3642	3	2	2	2	1	0.9572	-0.5271	-1.7409	0	0	0.1595	0.3954	0	3	-0.1218	3	-3.6398	-0.0283	1.6874	3	-3.0137	2	2.2303	3.7941	1.8189	3	0.8518	1	-1.2148	0.8918	1.8456	0.5287	0.5996	0	3	2.5335	3	-0.4287	2	1.8416	1	3	1	0.1773	-4.3040	-2.0288	3.6439	1.2980	0.4819	-0.8544	-2.8669	2	0	0.4265	2.9070	3.2075	-0.1824	1	0.3928	3	1.2099	1	3	1	1	1	0.8144	0	3	-2.2262	2	3	3	0.8131
-0.0103	-0.4010	-1.5358	2.1249	0.8927	3	3	1.0780	1	3	-0.9348	1	-1.6905	1	3	-0.3617	1.5291	2	1	1	0	0	1	1	3	-1.3642	1	1	3	2	3	0.4926	-0.7640	3.3667	0	2	-0.9483	-4.3883	3	3	0.0298	3	-0.7101	0.8128	0.6714	0	-0.2408	1	3.2004	2.8142	2.9141	1	3.3357	1	-1.2874	-0.5351	-1.1416	1.7984	-2.1655	1	1	2.0181	2	3.9600	3	-4.6270	0	1	0	-1.1738	1.9773	0.4254	-0.7849	0.3601	-1.0319	1.7306	-3.3991	1	2	1.2069	-0.1934	-4.1462	1.0161	1	1.4952	2	-1.8412	3	3	3	3	3	1.1540	2	0	-3.8167	3	1	3	-2.8793
0.7344	2.3188	-1.5651	-2.0871	0.1003	3	3	-1.6785	2	1	-2.2578	2	-2.6665	0	0	1.3025	-0.8624	3	2	3	3	2	3	1	1	-0.3212	2	1	1	0	3	-1.0441	1.5051	-1.4763	0	0	-0.3318	3.0949	1	1	-2.4346	1	3.6663	-1.6897	1.7944	1	3.5011	3	-1.3079	2.2543	-0.7618	1	2.1416	1	-1.0383	-1.9549	-1.5427	-4.3750	3.5721	1	0	1.7189	2	2.8295	0	-2.5827	2	1	1	-1.7894	0.1270	-0.6129	3.4317	-0.3229	-2.0615	-1.2202	-5.7516	0	1	-0.4912	1.8106	2.7901	2.4143	1	-0.8069	0	-3.6241	0	3	3	2	0	1.1499	2	1	-6.9458	0	1	2	1.4042
1.9491	0.6050	-1.2796	5.5781	-1.8900	3	1	2.8419	3	3	0.7328	0	-0.9546	1	2	2.4628	0.8900	3	0	0	0	3	3	1	3	-0.9850	1	1	1	2	0	4.1248	1.2113	1.6619	3	0	0.6851	-1.0783	2	3	-0.7214	0	-1.4377	2.3114	-2.8450	2	-2.9957	1	-2.9774	0.7256	2.1528	0	0.1464	0	2.3685	-2.5178	-2.7319	-1.5950	-0.9357	2	3	1.2912	2	2.6108	1	-0.5893	3	3	1	0.8744	5.7190	1.4687	6.0619	-1.4782	-0.2110	3.5090	-3.7778	2	3	-0.1443	-1.3465	-0.6996	2.9120	2	-0.5449	1	2.0394	0	3	2	1	0	0.6668	1	1	-6.3355	0	1	2	-8.9924
0.4332	-0.4881	-1.2528	2.2330	1.0265	0	3	0.9670	0	2	-0.0016	2	-3.3917	0	2	0.7343	-1.1996	0	1	2	2	0	0	2	0	-1.9008	2	1	3	2	2	-0.6351	-1.0805	0.9823	2	2	-0.4563	-2.9891	1	2	-1.6501	3	-3.8208	3.1320	0.9448	2	-5.4102	1	0.3019	-1.2780	-1.5155	3	1.7101	1	0.5594	1.7509	1.8095	0.3892	-1.4702	3	2	1.7132	0	-3.1140	1	-3.2599	3	0	2	-0.6144	2.1174	2.5659	-2.8371	-1.1730	1.3013	-4.3131	-4.6028	2	3	-0.4463	-0.5290	-4.5940	2.2879	1	-0.1089	1	3.2192	1	0	0	1	2	1.5350	3	1	1.1524	2	1	3	-1.1692
1.6952	0.1606	0.5346	2.6230	1.8015	3	2	0.2728	1	2	0.4469	1	-0.0842	3	2	-1.4330	0.3810	3	2	2	0	2	0	3	0	0.6601	1	2	0	3	0	-0.5314	2.3934	-1.6491	2	2	2.4910	1.0390	1	0	1.9965	3	0.6635	-0.7522	1.7524	0	0.0335	1	0.9496	-1.6386	4.2361	3	2.8721	3	1.5866	1.2854	3.7349	0.6172	1.7302	2	0	2.4638	1	-1.1400	0	-5.9445	1	0	0	-0.7585	-1.2683	-0.0855	7.7241	0.4252	-2.1104	-1.5003	-3.8468	3	0	2.7716	2.8437	-2.7120	2.1522	2	0.6872	2	-0.2204	1	0	0	0	0	-0.4266	2	0	-9.6421	1	1	1	-5.0398
-0.6326	-0.5124	-0.1829	4.9565	-4.7406	1	1	-5.6247	3	2	3.2659	1	3.6811	0	3	-3.3803	-0.3466	0	1	1	1	1	2	0	1	0.3837	2	2	2	2	1	0.0061	-0.0629	-2.1050	2	1	-0.0002	1.8359	0	3	0.6852	0	7.8313	-0.7762	-2.6136	0	8.7995	3	5.8366	-3.0678	-1.1541	2	2.9100	0	-2.2009	-0.6429	-0.6133	1.5302	-1.7324	1	2	3.9662	0	0.9381	0	-6.2004	2	0	3	-0.2413	-10.1811	-0.6816	-7.1271	-2.2616	2.2641	-2.1619	-3.9294	0	3	4.5748	-2.9427	-9.9859	1.2119	1	-2.6912	2	-1.0708	2	3	3	2	2	-2.2360	2	0	5.2483	2	1	3	-5.6673
3.6482	0.1284	-0.4171	1.9191	-1.5401	0	0	-2.3735	1	3	0.4675	3	0.5622	2	3	-1.1242	-0.0433	3	0	1	0	3	2	0	1	1.8273	0	2	0	3	2	0.2678	-0.2359	-0.8798	1	0	3.6169	-0.7382	1	1	-0.1327	0	1.6817	0.8014	-0.1563	0	2.0983	3	0.9159	-1.6115	6.9741	1	2.4802	0	-1.8173	0.5736	1.4191	1.4036	-2.1109	2	2	1.5687	2	1.6994	2	-4.7175	2	0	0	-0.7167	-2.9755	-0.2123	10.9842	3.8091	-2.2375	-0.0980	-1.3165	1	2	1.1474	-0.6114	-1.5118	5.3180	2	0.1267	2	1.5103	1	0	2	1	0	0.0933	2	0	-12.5279	3	3	1	-3.5418
-0.6890	1.5077	-0.4000	-1.5812	0.0506	3	0	1.7333	1	3	0.4716	3	-1.2746	3	2	1.2866	2.8758	3	3	3	1	1	2	2	1	0.8421	2	0	3	1	2	2.3092	0.1316	-3.3551	2	1	-1.8781	3.8433	2	2	-0.4484	1	1.6272	0.2924	-1.5822	1	1.2023	1	-1.8973	-0.1582	-3.0096	3	1.1712	0	1.5447	-0.3597	3.4847	-0.6236	-0.3435	1	0	2.7963	0	0.0752	0	3.7955	2	2	0	-2.1959	1.0508	0.7643	3.3326	0.0677	2.8363	-4.1110	-3.4431	0	3	-1.1091	-2.6040	-4.5287	-1.8869	1	0.9368	1	-2.7811	3	1	3	0	0	-1.5019	2	3	-1.0028	0	3	1	2.9462
-1.1037	2.1592	-0.6565	-2.1301	-0.3366	3	1	-2.4537	2	0	0.3073	2	-2.3893	0	0	0.0702	5.4560	0	2	3	3	1	1	2	3	-1.5445	0	2	3	0	0	7.8690	1.7767	-0.1610	1	2	0.1697	1.5994	2	1	0.8600	3	4.1759	-0.1145	-0.6150	1	5.1987	3	-0.9851	1.9301	-2.3054	2	-1.0627	1	0.8389	1.7297	0.9927	-3.0861	0.7477	1	3	-3.3609	3	-1.5551	3	6.0518	2	0	2	-1.2791	-2.1588	-2.5866	-1.5034	0.7250	-1.3033	0.1121	5.4087	3	3	-0.0178	2.5710	5.3910	1.2967	0	-0.7846	2	-2.7906	2	3	3	0	0	2.1335	3	1	1.6112	0	2	3	1.7848
-1.5717	-0.1080	-0.8031	0.8349	2.5843	0	2	-1.5783	1	1	-0.3319	1	2.4463	3	0	1.4104	-0.5283	3	3	2	3	2	3	1	0	0.9811	1	0	2	3	3	-1.6982	0.2793	0.3793	3	2	-1.8882	0.6529	1	2	0.6975	3	0.1584	-1.8233	-0.6378	0	-1.4497	3	-1.9006	-1.0353	0.2032	1	-0.6547	2	0.1009	0.0088	-0.4360	1.3360	0.9552	0	0	-2.1615	3	2.3972	1	-1.8798	0	0	3	-1.7484	0.3790	5.0073	4.8332	1.4410	2.4700	0.4809	3.5814	1	0	-2.2647	1.2724	3.8707	-0.8401	3	-0.2366	3	-1.9409	2	3	2	3	3	1.3433	2	0	-3.8243	3	2	3	-4.4558
1.6382	0.5217	0.0535	1.5460	1.7346	0	2	-1.4185	0	2	0.4437	3	-0.0951	0	3	-3.5469	-3.3593	1	0	3	0	3	2	3	2	0.3828	0	2	0	3	2	-4.6586	1.8192	-0.5442	0	2	2.0336	-0.6452	1	2	0.9633	1	1.6343	0.9463	-1.5843	0	3.3660	3	5.3599	-1.0604	1.4538	1	4.8229	2	-0.8368	1.0376	0.4492	-0.3601	-0.1064	1	2	4.7400	3	-4.0749	1	-7.3546	0	2	2	0.0266	-1.8309	1.8659	-5.7597	-0.6552	-2.5385	0.1925	-8.9480	0	3	4.0671	-3.2115	-13.7117	2.4427	1	0.9798	2	-0.6433	1	2	1	3	3	0.1763	0	0	-1.5382	1	1	0	-4.3953
1.0478	1.1203	1.7580	-2.8085	-1.3418	2	2	-1.1112	2	3	-0.9406	2	-2.3536	3	1	-0.8589	0.8458	1	0	3	0	3	3	1	0	-1.0932	2	1	0	1	1	1.0369	1.8670	-1.9231	2	0	-0.4338	0.6285	2	0	-1.4061	2	1.9673	-1.5878	-2.3059	1	3.4563	3	2.4969	4.1080	2.7664	0	2.0954	3	-1.5903	-1.0474	-0.0333	-2.2556	-0.8891	1	3	2.3444	2	2.1612	2	-2.5275	2	2	3	-2.2406	-7.0764	-0.8106	5.5061	-0.1619	0.3278	-0.3915	-3.4410	0	1	1.4960	-5.5285	-9.2806	-2.6124	1	1.1753	2	2.9046	3	3	1	1	0	-0.2069	2	1	-8.1958	3	1	0	3.7647
-0.9346	0.0769	1.4834	0.0756	-1.9110	1	0	0.1046	3	0	0.4555	0	0.9656	0	3	-1.4322	-0.1504	3	1	1	2	2	1	3	0	-1.1037	0	0	0	1	1	-1.9753	-1.1306	1.4953	3	3	-2.6552	-3.3846	1	2	2.5633	3	1.9271	0.1523	-2.9990	3	2.1912	1	2.0000	-3.2112	-3.1139	3	1.4702	2	-1.6582	-1.3880	-2.7445	-0.6511	-2.2487	1	1	1.9007	2	2.9176	1	-3.1772	2	2	2	1.5297	-0.7945	0.7061	-7.8201	0.3629	2.0613	4.6647	-1.2638	2	1	2.5649	-0.5709	-7.4130	-6.5608	0	0.0745	2	-2.7563	3	1	3	3	2	0.7045	2	0	2.2077	1	3	1	-1.9195
-0.1564	-0.0778	2.8061	-2.2362	-1.0123	1	0	2.2411	3	0	0.1165	1	-0.1941	1	2	2.4127	0.7503	0	1	1	1	2	0	1	3	1.5842	2	2	1	0	2	1.6173	-2.1494	1.2270	0	0	2.7056	3.3395	1	0	0.1191	1	-4.4872	-0.5375	0.0689	1	-3.8045	1	-5.4376	2.3583	-2.0464	2	-2.5286	3	0.7670	0.6815	-0.5164	0.5065	0.9717	0	0	-1.9764	0	-2.0164	2	3.6884	3	3	0	0.9965	3.9989	2.0353	2.4175	-1.2179	2.2292	2.9743	2.5115	2	0	-3.5255	1.2903	9.8376	-0.1801	0	-0.1573	0	-1.8529	2	3	3	1	0	-0.2462	2	0	-2.5776	0	2	1	3.4762
0.3890	0.9798	1.2117	-1.1223	1.1583	3	1	0.7085	2	0	2.1407	2	-1.0503	1	1	-1.1672	1.3801	3	0	3	2	1	0	1	1	-1.0409	1	1	0	3	3	2.3892	0.3578	-0.6602	0	2	-0.9566	1.8788	2	2	0.0510	3	-0.5300	-2.2571	-0.0557	3	-1.3616	1	3.6180	-2.1325	-0.5809	3	1.3852	2	-0.3248	-2.5722	-0.9765	-0.7431	2.5628	2	3	3.5186	1	5.2780	2	-1.7929	1	1	2	-0.2725	2.5564	-1.7745	-5.3594	-2.1092	2.4286	-1.3106	-6.9318	0	1	-0.6396	1.6510	-1.3234	0.3105	1	-0.0338	0	-5.0198	3	1	3	0	3	0.3639	2	0	2.4619	3	3	2	1.7178
-0.2839	0.2371	2.6152	2.2064	2.0463	2	1	0.9702	0	3	0.7044	3	-1.6922	1	0	0.0257	4.3844	3	0	3	2	0	2	2	1	1.1316	2	1	3	0	2	5.0245	0.3321	3.7768	2	1	0.8386	-1.4555	2	0	2.8236	1	-0.9437	-0.0899	-0.1548	0	-2.3922	0	-2.1802	-1.8828	1.0275	3	-2.8792	3	-1.6438	-1.4210	-0.7114	-1.4191	-1.1433	3	1	-2.3051	3	2.1494	3	5.1888	1	1	2	0.9771	2.6836	0.6380	0.4151	1.4254	-2.3516	1.0740	7.1516	1	1	-2.3392	2.2031	8.9836	-3.0136	3	0.3658	2	1.3011	0	1	2	1	3	-0.1287	3	1	2.1960	0	2	3	-3.6967
2.3716	1.0248	-0.8040	1.6114	1.0744	3	2	-2.8735	3	1	0.0036	3	-0.2226	2	3	0.0722	-3.8461	2	0	3	1	3	2	2	0	-1.6932	1	3	3	2	1	-4.2757	0.1344	4.1536	0	0	0.6222	-7.5227	0	3	1.2562	2	2.7171	0.8163	1.0605	0	0.2129	3	-1.4941	-1.9819	3.7385	3	0.7133	0	2.3235	-2.0180	0.4532	-2.2383	1.4423	2	2	0.0872	3	3.7196	3	-5.5657	2	2	2	-0.5873	-2.7507	-0.1847	6.2084	1.9588	-1.6877	1.0162	-1.1267	1	2	0.7282	1.5451	1.8750	-1.2491	2	3.0897	1	1.5137	3	2	0	1	0	-0.1124	2	2	-6.6922	2	3	0	-1.1123
-2.9300	-0.4699	1.4800	1.1049	0.9559	2	0	-0.8220	1	3	-2.0292	2	1.5199	2	3	-0.7159	6.1757	1	1	0	2	0	2	0	3	-0.0072	0	1	2	0	0	10.0331	-0.5885	-2.6258	0	3	-1.0849	6.8393	3	3	0.5266	1	0.8273	-1.3088	-0.6983	2	2.8215	0	1.1487	1.9544	-4.5688	0	-4.4545	3	1.7122	-0.4731	2.1804	2.0911	-2.3553	1	0	-4.7583	3	1.0569	0	11.3892	2	1	2	-0.2949	-5.4168	2.2678	-9.3770	-0.4504	2.6959	-0.5355	8.4364	0	1	2.4224	-0.4756	-1.6583	-3.7216	0	2.8148	3	-2.9042	3	3	2	0	2	-0.9346	1	0	13.0533	0	2	0	-1.1511
1.2267	-0.1060	2.0283	0.3269	-2.0793	0	2	-1.7900	3	0	-3.0065	0	0.6711	1	1	-1.7326	0.2142	1	0	0	1	3	3	3	1	-0.1504	2	0	0	0	3	-0.0186	-1.8474	1.8017	3	0	0.6931	-3.8868	1	2	0.5935	1	1.4772	-0.2496	2.0458	2	3.7773	3	3.3592	3.1545	0.0290	0	1.6011	3	1.3054	-0.5738	-2.9510	-0.1955	-1.1862	1	1	2.2406	3	2.4908	3	-1.3519	2	1	1	0.2776	-5.3248	-2.5249	-6.0637	4.1693	-0.9390	3.9280	0.4422	1	3	1.0908	2.9057	1.8669	-3.5227	3	0.5386	2	3.1760	3	3	1	1	2	-1.4154	2	3	1.9168	2	3	2	-1.4035
0.0226	-0.4076	-1.2945	0.1437	-0.4493	0	0	-0.0159	2	2	-2.9419	1	-1.4178	3	0	2.3219	-3.1408	1	0	0	0	2	2	1	2	-1.3598	3	3	0	1	3	-5.7094	-1.2713	-0.2926	0	1	-1.9347	-0.9440	1	1	3.8401	1	-0.0555	-3.1889	1.4328	1	-0.0114	3	-3.1899	3.1475	1.0809	2	0.5516	1	-2.0259	1.8384	0.3920	0.1554	0.1703	1	2	-0.9356	0	-1.7464	3	-2.3242	2	0	3	1.7933	-2.3799	1.5012	1.9004	0.8134	-4.6842	-0.7838	2.9378	0	2	0.7818	-1.5389	1.5085	0.7484	3	0.4939	2	-2.9266	0	2	3	3	0	0.7701	0	0	-1.5765	1	1	1	1.5638
0.1000	-1.7221	0.8753	-0.6073	0.4622	0	2	0.8944	3	0	-1.7002	0	3.1615	0	1	-0.9844	-1.4995	1	0	2	3	2	2	3	3	0.4262	0	2	1	0	2	-2.5303	-1.7362	-1.1813	0	0	0.2793	3.1535	1	1	-2.7717	1	-1.8846	0.7333	-0.2511	2	-2.5422	1	1.1180	0.5050	-3.5513	3	0.8299	3	-2.1781	-1.6413	-0.0578	2.3248	-1.6513	3	3	0.6773	2	0.0535	2	0.4106	3	1	0	-0.2502	-0.4634	3.9027	-9.0493	2.0457	1.3938	-1.2795	-1.2816	1	1	-1.4255	1.1938	2.2197	0.8140	0	-2.0371	3	2.8163	2	2	0	1	2	1.3168	2	0	4.5599	1	3	2	0.6466
2.3934	0.2656	1.5886	-0.8575	-0.7805	0	2	-1.7296	0	3	0.4697	0	-2.0109	1	3	0.8503	3.3726	1	0	0	1	1	0	3	3	-0.1572	3	2	3	1	1	6.0179	0.1945	2.9263	2	2	2.2050	-7.9510	2	0	-1.2547	2	1.7362	1.0415	-0.3744	0	1.1444	3	-0.9427	-2.3445	2.3867	1	-0.7355	2	-2.4744	-0.0217	-0.1346	-1.5749	-0.3012	2	2	-0.4566	2	2.2169	1	4.6114	0	1	0	-0.2800	-0.1375	1.1430	6.9273	0.3956	-1.8584	2.5354	2.2941	3	2	-1.3659	-1.4291	-0.6408	1.9681	2	-0.9487	1	1.6168	0	1	2	0	0	-2.4443	2	3	-5.3019	0	3	1	1.3617
-0.6757	0.7057	-0.0688	2.7707	-0.1466	0	0	-0.1809	0	1	-0.4511	1	-0.3717	2	3	-4.8079	1.7206	3	1	3	1	1	3	0	1	2.7003	2	0	2	1	0	1.8636	-1.1498	3.1513	0	0	0.6072	-4.7207	3	0	0.1409	3	0.0227	0.5587	-1.8214	0	-2.4522	1	2.4447	-0.0129	-0.0586	2	0.1736	2	1.7787	-0.7620	3.2134	-0.6156	-1.0710	3	1	-1.4457	1	0.8830	2	0.6977	0	0	0	3.5689	-4.2824	2.3958	-5.6257	-2.0512	2.7075	-3.2759	-0.3735	3	0	3.6511	0.8016	0.2239	-0.4819	0	-0.4672	0	-2.2363	0	3	3	0	3	-0.7069	0	3	7.6993	1	1	0	-2.5715
1.3169	-0.1210	1.0916	4.1032	-0.5160	1	0	0.0567	0	1	1.0084	2	1.5369	2	1	-2.7227	-1.8342	0	2	2	3	2	1	0	3	0.2806	2	0	2	0	0	-2.2106	-0.3228	0.7028	2	2	-0.4626	-2.9466	3	2	-1.0309	0	0.8195	1.6615	-2.8285	2	-0.1194	2	0.9367	-1.1206	-0.0728	2	1.9836	3	-1.8141	-4.5525	3.3410	0.8629	-1.6759	2	1	4.6382	1	5.6678	1	-4.5456	3	1	1	1.2722	-3.9868	4.7332	0.8162	-0.2438	1.1740	-1.0720	-4.9750	1	3	2.3115	1.5262	-6.8368	-3.9772	1	-0.2383	3	5.2255	3	2	2	1	0	-0.9455	2	1	-4.0897	0	1	2	-7.3678
0.9231	0.6727	-0.9583	3.5016	1.9372	2	0	0.5650	1	2	2.3568	2	0.3937	1	1	-3.0192	2.2480	1	0	2	3	2	2	3	1	0.2674	2	1	3	1	0	1.4723	1.9515	-1.4482	3	2	-0.6981	2.2062	1	1	-1.4661	2	-1.5369	-0.9316	2.3218	0	-2.3434	1	3.5914	-2.0668	2.6217	1	3.7721	0	-0.4449	-0.1185	-2.5842	-1.6538	1.1444	0	0	4.2461	3	-0.4959	0	-2.3275	2	2	2	1.8974	-1.0929	-0.0450	-3.2020	-3.8263	-3.8757	0.9686	-4.4506	0	3	2.3833	-2.3517	-9.1525	-1.3470	1	-0.0667	1	-3.0072	2	1	3	0	3	0.6077	0	1	-3.4145	3	1	1	-4.8742
1.5230	-0.5669	-0.5162	-0.7968	3.8994	1	2	-2.2427	3	3	-0.7516	3	4.0207	1	2	3.1637	4.9067	3	1	3	0	0	0	2	3	0.1669	3	2	1	3	3	6.0736	-0.5933	-0.0742	3	2	0.6183	2.1721	0	1	-0.5169	2	3.2521	-2.2854	1.9392	1	1.4415	3	-2.6467	0.9399	2.5335	1	-2.0611	1	-0.3036	0.2243	0.5063	0.5464	0.4651	2	0	-2.9662	1	-1.5441	3	5.5823	2	1	0	-0.4068	1.3288	0.3844	6.6070	0.3709	-4.7496	0.2405	4.6787	0	0	-1.9766	-0.6106	5.5615	1.4639	3	-2.0052	0	-2.0281	2	3	3	0	1	0.2381	0	1	-0.3997	3	2	0	-1.1502
-0.3274	0.2165	0.9231	1.4595	0.7170	2	1	-1.4970	0	1	1.2541	2	-4.6411	0	3	-1.7199	-0.6232	3	2	3	0	3	0	3	3	-1.1352	3	3	1	2	1	-0.5138	0.0085	-1.1649	2	2	-2.6590	0.4764	3	3	-0.2267	0	1.0213	-0.9772	-1.5532	0	1.7877	3	1.1812	1.4432	-2.4783	1	-1.2288	0	-1.2562	0.3140	-0.8360	0.3515	-0.6936	1	0	0.4990	2	0.3202	2	-0.3463	0	0	3	-0.4164	-1.5534	1.5884	-4.7598	-0.4770	1.5692	-1.6229	1.1157	0	2	0.7112	-0.3382	-2.0783	-4.9673	0	-1.3976	0	-0.7582	2	3	3	1	3	-1.2626	1	1	10.0900	3	2	3	-1.6053
-1.4363	1.5440	2.4708	0.9109	4.3984	3	0	0.8642	3	0	-0.3492	3	3.5158	1	0	2.7273	-0.3327	0	1	3	2	2	1	1	2	0.1239	1	3	1	1	0	0.7440	1.6070	0.7503	1	1	-0.8300	1.0026	0	0	0.4828	1	-1.7031	-1.7900	1.5344	0	-3.3951	2	-4.1698	-0.1939	-0.1505	3	-5.5946	2	0.9698	1.2974	-2.2782	-1.2787	2.0277	3	2	-7.3613	3	-2.1568	1	5.7657	1	0	0	-1.9394	3.3505	2.5891	7.6357	-0.4128	-1.0217	0.7240	9.3743	1	1	-2.3759	0.8484	12.8059	-2.6594	3	0.6739	0	-2.0876	1	1	1	0	1	2.0796	0	1	1.3125	2	0	0	-0.2480
0.5060	0.7826	1.1578	2.2766	-1.5921	2	0	-0.9318	2	3	2.1487	2	-1.3302	2	1	-1.3673	3.0725	0	2	0	1	0	3	3	3	1.9594	2	3	3	3	2	3.1272	2.3624	0.0814	0	0	-1.3874	0.1538	2	2	1.2667	2	-0.7971	-0.1857	1.2974	2	0.4249	3	2.3712	-0.2703	-2.7942	0	2.9335	3	-1.0004	0.8657	-2.8608	-0.1795	0.9743	2	2	2.4851	1	-1.5027	1	0.3498	1	0	2	0.7611	0.1662	-4.5531	-7.5976	-2.5173	-2.3883	2.9205	-3.3803	3	1	3.1799	1.6944	-3.7729	-3.0707	1	-0.1373	1	-0.9023	2	1	3	0	2	-1.1437	3	2	1.8682	0	3	1	-3.6346
0.7493	-0.1690	-1.2688	-0.3167	-0.5961	3	0	-2.6555	0	3	0.2913	0	1.4696	3	3	-1.7199	2.3088	1	2	3	0	3	3	0	3	-1.8442	0	3	2	3	3	2.2566	0.2151	2.4740	0	2	-0.8688	-1.2978	3	1	0.1106	3	3.4740	-2.2570	0.5700	3	5.7882	3	4.7342	-0.0240	-2.2993	1	-0.3214	1	-1.3782	-2.1411	-1.2941	-0.5128	0.9344	1	2	-3.1616	3	4.3119	3	2.7711	2	1	1	-2.1606	-8.5234	-1.6548	-7.4036	-1.2175	-1.0328	-1.6741	3.6980	1	2	1.5283	1.4660	-0.1730	2.3515	0	-1.1949	3	-5.4651	2	3	3	0	1	-0.6697	2	3	9.9629	3	0	0	-0.9755
-2.1796	2.0743	-0.0969	-1.2309	-1.1002	3	3	-3.1947	1	2	2.0357	1	-0.8416	0	1	-1.0282	-0.7243	1	1	0	3	3	1	2	0	0.9410	1	3	1	3	2	-1.5018	1.1727	-0.8289	1	3	-1.2851	2.3107	1	3	0.7921	3	4.7435	-0.1535	-1.4537	3	4.6571	3	0.7119	-1.9790	-2.6540	2	-2.2959	0	-2.5380	-2.2965	-0.9898	-1.2004	2.6221	1	0	-1.5415	3	3.3735	2	4.9530	2	2	3	-0.5882	-3.5815	-1.5403	-4.6594	1.6038	2.8713	-0.6719	1.2120	2	2	1.7333	-0.0064	0.4916	1.1800	0	-0.6530	1	-1.9971	1	2	3	1	2	-1.5545	1	2	8.3967	1	1	0	1.4352
1.2377	0.3183	-0.8975	-0.2836	0.6119	3	0	0.0335	2	3	-0.3357	0	-0.9154	3	0	1.6879	1.4319	1	1	0	1	3	2	1	2	-0.4040	3	0	3	2	0	1.7235	-0.3517	-0.5942	1	0	-1.5783	0.7807	2	1	0.7776	0	-0.6264	-3.3961	0.1910	1	-3.4242	2	-2.0296	0.8125	2.3255	2	-2.0174	1	-1.6038	0.5379	-0.3135	-1.7180	1.9882	0	0	-5.7892	3	-1.2406	1	3.6181	1	3	1	0.8381	0.7161	0.5592	3.9410	3.4454	-3.2193	1.2312	7.7160	3	0	-2.1365	1.0897	10.8097	-2.5048	3	-3.2952	1	-3.1288	2	1	3	0	0	-0.5909	0	2	1.0258	0	0	3	2.6301
1.2330	0.7390	0.4726	1.1803	-0.2954	3	1	0.2412	0	0	2.0248	3	0.4592	1	3	-2.6140	0.2223	0	0	3	0	3	2	3	2	0.4045	2	1	1	0	0	0.0815	-0.9040	1.8518	0	0	3.6507	-6.1132	1	2	-2.6095	2	0.9628	-0.7461	0.4143	0	1.3892	3	1.2689	-0.1443	3.2185	0	2.4128	0	-0.1034	0.2894	-2.9997	-0.4534	1.9053	2	2	1.8322	3	-0.2262	1	-4.8558	2	3	0	1.0526	1.5843	1.2880	3.9365	1.2886	-0.4071	2.7613	-3.8884	1	1	3.3601	0.9936	-4.0065	2.5708	2	1.0162	0	-0.9516	3	0	3	0	0	1.3776	2	1	-9.3959	0	1	2	-3.0144
-2.1469	0.4248	-0.0896	1.0469	-3.6131	3	0	-0.3295	2	3	1.3527	3	-0.0635	1	2	-0.7031	1.4281	0	1	0	1	2	0	0	3	-0.8713	0	1	2	1	2	1.8008	1.7511	0.3854	0	3	1.8860	3.3388	3	0	0.4180	0	2.2720	-0.1057	-1.9094	1	1.4964	3	2.5711	-1.7294	-2.0422	3	-3.3937	1	-1.4326	-2.2786	0.5863	-0.4816	0.7617	3	0	-4.9748	0	0.1296	1	3.2447	2	1	0	0.4300	-2.9322	-2.2481	-4.9130	0.3130	5.4889	-1.4727	7.3555	3	0	-1.1577	1.0861	6.6454	1.0783	0	-1.3125	3	0.2013	2	1	2	1	2	0.8058	1	2	7.0791	1	0	0	-1.3951
0.4034	1.5360	-0.7171	1.6447	-3.2179	3	2	-2.9954	3	0	2.6314	3	-3.0363	0	1	-0.3310	2.3333	0	0	0	0	2	0	0	3	-2.1449	3	0	3	2	1	4.7526	-1.0514	2.1337	0	1	0.3271	-3.0768	0	3	-0.7328	3	2.6612	1.1299	-2.5673	2	3.6382	3	1.1534	-2.2588	1.2344	0	1.2513	3	-0.8422	2.7140	0.5734	-3.0541	1.2962	1	2	2.9907	0	-3.4436	1	2.4562	0	0	0	0.3368	3.9757	0.1313	-0.3921	3.3308	2.3891	0.9101	-5.4450	1	2	0.4324	2.5493	-0.3293	3.1978	1	-0.1379	1	-1.5435	3	1	3	0	2	0.4271	0	1	1.7375	2	1	3	-0.9323
0.5654	1.3615	-0.8835	-0.7843	-0.4870	3	1	3.9802	3	1	-2.3092	0	-0.3918	0	2	0.6754	1.2095	2	1	3	1	2	2	1	1	-0.3717	0	1	0	2	3	4.9512	-0.7702	-2.2196	0	1	0.3376	0.8514	3	2	0.6752	1	-6.0020	1.3369	-1.2183	1	-7.4087	1	-1.8611	1.6596	-1.6266	2	-0.7956	1	-2.9479	1.1768	-0.5667	-1.5970	0.6826	0	0	-2.4711	3	-2.8641	0	0.6688	3	3	3	-0.8261	5.3532	-1.3913	1.3410	-1.5773	-2.1701	-0.8828	4.3079	0	3	-1.2379	-1.7573	1.7560	1.7068	0	0.8620	1	-2.2648	0	3	1	2	0	-1.5328	0	3	0.3792	1	2	0	0.3205
-1.1098	0.5134	-0.1315	-3.3609	0.8638	2	1	-0.1641	2	0	-1.7695	3	-2.8587	1	0	1.6281	-0.7694	3	1	3	2	1	3	3	3	-1.1864	3	1	2	0	2	-1.1672	-0.8634	1.3522	0	3	2.4096	4.6394	0	3	2.0819	0	-1.7080	-0.2031	0.5047	1	-2.3404	0	-1.2195	-0.5128	-2.6319	2	1.7496	0	1.2676	-0.7195	-4.2231	-0.5368	1.8542	3	0	1.6900	2	3.1154	1	-4.1218	3	1	2	-0.1977	3.1969	1.1237	-0.5317	-2.1237	0.9846	0.9972	-1.4085	2	2	-2.0578	-1.1179	-2.3216	2.4791	0	0.5512	3	0.6021	2	2	0	3	3	-0.3413	2	3	-3.9845	2	1	2	4.8391
-3.2052	-0.0950	0.2629	1.9851	-2.0584	2	3	-1.1202	1	0	0.5309	2	-1.3416	3	2	1.3205	-0.3577	0	1	1	1	3	1	1	2	0.4340	0	2	1	1	3	-2.6338	0.6017	-3.8417	3	3	-2.0641	11.5838	1	1	1.4691	0	1.6708	-3.1074	-1.7577	0	2.0994	3	1.4319	0.2808	-5.3954	2	-2.8565	3	3.5573	0.0326	-0.5580	0.7536	-1.1557	1	0	-3.8334	2	-0.0502	2	4.9326	2	0	2	-2.4283	-0.5852	-0.5364	-11.0230	-1.3335	2.9073	-0.1367	4.3848	0	0	-0.6882	-4.7228	-1.3554	-1.8654	0	0.2953	2	-5.1417	1	2	3	3	2	-0.5889	3	3	13.3762	1	0	1	-3.1811
0.1916	-2.0571	0.9325	-3.1353	-0.0089	0	1	-0.3104	3	3	2.1977	3	-0.0661	2	3	-0.5666	4.6782	3	1	2	2	0	3	0	3	1.5960	0	2	1	1	3	10.8127	-1.1251	0.0094	0	2	1.8892	-0.7764	2	2	1.7945	0	-0.3093	-0.3926	-0.7212	1	0.7691	2	2.6363	1.2884	1.8129	0	2.3474	1	-1.5690	2.1457	0.2767	2.5098	-0.9428	0	3	3.6913	0	-0.5005	2	-1.1802	0	0	0	-1.6146	-2.1833	2.2150	2.6947	4.7766	1.5876	0.8040	-4.7231	2	2	0.8615	-2.8880	-9.5760	2.6132	1	0.7175	0	0.1838	1	3	1	0	1	1.5303	2	0	-7.0910	3	1	1	4.6782
1.8181	-3.3973	0.2195	0.5012	1.6180	0	1	-0.7677	2	2	-0.0271	0	-2.5645	1	3	-0.9410	0.0392	0	0	2	2	3	1	3	0	0.6913	1	1	0	0	0	0.4271	3.4772	0.7638	0	0	1.3805	-0.2417	2	3	-0.7330	1	1.8881	-2.6972	2.1220	3	1.5354	0	-1.0434	-1.1500	0.4720	1	0.7305	2	1.4987	0.1492	2.0878	5.4764	-2.3355	2	3	1.6207	0	1.5614	1	-0.8354	2	3	1	3.0102	-0.8318	0.1293	-1.7348	-0.4307	-2.5347	-1.8095	-4.5209	0	3	2.6089	-1.0661	-4.8056	1.4655	2	-0.3694	2	0.9358	3	0	0	0	1	0.7567	2	0	0.9237	0	1	2	-1.0638
2.3107	-0.4209	-2.9367	-2.3568	1.1267	0	2	2.3608	1	2	1.6273	1	1.5489	1	2	-1.9079	-4.1569	3	2	0	0	3	1	3	0	0.1997	1	1	3	2	1	-8.2509	2.4945	-2.7610	0	0	1.6632	-0.0639	1	1	-3.7122	1	-1.3457	-0.3225	0.8299	1	-1.2902	0	1.3304	-1.9219	4.7706	1	2.0065	1	2.0143	-1.6315	-2.5160	1.4976	0.2556	2	0	0.5500	0	0.7152	0	-8.0709	3	1	2	-1.9636	2.2325	-3.0666	10.0481	1.5041	-6.2218	6.1945	-0.1646	0	0	1.1851	-1.1894	-1.2776	6.7397	2	-2.5607	1	-1.1930	0	2	2	2	0	-1.7703	3	2	-12.8489	2	3	1	2.7265
1.4999	0.3558	-0.8160	-2.4511	-0.3190	3	3	-3.1060	0	1	-3.5226	2	-1.8784	2	2	0.2753	-3.2142	1	0	1	1	2	0	2	0	0.5485	1	1	0	0	0	-6.3379	-1.3042	-1.3919	1	0	1.1167	-1.3793	1	1	0.0438	0	3.9867	1.9009	4.1318	1	6.0928	3	0.3082	0.7357	-0.8051	2	1.0867	1	0.9123	1.0411	-2.3358	-0.2244	3.6453	2	1	-0.7666	0	-0.4181	0	-5.5925	2	2	2	0.6949	-3.1481	-4.5429	-2.8245	1.3145	-5.7327	2.2122	2.0435	0	2	-2.4422	-0.4466	4.1386	4.2141	1	2.2106	3	0.9452	3	2	2	1	2	-0.4447	2	3	4.7573	0	1	0	2.4824


