
X1	X2	X3	X4	X5	X6	X7	X8	X9	X10	X11	X12	X13	X14	X15	X16	X17	X18	X19	X20	X21	X22	X23	X24	X25	X26	X27	X28	X29	X30	X31	X32	X33	X34	X35	X36	X37	X38	X39	X40	X41	X42	X43	X44	X45	X46	X47	X48	X49	X50
-1.3072	1.1602	-0.1818	0.0868	-0.2800	-0.5015	-0.8625	0.3210	1.7408	0.4938	-1.8626	0.4693	1.5684	-0.6410	-1.3240	-0.6292	0.5868	0.8870	-0.0995	1.4433	-1.0729	-0.4098	0.6310	-0.9055	0.7231	1.5230	-1.4316	-2.0123	1.7368	1.0355	-0.8548	0.5783	-0.9015	0.2838	0.2183	-0.2300	0.2050	0.4317	-0.1693	1.0879	0.2711	-1.2035	-0.3517	-0.9009	0.0417	0.5652	-0.4681	-0.6364	-0.8334	-0.2858
0.0405	-0.0922	0.7743	0.0455	0.5337	1.8463	-0.8849	-1.1354	0.5319	0.5534	-0.9628	0.2753	-2.9143	-0.0764	0.9009	1.2570	-0.2988	0.8901	0.9114	0.9337	-0.6989	-0.0761	0.6122	-1.4143	0.6050	1.2695	-0.9151	-0.5422	0.4577	-0.9310	-0.2496	-1.2691	0.8684	1.8442	1.1484	-0.7805	-1.7237	1.3016	-0.8037	1.2465	0.5990	-1.7912	-1.3711	-1.4705	0.6101	1.6330	0.0841	-1.7300	-0.4749	-0.7852
0.1662	0.6063	-1.3983	-1.2220	-0.3095	1.2419	0.2992	-0.0984	0.8799	-0.3144	-0.3644	-0.1569	1.6382	0.2206	-0.5873	-1.8874	-0.3853	1.3627	1.0799	0.7074	0.7992	0.0736	0.6628	-0.9851	1.5131	-0.4622	0.9831	-1.0971	0.6813	-0.9495	-1.9707	0.5817	-1.9787	0.0261	-2.1629	-2.2415	0.9225	-1.2778	1.6209	1.2851	0.6310	0.4761	1.4370	-0.1674	-2.0194	-1.4377	1.1640	1.0234	-0.2670	-1.8284
-1.0870	1.2128	1.2823	1.1253	1.4003	0.9348	-0.6468	1.4264	-0.6745	-1.5058	0.0634	-1.3079	2.2438	0.0425	-1.0061	-2.2741	-0.4921	0.5529	0.1266	-0.7050	-0.6820	-0.5781	-1.8411	-0.2580	-1.8298	0.7498	-0.1042	-0.7321	0.0087	0.3709	0.7776	0.0576	-2.1722	-0.2257	0.9350	0.2149	0.4564	0.0086	-0.9876	1.4891	-0.8028	0.5564	1.2874	1.1033	-0.3870	-0.5834	-1.4672	0.8795	1.3022	1.8483
1.2072	2.1061	1.2083	0.3848	0.7090	0.8739	-0.3726	0.7807	-0.3067	-1.8936	0.5550	0.5547	1.3787	-0.2895	-2.9034	-1.5451	-0.5175	-0.3692	-0.4407	-0.2627	0.0782	0.7903	-1.7647	0.4605	-2.1644	-0.0323	0.5214	-2.9612	-1.6312	-1.4570	1.1320	-0.4028	-1.5338	-0.5003	-0.2709	-0.4040	0.0172	-0.6722	0.1785	1.1377	-2.2862	0.4516	1.8886	0.5393	-0.7060	-0.5309	0.2394	0.4505	-0.4428	2.1704
1.0265	1.6601	0.1204	-0.3865	-1.3792	-0.4175	0.1975	-0.5908	-1.6164	-0.5528	1.0310	0.6564	-0.8967	0.2600	-2.3239	0.8800	0.7015	0.3255	-0.6894	-0.5193	1.2694	1.5166	1.1271	1.2800	0.9161	-1.8241	0.3692	-2.0515	-1.8775	1.1358	-0.8176	0.5260	1.9652	0.5118	1.9657	1.3582	-0.2906	-0.6851	0.8259	-2.0137	0.6188	0.9428	1.0642	1.1329	-1.2348	-0.5875	0.7486	0.7962	-1.8096	-0.5601
0.8506	-0.6169	0.2183	2.4617	-0.3418	0.4546	-3.5563	0.2524	0.5799	1.4047	-0.2494	0.3284	-0.4054	-1.3441	0.2701	1.1689	-0.3597	1.0901	0.2902	-1.6868	0.1950	1.7807	-0.2778	1.1772	0.1817	0.3749	0.1081	0.9324	-0.1208	-1.3272	-0.6618	0.6802	0.0041	-0.2547	0.6869	-0.9511	0.6496	0.5630	-0.6065	0.2325	0.5909	0.2288	0.6313	0.3243	-0.1918	0.8284	-0.3389	-0.7299	0.4789	-0.1111
-0.7229	-1.4265	0.7828	-1.0374	-1.1326	0.5912	1.0474	1.8806	-1.0185	0.4547	-0.3419	-0.2827	0.4241	0.9312	1.3491	-0.8056	-0.5052	-0.9694	-1.5191	1.2640	-0.0232	0.8547	-0.1988	1.7507	-0.5853	-1.0437	1.1900	0.3980	0.7399	0.8775	0.7468	-0.1397	0.0988	2.3186	0.6788	0.9319	-0.5497	-0.4880	0.1317	-0.0408	0.5069	-0.0134	0.5868	-0.9627	-0.8957	-0.5588	0.0913	-0.0135	0.2859	0.6994
1.0777	-0.7513	-1.0041	-0.9339	-0.2696	-1.3970	1.4800	-0.1872	-1.6016	0.5114	1.3899	-0.0811	-0.9562	0.9844	-0.0497	0.6637	1.7976	-1.4162	0.1455	-0.6731	0.6295	-0.4279	-0.4541	2.1881	0.3834	-1.9171	1.1308	-0.2874	-0.6513	-0.9891	0.5636	-2.0995	1.1943	0.7500	0.2695	0.1593	-1.8622	-0.5079	0.9555	-1.6314	0.6503	0.7351	-0.8558	0.0834	0.1551	-0.2188	1.5612	0.1997	-0.6171	0.2099
-0.8709	-0.8160	0.1019	-0.2615	-0.2724	-1.6350	0.2045	-0.3189	0.8909	-1.6360	-1.0432	1.8852	0.5681	0.6363	1.2257	-1.5507	-1.1319	0.5556	-0.1820	0.3978	-1.0043	-2.0498	0.2198	0.9038	0.3443	1.2179	-0.7843	0.5455	1.1948	0.5465	-0.6170	0.6405	-1.3859	0.1332	0.6704	-1.0256	-0.5151	-0.1930	0.4657	1.6458	1.3173	0.2129	-0.6242	0.3262	-0.1711	-0.4801	1.0770	0.9425	0.3774	0.4942
1.0067	-1.1325	1.0806	0.7390	-0.4471	-1.5463	0.4407	0.9772	0.5001	-0.4722	1.3338	-0.8089	0.8967	-0.0090	0.3099	-0.7269	0.9059	1.1889	-0.5366	-0.8590	1.4130	-0.6214	-2.1759	-0.6918	-2.0761	0.0022	1.5188	-0.0154	-1.9532	-0.5765	1.1171	-2.2531	-1.1161	-0.8155	-0.1770	0.4448	-1.7794	-1.2041	0.6423	0.6501	-2.0900	1.0302	0.3408	0.0172	0.2743	-1.1297	1.6716	0.6880	0.9501	1.7638
-0.2757	-1.7394	-0.7948	1.2928	1.3610	-0.4240	-0.4488	-0.1311	-1.0169	-1.0902	0.5287	1.2689	-0.5915	1.4731	1.9253	0.4370	-0.3675	0.0814	-0.8554	-0.3610	0.6418	1.0776	-0.9740	1.3738	-0.3536	-1.3050	0.5515	1.7907	0.0227	0.9275	0.7562	-0.4892	1.6239	-0.9033	-0.1991	1.3307	-1.1237	-0.4531	-0.2244	-1.8009	-0.8698	0.5829	0.3252	0.3289	-0.2473	-0.2180	0.4415	0.0184	-1.1825	0.1677
0.1152	1.3592	-1.6777	0.4157	0.3947	-0.6135	-1.9236	1.0113	-0.2655	-0.9558	0.1085	1.3682	-0.5162	0.3183	0.8765	0.5829	-1.3793	0.3822	-0.0039	-0.9275	0.6652	1.1036	-0.6344	-0.6223	0.2531	-0.2144	0.3358	1.2180	-1.2532	-0.6122	-0.6047	-0.8685	0.4172	1.8661	0.9913	-0.5285	-0.8148	-0.6420	0.3079	-0.8980	0.3134	1.2931	1.0703	0.7842	-1.6450	-0.0645	1.8635	0.1014	-1.2644	0.4774
1.3307	-0.4016	-1.6036	1.0478	-0.7530	-0.8680	-0.9946	-0.6123	-0.5308	0.7192	1.1124	0.2013	0.0440	1.0441	-0.8003	-0.4288	0.3606	-1.7550	-0.7994	-1.2839	-0.1676	-2.3442	2.9148	-0.1382	2.4498	-1.5194	-0.4306	-0.8139	-0.6675	-0.6803	-0.7386	0.6199	0.4735	0.7078	-0.5250	-0.9770	0.3490	0.4342	0.7534	-1.4288	2.2196	0.3481	-1.3744	2.4286	0.3289	0.1553	0.6539	1.7053	0.6195	-2.4731
-0.5675	1.1906	-0.2172	-2.3860	-0.6040	1.2337	1.1441	0.4341	1.7658	0.0845	-1.7866	0.7299	0.4913	-1.4363	-2.1074	-1.4317	0.8847	0.5344	0.6906	1.9958	-1.4124	-0.4827	0.1548	-1.8140	0.5058	1.6395	-1.2147	-1.8264	0.9664	-0.4043	-1.5553	0.7243	-1.2457	0.7679	-2.0224	-0.6703	0.5434	-0.0642	0.2258	1.4752	1.0837	-0.4894	0.5458	-0.0749	-0.6869	-0.5435	-0.3741	0.5249	-0.0038	-0.6194
1.0238	-0.6401	-0.1251	0.5481	-1.6063	-1.2322	0.3010	-0.4577	-0.0025	-0.0357	0.0383	2.2019	0.1517	-0.9200	0.3421	1.1129	-0.0307	-0.3066	-2.0339	0.1011	0.0349	-1.2215	0.1118	0.2893	0.2369	0.3378	-0.0855	0.7176	0.4300	0.4378	-0.7046	-0.1499	-0.1370	0.1090	-1.0599	0.0077	-1.0506	0.8286	-0.8462	0.0502	-0.4618	-0.9824	-2.1266	-0.5242	1.6134	0.9567	0.0637	-0.6719	0.6341	-0.4839
0.4598	1.7375	-0.1769	0.2628	0.5656	0.2713	-0.5903	2.0597	0.4247	0.4045	-0.1838	-0.9148	1.0208	0.4466	-1.1759	-0.9742	-2.0254	0.0811	-0.6518	0.1347	-0.5055	0.7982	-1.1145	0.8515	-0.7356	0.3371	-0.5709	-0.1629	-1.2237	0.4938	1.0015	-0.0949	-0.5375	-1.1763	0.2183	0.4589	1.1187	-0.1595	-0.0915	0.5390	-1.2184	-0.1551	1.2385	-0.1914	-0.4667	-0.3566	-0.5865	0.1691	0.7315	1.0873
-0.4993	0.0372	-2.5667	1.5675	0.7098	-1.3033	-0.7104	0.9552	0.5713	0.1169	-0.6810	-0.0094	2.0955	-0.5261	0.3612	-2.1703	-0.2797	-0.0567	0.3410	0.3248	-0.8744	0.2738	0.2086	-1.1718	1.0354	0.2045	-1.0627	-1.1512	0.7035	0.2518	-1.5955	1.0839	-1.4197	-0.6062	-1.3018	-0.8506	1.2477	-0.2899	0.2831	-0.3830	0.7199	0.2023	1.5298	1.2586	-2.0633	-0.8560	-0.2780	1.3050	-0.8936	-1.1080
-1.5210	0.6201	2.3157	-0.1010	0.5282	-1.3224	0.0417	0.1980	1.3613	0.7887	-0.8218	1.1574	-0.7058	0.2246	0.2229	0.7708	0.2472	-0.7123	-0.2569	0.8739	-0.4143	0.1072	-0.9481	-1.2676	-0.8867	0.0840	-1.0141	-1.5158	0.5022	1.4073	1.3331	0.9069	1.3012	-0.5514	-1.1580	1.5165	0.3780	0.6558	-1.4780	0.4655	-0.9636	-0.7963	-0.2689	-0.5701	0.9239	0.6189	-1.3643	-0.7726	0.9969	0.9728
0.1288	-0.3832	0.6279	0.0289	0.2077	0.5929	-0.0090	-0.1856	1.5654	0.6795	-1.6785	0.4985	0.1193	-0.4037	0.3000	1.6164	-1.5377	1.0006	-0.1167	1.4522	-2.0918	-0.1020	0.1502	-1.0164	0.2682	0.4126	-1.3706	0.1978	1.4169	-0.1880	0.1559	0.5852	0.7177	-0.6695	-1.0485	0.0081	0.2136	2.9231	-2.5904	0.1287	0.3025	-2.6116	-2.2494	-2.1252	2.3772	2.6606	-2.8893	-2.8028	0.1571	-0.3942
1.4389	-0.2684	-0.4225	0.2503	0.1491	-0.8503	0.2399	1.0513	1.1951	-1.4008	-0.4079	0.7198	0.0259	-0.3035	-0.7079	-0.1952	0.8403	-0.3378	0.0243	0.7580	-0.9200	1.2142	-0.6847	-2.4639	-0.4698	0.8243	-0.3096	-0.5810	-0.3180	-0.3352	-0.9225	-2.7592	-1.0937	-0.0436	-1.0139	-0.3805	-2.6498	0.9353	-0.7385	0.9061	-0.0815	-0.4241	0.4682	0.0707	-0.8486	0.4586	1.1396	-0.4319	1.1336	0.4708
0.4792	-0.2420	0.7369	-2.1380	-1.5376	-0.3286	2.5155	1.1137	-0.1844	-1.2820	0.6952	-0.0703	1.6211	0.7591	-1.3038	0.0374	0.3289	-2.0578	1.4963	0.1750	0.4903	0.7828	-1.1241	-0.6484	-1.2791	-0.4611	0.6240	-0.6015	-1.3801	-1.6857	0.5710	-0.5298	-1.1280	-0.7575	0.1994	-1.0473	-0.8614	-0.3975	-0.2477	0.1447	-1.2342	-0.1757	-0.0235	-0.0991	0.1885	-0.4717	0.2286	0.1240	-0.1657	1.6622
1.9638	0.4433	0.2194	-0.9070	-0.4156	-0.2668	1.1894	-0.1507	0.8682	-1.4599	-0.2251	-1.0395	0.4587	-0.0588	-1.1260	-0.3890	1.7784	0.8546	0.2674	1.0392	0.0007	0.4310	-1.0253	-0.3129	-0.1762	-0.0435	0.3875	-0.7358	0.4338	-2.0364	0.0229	-1.6835	-1.2596	2.0747	0.6687	-1.9015	-1.0693	-0.3460	0.7943	1.4468	0.0112	-0.5440	0.4185	-1.1327	-0.7060	-0.4048	0.7494	-0.1944	0.5576	0.1863
-1.7554	-1.0040	-0.1487	-0.0600	-0.0417	-0.9879	0.5657	-1.4217	-1.0078	2.1373	0.6198	1.5758	0.6498	-0.1481	0.3598	-0.4087	-1.5857	-0.2725	-1.7210	-0.3554	0.6398	-0.7570	1.2064	1.3659	0.2059	0.6689	-0.1533	0.3504	-0.3405	2.8846	0.8091	2.0753	1.1838	-0.3404	1.3793	1.8885	1.0400	-0.3818	0.0017	-1.9224	0.3737	0.5051	-0.0521	0.3593	0.0177	-0.3946	-0.4665	0.3269	1.8075	-0.3196
-0.0876	0.2419	-1.4843	0.9675	0.2489	-0.3710	-1.4798	0.5454	0.6069	0.5274	-1.5988	0.7752	-0.5995	-1.2147	0.6889	-0.0850	-0.0707	0.3427	0.1993	1.1723	-1.2503	-0.4820	0.7809	0.6028	1.5157	0.6340	-0.8320	-0.2061	1.3133	0.0269	-2.1043	0.5972	-0.3537	-0.2770	0.8812	-0.6664	-0.3289	1.1640	0.1527	1.0175	0.3137	-1.6655	-1.3045	-1.5868	0.9564	1.0388	-0.1676	-1.0560	0.7968	-1.2812
0.4952	-0.3287	0.0543	-0.7007	0.4994	-1.2785	-0.2249	0.9149	-0.4382	0.7440	-0.5500	1.2336	-0.1904	-1.8218	-0.5288	1.1072	1.2544	0.2515	0.5852	0.3319	-0.8390	-1.1594	0.6007	-0.4325	-0.6766	0.1592	-0.6183	-0.0511	1.3128	-0.8598	-0.2102	0.7301	0.5101	-0.3363	-0.3206	0.0722	0.8393	1.1644	-0.1435	0.1074	-0.1459	-0.7621	-1.4898	-0.9137	1.7012	1.3751	-1.0266	-1.1604	0.4139	0.0217
-2.2755	-1.1662	0.5899	-0.4273	-0.4889	0.0686	0.5598	-0.4365	0.6110	0.2120	-0.9903	-0.3864	-0.4218	-0.6311	-0.1053	0.9060	1.1127	0.1843	-0.2829	1.8117	-0.8412	-0.8764	-0.4447	0.5698	-0.8827	-0.5409	-0.6388	-0.1579	0.6316	1.9256	0.2333	0.5706	2.0127	-0.5564	0.1752	2.6230	0.5904	1.1686	-1.3328	-0.7486	-1.8118	-1.2622	-1.4885	-2.2023	1.6438	1.0741	-1.7262	-1.7588	-0.4679	0.0885
0.9706	-0.2519	1.1545	1.5782	-0.1176	-0.4994	-0.9222	-1.6940	-1.0591	-0.9930	1.7797	-0.2455	-1.3335	1.7184	0.1351	1.8168	-0.6513	-0.1606	1.6691	-2.2163	1.4494	-1.1856	-0.9025	0.4105	-0.9806	-0.8233	0.6616	0.0340	-0.9039	-1.2152	1.8856	-1.2904	1.7642	0.1407	0.7766	0.1956	-1.0850	-0.5054	-0.1685	-1.3850	-1.2610	1.5789	-0.8413	1.5547	0.8820	0.0511	0.4530	0.7806	-0.9482	1.4454
0.1608	0.5299	-1.3531	-2.3885	2.7244	-0.0374	1.0820	1.1059	-2.8451	1.1577	2.6478	-2.0053	1.2321	1.5974	-0.2581	-0.3255	0.6708	-2.7132	1.2995	-1.8988	2.8582	1.7149	2.2384	0.2153	1.4806	-1.9684	3.4642	1.2104	-1.4995	-0.7601	0.0758	0.7966	0.5857	0.0926	-1.1036	-0.7135	1.7341	-2.8407	3.1891	-2.3516	0.8828	2.4405	1.9931	0.9448	-1.9466	-2.5217	1.0279	1.7752	-1.5051	-0.8094
-1.1361	0.9317	0.4007	0.3698	-0.8722	-1.6419	0.3994	-0.8888	-0.2087	-0.2688	0.4809	-0.0636	0.4065	0.3084	-0.0333	-0.1819	-0.6651	-1.0735	0.6845	-0.6192	0.5904	-0.0808	-0.3061	-0.0764	0.3339	-0.8132	0.5992	-0.7186	0.5299	-0.1976	0.0771	-0.2605	-0.6395	1.0099	2.3981	-0.9356	-1.1214	-0.4261	-0.2871	0.0401	0.5170	0.6792	0.3178	0.3273	-0.4335	-0.3494	0.2706	0.2938	0.4194	0.6673
0.2788	0.1492	-0.7204	1.1405	-1.2671	-2.0623	0.6472	0.8916	-0.8726	-0.5430	0.6127	0.5891	0.3809	0.4832	0.0322	-0.0392	-0.8367	-0.4810	0.5496	-0.6586	0.2058	-0.5378	0.2432	-0.4388	-0.1378	-1.8585	-0.0092	-0.8927	-0.7915	0.3123	0.1778	0.3120	0.5072	-1.9313	1.7238	0.8790	0.1047	-0.3068	0.0856	-1.0215	0.0001	0.4445	-0.2779	1.0118	0.4090	-0.2484	0.7027	0.6539	0.8478	0.4976
0.1403	1.6343	0.4401	-0.6229	-0.4916	-0.2484	-0.6479	-0.8287	0.5312	-0.0254	0.5082	1.5979	-0.7505	0.1193	-0.1993	2.0800	0.3296	0.7427	1.2244	-1.3875	0.4849	-0.1847	-0.0974	-0.6432	-0.2337	1.0707	1.1209	0.5639	0.1338	-1.1359	0.9012	-0.1220	0.9165	-1.4107	0.4210	-0.0831	-0.4690	0.7964	-0.7749	-0.6691	0.7073	0.5719	-0.0026	-0.3839	0.4001	1.0156	-0.4517	-1.0124	0.1650	0.0828
0.3845	0.7762	0.8045	0.8068	0.1681	0.6730	-0.5178	-0.2534	0.7640	0.1320	0.5600	-1.8262	0.2497	0.2415	-0.6288	-0.8441	0.5138	-1.0800	-0.0996	-0.7601	0.7731	-0.7820	-1.2026	0.1257	-0.9006	-0.4777	1.3394	0.2878	-0.8177	0.6761	1.0132	0.4408	-0.2205	0.1103	0.8324	0.4429	0.4629	-1.7920	1.0615	-0.1565	-1.0440	1.9302	1.5583	0.8011	-0.8384	-2.0239	0.2504	1.6927	-0.5653	1.3294
1.2589	-0.9744	-0.5025	0.6884	-2.3636	1.0765	-0.1850	-1.1157	-0.8059	0.8006	1.2182	-2.3492	0.3671	1.4397	-1.0681	0.1648	-0.5022	-0.3676	-0.0337	-0.8674	0.9899	-0.0461	0.9917	0.7764	0.0077	-0.6311	1.0325	-0.6038	0.8407	-0.2436	1.5236	-0.2215	0.4421	0.4695	0.2714	-0.4865	1.1369	-1.5416	2.2544	-1.0360	-0.1038	1.2969	0.2872	1.3910	0.0678	-1.3431	0.4794	2.0703	-1.2583	0.7985
0.2289	0.2176	2.0477	1.0543	0.0442	-1.1249	-0.8944	-0.4285	-1.3556	-0.7744	-0.7598	-0.0767	-0.7953	0.6979	1.1018	-0.1696	0.1577	-0.3072	-0.0978	0.0862	-1.3934	0.2917	-1.0501	-0.1518	-0.4919	-1.2364	-1.4063	1.7382	0.5581	0.9374	0.7077	0.3013	0.9402	-0.3205	0.2736	1.2482	0.5734	1.2156	-1.2776	0.1588	-0.8440	-0.6038	0.3281	0.1002	-0.7059	1.0154	-1.4342	-0.6326	1.2300	0.7976
-0.3295	-0.5043	0.5832	0.9682	-0.8191	1.4226	-1.1342	-0.0497	-0.1691	0.4597	1.5302	0.2089	-0.8771	1.2827	0.5837	1.0040	0.7624	2.1834	-1.9039	-1.3431	1.0005	1.1997	-0.0681	2.4692	-0.0726	0.1157	0.3656	0.4041	-2.0706	1.4832	0.7556	0.9638	1.8920	0.9148	-0.0711	1.6764	1.1095	0.1490	-0.7235	-2.1690	-0.1543	0.8288	0.3723	1.3105	-0.6627	0.2916	-0.0912	0.0008	-0.2610	0.5222
0.6556	0.4400	-0.2526	2.2627	1.2304	-2.1923	-2.5654	0.6687	0.5601	1.1743	0.4040	-1.0929	0.4599	0.5684	1.2265	-0.0198	1.1795	0.1295	1.3324	-1.6325	-0.1986	-0.2823	0.3114	-1.4636	0.4113	-0.6119	-0.6736	0.5854	0.1555	-0.9016	0.0246	0.2269	-0.8424	-0.8077	1.2072	-0.9677	0.6353	0.7837	-0.0200	0.4570	-0.0526	0.5718	0.2402	1.3844	0.2225	0.4723	-0.6122	0.1333	0.4962	-0.3334
-0.1446	0.6723	-1.0590	0.4169	-0.9705	2.8023	-0.1630	-0.7976	-0.0557	0.2955	-0.3710	-0.4099	-0.2352	0.1844	1.7764	0.7444	1.5809	-0.4140	-0.9139	0.1667	-0.6271	-0.1616	2.4749	0.7397	2.4339	0.0046	-0.0514	1.0167	0.0878	0.6385	-2.0343	-0.1494	0.4583	-0.1329	0.9912	-0.7871	-0.2080	0.7732	0.3167	-0.4123	2.0976	-0.5532	-0.7378	-1.4873	-0.0912	0.9279	-0.0212	-1.0780	0.9807	-2.2993
-0.4468	1.4697	-0.3225	1.2712	-0.2691	-0.5006	-0.1185	1.2409	0.1425	-2.4205	-0.1290	-0.6658	0.7345	0.7238	-0.5338	-1.6914	-0.8641	-0.6819	-0.5917	0.5818	-0.6661	-0.2191	-0.5465	0.5211	-0.3624	-0.5476	0.1114	-1.1250	0.4611	0.0584	-0.3613	-0.2658	-0.4057	1.2553	-0.8461	0.1967	0.1072	-0.1027	-0.2391	0.1643	-0.5647	-0.2770	0.8564	-0.4647	-1.1662	-0.4436	0.4300	0.1048	0.8780	0.7191
-0.4415	-0.3855	0.8223	-0.7445	1.9763	-0.0337	-0.6335	-1.2819	0.1973	-1.0360	-0.0360	0.0668	-0.9507	0.5359	-0.0256	0.8444	0.1870	0.0027	0.6525	-0.3625	0.3195	-0.4042	0.4917	-1.0026	0.2401	-0.2425	0.4328	-0.8443	0.8846	-0.1068	0.1946	0.2338	1.0703	-0.3927	0.7583	0.1116	-0.1927	-0.0912	0.2603	-0.2427	-0.6363	0.6497	-0.7215	0.7499	0.5337	-0.1632	0.5252	0.3835	-0.0812	-0.2164
0.0307	0.0025	1.3205	0.0148	0.0079	1.0061	0.0181	1.3104	0.9920	-0.2881	-0.6238	-0.0840	-0.1299	-0.0146	0.6072	0.0450	0.1399	0.3113	-0.4236	0.2387	-0.3427	-3.4863	-1.5327	-0.6087	-1.8315	0.8661	-0.9498	1.5752	0.7606	0.5912	1.1758	-0.8437	0.2657	0.8429	1.8923	1.6895	-0.7634	0.0102	0.0960	0.4148	-0.6284	-0.1200	-1.6630	0.4550	1.7530	-0.1004	0.4453	0.8981	1.8587	1.9190
0.6940	0.1479	0.1004	-0.9257	-0.4915	1.3984	1.0053	1.2004	0.6061	1.9540	-0.8553	-0.1732	-1.3905	-1.1485	-0.1322	1.7534	0.7447	-0.2571	1.4135	0.8832	-0.7456	1.3693	0.1159	-1.6479	-0.0783	-0.6517	-0.4531	-0.2641	0.2740	-1.7214	-0.3590	0.9088	0.3395	-0.4536	-0.3217	-0.7614	0.9617	1.3512	-0.8564	0.5479	-0.0739	-0.9974	-0.6175	-0.4013	0.9552	1.2631	-1.2773	-1.1287	-0.9213	-0.3917
-1.5010	1.2966	-0.0629	-0.2412	1.0693	1.3302	0.3887	0.3094	1.4976	0.1062	-1.3019	0.9940	-0.0394	-1.2651	-0.1030	-0.5007	-0.4088	1.1122	0.0618	1.2442	-0.8729	-1.3566	-1.2519	-1.6337	-1.5131	1.7858	-0.7721	0.1812	1.5173	1.2651	0.8087	1.1169	-0.0877	-1.1905	0.3263	1.0931	1.0742	0.7660	-0.9218	0.4749	-1.3723	-1.2800	-0.6404	-1.1891	1.6931	0.5699	-1.9053	-0.9298	-0.1719	1.1180
0.9948	-1.5981	1.2702	-1.6171	-2.0679	-0.4687	0.7535	-0.9996	1.2156	2.3677	0.2956	1.0424	-0.1203	-1.6837	0.2276	0.2817	-0.0447	-0.3494	-1.8830	0.1486	0.6560	-1.3082	-0.8359	1.2311	-1.2896	0.4322	0.1288	-0.0561	0.3473	-0.6102	1.3287	0.7711	-0.4786	-0.3825	0.1987	0.1268	-0.0310	-0.4440	0.6386	0.8680	-1.0043	0.0951	-0.9443	-0.1883	1.8665	-0.5071	-0.0716	0.4957	-0.9711	0.7996
-0.3687	-0.4025	-0.9978	-0.0587	-0.6690	-0.9191	0.0425	0.5588	-1.9287	-0.0868	0.4451	0.3027	0.7309	-0.0111	-0.6879	-1.1375	-1.5627	0.1936	-0.8279	-0.5000	0.0562	0.5997	-0.2003	0.5097	-0.6519	-1.5439	-0.0054	0.2936	-0.2213	0.1582	0.5414	-0.0725	-0.6929	0.4744	0.5760	0.1331	-0.7201	-0.0988	-0.5662	0.2076	0.1418	-0.0239	1.0672	0.2272	-1.1435	-0.5860	0.8214	0.3418	-2.5645	0.3827
0.5364	0.9063	-0.0747	1.2902	0.4435	-0.0021	-0.4978	-0.1737	-0.1213	-0.7257	-0.1690	-0.1612	0.2860	-1.0909	0.2110	-0.6853	-1.2337	-0.0688	-2.7618	0.3379	-0.5222	0.4046	0.0709	1.0471	0.0038	0.1178	-1.4800	0.5718	-0.2512	0.7711	-0.7220	-1.4573	-0.3853	1.7379	-0.6658	-0.2140	-1.2107	0.6387	-0.2919	0.3454	0.2350	-0.9559	0.4978	0.3006	-0.8002	0.0932	0.8399	-0.0647	-0.5632	-0.5597
-0.0486	0.2350	0.5298	0.6580	0.4728	-0.7273	-0.5602	-0.3164	0.1543	0.2938	-1.1440	0.2397	-1.3775	0.0179	0.4597	1.6988	-1.3087	-0.0363	0.8476	1.1501	-1.4344	-0.7376	0.7037	-0.9993	1.4747	0.6465	-0.8948	-0.1780	0.6789	-0.8519	-1.0043	0.1909	0.2755	1.4382	-0.8392	-1.1033	0.1448	1.4635	-0.6188	0.6029	1.6015	-1.9391	-2.1605	-1.6933	1.1517	1.6924	-0.1123	-1.6444	-1.1388	-1.5025
-1.2452	-0.9216	0.5337	0.9935	0.7302	-0.6364	-0.9130	-0.0528	0.0992	-1.2411	-1.2618	-1.4711	0.7505	0.9583	1.6313	-1.2729	1.7769	-0.1997	1.2586	0.3580	-1.0684	0.4695	-0.7134	-0.2344	-0.8776	-2.2909	-0.9520	2.1333	1.4725	-0.5762	0.7499	0.4216	-0.0887	-1.5226	-1.1131	0.1921	1.2992	-0.0696	-0.3834	0.1177	-0.7004	0.1333	0.7877	0.3705	-0.2602	-0.2466	-0.9623	0.3285	-0.0662	1.4120
-0.6925	1.3342	-0.1153	-0.5431	-0.7048	0.4179	1.3639	-1.1422	-0.0475	1.5823	-0.5547	-0.6197	-0.3575	0.2436	-0.5941	0.6665	0.6894	-1.4411	-0.1428	1.1950	0.0457	-0.1210	0.5763	0.6253	1.0592	-0.5637	0.1115	-0.2315	0.7291	0.7186	0.0414	1.6985	0.7740	-0.3279	-1.0942	-0.1045	1.7487	0.0155	-0.0226	-0.0716	0.6633	-0.6581	-0.8622	-1.1666	1.3484	0.4748	-1.1879	-0.9103	-1.5402	-1.0655
0.5183	-0.3598	-1.7369	-0.5835	-1.5140	0.8339	0.5919	-0.6168	0.4403	1.4542	-0.6948	-1.7942	-0.7454	-2.1193	1.0414	1.5537	-0.3323	0.3631	0.7479	0.2261	-0.2550	0.6180	0.3419	-0.2020	0.3390	1.9888	-0.1966	0.7957	0.0784	-0.7238	-0.9782	0.3091	-0.0735	0.5575	1.5818	-0.4184	1.0930	0.7803	-0.2288	0.1977	-0.5684	-0.6330	-0.9125	-0.5313	0.9171	1.5264	-0.8502	-1.3449	0.2171	-1.0701
-0.4847	0.6284	0.3383	-0.3969	-1.4868	0.3540	-0.3420	0.4441	1.7793	-1.0923	-0.9804	-0.5522	0.0603	-1.9056	1.1368	-0.1831	0.6947	-0.8908	1.4140	-0.0951	-0.5632	0.5171	-0.9469	-0.4199	-0.6662	0.7493	-1.1320	1.2389	0.4962	-0.2191	-1.4084	-1.2749	-0.2244	1.8904	-1.4709	-0.0353	-0.8530	0.9074	-1.2262	0.6310	0.1794	-0.7879	-0.1024	-0.3934	0.0679	0.5213	-0.4427	-0.4711	0.8008	-0.1325
0.5217	0.7688	-2.0058	2.1881	-0.1780	0.5742	-2.1986	-0.4943	0.9411	-0.2838	-0.0330	-0.9402	0.0705	-0.4126	1.7936	-0.0308	0.4301	0.4914	1.0881	-1.1462	0.1981	1.2234	0.8633	-0.4716	1.0230	-0.2947	0.7225	1.1765	-0.6159	-1.1075	-0.7671	-0.4151	-0.5596	-0.5237	0.3402	-1.4781	0.3466	-0.2621	0.6665	-0.1518	1.3377	0.4506	0.8668	-0.1814	-0.8908	-0.2011	0.1461	-0.0805	-1.3163	-1.0631
1.4288	-1.7473	0.3613	-1.3837	-0.9801	1.6507	1.3884	-1.8503	-1.3797	-1.3517	0.2915	-1.2252	-1.1878	0.2416	0.5820	1.2097	2.5390	-0.3700	-0.5893	0.6039	0.5406	-1.5101	1.1130	1.0491	0.8816	-0.4277	0.8647	0.1209	-0.2368	-0.7329	-0.6462	-2.2875	0.1714	0.3289	-0.3809	-0.9668	-1.5102	0.3125	0.1959	0.8489	0.1704	-0.6905	-2.0582	-1.0302	1.3578	0.6508	0.4102	-0.6678	1.0075	-0.7612
0.7190	0.7150	1.0186	0.5392	0.1950	0.8520	0.1202	-1.3801	-0.7186	0.4767	0.6118	-0.4226	-0.8995	0.4321	-0.5145	0.3539	0.1815	-1.2743	-0.3396	-0.2226	1.0017	0.5724	0.1768	0.5261	0.3700	0.3022	0.7107	0.4048	-0.3732	-0.5953	0.7942	1.1974	-0.2439	-0.8304	-0.2337	-0.6371	0.7020	-0.7084	0.5488	0.7361	0.7306	0.4547	0.6705	0.0388	-0.0367	-0.0839	0.1711	-0.2065	1.8614	-0.1032
0.3991	1.0400	0.8692	0.0744	-0.7621	0.2845	-0.3172	-0.5915	-1.9969	0.3478	1.5354	1.1261	-0.0744	2.2014	-0.6238	0.3069	0.2956	0.9991	-0.7816	-1.1363	1.3674	-0.9066	-1.4572	0.8114	-1.2702	0.1410	1.4575	1.2280	-0.6236	0.5038	2.7478	0.8111	-0.1340	2.5971	-0.0671	1.0702	-0.0893	-0.5963	0.0001	-0.3192	-0.6787	1.1431	0.2593	0.7663	-0.9240	-0.4212	1.1468	0.5896	1.3166	1.6732
0.6083	1.9252	-0.1136	-0.8768	-0.8161	2.0887	0.5231	-1.3377	-0.9146	-2.2313	0.3345	-0.7404	-1.0233	0.6259	0.2708	-0.0544	-1.0000	-0.2049	0.6368	-0.3855	0.0215	0.5149	-0.1176	0.9469	-0.3359	-0.4495	0.3405	-0.0755	-0.9830	-0.3649	-0.3483	-1.0985	-0.0240	0.6434	1.6014	0.3269	-1.1801	-0.5871	0.8383	0.1722	-0.1412	0.3503	1.1357	0.0953	-1.0561	-0.6147	1.4073	0.4811	0.4163	0.8027
-0.7985	-0.5297	0.9912	-0.8712	0.7440	0.4457	0.7102	-0.4735	1.1858	1.5158	-1.2680	-0.2797	-1.1911	-0.6623	-0.2301	0.0848	-0.0509	1.6569	-2.2543	1.6699	-0.8338	0.5217	-2.2833	0.1140	-2.1808	2.5335	-0.6685	0.0500	-0.2984	1.3253	1.9005	1.2644	-0.0950	0.5907	-0.0688	1.9111	0.9850	1.1773	-2.1160	1.3158	-2.2665	-1.5374	-0.6962	-1.3579	1.5215	1.2952	-1.9637	-1.7473	0.8815	1.5053
-0.1387	0.5635	0.1607	-1.6464	-0.8696	-0.2680	1.2095	-0.9926	-0.5935	0.2331	1.5086	1.2789	-0.7164	1.6846	-2.2236	0.3584	0.2322	-2.7847	0.7186	-1.1278	1.2665	0.8355	0.9465	-0.9636	0.6008	0.8384	1.3030	-2.0229	-1.1778	-0.4755	0.7887	0.3410	0.2032	-0.0631	0.5686	-0.5152	-1.5482	-1.3493	1.3341	-0.1537	0.4494	1.5814	1.3310	1.1306	-1.5527	-0.9843	1.8237	1.2832	-0.6086	0.1675
0.6873	0.0756	-0.5139	-0.1404	1.7194	0.1639	0.2799	-0.5134	-0.1751	1.2841	1.1402	0.0735	0.4874	0.4550	-0.0939	0.1226	-0.4155	0.3284	-0.4185	-0.3598	0.7679	-0.1604	0.1920	0.5675	0.6338	1.2105	0.6846	-0.3888	0.0029	-0.5568	0.6727	0.5190	-0.5639	-0.1385	1.6179	-0.7336	0.6831	-0.7369	0.0041	-0.3824	0.4699	0.7954	0.4462	0.5386	0.0366	-0.7002	-0.9415	0.6742	0.5873	-0.2426
-2.1012	-2.1311	-0.7323	-0.9768	2.2971	0.4994	0.9329	-1.2710	-0.6643	0.7266	-0.4496	1.1032	-0.3855	-1.7709	0.1810	1.5316	2.2866	-0.3179	-0.5458	0.7340	-0.9435	1.2068	1.0399	1.8925	0.5047	-0.5737	-0.4763	-0.6930	0.8052	1.9824	-1.4846	0.5146	2.3123	-0.1550	-0.6152	1.9341	-0.3479	2.0060	-2.6038	-1.9257	1.0618	-1.4598	-1.3948	-0.8693	0.9522	2.1103	-2.2783	-2.3712	-1.8222	-1.2702
-1.2576	-0.3586	-2.3019	0.7905	-0.0106	0.1646	-0.9287	1.0005	1.4810	0.8900	-0.3007	-0.7457	1.1079	-1.4675	0.6100	-0.6863	-1.2244	1.6446	0.7559	-0.0893	-1.2315	0.1428	1.2461	-1.0536	1.4990	1.5121	-1.1469	1.7583	1.1547	0.8961	-1.7553	1.3973	-1.2257	0.5874	-2.2440	-0.9047	1.6725	0.8240	0.2974	0.2542	1.5180	-0.2766	0.1639	0.7705	-0.0999	0.4629	-0.8363	0.1389	-0.9163	-2.1983
0.8060	0.9974	0.3567	-2.3955	0.5811	0.4230	1.4607	0.0036	1.1812	1.1012	-0.5197	0.4321	-1.4350	0.3689	-0.2563	1.0814	-0.4527	0.6643	-1.2075	0.3497	-0.4155	0.3927	0.7233	-0.1657	1.1822	0.4386	-0.2801	-0.2423	1.1288	-0.1069	-0.5188	0.2405	0.3141	-0.7721	-1.8234	-0.2637	0.3118	0.6668	-0.1668	0.6015	0.9579	-0.3410	-0.5193	-0.2413	0.2083	0.9214	-0.5545	-0.7979	-0.5513	-0.8552
-0.8083	-0.7360	-0.8221	-0.4677	-0.4305	1.6102	1.1600	0.7633	0.6467	-0.8426	-0.8083	1.7166	1.1480	0.2375	-0.3160	-1.2228	-1.2008	0.4084	1.6054	0.8439	-0.6667	0.9387	0.7777	-1.7931	0.3068	0.3990	-0.2874	-0.8744	0.0715	-0.5660	-0.8483	0.4252	-1.8763	0.7524	-0.0940	-1.2808	-0.8966	0.0685	0.2350	1.5348	0.2887	0.1941	1.1485	0.4030	-1.9966	-0.2219	0.6555	0.4264	0.2365	-0.0315
1.9998	-1.0254	0.3197	0.6683	1.1986	-0.7829	-0.7343	0.6255	0.6252	0.7325	-0.2455	1.2694	0.7163	0.2952	-0.1416	-1.1619	-0.6160	2.0630	0.7891	-0.1626	-0.2420	0.8375	-0.1548	-1.2696	0.3250	0.5377	-0.1674	-0.4321	-0.5988	-2.0462	0.0651	1.1367	-1.7367	1.6245	-1.0208	-2.4138	0.7222	0.1570	0.5593	1.4691	0.3631	0.1339	0.5997	-0.1358	-1.0857	-0.3162	0.1558	0.1055	-1.1853	-0.2056
-0.4719	1.3497	-0.3005	-0.9211	-1.1984	-0.6052	1.1417	-0.8410	0.1115	0.8129	0.5219	-0.1291	-0.7962	0.7555	-1.2830	-0.2429	-1.8328	-1.6186	-1.8654	0.3055	-0.1002	-1.2369	0.5876	1.3048	0.3502	-0.7899	0.0501	-0.2993	-2.1025	1.0770	0.4594	-0.0440	0.8687	0.0344	-1.7586	1.0077	0.8015	-0.0152	-0.3835	-1.1311	-0.2425	-0.6008	-0.6137	-1.0689	0.5263	0.2281	-0.4378	-0.4308	0.0129	-0.3033
-0.4056	0.9142	0.3490	0.9812	-0.2523	0.9438	-1.6266	1.1139	0.3539	-0.3227	0.3830	-1.3271	0.9297	-1.1380	-1.3370	-0.1648	-0.7727	0.2707	0.3983	-1.0991	1.3470	-1.2444	-0.3103	-0.3948	-0.9338	-0.3785	1.4043	-0.2746	-0.1049	-0.2892	0.0509	-0.5031	-0.3819	-0.9275	-0.4203	0.4797	0.5386	-1.0366	1.0789	-0.4378	-1.0772	1.5010	0.6336	0.0984	0.3928	-1.0217	0.4826	0.8202	-0.5043	0.4777
-0.5804	-0.5790	0.1420	0.7116	-1.2619	-0.7765	-0.8413	-1.2511	0.1067	0.3158	-0.2446	-0.8748	-0.6663	0.1477	0.3856	0.2044	-0.2923	1.9673	0.5099	-0.1516	-0.4436	-0.6891	-0.3635	-1.1236	-0.6390	0.0569	-0.2283	1.0414	-0.8606	-0.3760	0.9073	-1.1451	-0.0544	0.9192	-0.3245	0.0461	-0.8020	0.0354	-0.8290	0.1562	-0.9489	-0.2980	-0.8093	-0.3101	0.6842	0.0334	-0.6733	-0.1000	-0.5483	0.4221
-0.7217	-1.4380	0.4392	-0.1160	1.5134	-0.2076	-0.0268	1.6883	1.3190	0.3176	-0.9937	0.1462	1.1441	-0.4081	1.6818	-0.0793	0.0957	0.1034	0.6657	0.9174	-0.5604	-0.0595	-0.2280	-1.2466	-0.1993	0.9770	-1.4848	1.2590	1.5490	-0.1662	-0.2311	0.2905	-0.1707	-0.3968	-1.2550	-0.0673	0.3306	0.3413	-0.4517	0.1202	-0.6335	-0.7806	-0.3156	0.0734	0.2588	0.4241	-0.1353	-0.3713	1.3877	-0.1102
-1.8264	0.0415	-0.2050	0.6329	0.5127	-1.0845	-0.7372	1.7179	0.0616	-0.3427	0.9962	0.4052	2.2889	1.4078	-0.6569	-1.8204	0.8498	0.0289	-0.1908	-1.2892	1.4387	0.8146	-0.2234	0.1161	-0.2409	1.5000	1.0879	0.4034	-1.2353	1.2919	0.7920	1.8923	-2.2761	-0.7946	0.0329	-0.0929	0.9887	-1.8383	0.7538	0.7173	-0.4073	1.0343	1.7318	0.2742	-1.1544	-2.2001	-0.1372	1.1335	-0.4345	0.7067
-0.0970	0.8455	-0.5522	0.1995	0.5346	-0.3708	-0.4384	-0.2137	-0.2757	-0.3192	0.2749	1.6053	-0.6562	-0.4596	-0.6322	0.9084	1.0295	0.2561	1.4942	-0.3256	0.5950	-0.6492	0.1739	-1.6267	0.3610	-1.0504	0.6020	0.5787	-1.2874	-0.1192	-0.7510	0.8816	1.0561	1.1123	-0.9516	0.8979	-0.5238	-0.1872	-0.4066	-1.2416	0.8566	0.2330	-0.4556	-0.0735	-0.1343	0.0255	0.3294	-0.1755	0.2093	-0.2154
-2.0534	-0.6063	-1.0700	-0.6424	0.7001	0.1929	0.7687	1.6579	-1.9704	2.0397	1.2237	-0.2450	0.6699	1.0112	-0.4000	-1.9769	0.3684	-0.8458	1.1307	-1.1039	0.9757	-1.4590	0.4118	-0.9350	0.1272	-0.7234	0.8508	0.1203	-0.6192	1.0693	1.0297	1.9586	-0.1253	1.8417	-0.5750	0.3777	2.1315	-1.0414	0.4340	-0.7560	0.8759	1.3747	0.7345	0.9598	-1.1149	-1.5749	-0.7138	1.6394	3.2328	0.2406
0.3534	-0.7248	0.0493	1.3757	-1.3677	0.4389	-1.4075	-0.4624	0.7800	0.4836	-0.8485	-0.8042	0.0362	0.2775	0.7894	0.8025	0.3763	1.0302	-0.7917	0.1988	-1.0450	2.2174	-0.3673	-0.8980	-0.8777	-0.5992	-1.1923	1.3920	0.4664	0.4819	1.3267	0.0986	1.0396	-0.1700	-2.3610	1.0094	-0.0264	1.0819	-1.2700	-0.6229	-0.8466	-0.5431	0.2401	0.1377	0.1936	1.1517	0.0070	-0.8883	0.6472	1.3835
-0.3006	-1.6775	-0.9518	-0.4355	1.6020	0.6188	0.5194	1.0184	2.8861	0.0611	-2.0808	-1.4589	1.0934	-0.4794	2.8506	-1.0498	-1.0509	1.7574	-0.3888	2.8690	-0.5635	-0.6231	1.9636	-0.8592	1.2851	3.0692	0.3697	1.8499	2.7966	0.6241	-1.6937	0.2758	-1.8578	2.1011	0.5033	-1.7306	0.4398	-0.0455	1.0866	1.8503	1.6752	-1.5878	-0.8891	-3.8806	-0.0216	-0.2310	0.3895	-1.3834	0.2014	-1.4150
-0.1341	-1.8678	-0.3411	-0.3469	0.9155	-0.7950	0.9957	0.3445	-0.7186	-0.2724	-0.3027	0.3335	0.4448	-1.8985	-0.7310	-0.5306	0.0178	-0.5861	1.4541	1.2319	0.1519	-0.2456	-0.0247	1.1045	-0.3302	0.5688	-0.3609	-0.4585	-0.4195	-0.2759	-1.0211	0.7938	-0.6970	0.6164	-1.2867	0.0589	0.6261	-0.7820	1.0662	0.6524	-0.4091	-0.3778	-0.7023	-0.4587	0.6392	-0.8911	0.8801	0.4274	-0.9328	-0.9023
0.6946	-1.3311	0.0948	0.6454	1.2291	-0.9782	-0.3196	-0.3036	0.9059	0.7230	-1.0612	0.3035	-1.6343	-0.3535	1.0535	1.0311	-2.2152	-0.9805	0.8372	0.6237	-1.7544	-0.8766	-0.1635	-0.7741	-0.1397	0.6755	-1.8633	0.8313	0.4261	-0.3970	0.0018	-0.4755	0.5638	-1.1377	1.0351	0.3521	-0.4524	1.6289	-0.9760	0.5583	-0.0934	-0.7981	-1.9494	0.1671	1.8220	1.3693	0.2485	-0.6343	-1.3827	0.0110
-1.3579	0.2500	-0.9907	-1.1156	-1.6189	-0.0332	0.3071	1.1393	0.7807	0.7775	-1.1249	-0.8341	0.9300	-1.1882	-0.7922	-0.6654	0.6063	1.8413	-0.8769	1.2087	-0.5090	-2.1496	1.2780	-0.1828	0.7053	0.2728	-0.6870	0.2736	0.5912	0.9109	-0.7202	1.1104	0.0277	-0.3665	0.2158	-0.1153	1.0496	-0.0159	0.5044	-0.2655	0.5445	-0.5959	-1.2039	-0.4294	1.0887	-0.3327	-0.5320	0.8829	-0.2731	-0.4278
-0.1233	-0.1652	-0.1503	-1.0775	-0.2066	0.3029	1.6712	0.7685	-0.1150	-0.6658	0.0963	0.7573	0.2985	-1.1343	0.9162	-0.0245	1.1760	0.3541	-0.4945	0.3397	-0.1367	0.0636	-0.1269	1.2185	-0.2083	-0.2446	-0.7575	0.8763	0.4709	0.5052	-0.7138	0.7372	-0.0110	-0.0404	-0.1169	0.1256	0.3864	-0.1516	-0.0702	-0.0857	-0.5181	0.1440	-0.1350	0.7891	0.2961	-0.0896	-0.4130	0.5255	-0.7961	-0.1959
0.5553	-1.8389	-1.4279	-0.4161	0.5562	0.4203	-0.3041	0.6367	-1.9941	-1.2521	2.0245	2.7468	-0.7629	1.0296	0.4905	0.7920	-2.2112	-1.1620	0.7852	-1.6158	3.2267	0.0502	1.2334	0.0814	1.2281	0.4116	2.6980	0.2953	-1.9619	-0.5017	-0.6213	-1.4511	0.4117	-2.0609	-0.1680	-0.6468	-1.9892	-2.6766	2.8753	-1.2979	1.2654	2.0278	0.3134	0.9635	-1.0553	-2.1850	2.8012	1.8162	-0.2805	-0.8917
-0.2046	-1.2533	0.3688	0.1446	-1.8574	-1.2085	-0.2308	-1.6614	-0.3426	-0.3816	0.0274	0.3858	-0.5629	-0.8244	1.4751	1.0480	-1.5360	-0.0673	-0.3051	0.3601	0.1901	0.5229	0.1793	0.2961	0.7974	-0.7406	0.6536	1.5953	0.3179	0.6006	-0.9826	-0.2527	2.3341	-1.3569	0.3877	1.0072	0.3587	0.1914	0.0369	-2.2241	0.6113	-0.3456	-1.1783	-0.6843	1.0619	0.7728	-0.3944	-0.6927	1.0004	-1.3250
0.2716	0.1764	-2.1193	-0.6905	0.8075	-1.9811	0.2748	1.0329	0.8231	-0.7023	-0.9538	-1.1526	0.3105	-1.3021	-0.4299	0.4929	0.8286	0.4520	-0.7251	0.4498	-1.0649	1.2056	1.2521	-0.8614	1.2194	0.4684	-1.0989	-0.2286	1.2268	0.6756	-2.2824	-0.3162	0.3562	-2.4148	1.4605	-0.1512	0.1008	1.1551	-0.6855	-0.6590	1.4372	-0.7067	0.3834	-0.4977	-0.2780	1.1896	-0.6741	-1.2657	-1.2132	-1.8049
-2.3847	0.0627	0.9106	-1.2972	0.9286	-1.3360	1.7535	-0.8409	-1.0381	0.4408	0.8434	0.0086	-0.1259	1.1746	0.6211	0.7454	0.1903	0.0821	1.0815	-1.1467	0.8356	-1.5132	-0.6165	0.3854	-0.9237	-1.2565	1.0374	0.3272	-0.6395	1.7946	1.8643	0.9460	1.2936	0.1216	0.5177	2.2767	0.7684	-0.2760	-0.8172	-1.1810	-1.4041	0.4582	-1.0403	-0.1967	0.7722	-0.1012	-1.4541	-0.3553	-0.7547	1.2189
1.3400	0.7157	0.3184	0.3244	-0.3697	0.4111	-0.2118	-0.0413	0.3707	-0.3330	-0.7571	-0.4332	0.9703	-0.6894	-1.0163	-1.1243	0.4821	1.3752	-0.6712	0.3346	-0.5778	0.5889	-0.7873	0.4418	-0.5386	0.0949	-0.3015	-1.0471	0.9202	-0.4708	0.2170	0.1183	-0.8875	-1.1342	-0.3289	-0.5816	0.9024	0.6352	0.3694	1.1477	-0.4053	-0.5717	0.5799	-0.5885	0.4574	0.0295	-0.0410	-0.2984	-0.0078	-0.1156
-0.3131	-0.5791	0.2626	0.0935	0.4691	1.3322	-0.4892	-1.4963	0.0513	-1.2870	-1.1018	2.0627	-2.2649	-1.4754	-0.2215	0.4980	-0.6344	-0.5254	0.1360	0.2551	-0.6811	1.2285	-0.6106	0.3972	-1.3212	2.0379	-0.8827	0.6562	1.3822	-0.0565	0.7172	-0.3175	0.0590	0.5962	0.6272	0.4790	-1.1694	0.5099	-0.6504	1.6626	-1.7672	-0.7185	-0.0690	-0.5132	0.5148	0.4086	-0.3257	-0.6016	0.4857	0.7582
2.1317	2.3757	0.4408	0.6101	-0.0862	1.1536	-0.5357	-0.7451	0.0149	0.1933	-0.6631	-0.6916	-1.2323	-1.2444	0.1378	0.7896	-0.0104	0.6862	-2.2592	0.1945	-0.9803	-0.6348	0.7091	0.8513	0.1171	-0.0791	-0.7570	-0.1657	0.7345	0.1331	-0.3133	-0.6240	0.4970	0.1738	-0.1079	0.2842	0.0324	0.9157	-0.0641	-0.0747	-0.3382	-0.6159	-0.1225	0.3211	0.8005	0.5922	0.1184	-0.0133	-0.4001	-0.2342
-1.1588	1.0930	0.0141	-1.3796	-0.4435	0.5197	1.1627	-0.4778	0.3503	-0.6296	-0.1135	-0.3271	-1.1967	1.5262	-1.7847	0.7601	-0.6431	-0.3677	-0.0717	0.8247	-0.1340	1.0796	1.5741	0.2025	1.8567	-0.2871	-0.2293	-1.8874	0.3045	0.1520	-0.5122	0.0461	0.3396	0.5879	-0.7659	-0.9857	0.4524	0.6280	-0.3378	-0.2180	2.1057	-0.9532	0.0015	-0.6099	-0.9875	0.6817	-0.6950	-0.6657	-0.1693	-1.2034
-0.4473	0.2746	-0.2844	0.4441	1.1746	-0.3709	-0.0814	-0.7181	-1.1934	-0.9721	1.6671	-0.7534	1.7847	1.0527	0.6534	-1.4117	-2.1350	0.4549	-0.3773	-1.4125	0.4844	1.0517	-0.8561	1.3712	-0.9593	-0.2681	0.0632	1.2974	-0.5504	-0.3514	0.6592	-0.3687	-1.1947	0.0211	1.6686	-0.1454	-0.0633	-1.0998	-0.3217	0.1379	-0.5942	1.2727	2.1285	1.8867	-1.7535	-1.2397	-0.8960	1.2998	0.0600	1.2866
-0.7063	-0.7212	0.7313	-1.0340	1.0656	0.7934	1.5449	-1.5816	-1.3125	-0.0260	0.8744	-0.8948	-1.3542	-0.4936	0.3873	0.7451	1.3516	-0.9958	-0.2296	-0.6418	1.4488	0.9494	1.0943	1.4820	0.8117	-1.3884	0.4104	0.4012	-0.3239	0.6850	-0.9408	-1.4720	1.0952	-1.4699	-0.1715	0.4421	-0.5151	-0.6671	0.9773	-0.9458	0.6775	0.6668	0.4151	0.8507	-0.1983	-0.2212	1.0256	0.3611	-0.6284	-1.1233
0.0079	-0.8103	2.1054	0.5456	-1.4791	1.4617	-1.1817	0.1427	-0.1397	0.8025	-0.0524	1.2973	0.6225	-0.8610	1.4252	0.6805	1.7262	-0.2366	0.4589	-0.5580	0.6262	1.9834	-1.9208	-0.4225	-2.0872	-0.6003	0.7963	-0.1163	0.9643	-0.1251	1.2560	-0.9346	0.8268	-0.1792	-0.7157	1.5037	-1.1020	-0.6001	-0.2830	-0.3930	-2.5862	0.5649	0.8707	-0.0396	-0.2168	-0.1970	0.8211	0.0543	-0.3959	1.4701
0.8013	0.2073	-0.2324	0.2368	-0.1892	1.0507	-0.7588	0.6710	-0.7599	0.4206	2.3331	-0.1119	0.8714	2.1226	0.1055	-0.4233	1.3498	-0.1027	0.2935	-2.3778	2.6120	-0.4461	0.5669	0.5364	1.2379	-0.3313	2.9269	-0.8120	-1.9614	-0.6970	0.2558	-0.1084	-0.6647	-0.6560	0.7990	-1.2697	-0.0424	-2.2001	1.7564	-0.7227	1.2017	2.2899	0.8811	0.8826	-1.3965	-2.0279	1.2500	1.5657	-1.0232	-1.0063
-0.9496	-0.4532	0.4632	-0.0650	0.1997	-1.0363	0.0335	-1.2491	-0.5213	-0.1620	0.1513	-1.1325	-0.1076	-0.2572	0.2355	-0.1640	-0.2232	-0.5364	0.0303	0.0078	0.0588	0.6022	-0.1879	1.6224	-0.0666	-0.6014	0.5142	0.3869	-0.6962	0.8347	-0.1046	1.3723	0.7754	-0.9716	1.5649	1.0847	1.6241	-0.1141	-0.0794	-0.4276	0.3534	-0.1530	0.4988	-0.4916	-0.2187	-0.2657	-1.2633	-0.3266	1.2656	-0.5265
2.1145	-1.4718	0.5208	0.6221	0.8612	-0.3287	-0.2508	0.2016	-1.6088	-0.1742	1.4605	0.4355	0.3547	0.0186	0.6357	0.3132	0.7155	-0.7983	2.4535	-0.7936	0.9928	-0.4147	-0.5415	-1.0468	-0.4389	-0.6054	0.4117	-0.1219	0.2054	-3.4345	0.3202	-2.4781	-1.5000	-0.7477	0.1609	-2.2652	-2.6201	-0.8982	1.0909	0.6665	-0.4035	1.1571	-0.2266	1.7661	0.3432	-0.5255	2.4763	1.2361	1.1076	0.5953
2.1644	-0.3016	3.6876	-0.6389	0.2504	-0.5820	1.2535	-2.1347	0.1780	-0.0870	-2.1674	-1.7482	-0.4088	-1.7323	0.3264	-0.5991	0.3137	-0.6394	0.9535	2.4526	-1.9645	-0.5425	-1.8512	1.1806	-0.8280	-1.0472	-1.3372	0.2809	1.9529	-2.1495	-0.2089	-1.2274	-0.7835	1.3776	-0.0927	-0.8605	0.5916	1.0735	-0.1806	2.8255	-0.2888	-1.9419	-0.8365	-2.1408	1.1438	0.9561	-0.9053	-1.2752	0.8663	0.0530
0.1781	-0.9667	-0.8856	1.3882	0.5767	1.0347	-1.0352	0.9179	0.0269	-0.4206	0.7763	0.3199	0.4477	0.9081	0.6952	-0.5769	-0.4236	0.9507	1.1236	-0.7268	0.3953	-0.2897	-0.0566	-0.0173	-0.2499	-0.5480	-0.6345	0.5428	-0.4994	-0.6932	0.5783	-1.0079	0.1030	-1.1531	-1.0990	0.0433	-1.3166	-0.7683	0.5871	-0.6902	-0.2409	1.0390	0.5476	1.9712	-0.4300	-0.9032	1.3996	1.4390	-2.2503	0.3644
1.1882	-1.0284	-0.1971	-0.3763	0.7931	-0.5201	0.8509	-0.0101	0.4316	1.9003	0.2787	-0.2691	1.0821	0.6912	0.8725	-1.3524	0.7431	1.5901	-1.6618	0.1128	0.1028	-0.5428	0.8950	0.1742	0.7526	-0.3341	-0.1698	0.9220	-0.3551	-0.0100	0.0306	-0.8490	-0.4871	0.0106	-0.8226	-0.6761	-0.7396	-0.4501	1.0747	-0.0884	1.5608	0.1251	0.5950	0.2836	-0.5708	-0.5389	1.4749	0.5968	-0.1969	-0.8961
0.7170	0.4345	1.0944	1.0707	-1.0180	1.3197	-1.0617	-0.6478	0.7398	-2.3414	-0.7796	-0.0945	-1.3814	0.3728	-1.1739	1.1079	0.4268	1.1169	-1.2123	0.2439	-2.1516	0.6936	-1.5837	1.2475	-2.0756	1.9472	-1.8661	-0.4786	-0.0535	0.1942	0.6281	-1.9587	0.1030	-0.1742	0.6332	1.3621	-1.6936	2.2177	-2.8787	0.9175	-1.5367	-1.8183	-1.1086	-0.6102	1.1478	2.2560	-1.2990	-1.8175	0.9010	1.3660
0.3111	0.8685	-1.0458	0.3361	0.8254	0.1262	-0.2344	-1.3071	0.0176	-0.3109	-0.7975	-1.3467	-2.1739	-0.3374	-1.0276	1.3893	0.4749	-1.5249	-0.1908	0.6165	-0.9663	0.5621	0.2620	-0.2743	0.5993	0.2038	-1.6051	-1.6296	-0.0346	0.6228	-0.6192	-0.5649	1.0518	-1.1330	-0.3181	0.7035	-0.3696	1.4980	-1.1011	-0.2836	0.5828	-0.8920	-0.9189	0.4532	1.1846	1.8168	-0.1689	-1.0643	-0.0398	-0.8029
0.1538	-0.2002	-0.8307	0.1919	0.5263	-0.8480	-0.1878	0.8219	-0.8245	0.3923	1.2895	-0.9762	-0.8666	0.4180	0.6567	-0.5736	-0.1160	-0.9240	-0.1398	-0.7420	0.9632	0.8190	0.6212	-0.5783	0.0541	-0.1378	1.2760	0.3528	-0.5583	-0.0080	0.2832	-0.1123	-0.0733	-0.6900	0.6504	-0.0125	0.7973	-1.2632	1.5085	-0.4606	0.0488	0.5508	0.6963	0.1954	-0.4229	-1.1980	0.5018	0.7149	0.6179	0.2057
-0.9548	0.8220	0.3903	-0.5879	1.2125	0.2460	0.5150	2.9763	-0.2910	-1.7265	-0.3642	0.0162	0.1761	-0.9851	-0.6983	0.2973	-0.1390	-2.1319	0.5423	-0.3601	0.0200	0.4001	-0.3077	-0.2835	0.1105	-0.9618	-0.6992	-1.3123	0.2229	-0.0601	-1.8100	-0.4502	0.4243	-0.1692	-0.6404	0.0867	-0.2623	0.2325	-0.6650	-0.5074	0.6507	0.5907	0.7224	-0.1963	-0.7002	0.4181	-0.5751	-0.4954	-0.6982	-0.4121
-0.9208	1.1469	-0.2251	0.4907	-1.3975	-0.9309	0.0402	0.0431	-0.9158	0.7074	1.1181	-0.8683	0.8275	1.5049	-1.6809	-1.6279	0.4506	0.4461	0.1059	-1.1352	1.0797	-1.1475	1.3751	-0.5483	1.6246	-0.3383	0.3821	-1.9428	-1.9225	1.0426	-0.3403	1.2617	-1.0205	-0.9421	0.2346	-0.6360	1.6209	-1.4789	1.4003	0.3209	0.6936	1.5554	1.3213	1.7325	-1.4950	-1.6277	0.4183	2.0830	0.8489	-0.9261
-0.7897	-0.4606	0.3799	-1.4613	0.6142	0.9350	1.8027	0.3162	-0.8460	0.2266	0.9408	0.7105	0.5367	1.2146	-0.5562	-0.7317	-1.1907	-0.8531	-0.9037	0.8028	0.4586	-0.1848	-0.7398	0.0495	-0.4386	0.2683	0.9884	-1.2822	-1.1869	1.6946	1.1600	-0.1204	0.2172	-0.5098	-0.3206	0.8253	-0.1877	-0.7592	-0.3176	-0.9194	-1.2355	-0.1654	0.2526	0.1918	-0.3947	-0.7884	0.3177	0.3993	2.0209	0.6787


