
X1	X2	X3	X4	X5	X6	X7	X8	X9	X10	X11	X12	X13	X14	X15	X16	X17	X18	X19	X20	X21	X22	X23	X24	X25	X26	X27	X28	X29	X30	X31	X32	X33	X34	X35	X36	X37	X38	X39	X40	X41	X42	X43	X44	X45	X46	X47	X48	X49	X50
0	1	0	2	0.0052	-1.0840	1.2890	1	-1.2871	1	3	0.4661	2	3	2.2919	2	1	2.0811	-0.0852	-3.0286	1.9929	1	1.3126	3	-0.8141	-0.2731	3	-0.3654	2.3768	1	-0.6746	1	2	-0.1174	0	3	1.1623	0	2.3133	1.4219	3.5952	-1.4784	2	-3.5738	1	1	-3.5701	2	2.7033	1
2	2	2	3	0.0348	0.9750	0.4735	2	1.3132	2	3	0.4376	0	0	1.7766	2	0	1.3661	0.9542	0.9722	-0.6363	3	-3.5438	2	-0.7714	-0.1910	0	4.0758	-3.0663	3	0.0098	0	2	0.8017	3	3	-1.3516	1	-0.5999	1.3129	-2.3211	3.3277	3	-0.8006	1	0	-0.4219	3	-4.7936	2
0	0	3	0	2.2216	0.5902	-3.6741	2	-1.0239	3	0	-2.5580	3	3	1.5392	3	2	0.1052	0.8501	-1.9749	-0.7591	0	0.2208	3	-0.0328	1.0010	1	1.0077	0.9833	2	-0.4885	0	2	-0.4287	0	3	-3.1875	1	4.4026	1.8623	1.4728	-2.8603	2	0.3416	0	3	3.7516	0	-6.5328	0
1	1	3	3	-2.1164	1.3001	0.8657	2	-1.1318	2	3	2.8095	2	3	0.8551	2	0	1.4417	-0.1089	0.2657	0.2704	3	-1.6619	2	-0.5668	-1.2947	0	-2.0989	2.8259	2	-0.1481	1	2	-1.6125	0	1	-1.0747	3	-1.3422	-0.1487	1.3192	-3.8588	1	-0.6303	1	2	-2.7263	0	-3.6639	1
1	1	3	3	2.7601	0.8178	0.7349	1	-1.0388	2	2	-1.8877	1	2	-1.1874	1	2	-0.3219	-1.2563	-2.0577	1.5849	2	0.3771	2	2.1511	1.8259	3	-4.2212	0.1823	2	-2.1044	3	2	1.8782	1	1	1.4064	2	2.6164	0.5454	-0.8258	-1.0831	0	1.1131	1	2	2.6913	2	2.5294	2
2	1	3	2	-2.4579	-0.1230	-0.9294	2	0.2974	3	2	-1.7018	0	2	3.8407	2	0	0.0672	-0.7771	0.4537	0.6327	1	2.1451	1	0.1540	0.1148	3	-0.3096	-2.1762	0	1.4871	1	2	-0.2843	2	1	-0.4360	1	1.3710	1.4140	-0.2495	5.0819	1	-2.0083	1	2	-1.2627	3	2.5741	0
0	2	2	1	-0.3600	-0.9930	-1.5885	1	1.5495	3	1	-2.6140	1	3	1.1937	3	2	-1.9134	1.9471	1.1344	-0.0861	3	0.3071	1	-0.0922	1.8674	2	3.3030	-2.8175	3	-0.1484	2	0	0.3202	3	3	-2.3235	2	0.9672	0.8705	-2.9684	4.4754	0	2.6919	2	0	2.8425	1	-2.5537	0
2	2	2	0	-1.9087	-2.5962	-5.0025	0	-1.4377	3	1	0.1938	3	3	-0.1034	2	2	4.3169	1.6366	0.1528	0.6797	0	-1.7517	3	0.7051	0.0424	3	-1.6261	-0.4066	3	-0.4840	1	1	0.2124	3	1	-2.0961	1	-0.3639	0.8062	1.5682	0.7845	1	-0.4275	2	3	8.3069	0	-0.6114	2
3	3	2	0	-0.8258	-1.0459	-2.5112	0	-0.5603	3	0	3.4189	3	2	0.9576	2	1	5.9897	-3.4954	-5.4792	-0.6233	3	-0.5870	2	1.4600	0.4788	2	-0.3027	0.6824	1	0.2908	2	2	0.5375	0	0	-1.6723	3	4.9063	-1.4180	1.8984	-0.0401	3	-5.7776	1	3	6.1113	2	-4.5246	2
3	1	1	2	-0.1477	-0.5284	3.2331	2	-1.4287	1	1	0.6200	3	2	-1.0121	0	0	3.0051	-0.0885	1.1604	1.3696	2	1.0897	2	0.3265	3.3801	3	-1.8317	0.1280	3	-1.4066	3	2	0.8103	3	3	-1.2863	2	-1.8597	-0.5680	-0.3527	-3.2625	1	-0.1664	1	1	-6.7905	1	0.5799	3
3	2	2	1	2.2104	0.9930	-1.3074	0	-0.0940	0	1	-0.5519	2	2	-3.9162	0	0	1.4907	-0.2875	-0.1200	0.3105	0	-0.2897	2	0.2209	0.5717	2	2.5320	-3.4945	2	0.0332	3	0	0.4763	1	2	0.1502	1	-0.6770	0.3874	-2.5389	5.6801	2	3.9379	3	0	0.5970	1	-0.1730	2
1	1	2	2	1.1165	1.3629	-0.3283	1	1.5880	0	3	-0.7640	0	1	1.1292	1	1	0.2406	2.5270	4.3764	-0.2138	1	-0.5870	0	-0.6495	-2.3498	0	1.6209	-4.0782	3	1.1825	0	3	0.1001	3	0	2.3088	0	-0.9494	-1.0012	-4.9752	5.0203	3	-0.9827	3	1	-0.1164	1	1.9178	0
2	0	3	3	-0.7234	-0.6260	2.0936	2	-0.2007	1	1	-0.8361	0	1	1.9034	0	3	3.4916	-1.3331	0.9898	1.2754	2	0.7623	2	-0.0409	2.8977	1	0.4895	-0.0240	3	0.6924	0	1	0.5752	2	1	2.7031	2	-1.9011	-0.9356	-2.4276	-0.6910	3	1.3860	1	2	-0.0876	1	-1.6214	3
1	1	0	0	1.7517	1.7843	-2.4184	2	0.7992	0	1	3.3193	0	1	-1.8577	0	1	0.2005	-0.7262	-1.9770	2.6216	1	0.3700	2	-2.0704	2.7665	0	0.5454	0.9083	0	2.4447	1	1	-2.1032	1	3	1.7455	1	2.0974	-0.3033	-0.2132	-1.2808	2	-6.4229	1	3	3.6121	3	2.1807	1
0	2	0	0	1.3989	0.0900	-0.3385	2	-2.4908	2	1	3.4726	1	0	0.1854	2	2	3.4248	-3.5932	-3.7156	0.2252	0	-1.5004	3	-1.2696	1.0591	3	-2.3066	0.3362	2	-2.3118	2	2	-2.0928	3	0	1.6247	3	1.7037	-1.0171	-0.5539	-1.5984	2	-5.2455	2	3	2.0882	1	-2.6050	1
1	2	3	0	0.9684	1.4660	0.0620	1	0.7811	3	2	-1.0318	1	1	3.7532	3	0	-0.7655	1.3083	1.2152	-0.3350	0	4.0406	0	-1.7439	2.0335	1	2.1534	-3.6167	3	-1.0807	2	2	1.0198	3	1	-0.5696	1	-2.0711	0.0053	-1.1138	0.2227	3	0.7017	2	3	-3.0735	3	2.1712	1
1	3	2	3	-0.9656	-0.2311	-3.9162	3	2.0061	3	1	-1.5091	3	3	-0.5369	3	3	-0.5502	1.2433	3.4835	-0.5621	0	0.4140	1	0.3172	1.3970	0	4.4480	-1.0869	0	2.8364	3	3	0.8408	3	3	-1.2201	1	-3.6514	0.3869	1.8741	1.2110	1	6.0132	0	2	8.0668	3	1.9398	2
1	0	3	1	-0.0417	0.9366	-0.9791	1	-0.5996	3	2	1.0414	3	3	2.0595	1	3	-0.4677	1.5047	0.4268	-1.2237	1	1.2797	1	-0.2029	0.6077	1	0.3794	1.7206	3	0.9584	1	2	-1.1079	3	1	-0.2427	0	-0.7642	-1.7863	1.4537	-1.5438	1	-1.7005	0	1	5.6228	0	-1.4025	3
3	2	2	1	-0.0275	-1.3152	1.5709	2	1.7527	1	2	-1.4768	3	0	0.3188	1	3	-0.0882	2.2404	6.2544	-1.8471	3	0.0980	2	0.2336	0.4506	2	1.1448	-0.7757	0	0.2115	3	2	0.2182	1	1	-1.3471	1	-1.5112	0.3725	-0.8478	2.3471	2	0.0070	0	3	-0.9893	2	-4.0991	3
3	2	3	0	-1.8294	-2.6935	0.6209	3	0.9718	2	0	1.8892	1	1	0.6099	2	0	0.9671	-1.4828	-3.8839	-0.8255	0	0.4319	2	-0.8050	0.8627	1	2.1648	-2.0167	3	0.5995	0	0	-1.0213	2	1	-3.4284	1	3.3369	0.9914	-1.5882	-0.4016	3	-2.9175	0	3	1.9422	1	-3.2608	1
2	0	0	0	-0.4822	-0.7002	-0.8032	0	-1.3732	3	1	-0.9523	0	0	-1.1279	0	3	-1.2469	-0.5137	1.1229	-2.5685	0	-2.3052	0	-0.1261	-0.4822	2	0.1462	4.6591	0	0.3316	0	3	0.3430	2	0	-0.2953	0	0.6766	0.6927	4.3242	-5.1860	1	4.4136	0	2	1.7115	0	1.9449	0
2	1	1	0	-1.4498	0.8496	1.1110	3	-1.9669	1	1	-0.4775	3	2	-1.1074	2	0	1.2103	2.8526	0.8907	1.9052	1	0.2482	2	-0.7837	0.1853	3	-0.7907	2.1283	2	-0.1432	1	3	2.4098	3	3	-0.4360	2	1.3309	-0.2396	0.7488	-1.6331	3	0.5210	1	1	-4.8812	2	0.0601	2
0	1	1	2	-0.4689	0.5678	-1.5963	0	-1.1146	3	2	1.4749	3	0	0.8455	3	3	-1.7367	-4.5458	-2.8885	0.1082	2	2.6039	0	-1.3113	-2.0380	1	-3.0642	-2.1385	3	0.8486	0	0	1.8701	2	1	1.6852	0	5.5597	-0.6631	-4.1240	3.0878	0	-2.0309	1	2	3.3156	1	2.0272	2
1	0	0	1	0.5803	1.6692	-3.4480	1	-0.4552	3	1	-0.3546	3	0	0.8785	2	1	0.6334	0.4441	1.1050	0.9610	2	-0.8008	3	0.3707	1.2624	0	0.4319	1.1889	3	1.2349	3	3	-0.0707	1	3	0.2053	2	0.9788	-0.5500	2.6135	1.2129	3	-1.0576	3	0	8.3621	0	2.6981	0
0	1	0	0	-0.9704	-0.2093	0.1485	3	-1.2117	3	3	-0.9362	0	3	-1.5442	3	0	-1.3686	1.2824	1.1616	2.5405	0	1.7429	1	-0.7669	-1.5098	3	-1.1901	-0.8020	0	-1.1733	2	0	1.8132	2	2	3.0330	0	2.0092	-1.8737	1.1874	-0.2075	1	4.6780	2	3	0.6513	3	-0.9596	3
2	1	0	2	3.3228	0.6783	0.5350	1	0.9222	1	2	-1.9583	2	0	-0.0062	3	0	-1.9441	0.7363	2.7134	-2.2870	3	0.0557	0	-2.0457	-1.8515	1	1.6113	-3.4287	3	3.4628	1	0	0.6462	3	2	1.2031	1	-2.4309	1.2393	-1.1648	7.5197	2	2.2673	0	1	1.0842	1	-0.7426	2
3	1	3	2	3.2359	-0.0517	3.3603	3	-1.0181	1	2	1.0159	0	2	-0.9668	0	0	4.6388	-0.8580	2.7893	-1.5649	1	-1.9674	3	0.2028	-0.4868	3	-0.9452	0.5226	3	0.4523	3	2	-0.6943	1	0	-1.9590	2	-0.9117	-0.0025	2.3329	2.0042	2	-2.6361	3	0	-5.1343	0	-0.7479	3
3	3	0	1	-2.1218	-1.0088	-0.9987	3	0.5082	3	3	0.0523	1	2	2.5433	0	2	3.2033	-0.8407	1.7218	1.6214	1	-0.5205	2	-0.9526	-4.0368	0	1.0493	-0.5126	1	0.6900	2	1	0.4226	1	0	-0.7096	0	-4.6510	-1.5075	-2.2859	2.9630	1	-3.2169	1	0	-0.4989	3	2.5335	2
1	3	1	1	-0.1212	-0.6551	-1.5890	1	-0.1866	3	2	0.0447	3	0	2.4143	1	0	-0.3075	-0.5080	1.2052	0.4553	1	-0.9284	1	-1.6991	-0.1877	3	1.4730	-0.7436	2	-0.1281	0	2	0.0477	1	2	-2.7218	2	-1.2628	0.1357	-0.4214	-1.9470	0	-0.2414	2	1	-0.3174	3	0.5703	0
0	2	2	3	-0.1552	-3.2450	-1.0105	0	-1.2499	2	0	2.2427	0	0	-0.5240	2	3	-1.1973	-3.8987	-2.9565	1.6113	3	0.2846	3	-1.6705	-1.7292	2	-2.4180	-1.3248	1	-0.6633	0	3	-1.3110	1	2	-0.6381	0	4.3536	-2.1031	1.0655	1.4638	1	-2.6102	2	2	1.5024	2	4.6839	1
2	3	3	3	-1.4153	-0.4795	2.0568	1	3.0309	1	2	-2.8871	0	1	-0.1407	0	0	2.7595	4.9167	6.5080	0.0088	2	-1.2482	3	-1.5176	2.4678	1	6.2536	-4.2805	3	-0.1634	2	1	1.5486	3	2	2.5482	1	-3.5675	-0.3695	-3.2106	5.8183	3	2.9250	0	1	-1.2097	1	-0.6933	3
1	3	0	1	-2.8716	0.9482	-3.1856	2	-2.4291	3	1	1.0925	3	2	5.0995	0	0	3.5056	0.5123	0.6730	-0.5798	2	1.6690	3	-0.8504	0.1309	3	-4.1548	0.6557	3	1.6262	1	2	0.2023	0	2	-1.6970	2	-2.0367	0.1169	0.4632	3.1591	1	-2.6061	0	0	6.7036	0	1.3036	0
3	2	0	2	0.3750	1.9864	-0.4921	3	-1.7879	3	3	0.2752	1	0	1.4783	0	1	2.8080	-0.0832	-0.5636	-0.1966	1	-1.6208	3	1.9490	-0.5064	2	0.0617	0.5248	0	-0.0797	0	2	1.2230	3	3	-1.3892	2	0.7572	0.6445	2.5775	-2.7908	2	-1.7377	2	1	-1.8680	2	-2.4230	2
2	3	0	3	-1.1200	-2.4505	2.0784	2	1.5008	1	0	1.6631	2	3	1.7047	0	3	-0.2139	-1.9522	-0.1568	-1.7120	3	0.5403	0	0.8856	-0.3504	0	1.7048	2.7229	1	0.2984	2	1	-0.0718	3	2	1.4457	1	-0.5666	-0.7644	0.6456	-2.4671	1	-0.2376	3	2	-6.9855	0	-1.7890	3
1	1	3	2	-0.0261	1.5334	1.7882	2	0.8381	2	1	-2.3085	3	0	1.7881	0	3	0.2666	3.8699	4.7551	-1.8769	2	2.3979	2	-0.2115	-0.9028	1	1.7424	-0.3519	1	0.2830	2	2	2.7717	3	1	3.6527	1	-0.0171	1.9563	-1.0255	1.7214	0	4.3288	0	1	-4.8770	1	-4.6856	2
2	2	2	1	-0.6089	0.7588	3.1645	1	-1.6632	1	3	-2.1117	1	3	-1.0035	0	0	1.3475	1.0878	-0.8634	2.3434	2	0.6307	1	-0.3099	-0.7135	2	-2.2355	2.2159	2	-3.7506	0	2	-0.4014	1	0	-0.4797	0	0.6755	-0.3912	0.3464	-5.5917	1	3.3837	1	0	-4.9593	0	2.0981	3
3	0	0	1	-0.4720	1.0202	-0.8890	2	-2.8767	3	3	-3.3182	2	3	1.4267	3	3	-3.6026	1.4400	0.7122	-1.9375	0	-1.7338	1	-0.1341	0.6866	3	-4.8047	2.7614	2	-1.0758	2	0	0.3870	0	2	-0.7562	0	1.6365	-0.2784	-0.4498	-4.9270	3	4.4098	0	0	-0.6619	1	-0.6460	0
0	0	2	0	-0.6819	3.8807	1.0064	1	-0.2583	1	3	-2.1807	0	1	-0.2464	0	1	3.1498	2.3482	1.1895	-0.2670	1	4.0358	3	-1.1398	-1.5581	1	-0.6342	0.7218	1	-0.5056	3	1	-0.7851	1	1	-0.4641	0	0.6975	-1.0199	-1.8387	-1.8868	1	3.5476	1	3	-5.1031	3	-1.6249	0
3	2	0	1	-1.1980	1.1267	0.8417	0	1.3603	0	1	0.6037	0	1	1.9676	0	0	3.3561	-0.4039	1.3987	2.2570	2	2.3464	3	-0.3419	-1.5593	1	1.7130	-2.3631	3	2.3519	2	2	-2.0899	3	1	-0.2810	0	-2.2685	0.0939	-3.4490	4.8768	2	-0.9144	1	0	-3.4714	1	5.1749	3
2	3	1	1	0.1042	0.3130	0.5528	1	-3.2852	1	3	-0.5786	3	1	-0.8912	0	2	0.4733	1.1662	-0.6917	1.2686	2	-0.2615	3	0.2383	0.8108	3	-2.5284	3.0114	1	-0.8804	0	1	-0.6152	0	2	-0.1456	0	1.8104	-1.8049	1.8994	-5.6078	0	1.8788	2	0	-5.1351	0	-0.9482	0
0	0	3	1	-0.9574	-0.7199	-1.2322	3	-0.2538	2	2	-0.4715	0	0	-1.1072	1	2	-0.8742	2.0952	4.0336	0.7100	2	0.1142	2	-0.8784	1.8403	2	0.1115	0.1996	0	-0.4253	1	0	1.2583	0	2	1.6613	3	-0.3847	-0.6597	1.1148	-0.4561	1	2.3138	1	3	3.2828	0	2.0495	2
0	0	1	3	2.0895	-0.4277	0.5314	1	-0.8690	2	2	-5.0181	0	1	-1.0229	0	0	-0.0351	3.4037	2.4946	-0.0527	3	0.0092	3	0.4223	1.7488	1	-3.1192	1.7918	2	-1.4122	3	3	-0.2838	3	2	1.9612	0	-2.4091	0.5782	-1.1194	-5.0209	0	4.8040	2	1	-1.6322	1	1.0442	0
1	1	2	3	-0.0679	0.0610	2.0643	3	-1.2570	2	3	0.0826	0	2	0.0834	3	1	2.0324	0.3130	0.6032	1.6936	3	1.9723	2	1.6983	-0.0956	3	-1.8018	2.7365	1	0.3604	1	3	-0.4253	0	1	2.0793	3	0.3699	-0.5909	1.7701	-3.5799	1	1.1910	1	2	-3.0930	0	-0.3593	3
2	0	2	1	-2.8386	-0.5903	0.3539	0	3.1733	3	3	1.2285	0	0	-4.4008	3	1	-1.0030	-2.2415	-1.9240	-0.2478	0	0.2971	0	1.8431	1.3093	2	3.1987	-4.8768	3	-0.7565	0	0	-0.1911	0	2	-1.3249	1	1.8209	-0.5658	-3.7209	7.1088	1	-0.5878	1	2	1.3626	1	1.7759	1
1	2	3	0	-1.5784	-2.0137	-1.0217	2	-0.3541	3	2	0.0119	0	2	-1.3200	2	3	0.8419	-0.9463	1.4228	-3.1161	0	1.5862	3	0.9745	0.5543	0	0.7013	0.2805	0	1.4641	3	1	-0.3678	3	2	-3.2499	2	-1.7722	0.7217	0.9249	-0.4398	1	-1.9572	3	3	0.8456	0	-4.6968	0
1	2	2	0	1.8520	1.9376	-2.5487	0	-3.7339	3	0	1.6916	1	0	0.9432	1	1	0.2893	1.3239	-0.0652	1.1136	0	0.7016	1	-1.6593	-0.3035	3	-4.3812	0.4054	3	-2.1350	1	0	-1.5052	3	2	-2.4009	0	1.7586	-1.9202	1.3878	-0.9428	2	0.2291	3	1	3.7426	0	0.0417	0
0	3	0	3	-0.2705	0.4214	2.5536	2	-2.4784	1	3	-0.5833	0	1	3.0943	0	0	-1.6608	2.7936	7.1996	2.5112	2	-0.1354	0	-0.8894	-1.7148	2	-4.3871	3.3089	2	-1.1178	2	0	-1.1195	0	0	-2.0055	0	-6.7000	1.0987	3.4422	-7.3244	0	3.1988	1	0	-2.9217	0	6.1683	3
2	1	2	2	-3.4247	-1.3652	-0.5434	1	-0.3082	3	2	-0.1426	1	1	-1.6366	3	0	1.0713	-1.7603	-0.2230	0.9657	1	0.6270	2	-0.4092	-0.1481	1	-1.5858	-1.8745	3	-2.2774	1	2	-0.2017	0	0	0.5979	3	1.5263	-0.2255	-0.1852	-0.4920	1	0.8811	2	2	0.4724	3	-1.0214	0
3	0	1	1	-0.3004	-3.2055	0.8386	3	-1.8203	2	0	1.1669	2	1	0.8535	2	1	-0.8128	-1.3035	-2.2060	0.5786	2	-0.3901	0	-1.1740	-0.5518	1	-1.9474	2.4947	1	0.9514	1	0	0.8146	0	3	-0.8196	0	3.6137	-1.6978	0.7589	-2.4668	2	-2.0774	0	0	1.2257	0	0.9472	1
0	2	2	0	3.2253	1.3070	-2.6724	1	1.1612	3	3	-1.2305	0	0	-1.6206	2	2	0.0320	0.3571	-1.8273	-0.9762	0	0.3016	0	-0.4228	-3.3364	2	1.2601	-0.0368	2	-3.4373	3	2	-1.8247	2	3	-0.1982	0	3.7751	0.1890	-3.2933	-2.2745	2	-1.3883	1	3	8.5064	1	4.8560	0
2	0	2	1	0.6199	-0.1265	3.7177	0	-2.1933	1	0	-0.0314	2	1	0.0688	0	3	4.6605	0.0785	0.7317	-0.8098	1	3.1856	3	-0.8999	-0.0869	3	-3.8342	1.7470	2	-1.3800	0	2	-1.3999	2	3	1.1372	0	0.7036	0.0668	-1.3384	-2.5260	0	-0.1908	0	2	-1.3293	2	-1.9083	3
2	3	3	3	-0.3538	0.8003	-0.3783	1	0.9500	1	3	-0.9023	2	2	0.0759	2	2	-3.2267	0.7696	0.4166	-0.8906	3	-0.1931	0	0.2070	0.4835	1	2.1504	-1.7354	2	1.1333	3	0	0.2184	3	3	-0.9840	1	-0.0356	2.7371	1.7420	5.6306	1	-0.6079	3	3	0.9489	0	-0.1560	0
1	3	0	2	0.6992	0.0632	0.9360	0	-0.9996	2	3	0.8201	1	3	1.3207	1	2	-1.6377	0.2045	0.7205	1.6921	0	0.7380	1	0.9152	-1.4074	3	-1.3345	-0.7315	3	1.2298	0	0	0.4634	1	2	0.2784	3	-1.2408	-0.7637	-1.6331	0.3500	3	-0.1692	1	2	0.4222	1	2.0155	1
3	1	3	2	-2.7047	-0.3266	-3.8711	1	-0.1511	3	3	-2.1181	0	1	1.9545	1	3	-2.8541	2.0602	4.5176	-1.2527	1	1.8926	1	1.1554	2.2073	2	0.0265	0.9796	0	-0.8703	2	0	-0.2783	0	1	-0.9872	1	-4.0979	1.2210	0.0758	-2.4331	3	3.2837	1	1	6.1835	2	-2.3110	0
2	3	0	1	-0.5638	-0.9475	-0.0813	1	1.9032	3	1	3.1447	2	0	-0.5301	0	3	1.6251	-4.4123	-5.8192	2.5523	2	2.4984	2	0.8036	-0.1859	0	2.2285	-4.8476	3	2.2601	1	2	-0.3814	0	1	-2.6188	1	2.3794	2.3476	-3.5216	7.2963	1	-1.5512	1	2	-2.5172	3	3.3414	1
2	0	2	1	-0.8358	-1.6960	-0.9500	1	-0.5529	1	0	-0.8926	0	3	-0.7158	0	0	0.5535	0.5294	1.6046	-4.2133	2	2.8410	3	0.5050	-1.1976	0	-1.0236	0.5504	1	4.9079	3	2	-2.2625	1	2	3.3664	0	-0.6235	1.7838	1.5469	4.1313	1	-0.3906	3	1	0.6660	0	-10.9297	3
2	0	1	1	-2.6339	0.4549	1.0402	2	-0.7890	1	1	-0.4533	3	0	-0.2916	3	3	-1.9399	-1.5927	-1.8296	0.1648	2	-4.2402	0	1.4958	-0.7893	2	-0.2158	2.1226	2	-0.2687	1	0	-0.6235	0	0	2.0464	2	-0.5927	0.0780	1.8730	0.0174	1	1.0686	2	0	-2.6791	0	2.3732	3
3	1	1	1	-2.3805	-0.3757	1.7037	0	-1.2721	1	1	-1.3998	1	1	3.8639	0	1	1.0965	0.9804	1.4204	0.5316	2	-1.6493	3	-1.8421	1.0873	3	-1.8181	-1.8781	3	-2.2116	3	2	-1.8206	1	2	-1.4741	3	-0.5548	0.0691	-3.0570	-2.1126	1	2.3660	0	0	-5.6971	1	2.5486	3
3	0	2	3	-0.9047	-0.7602	-0.3825	2	-0.5395	1	1	-3.3921	1	0	-0.3659	1	2	0.1587	2.5883	3.7532	1.7212	3	-0.9184	3	-1.3279	-1.1126	2	-0.5865	0.0443	2	-0.5533	3	0	-0.4553	1	2	0.9981	0	-3.1653	0.8048	-0.5853	0.5856	1	4.0297	2	0	3.0313	2	-1.2187	0
3	1	1	1	-1.5516	-0.6912	0.9994	2	0.2844	1	1	-1.4104	1	0	0.8777	3	2	-1.2215	0.7753	1.5614	1.8185	2	-0.5893	2	-0.4591	-1.1878	3	1.4100	-0.4341	0	0.4766	1	0	-2.6781	2	1	-2.7894	3	3.0089	-1.6798	-0.5863	1.8901	3	-1.6075	2	0	-3.9523	1	2.1737	0
3	2	1	2	-4.0727	1.0131	-0.0961	3	-2.1176	2	2	-0.4912	1	3	-0.3009	1	3	-3.1235	0.8097	-0.7070	-0.7147	1	-0.3386	0	0.0365	-1.5034	0	-2.2997	3.6031	1	1.6903	2	0	1.4312	2	2	1.1968	0	4.2779	-1.4156	0.7226	-4.1721	1	1.3887	0	1	1.5742	3	0.7145	2
0	1	1	2	1.8162	0.1026	-1.1966	1	-0.3471	3	2	2.1249	2	1	-0.3430	2	0	1.3147	-1.2944	-3.1041	-1.0724	1	-1.0909	3	-1.0868	1.4329	0	-1.8973	0.7602	1	2.4057	2	2	-2.8827	3	0	-2.1419	3	4.6546	-0.5187	2.7781	3.7475	0	-5.2204	0	3	-0.6969	0	-3.9204	3
1	1	2	2	0.3980	0.4106	-0.9451	3	-0.4302	3	3	-0.4212	1	2	1.6316	1	1	-0.2791	1.2791	-0.3521	0.8735	1	-1.2131	2	2.2277	-0.1538	1	2.7511	1.8006	1	-1.6911	2	3	1.2067	3	2	-0.8404	1	-1.8815	-0.4293	2.6906	-3.8519	1	-0.7405	1	1	3.6155	2	3.2675	2
1	0	1	2	-1.4965	-0.0124	2.2795	1	-1.9434	1	2	0.8280	3	3	0.8631	2	2	-1.3848	-0.7247	0.2549	-0.6531	1	-0.0621	0	-0.0969	-1.9398	2	-1.9711	2.4563	1	-0.8746	1	2	2.4788	1	3	4.5613	3	1.0722	-2.0332	2.0565	-1.7955	1	-3.4701	0	0	-3.4104	0	-0.3577	1
3	1	3	2	3.8378	-1.1498	2.3530	3	-3.3698	1	3	-0.6816	2	2	3.4207	3	2	-2.8984	0.5079	-1.1530	-0.5450	2	2.5425	0	-0.0351	2.2702	3	-4.3762	0.6323	1	-6.2043	3	3	-0.0602	0	2	0.4472	2	5.0928	0.1137	1.3771	-4.7447	0	0.8789	0	1	-2.7193	0	-2.7869	1
3	0	1	3	-2.6900	0.3176	-0.3786	1	1.8626	3	2	-1.8196	2	2	1.0792	1	0	2.5734	1.6494	3.1886	0.6690	3	3.2438	2	0.5691	-0.3525	0	3.0621	-0.6581	1	1.2700	1	1	-1.8895	1	1	0.2678	1	-1.0670	-0.5507	2.4944	0.9428	1	2.6455	2	0	3.6579	0	-2.1596	0
1	1	1	1	0.5885	1.8517	0.0073	3	2.1559	0	2	0.0910	3	2	-1.9067	1	3	-0.0425	2.9124	4.6255	0.1699	2	-1.7257	1	-0.8762	1.3423	1	1.8110	-3.0262	1	0.7243	0	3	-0.2543	0	1	0.6006	1	-4.8418	1.4595	-1.9226	4.1452	0	-1.6414	0	0	-0.3040	1	3.7130	0
0	3	3	3	1.3538	-1.1261	-0.0428	2	-2.0756	3	3	0.4205	3	2	-1.4151	0	1	1.3915	-1.3852	-0.9990	0.5993	3	-1.5263	2	-0.8968	2.6084	3	-2.9709	3.5923	1	-1.4352	1	1	0.8490	0	1	0.9729	2	3.8655	0.0460	4.8303	-7.2047	3	0.2467	1	3	0.6956	0	-0.4819	1
0	1	1	2	-1.6370	-0.1004	-0.1053	1	1.3547	1	0	-1.9377	1	0	-0.8728	3	3	-0.8689	0.9588	0.8913	0.3370	1	0.2182	3	-2.4495	1.1191	2	1.3270	-0.9364	0	-0.0122	0	0	-0.0475	3	2	3.0470	1	-1.7800	0.7308	-4.6375	2.6149	0	3.9434	0	1	6.6291	1	0.4472	0
2	1	0	0	0.1152	-3.6750	1.6406	0	-1.7518	1	3	-0.1545	3	2	-1.7032	0	3	0.9110	-2.9511	-4.8044	-1.0933	3	0.3495	2	0.4566	-0.8736	2	-3.9982	4.5179	1	-1.0879	0	2	0.2272	0	2	2.2069	0	3.4810	-0.6005	1.2286	-8.3412	2	-1.2388	3	2	-6.0105	2	-0.0457	2
2	3	0	1	-1.4888	3.4805	0.5000	2	-0.6408	2	0	-2.6298	3	1	3.0075	0	1	1.1879	1.4072	0.6732	-1.4982	0	-0.2352	3	-0.4050	0.9528	1	0.0031	3.9125	2	2.3199	1	1	-0.1239	0	0	2.6545	1	-1.4123	0.2673	3.6798	-3.7143	1	2.9580	0	0	-0.9006	0	-0.1762	0
0	1	2	2	0.6300	0.2429	-1.3254	2	1.8235	3	3	-0.0256	2	1	2.7483	3	2	-1.7388	-0.0792	-0.5473	-0.5344	1	-0.4001	0	0.3311	1.3232	1	0.5421	-0.5073	3	1.0606	1	0	1.3434	1	1	-0.9350	2	1.7545	0.5025	-0.6869	0.6469	2	1.1470	0	3	1.2248	1	-0.0198	2
1	1	1	0	-0.7861	0.3933	0.9983	2	1.7599	1	2	-1.4780	3	0	1.0920	2	3	0.1467	-0.4070	-2.5689	-2.5184	1	-0.3848	3	0.3814	-0.6205	1	1.5758	-2.9890	3	0.3802	1	1	-0.7472	1	1	1.1976	1	0.0646	0.2193	-2.1391	6.6154	0	0.8247	3	3	-0.3057	3	-0.7238	3
0	3	1	3	1.4784	1.0904	-1.6457	3	2.3384	3	1	1.9529	2	2	1.1779	3	1	-5.0018	-1.9342	-4.5256	-0.2323	0	0.6908	0	-2.4345	0.1636	1	3.8786	-5.2030	3	1.1135	0	0	-0.4787	2	2	0.3367	1	3.7950	0.5123	-4.6200	3.5563	2	-0.3696	0	2	5.8000	1	-2.2755	1
3	2	0	2	-0.5668	0.0554	-0.0549	0	1.0938	2	3	0.5896	1	2	-0.5458	3	2	-0.4855	-3.5410	-3.2073	-1.2689	1	0.3683	0	0.6927	0.3828	2	0.2432	-0.0485	0	1.7484	0	2	-0.6907	0	2	0.9490	2	3.1660	2.2324	-1.3784	0.8660	1	1.6248	0	2	2.1303	2	-0.7211	1
2	3	0	3	-2.3702	-0.1716	0.9734	0	-0.0549	1	2	2.9822	0	3	-1.3340	0	2	-0.8817	-0.2559	-0.6835	-0.2368	3	0.0088	1	-0.3197	-0.6591	3	-2.7042	2.1897	2	1.3759	3	3	1.1161	1	1	0.2225	0	3.2722	-1.9685	2.1377	-0.4146	1	1.0293	0	2	0.4441	2	-2.9400	1
2	2	2	1	0.7450	-0.6755	-1.1301	0	-2.5693	3	0	0.5700	0	3	1.2062	0	1	2.2128	0.5105	1.8564	0.0295	2	-0.8560	2	1.7188	1.9432	3	-2.0733	4.0448	1	-1.8014	3	1	-1.7504	0	1	-3.5262	0	-0.7616	1.0301	0.3911	-5.2918	2	0.1113	1	0	1.7475	0	-0.6766	0
0	0	3	1	1.5442	0.4257	0.8533	2	-1.9040	2	2	1.1911	1	0	1.2557	1	0	-1.0997	1.9601	4.6843	0.2620	2	-0.8093	0	0.2070	0.8991	0	-3.4988	2.7863	0	3.9175	2	0	0.3197	1	1	-0.3891	0	-5.7219	-2.3855	1.2922	0.9170	2	-1.9343	2	0	-4.9077	3	0.0419	1
0	1	2	2	0.9511	0.2619	-1.8973	3	1.3095	3	3	0.2724	2	1	-0.3918	2	3	0.4732	-0.7694	-3.1228	0.1602	1	0.2081	2	-1.4384	0.2544	1	1.3589	-4.7538	3	-0.7634	0	3	-0.3680	2	0	-2.9857	3	3.5300	0.0226	-2.5183	5.8946	2	-0.7874	2	1	1.7368	1	1.1019	2
1	3	0	2	3.7075	0.6961	0.2548	2	1.4362	2	2	0.1505	3	3	2.4073	1	2	-1.8198	-1.2768	-4.0122	0.0022	1	1.1031	2	1.9122	0.2946	0	1.8915	0.3623	0	-0.1268	0	2	1.2097	2	2	2.1541	1	4.3185	0.5449	1.7347	-0.8181	2	2.5628	1	1	-0.0921	0	-0.6124	1
1	1	1	2	-0.8600	0.0857	0.2167	3	1.4264	3	2	-0.5799	0	2	0.3500	0	1	3.7582	-0.3241	-1.5414	-2.5100	1	-4.7741	2	-0.3605	-0.8007	0	0.7890	-4.7290	3	0.7684	3	1	-2.6639	1	3	-3.9293	0	1.6426	-1.2664	-2.1477	5.3901	0	-0.8276	0	1	-0.8482	3	-6.4133	0
2	1	3	1	-1.3982	-1.3009	0.5527	3	-1.1312	0	3	-1.3013	3	1	1.4327	0	1	2.9930	1.7021	0.7703	-0.9670	2	2.9080	2	-0.0031	0.3243	1	-0.9251	1.8946	1	0.8396	3	2	-2.2169	3	2	-5.0530	0	-0.6524	0.8643	0.9140	-0.8221	1	1.8260	3	1	2.7143	3	-4.2065	0
2	1	1	3	1.6498	-0.2636	0.2383	1	0.7877	1	2	0.0668	2	2	1.8899	1	2	0.5511	0.5685	2.9205	-0.4984	3	-1.7909	3	-1.1438	-1.2424	0	2.9202	-1.9382	3	-2.0676	1	2	0.5298	2	0	1.3037	1	-2.3628	0.0838	1.3651	-0.6936	2	-3.1894	0	1	1.1750	2	-0.4299	2
0	2	0	3	3.5453	-1.3316	-1.0510	2	0.3304	1	0	-1.8351	2	3	-2.0220	0	2	2.9288	1.5498	1.4714	3.1743	1	1.6853	3	1.2053	-0.6222	2	-0.0521	2.3991	2	0.8505	0	2	-0.3062	2	2	-0.2935	0	-2.9326	-1.0396	0.7772	-2.2641	2	3.4345	1	2	-0.1201	3	1.8597	0
2	0	0	2	-0.9307	-4.4137	-0.4322	2	0.1766	0	1	-1.6276	3	1	1.8147	2	0	3.5935	1.6215	2.5682	0.7692	2	0.4247	3	-0.0591	2.1689	1	-0.6590	1.1353	3	1.7173	3	2	-0.1642	1	1	-0.2819	2	-2.5592	1.0435	0.0088	1.6540	2	-1.6408	0	2	3.2283	0	4.6406	0
3	3	3	3	-1.5062	0.5543	-2.9583	2	-0.7259	3	2	1.9845	3	3	1.1721	3	2	1.9970	-1.6488	-2.3260	-0.6694	0	0.3581	2	0.3670	1.7666	0	0.0202	1.7039	2	2.4196	3	2	-1.3210	1	1	-2.9092	2	2.4349	-1.1414	0.3248	1.3245	1	-2.0431	3	2	2.4117	3	-2.7981	2
2	3	2	1	0.2542	2.4362	-0.6920	2	-1.8611	3	0	-0.8046	3	1	-1.1386	3	1	-2.7087	0.2312	1.2463	0.0111	3	2.3579	0	0.6866	-2.3644	0	-1.6946	2.1044	1	0.0442	3	0	-2.1063	2	1	-3.9714	0	-1.8514	-0.7177	2.9956	-4.1499	1	3.2203	1	0	2.5378	0	1.4673	0
2	1	0	1	3.2582	0.3185	1.1383	3	2.2471	2	0	2.4647	3	2	0.6135	2	0	-0.4990	-2.5043	-1.3368	0.6154	0	3.0883	1	1.7451	0.5053	0	2.8526	-1.3285	3	0.7862	2	3	1.4831	1	1	-0.0272	1	-0.2996	1.2313	0.9708	2.7366	2	-1.5876	1	2	0.9075	0	0.4484	1
1	1	2	2	2.9837	3.5076	1.6702	1	-0.3185	2	1	-0.2478	2	0	-1.3196	1	3	-0.0530	-1.1731	0.2398	0.4434	1	-0.5596	3	-2.1016	-0.4309	1	-0.5493	-1.3191	3	-0.4531	0	1	2.2477	2	0	-0.8538	2	-1.3009	0.0911	-1.9576	0.0703	0	0.4787	0	1	-2.8372	3	2.1770	2
2	3	3	1	1.2156	-0.1259	0.6498	1	0.3192	1	2	-0.8342	0	2	-2.9481	0	3	2.4324	3.9069	6.2273	2.2611	1	-0.6163	2	-0.7768	-1.0485	1	0.9599	-1.9222	3	-2.2676	0	1	-0.7723	1	2	0.8656	0	-8.6024	0.4854	1.0833	-2.8167	3	2.0590	1	3	0.1334	3	1.0421	1
1	3	0	2	-0.4985	-1.3046	-1.0826	2	0.5557	1	0	-1.0870	0	1	-0.0529	1	3	-1.7548	0.3549	0.2917	-0.5962	1	-2.7989	0	2.2064	1.3593	1	-0.7905	0.3691	0	-2.0067	1	0	-0.5874	0	1	-0.1619	1	2.9527	1.3958	-1.3738	-4.5880	3	0.4111	2	1	0.6499	1	1.0984	2
3	3	3	3	-0.6183	-2.0736	-0.7667	2	-1.9030	3	3	2.9321	2	0	1.6894	1	0	-1.4241	0.1571	1.5398	0.1722	3	-0.6927	0	0.1396	1.4071	3	-2.5834	1.5214	2	-1.2855	1	0	0.1621	2	2	0.4242	2	-0.9507	1.0796	0.8229	-4.9553	2	-4.2177	1	2	-0.6834	2	1.0599	2
2	1	3	3	-0.9228	-0.3867	-2.4510	2	1.3668	3	2	-0.2326	3	0	2.9122	0	3	-0.7435	-0.4579	1.0841	0.1379	0	-1.8809	0	0.7325	2.4601	0	2.8972	-2.8256	0	3.6600	0	3	0.4422	2	2	1.2335	1	0.0104	-0.3831	-0.5228	5.0945	3	1.1419	1	1	1.6559	1	1.6747	2
0	2	1	2	-0.2140	0.0006	2.9288	1	-0.7788	1	2	-1.1216	1	3	-1.8768	3	3	-3.2056	-0.2405	-0.8821	0.5256	1	0.7130	1	0.8243	-1.9018	3	0.8239	1.6921	1	1.1693	2	0	-0.5994	1	3	0.9047	3	1.9848	-0.2739	0.5232	-1.6543	0	-0.3611	3	1	-3.5342	3	2.0475	3
3	2	1	0	-1.1063	-0.1474	1.2839	1	0.0214	1	0	-1.9095	3	2	-2.1601	3	3	-3.0977	1.4099	-1.2531	1.4786	2	-2.0711	0	0.8370	0.7285	3	-0.5584	1.3679	2	-1.7330	2	0	0.7721	3	2	1.6615	2	1.3274	2.6445	0.3672	-3.8315	1	1.2131	1	3	-1.5278	0	1.5157	3
0	1	0	3	0.4174	0.3716	-0.1701	0	-0.0400	1	0	-0.4098	2	3	-1.4665	1	0	-2.1424	-2.7558	-1.5174	-2.0012	3	1.7301	1	-0.4728	-1.1525	0	-0.8938	-0.7119	0	2.1942	0	0	-1.4498	1	2	-2.0619	0	-1.3274	-0.7690	-0.1907	3.0887	2	2.4600	0	2	3.4965	2	-1.3913	0
0	1	3	2	-1.4689	0.9350	5.1489	0	-0.2003	2	3	-0.0082	2	3	0.7605	1	1	-1.3343	1.4616	4.3037	-2.0253	1	-1.6271	0	0.4374	-3.5605	0	1.5539	-2.1436	3	1.8159	2	0	-0.8793	0	2	-1.6069	0	-1.8596	0.5851	-0.9630	2.7372	1	0.9298	0	1	-8.8440	3	-0.4230	3
0	3	3	0	-1.6756	-2.3288	-1.2970	0	0.3027	3	1	0.6200	2	1	-1.1468	0	3	0.3955	-2.3682	-2.6179	-0.2606	0	2.2619	0	1.2062	1.3097	2	1.3900	1.6484	1	-2.5997	1	1	-0.2570	2	3	-1.9537	2	0.9778	0.3218	-0.5367	-5.3620	1	0.2684	1	3	1.6697	1	4.0079	0
0	2	0	0	0.9103	-0.3849	-0.3371	1	2.3896	3	1	-0.6528	0	1	0.3200	2	0	3.4342	1.3100	-1.2397	0.8156	1	-3.6589	3	3.0914	-0.9374	1	-1.1450	-2.0549	3	0.3737	0	2	0.8504	0	3	-1.4595	1	1.2974	1.8022	-2.7722	4.6477	2	-0.4140	1	3	-2.9644	1	0.7439	2
0	2	3	1	-2.0223	-1.6544	-0.2264	0	1.5008	2	0	0.1033	3	3	1.5044	1	0	-0.2574	1.7206	4.9062	2.0817	3	-3.7370	0	0.2222	-0.9754	0	1.6509	-2.5135	1	2.6586	3	2	-0.8498	0	1	-0.1359	1	-3.4196	-0.6077	-0.7507	3.9150	1	-1.1985	2	0	-2.7932	3	4.9260	3
2	1	0	0	-0.8207	0.1713	2.1641	2	1.3550	2	0	-1.0840	3	3	0.3922	0	2	0.4294	0.3928	-1.1519	-1.2340	0	-1.7948	1	0.5579	0.4428	1	2.3128	-1.2334	3	-0.1388	1	2	-0.1428	2	0	0.8073	1	3.9866	0.4916	0.8075	3.9767	1	2.1034	0	3	-1.9281	2	-3.0527	3
1	1	1	1	1.8950	-0.0730	-0.3864	2	-1.2304	2	1	1.7662	1	3	1.2507	3	2	-1.2242	-0.7108	1.5365	0.4957	2	-1.4109	1	-0.0066	0.2132	2	0.9685	-0.6095	0	-2.7650	1	0	-0.7396	0	1	-0.9251	1	0.3653	0.2790	-0.9559	-2.7037	0	-1.8126	2	0	1.4628	2	3.4195	1
3	0	2	1	1.1700	2.4167	2.3746	1	0.9156	2	0	0.1873	2	0	-3.5757	1	0	-2.8010	-0.5265	-1.6577	-0.1206	2	0.3071	0	0.9419	-0.5522	2	-0.0041	-0.0338	2	-1.8635	1	0	0.8876	2	3	1.8077	1	3.9698	0.3691	-2.8002	-0.4867	2	-2.1774	1	0	-2.0544	1	5.0617	3
2	3	1	3	1.7781	0.5599	-1.7526	1	1.0806	3	0	2.4155	0	2	-0.8879	0	1	0.4539	3.1000	3.8609	-1.5365	3	2.2621	2	-0.2660	1.2200	1	0.7892	-4.3132	3	2.0435	2	2	-1.0926	3	2	0.7520	1	-2.8746	-0.2688	-5.3706	8.6088	0	-3.0863	0	1	0.9131	1	-2.6352	1
1	0	3	1	0.3921	1.5818	-1.6716	1	-0.9191	3	1	3.7666	3	3	-1.7249	0	3	3.3323	-2.1585	-0.9495	0.2564	3	3.1098	3	1.3363	-0.4583	3	-1.2580	1.7927	2	-0.0351	2	2	1.3110	3	2	-3.6529	2	1.0411	0.5294	2.3655	0.0840	2	-5.4597	1	1	1.0320	2	-0.8844	2
2	2	1	0	1.2903	0.8300	1.0492	0	-1.4832	3	0	-1.3466	2	3	0.3216	3	1	-1.8557	3.1700	0.7207	-1.5574	2	-2.1899	1	0.8496	-0.0348	3	-0.2913	3.3148	2	-1.4200	0	0	0.5056	3	1	-2.4270	0	-3.0183	-1.1466	2.3666	-5.3214	0	5.8063	3	3	-0.3693	0	-3.1305	2
1	1	1	2	3.1444	-0.4337	-1.5155	3	-2.2708	3	1	0.4409	0	2	-0.7770	3	3	-0.6390	-1.5006	-2.5718	0.3505	1	-0.3092	1	0.9261	0.8812	3	-4.7912	7.0825	1	-0.5068	1	0	-2.5045	0	1	-3.6990	3	1.6789	-1.8001	1.0124	-7.0777	2	-3.4464	3	3	0.5689	3	1.0430	3
2	0	3	1	0.8074	0.3905	-1.1257	3	0.0836	3	0	-1.1543	0	0	-5.4586	0	0	0.0137	-1.3540	-2.1382	-0.0718	1	1.8642	3	0.8780	-1.4121	2	1.4622	-0.4048	2	1.1139	0	3	-0.2234	2	0	-1.1427	1	-0.2960	1.0504	1.8436	1.2581	0	4.7661	2	0	0.5766	0	-2.9268	0
1	2	3	3	-0.1212	1.9922	3.1738	3	-0.3381	1	3	-0.0695	0	3	1.8097	0	2	-0.1141	-0.4183	1.9996	0.6157	3	-0.2462	2	0.9490	-1.5095	0	1.4512	2.9407	1	0.9150	1	1	-1.6031	3	3	-2.6712	3	-1.7344	0.5428	0.3263	-5.1081	0	2.7395	2	3	-6.8847	3	1.7289	3
3	3	2	0	-0.1480	-0.4204	-0.6661	3	-0.7978	3	3	0.3978	3	3	0.9591	0	1	4.3122	1.7117	-3.0571	-0.1179	0	-0.3109	2	0.2472	2.7361	0	-0.3625	0.5348	3	-2.0120	2	1	1.7876	1	1	2.6411	2	3.4618	1.5129	0.1287	-4.2839	2	-1.8480	0	2	-0.2292	1	-0.2384	1
1	3	3	1	1.9955	-0.9692	3.2635	1	0.6465	1	2	2.5049	0	0	-0.9338	2	0	4.1817	-2.1775	-0.9713	-1.8521	2	-0.2545	3	2.2433	-0.4091	2	1.2209	0.4327	2	0.2121	0	1	-0.0237	1	3	-0.5590	3	0.7093	-0.8718	0.1445	1.5255	0	0.1516	1	3	-5.5323	0	-1.6270	1
2	3	1	0	-2.8790	0.0062	1.5856	1	0.8949	2	1	-1.1514	0	0	-2.1401	2	3	-0.2882	1.0584	0.9647	-1.0512	0	-3.9454	3	-0.1452	0.4187	2	0.8546	-2.2310	3	-2.9087	0	0	0.0785	2	2	-0.0782	1	-1.5779	0.7664	-1.7334	0.3270	1	1.3821	0	0	-2.3709	1	-2.7742	2
0	3	0	3	2.4987	0.3851	-1.7963	2	0.9174	3	1	0.3905	1	0	0.2327	1	3	3.6217	-0.7647	0.6336	-0.6554	3	-0.6810	3	-0.0714	-1.2195	0	2.9770	-4.0393	3	1.2442	3	1	0.4943	2	2	0.2877	1	1.8053	-0.4792	-0.8816	6.6315	2	0.2193	0	2	4.3502	0	0.7204	2
0	3	1	2	-0.9402	0.2436	-0.4068	0	-0.8311	2	3	0.1370	0	2	-2.8168	0	3	-2.2195	4.0534	2.8943	0.2192	0	2.9790	1	-0.5767	0.5553	3	-1.8199	-0.4250	0	0.2201	2	0	0.5500	3	0	-0.3322	2	-1.2013	1.7718	-0.5558	1.5243	1	2.0339	0	1	0.7689	1	1.0315	1
3	3	2	2	2.5416	2.6143	-0.0488	0	-0.9481	0	0	-0.2138	1	2	-0.4404	3	1	2.2393	-1.2031	-2.0734	-1.5883	0	1.3001	2	0.2402	0.2837	3	-0.8914	1.0695	1	-1.1344	2	1	-0.9525	3	2	0.8567	0	0.4674	-1.0105	-0.8857	-0.4612	2	1.6542	0	1	3.9141	1	-4.7145	0
2	2	3	0	1.4394	2.1230	0.1080	2	0.7933	0	3	-0.5975	3	2	0.1726	0	3	0.7599	1.4391	2.1345	0.2863	0	0.4719	1	0.6709	-0.0927	0	1.6554	0.1630	2	2.5960	0	1	0.1688	0	3	-1.5613	1	-1.3689	2.6525	1.1834	-0.1038	2	0.4314	1	3	0.5014	0	0.6860	3
0	2	2	1	2.5886	-1.5681	0.4363	1	-1.2621	1	2	-0.1113	1	3	0.1377	3	1	-3.4053	1.0294	1.6836	0.3571	2	1.0140	1	1.8187	0.4118	3	-0.5904	1.1465	0	-0.8898	1	0	1.4724	1	2	2.1525	2	-2.7503	-0.7358	1.2499	-2.9354	2	-2.2559	1	0	0.3710	0	2.7192	3
1	3	3	2	-0.7378	-0.2610	2.2561	2	-1.4754	2	3	0.0728	2	3	0.8492	2	0	-0.6235	0.0863	0.5195	1.8913	2	0.1797	0	-0.1385	-2.4889	1	-0.6926	1.5210	0	0.4495	1	2	1.8256	0	3	-0.9973	0	1.0888	0.4313	-0.3773	-2.9889	3	-2.4773	1	1	-1.3673	3	5.8991	1
2	1	3	2	1.8684	2.0120	-2.0191	0	0.8573	3	3	-1.8392	3	3	-0.9698	1	2	-0.3471	0.1840	0.7823	0.1022	2	-1.4772	1	0.4754	-0.5667	0	0.3749	-4.7026	0	0.5370	0	2	-1.6234	2	1	-2.0740	0	0.1238	-1.2228	-3.4962	5.2217	3	0.7522	1	3	3.1620	3	0.6783	0
0	1	2	0	2.2568	0.6862	-1.0637	1	0.4265	3	2	0.7598	1	0	1.3628	2	1	4.5225	-0.7107	-5.3165	0.8511	0	3.7009	3	-0.1398	-1.6866	2	1.5031	-2.2133	2	-1.1453	2	1	1.1367	2	2	1.9107	0	5.7425	-0.1535	-1.2402	1.1524	0	0.1057	0	3	4.0475	1	-0.2321	2
1	1	0	2	-1.7687	1.0580	1.0733	3	-0.4232	1	2	0.7718	0	1	0.3351	0	0	0.4134	-0.5425	-1.3871	0.1589	1	0.2497	3	1.8921	-0.1306	0	-0.1227	1.9525	0	-1.8583	3	3	-0.5636	1	1	0.3895	3	0.9024	1.2507	0.6133	-2.9359	1	-1.6523	1	1	1.1665	3	1.5865	2
2	1	2	3	-2.4108	-0.8253	0.0343	1	1.6592	1	2	-0.2055	2	2	1.2118	2	1	-0.7506	1.4415	0.8722	-2.4727	3	-2.3239	3	0.4711	0.9774	2	-0.6764	-1.4335	3	0.6835	1	0	1.7384	0	2	0.4477	2	4.1444	0.0029	0.8481	6.8603	1	-2.6867	0	2	3.2113	2	-5.8415	2
2	3	2	2	1.0743	0.3396	2.5301	2	-1.3633	2	0	0.5165	3	0	-1.3886	2	3	-0.5028	-0.4549	2.0688	-1.1072	2	0.9220	0	-1.5874	-1.4416	0	-3.1447	-0.1165	0	1.3589	0	2	-1.3797	2	2	-3.1346	0	-0.7270	1.0820	1.6946	-0.7576	0	2.7395	0	2	-4.7969	0	0.4610	3
2	3	0	0	2.9317	-0.2680	3.5345	0	-1.7874	1	0	-0.0334	3	2	-0.9437	3	2	1.4870	-3.3729	-6.9370	-0.2051	3	-0.4600	2	2.4894	0.2273	3	-2.7823	3.9918	0	-0.0060	0	2	-1.8231	2	3	-2.9242	0	8.2617	0.6319	0.0280	-4.6090	2	0.1166	1	3	-3.2631	3	-0.6122	3
0	2	1	2	0.7109	0.0597	1.1148	0	-0.7730	2	2	0.1641	3	1	1.1192	3	3	0.4725	-1.5439	-0.8216	-1.1748	1	2.2231	3	-0.5659	0.1937	2	-0.6730	0.6277	0	0.4275	1	0	0.2297	0	2	0.6937	0	0.0358	0.9223	2.6229	-1.5226	1	1.0250	0	1	-0.2681	0	1.2165	3
3	0	1	1	1.0866	-3.0936	-0.6912	1	-2.1376	3	2	1.2876	2	3	1.6666	1	2	-0.5779	-2.8508	-1.4621	-1.4591	1	1.3126	1	0.8906	0.9917	0	-2.3939	3.0354	2	1.1764	0	3	-0.6476	1	3	-1.1037	1	0.4449	1.0908	1.8013	-3.8068	0	-1.2843	0	0	0.9688	0	-2.9402	1
3	2	1	0	-0.7586	-1.1763	2.0568	2	-0.7175	2	3	0.5052	0	1	-1.1532	2	1	1.2518	1.3264	-3.4379	0.4297	2	-1.0095	2	0.2084	-1.1541	1	0.9980	1.4857	0	0.8804	3	2	1.5228	3	0	2.6157	2	4.0540	0.7328	0.1674	0.7268	3	1.1625	1	0	-4.5096	0	-3.2120	1
1	2	0	2	-1.1549	-1.9100	1.5888	3	-0.3040	1	0	-0.5767	3	3	1.0323	1	0	0.8130	-0.3032	-0.9676	0.3247	1	1.2767	2	-1.1197	-1.5677	0	1.2585	0.6562	2	3.1505	3	0	1.9176	0	2	-0.5780	1	-0.2941	2.0557	-0.0333	3.4800	1	0.7757	0	1	-3.5596	3	1.5625	2
2	0	3	0	0.8183	-1.5497	-0.5803	0	0.8454	3	0	-0.6147	2	3	3.0943	2	2	2.0554	0.6157	-1.4499	-0.5717	0	0.5058	2	-0.7754	-0.3385	0	2.0785	-0.5704	3	2.8755	0	1	0.2739	2	1	0.4194	1	-0.5682	1.0452	1.5794	1.4515	3	3.4640	0	3	2.5935	3	-0.7522	1
2	1	0	3	-0.4751	0.7391	0.1706	0	0.3081	3	1	-0.8895	1	0	-0.1197	2	2	4.2155	-0.8071	2.6485	1.9944	3	-1.3125	3	2.6979	1.3095	2	-0.0140	5.0800	0	-1.8428	2	1	-0.4253	0	0	-0.2721	1	-4.1239	1.1768	1.1869	-6.6025	3	-0.7325	1	2	1.1336	2	-3.0907	0
3	2	2	0	-0.6740	-0.9487	0.9292	3	0.3787	1	1	1.1711	0	2	0.5789	0	3	0.6929	-1.7356	-0.1813	0.3863	0	-1.2391	2	1.1550	0.7515	3	0.7022	-0.1678	1	-0.2770	0	1	-0.7614	1	0	0.6856	2	-1.5148	0.2111	2.8780	1.8077	1	1.1254	1	0	1.7046	0	-4.0419	1
1	2	0	2	-1.8866	-0.0519	0.3581	2	0.2583	0	3	-2.6461	1	3	0.3422	0	1	1.5234	1.9840	3.4565	-1.2307	1	-1.3373	2	-0.3133	-1.9852	0	-0.8935	1.1340	1	0.2156	0	1	1.4119	3	1	4.9795	0	-3.9018	-2.4698	-0.7412	-1.5687	2	1.3709	0	1	-2.8179	3	-2.0015	0
2	1	0	0	0.1121	-0.2510	-1.5868	2	-1.2831	3	2	1.1696	1	3	-0.7271	3	2	-2.8049	0.2318	-1.5052	1.7365	2	-0.7542	1	-0.9362	2.5221	0	-2.7796	3.9910	0	-0.8936	3	2	-0.8446	2	2	0.4166	2	4.3357	-0.5258	2.0639	-3.8823	2	-1.0192	2	3	4.4288	0	7.7268	0
0	2	3	2	1.4616	0.8664	0.2893	0	1.7716	3	1	1.0071	3	3	1.6265	2	0	1.3018	-2.6538	-3.7857	-0.6312	1	-0.4187	3	0.3173	-0.2181	3	1.5223	-3.0063	3	-1.5911	2	2	-0.1295	0	0	-0.7110	1	5.3162	1.2917	-1.2154	3.2825	0	1.5753	3	3	1.2500	1	-4.2898	1
0	1	3	3	-0.5743	-0.4908	-0.8232	1	-2.2188	3	0	-1.2406	1	0	-0.9365	1	2	-2.9821	-0.1762	3.0085	0.3483	3	2.2945	0	-0.3211	0.6956	3	-0.5232	1.8580	1	-2.5251	3	0	1.2873	3	1	-2.6583	2	-1.9167	-0.6817	-0.0604	-6.0158	3	0.7677	3	2	0.9524	2	1.6122	0
3	1	0	3	-1.3176	-0.2308	-0.9707	3	-3.1541	3	3	-0.2338	1	1	-1.9162	3	3	-1.2644	2.6923	5.0592	-1.5271	0	0.3795	0	1.6423	2.6194	1	-4.1892	7.3924	1	0.3392	0	1	2.3377	2	2	2.2382	2	-7.9952	-0.0476	2.0751	-9.1341	1	-1.0417	3	0	-0.2193	0	-0.7379	2
3	1	0	0	-3.4787	-2.1119	0.4044	1	0.4404	2	3	2.1355	3	2	2.9097	3	0	0.1109	-3.0507	-6.7258	0.6861	0	0.6795	2	-1.1776	0.0949	3	-0.2872	-2.2612	3	2.4363	2	3	1.1648	3	1	1.4896	2	4.6461	0.5284	-2.9221	6.0937	1	-2.1185	2	3	-0.2385	1	3.8663	2
2	0	1	0	1.9578	0.0851	-1.2488	2	0.5284	3	2	0.6068	3	1	-0.2414	1	3	1.1874	-1.1647	-4.9534	0.9665	0	-1.5743	3	-1.1277	0.2923	2	2.7069	-0.6592	0	-1.2105	2	2	0.6812	0	2	0.2390	1	5.0495	-0.3877	-0.2364	0.0954	0	0.6404	2	2	5.8190	1	0.1948	1
0	0	1	0	0.1380	2.8277	1.5074	2	-0.1078	1	2	-2.5491	0	0	0.1637	0	3	2.1790	1.5122	0.0901	0.6967	0	-0.5471	3	-2.4687	-0.6175	1	1.5211	-2.9755	3	-0.7468	2	2	-1.0493	0	3	1.3182	1	-0.0355	0.9082	0.5821	2.8641	0	1.6392	2	0	0.7337	3	0.7986	0
0	1	2	0	1.8880	-2.7178	-1.5630	0	0.3204	3	2	0.6021	0	2	-6.1628	2	2	-0.0116	-0.9557	-2.5129	-1.8115	0	-1.5980	2	-0.7405	0.4934	0	-0.3321	-1.9437	0	2.2525	2	2	-0.9483	3	0	-5.7046	0	3.2666	-2.2231	-3.5152	4.3333	0	4.5210	0	3	2.6952	1	0.2076	1
1	1	1	2	1.3654	-0.2812	-1.4618	3	0.1148	3	2	-0.7545	2	1	-1.8283	0	2	-1.3533	0.4343	0.7031	-0.8235	0	1.9283	1	2.1799	0.4185	1	-1.7773	3.4026	1	-0.4647	0	2	-0.5135	3	2	-0.5459	3	-1.0227	-1.1167	-1.5954	-3.8967	0	0.7321	3	1	2.6851	1	1.8378	0
1	0	2	1	-0.7512	-0.2692	-1.1049	1	-2.1260	0	2	0.2944	1	1	0.5699	2	0	-1.7276	1.1037	0.5975	-0.9530	2	-0.0569	0	1.1350	0.5178	0	-3.1383	3.2261	1	3.3745	2	0	-1.9869	1	0	-0.4119	0	0.1970	-1.1296	2.2327	-0.4046	1	-1.2753	3	0	5.2201	0	4.0267	0
2	2	2	2	4.8798	0.1618	-0.3368	2	-0.7582	0	1	3.6431	1	2	-0.2882	2	0	-0.6026	-4.7233	-4.1395	-0.2658	1	-1.3884	1	0.5527	-0.5590	2	-1.1923	3.5127	2	-1.3693	3	3	-1.1043	3	1	0.3096	1	2.7630	0.9483	4.6399	-7.5957	2	-2.2162	0	2	-3.3334	0	2.2324	1
0	2	0	0	-3.2441	-1.1085	0.1829	1	-1.8713	0	1	1.1844	3	3	-2.4882	0	3	1.6387	-0.2681	0.1357	-0.2633	0	1.6231	3	0.9919	-0.2548	0	-2.2699	1.4952	1	-0.8924	2	2	-0.3512	3	3	1.1633	0	-1.6410	-1.0644	0.8632	-2.3441	1	-1.7226	3	3	-0.7563	0	-1.5739	1
1	2	2	0	2.3535	0.5413	1.4907	1	-1.7094	2	1	-0.0622	1	0	-1.4179	1	2	-2.3934	-4.6319	-5.4883	-0.6306	1	-0.6128	0	-1.1575	-0.2061	2	-2.1867	0.0241	0	2.7839	1	3	0.0402	3	3	0.7062	3	4.0330	-0.8291	0.2081	3.6067	0	0.7193	3	2	-5.2690	0	-4.0873	2
2	3	0	3	1.1176	-3.0776	-1.7439	0	1.0372	3	3	-0.6625	2	1	-1.2728	3	1	1.9167	0.2822	0.7206	-0.3021	3	-0.9370	3	1.1496	2.5469	1	1.1940	1.6273	2	-0.2993	2	3	-0.6350	3	3	0.5438	1	0.0507	1.0998	-2.9978	-1.2461	0	-2.8757	1	2	4.9217	1	-1.1067	0
1	1	3	2	1.9005	-1.9808	1.5445	2	-1.2327	0	1	0.0592	0	2	0.0970	1	0	-2.7966	2.8949	4.5789	-1.0104	1	-1.8064	0	0.1976	2.1995	3	-1.8452	1.2476	2	-3.1020	1	3	1.7270	1	3	1.6044	2	-2.6811	-0.4471	1.1388	-7.4310	2	-1.5501	0	1	-0.7031	0	4.7249	2
3	1	2	1	1.9238	1.1122	-0.5039	0	-0.5363	3	2	1.3779	2	0	-0.5977	0	2	1.6198	-1.2373	0.2850	-3.4935	2	0.1455	3	1.7017	-3.3790	2	-2.3887	1.2419	1	-1.2774	2	1	0.0087	0	0	-2.2811	0	-2.2715	-0.5647	-0.6936	-7.3286	2	0.0133	0	0	0.8015	2	-5.8765	3
3	0	1	3	0.6276	-0.9171	2.1114	2	0.8919	2	3	-0.5045	1	0	0.5590	0	0	-1.3449	-2.2928	-3.3170	0.2965	2	0.4702	0	-1.5914	1.0532	0	0.4871	-2.7522	3	3.0795	3	3	0.2029	3	0	1.0100	3	3.4692	-1.0993	0.0087	9.3044	0	-0.3449	1	2	-4.9031	1	5.2733	3
2	1	0	2	0.0214	0.0850	-1.3527	3	-0.9486	3	3	2.0934	3	2	1.2883	3	3	-1.4872	-1.1715	-2.7088	-0.2330	2	-0.0108	0	-1.5543	-2.2616	3	-2.3176	-2.4798	3	-0.5797	0	0	0.0298	0	0	-2.3064	0	2.8934	-2.7716	-3.2260	1.2623	1	-2.1043	0	3	3.6672	1	1.9050	1
2	1	0	3	1.3296	0.1573	-0.8376	3	-0.0056	0	0	0.3693	0	1	3.5515	2	1	1.1310	-0.0768	2.8278	-0.3380	2	-1.5956	2	0.3775	-0.2516	3	0.4184	-0.4055	0	0.1034	0	3	0.8174	2	3	-1.6540	1	0.8538	0.3460	-3.4928	-1.4503	0	0.8196	0	2	3.6993	3	-1.2416	2
2	3	2	3	0.1940	0.7288	-0.0766	1	0.3891	2	2	-1.4309	3	1	3.0840	0	2	1.8656	0.9374	-0.5638	1.9022	3	0.1639	3	-0.9521	-1.0409	1	1.6767	-0.4648	2	0.6117	3	1	1.9813	2	3	-0.1831	2	-0.0217	0.2841	-0.0565	1.1491	1	-0.9685	1	3	0.8136	2	3.6769	0
0	0	1	0	0.7631	-2.2093	-1.5847	0	-1.4359	3	2	0.9556	1	0	0.2042	0	3	1.6072	-0.4762	-2.6187	0.2428	1	1.0115	3	0.6525	0.2827	2	-0.5121	2.0359	1	-2.3458	1	2	-0.8301	0	3	0.0963	3	3.1463	-0.7940	0.2804	-3.6371	3	-3.0682	2	3	-1.8312	1	-1.8283	1
2	2	3	2	2.5350	-1.8245	-1.6084	1	0.2178	3	0	2.6757	2	0	-3.4633	2	1	2.2784	0.3481	3.4505	0.8016	0	2.3110	3	1.1616	-0.0707	3	-0.6112	2.4472	1	-2.5531	2	2	-1.4538	3	0	-2.6136	2	-2.9595	0.2262	2.2091	-7.4808	2	-3.0369	1	1	6.1781	0	-3.2738	1
2	2	0	0	0.1297	0.7746	0.8885	2	0.5449	2	0	3.5851	1	0	-0.8955	3	0	-0.4023	-3.7561	-4.4112	-1.7171	3	0.3837	3	0.3482	-0.3344	2	-2.0191	2.1067	0	1.9659	3	1	0.4426	1	1	-0.3040	2	4.0296	1.4637	1.5686	-2.8787	1	-5.7297	3	2	-1.7591	0	-2.8465	1
3	1	1	1	-3.9481	-1.9866	-1.4404	3	1.2950	3	1	2.6178	0	1	0.4147	1	0	-0.1656	-1.5886	-1.6255	1.0898	0	-1.2822	2	-1.5005	-1.0811	1	3.2381	-2.2450	0	-1.9800	3	2	-1.4699	1	0	1.2475	1	0.4737	2.0087	0.1115	-0.2772	1	-2.3181	0	0	0.4282	0	0.3308	1
1	3	1	3	1.4277	1.0469	-1.2603	3	-0.8420	3	3	0.6310	1	3	0.7328	0	2	1.7234	0.8604	0.5947	-0.5126	3	-0.5571	3	-2.3058	-0.4904	2	-0.9869	-4.0067	3	1.2844	0	2	-2.5402	0	0	-3.9750	0	0.3191	0.3886	-0.6230	4.9321	2	-1.8456	0	1	2.9036	3	-0.5783	3
0	1	0	0	1.3952	1.9839	-1.0372	0	-0.7603	3	2	-1.5396	1	2	0.5974	2	0	-1.2839	1.7753	-0.0840	0.9827	2	1.3120	1	-3.3070	-0.1647	3	-0.2791	-0.8935	3	-0.0531	0	0	-1.0459	2	0	-1.2163	0	2.8282	0.0365	0.4858	-1.7602	0	-0.8740	0	3	1.3135	0	1.9637	0
3	3	2	0	-2.9265	-0.2351	-0.4558	0	-2.4514	3	2	1.1669	3	2	-1.0129	2	1	1.2757	-0.7198	-3.9916	-0.9626	0	0.4444	2	-0.4777	1.1696	3	-2.6071	6.1956	1	1.6539	1	1	0.3564	2	3	-1.3136	2	2.9334	0.5279	2.6473	-4.3365	1	-2.3138	0	3	-0.7025	0	-4.4733	1
2	2	0	1	0.0546	0.1755	-1.3323	0	1.3903	3	1	0.4506	2	2	1.9551	2	2	0.5641	1.3411	3.4083	1.3677	2	1.9371	2	-0.2825	0.2533	2	3.0137	-0.4293	1	-1.4238	0	2	0.6015	2	1	-1.5843	1	-1.1060	-1.2714	2.2304	0.3324	2	0.6138	1	0	1.5331	3	0.9516	2
0	2	0	2	-0.8395	-0.6278	-0.8132	0	0.5805	3	0	-1.3767	2	0	1.9129	3	1	-0.7257	0.3493	0.0950	1.1427	1	-3.0980	1	-1.4805	0.0469	2	-0.5282	-1.8238	3	0.9235	1	3	0.9310	2	0	0.2541	2	-2.4800	0.4538	-3.0729	1.6575	1	-1.5956	3	1	-0.6596	3	2.7213	0
0	3	2	3	0.1602	1.7130	-0.8577	2	0.5876	0	2	0.9522	3	2	0.3828	0	3	2.3967	-1.4301	-0.3140	-2.7390	3	-0.7181	3	-1.3991	0.4967	3	1.7724	-1.7725	0	-0.9042	3	2	0.4058	2	0	-0.7751	1	1.2035	1.1302	-0.6009	4.2556	1	-0.3742	0	2	-0.4203	1	-5.0389	2
1	1	0	3	-2.7987	0.6178	-2.0426	3	1.0448	0	2	-0.8828	3	3	-3.4822	3	3	-1.4253	0.2587	0.7411	-1.2442	2	0.0800	1	-0.4181	0.5023	1	-0.2933	2.5017	1	2.1108	0	1	1.0237	1	2	1.4211	2	-0.5919	0.4073	-2.3889	-2.9868	1	1.2118	0	2	3.3144	1	-3.9759	0
0	0	1	1	-1.0138	1.5104	0.7510	3	-0.1744	2	3	2.6711	2	2	1.4589	1	3	-2.2680	-2.2154	-4.6253	0.3839	2	0.8047	0	-0.0675	0.1336	1	-1.8067	-0.3201	0	-2.3985	0	0	-1.1531	2	2	1.4102	0	2.2107	-2.0684	-0.5784	-0.6997	0	-4.5110	2	3	-1.3126	1	-0.8206	1
3	1	0	2	-3.4518	-0.9685	0.2235	3	-1.0370	0	2	-1.7284	1	1	-1.7277	3	0	3.2052	0.5085	-1.2912	0.9945	1	2.8424	3	0.3987	0.8535	1	-0.1369	4.4756	1	0.0953	0	1	1.0009	3	2	1.4542	1	0.1954	-0.0869	5.0517	-6.7262	1	-0.6613	2	0	0.1743	0	-0.6648	2
1	3	3	3	-2.5803	0.8513	-0.3941	3	-1.2066	0	3	-2.3651	0	0	1.2387	1	2	-0.3395	-2.2038	-1.8576	-0.5228	3	-2.8648	3	-0.8229	-0.6528	0	-2.2877	1.5866	0	4.1930	0	0	-0.5494	3	3	1.3265	0	0.9777	1.1747	-0.6473	-0.8134	1	2.6823	3	2	2.5175	1	-6.0234	0
3	3	1	3	0.1245	-0.5864	-1.8300	3	-0.7551	0	0	0.3377	2	1	1.8695	3	3	0.5375	3.4382	2.1192	-0.6499	0	2.1890	0	0.1655	-0.0400	1	0.0949	1.0207	0	0.6845	2	2	-0.0081	3	1	0.4786	1	-0.3259	1.5473	-0.0392	-0.2698	1	0.3808	0	0	1.2247	0	-2.0730	2
0	2	3	0	-0.5658	-1.2597	1.8784	2	-1.2429	0	2	-0.3609	2	2	1.0906	2	1	-0.0436	0.4412	-0.6044	-1.1471	1	-0.9335	2	2.3019	-0.3687	3	-2.4429	5.3523	1	1.3533	0	2	0.3942	2	3	0.0847	0	-2.0728	-2.6195	3.2618	-5.8761	0	1.0306	3	0	-5.7180	0	-4.1849	1
3	3	0	0	0.3316	-0.4597	-1.4291	2	-1.4738	3	0	1.2566	0	2	0.5265	3	0	-5.1737	-2.6195	-4.3066	1.0035	0	-0.1410	0	-1.0494	-0.8972	3	-0.6449	-0.0685	3	-0.9102	2	0	-0.0322	2	2	-4.2240	0	3.6155	-0.0318	-0.2677	1.4682	2	-2.7516	2	2	3.0787	1	3.4690	2
3	1	2	0	-1.1256	-0.8425	-1.7484	0	-2.9992	3	1	1.0726	3	3	0.4304	2	1	1.0654	0.1415	-0.3839	-1.2158	0	-1.8448	3	1.9434	2.0624	3	-2.5937	3.7388	1	-0.7734	2	0	0.7566	3	0	1.1821	2	-0.0044	-0.3258	0.9168	-2.9926	1	-0.4218	3	1	-0.2379	0	-3.5751	2
3	2	3	0	0.3274	2.6271	-3.1798	2	-1.9430	3	0	-1.8262	3	2	0.7593	1	3	1.0120	2.5766	0.4822	0.7127	2	0.6542	2	1.4589	0.3173	0	-2.6800	2.0980	0	0.3958	1	1	1.1598	1	2	-0.4377	1	-3.2922	1.6382	0.0440	-2.1364	2	3.2005	1	0	0.5704	0	-0.7089	0
0	2	1	0	2.3567	0.4025	-0.6603	1	-0.0158	2	0	-1.1608	3	3	-0.1117	3	2	1.5890	0.3462	1.6746	-1.9164	2	0.9660	2	-0.2925	2.2794	1	-0.2217	-2.7423	3	-0.4769	1	1	1.3480	1	2	2.9216	2	-1.2914	1.1459	1.4543	1.6157	0	-1.8573	0	3	1.9396	0	-1.8546	0
1	2	0	3	-2.1914	1.0554	0.4249	0	3.4159	1	3	-1.6282	1	2	-0.0923	1	1	0.2602	2.0502	1.0128	0.0874	3	-2.2292	2	-0.4480	-0.3747	2	3.9148	-3.7090	0	-0.6416	3	2	-0.0176	1	1	1.3697	1	-1.2142	0.9619	-0.3139	4.0434	1	1.6602	0	2	-4.1637	0	1.0631	0
2	2	1	0	0.1771	-2.1097	-0.1686	3	0.9877	0	2	-1.0504	0	0	0.1121	1	0	-1.2708	-0.2788	-0.3747	1.4445	3	-0.5680	1	-1.5956	2.9660	0	2.5165	-2.6337	1	1.1682	1	3	-1.0311	2	0	0.9415	1	2.7955	0.3668	-1.1245	4.5997	0	2.1093	0	3	1.2446	0	6.6354	0
1	1	0	3	-2.6838	0.0371	-1.4164	2	0.2292	3	1	-0.5922	3	2	2.4838	0	0	-0.0511	0.6877	4.0083	2.1249	2	-0.0807	3	0.3874	-0.3183	2	1.1000	0.6653	2	2.1242	0	3	2.1956	2	3	0.0197	2	-2.8104	1.3745	2.3789	-1.6313	1	-1.2242	1	1	2.3602	0	3.6249	2
0	2	0	3	0.0979	1.0170	1.3843	2	1.1304	1	0	-2.0252	2	2	-1.4073	1	0	0.0937	2.3962	5.0495	-1.1370	3	2.1200	2	-0.0747	2.3878	3	0.7957	-1.9974	3	-1.3034	2	2	-1.0628	0	3	-0.3537	1	-4.3933	0.3687	-2.6141	2.5586	1	4.0120	3	1	-3.9604	3	-0.5744	3
1	0	0	0	3.1636	2.2189	0.4671	3	-1.1853	1	2	1.7698	1	0	0.8183	3	3	-3.0567	-2.3763	-3.5538	-1.7980	0	1.3326	0	-0.0831	1.5089	2	0.4261	5.4649	1	0.0743	1	0	-0.8104	1	1	-1.0531	3	3.3925	-1.9172	1.4022	-6.3530	2	-1.3609	0	3	0.1382	0	0.1754	1
1	2	0	0	-0.1569	-1.3116	1.5251	0	2.0736	2	0	-0.6439	2	2	2.6497	2	3	-1.5536	0.1105	-2.5342	1.4166	0	-1.4292	1	-1.6257	-0.0568	1	0.1972	-0.6547	2	-1.2412	2	3	-1.2895	3	1	-1.9998	0	3.0589	-0.1464	-0.1714	-1.1675	1	-1.9801	1	1	-4.0244	1	3.9267	3
0	2	3	0	-0.3116	0.4369	-1.1213	2	1.1002	0	0	2.5506	3	2	-1.2325	3	2	-1.5024	-3.5443	-2.8503	1.0270	3	-1.4773	0	0.3504	-1.2074	1	0.5399	-2.3004	3	0.4744	0	0	1.4344	0	3	4.2425	2	2.3097	1.0919	-0.7042	3.0137	0	-5.4393	1	2	0.0445	2	0.0347	1
3	2	3	2	0.5982	-0.5285	-1.1157	1	1.7498	0	1	-1.3798	1	1	-0.9060	1	1	-2.0496	2.6415	4.2063	-0.6388	1	1.0720	0	0.0788	0.3212	2	1.3981	-3.0038	3	0.1761	2	0	0.5641	3	2	0.4631	0	-0.4619	1.0642	-3.2995	6.5053	3	2.3655	1	1	5.6409	1	1.4398	0
3	3	3	0	2.3268	-0.9510	0.1250	2	-1.1601	2	0	-1.6210	1	3	1.9324	3	1	0.6596	1.3607	-1.1491	0.4210	3	0.4047	3	-1.6324	-0.2799	3	-2.3262	3.0317	3	-2.1696	3	2	-0.1705	2	2	0.5690	0	2.9791	-1.3671	1.9708	-6.3432	0	3.4735	0	2	-3.0069	0	-2.4668	0
3	3	2	3	0.0067	-0.0474	-1.1706	0	1.5773	1	1	-1.1795	1	1	-0.8093	3	2	-1.9316	-2.7201	-2.0010	2.1668	3	-0.3417	0	2.9261	-0.9341	1	1.2240	0.1910	0	0.9522	3	0	0.6541	0	2	-1.8050	1	-0.8669	1.1377	-1.7142	-0.0901	0	2.2669	1	2	2.2944	1	7.5672	0
3	3	2	3	0.4386	-0.1659	2.4397	3	0.1406	1	3	1.7852	3	3	1.8355	1	0	-1.2578	0.1305	-2.0398	0.5215	3	-1.8066	1	0.4705	3.0350	0	2.2899	0.2630	0	-0.5435	1	2	1.0851	1	3	2.2351	1	1.2830	0.3699	-2.9209	-3.5829	0	-2.7008	1	0	0.7721	1	1.6429	1
3	0	0	1	1.5294	-0.7147	-0.1390	2	0.4907	3	1	0.2309	2	2	-1.6705	1	3	-1.6010	2.5480	4.1349	-0.5907	2	-1.2899	2	-1.9115	0.8940	2	-0.8305	-1.2471	0	-1.4257	3	3	2.9112	1	2	0.0213	2	-6.2177	1.6663	-0.8867	0.2750	2	-2.8836	0	0	0.7279	0	-3.7000	2
0	0	1	3	4.8533	1.9686	-1.7672	2	-1.3939	3	0	0.1332	2	2	-0.7787	1	0	-3.3504	-0.0543	-1.7011	-0.0687	3	-1.6608	0	-1.3167	-0.2605	3	-1.1974	0.6024	0	-0.6606	2	0	-2.0738	1	1	-2.2276	0	2.5122	-1.5790	-0.1209	-1.5324	2	1.2652	0	2	4.7633	3	2.2751	0
2	2	2	0	4.7898	1.5998	0.1377	2	0.4983	1	0	-1.6499	0	2	0.2640	1	2	1.3848	0.7302	-0.3752	0.2293	2	4.4827	3	-0.9804	-1.4331	2	2.2653	0.4728	0	1.6363	0	1	0.5625	1	3	0.2483	1	1.2868	0.9966	-0.0235	2.3416	2	1.5873	0	3	1.1826	0	-0.8464	0
3	3	0	1	0.5345	0.1089	2.1982	0	1.0963	2	3	1.5020	1	0	0.7078	3	0	-4.2668	-1.1353	-0.3057	-0.4405	2	1.8871	1	0.1265	0.2737	1	1.7722	0.1159	1	-1.7691	3	0	-0.7093	2	0	1.7359	1	-0.2493	2.0169	2.3546	-3.6022	2	-2.3907	0	3	-4.8948	0	1.4265	1
2	1	3	0	1.8964	-0.1023	-2.0394	2	0.1855	3	0	-0.1831	2	3	-1.9150	1	0	-0.7651	-1.4455	-2.1651	3.2081	3	-1.7228	1	-0.8160	-0.1353	2	1.1291	0.0569	3	-0.1764	0	0	-0.0663	2	1	0.8419	1	1.5640	2.2966	3.5520	-0.9252	2	-0.2138	1	1	2.7428	0	3.4426	0
2	2	1	0	0.9374	-0.5012	-2.6283	2	-1.5871	3	2	1.7527	3	2	2.7445	3	1	-0.5213	-1.1880	-3.8535	0.5809	1	-1.2339	0	0.4354	-1.5770	3	-0.8163	0.2203	1	-0.6896	0	0	-3.0826	3	1	-2.9651	0	4.0718	0.1003	1.8209	-1.4314	0	-2.6603	1	3	1.8697	0	2.5776	1
0	1	1	0	1.3445	-1.9061	0.5739	0	2.0016	1	1	-0.7504	2	0	-0.2580	3	3	-0.6686	0.9640	-1.9648	0.6497	1	1.4812	0	-0.4029	-0.9986	2	2.0651	-3.6181	3	-0.5664	2	3	0.3944	0	0	0.7150	1	1.0465	2.5075	-2.6533	4.1719	0	-2.4190	3	3	-2.7384	1	2.6199	1
1	2	1	0	-1.7384	-1.4153	-1.0760	1	-1.4402	0	2	-1.1416	3	3	2.0679	1	3	-0.3985	1.3625	-0.7675	-1.9979	2	-0.7642	1	-1.9801	-0.1099	0	-3.8504	-1.4921	3	1.5719	3	3	0.5494	0	1	0.2184	0	-3.6309	-1.7541	0.3114	4.2396	1	-0.6168	0	3	4.0028	0	-0.9207	2
1	2	0	0	-0.9496	1.2175	-0.1400	1	0.9848	3	2	-2.5480	0	1	2.1641	0	2	1.7406	2.0243	1.6455	1.9658	0	2.0510	3	-0.4894	1.7670	1	3.1214	-1.4950	3	0.7971	0	1	0.3844	2	2	-1.8858	1	-0.4404	-0.1587	-0.2325	2.3503	3	4.3014	1	0	3.7820	1	0.9713	3
0	1	0	2	-0.2775	2.3272	-1.9647	3	-0.8705	3	1	0.4216	1	0	-1.0584	0	1	1.9078	-1.3027	-0.8351	-0.4433	1	-1.9266	3	2.5113	0.1629	3	1.1863	2.5603	2	0.3035	3	1	-1.1108	1	2	-0.9233	3	-0.6628	0.0446	5.4132	-1.7809	2	-0.4409	3	1	1.9885	0	0.5603	0
1	1	0	2	1.8073	-0.1340	1.6702	3	0.2850	1	3	-3.5940	3	0	-1.1847	2	0	2.6168	2.3082	1.2146	0.2800	0	0.1074	3	2.4391	-0.7322	2	-0.9692	1.5552	1	-1.5238	1	2	0.6745	1	3	-0.0432	0	-1.0547	-0.9349	1.5297	-4.0147	2	7.7808	3	1	0.4843	2	3.3895	0
3	3	1	3	-1.6753	-1.4425	-3.3553	1	-0.2467	3	2	1.7574	2	2	0.7204	2	2	1.5503	-3.0210	-2.7530	-0.4021	3	-0.7205	3	1.9963	1.8403	3	0.0656	5.0885	1	-0.0209	3	2	1.5504	2	1	1.4472	3	0.7684	0.9928	4.7892	-6.1266	1	-0.9142	2	2	6.0196	0	-1.5244	2
1	3	0	3	0.4222	0.2441	-3.3199	0	1.0622	3	1	-0.4055	0	1	4.6162	2	2	1.5921	-1.3163	2.2572	2.3687	3	1.3108	2	2.8135	-0.9784	3	1.0104	1.9952	0	-1.6436	1	2	-0.0290	0	1	-3.1210	3	-4.3691	-0.1553	0.5325	-4.8777	2	-2.3192	1	2	3.6196	2	-0.6622	0
2	0	0	3	1.4664	2.0016	-0.7647	2	-1.2915	3	1	1.0882	1	3	-1.9291	3	2	-3.0096	-4.8326	-4.3803	-1.2024	3	2.0623	0	0.9909	0.3743	3	-1.4463	-2.0604	3	-1.0434	3	0	-0.2942	2	3	-0.4369	3	2.0659	0.1369	-1.8156	-0.1410	2	-3.0848	0	2	3.4480	1	-2.3198	2
2	3	2	0	0.2071	0.0411	-0.5723	3	-0.0586	3	3	-0.4826	2	0	-0.4948	0	1	1.7136	0.4779	-3.4455	0.2433	0	-0.8127	3	0.5901	-0.2736	0	-0.1149	2.1884	1	2.0700	0	2	1.4030	1	0	0.2498	3	0.5768	0.1203	0.7684	-0.7387	1	0.7881	3	1	1.9255	1	0.9093	2
1	1	0	2	-0.5022	-1.1151	0.1457	1	-0.7562	1	1	-0.5294	0	1	1.4782	0	2	-2.2465	0.8708	0.9938	-0.2884	1	-1.3105	0	-0.1612	-0.0070	2	-0.0071	1.3733	1	2.5579	3	0	-1.4058	3	2	-2.0121	3	-0.3982	-0.4046	0.4611	1.1749	2	1.5085	1	1	1.6024	1	3.7915	0
0	3	3	3	1.1661	-0.0873	3.7226	1	0.4821	1	3	-0.8453	2	2	0.5650	0	0	1.0461	-0.4095	-2.3153	-0.9927	1	-1.6988	1	0.8441	2.2355	2	2.2764	-0.2819	0	-0.6292	1	1	-2.2585	1	3	-1.1145	1	2.3615	3.2199	0.6180	-2.5934	3	1.6729	3	2	-7.0307	3	-0.4129	3
2	1	2	0	-1.0288	1.4277	-0.0070	3	-0.4759	2	0	0.6087	1	1	-1.7190	1	2	-3.7443	0.4365	-1.1416	-1.8107	2	-1.9977	0	-1.1337	-0.0535	3	-4.1545	-2.4273	0	-2.6940	0	0	-0.5249	3	1	-0.8859	0	3.9205	-0.3616	-3.7989	-1.1264	3	-1.3182	0	0	-2.7418	1	1.4842	2
1	2	0	1	-0.6925	2.6017	-1.0548	3	1.6769	3	1	1.4915	3	1	-0.3129	0	1	4.3205	1.0107	3.6068	-0.1283	0	0.3806	2	0.6402	1.8888	2	2.9496	-2.0548	3	-0.9546	1	1	0.3275	1	1	-0.4440	1	-2.9705	0.7228	-3.4362	2.1411	2	-2.2606	3	1	1.5820	1	1.5861	2
0	3	3	2	-1.3980	0.7466	0.6594	3	0.3452	1	3	1.7898	3	0	3.3677	0	1	-0.5249	-1.2666	-0.5574	-0.2127	1	1.6022	3	-1.2635	1.2706	2	2.4782	-3.4946	3	0.1300	3	0	0.6697	3	2	0.7940	1	0.2601	2.2460	-3.9590	3.1230	2	-3.0972	3	1	0.9881	1	-2.2567	1
3	0	0	0	-1.0133	-0.1697	-3.1245	1	-0.3723	3	3	1.1736	2	2	0.5368	0	3	-0.5570	0.9425	-1.5560	-0.6442	2	-2.4079	2	0.3119	-0.8540	3	0.9491	-1.8736	3	-1.6228	2	1	1.3294	0	3	2.2457	2	1.9510	1.5577	-2.2867	0.4573	3	-0.7010	3	3	4.0867	1	0.5239	2
3	3	3	1	-1.4161	-0.0172	1.9982	1	1.2731	1	3	-0.5399	1	0	2.5572	1	0	-3.6505	0.3167	-1.3043	-0.7438	0	0.6556	0	-0.0342	-0.3739	2	1.0871	-4.7539	3	-0.1129	3	0	-2.1246	0	3	-1.0780	1	3.0437	0.0294	-3.9853	5.2892	1	0.4695	0	0	-2.9450	1	3.5839	3
3	0	2	1	-0.6854	0.7658	0.9927	1	-1.0962	1	0	-0.5887	3	3	-1.2856	1	2	-0.4400	2.2040	3.4115	-1.7291	2	0.3858	1	0.8064	0.7564	0	-1.6186	5.7929	2	2.3012	2	0	0.1008	0	1	0.1421	3	-4.4925	-0.3718	5.4481	-6.0354	1	0.5485	3	0	-0.5326	0	-3.3146	1
1	3	3	1	-1.4534	1.0230	-0.6517	2	2.5398	3	0	0.3273	0	0	-2.7376	3	1	1.1910	-0.4729	-0.9428	0.9172	2	-1.3725	3	1.3179	1.4791	2	0.8833	-1.0715	3	-0.5035	1	1	0.9623	0	2	-3.3750	2	1.9229	1.3601	-1.9188	2.1243	1	-1.1201	1	1	1.0885	1	2.3154	0
2	1	2	0	2.7972	-0.1441	-0.7352	0	-2.8935	3	0	-0.8370	0	2	-0.4064	3	2	0.0529	-0.5687	-0.6852	2.6154	0	1.0349	2	-0.1354	0.8170	3	-4.8567	3.3936	2	0.7890	0	3	1.2010	2	0	-1.3790	3	-1.2589	-0.3291	2.9755	-2.0146	0	-1.4600	1	3	0.2248	2	0.2578	3
0	1	3	3	2.5073	-0.3976	1.2827	3	1.5252	1	1	0.0731	2	2	1.3169	1	1	-4.5233	-0.5929	3.2691	1.1203	0	0.7778	0	-3.5276	2.4443	3	2.3587	-5.1132	1	-3.1868	3	0	-0.0524	1	0	0.4281	1	-3.1283	0.3858	-5.8495	3.8081	2	-1.8976	0	2	-2.0327	1	2.6429	3
3	2	2	1	1.2473	-0.3304	0.2157	2	0.1740	3	3	2.2257	2	1	0.7566	2	0	-0.2423	-1.0590	-2.7467	-1.1783	3	2.0633	0	0.1020	-0.6379	3	0.8958	0.2440	3	-1.1922	3	0	-2.5756	1	3	-3.1348	0	1.1816	-0.0901	-0.9136	0.0117	2	-5.5428	0	0	0.7052	3	1.2606	3
1	1	0	2	-1.2862	-1.2101	2.0320	2	-1.9497	1	2	2.7017	0	3	-5.7403	3	0	0.0450	-1.3640	-0.1317	0.0211	1	-0.5063	1	-3.3553	0.5448	3	0.0631	1.1447	0	0.6050	2	0	-0.2140	2	1	-0.6062	3	1.2354	-1.1537	-0.9633	-0.7196	1	-2.5761	0	1	-8.2168	3	-2.0956	1
0	3	3	3	1.5972	0.2897	-1.3766	3	1.3029	3	3	-1.4039	0	2	-3.4906	0	1	0.0706	2.1585	4.1143	-0.3951	0	-2.8657	2	1.4212	-1.3406	3	2.2159	0.5282	3	0.1467	0	1	1.3685	2	3	-2.4117	3	-1.6583	-0.7134	1.3236	1.4192	2	2.2675	2	2	2.7444	2	-0.0967	0
0	1	1	0	-2.5886	1.6511	-0.3358	0	1.1255	3	0	-0.7717	3	2	1.8288	1	2	0.3135	2.2058	-1.6858	0.0342	0	-4.4987	2	-1.8630	-1.1172	3	3.1201	0.5761	1	-0.4181	3	3	1.2484	3	0	0.3839	1	3.7446	0.9017	0.3317	2.1203	1	1.9367	0	3	-2.8254	3	1.2269	0
3	0	0	1	1.6270	1.0946	-2.4221	3	-0.4012	0	0	-1.5393	3	0	1.5995	0	2	0.4184	1.0481	1.2006	2.0506	2	-0.6573	2	-1.0513	-1.1956	2	-1.5079	0.2189	0	0.1997	2	3	0.9158	1	2	1.2617	3	-0.3509	-0.2072	0.4107	1.9562	2	-0.4917	1	0	6.2407	0	4.4271	2
3	1	0	2	1.4705	-0.4606	-1.2298	3	0.1893	3	0	-0.4446	0	0	-0.6364	2	2	1.7245	3.4714	2.9039	2.4317	1	-2.1135	3	-0.7067	-1.0348	0	-1.3180	-2.6173	2	1.4911	1	1	0.2434	0	1	-1.2520	2	-1.1581	0.5334	-1.4363	4.5372	2	1.0439	2	1	1.3084	3	2.5099	2
3	1	3	0	-0.8612	-2.1961	-0.7459	2	-1.0219	3	1	-2.2184	0	1	-0.6014	2	1	-0.0974	1.3042	0.3447	0.5258	0	1.3309	1	0.4761	-1.4058	0	-0.4029	2.3634	3	1.0523	0	0	-0.4882	3	1	-2.3456	2	-4.7105	-0.5104	4.3837	-1.7705	1	4.3448	1	0	1.0076	0	-2.5123	3
1	1	3	2	1.1065	0.6541	2.0008	2	1.1552	1	0	-1.2771	2	2	-3.5293	1	0	0.2551	-2.4108	1.0383	-0.6678	2	-0.1602	1	-0.5773	0.1389	3	1.3011	-0.0574	1	-3.1298	0	2	1.6464	2	0	0.9666	1	0.0262	0.4138	1.0389	-4.0043	3	1.0026	0	2	-3.5796	0	2.6468	3
3	2	3	3	0.4627	0.2954	-1.7321	2	-1.8075	3	3	1.1344	0	0	0.2044	1	2	0.6542	-1.2010	-0.4841	1.2285	2	3.1383	3	-1.0058	-0.7440	3	-2.4520	-0.5359	3	-1.6292	1	1	-0.4462	0	2	-0.7444	2	1.1714	-0.5360	0.0510	0.0253	0	-0.9141	0	2	2.5014	3	2.0178	2
2	0	2	2	1.1560	-1.5083	1.9185	0	0.1846	2	1	0.0834	1	0	-0.5554	3	0	1.5138	-2.8232	-1.6140	0.8981	1	0.8059	3	1.2544	-0.6957	3	-0.6095	-2.8788	3	0.4352	3	1	0.4475	1	0	1.4150	3	-0.0680	-1.9170	0.2794	4.1719	0	0.6795	1	1	-3.5035	3	-4.1105	3
3	3	2	1	-1.4521	0.8719	1.0207	2	0.9146	1	1	2.6286	3	3	-1.0392	2	3	0.3883	-3.5192	-4.1737	-2.0543	2	3.6650	3	-1.1315	-0.5826	0	1.8207	0.9125	2	-0.9812	3	2	-2.4522	1	3	-3.1416	3	4.3196	-0.4362	-0.0225	-2.4488	0	-2.9502	0	1	-0.5771	0	-7.2692	1
3	1	2	3	-0.8174	-0.8391	-0.9812	0	1.6485	3	3	1.3851	1	3	-0.9950	1	1	-0.4200	-0.8721	-2.3257	0.4924	2	-1.6121	1	1.5216	-0.2087	0	2.3563	-2.6639	3	0.4346	0	0	-0.6354	2	1	-1.7224	1	0.7658	1.5009	-1.4122	3.1533	1	-3.3148	1	0	1.8912	1	-1.5341	1
2	0	2	2	-2.2354	-0.6143	0.6397	3	2.6249	0	0	-0.5577	2	0	-0.6323	1	3	-1.0916	1.9019	1.1541	0.5060	1	-2.3234	1	-0.5655	0.4033	2	3.4294	-5.4579	3	0.9980	1	0	-4.3561	0	0	-1.9288	1	1.6862	1.1296	-4.0593	8.1901	1	-2.5801	2	0	-0.7668	1	2.2081	3
0	0	1	2	-0.8851	-1.3128	-0.5851	1	-1.3561	1	3	0.8675	2	2	0.1642	0	1	-0.3098	-1.0409	-3.3684	2.7650	1	1.2030	2	-2.7296	-0.6212	2	0.1310	1.8909	1	-1.5884	3	0	-1.1093	1	1	-1.0463	0	2.6601	-1.9368	3.7955	-5.8629	3	0.4653	2	2	0.0053	2	1.0204	3
3	3	3	3	0.4800	1.6731	0.0063	2	-0.4922	3	3	0.6334	0	2	-0.1269	3	2	-1.2246	0.7341	2.0356	0.4240	3	-0.7492	1	-1.0222	0.6014	3	-1.8074	1.5471	0	-0.9539	0	0	1.9839	2	2	-0.7761	2	-0.5446	0.1769	-0.4985	-1.8430	3	2.4107	0	0	0.3023	2	1.9753	2
0	2	1	2	-0.5817	1.6914	-0.1105	0	-0.0657	1	3	-1.3799	0	1	1.7131	3	0	0.8241	0.3660	1.6799	-2.3169	1	-1.1594	2	0.4188	-0.3879	0	1.6120	-1.1198	3	-0.1482	1	1	3.5328	1	0	1.7923	1	-1.8258	0.6713	-3.0707	1.3261	0	2.1448	0	1	-2.2763	1	-4.1134	2
2	0	3	2	-1.2728	-1.7057	-0.0179	3	1.0535	0	1	-1.4098	2	0	-0.5316	1	3	-1.7106	-1.1145	-0.2843	-1.0966	1	0.7759	1	-0.2415	-0.3915	3	2.2959	-0.7997	3	-0.6299	2	0	0.8494	2	1	1.8603	1	-1.0068	1.2786	-0.1919	2.2586	3	1.7216	0	2	-3.6465	3	1.9048	0
3	0	0	0	0.5919	-1.0564	-2.9441	2	1.0370	3	0	-0.6284	3	3	2.8907	1	0	1.0272	-1.8399	-4.5269	-1.1627	1	1.1579	2	0.0749	1.4267	2	1.6601	-1.4628	3	0.3644	1	2	1.0633	0	0	-0.1955	1	3.6109	1.3307	0.7048	4.3349	2	2.0977	3	2	4.6611	2	-4.2995	2
1	1	1	2	3.9562	0.5846	-0.8825	2	-2.8077	3	1	-1.0892	3	3	-1.6507	0	0	-2.7513	2.1924	-1.8763	1.5187	1	1.5013	1	-0.9249	0.2396	3	-3.0629	2.1824	1	-2.5038	3	3	0.0035	1	3	-3.1746	2	-1.2616	-2.0015	2.5748	-4.1828	0	2.1298	2	1	0.3347	2	1.6604	0
1	1	1	2	-4.2392	-0.1456	-0.6579	1	1.0219	3	0	0.5391	1	3	-0.3480	3	0	-0.1514	-2.5399	-3.4322	-0.2546	1	1.2085	3	0.1734	0.0458	3	2.0723	-2.7956	3	-1.3990	1	0	-2.0627	3	2	-4.6941	1	3.6923	-0.3167	-5.7294	3.5376	1	-2.4390	3	2	1.9238	1	-0.6342	1
0	3	1	3	1.7760	-0.8451	-1.0048	1	0.0720	3	1	0.5205	2	1	-0.8528	2	1	2.8716	-0.3027	-1.6252	0.3767	3	-0.2669	3	-0.2541	0.1763	1	2.4447	0.5984	2	-2.0270	3	1	-0.1357	1	2	-0.8422	1	-0.2534	1.2554	-0.5957	-3.3767	2	-1.3681	2	2	4.7000	2	-0.4296	0
3	3	2	3	0.7709	0.2327	-1.9520	0	-3.1900	3	1	0.7024	3	3	3.5299	1	3	-1.9964	-1.6299	-0.7589	-1.6250	3	-0.0136	0	-1.0984	-0.2223	0	-2.0449	4.2858	1	-2.4765	2	0	-1.3148	3	0	-3.9956	3	-0.2886	0.3608	-0.5354	-10.5953	1	4.1343	0	2	1.7309	2	-1.2989	0
0	3	0	2	0.2812	0.6116	0.6194	3	2.5556	2	1	-2.0619	3	1	-1.0531	0	1	3.6471	1.9655	2.0910	0.7144	1	-0.2588	2	-0.9849	0.0808	1	3.5182	-1.2039	0	-1.1832	1	1	-0.4773	0	1	-1.7387	1	-3.3469	-0.7198	-2.8640	0.0124	2	1.3979	0	3	-1.0324	1	2.3326	0
3	0	3	1	1.0545	0.0201	0.1751	2	0.1074	3	3	-0.4705	0	0	0.5904	1	0	0.3559	-0.0773	2.9282	0.5457	2	0.9832	2	1.4467	0.8677	2	-0.0029	2.4520	2	-0.2820	0	2	1.1601	1	1	-0.8601	2	-0.6003	-0.2989	3.7212	-3.7440	3	-0.0280	1	0	1.3812	0	-2.5884	2
0	0	1	2	1.3532	0.0944	-2.1278	1	-1.2071	3	0	-1.3812	3	0	-2.7446	2	3	0.9333	0.0923	-1.5055	0.9374	2	0.0455	3	-1.3432	1.2838	3	-2.0889	1.1720	2	-2.4196	0	2	0.0385	3	3	-1.6042	3	3.4852	0.0332	-0.0375	-6.0843	0	2.5161	2	3	1.9105	0	1.0689	2
3	0	3	1	2.2577	-0.5553	0.2710	1	-0.5478	1	1	0.8956	2	1	1.8639	1	0	-0.3956	1.2899	2.5856	-1.1733	2	2.5292	1	-0.3004	-1.2368	3	-2.0077	0.1331	3	0.4670	0	1	-0.4197	2	2	0.1969	0	0.7270	1.3266	-2.1542	1.1685	0	0.4637	0	0	-0.2411	1	2.5657	1
0	3	1	1	-0.6341	-0.3344	-2.4849	2	-1.6232	3	2	1.2183	2	0	-0.5322	1	1	-0.0303	-1.1943	-1.5926	0.5574	2	1.9737	3	0.8115	1.4058	3	-1.3870	-0.7666	2	-0.9870	1	0	0.6687	2	1	1.6552	2	3.4930	-0.3023	1.1856	-0.4301	3	-1.4047	2	0	3.9095	0	-4.5078	2
1	2	3	3	0.1067	1.0339	-1.7888	1	-1.9761	3	0	2.7389	3	3	0.9879	3	1	-1.8667	0.0157	-1.6194	-1.7714	3	-0.7466	1	0.9675	2.2118	0	-1.2661	5.2353	1	2.4642	2	2	0.3066	1	0	1.0876	2	-1.9830	0.0485	1.7987	-4.1319	2	-4.1498	0	2	1.8953	0	0.8768	2
2	1	0	3	0.7808	-0.5977	-1.1695	0	-0.7164	3	1	-1.0160	2	3	-3.2463	2	2	2.5696	-0.3775	3.0654	-0.2257	3	-0.5048	2	2.9192	-1.9109	0	-1.5840	6.9722	1	0.3517	1	1	-0.5845	0	0	2.0011	0	-2.5308	-2.1491	3.5462	-7.0457	0	1.6559	3	2	-0.2139	0	-3.7183	0
3	0	2	3	-1.5349	-0.3102	1.2240	1	0.6028	1	1	2.3196	0	0	-1.4290	3	0	0.8477	-1.6549	-0.7499	1.6816	1	-0.5560	3	-0.1076	0.0849	2	0.8980	0.7866	1	2.5329	1	1	0.9056	0	2	0.4840	2	0.5813	1.3930	3.1913	2.3824	1	-3.5564	1	2	-0.9992	3	2.4738	1
2	1	2	1	0.9964	-1.4090	2.3555	2	-1.1504	1	3	-0.7174	1	0	-1.9858	1	0	0.9052	0.7608	-0.4877	-1.8926	2	2.1012	3	1.0269	2.3485	0	-0.4677	2.1996	1	2.6722	1	1	-1.1798	1	0	-0.6205	2	-0.4234	0.8303	2.4538	1.0543	1	1.1655	0	0	-4.8011	0	-3.9191	3
3	1	2	2	0.2794	-1.4638	1.2101	0	0.6950	2	1	0.4013	2	0	0.9168	2	2	0.8625	-0.2532	0.6017	1.2218	1	0.2052	3	0.3025	1.4748	0	-0.1929	-1.5079	3	-2.8315	1	2	-1.4071	2	1	-2.0267	2	-2.0570	0.0146	-2.3463	0.7612	3	0.8338	1	1	-2.5257	1	3.6558	3
3	2	3	3	0.4428	0.5689	-3.1741	0	-0.2705	3	0	0.9972	2	2	-0.8570	2	0	1.5239	-1.2443	1.2183	-1.2068	3	1.9136	2	-1.5082	0.9777	3	-0.7459	1.1200	2	-2.4055	2	1	0.1611	2	2	0.2997	2	-0.3152	0.5704	1.3218	-3.4479	3	-1.3878	0	2	1.1427	1	-4.4430	2
3	0	3	0	0.9247	-2.0366	1.6943	2	1.4992	1	2	0.6780	0	1	-3.6500	1	2	0.4586	-0.9745	-2.5423	1.5592	1	-1.4258	0	0.9143	-2.1363	1	2.3092	-1.7479	3	0.3625	1	3	-0.9921	0	0	-0.5926	3	1.4142	-0.7984	-0.1124	2.0380	3	2.8782	2	0	-1.5899	3	0.7366	3
1	2	3	2	-0.1149	1.3688	0.5498	2	0.9432	2	0	-1.4072	0	2	1.1104	1	1	1.0520	1.2007	1.1997	-2.1502	1	-1.8381	1	0.4621	0.8534	3	2.3151	-1.4419	1	-2.1738	0	1	-1.0290	0	0	-2.9194	1	1.2661	0.2632	2.1340	-0.9573	1	1.4722	0	1	0.5710	1	-2.6006	0
2	2	0	2	2.0214	1.6842	-1.1385	2	1.4346	3	2	1.1866	2	0	1.8005	2	1	1.0315	0.6798	3.2014	1.6258	1	2.1797	3	0.6676	1.3660	2	1.5733	-3.2758	3	-0.5258	0	2	0.4379	2	1	-0.5418	2	-3.5871	0.0709	-0.3132	2.4457	2	0.3097	1	2	1.1710	3	-0.3092	2
2	3	3	2	0.0845	0.1698	2.0383	3	1.0629	1	1	1.0803	2	2	-2.4524	2	1	0.5189	-2.9867	-4.1742	-0.9638	1	1.4695	2	1.6725	2.4736	1	2.5612	1.9814	0	-1.5515	3	2	-0.6137	1	2	1.7254	1	1.5503	-0.6211	2.6525	-3.4345	3	-1.5669	3	2	-1.7457	0	-2.0539	3
0	0	0	2	-1.6005	0.9978	-0.5031	1	-2.5452	0	0	-0.7607	0	3	-0.4386	0	0	0.7778	2.4840	1.2626	1.6008	1	0.8992	1	1.2319	-0.6948	2	-6.7884	2.3834	2	-0.1343	2	2	0.0815	2	0	1.7783	0	-0.9090	0.5665	2.9813	-2.9206	1	-0.6230	2	3	3.2461	2	3.5195	0
0	0	0	3	2.3057	1.8184	-0.1596	2	1.9121	3	3	-0.3765	3	3	-0.3863	0	0	-0.8683	-0.5858	0.6678	0.3545	0	0.6369	2	1.1830	1.9900	0	2.2448	1.9164	1	2.8820	3	0	-0.3033	1	1	-0.6123	1	-0.5210	2.0930	1.6150	-3.1078	2	3.2302	2	2	-0.4713	0	0.4737	0
2	1	2	2	-0.2210	0.5046	-1.7622	0	-1.2973	0	3	1.2997	0	2	-1.0717	0	1	1.5842	1.1199	1.0763	1.3167	1	1.6487	3	-0.6125	0.7775	3	-2.0465	0.3160	0	-1.0994	1	1	1.2740	0	1	0.1246	2	0.8311	-0.7739	0.0041	-2.1938	0	-0.7178	1	1	0.7779	2	4.2874	2
2	2	0	0	1.1853	2.3527	-1.3702	0	-2.3801	3	0	0.7025	2	0	-1.2074	3	1	0.5960	0.2118	2.7302	-1.2440	1	2.5016	2	1.0738	-0.0578	3	-1.6713	4.3697	1	0.9750	1	2	1.3080	3	2	-1.9229	2	0.0657	1.0268	3.8094	-2.3094	0	-4.0031	2	3	3.1250	0	-1.0737	2
3	2	1	0	-0.8096	0.4203	-0.5160	2	-1.7618	0	2	0.2568	3	1	1.7038	0	3	-0.1389	0.7334	0.0811	0.5619	3	1.2586	0	1.9134	0.2013	3	-4.7218	5.2511	0	0.2828	2	2	0.2356	0	0	1.4057	0	1.3265	-0.6910	1.4829	-4.2678	1	0.3766	1	3	3.1217	2	2.4793	3
0	0	3	3	-1.6341	2.3451	-1.1100	0	2.9373	3	3	0.8716	1	3	4.6599	0	3	1.8909	1.1083	4.2959	1.8916	1	2.4298	3	-0.0787	1.8348	0	3.2414	-3.5384	3	2.2773	1	1	-1.1329	0	3	-1.1433	1	-2.7185	1.4630	-3.4286	6.6876	3	-0.3281	2	1	5.1841	1	0.8638	1
2	3	2	3	1.1467	0.1718	1.4735	0	1.0101	2	0	0.3489	3	1	-0.1755	1	2	-2.5367	0.2447	-0.0020	-2.9243	3	1.1153	1	0.8935	1.7434	1	0.9974	-4.0354	3	0.5095	0	0	0.7565	2	0	1.9635	1	-2.8392	-1.7730	-3.7840	5.6854	0	-2.2565	0	2	-2.3751	1	-2.3399	3
3	1	2	2	0.0143	-0.5835	-0.0870	2	2.5223	1	0	-1.3240	3	1	-0.7098	0	3	4.1480	-0.8030	-1.2246	0.3317	2	0.9985	3	-1.1354	0.3459	0	3.4705	-3.2560	3	0.0413	0	2	0.6762	0	3	-2.5455	1	-0.8643	-0.0002	-3.7994	1.3020	1	-0.2163	2	0	2.6609	1	-1.2976	3
0	3	0	2	-2.4504	-0.4104	-0.0965	0	-0.0043	0	1	-1.6429	3	0	0.0513	1	2	-3.5478	3.9052	4.6653	-0.4244	3	0.6501	0	-0.7828	0.5413	2	-1.8163	-4.0326	3	1.5846	2	0	-3.0245	1	0	-1.4292	0	-4.1488	-1.5628	-3.8656	5.2694	1	2.4715	0	1	1.4710	1	4.9508	0
3	3	2	1	0.6451	-1.8424	2.0154	0	-1.0703	1	3	3.7125	3	3	0.9685	0	0	1.5641	-5.1140	-5.3527	-0.7606	2	0.2849	3	-1.0688	0.1218	0	-0.1931	3.1096	1	0.4254	3	1	1.9147	0	0	0.4589	2	5.7823	0.1803	3.4187	-1.9921	0	-4.8333	0	0	-1.8132	0	-5.8658	1
0	0	0	1	-2.4314	0.8983	-2.4734	2	3.3014	3	1	1.7909	2	3	0.0788	2	2	1.4510	-0.8927	-0.4866	-0.0830	2	1.9725	3	-1.1758	-1.9338	2	2.1355	-3.1766	3	-0.9341	2	1	0.2683	3	0	-1.2805	1	-0.8836	1.9778	-2.3545	3.4616	1	-0.4503	1	3	2.8419	1	-3.3215	2
2	2	3	0	1.8802	-0.9080	1.4254	2	-2.3907	1	1	2.0275	0	0	4.0241	1	3	-1.3768	-0.9855	-2.2579	1.0145	0	1.3963	0	-1.3732	0.3755	2	-1.6789	-0.0107	3	-0.5413	3	2	-0.0350	2	1	-1.3293	2	2.0410	-0.3162	-1.1147	-2.1290	3	0.7071	0	2	1.2612	1	4.2342	3
3	3	2	1	-1.7056	1.2319	0.8165	0	-2.7950	2	1	0.7202	1	0	-3.2873	2	1	-0.6985	0.4552	-0.0648	0.0273	0	0.9319	1	2.4089	-0.0005	3	-4.1455	4.8242	1	0.1804	3	2	2.7879	3	0	0.9610	2	0.5802	-0.0985	2.5611	-5.5903	1	1.8046	1	1	-1.0130	0	-1.5369	2
3	2	2	1	1.0396	1.2940	-1.4590	3	-0.9930	3	1	1.5680	0	2	1.2100	3	1	2.1709	-1.6085	-0.5616	-0.3697	3	1.0790	3	0.5882	-0.8727	0	-0.5067	-0.4381	0	-0.9236	0	1	0.8904	2	1	1.9436	2	1.3126	1.7593	-0.0871	-0.8564	2	-3.2455	1	0	-1.1429	0	-0.3990	1
1	1	2	3	-0.2027	0.6529	-1.8479	2	-0.3025	3	0	-5.0214	0	0	-0.0924	3	1	0.7466	4.5748	6.0420	-1.5108	1	0.6250	3	-1.9053	-0.8561	0	0.4146	-0.8302	2	1.7155	2	2	1.1916	1	2	-1.9274	3	-0.4905	-0.5589	2.4750	1.9910	1	5.5624	0	1	2.6123	3	-3.8836	0
3	2	1	1	-0.6165	-0.1986	0.4333	1	1.3290	0	1	0.0507	1	3	2.2456	3	3	1.1567	0.8357	-0.6433	0.5678	2	1.2711	2	-0.7711	-0.9480	0	0.8599	0.1876	3	0.5144	3	1	0.1674	1	2	0.3238	0	-0.4630	-0.3131	-0.8777	-0.9488	0	-0.7548	2	0	-2.0656	0	0.3373	0
3	3	2	1	-0.3884	-0.0849	-0.2174	0	-1.7753	1	3	-2.7488	0	3	-0.1652	1	3	-0.7165	1.4894	1.8612	-1.2398	2	-1.0005	1	-1.6077	-0.5822	3	-2.2634	1.5601	1	-2.9069	3	0	0.6368	2	1	1.6514	0	-0.7535	-0.0876	0.8068	-3.4408	0	3.4911	0	0	1.7329	0	-1.9526	0
0	2	2	0	-2.7065	-1.9547	-0.9280	2	-0.9017	3	1	1.2168	1	0	-0.6384	1	2	1.6325	-0.2047	-2.0606	0.1739	0	-0.4117	2	1.3566	0.1718	2	-2.6025	2.0663	0	-0.4664	1	3	1.0055	0	3	0.0392	0	3.3836	-1.8388	1.2432	-1.5073	1	-2.3984	1	3	4.9810	1	-2.3769	2
0	3	0	3	-1.9746	0.2141	-0.8908	2	-1.1020	0	1	-0.6231	3	3	-2.5190	2	1	1.0227	2.5064	4.0930	0.4429	0	0.1772	2	2.0690	-0.5057	1	-0.2304	3.2955	2	-1.9623	2	3	0.5476	3	3	0.5368	0	-2.6093	-1.4483	1.4473	-6.0292	1	0.1448	2	1	-3.5189	0	-1.4974	1
2	1	3	2	0.9653	0.2368	1.4566	3	0.3525	1	0	2.3983	2	3	-0.2979	1	0	-0.0961	-0.7675	-2.1103	1.4993	1	0.9477	3	0.4742	-1.6253	1	-0.2476	-0.6730	1	1.2892	0	0	-0.9257	0	1	0.0005	0	-0.5688	1.2709	-0.0766	0.4991	2	-4.1028	1	1	0.1275	3	1.9695	3
2	1	3	2	0.0821	-0.5863	-0.1496	2	1.5274	0	3	-2.4538	2	3	-0.9104	0	0	0.3085	4.2921	5.8175	0.0074	1	-1.5505	0	-1.0368	-1.9123	1	3.4543	-3.2939	3	1.1889	0	2	-0.4136	2	1	1.6072	1	-2.9177	0.3391	-1.3348	4.6428	0	2.4852	3	1	0.3589	1	2.2239	0
3	3	1	3	1.0934	0.4038	0.3202	3	0.3424	1	1	4.0541	0	3	-1.2897	2	1	-1.7675	-2.8417	-3.5639	-0.3318	3	-0.0790	1	1.0122	-0.7571	0	1.2102	-1.5452	0	2.8463	1	0	-0.3001	0	3	2.3239	0	1.7313	-0.6393	-1.3249	3.0812	0	-5.4889	3	2	-1.2719	3	-2.2112	1
3	2	1	0	-0.8272	0.3036	0.4284	0	1.1511	1	1	-1.0938	2	3	-1.3679	0	0	1.0056	2.2585	-0.4142	-0.5841	3	-4.6379	1	2.4282	1.2551	2	1.6678	1.2643	1	0.4568	3	1	-0.7243	3	1	-0.0359	1	-1.9268	-0.1407	-1.0495	-0.0758	0	4.2309	1	0	-1.8989	1	2.3412	0
2	0	0	1	-0.3399	-0.9369	1.4770	2	-0.6544	2	1	0.9049	3	0	3.4066	1	0	0.5902	-0.5829	-0.2782	-1.0807	2	-3.7158	3	-0.5385	-1.0022	2	-1.0680	0.5090	0	-0.2158	0	1	-0.3236	2	1	1.1233	3	-1.2420	-0.4342	-1.2746	-0.6271	1	-3.5073	0	2	0.9391	0	0.4652	1
1	3	1	3	0.2726	-0.0367	1.4401	0	-0.3183	1	3	-0.5820	1	3	-0.0989	2	1	1.2700	1.0840	1.0519	0.5060	3	-0.2864	0	-0.5420	-0.9364	0	-1.8375	-0.7674	3	1.9784	3	2	-3.0685	0	2	-2.6430	3	-3.5579	0.4431	0.0068	-0.5519	1	3.2783	2	1	-0.4246	2	2.6117	0
0	3	0	3	-4.2653	-0.8348	1.0678	3	3.5651	2	3	1.7648	2	3	-0.7774	0	1	0.9183	-1.4166	-1.1789	2.5341	3	0.2323	1	-1.1223	0.4546	0	3.7851	-9.5745	3	2.2790	2	1	0.2918	3	2	-0.1609	1	2.6866	0.3000	-4.4345	14.1864	1	-3.8168	1	2	0.6363	1	5.5442	1
1	3	3	1	-1.4542	0.9819	1.6880	2	0.3875	1	0	2.5982	2	3	0.2542	3	3	0.8434	0.4590	2.7279	-1.1981	2	-2.3736	3	1.1315	0.5471	0	0.9830	-3.2974	3	1.8259	0	2	0.2615	2	2	0.0631	1	-3.5288	-0.2933	-5.4327	5.3338	1	-3.7398	0	0	-0.0172	1	-0.4606	1
1	1	0	2	-2.5648	-2.7607	-1.3122	1	-1.4998	3	1	2.1590	2	0	-2.7217	3	2	1.4210	-1.9116	-0.6107	2.1820	1	-1.3977	3	-0.5294	-0.2527	3	-2.4668	1.8007	1	-0.4595	2	1	-1.1899	3	1	-1.2911	0	1.5949	-2.0438	0.8911	-1.5862	1	0.1044	1	2	1.6046	3	1.3107	1
3	1	2	3	2.2455	0.9688	-2.8189	3	-0.6318	3	2	1.5559	2	2	1.6931	0	2	2.7597	-0.3094	0.6167	2.0689	3	-0.2912	2	1.4953	0.3407	3	-2.0264	3.1962	2	-3.8305	2	2	-2.1710	3	0	-0.0721	0	-1.4760	-0.9707	-0.0731	-7.4660	2	-0.0246	1	1	4.0944	2	2.2431	0
2	1	0	2	-0.7587	-0.2999	0.7263	0	0.7637	3	0	-0.7217	0	2	0.2457	2	3	1.8440	-0.3013	-0.4821	-0.4001	1	2.2928	2	1.3481	1.0798	1	-0.2591	2.2324	1	-1.4903	3	1	1.5894	2	1	-0.6951	2	3.8131	1.7779	-0.1509	-6.5128	2	-0.1261	1	3	-2.0071	3	-2.4193	1
1	0	1	2	0.7630	-2.4397	-0.2824	0	1.5698	0	1	0.1360	0	1	-2.4088	0	3	2.3234	-0.6658	-0.3833	1.0626	1	-1.0818	3	3.4604	-0.7447	1	1.0764	-0.5305	1	0.4886	3	1	-0.6676	1	1	2.3784	3	0.7889	-0.4986	-0.7653	-0.8993	0	-3.8086	1	1	-0.9076	3	0.9470	3
0	1	2	2	-0.6489	-1.0447	0.1950	3	-0.3891	2	0	0.3822	0	1	1.1656	3	3	0.5591	-0.2028	-1.1072	-0.2507	1	1.1372	3	0.8323	1.5028	0	-1.2569	2.4687	1	1.9095	2	2	-0.6655	3	0	2.0825	0	-0.4864	-1.5392	1.6377	-2.4146	1	1.2218	3	1	0.8674	2	-0.9321	1
1	0	3	3	0.0998	0.8209	2.3950	0	0.3428	2	3	-1.0229	3	3	-2.5143	0	1	-0.2224	1.6703	2.2768	1.7307	2	-0.5282	1	1.4522	-0.2966	2	0.7254	1.8305	0	-0.6150	1	3	-1.3456	0	3	-1.6747	0	-3.9792	-0.6682	-0.9099	-2.5274	3	0.3679	1	1	-2.1753	1	5.1493	3
3	0	3	3	-1.1687	-3.1417	-1.3286	3	1.4156	0	2	0.6780	2	0	-2.3163	3	3	0.3191	-1.3153	1.5379	-1.8410	1	-0.5988	3	-0.3586	1.0512	2	3.3220	2.1956	1	-1.4377	3	1	-0.3430	1	0	0.0360	1	1.6312	2.1301	3.0808	-2.3253	3	0.8192	0	2	2.4013	0	-4.5775	0
0	3	1	3	-0.5011	-0.0590	-0.4392	3	-2.0753	1	2	-0.0286	1	2	0.7997	2	2	1.5616	0.5420	2.1294	-0.8615	2	-0.6429	2	1.5302	0.5112	3	-3.2942	3.0403	1	-2.1789	1	3	-0.3990	2	3	0.9095	0	-1.1433	-1.6172	3.8050	-4.5231	0	0.6340	1	2	-1.9386	0	-1.4893	3
0	2	3	0	-0.1107	-2.0562	-0.4287	3	-0.3672	1	1	-1.0372	1	0	0.1366	3	3	-0.9058	0.7419	-1.2022	0.0816	0	-2.4239	0	0.8057	1.0267	2	-0.1019	2.7513	2	-0.5872	2	1	-1.0088	3	0	1.9589	3	2.4085	-0.2913	0.1942	-2.5844	3	1.8141	1	3	0.1317	1	-0.2410	3
3	1	1	0	-0.5827	-0.8181	-2.8168	1	-1.0905	3	1	-1.5782	3	1	-0.6402	3	2	-2.5142	2.1243	1.5595	1.3702	3	-3.2987	0	1.3869	-1.7841	1	-1.4798	1.0450	0	0.8313	1	3	1.2520	1	1	-0.6304	0	-1.7781	-0.7421	-0.5245	0.4955	1	0.2231	1	0	4.0258	2	2.2543	2
1	3	2	3	-0.2565	0.1552	0.5285	3	-0.0261	2	1	-0.7703	0	0	1.0821	1	3	0.1646	-0.5267	0.8144	-0.7638	3	4.1581	3	-1.4878	-1.9878	2	1.1644	0.0996	1	-0.1961	0	0	-1.4320	3	0	0.9414	3	-0.3736	0.9693	1.7284	-0.6988	1	1.6705	0	1	-0.4471	2	-6.4490	3
0	1	0	0	-0.4326	1.6716	1.0617	3	1.8487	2	3	2.3603	1	2	-3.3481	2	0	0.5264	-3.9998	-7.7660	1.3693	0	-2.4977	3	-1.3585	0.5498	3	0.2982	-3.8719	3	-3.6536	1	1	0.8691	2	3	1.6443	3	4.9324	-0.5459	-0.9159	1.2668	2	-3.7879	0	3	0.8215	1	1.7855	1
3	1	3	1	-1.4680	-2.4422	1.6241	0	1.1349	1	1	-1.5280	0	3	-2.7208	2	3	-2.7271	-0.0982	1.1863	-0.0411	2	1.3170	1	2.8793	0.3692	0	3.3691	0.9687	0	2.5486	2	0	-1.2107	3	1	0.3557	1	0.7771	-0.2769	-0.4788	0.3119	3	1.3105	1	3	-2.7248	0	-0.8219	3
3	1	3	3	0.9303	0.2864	-0.7246	2	-0.4900	3	2	-1.4137	2	3	1.0308	0	2	1.2542	4.3785	5.3141	-1.4517	3	-0.6377	3	0.4422	1.3599	0	-4.4720	-0.4646	1	-0.1002	1	2	-0.9780	1	1	-4.7714	2	-5.0948	1.4023	-0.1770	2.3044	0	1.8365	0	1	-0.1589	2	-2.3139	3
1	0	1	1	-0.2818	2.5395	0.9802	3	0.1629	1	3	1.3024	2	3	1.3029	3	1	-1.2531	-2.0698	-4.4146	0.2074	2	-1.8062	0	-0.0046	0.2029	1	3.4350	-2.0678	1	-4.5894	3	0	0.6654	2	1	1.5776	1	4.5429	-1.1660	-2.0925	-1.2858	0	-3.6363	2	0	3.0002	1	2.4728	1
3	0	2	1	0.5203	1.1737	1.5953	2	-3.3490	2	3	2.5804	2	2	-2.1047	1	2	-0.6246	-0.4053	-2.4700	1.6726	1	-0.1950	0	0.2342	-0.9726	3	-5.0091	3.4643	1	-1.9450	0	3	-0.6645	3	2	-3.0362	0	2.2682	-1.1617	2.7457	-6.0722	2	-1.1466	2	0	0.5455	0	6.8245	3
3	0	1	1	1.2395	-0.6940	-0.2152	1	0.3102	3	2	0.6508	2	2	-3.2082	2	0	0.7915	-2.3825	-1.8618	0.1514	2	-0.6708	2	-1.1587	0.4557	1	2.8928	-0.9648	2	-2.9623	2	1	0.0368	3	0	0.4664	2	-0.2729	0.4232	-1.4122	-0.1794	2	-0.8806	0	0	1.6467	1	-5.2360	1
2	2	2	0	-2.2926	-0.6258	-0.9982	3	-1.3538	1	0	-2.0215	2	1	1.6332	0	3	-1.5569	1.6672	1.9959	-0.9574	3	-0.3854	0	1.4443	-1.9139	1	-2.0470	3.6501	1	0.3835	1	0	1.1313	0	2	-1.0849	3	0.4448	-0.5456	2.2390	-4.7375	1	1.4219	3	3	-1.8847	0	1.1316	1
2	3	1	3	1.4217	1.3829	1.4116	2	-0.2220	1	1	1.5104	0	1	-0.7800	0	2	-0.3848	2.3398	3.5186	0.6008	2	-1.9926	1	0.0148	-1.4081	1	0.9784	2.6451	2	0.9863	2	3	1.0969	3	3	2.2939	1	-1.1067	0.4638	1.0768	-4.7620	0	-0.6616	2	2	-3.1140	0	0.4971	1
0	2	3	3	-0.6435	-0.6378	-0.5495	3	1.4972	3	1	-1.9446	1	2	0.2384	3	3	-2.8189	2.0185	0.5709	1.0174	3	0.2234	0	1.0035	-1.3306	0	2.4326	-0.9139	2	3.7078	3	0	1.4772	2	0	-0.1679	1	-1.3250	1.4596	-1.2670	2.9631	3	3.9495	1	2	-3.3621	1	1.0780	0
1	3	0	1	1.0516	-1.3019	-1.3280	3	-1.5555	3	1	-0.1889	1	3	-0.9875	3	0	-3.7775	3.3637	5.0547	1.6502	2	0.4217	0	-1.8725	-0.3818	0	-1.5323	-0.1695	0	1.2051	2	0	-0.0570	3	2	-2.1254	3	-5.1352	0.7633	-1.0768	2.6619	0	0.2219	2	0	-3.5556	3	5.1905	2
2	3	1	3	0.7862	0.1587	0.4374	3	0.1705	0	1	1.7999	1	3	1.3543	3	3	1.0293	2.4427	2.8076	2.0225	2	1.7938	2	0.5023	-1.1038	2	0.7984	2.0704	1	-3.5672	3	2	1.0759	3	1	0.7549	1	-3.8650	0.8960	-1.7955	-7.3428	2	-1.5527	1	0	-1.9661	1	0.5730	1
0	2	1	3	1.6887	0.9866	-0.1056	0	1.4483	2	2	1.1368	3	3	3.0942	3	2	0.3190	-1.5895	-0.2507	-0.4828	3	-0.8849	3	-1.4995	-1.2994	0	1.8167	-1.5810	3	-0.4150	0	0	-0.2219	2	1	3.1138	0	-1.4922	-0.1160	-0.4508	2.4103	0	-2.3491	0	1	1.8974	2	-4.0077	3
1	1	2	3	0.6405	-0.0865	-0.3763	3	0.6582	2	2	0.2222	1	1	-2.7654	3	0	-2.0605	-0.2722	-1.0322	0.5905	1	1.9644	0	-1.0188	1.9692	1	0.4377	1.6111	1	0.4533	0	0	-2.3009	3	1	-1.9502	1	0.4593	1.4630	0.8782	-5.7916	1	0.3439	2	2	2.9438	3	-2.1471	3
1	3	3	3	-1.1347	-1.1447	4.1503	2	0.1798	1	3	1.0288	0	1	1.6900	3	3	-1.6765	1.3039	2.7743	-0.1484	0	-1.1705	0	-2.1554	0.6393	1	0.0946	0.7386	1	1.2172	2	3	-0.7569	3	0	-1.4625	3	-3.2460	-0.1068	-1.3910	0.5939	3	-0.5511	0	1	-4.6755	1	2.6010	3
1	0	3	1	-1.9683	-1.1849	2.6212	0	0.6067	2	1	-0.6060	2	3	1.5678	0	1	2.0071	0.5281	1.6549	0.3475	2	1.5474	2	-0.7455	1.0607	0	0.0164	-0.4465	2	3.8672	1	1	2.1812	2	2	3.2623	2	-4.6555	0.5830	1.2239	7.2034	1	2.2579	0	0	-1.3325	0	0.2284	2
0	0	1	0	1.7672	1.3375	1.9788	3	0.4832	1	2	-0.9100	3	3	2.4776	0	2	2.3719	1.0793	-0.3142	0.6739	0	0.0509	2	0.9707	-2.1128	3	0.4666	0.9174	0	-0.4230	0	1	-0.0743	2	3	1.2998	3	1.9751	-0.3581	-1.0699	-0.4463	0	-1.3116	1	3	-4.1678	1	-3.0801	0


