
X1	X2	X3	X4	X5	X6	X7	X8	X9	X10	X11	X12	X13	X14	X15	X16	X17	X18	X19	X20	X21	X22	X23	X24	X25	X26	X27	X28	X29	X30	X31	X32	X33	X34	X35	X36	X37	X38	X39	X40	X41	X42	X43	X44	X45	X46	X47	X48	X49	X50	X51	X52	X53	X54	X55	X56	X57	X58	X59	X60	X61	X62	X63	X64	X65	X66	X67	X68	X69	X70	X71	X72	X73	X74	X75	X76	X77	X78	X79	X80	X81	X82	X83	X84	X85	X86	X87	X88	X89	X90	X91	X92	X93	X94	X95	X96	X97	X98	X99	X100
0.4608	-0.2498	0.7094	-1.0403	-3.0144	2	0	-0.2797	0	0	-1.5307	3	0.8604	2	3	-2.5087	-1.5410	2	0	1	1	3	0	3	0	0.5356	0	3	1	0	3	-4.2979	-2.6987	-2.1370	1	1	0.0741	5.8866	3	2	-0.4016	2	-0.1222	-0.4129	1.6322	1	-0.6600	1	-6.8897	-2.6031	-2.5425	0	-6.4373	2	-3.1837	-0.3349	2.1443	1.0394	4.2761	0	2	-9.8070	1	3.1581	2	-12.6552	3	2	2	0.0139	0.9264	-3.2663	-14.3791	-0.9430	-0.2307	4.2921	14.1725	0	0	3.6153	-0.8827	8.0110	0.5359	0	0.0342	2	-1.2267	3	1	3	0	0	-1.3747	2	2	23.3571	2	0	0	1.3493
2.4812	-0.1974	-0.2409	-2.3873	-0.2882	3	0	-1.6312	1	2	0.2802	0	-0.1651	2	3	0.9407	-0.5856	0	3	2	3	3	2	1	2	0.6275	2	1	0	0	0	2.1875	-0.4198	-3.1136	3	0	0.6356	2.2928	0	1	3.1069	1	-1.3421	3.5447	0.6124	1	0.2799	2	-0.2040	0.9190	-4.2482	1	-0.1536	1	0.8541	3.5701	-2.9639	-1.3422	-1.0308	2	0	-1.8711	3	-0.1585	3	-0.6084	0	3	3	-0.6721	4.3989	-0.6343	-3.8696	-0.3579	-1.5519	-2.8160	3.4686	3	1	-0.3815	-0.0509	2.4210	-1.7492	2	-1.1913	3	-6.2454	2	3	0	2	0	1.3982	0	1	1.9927	1	0	0	-0.8666
1.7547	2.5899	1.4423	-0.6649	0.1168	1	0	1.4147	0	0	0.0142	3	-0.1621	1	2	3.0116	-2.8134	0	1	3	2	0	1	1	2	1.3288	3	2	1	3	3	-2.2691	-0.7360	-1.0736	0	0	-2.6270	-1.3706	0	0	-3.7762	0	1.5324	3.3023	-3.2684	1	-1.7460	1	3.9249	-0.7000	-2.6838	2	2.1439	2	1.0065	-4.2161	-1.5750	-4.8460	-1.1432	0	2	2.3809	0	3.1073	2	-1.4961	0	2	3	-0.5839	-4.6781	2.5951	4.1258	0.8447	-0.8721	1.0871	-2.8641	0	2	-3.2960	-0.5886	2.0387	7.6334	1	1.8308	0	1.8578	2	1	3	3	2	-0.2471	1	0	-6.9420	3	2	1	-2.7801
1.1884	0.0889	-0.2426	-2.0521	-0.1239	0	0	-0.9271	1	1	1.8014	1	-0.0536	1	2	0.8119	1.5188	1	1	3	3	0	1	2	0	0.4012	0	1	2	1	0	0.0674	1.6538	-0.2733	1	0	-1.5035	-5.7664	1	2	-0.6978	2	-0.8124	-2.5082	-0.3165	1	1.1222	1	-1.1039	2.0501	0.8166	0	-2.3124	3	-1.4307	-1.1331	-1.0697	-1.7968	0.4092	2	0	-1.6953	1	1.1414	0	-1.3796	3	2	3	-0.6259	4.5942	1.8674	-1.5026	0.2192	0.0585	-1.4710	4.1508	1	0	-2.7884	-0.0984	6.6918	4.7617	1	3.9592	2	5.5135	0	0	1	3	2	-0.1626	2	1	6.6316	3	0	0	-0.9431
0.0541	1.5756	0.7625	-3.3511	1.6686	1	0	0.3257	0	2	-0.7031	3	2.9268	0	1	-0.8985	-1.1753	1	0	3	2	3	3	2	2	1.1514	3	3	1	3	1	1.5388	-1.8504	0.0507	0	2	1.8741	3.1038	1	1	-1.2564	0	2.0965	-0.3576	-3.3750	0	-2.8633	1	-4.4831	-1.4888	1.5022	1	-5.8035	2	-0.3909	1.4712	-1.0717	0.2276	-6.3582	0	3	-8.2477	1	1.6784	3	-9.8946	2	0	3	0.9771	0.0110	4.1556	-4.5305	1.7037	4.6279	-2.2160	10.6332	3	3	-2.1806	-2.1488	13.0689	-0.3707	0	-0.0483	2	2.6714	2	2	3	3	3	-0.9954	2	2	13.8082	1	0	3	0.8794
-1.1756	2.7575	1.5731	-1.4161	-2.2041	1	1	-0.1458	3	2	-1.5889	3	-2.0297	3	2	0.7675	0.3411	3	1	0	0	0	3	0	0	-0.7599	3	2	0	0	0	0.8583	2.7307	1.8473	1	3	1.3783	-1.1988	2	0	-0.9609	1	0.5473	1.0839	2.6532	1	-1.0609	1	3.2128	1.4197	-0.7154	3	2.1753	1	0.4861	1.7225	0.8747	-5.6506	5.1229	3	2	1.1736	1	-4.4495	1	3.3452	0	0	3	0.8575	5.7185	-3.2229	7.7227	0.5113	-2.6231	1.8680	-3.3516	2	1	0.8544	-1.3882	-3.8076	-1.0553	3	-2.2883	2	6.3295	0	0	1	3	2	-0.2663	0	1	-11.3185	3	2	1	-2.4686
1.7520	-3.4232	0.1971	0.5927	-0.4812	2	1	-0.6464	2	0	0.2687	1	-1.5215	1	1	0.2574	-2.3448	1	1	1	2	3	3	1	2	-0.3974	2	1	2	0	3	-2.2581	-2.6197	-1.3079	1	1	-1.1741	-1.5427	0	1	-0.7144	2	-2.0469	-2.3839	-1.0051	3	2.3974	2	2.1680	0.2074	0.5518	1	4.2452	1	-0.2223	-2.1045	1.7041	5.4583	-5.4894	0	1	6.4253	0	0.4719	2	-2.5682	3	2	1	1.5231	-5.7757	1.1340	2.6075	-2.7325	2.1151	-0.3495	-8.4264	1	1	1.8983	3.8567	-11.3893	7.0816	3	1.1697	0	-0.3143	2	1	2	0	3	-2.0326	3	2	-4.8674	1	2	1	-0.9582
-1.3656	3.0991	1.2164	0.3364	-0.8812	1	0	-3.5279	2	1	0.7976	2	-0.1470	3	1	-0.3718	-0.0724	3	0	0	2	3	0	0	2	1.8060	3	1	3	0	3	-0.5416	1.5720	1.2216	0	3	-0.8950	-1.5770	3	2	-1.8714	0	-0.1419	0.5910	-1.6910	1	-1.0453	1	-3.4839	-0.0432	2.9531	0	-6.3754	1	1.9705	0.5314	-0.5829	-4.1500	0.0551	1	1	-7.9973	2	-2.7213	1	-9.1401	3	3	0	1.6625	9.7580	-1.4241	-1.7907	0.6469	3.3163	-0.2862	8.4228	2	2	-1.8698	0.9375	17.3731	3.4103	0	-3.1397	2	6.4156	1	0	1	3	2	0.5552	0	1	9.8237	0	3	0	0.9841
-0.7632	-1.7047	1.4083	0.8233	0.5292	2	2	2.0757	2	0	-0.2628	0	-0.4667	1	3	-0.0609	-0.8975	3	0	1	1	1	3	3	1	1.2515	0	1	1	1	2	-2.5579	0.4951	2.4891	0	2	-2.9027	-10.6182	2	3	-1.2870	3	2.0331	1.7685	-0.3711	0	-2.7385	2	-4.8888	2.2204	3.1054	2	-6.3253	1	-1.2723	-1.0273	1.9463	0.8062	0.9163	1	1	-9.0248	3	2.2627	1	-10.7028	2	0	1	-0.2247	-1.3238	1.2728	-3.3459	-3.5410	1.2765	2.4764	13.0707	2	2	-1.7838	-1.0313	15.7459	8.5595	0	4.9043	2	-4.7623	3	3	0	0	0	-1.5588	2	3	12.7801	2	0	2	1.1634
-1.2627	1.9627	0.5223	4.4744	-0.0414	3	2	0.2454	3	1	0.2037	3	-1.2898	2	0	1.6780	-0.8596	1	0	2	1	3	1	0	2	1.2277	3	1	3	0	0	-3.4834	1.2276	-1.0092	1	3	-1.4801	6.6474	2	1	2.1345	0	0.9535	0.9295	-2.4834	3	-1.0067	0	-0.0477	1.6465	0.7843	2	-0.4417	3	1.5726	0.4614	-0.2329	-0.7607	-0.7409	2	2	1.0282	0	0.6420	1	3.8754	1	1	3	0.6051	3.7546	3.3403	2.5506	0.4080	5.4583	1.5674	-1.4631	0	0	-3.6137	-2.5470	2.4074	3.1493	2	-1.6956	1	2.3620	2	3	1	3	2	-1.3795	3	1	0.7086	2	0	2	0.1991
-1.4283	-1.1168	-0.5171	-1.5342	-1.6404	0	1	1.2494	3	3	-0.9058	2	-0.0008	3	3	-1.0622	1.1650	2	0	1	0	0	0	3	1	-1.6971	2	1	2	0	2	-1.4829	3.1891	2.5409	2	3	1.2969	-0.3883	2	1	-0.0965	1	0.6156	2.2484	1.2273	1	-1.7717	3	-1.6752	-3.0346	2.3301	0	-0.7302	1	1.4353	1.1271	0.5944	1.0344	0.9724	1	2	-0.2437	3	-4.6507	0	-1.2334	0	1	2	-1.5758	-2.0645	-4.5932	-2.0069	-0.7506	-0.9322	0.3359	0.0369	2	1	0.6673	-1.8501	-2.2692	-5.1601	0	-3.0028	1	-5.5572	1	1	2	0	2	-0.6876	3	1	2.0458	3	3	1	0.2294
-0.7052	0.1539	-3.8853	0.5706	0.0003	3	0	-0.2214	0	3	0.7902	3	1.6986	3	3	-3.6897	1.7371	1	3	0	3	2	3	1	1	-0.5398	0	1	3	2	2	5.0406	-2.1317	1.2492	3	2	-1.4321	-3.4749	3	3	-2.1421	3	0.4645	-1.7422	1.0496	1	-0.4727	2	-3.7542	1.6060	1.2067	2	-4.1363	0	0.1428	0.5122	-2.6932	-2.4695	-2.1294	1	1	-6.2784	3	-2.0244	0	-3.9777	3	0	3	0.4655	10.4278	-0.2917	-4.0178	-0.9838	-8.3624	-3.3787	8.2638	2	2	5.1668	-0.6333	-0.7995	-3.2351	0	0.6735	1	-0.3390	3	3	1	2	0	1.1264	0	0	9.0165	1	0	1	1.3628
0.4357	3.2723	-1.6919	-2.7503	0.5254	3	2	0.0083	3	2	0.5936	0	0.5510	1	2	0.5604	-0.9438	0	0	0	1	1	1	3	2	1.3369	0	1	0	3	3	-1.8677	1.4156	1.1815	1	3	-0.4266	0.3269	2	2	1.3902	3	0.0134	1.8716	2.9710	0	-0.3022	1	-0.4483	-0.8379	1.7814	1	0.4010	3	-0.0139	-0.0723	1.1625	-4.9555	5.2489	0	1	-1.5859	3	0.0845	0	-1.7656	0	3	3	1.4824	3.5335	-2.0392	-2.2405	0.9133	-3.5587	3.5728	1.8127	2	1	-2.0551	0.5621	5.0496	-1.1274	0	0.2597	3	2.6390	0	1	1	3	2	-0.2481	0	1	-0.3613	3	1	2	0.0862
-1.1779	0.7984	1.0062	0.6988	-0.7463	0	2	-1.5308	2	1	2.0859	3	0.0953	0	1	2.0567	-0.3228	3	1	3	3	1	3	2	3	-0.9427	0	3	3	0	0	0.7183	1.2774	2.1468	3	2	-0.1511	-2.6713	3	1	1.5820	1	-0.1595	-0.8647	0.6853	3	-0.8115	1	2.0748	0.0537	-2.8285	0	3.4486	1	0.6715	-2.5706	-1.1705	-0.2384	0.7534	3	1	5.6017	3	0.9292	0	7.5439	3	2	2	-1.1092	-3.3695	-1.1273	1.6765	-0.2047	1.4510	-0.9586	-11.0098	2	3	0.6822	0.9504	-8.0181	2.3012	3	0.2723	1	2.2699	2	0	1	3	2	-2.1712	2	3	-5.8687	3	2	0	2.8493
-0.5357	0.5505	-2.2590	-0.5850	-1.1016	0	2	-2.4382	0	0	1.4387	2	0.7990	1	1	-0.6045	0.4998	0	0	3	1	2	1	2	1	0.7634	0	3	0	2	1	4.1009	0.2847	-2.0054	1	3	-1.2676	1.3147	1	3	0.5037	0	0.4271	0.5924	3.9107	2	-1.4782	1	-3.5694	0.4018	-0.3143	3	-6.6576	0	0.6451	1.0649	-2.5989	0.1069	4.1862	1	3	-7.3337	2	-1.2316	2	-12.2612	3	3	3	0.7327	0.8259	-5.5494	-8.8979	0.4697	-9.5200	-5.1940	11.2565	0	0	7.1735	1.4469	3.2314	-1.7488	0	-0.5748	1	-0.5259	1	2	3	2	0	0.1724	0	3	16.5163	2	0	1	-0.7552
-0.4394	-1.8766	1.1934	0.6623	0.1024	2	1	0.7691	0	2	-2.1398	3	1.3283	3	2	-1.1242	0.8245	3	0	2	2	1	1	3	0	-0.7598	2	2	0	0	2	0.6251	0.7670	-0.4737	1	3	5.5848	-0.1808	0	1	3.2147	0	-1.3122	-1.1784	2.2705	0	2.7300	2	0.9430	-4.0268	-0.0797	1	3.1469	1	0.7540	-1.1762	1.6516	1.7668	-0.2070	3	0	3.7632	2	1.0050	3	5.1877	3	1	3	0.6726	-5.3941	-0.7458	-2.0775	0.6483	-0.6751	2.9335	-5.3338	0	0	1.0096	-1.2797	-9.7832	-6.0890	3	-2.3725	2	2.6175	1	1	3	1	1	1.7751	0	2	-3.2763	3	2	0	0.8764
0.2157	0.2154	-0.0748	2.0204	-1.5318	3	2	2.9354	1	2	-0.6621	2	3.4508	3	3	-1.0339	-0.6605	1	3	2	0	3	0	3	2	2.5337	0	2	2	0	1	-5.3646	1.6753	-0.6350	0	1	-1.2307	0.5517	3	0	-2.6331	1	2.0461	1.6195	1.1830	3	-3.4470	3	-3.8192	0.8789	-0.1536	1	-5.8790	0	0.3565	0.7834	-1.1793	1.1313	-0.0007	1	1	-10.4752	2	1.0492	2	-6.4241	1	0	0	-0.4413	4.4600	-3.4460	-4.9879	0.5397	-0.1234	-2.5984	12.4144	0	1	3.4713	1.1783	13.0601	-1.7810	0	-3.6223	0	-1.8605	1	1	0	0	0	0.4663	1	1	13.9576	0	0	3	-0.9769
0.5444	0.6095	-0.0729	1.8168	-1.1321	1	2	-1.0371	0	2	1.4450	1	1.1241	1	0	2.7339	2.0575	1	0	2	0	2	0	0	1	0.7778	0	0	1	2	3	0.6095	-1.1183	-0.6060	1	1	-0.1640	-1.4366	3	2	0.5906	2	-0.8035	1.4379	2.2617	3	0.1155	1	1.4887	1.7314	-0.8148	0	7.4567	0	-2.1819	-1.7780	1.7574	-0.1985	2.3020	0	0	10.6648	3	1.5103	3	13.0788	0	2	0	0.3098	0.4317	-3.0464	2.6497	1.1184	-5.3204	2.6548	-11.9232	3	2	-6.0843	-0.0041	-7.3879	-0.6639	3	1.0040	3	-1.9007	2	0	0	1	1	1.4855	2	0	-15.6067	3	2	1	-0.5184
2.1424	-0.8649	-2.3132	1.8874	0.2769	1	0	-1.5985	1	1	1.5958	2	-1.4807	2	2	-3.7453	1.8071	2	2	1	2	2	2	3	0	0.0636	3	1	3	3	1	2.6256	2.7191	-1.2351	3	0	-1.6055	-3.7715	1	2	1.3519	0	0.4269	0.7818	0.4276	2	-0.7449	3	-6.5274	-0.7390	-0.3332	3	-5.3396	0	0.7227	2.8835	3.1539	-1.4749	-1.1155	1	0	-7.8966	0	-1.6983	3	-5.9655	0	3	0	-0.7891	9.0059	-0.4977	-9.5845	0.7079	-2.2470	3.5070	9.2291	3	0	3.1982	0.0219	7.4473	-1.7223	0	-0.7840	0	-4.9675	3	2	0	0	0	-2.3142	3	1	17.0727	2	0	3	3.4388
0.0008	0.9427	-2.2968	1.1301	0.2913	3	3	4.1903	0	0	-0.0158	3	0.5053	1	2	1.1518	-2.7911	2	1	3	1	1	3	2	3	1.4306	0	2	2	3	0	-2.6919	0.9831	-2.3803	0	2	0.6200	2.9435	0	0	-0.4449	1	3.0818	-0.2144	-2.0439	1	-4.7094	0	0.7742	-1.0076	-1.9579	0	1.7574	0	0.8906	0.0220	-1.3678	-0.6188	-3.6958	1	2	2.5578	0	1.7392	3	-2.5978	1	0	3	-0.8162	-8.6129	1.5769	-0.9318	-1.2753	-0.4660	-1.6142	-3.6251	0	0	0.6581	1.4871	-5.8311	-3.7535	3	-0.6688	0	0.2754	1	0	3	1	0	0.1171	2	1	-0.0843	3	1	3	0.7148
1.4409	0.8564	0.5222	0.4491	1.0616	1	1	0.0676	2	2	-1.0645	3	1.5285	0	1	-4.2200	-1.7266	3	3	2	1	1	0	3	2	-0.9167	0	1	1	0	0	-2.7821	2.5244	3.2993	1	1	-1.0733	-2.8742	3	3	0.9053	0	0.4696	-1.7858	2.3546	1	-1.3839	3	-4.6010	-2.6096	-3.3855	2	-5.1114	3	-0.1243	0.0239	3.8133	-0.3463	4.1269	0	1	-5.3907	3	-2.3011	1	-9.5569	3	1	2	0.4800	5.7025	-1.4704	-11.8395	-0.7321	-9.2847	4.0767	5.1346	2	2	4.1873	1.8981	2.6209	2.4262	0	-0.0529	1	7.6545	3	1	1	3	0	-0.4780	1	1	19.2751	2	3	2	-0.4343
0.6534	-2.9991	2.1360	-0.4652	0.1318	2	1	2.8139	0	2	-0.4249	1	0.5833	0	2	-1.3119	-1.6559	0	3	1	0	2	0	3	2	-0.5752	3	0	0	1	3	1.5773	1.3130	-0.6814	3	3	1.4127	-1.3245	2	1	-1.9015	2	-1.2998	-2.1276	-0.9109	3	2.0161	3	0.8272	-0.7051	0.6361	3	1.4206	3	-0.9495	-1.4631	3.2144	4.2544	-1.9075	2	0	4.3461	2	3.9949	2	0.1126	0	0	2	-0.5290	-4.6419	2.7652	0.2987	-0.6054	1.6255	3.8374	-5.9657	2	0	1.4897	-1.5128	-11.2244	-0.5538	3	0.5852	2	2.5692	2	2	3	3	2	-0.8606	2	2	-0.7756	3	1	2	-0.3857
-1.7053	0.1157	-1.8801	0.0364	-0.0851	1	1	-0.5193	2	1	-0.9111	1	-0.3886	0	3	0.3192	0.1072	1	3	0	0	3	2	2	2	0.4917	1	2	3	2	2	0.9841	3.3047	2.9214	3	0	0.7866	-3.6657	1	0	0.5232	0	-1.6341	-1.2390	2.4055	2	4.1599	1	-0.8905	-2.6777	4.2959	3	-2.1637	0	-0.0113	0.5407	-0.5064	2.2620	0.9409	3	3	-1.3170	3	-1.6117	0	-4.1469	3	3	2	0.8312	0.6983	-1.8905	0.7061	0.7303	-4.1191	2.8391	0.4795	2	0	0.9819	-1.4366	-2.3823	-5.0870	0	1.9025	1	0.2352	3	2	3	3	2	0.8771	3	1	2.9587	0	0	1	-0.0566
0.5090	1.1703	-0.0998	0.0448	0.1484	3	3	-2.5512	1	1	-1.6087	0	-0.1677	3	3	-0.8657	1.6016	2	2	0	0	0	2	3	1	0.2538	0	2	1	2	3	1.7326	-0.5771	-0.1605	2	0	-0.1885	-0.7286	3	2	0.4789	3	-0.5686	2.5251	-0.4855	1	0.9569	1	-4.1591	-1.7744	-0.8209	1	-5.8067	1	-0.0517	-0.2667	3.0296	1.4594	1.4840	2	3	-8.0491	2	3.0984	3	-7.0132	3	3	1	-0.7682	2.3025	1.5684	-5.1970	-1.8587	0.3145	5.9317	8.2925	3	0	-2.9190	-0.9082	14.8143	-2.7597	0	-3.6541	2	-2.0499	1	2	3	1	0	1.8404	2	2	15.3062	0	3	3	0.8849
1.3506	2.7967	-0.4591	3.3274	1.7171	1	1	-0.0883	2	1	1.2515	3	-0.3903	1	2	-0.3994	-0.8810	1	2	0	1	3	2	3	3	1.7774	2	2	2	1	3	-0.7894	3.3895	1.6829	3	0	0.1500	-1.8139	0	3	0.3542	3	-1.0933	-0.7147	-4.9072	3	1.0903	1	-0.3496	-0.0717	-1.9651	3	-1.8363	3	2.5581	0.3915	0.6114	-2.8231	-1.2949	2	0	-1.0290	1	-0.7156	1	-5.7831	3	3	2	-0.1104	5.8045	6.8041	-0.5089	0.0849	4.5661	0.1779	0.6563	2	2	-0.0968	-2.2606	-1.3717	-0.6073	2	-0.3724	0	8.4670	1	2	1	3	2	0.0372	3	1	5.3726	3	0	2	1.3210
-0.2719	3.2154	0.0128	-3.1699	-0.4700	3	2	1.6036	2	2	-3.0390	2	0.7374	1	3	1.9596	-1.4720	1	1	0	0	0	2	2	3	1.2323	2	1	2	2	2	-3.9137	0.2476	-1.0248	3	0	0.9450	0.8739	3	3	1.2316	3	0.8758	0.5123	1.6540	0	-3.2687	1	3.0617	-3.5575	-0.5136	2	2.9710	3	0.0116	0.3120	0.5318	-5.7682	1.3298	1	1	1.7406	0	-3.7224	2	2.7917	1	0	0	-2.6239	-7.8259	-3.2588	5.4253	0.3670	-0.8977	0.6515	-3.8070	1	1	-0.3455	2.1063	-2.0682	-1.0986	3	1.7847	3	4.1167	2	1	3	3	1	1.8573	3	0	-9.7881	0	2	1	-2.5945
0.3469	2.6338	-1.3931	-3.9809	0.4924	3	2	-0.2535	3	0	-0.1375	1	-0.8769	0	0	0.2290	-0.2428	2	2	3	0	0	1	3	2	-0.1111	0	1	3	2	2	1.8194	2.0160	3.0465	2	3	1.3618	-0.9918	2	2	2.1756	0	-1.0825	-0.1562	2.8899	2	1.8162	1	-2.6927	-1.9119	1.1777	0	-3.9402	0	-1.7581	-1.4416	1.2937	-0.9860	2.6978	3	2	-3.4124	3	-1.5712	0	-5.9174	0	3	2	0.4908	1.5924	-2.2643	-2.7152	-1.3089	-2.3130	-0.0897	5.1771	2	3	0.5274	1.7029	4.8066	-1.6022	0	-2.2728	1	2.7143	1	2	3	3	2	-1.3077	3	3	9.0105	3	0	2	-2.9887
1.0642	-1.3721	1.7290	-2.5861	-0.1280	2	1	2.6922	0	1	0.3349	1	1.8159	1	1	-2.4553	1.4708	0	2	0	3	1	3	3	1	2.2872	0	3	2	0	3	2.8805	-1.8700	-1.1474	0	2	0.1382	0.7111	1	0	-2.2780	1	1.0031	0.6938	-0.9064	2	-4.4922	0	-5.1446	0.6627	-2.9062	3	-4.2009	2	0.0629	0.3008	3.8398	-1.8305	-3.3083	1	1	-4.2185	1	1.1418	3	-2.2763	1	1	3	-0.3359	0.5039	1.3415	-9.4871	-0.9510	1.1529	3.4712	4.3399	0	2	4.6608	-0.5605	-1.6691	0.1707	2	-1.3878	2	-4.0648	3	2	0	2	0	0.1924	0	0	15.9892	0	0	0	0.2886
1.1352	-1.4099	1.8026	2.1214	0.9872	0	3	2.3389	3	3	1.1413	2	-1.5362	3	1	-0.9170	3.2216	1	2	1	0	1	0	3	0	1.8292	2	1	3	1	3	0.9200	2.4376	-0.4356	2	1	-2.6739	1.6345	2	2	-1.6783	2	1.2251	3.0364	0.9706	3	-0.9895	3	-6.4025	1.2131	-0.9800	1	-8.1074	1	-0.9545	-1.0140	0.4761	4.1965	0.2181	2	2	-10.9598	0	2.4914	3	-7.4320	0	0	2	-0.6847	-2.0534	-2.4891	-11.2984	0.0083	1.4904	-1.3940	14.7058	0	1	1.8750	0.8584	15.8013	7.8185	0	-1.0882	0	-2.1723	1	3	0	2	0	-1.0183	2	3	23.3561	0	3	0	0.2441
0.4816	0.5514	-0.5792	-0.3845	0.2983	3	2	-0.5295	0	3	0.0246	0	1.7237	2	0	2.9245	0.5540	0	0	1	0	1	3	2	0	-2.9401	0	2	2	2	2	1.1881	0.9612	-2.8131	0	2	-3.4133	4.0941	0	0	-0.8135	2	0.0013	-1.0195	1.3808	0	0.0533	1	3.7821	1.1611	1.2135	3	4.9398	3	-0.4843	-1.0787	0.2081	-0.7396	0.9259	2	2	8.9494	1	-0.9929	2	7.1364	1	2	1	-1.0135	-1.9506	-1.9133	4.4886	-0.6055	-3.0723	1.0562	-10.1788	3	3	-3.7188	-1.1725	-8.8095	3.6362	3	0.6561	3	4.0300	3	3	1	3	1	0.0549	3	3	-11.4218	1	2	1	0.9080
-3.2333	1.6235	0.0804	-2.7694	-2.2574	3	3	-0.6549	3	2	2.0569	2	0.8142	3	3	0.8500	0.2750	1	1	0	2	0	1	0	3	0.4774	1	2	0	0	0	-3.0880	4.4931	1.1874	1	3	0.5708	-0.3704	3	2	-1.0700	1	-0.2319	-2.2829	4.7816	2	0.3254	1	2.6644	1.1301	2.3508	0	-1.0887	3	2.0880	0.5471	-0.2244	-2.4590	8.6882	3	1	-0.5961	0	1.5849	1	-3.9696	1	3	3	-0.6079	2.1854	-5.8355	5.4170	1.4228	-4.1492	-0.8443	0.6792	2	3	-1.3496	-0.8376	1.2827	2.1733	0	-0.8529	1	5.4579	1	0	1	3	2	1.8814	1	1	-6.3697	0	3	0	-1.9989
-2.2396	-2.3263	-0.6462	-1.0002	0.1908	2	2	-3.6197	0	3	4.0297	0	0.9932	1	1	-4.0405	1.3589	2	0	1	2	1	3	3	1	0.2093	3	0	3	2	0	0.7999	-0.5208	-2.2122	1	2	-1.7887	6.6744	2	3	0.6499	0	-3.1573	-0.7878	-0.1575	0	5.1088	2	-3.9085	5.1169	3.0456	2	-5.3971	1	-0.4815	2.8307	1.7125	2.2623	-0.2025	3	2	-7.9429	0	1.6353	2	-5.1138	3	3	1	0.8001	12.3953	0.0277	-0.7705	-0.4846	0.2563	1.7764	11.9677	0	2	3.1417	2.6379	9.6657	3.1439	0	0.2349	3	-1.3570	2	3	1	2	3	-0.1413	1	3	5.9936	1	0	1	-0.1068
-2.3945	-2.1368	-0.2983	-0.3516	0.1664	2	0	-0.3689	2	2	-1.0738	3	-1.4242	2	3	-0.2808	-0.2500	1	0	1	2	2	3	0	0	-2.2315	1	3	0	1	2	-1.8718	2.7504	-0.3450	3	2	-2.9662	-0.1360	3	1	-1.9456	1	-0.2008	-0.1748	-0.0079	1	2.0311	0	-0.7276	1.0467	2.3409	1	1.0451	1	-3.6756	-3.0285	-0.8152	5.9227	-0.2258	3	1	2.6905	3	4.3665	0	3.6380	2	2	0	0.8389	0.3104	0.3389	-1.7670	-0.6962	4.4105	-1.5984	-6.3114	3	3	2.0723	-2.0017	-7.1367	4.2926	3	-1.3007	2	-2.0714	3	3	0	2	2	-1.9909	1	3	-1.1743	3	1	1	-1.8572
5.0270	2.3361	1.0945	-2.2502	-2.3105	3	2	-2.2687	0	3	-0.2008	0	1.2217	2	2	1.4140	1.3271	1	3	3	0	3	2	2	1	-0.7179	1	1	3	0	0	2.6302	1.7926	-3.9109	1	0	1.3051	-1.8350	1	3	0.0443	3	-0.0195	-2.1691	2.7045	1	-1.9466	1	2.5383	1.3996	-3.6063	3	6.7432	2	0.9595	1.7383	-0.4817	0.8420	4.1037	2	3	6.7467	2	-1.0214	2	13.5908	0	3	1	-2.5152	5.7817	-3.8142	0.7517	-0.9742	-9.3251	-1.0383	-6.3245	0	0	-1.3452	1.5612	-5.8699	-1.9378	3	-0.0183	1	9.7193	2	2	1	3	3	-0.5519	0	3	-10.3423	3	2	0	-0.8505
-1.3074	2.7554	0.7717	-1.8512	1.8811	1	1	5.2809	1	2	0.4304	0	1.0137	3	0	-1.8646	1.2802	0	0	0	2	2	2	3	2	1.5491	3	2	2	2	2	3.1688	1.3785	1.4557	3	0	2.9438	-0.2410	1	1	0.0682	2	4.6731	3.3346	3.7228	0	-7.5115	0	-0.7408	0.8388	2.1519	1	-4.4875	2	-0.0432	3.2144	1.0760	-4.6887	4.8179	1	3	-5.7662	3	-1.6114	0	-8.6972	0	0	1	1.6258	1.2888	-0.8953	-0.0898	3.2113	-3.3995	2.4150	6.5423	2	2	0.3419	0.1087	6.1270	-4.7919	0	0.4689	0	0.1133	3	1	2	2	2	1.1099	3	0	6.1032	3	0	3	0.7622
1.0260	0.2599	1.4298	-1.7170	3.3675	1	1	-1.4268	0	3	-0.9858	0	1.2951	1	1	1.3565	-1.3656	1	3	3	2	2	3	2	1	-0.4771	0	3	1	0	0	-0.0433	-0.7992	-2.9742	2	3	0.7246	6.4931	1	1	-1.3713	3	-0.0431	-0.4866	-2.7328	0	2.1393	1	1.0524	-2.1807	-0.1327	1	-1.1446	2	1.2148	1.5813	-0.8088	-0.3522	-0.3627	2	2	-2.0507	0	-1.1378	2	-5.6338	0	1	1	0.8600	-3.3522	5.5111	1.2841	0.8271	2.9676	1.9771	3.2977	0	1	-3.3668	-1.3738	4.8244	0.1180	0	0.9898	3	5.7155	2	2	1	3	1	-0.7497	3	2	0.2653	3	0	1	-0.9103
0.2030	-1.1870	-0.4555	2.6152	0.3112	2	3	-0.9845	3	0	1.4639	1	-2.9560	0	0	-1.0589	-1.4204	2	2	1	2	1	2	2	2	2.3978	0	1	0	2	2	1.1875	-1.5304	0.9525	1	0	-1.1898	-0.0250	1	3	-2.2475	2	0.6778	-1.3078	0.6050	3	-1.2792	2	-5.8108	1.0469	-3.5503	2	-8.1822	0	2.7096	-1.4230	0.9958	0.8981	3.2907	1	0	-12.0797	1	2.3205	1	-14.3024	2	2	0	-3.3988	1.6806	0.3835	-9.9643	1.4579	-2.9770	1.1526	16.3455	2	0	3.9834	-0.7243	11.2968	1.0419	0	-0.2996	2	0.9259	1	3	3	2	0	-1.8692	1	2	19.0696	2	0	1	0.6877
-0.1915	2.8777	-1.2604	-2.2624	-3.3050	3	0	3.1281	1	2	1.6742	3	-0.1962	0	2	2.2519	2.3231	3	1	0	0	2	2	0	1	1.1871	0	0	0	1	3	1.9854	-2.3900	-0.1500	3	3	0.7673	0.2220	1	3	-0.8954	0	3.3258	-0.1609	6.0243	3	-4.0026	0	1.3071	0.6408	2.0947	2	1.7401	3	-1.9715	0.1413	-0.3082	-4.8054	4.8096	1	3	2.3876	1	-2.0061	0	5.8268	1	1	3	0.6140	-2.9967	-6.8057	5.9755	0.1449	-9.9364	0.2523	-4.0768	3	0	-1.9820	0.9371	2.2123	-4.6576	3	1.2899	3	-0.1432	3	3	1	2	3	-1.4027	0	0	-11.1185	3	2	3	2.5220
0.1500	-0.6070	0.9110	0.9280	-0.2341	0	1	-0.9504	2	2	0.3014	2	-3.1597	1	2	-0.4828	-0.5283	3	3	0	2	1	0	1	3	-0.5685	0	2	3	0	3	-0.8328	0.5797	0.1046	2	1	0.1034	1.3254	0	0	0.4154	0	0.6193	-2.2974	0.1542	3	-2.0645	1	-1.7480	-1.0802	0.8057	3	-2.3057	1	0.0135	2.4069	-1.7989	2.1439	0.1727	1	0	-2.0651	2	-0.3676	1	-4.8365	1	2	2	-1.2363	-3.7244	-0.0560	-2.9156	-1.1903	0.0239	0.3211	-0.6736	1	0	0.5247	-0.2826	0.9511	1.0871	3	0.6172	0	3.3578	3	2	1	3	0	1.5755	3	2	3.7650	2	0	0	0.9111
-0.3009	-0.8322	0.0620	2.1453	0.8687	0	2	-0.0176	2	0	-0.4207	2	-1.5345	1	3	0.4651	-0.8815	2	3	2	1	2	3	1	2	0.4421	0	1	3	1	0	1.0927	-0.7778	1.5410	0	3	-1.5890	-2.4873	2	1	2.8180	3	-0.2986	-1.4410	4.3747	3	-0.5978	2	0.8139	-3.2890	2.0172	0	1.9622	2	0.7319	0.5288	-2.8557	0.7592	1.7311	3	1	0.8773	3	0.7636	0	0.5364	3	3	0	-2.2799	-6.3292	-5.1559	7.6533	-1.5421	-3.3125	-2.4302	1.2866	3	3	1.2486	-0.9384	-2.2649	2.8515	0	0.0408	1	1.4406	3	2	3	3	2	-0.3742	1	3	-9.5049	3	1	1	2.4067
-0.2321	0.5089	-0.5603	-0.4926	-0.0107	3	0	2.6899	2	1	-0.3469	1	-1.9711	1	3	-1.2986	3.1786	0	2	2	2	2	3	2	1	1.4585	0	1	1	0	3	0.0953	0.9270	2.2703	3	2	-0.9916	2.0056	3	2	-0.9954	3	0.7931	0.7287	0.7145	1	-0.4323	0	-4.7729	-0.3809	2.8716	1	-4.5654	0	-1.1517	0.8397	1.6995	-1.5268	3.5416	1	1	-5.3705	2	-0.3801	0	0.1270	1	0	1	-1.1478	-4.9591	0.9223	-1.4779	-0.5803	-1.2706	0.3273	7.1923	2	1	0.9410	-0.8696	4.8263	2.3724	0	-1.0600	2	-3.5652	2	2	0	2	2	1.1465	1	0	7.4601	0	0	0	-1.9054
-0.5300	-0.4475	-0.3057	-4.1228	1.6539	0	2	2.7554	0	0	0.0337	3	2.5719	3	3	0.5755	-3.2891	1	1	1	1	3	2	2	3	0.9961	0	3	3	0	0	-5.5485	-0.1997	-0.6738	3	2	-0.7209	1.0967	2	1	-0.3847	1	2.2221	0.1374	-2.5729	1	-2.4891	0	-0.2045	-0.1948	-0.0108	1	-1.6028	3	-4.9272	0.0747	-0.6411	0.6961	-2.6853	1	2	-0.6323	2	-2.7124	2	-6.2898	0	0	0	-1.2020	-4.8465	4.9878	-0.5527	-1.5855	8.5376	-0.9963	-1.0355	0	1	3.4992	1.7275	-3.0569	3.4737	3	-0.9720	1	-1.2239	2	1	0	0	3	-1.0994	3	2	2.7316	0	2	0	-0.1813
0.5532	1.4909	0.1487	-0.5338	-0.6854	3	2	1.1433	0	2	-2.9029	1	0.8280	3	3	-2.1728	1.7589	3	2	0	2	1	1	3	0	-0.4034	3	0	3	3	3	2.0621	-0.6103	1.0520	1	3	0.0811	-0.8931	2	3	3.0317	1	-0.2789	2.6413	1.7213	1	-1.1600	0	-3.0324	-2.8672	2.4315	2	-0.3659	2	-1.3341	0.1427	-0.4267	-2.7348	1.6965	0	2	-0.0460	2	0.7547	0	3.7099	0	1	0	0.6216	1.2584	-1.4535	-2.3345	-1.8832	-2.9132	-1.8989	-0.3392	2	3	1.0625	-0.9069	-2.2011	-0.9927	0	-0.1713	0	-1.9006	1	2	2	2	0	0.7743	1	0	4.4638	2	1	3	-1.2482
1.0197	-0.2733	-0.9031	0.8644	-1.4326	2	1	0.5428	3	2	1.1888	1	-0.2151	2	1	3.2670	-0.8329	3	0	0	1	0	1	2	3	-1.0616	2	2	3	1	0	-0.5177	-1.1241	0.4111	1	3	-0.0830	-1.3521	0	2	-0.4541	2	-0.6471	0.5911	3.9974	0	0.4243	0	5.5924	0.6938	1.3457	1	1.1861	3	-0.5400	-0.4663	-1.8528	-0.3713	4.0861	1	3	1.8695	0	2.5160	0	-2.8703	2	1	2	-1.2307	-8.1331	-4.1186	10.8943	-0.4474	-3.4231	-0.6323	-1.9266	1	0	-4.5361	0.8007	3.7322	1.4045	3	-2.4545	3	-0.2064	1	1	1	3	1	1.5169	2	3	-14.8690	3	2	2	0.6894
1.0195	0.5265	-1.2021	-0.5054	0.3181	0	2	-1.0490	0	2	0.3556	0	2.3772	3	3	-1.9461	-0.5930	3	2	2	3	3	1	3	2	1.7589	1	1	2	2	3	-1.4072	-1.2138	-0.1407	1	1	1.0453	-1.3415	2	1	3.3302	3	-1.8703	0.1448	0.1215	2	3.0326	1	-3.3612	0.1761	-2.0480	1	-2.7584	3	-0.3707	1.9144	-0.4217	1.6669	1.1000	3	3	-2.3340	3	0.1498	3	-3.1657	0	2	1	-2.5119	6.6712	-1.4755	-9.3094	0.1827	0.5741	0.1135	3.7032	3	3	3.3117	0.3956	-1.8427	-4.7554	0	0.0752	0	-1.4402	1	1	2	0	0	0.9072	3	2	14.6949	1	0	0	2.4289
0.8371	-0.4330	1.5599	0.6163	2.2738	1	2	-1.3989	1	2	1.4966	1	2.3696	0	3	5.0770	0.5644	1	2	1	2	1	2	2	3	1.4066	3	2	2	0	0	1.7199	-0.8138	2.6553	1	0	-2.0787	-1.8328	1	1	3.9528	3	1.5771	-2.0957	-3.4918	1	-3.3950	2	4.7555	-1.3356	-0.4638	0	4.6044	1	1.5847	-0.5030	-3.6622	-1.0545	-2.5525	1	3	6.9805	1	0.6639	0	11.5433	1	2	2	-1.9000	-9.9241	4.7140	9.3509	0.8772	0.9908	-5.8151	-5.0363	2	0	-4.3312	1.3986	-2.4952	2.7892	3	1.1491	2	4.0000	3	3	1	3	1	-2.3126	2	0	-17.8424	0	1	0	3.6373
-0.0107	1.9335	-1.3408	-2.8060	-0.8208	3	1	2.0143	1	2	-1.4508	3	0.6876	3	1	-1.8580	-0.4806	3	3	0	2	3	3	3	2	-2.0810	2	2	0	2	0	2.2324	2.5885	-0.2979	1	3	1.1168	1.1816	2	3	0.7845	3	1.5776	-0.7530	1.9325	0	-2.4278	1	-1.5887	-3.3031	-3.5600	0	-1.9292	0	-1.4598	-1.0765	2.0028	-1.9777	5.0780	1	2	-3.2377	1	1.6228	2	-2.5461	1	1	1	-2.3162	-2.5426	-2.4594	-4.0419	-1.4549	-2.8939	1.2000	5.0681	3	3	3.5971	-1.8671	-4.5206	-1.4544	2	-4.1490	3	6.2059	1	2	3	3	3	1.6020	1	1	6.4533	1	3	1	0.3495
0.3206	3.5760	2.3120	1.1746	-1.7432	3	3	1.8940	3	1	0.5127	3	-1.8022	1	3	-1.6606	1.1645	0	1	0	3	3	1	3	1	-0.6481	3	2	0	0	1	1.1314	-1.1666	1.6204	1	3	0.4931	0.9074	2	1	2.1719	2	1.4687	-0.2271	3.6830	3	-3.4995	1	1.9630	1.5999	-0.3990	0	2.9971	1	0.6074	0.8074	2.7357	-2.5599	6.2281	1	2	4.1961	3	-1.5709	0	10.4695	2	1	3	0.1720	5.9936	-3.7430	4.5421	-0.6600	-6.2949	3.6537	-4.0083	2	0	3.8055	2.4287	-9.9919	2.0164	3	1.3641	0	5.7177	3	0	1	3	1	0.7071	0	0	-8.7618	0	2	3	-0.0823
1.6801	0.6443	0.5601	0.1458	2.4117	3	1	-0.0850	0	2	-0.0610	1	0.4271	3	2	2.8265	1.7999	2	1	2	3	0	0	1	0	-0.5037	0	2	1	0	0	1.3560	0.1080	0.2015	1	1	1.2829	-0.9149	0	0	-0.5342	2	-0.2421	-2.6717	-1.3010	3	-1.6099	1	1.1150	0.0531	-0.5427	3	-0.5987	0	-0.4130	1.3157	-2.0872	-1.6022	-2.1774	0	0	-0.3368	3	2.3741	3	2.2504	1	2	2	1.8274	-3.3101	3.7240	-0.3911	-0.3636	1.3940	-2.4766	0.0569	2	0	-1.8141	-1.8776	1.4317	-0.3149	0	-1.5020	2	6.4124	0	2	1	3	1	0.1194	2	2	-0.6660	0	0	0	0.5695
-0.2653	-0.3185	-2.1995	0.0860	-0.9933	1	3	1.4544	3	2	0.1917	2	0.0503	0	3	-1.0594	-2.4908	1	2	3	2	2	1	1	3	1.7529	2	3	2	2	1	-2.4626	-2.4249	2.3375	1	3	1.4842	0.0183	2	2	-0.9923	3	1.6686	-0.7149	0.0206	1	-3.9095	3	-3.5505	1.0219	-1.0042	0	-5.1943	0	-1.7052	-0.9375	-1.6231	0.5598	1.8695	1	2	-4.9577	2	-0.7063	0	-13.1167	0	1	3	1.5002	0.7488	-1.6269	-6.9040	1.5008	0.0191	-2.4691	6.7637	2	3	1.7803	1.5492	6.1969	-4.7298	0	0.9635	1	-4.1030	3	0	0	2	0	-0.3921	0	2	14.3407	2	3	3	1.3889
-1.7169	-2.3305	-1.0381	-2.5928	-2.1945	2	0	0.7162	3	3	1.1099	1	-0.7058	1	2	1.4368	0.2179	0	1	1	2	2	3	0	2	1.9310	0	0	2	3	1	0.5427	-1.3708	-2.5156	0	3	1.4679	2.9849	0	1	0.4636	3	0.7534	1.5343	1.6051	2	-2.6957	2	0.9427	-0.2914	1.8967	2	-2.4053	0	0.3598	-1.8851	-0.4163	3.3874	-3.1367	1	2	-3.5368	3	1.6591	2	-1.1067	2	3	2	0.9492	-5.8557	-5.7875	-1.8168	-0.5321	-2.9142	-0.2479	3.2043	0	3	-0.9070	-0.9759	4.5196	-1.4277	0	1.5402	1	-5.6544	3	2	0	2	0	0.2925	2	3	4.3373	2	0	3	1.1639
1.3978	-0.3143	-1.0081	-1.8947	0.4567	2	2	3.2614	1	3	-2.1121	1	-0.4167	0	0	0.1340	1.4300	2	1	2	3	0	0	2	1	-1.0539	2	1	0	2	0	-0.0081	-1.4143	-2.0453	1	1	0.4748	-2.2961	1	0	-0.2509	2	1.4774	-4.1615	-0.4828	2	-1.8804	0	2.6810	-1.8549	-2.6311	3	1.3148	0	-1.9170	1.4039	-0.2809	-0.9613	1.4351	1	3	-0.5970	1	-1.7877	2	3.4176	1	0	2	-0.1415	-8.4917	1.1959	-0.2518	-0.6868	-3.0532	-1.0148	0.4811	0	0	-1.8055	-1.1944	3.5725	-0.4559	2	-1.6271	3	5.2929	3	2	3	3	3	1.6760	0	0	-0.8574	1	1	1	-2.7269
1.5300	2.4766	0.1433	-1.7130	-0.3421	0	0	-1.5727	1	1	-4.3179	1	-0.7635	3	0	-0.9198	1.7551	0	1	3	0	1	0	0	1	0.7123	3	3	2	0	1	2.4000	2.7827	2.0260	2	1	-0.5027	-2.8699	1	3	-1.2847	2	-2.1294	0.8342	-2.7539	0	1.9083	1	-2.5846	-4.1673	-0.8182	2	-2.9459	3	-3.0503	-0.1647	-0.8075	-4.2657	0.9190	2	1	-2.9567	1	-0.1501	1	-3.8289	3	2	1	-4.3714	-2.5356	3.5468	2.1603	0.7159	3.5000	0.7559	3.3198	3	0	1.1368	-2.5291	1.4794	-3.0152	0	-2.3730	3	2.0513	1	2	3	2	2	1.3935	3	1	1.7296	1	0	0	0.9909
-1.6658	-0.4700	3.1454	-0.7356	0.0964	0	1	0.4759	0	2	0.5441	2	1.2310	2	1	-2.6162	0.3535	1	1	0	2	2	0	2	1	2.3661	0	3	2	0	3	0.7369	-0.5356	-2.0001	2	3	-2.5436	6.5765	3	1	-1.5507	0	0.4805	1.1708	0.8719	0	0.1721	0	-3.8108	1.1717	2.9678	2	-5.0599	1	4.0065	1.0531	1.3449	-0.6001	0.1732	3	2	-6.3203	0	1.1931	2	-4.5175	3	1	2	-0.2368	0.8363	-1.7659	-0.8622	0.6391	4.0503	1.7936	6.2262	0	0	3.1949	-0.8544	4.0447	7.0020	0	0.5946	0	2.2962	2	3	1	3	3	-1.0167	2	0	6.8548	1	3	0	-2.1898
-0.8458	-2.1920	0.5832	1.3159	-0.6654	2	1	3.3440	3	2	0.8386	0	-1.6184	2	2	0.4621	0.9431	3	3	1	3	2	2	1	3	0.9160	0	3	1	0	1	3.1953	-1.2366	1.6206	3	3	-1.7539	-0.5732	1	2	-0.3829	2	0.8839	2.2356	1.8675	3	-0.5434	3	-2.7694	-1.6443	2.9541	3	-2.8601	2	1.5760	0.8258	-0.3717	1.9627	-4.9784	2	2	-0.6409	2	1.0479	0	-4.4385	2	1	0	0.7889	-9.5696	-1.9370	-1.9844	-0.5619	-2.5898	-0.3816	1.2214	2	0	-0.5819	2.3941	3.0348	3.3861	0	-2.0465	1	-4.4194	1	2	0	2	0	-1.9477	1	3	7.5908	2	0	0	2.0900
-0.2890	-0.2551	1.4208	-3.1721	-0.3485	0	2	-3.0231	1	0	0.5895	1	1.3572	2	3	-3.0779	-2.7664	2	1	3	1	1	0	1	2	-1.9688	3	3	1	0	0	-2.2060	1.3736	-1.6183	2	3	-2.2092	7.2594	2	0	2.0883	1	-4.0237	0.2225	0.8137	1	5.4280	1	-1.0141	-2.9793	3.2035	3	-0.9685	2	0.5685	-4.6247	2.1077	2.5180	-0.2431	3	2	-1.2690	1	0.7599	3	-5.9928	3	2	2	0.6934	-0.6213	-0.5543	2.7355	-0.5162	-3.8297	2.1447	2.2850	0	0	5.2362	2.9493	-5.7021	7.8045	0	0.6615	2	-0.2730	0	1	1	1	2	-0.3388	2	2	2.1447	3	3	0	-0.9387
1.8691	1.1650	0.4479	-0.3701	-0.5254	0	3	-2.4489	2	0	-1.0449	3	-0.9676	3	0	2.6550	-1.7777	0	2	0	1	2	2	1	2	1.8871	2	3	0	2	0	-3.9044	-0.1677	1.6890	1	0	-2.2684	-2.0064	0	1	-1.9926	3	0.3362	0.4185	-1.4297	2	0.0383	1	-0.3820	-0.8004	-2.7226	1	2.6833	1	-0.7299	-1.3798	-3.3630	-5.0586	-3.5581	2	1	2.8282	1	2.1036	0	-0.3150	1	3	0	0.8633	-4.3281	0.6919	-6.0018	-0.6954	0.4285	-3.7163	-1.8929	2	3	-4.7726	-0.4672	1.1154	6.7959	2	-2.6142	3	0.0702	1	0	1	3	0	-0.4299	2	0	-0.1372	1	2	3	-0.0143
0.3122	-0.4319	-1.8023	0.7639	0.6732	0	1	1.9138	2	0	1.8360	3	-0.8435	0	2	2.0933	-0.5081	2	0	1	3	3	3	1	3	-0.2078	2	2	1	2	2	-0.8273	0.4244	2.0363	3	2	0.2932	-2.1145	0	0	-1.2094	2	0.8047	-3.6811	1.0000	3	-1.9275	3	1.6973	0.6612	-1.7684	3	3.8862	0	1.1264	0.6069	-1.4313	3.6973	-1.9334	3	3	5.8283	0	1.7294	0	3.4997	3	0	3	2.0566	-8.3826	1.9337	0.5440	-1.8557	-2.8284	-3.3209	-6.1424	2	0	2.7752	-0.4697	-12.3086	-1.9687	3	0.4733	2	0.6663	3	0	1	3	2	-0.9251	1	2	-4.3714	1	2	2	0.7942
-1.3195	0.5313	-0.2394	0.2587	0.6462	2	0	-0.1592	3	2	-2.3995	3	-2.3281	3	1	-1.9782	-2.5185	2	0	0	1	3	1	1	2	0.0032	3	2	3	3	1	-0.6661	3.0809	0.4870	2	3	2.4684	1.4888	0	2	-0.7094	1	1.8029	0.4010	-2.8185	3	-3.0867	1	-1.9721	-2.0878	0.2392	0	-6.1449	3	0.2216	-3.0750	-2.1625	-0.0365	1.1062	1	2	-6.3485	1	-0.3243	1	-13.9569	1	2	3	-1.5561	2.0708	4.1785	-4.2134	0.2282	3.6403	-0.6299	8.3159	3	3	3.3837	1.1401	8.4576	-3.7254	0	0.5759	1	0.5330	2	1	2	3	2	0.2438	2	1	11.8322	2	0	2	0.4739
1.3671	1.0017	0.3117	0.5631	1.5802	2	2	-2.5237	3	3	0.2164	2	-1.1697	3	1	-0.7316	2.6799	0	3	2	0	1	0	3	1	1.1691	3	2	1	0	2	-2.2687	2.5823	2.8798	2	1	-3.0526	-3.3137	1	1	2.1267	2	-2.8694	-1.0713	-1.2437	2	4.2591	1	-4.0582	-2.9381	0.0453	3	-4.4418	1	-2.3486	-1.4302	1.2396	-0.8017	-0.3482	3	3	-7.1908	1	-2.0380	1	-3.0407	3	2	2	-0.0263	4.1465	1.0075	-4.9398	-3.1657	2.7606	-1.3432	9.5243	2	2	1.7726	1.4999	10.1166	5.8677	0	-1.5251	2	4.9011	1	2	3	3	2	1.2952	0	1	12.6556	2	0	0	0.5008
0.2337	-0.6381	-3.0359	-1.0225	-0.3182	2	1	-0.7574	2	1	0.8693	0	-1.5494	0	3	0.7447	-1.3663	0	1	1	0	2	1	1	2	-1.0144	2	3	2	2	3	-0.5732	0.9818	0.7848	1	1	0.0394	-1.3678	0	3	-0.8453	2	-2.1965	0.6299	2.0590	2	0.4888	2	-2.8052	0.8357	-1.0249	2	-2.3693	0	-1.3432	-0.2840	0.4941	-1.4235	-0.7724	2	0	-4.0229	0	2.0731	1	-6.5682	2	2	3	-0.6717	0.5508	-0.6338	-5.2659	0.3296	-4.6745	3.7439	4.2939	3	3	0.1883	3.3675	9.3807	-4.0242	0	-1.7564	1	-4.5271	3	0	0	2	0	-0.3458	2	0	7.7458	2	0	1	-1.5392
1.1611	-1.0975	2.3081	0.6970	0.0162	2	1	2.6935	1	1	-0.6076	1	2.0138	2	3	0.9246	-1.7058	2	1	1	3	0	1	0	2	-0.4726	3	2	3	0	3	0.6301	0.4515	-0.9334	3	0	-0.2740	2.3271	3	1	1.1438	1	2.2923	0.9527	3.1780	1	-2.2388	0	1.7981	0.9596	-0.4047	1	4.5774	1	1.5599	1.0847	-0.6076	0.8234	0.1419	0	2	4.8095	1	-2.9450	2	1.8550	1	0	3	3.0399	-2.0311	-0.5558	0.8831	-0.5071	-1.0563	0.6816	-4.9609	0	0	-2.5393	1.0206	-2.3812	3.0465	3	0.7184	1	-1.9243	1	3	2	0	2	-0.0253	0	1	-3.8331	0	2	3	0.4494
-0.4210	0.9948	-0.2669	-0.1773	-1.7560	1	2	3.2110	0	3	1.2024	2	2.0986	3	2	-2.0968	-1.5787	1	3	2	0	0	0	0	3	0.6158	0	0	0	2	1	-2.5183	1.3376	2.0800	2	1	-0.0151	-7.0899	3	3	3.0872	3	2.9336	-0.1963	1.6754	0	-4.1464	0	-6.0388	1.6278	-0.5475	0	-8.6608	1	3.7671	1.8440	-0.8198	2.4781	3.8494	1	1	-10.1318	2	-1.4934	0	-15.3790	3	1	0	-0.7235	4.4538	-3.8000	-11.6439	1.3446	-6.9201	-2.8646	12.3017	3	1	3.1777	-0.1249	11.7647	0.1317	0	-1.7777	3	3.7487	1	0	1	3	0	1.2351	0	1	22.3931	2	0	1	-1.1759
-1.1616	-0.2050	1.0006	1.9589	-0.0178	0	2	-0.5988	1	3	-0.1487	3	-0.6708	3	0	-3.5777	-1.4710	0	0	3	0	0	1	0	3	-2.4999	0	2	0	0	3	-1.3840	-2.0877	0.8601	1	3	-2.0835	1.1596	3	1	2.0007	2	2.1783	0.8506	1.8067	2	-3.2997	0	-3.6316	2.3654	0.8086	3	-4.4852	1	0.8029	0.3597	1.0130	-0.6865	-1.2208	1	1	-7.3636	1	0.0212	1	-7.6025	1	3	3	0.3541	7.2885	-0.0306	-2.0885	0.2948	0.5807	-0.1961	9.0114	2	2	7.3981	0.9132	-0.6577	4.4178	0	-2.1407	0	-1.6729	1	3	2	0	0	0.4079	0	0	5.0373	0	0	3	-0.9277
-0.5710	-3.5653	-1.8537	0.2641	-1.5988	2	1	-1.4371	3	2	0.9008	0	0.1361	3	3	-1.2929	-1.0992	1	1	1	0	0	0	3	3	1.3851	1	0	2	3	3	0.7412	-2.7401	4.9922	2	1	2.8269	-5.2245	2	1	3.6890	2	0.1259	2.1477	2.2843	3	-0.8758	2	-4.4514	2.0530	0.0866	0	-6.8914	0	1.4372	1.6580	1.1505	6.5635	-0.4971	0	3	-6.8884	3	0.0696	1	-9.7680	2	3	2	1.5335	3.6492	-4.8272	-6.3810	-1.4373	1.2954	2.9995	9.0112	2	3	2.0101	0.6294	6.2899	-8.7153	0	-2.2398	0	-11.0634	1	0	0	0	0	-1.3543	2	2	13.3098	2	3	2	-1.5164
-0.9563	-3.8957	0.2456	-1.3982	-1.5491	2	3	-0.1038	0	3	-0.4442	1	-0.1559	2	3	-3.2915	0.8670	3	0	1	1	0	2	3	3	1.4641	1	0	1	1	2	-2.0145	-2.3378	-3.9266	0	3	0.3132	4.9763	2	2	1.6399	2	0.3543	2.3172	0.7954	1	-1.3364	2	-5.2496	2.0049	3.5604	0	-2.8379	2	0.0219	2.7570	2.7462	4.4239	-5.5674	1	2	-4.6984	3	-2.2373	2	-2.4927	2	1	1	1.0251	3.5190	-2.5982	-6.9128	-0.6539	3.5674	2.6204	5.4060	1	2	3.2293	-1.7036	-1.2854	0.2344	0	-0.1863	2	-8.6374	0	0	0	0	0	-0.7767	3	2	9.5168	2	3	2	0.7628
0.2327	0.3070	-1.0300	3.5407	2.2509	1	1	-0.5832	2	3	0.3378	0	-0.1434	3	2	1.9253	0.5376	1	1	2	2	0	2	2	3	-1.7152	0	3	1	2	1	3.1073	1.5490	2.8067	3	0	1.0842	-6.6569	1	0	-3.7871	3	-2.2444	0.5379	-4.1967	3	4.3465	1	4.9290	0.3945	-3.0345	3	4.1313	0	1.7183	0.7399	0.0213	-1.4635	-2.6778	0	1	6.7153	2	0.8298	0	4.5578	0	1	1	-0.1554	-3.9274	7.4744	5.6201	0.4092	4.9863	-1.0202	-13.2060	2	0	-3.5263	-0.7943	-5.6459	-3.7479	3	-1.4691	2	-0.3840	1	2	1	2	2	3.9099	2	2	-10.7836	1	1	1	1.8335
-0.3546	-1.3098	-0.0088	1.2475	0.7848	2	2	1.6028	0	2	1.1178	3	0.8241	2	0	2.1492	1.2623	0	1	1	3	0	2	2	0	0.8028	2	0	2	3	1	0.3056	-0.4324	-2.3784	3	1	-4.3025	4.6921	0	1	3.1709	2	3.3780	-0.3414	-0.2916	3	-2.8989	0	0.2344	1.2893	-2.5501	0	1.9043	1	-1.4663	2.5397	0.6579	-0.1446	-3.4399	1	2	0.8995	3	0.2482	3	-1.0378	1	1	3	-1.8599	-3.8851	0.8961	-0.8700	-0.1224	-0.4029	1.6415	1.1353	3	3	-1.2534	-3.2709	-4.1170	8.4576	3	-3.1694	0	-3.1735	1	3	3	0	2	-1.5155	1	2	-1.0319	2	2	3	0.7050
-0.8750	0.9498	-0.6182	-0.8648	-1.4936	3	2	-0.8222	2	2	-0.5583	2	0.3809	2	1	0.1299	-0.7203	2	1	1	1	2	3	2	2	2.0300	0	0	3	2	1	-1.7563	-1.2200	-0.5840	3	2	0.3485	4.6799	3	3	-0.8051	3	-1.4558	2.3222	1.7552	2	1.2823	3	-4.2132	0.2490	0.4903	2	-5.1868	0	2.1591	-2.5853	1.1817	0.3253	0.9636	3	2	-6.3843	2	1.8928	0	-9.0037	2	2	0	-0.8248	1.3200	-4.4634	-2.2761	0.2779	-3.5004	2.9663	8.0739	1	2	0.5415	0.4054	9.4156	-1.0386	0	-1.6579	2	-2.6167	1	3	2	0	0	-1.0584	1	3	10.9858	2	0	1	-0.0317
-0.6363	-1.3520	-1.0801	-1.4473	1.0197	2	2	-0.2487	2	2	-2.3832	0	-0.9471	0	3	-1.1988	1.7948	0	3	1	2	2	0	3	1	0.4583	2	3	0	2	2	-1.2033	-0.1445	0.4645	2	1	-5.0344	-2.3999	0	2	-0.3344	2	1.5800	1.5204	-1.5347	2	-2.2798	2	-3.8652	-4.4083	1.5162	0	-3.3869	3	-0.2582	-0.2185	1.3024	-1.2413	-1.7448	1	3	-3.1424	3	0.5160	2	0.0144	2	2	2	1.0607	-2.7537	2.8311	-4.9198	-0.0329	3.9110	1.0812	4.5221	2	3	2.2036	-1.8311	-0.8359	4.8086	0	1.2882	3	-5.9204	3	2	2	0	0	-1.7764	2	0	6.3977	2	0	1	0.2442
0.9122	2.8964	1.5863	-3.2591	0.4111	1	2	3.8223	0	2	-2.6285	1	0.3176	3	3	0.5367	4.9069	0	2	0	2	0	3	3	1	0.3833	0	1	0	0	1	0.3043	2.4468	-0.6219	0	0	1.2340	1.2681	3	2	0.3801	3	1.8085	1.3284	-3.3568	1	-4.3739	0	1.4850	0.0476	-3.3597	0	0.4574	1	2.4690	-1.2713	1.0674	-3.8275	2.3701	1	1	0.6946	3	0.4669	3	7.5381	0	1	2	-0.3047	-0.0642	3.6937	2.1085	2.9082	2.2223	2.3345	-2.8394	3	0	-0.3318	-1.6542	-2.8302	-3.1404	2	0.7344	2	4.2403	0	2	1	3	2	0.9041	2	0	-0.5762	3	3	1	-1.4154
-1.7773	0.6355	-0.0675	0.9593	0.1266	3	2	0.5351	0	2	2.0231	0	0.7035	1	3	-3.3578	1.9586	1	0	0	1	2	3	3	0	0.0742	3	0	2	2	2	-0.7511	-2.1750	-3.1806	0	2	-1.2047	8.8548	2	1	-1.2228	2	1.3947	1.9662	-1.0849	3	-2.7488	1	-4.1938	1.2730	5.6933	2	-6.7848	0	-0.9257	-0.8099	2.5546	-1.5227	1.3313	1	2	-7.7721	2	1.5115	2	-7.0102	2	0	1	0.0417	9.0098	-0.5836	-6.1129	0.1918	4.6848	4.4088	7.6164	1	2	4.4059	0.7356	7.2730	1.4522	0	0.1095	0	-4.7036	3	3	0	0	0	1.3223	3	0	14.4055	1	0	1	2.9907
1.9090	1.7974	0.1709	0.9755	-0.3648	1	3	1.6698	2	2	-0.6421	2	-0.0567	3	0	0.1084	-1.3198	1	3	3	0	3	0	3	2	-2.5975	2	1	3	3	0	-0.1646	-0.0189	0.1041	1	1	2.8302	0.2382	2	1	-0.3120	3	1.1369	-0.5915	-1.0946	0	-0.9363	0	1.0866	-3.4865	-0.1498	2	1.6303	2	0.1942	0.2248	1.4907	-3.2836	1.4824	1	2	0.0052	2	1.2371	1	-0.5972	0	2	2	1.8165	-2.0465	-0.5665	-1.5876	1.9252	0.6398	1.3152	-2.4689	1	2	0.3891	-1.2002	-3.0691	-2.7115	2	-0.1619	1	4.3518	3	1	3	3	3	1.6170	2	0	-2.3185	3	2	1	0.1093
1.2057	0.5871	1.5107	-0.8028	0.8730	3	0	1.9844	0	2	-0.7530	1	1.1032	1	2	1.6620	0.5462	3	1	0	2	0	2	3	3	-0.6868	2	1	0	0	0	1.8617	-0.6619	0.1939	0	0	-0.1694	0.8420	0	1	-2.0174	0	0.4420	1.3539	2.9734	0	1.4332	3	6.0446	0.0040	-2.0863	3	9.2539	1	-0.5266	-0.8813	1.9510	-1.4090	1.5005	2	0	15.3869	2	2.2582	1	12.7986	0	3	2	-0.1984	-3.8115	-3.5908	2.7548	-1.1784	-6.5950	5.1574	-22.3460	0	0	-1.1850	0.0825	-22.4152	2.5336	3	2.9905	2	0.4308	3	2	2	2	1	1.6323	1	0	-14.8932	0	2	0	-0.3455
0.2535	-6.0752	1.8403	-1.5384	-0.2661	2	3	-2.9311	1	2	-0.9746	1	0.5005	2	3	-0.0774	-0.2636	2	1	1	3	2	2	1	3	0.7626	1	0	3	0	2	-3.4119	-0.4567	0.5860	3	0	0.7121	-1.0075	0	1	-3.0443	2	-3.8450	2.3072	1.1334	0	5.6506	2	-0.7067	0.0867	-0.8785	2	-1.4630	2	-2.5073	1.6346	-3.5823	8.0593	-7.4176	3	0	-1.6424	0	-1.9886	0	0.8455	3	3	0	2.7555	-4.0649	-1.0975	-3.7346	-1.4764	-1.7829	-5.8698	2.3030	2	2	0.7049	-1.8723	-1.2991	0.5697	0	1.6907	3	-9.4312	0	0	0	0	0	-0.0757	2	2	5.4391	0	3	0	-1.5147
-0.0573	-0.5434	-0.5894	-2.2573	-0.4988	1	3	0.7489	0	2	0.4802	2	1.2644	3	2	0.5417	-0.2943	2	2	1	1	3	0	2	0	0.4386	0	2	0	3	3	-0.3397	0.4182	0.1666	2	1	0.0723	-1.0937	0	0	-0.7083	3	1.9742	2.1962	0.1950	0	-2.4252	2	0.5639	-0.9630	-1.6950	2	-1.1166	0	-0.3087	-0.6709	2.4887	1.8131	0.4711	1	0	-1.9797	2	0.4878	0	-0.4285	3	2	2	0.0843	-4.7314	-0.9625	-3.5557	0.8073	-1.2591	1.4351	3.0448	1	0	1.1195	0.3834	1.7054	1.0320	0	0.4089	3	-3.1921	3	1	0	0	0	-2.8019	1	3	5.2911	2	0	3	-3.1092
0.4570	1.6160	-0.8083	0.5381	-3.0444	1	3	-0.8216	2	2	-0.4315	0	-0.3437	0	0	-3.5090	1.5717	3	2	3	2	3	1	0	0	-2.6466	0	1	2	2	3	0.1362	-1.0640	2.1964	1	2	1.1090	-2.4086	3	3	0.8854	1	-2.7164	2.2591	2.5584	3	4.7427	1	-1.6492	0.5724	-1.1656	2	-4.8675	0	-0.9720	1.1128	-0.7480	-1.5008	3.0463	3	1	-7.4282	2	-0.1530	0	-5.3016	0	0	1	-1.4294	7.8779	-6.2080	-1.3764	1.8999	-3.9266	1.2520	8.3970	3	3	4.9983	0.2879	4.6770	-1.2309	0	2.6788	0	-0.0212	0	1	2	1	0	-1.2552	3	0	4.6674	2	3	3	0.7939
1.3770	1.4698	-1.8915	3.1683	0.0316	3	2	1.0052	2	3	1.1173	0	-0.9658	3	3	2.7387	2.8617	1	3	3	2	3	1	2	0	1.8010	2	1	2	3	1	4.8467	1.9336	0.3649	3	1	0.1354	-1.6925	1	1	2.0058	0	1.3791	0.2973	1.3161	3	0.5953	1	2.7999	-0.7190	-0.7879	0	5.7041	0	-0.6019	2.6660	-2.1091	-1.6021	1.2243	2	1	4.9500	1	-1.0142	2	13.1950	3	0	1	0.2533	-3.7834	-1.6574	4.2966	1.6754	-2.1130	-2.9124	-5.4438	2	3	-2.6006	-1.1980	-3.8675	-1.4108	3	0.0099	0	0.6887	3	2	1	2	2	0.2551	3	1	-11.3431	2	1	3	1.0152
1.6678	-1.8500	0.2376	2.1260	-1.0626	2	2	0.2455	3	1	1.9689	0	-2.2983	1	3	-0.7747	-0.2717	0	2	1	1	1	0	0	3	0.0738	2	2	2	1	2	-0.0707	-4.0701	2.7416	2	1	-1.6634	-6.8384	0	2	1.1962	3	1.2821	2.6222	-1.3507	3	-1.7609	2	-4.4335	0.3906	0.9511	0	-1.4993	0	-2.6270	0.4588	2.1982	1.6412	-0.3852	1	0	-2.0307	3	-0.4064	0	-1.8447	2	2	2	0.4140	2.6149	1.1225	-4.5791	0.1558	-1.5491	3.3377	2.1036	2	0	2.0334	0.6852	0.3657	2.2231	0	0.7821	0	-5.0903	1	0	0	0	0	-1.2557	0	2	7.9387	1	2	2	-0.4630
1.0140	0.7749	0.0151	0.0044	0.7159	1	1	-0.8628	0	0	1.7655	2	0.6554	3	3	-0.2409	-2.2967	1	2	2	2	1	0	1	2	0.0587	1	2	0	2	0	0.2686	1.2262	0.2292	0	1	0.9396	-2.1831	0	2	-0.6711	3	-1.2933	-1.8620	-0.2474	0	1.5404	1	2.5441	1.1332	-2.1884	0	7.2667	0	-3.8704	1.2443	-2.6412	-2.7497	-0.0934	2	0	11.2078	3	3.9425	1	7.2362	2	0	0	1.8045	4.8558	-0.1001	2.0446	-0.3422	-2.1971	-2.3160	-14.4588	0	0	2.8149	-0.6753	-18.6751	-0.7672	3	0.8320	3	2.5340	0	0	1	3	2	-0.2828	2	1	-11.3077	2	2	1	-0.5816
-0.9377	-1.1602	3.2687	-0.0655	0.2532	0	3	1.0976	3	3	1.2331	2	0.3352	0	3	3.8792	-0.0404	0	3	1	0	2	1	0	2	1.5036	1	0	3	0	2	-2.1594	-0.2858	3.5090	1	3	1.5741	-1.8081	3	1	0.3750	2	-0.5753	-1.3766	-0.2332	3	1.2182	3	1.2069	1.8007	-1.1841	2	-2.2871	1	1.1702	-1.4375	-1.2351	0.6097	-0.5074	3	1	-1.6251	2	2.0968	1	-3.9860	3	1	0	1.0192	-4.1433	-1.1431	1.1571	0.6107	2.7074	1.1307	1.1185	2	3	-2.8853	-0.5342	6.2032	2.0781	1	0.8670	0	2.6528	3	0	1	3	2	-1.1521	1	3	0.9977	2	3	0	-0.2415
0.3788	-1.9881	-1.2595	-1.0771	0.9490	2	0	-0.4076	0	2	-1.5323	3	1.4483	1	1	-2.7664	-0.5084	3	0	1	0	0	1	3	1	-0.1985	3	2	3	2	2	-3.1408	-3.6468	-1.8926	1	3	1.5354	1.8077	2	3	1.7075	2	-0.3464	-1.5608	-0.4588	0	0.5546	2	-6.3107	2.2880	-1.3982	1	-10.1265	0	2.0326	-0.3317	3.0854	3.7186	-2.9270	2	2	-11.8734	1	-0.0746	3	-14.9477	3	1	3	-1.1875	1.0561	2.9596	-11.3165	-1.4949	7.2389	4.7501	15.0277	0	3	5.8842	-1.9555	6.7243	-5.2444	0	-0.5091	3	-0.5710	1	0	2	0	0	-0.6315	0	2	23.8880	1	0	2	-1.0475
0.4304	-1.3968	0.2592	-1.0222	-0.1189	0	3	1.2180	1	2	-1.4115	1	1.9110	0	1	1.1183	2.1705	0	0	1	2	2	3	2	1	2.2525	1	1	3	2	2	0.1916	3.1494	0.1920	3	2	5.0048	1.6651	1	2	2.2377	0	1.0954	-1.2257	-0.6646	3	-2.6294	2	-0.1460	1.2501	-2.7807	2	-1.8184	3	1.9615	2.3810	-1.2876	3.6247	-0.7952	1	3	-2.5612	0	-1.2620	2	-0.6826	3	0	2	0.5801	-3.5222	-1.0726	-4.2636	-0.8531	2.5783	-4.9377	2.4464	2	2	-1.1454	0.9767	6.6235	-7.9149	3	-1.1927	2	-0.5287	1	1	2	0	2	-1.4907	1	1	8.6350	3	0	1	-1.5424
0.7948	-1.5491	1.2727	-0.2074	-0.6680	2	3	-0.2263	0	0	1.2522	0	0.6691	3	2	-0.4493	-1.4561	1	3	1	3	0	3	3	3	-0.2412	2	2	1	1	0	-2.9293	-1.1354	-0.3059	0	2	-0.4205	-2.5999	0	1	-1.6654	0	-1.5928	1.5198	1.1381	3	1.8149	3	-0.3732	1.8700	0.8398	1	-0.5342	1	1.0051	-1.5126	-0.8758	2.6072	-6.0152	0	1	-0.7109	2	1.4555	1	-1.7081	2	2	1	-0.0407	3.0092	-0.8367	-1.0229	-1.3155	-1.0125	-1.4648	1.4992	1	0	-0.4521	1.3141	0.6839	1.5951	2	-0.4631	2	-0.9351	1	0	0	0	0	-2.8719	2	2	3.0687	1	3	2	-0.6962
0.0918	0.6803	-0.1295	-0.7758	0.1370	0	3	0.4552	0	0	0.8676	1	1.8867	3	0	-0.6306	-2.5343	0	3	2	1	3	3	2	1	0.0159	0	3	2	0	1	-4.5352	1.5896	-2.1298	0	2	3.1669	5.2170	3	3	-2.2703	2	-1.0823	-3.4598	0.6732	1	2.2060	1	-0.3243	2.1973	2.4698	2	-4.0287	2	-0.6511	-1.6588	-2.6508	1.5788	-0.1866	3	2	-3.3557	1	0.7344	3	-8.9736	3	0	1	-0.9260	3.6077	-0.5101	2.0512	0.6361	-1.3789	-4.4001	3.3851	0	2	0.4866	0.9053	3.6191	-4.3010	0	0.3531	0	5.1561	1	1	1	3	2	-0.4770	0	2	1.5648	0	3	0	0.4244
0.3979	1.0777	0.3804	-0.3596	-0.5901	2	2	1.7452	1	2	0.3815	3	2.5981	3	2	3.0146	-1.2719	0	1	0	2	3	2	2	3	0.1175	0	3	3	1	1	2.2807	-2.3532	0.2276	3	0	4.9822	-1.5983	1	3	1.7858	0	0.0251	0.5458	0.2849	3	1.0368	2	3.3788	-0.0141	0.0972	1	4.6710	2	-1.1389	1.1338	0.0807	-0.7114	-0.8016	3	1	6.1073	1	-1.4264	1	4.1670	2	0	2	0.0059	-1.6569	-1.5259	6.3505	-1.9546	1.0766	-0.8961	-7.7006	3	3	-3.6035	-0.0086	-2.8921	-7.7348	3	0.1982	0	3.6321	1	1	1	2	1	1.7571	2	0	-11.4237	0	2	1	0.6555
-1.7317	-0.7135	0.3358	1.1250	-0.1550	2	3	-0.2558	1	0	0.4964	0	0.5543	2	0	-3.0912	-3.7180	2	0	1	1	2	3	3	2	-0.0126	2	0	0	1	3	-4.1188	1.1895	-1.1640	0	3	-0.6576	2.1608	3	0	-0.1440	0	-0.1818	-1.2643	1.8901	1	0.4760	2	-2.0746	1.1628	3.0564	0	-2.6441	0	-0.8979	2.4123	1.3431	5.4919	1.7056	3	3	-4.2219	0	-2.3546	2	-8.3441	1	1	1	-2.8393	8.7426	-1.5622	2.6273	-1.9110	-4.1421	2.3747	5.0306	3	2	5.1888	-0.7503	-3.1417	5.3906	0	-2.0095	2	0.3549	2	0	0	0	2	-0.7216	3	3	3.2467	3	3	2	-0.6373
1.4007	-1.3512	-1.0814	-5.5519	0.2802	2	3	0.4904	3	0	0.3135	3	-0.4618	3	3	1.6652	-3.7060	1	2	1	0	3	1	0	2	-0.5930	3	3	3	2	1	-4.1419	-0.3833	2.4581	0	2	0.8160	-5.0284	2	3	1.2332	2	-0.6385	-2.0971	-0.3425	0	1.7352	2	3.2480	1.1643	-4.6807	2	5.3289	0	1.9302	0.1070	0.6205	3.0848	-0.9318	2	1	3.5460	1	2.2498	0	0.6371	0	1	3	0.5536	-5.8317	0.7522	-0.4466	-1.1471	-0.8912	3.2754	-6.7871	2	1	-3.3385	-2.3902	-2.9505	-1.9476	1	0.8550	1	-0.3162	3	0	1	0	2	-2.2406	1	2	-5.5272	3	2	3	-1.3577
1.5332	1.4336	-0.2218	-1.1850	0.4919	1	0	-0.1799	2	2	1.2703	2	-0.3056	3	0	-0.9442	0.6093	1	3	2	3	2	2	0	1	2.3279	2	2	3	0	0	0.0962	1.0561	2.9486	3	0	0.7506	-3.7354	3	2	0.4359	1	0.6157	1.8150	1.5529	0	-0.9256	1	-6.2699	0.1778	-1.6550	0	-7.0677	3	-0.2995	4.6053	0.6942	-2.8557	3.6567	2	1	-13.8237	1	0.0156	0	-10.8420	0	0	0	-0.7460	1.4574	-3.3381	-9.2505	4.1484	-3.6833	0.4724	17.0932	2	0	-2.0191	-0.1866	22.4160	-0.9389	0	0.4299	2	-0.7229	1	3	1	3	0	2.7353	1	1	18.3426	0	3	2	-0.2175
-1.1850	1.2394	1.0382	-0.5513	-0.6431	1	0	-0.1341	3	0	0.3269	1	-2.7269	2	1	1.0949	-1.5895	3	3	0	1	3	3	0	2	-0.1311	0	1	0	2	0	1.6932	-1.9190	-0.1772	1	3	0.5305	5.6786	3	0	0.9306	0	-3.9183	1.7179	-0.7840	0	5.3902	1	2.8265	1.4288	0.4410	1	-0.5512	1	0.5268	0.1722	-1.8372	-1.3736	-4.1961	3	2	-3.8837	0	0.6908	2	-2.9583	0	1	1	-1.2786	2.2511	0.0013	6.5983	0.8224	3.2099	-1.4569	2.8884	1	2	0.5520	2.3893	6.6439	1.6147	2	1.7893	0	1.4539	2	3	3	3	1	-0.7922	1	0	-6.2488	1	0	3	-2.1752
0.8592	1.0520	3.7838	3.4557	1.1608	1	3	-0.5491	0	3	-0.7101	0	1.7514	0	3	-1.8247	-0.2322	2	3	0	3	2	0	3	0	-0.2052	1	3	3	1	0	-1.5264	-3.2179	-1.9934	2	1	0.1492	-0.0102	2	1	-2.5553	0	0.1283	-0.4543	-1.6622	3	-1.3812	1	-4.0910	-0.7446	-0.7513	1	-4.5138	1	0.2235	1.3664	1.7185	-2.6045	0.7673	1	2	-6.8126	3	-1.5267	2	-8.4925	0	1	1	2.2226	1.1670	1.6409	-12.0982	1.2102	0.3574	2.8443	7.5800	0	3	2.4577	-1.6966	2.2449	2.2017	0	0.7252	1	7.0995	3	0	1	3	0	0.6443	3	0	18.1648	2	0	1	2.8942
1.2551	-0.3489	0.1575	-0.2150	-1.7587	0	1	-0.8511	0	2	1.5661	1	-1.8566	3	2	3.2839	1.9680	2	3	1	0	2	2	2	1	-1.4744	2	3	2	2	1	1.1992	-1.1757	-0.2674	3	1	0.3400	1.8438	0	2	1.1701	1	-0.2143	0.9695	1.7985	0	0.4700	2	5.7627	-0.4631	-2.4462	0	3.8656	3	-2.0384	0.0019	-1.8120	-0.9500	0.2097	2	2	5.2996	1	0.9562	1	10.2110	0	2	2	1.7389	-5.9891	-4.0360	5.2759	0.9435	-1.1051	-2.1938	-4.5480	1	0	-3.4027	2.3267	-3.4951	-3.3036	3	-1.5205	2	-1.7091	1	1	0	2	3	-1.0901	2	0	-10.5710	1	2	2	2.3598
0.1023	-2.6910	0.0892	0.1375	-2.4818	2	1	2.4634	2	0	-0.7182	2	-0.4021	1	0	-0.8792	-0.7432	3	0	1	1	2	3	3	2	1.0281	2	3	0	1	3	1.5299	1.6922	-0.4663	3	2	-0.9817	1.2923	0	0	-1.8712	3	3.8284	1.0442	3.1700	2	-5.2830	0	-3.2683	-2.3407	1.9911	3	-3.6310	1	0.0189	-2.8238	2.1219	3.7626	0.9173	1	0	-5.3223	0	0.1473	3	-7.1454	2	0	0	-0.9392	-6.9625	-7.7095	0.4161	-1.0379	-6.0926	2.0669	5.7150	3	1	-0.9051	-1.9780	7.9304	1.5832	0	2.4136	3	-4.2505	3	2	0	2	0	-1.1362	1	1	2.1676	0	3	0	2.5257
0.1724	-1.4799	0.4944	1.8980	0.0177	2	1	1.5892	3	3	-0.6112	2	-0.9198	2	0	1.6459	-0.7546	0	0	2	1	1	3	0	2	-1.5020	2	2	3	3	3	2.0599	1.2985	-0.6108	1	0	-2.4226	0.9444	2	2	-1.9444	0	1.6751	-0.2579	0.5681	3	-5.6598	0	4.4350	-2.1293	0.6996	2	4.8047	1	-2.2173	0.5565	0.5612	-0.6386	-1.6357	1	2	3.4705	0	-4.3005	3	5.4349	1	1	0	-0.5652	-5.3916	-2.4462	5.9279	1.3974	-1.4881	1.2374	-4.9643	3	3	-2.0500	-0.1977	-1.6926	2.4267	3	-2.1184	3	-2.7992	1	2	2	2	2	2.9558	0	1	-11.9908	3	1	3	-0.4093
-2.1805	-2.2702	2.2392	0.5747	-0.1882	2	0	-0.5571	1	2	1.1014	2	0.7574	3	3	-1.7560	2.7215	0	0	1	0	2	0	3	1	-0.1900	3	0	1	0	0	2.8236	0.0025	0.8713	2	3	1.8702	2.8914	2	1	1.1434	2	0.7886	1.5565	-2.4527	3	-0.2351	2	-2.3518	0.9826	3.4160	3	-4.3632	1	1.6894	-1.4682	4.3116	3.2634	-5.0083	3	0	-4.8648	2	-0.3916	2	-4.7419	0	1	0	1.4598	3.6938	0.9627	0.2758	-2.0858	5.2594	5.0488	5.2640	2	0	3.6648	-1.0603	2.5621	2.7525	0	0.0968	0	-1.2019	1	2	0	2	0	-0.9073	0	2	4.3749	0	0	0	0.0321
1.3878	0.0692	-3.1526	-2.3399	0.4284	2	0	0.5224	3	2	1.7805	1	-1.4088	0	0	-0.0743	2.1319	0	3	0	0	2	1	1	1	2.5037	2	0	1	3	3	2.8576	-2.6814	0.9095	2	1	0.7653	-1.8005	0	3	1.2627	2	-0.1338	-2.3847	-0.6154	2	0.3158	3	-4.8926	0.7907	-0.4992	2	-4.2863	0	-1.1189	0.9353	-0.6069	-2.0708	-2.5813	2	0	-5.2007	1	-0.1936	1	-6.9921	1	3	3	1.9355	0.1407	0.6725	-6.9696	0.2887	-2.1054	0.4281	4.8898	0	0	1.2725	-1.1253	3.4387	-2.6851	0	-0.0148	0	-0.3171	0	3	1	2	0	2.1739	0	0	11.8575	2	0	2	0.6256
-0.7076	-0.0951	-0.1043	1.3752	0.5194	0	3	-0.2774	2	3	0.0906	2	0.6984	1	2	-0.5156	1.3441	2	2	0	3	3	2	1	1	0.9133	2	1	2	3	0	1.2162	-2.4673	-2.4859	3	0	0.1643	4.8511	3	3	3.5301	3	-1.3657	-0.5386	3.1319	3	1.8125	3	-1.7570	2.1690	0.1867	2	1.8775	0	-0.7877	1.5910	-1.6131	0.2446	1.4076	3	2	3.6889	3	-1.5160	2	4.2758	3	1	0	-1.2613	4.3780	-2.4972	2.1791	0.7238	-4.8014	-5.4856	-6.3748	3	0	4.6887	-1.0617	-12.6249	3.0573	3	-0.3358	0	1.7572	1	3	1	3	3	3.1283	3	2	-3.6390	3	2	1	2.0418
-2.6887	-2.9239	0.6778	-2.1405	0.2850	2	1	2.1639	0	3	2.9335	1	0.1857	3	1	1.1271	1.2753	2	0	1	2	0	2	0	0	1.7936	1	2	3	1	0	5.3977	1.1146	-0.7602	3	3	4.1478	1.3801	1	3	0.0455	1	0.0632	-0.9153	3.6541	1	-1.3121	3	-5.6186	5.7497	1.6947	1	-5.1446	0	1.0374	2.2295	-0.8362	4.8826	-0.4158	3	3	-6.3827	0	-3.9322	3	-7.4513	3	0	2	-0.9418	0.7523	-4.3125	-7.0164	-1.1917	-1.3795	0.3283	9.5960	0	0	0.2486	0.2590	11.5249	-6.9765	0	-0.9551	2	-3.1600	1	3	1	2	0	-0.2199	3	3	13.4294	3	0	2	0.1549
-0.5930	-2.4152	2.2278	-0.5743	-0.6981	0	2	-1.0848	1	1	-1.6441	0	2.8561	1	0	1.2575	-0.6911	1	0	1	0	1	3	1	2	-1.9579	1	0	3	0	3	-2.1009	-0.6252	-2.6640	1	2	-2.3006	4.6853	1	1	-0.5395	2	-1.1564	-2.5775	0.5585	3	0.1995	2	1.7119	-2.8064	1.9117	1	0.1123	1	-0.8503	-3.2647	-1.2208	3.5886	-0.8575	3	2	0.7512	0	1.1921	3	-2.5108	3	2	1	-3.4842	-6.4173	-0.0051	5.5876	-1.1097	0.5907	-4.5563	0.2455	3	2	-2.5475	-1.1852	-0.5171	9.2731	0	2.8773	3	1.8741	3	1	3	1	2	-2.3996	1	2	-7.3075	3	2	0	1.5385
0.9479	3.0049	3.1678	-3.1712	1.1293	1	2	-1.6955	0	3	1.4923	0	2.2810	3	3	0.2233	1.2192	3	2	3	3	3	2	0	2	-2.2219	3	1	0	3	0	1.9895	-1.0411	0.2136	3	0	-2.5258	-1.4216	2	1	-1.9014	1	0.9495	0.7870	-2.5070	1	-1.0871	1	3.1900	0.8678	0.6327	0	5.1034	1	0.7927	0.8661	0.3747	-5.3175	3.5194	0	0	5.3361	3	-0.2138	0	10.6142	0	3	1	0.2476	8.8725	3.9964	4.8680	-0.2717	4.5215	1.4099	-8.4508	3	1	-1.1850	-1.5336	-10.5883	9.0290	3	0.7865	2	8.5256	1	3	1	3	2	1.4141	3	0	-10.7867	3	2	3	-2.0462


