
X1	X2	X3	X4	X5	X6	X7	X8	X9	X10	X11	X12	X13	X14	X15	X16	X17	X18	X19	X20	X21	X22	X23	X24	X25	X26	X27	X28	X29	X30	X31	X32	X33	X34	X35	X36	X37	X38	X39	X40	X41	X42	X43	X44	X45	X46	X47	X48	X49	X50	X51	X52	X53	X54	X55	X56	X57	X58	X59	X60	X61	X62	X63	X64	X65	X66	X67	X68	X69	X70	X71	X72	X73	X74	X75	X76	X77	X78	X79	X80	X81	X82	X83	X84	X85	X86	X87	X88	X89	X90	X91	X92	X93	X94	X95	X96	X97	X98	X99	X100
-0.6639	0.6084	-0.3026	-1.0008	0.0792	3	1	0.1491	2	0	0.0553	1	-0.5448	0	1	0.0097	1.9867	0	3	2	3	3	0	1	2	1.8905	2	3	0	2	2	-2.5612	0.1077	1.7939	1	0	0.6157	-1.6089	3	0	0.0198	3	2.5293	0.4658	0.2858	3	-2.9479	2	3.9800	2.1325	-0.8232	3	6.8167	3	-1.7481	-1.0204	-1.2180	2.8548	-0.4966	2	2	6.4035	3	-6.0913	2	-3.4104	0	2	3	-0.9009	-0.9972	-3.7020	-0.9222	0.2051	0.6157	0.0881	5.3660	1	1	1.6702	0.7668	1.5079	-1.4070	2	-0.5046	0	-4.3424	1	1	3	0	3	-1.1655	0	0	5.9438	2	3	3	-0.3423
-1.4690	-0.4824	-2.3013	1.7464	0.7388	3	3	-0.1207	1	3	-1.2938	3	-0.7909	0	1	-0.1815	0.8852	1	1	1	0	3	1	0	1	-3.9704	0	0	1	2	3	-3.5238	0.0559	-0.0176	0	3	-1.6358	0.4850	1	0	-2.4379	1	3.1120	-1.1537	1.6627	0	-4.1607	3	-5.7068	3.1912	-2.8314	2	-3.7886	2	-1.8388	-1.0305	-3.7417	-3.6381	-1.1618	2	0	-2.6278	1	2.5363	2	4.5945	2	0	2	-1.7860	-3.3163	-4.8865	9.8092	-0.1045	-2.1442	2.7307	-1.5694	2	2	1.0357	0.3483	-3.0031	-3.5331	0	0.9117	0	5.3724	3	2	1	1	2	-0.2888	3	1	7.8719	3	2	3	4.3542
-0.3347	0.7403	0.6274	-0.4685	1.1174	0	1	-0.3998	2	3	-0.4699	0	-1.4855	2	2	0.2561	1.9376	2	3	0	3	3	1	3	2	-1.1641	0	3	0	0	1	-3.7618	0.2434	0.0288	3	2	2.8205	1.1849	1	2	-0.0665	2	-1.2889	1.4522	-1.1260	2	3.9476	0	-3.8648	1.6417	-2.2680	1	-3.7293	2	1.7158	0.4399	0.7921	1.1497	3.4502	0	0	-6.1623	0	-1.2508	0	8.1795	0	2	3	-0.2068	-0.6597	1.9143	6.6612	-0.8917	1.3598	-1.1948	-3.2895	2	1	1.3494	-0.1019	-3.8578	1.9286	0	-0.1379	0	-8.4688	1	2	3	0	0	1.2286	0	0	0.3820	1	2	1	1.3487
0.2149	1.1859	-1.5318	-1.8989	-0.3873	2	2	2.6757	0	3	0.6231	3	-3.3503	2	3	-0.6786	0.6382	2	0	2	1	0	0	3	1	1.3881	3	2	2	3	0	-0.7494	0.0628	-1.9273	3	2	1.9791	2.9695	1	0	-1.8471	1	1.6064	2.6203	1.5180	3	-2.6413	3	2.2407	-2.0054	-3.5296	2	1.5945	2	-0.8436	-0.1067	-1.0488	-0.4565	-0.2900	2	0	1.0389	2	-1.2245	3	-3.1929	2	1	1	2.1784	6.1420	-2.5475	3.1403	-3.0668	-3.6666	1.3500	-0.1506	0	0	0.9354	1.5033	2.0551	-0.8474	3	-0.8431	1	-1.6201	2	0	2	0	2	-2.3581	2	0	3.7550	3	3	2	-2.6463
1.9715	0.6216	0.8163	-3.9263	-2.3354	3	2	-0.6499	3	3	0.3448	1	0.5316	2	1	-0.1678	1.1138	0	2	0	1	1	1	0	1	-3.5947	1	3	2	1	2	-0.3254	-1.6326	0.7618	0	2	1.2484	-5.8235	1	1	-2.1372	3	0.8266	0.6157	1.5382	3	-2.6752	1	-5.3112	0.6425	1.4203	0	-4.1143	1	-1.6199	-0.2140	-0.7643	3.8751	-2.4682	1	2	-3.6096	3	-2.0219	1	5.9896	0	2	0	3.4939	2.0531	-2.0280	-2.4256	1.0035	-4.1226	1.2931	-4.1865	1	1	-0.2634	1.1428	-3.8452	2.4852	0	0.0736	3	-3.0285	3	0	3	0	2	0.5538	0	0	-10.4029	2	2	3	-5.2871
-0.3908	1.3635	-0.0680	-0.9858	-0.1775	2	1	0.2789	0	1	0.9394	3	-0.6752	3	3	0.7787	2.2341	0	0	2	1	1	3	1	1	2.8685	3	2	0	0	0	-2.1957	-0.6639	2.9828	0	1	0.1629	-3.9073	0	2	-2.1749	1	-0.8146	-1.2547	0.4342	3	0.2733	0	3.7149	-2.7830	-1.0900	3	-0.3063	1	0.1410	-0.2583	-0.9916	1.1659	-0.4549	2	2	0.1735	2	-1.1313	1	0.7287	2	1	2	-0.1051	4.3379	-1.8903	-3.0576	-2.3135	-0.7121	-0.5744	0.5621	3	3	0.1444	1.4569	-0.5418	-0.2235	1	0.9587	1	-2.0579	0	1	3	1	3	-1.8272	3	0	-4.1967	3	1	1	-1.7417
-0.3598	-1.9351	-2.5670	-2.0376	0.9885	1	2	-1.9531	3	1	-0.4560	2	-0.3035	1	1	-1.1278	-2.7828	3	1	0	3	0	0	3	0	-0.5917	3	1	2	1	1	4.4832	0.3675	-0.9749	2	0	-1.0455	2.3514	2	1	-1.1312	0	-3.6100	0.6497	-0.4104	3	1.8789	1	0.3476	-0.1939	0.3883	3	-5.1827	2	1.6135	0.9976	-1.3887	2.9270	-0.0458	3	1	-4.3872	2	2.4277	0	4.9943	3	0	2	-0.3657	-5.3500	4.6299	0.8168	-1.9600	1.6076	-1.1615	-2.1222	1	0	-1.6712	2.2543	-0.2012	-4.1648	0	-1.4891	0	2.3255	2	3	0	2	2	-1.7544	2	0	-4.8311	3	2	0	-4.0811
-0.6115	-0.0181	-0.3494	1.5976	1.8690	0	3	-0.1267	1	1	-0.3731	1	-1.6502	3	1	0.9086	-3.9498	2	3	1	1	0	1	2	2	-0.0737	1	1	3	2	0	5.9209	0.2639	-1.8715	3	2	-0.8660	2.3482	2	1	2.1110	0	-1.4486	-0.2499	-4.1052	0	2.8811	0	-0.5981	0.0429	0.2147	3	-2.0943	0	-0.8375	-1.1194	0.8262	-0.1333	4.9319	0	0	-1.5239	3	-3.0096	3	-2.3250	1	3	3	0.4696	0.2249	6.5538	-3.7123	-0.0871	1.1312	1.0393	-3.4601	3	3	-0.1664	-0.6455	1.2339	1.4319	0	2.5916	1	-2.4636	0	3	2	0	3	-2.1649	1	0	-5.6282	1	2	0	1.9604
1.3872	-1.5934	-1.3586	3.4200	0.0548	0	1	0.3659	3	1	-1.3091	0	-0.4938	3	3	-1.0220	-4.7769	2	1	1	1	2	2	1	0	1.8603	0	3	1	3	1	5.9359	-2.0649	1.0402	3	3	1.4571	-5.0237	2	0	-1.8588	3	1.3723	2.4581	-0.2691	0	-3.0691	1	-0.6700	2.8926	1.9231	2	1.1190	1	1.1358	0.8853	0.7838	-0.7769	0.6533	2	2	1.0182	2	1.3658	2	-7.4153	0	2	1	4.7284	-6.0893	0.9470	-6.4453	3.1750	0.4222	-0.3753	-2.2511	3	2	-1.9209	-0.5858	0.0466	-0.1788	2	-0.6312	3	-0.4040	2	3	2	0	3	-2.5990	1	0	-4.3113	1	3	1	4.8051
-1.3242	-1.8833	-1.4101	2.4202	-1.4353	0	1	1.2153	3	2	-0.6426	3	0.8424	1	2	0.2353	-0.5449	0	3	1	1	0	3	3	0	1.1087	3	0	3	3	1	-1.1148	0.8091	-0.2281	0	2	0.6810	0.6495	3	0	2.6780	3	2.9336	-0.4301	2.5372	0	-3.2990	2	2.4162	1.7349	-3.2834	2	3.3195	2	0.6297	0.2113	1.1444	-1.7701	-4.0107	2	2	4.8173	0	0.3637	1	-4.2217	2	3	2	0.6966	-2.4882	-5.0238	0.6486	3.2935	-2.6762	-2.1195	5.8349	2	1	0.1861	1.8895	5.6155	0.2272	2	-1.2649	0	5.7105	1	2	0	2	0	-1.0430	3	2	3.4600	3	3	1	3.3897
-1.2638	-0.5000	0.5291	-2.9451	1.3645	3	3	1.8809	0	1	-1.1171	1	2.8881	2	2	1.8534	3.0664	2	3	0	0	2	0	3	1	0.5004	2	3	3	2	2	-3.3598	-1.8441	-1.2839	0	0	4.8906	3.1028	1	2	1.6712	3	1.4359	2.4880	-1.8195	3	-1.4315	1	1.5192	1.6475	-0.0668	1	3.6090	0	1.5367	1.0833	0.6012	1.7955	3.7194	2	1	2.5915	0	-0.0611	1	-0.8978	0	1	1	1.4954	2.4015	3.0893	-0.5725	3.5378	7.5249	1.0187	0.6221	3	2	4.9552	-1.7128	-1.3281	7.1227	2	-1.4620	3	-5.0266	2	0	3	0	2	1.3713	1	3	1.5625	0	3	3	-5.1389
-1.3586	0.6224	1.3052	1.2158	1.0203	1	3	-1.0273	3	3	1.5314	3	-2.7819	2	0	-1.7593	-0.7561	1	3	2	2	0	3	2	3	0.4485	2	0	2	0	3	1.3126	-0.1035	-1.3310	2	3	4.5630	3.5543	0	2	1.5729	3	0.3522	-0.4286	-1.2524	1	0.6275	3	1.7130	-2.3051	-4.1901	1	4.9845	1	0.3596	-1.5183	1.7514	1.7030	4.1142	2	1	4.2435	1	-1.9631	0	-6.5782	3	2	1	2.0121	1.2453	0.7329	5.3334	-1.9837	2.1989	-1.6862	1.3523	0	1	-2.9958	-2.4717	2.6528	4.4872	3	-0.2329	1	-2.0024	2	3	1	3	0	-1.8643	2	0	12.3010	1	3	2	0.1727
1.7256	-0.3096	-0.8475	0.9929	0.5742	0	0	0.4283	2	0	1.5397	2	-1.2232	1	0	0.8574	-1.1966	2	2	2	1	2	0	1	0	-3.6414	0	1	3	2	0	3.0119	3.3496	-0.0874	0	3	-2.2985	-2.9962	2	2	-1.4157	2	1.1925	0.9564	-0.4684	1	-1.9418	2	-4.7701	-4.8971	1.6642	1	-5.7317	1	-2.0609	-0.8097	-1.1660	-0.5592	0.1733	1	2	-5.3338	1	-0.3808	1	4.6605	3	1	3	1.0884	4.9822	-2.2414	-0.5184	3.0376	0.3966	1.1075	-3.1180	3	2	0.7187	-1.4654	-6.4532	-2.9616	3	-0.7141	2	1.4290	3	3	0	3	0	-0.3833	2	2	-7.6584	1	2	3	-0.6565
-0.7505	-0.2995	0.0129	1.4234	1.8280	0	3	1.5482	2	0	-0.8538	3	-3.8093	0	2	-1.3532	-2.1215	1	3	0	0	0	1	1	3	-4.4923	0	0	2	0	2	0.3217	0.0807	4.0123	3	2	-0.1043	-5.6122	2	3	1.9647	0	0.1572	1.1270	-3.6600	3	-1.0898	3	-4.4095	-0.7128	-0.3184	1	-2.0316	1	-1.5260	0.0476	-0.5093	-0.2169	4.6234	2	2	-2.0540	0	0.0053	1	-2.2726	0	3	3	-1.8856	1.1608	8.7760	7.1565	1.0637	4.3324	0.1235	-4.4057	2	1	0.1100	-1.0618	-3.6180	0.6291	0	0.4321	3	1.5153	0	3	0	1	2	0.2147	2	1	8.4969	1	2	3	1.7669
-0.9997	-0.4951	2.1725	-0.3725	1.5135	2	1	-1.9474	0	1	-0.7258	3	1.4699	3	2	2.3880	-1.7033	1	1	1	3	3	1	0	0	-1.6408	2	0	0	0	2	1.8574	-0.3193	0.0823	2	1	-1.6206	2.8773	2	2	0.6393	0	-2.8227	2.1698	-3.3773	2	5.6736	0	2.6912	0.1356	-1.5392	1	2.4382	0	2.4331	-0.6168	-0.2281	1.0668	3.1392	3	0	0.7102	2	-2.2544	0	-6.5622	3	0	0	1.1698	-2.1088	2.9037	-1.4994	1.5614	5.2414	0.0142	0.1600	1	1	0.7073	0.3413	-2.4913	-0.1150	3	0.2837	0	-3.4848	2	3	3	0	0	-2.6697	0	0	0.4906	1	3	0	-1.6623
-0.3117	0.7951	0.9168	2.6297	-0.6912	3	0	-0.4959	3	2	1.4255	0	-1.4150	0	2	3.3021	-0.5850	1	0	3	3	1	2	2	3	-1.1233	2	3	3	0	0	0.8638	-0.2889	0.5026	1	3	1.9126	1.0760	2	1	-2.2889	3	-1.2472	0.5594	-0.8278	1	1.5912	0	-6.0294	-1.2604	0.2961	0	-5.0906	1	-1.4463	0.3153	-0.7246	2.4443	2.9680	3	3	-6.1799	3	0.6393	1	6.2009	2	2	0	0.1065	4.0960	-0.7165	4.9642	-3.2871	-1.2745	2.7539	-4.1554	2	2	4.6475	-0.7974	-6.3109	2.7416	0	-0.7117	2	-1.4902	2	3	3	3	2	2.8929	1	2	-1.1209	1	2	3	4.7595
-1.5234	-0.3158	0.7781	-2.6053	-0.9402	3	1	2.6061	0	1	0.1772	2	0.1473	1	2	1.8045	-1.2785	2	0	1	0	1	2	2	0	-0.1790	3	0	1	1	0	0.3703	-0.1016	1.5277	2	3	-0.2605	-2.0774	3	2	-0.0805	0	1.0913	-2.2455	2.6199	3	-2.1424	0	-0.0291	0.7333	-1.1113	0	0.2851	2	0.3146	-1.0928	0.8540	-0.5542	-4.9009	2	3	-0.5296	0	-0.7569	2	-3.5245	2	1	1	-0.0019	3.3680	-8.1877	1.9108	-4.6945	-1.1186	-1.2307	2.3798	3	1	1.2985	-3.3506	-1.2453	-0.1380	1	0.0702	0	1.1720	3	2	1	3	2	-1.6633	3	0	1.9980	2	3	1	-6.6256
-0.9833	-0.0564	0.7091	-1.6911	-0.4586	2	0	0.4988	1	3	1.5611	1	-0.2557	2	0	-2.6894	0.4716	0	3	1	2	1	1	3	1	-0.0535	0	1	1	1	0	0.9110	3.2440	-2.7978	3	1	0.2723	3.0433	2	2	1.4686	3	-2.1955	0.3276	1.0024	3	0.3482	1	-0.8120	-3.0613	-1.0463	2	-0.6293	2	-0.8494	-2.2217	-1.8464	-0.7309	-0.6689	1	2	-0.5993	1	-1.1000	2	0.0777	1	3	2	0.0398	3.0347	-3.2517	0.4959	0.7949	0.9225	3.3850	-2.2639	0	0	-4.6465	-1.0655	2.5845	0.9605	0	-1.3642	0	-1.4333	0	3	0	0	0	1.1838	1	3	1.3409	1	0	1	0.0877
-0.4655	-0.3349	0.0986	1.0674	1.2591	2	2	-1.3434	2	2	2.1618	0	-1.1534	0	1	0.7014	-0.4130	1	3	3	3	1	2	1	1	1.9148	1	1	0	0	2	0.9107	0.0511	0.7146	2	3	0.4004	-0.0973	2	3	0.2165	0	-1.5216	-0.6075	0.0638	1	1.0308	3	-0.0228	-5.5177	-2.8210	3	1.1416	2	0.2851	-1.9230	0.9448	0.9602	0.2715	0	2	1.0061	2	-1.2691	0	-0.3974	1	0	0	0.5234	2.8560	3.0620	1.8581	1.5562	1.7960	-1.1729	-0.1499	1	3	0.3199	2.2991	6.2973	-0.2022	3	0.3029	0	0.8270	1	3	0	2	2	0.8456	0	3	3.9535	3	3	0	-0.0279
-1.4463	-1.9691	0.2973	-1.2647	2.1924	0	2	1.4958	2	1	0.5837	1	0.5610	1	3	0.0848	-3.0746	3	0	0	3	3	2	0	0	0.1140	0	3	3	3	0	5.0184	0.8412	3.6293	2	3	-0.1673	-2.2576	2	2	1.6757	3	0.6403	0.6000	-2.5327	2	-0.0184	1	-0.6768	-1.0620	-0.3797	1	1.4728	3	-0.7939	1.8987	-1.3059	-1.3204	3.1803	2	2	0.9579	0	0.6008	1	-3.8577	3	2	0	-1.3257	-0.6103	5.9040	1.2707	1.8923	3.9561	0.5860	0.2708	1	0	1.4670	3.4918	2.0212	-0.8294	0	-1.2084	3	1.8144	1	3	0	3	0	-1.5015	3	0	2.6052	1	3	0	-4.2738
0.4712	-2.6840	0.0267	0.8895	1.0514	1	0	0.0016	0	1	-0.0757	2	1.8172	2	1	-3.8363	0.2485	0	1	1	1	2	1	3	2	-3.4812	2	2	1	0	3	4.0042	-0.6165	0.7893	2	1	-1.4205	0.3011	2	0	0.3190	2	0.2842	-1.5368	-2.0811	2	-1.9359	1	-5.4999	0.7655	-0.6192	3	-2.9324	3	-1.2840	-0.3397	2.0676	-1.8178	2.8649	2	1	-0.8104	3	-0.9984	3	4.7930	3	3	3	1.2084	-3.8063	6.3938	4.7948	4.7989	0.4932	-0.0640	-2.3009	1	0	-5.1885	2.1045	6.7042	-1.6487	0	-0.7235	3	3.9202	2	3	0	0	0	-3.2796	3	0	0.0564	1	2	0	1.5643
0.0882	0.8744	-0.7393	-2.3736	-0.4575	1	0	-1.6425	2	1	-0.4694	0	2.0422	1	3	-0.1747	-0.4140	1	3	2	0	0	0	0	2	-2.9621	2	3	1	3	1	1.6169	-1.8947	0.3892	2	0	0.1353	2.5925	2	3	-2.3979	3	0.8920	2.1185	0.8439	3	0.0669	0	-4.9176	0.9701	0.8416	2	-0.4897	1	1.8530	1.1663	-0.8585	-1.0004	-1.4603	2	1	-1.7404	2	0.3289	3	2.5525	0	0	1	-0.0018	0.0265	3.9474	2.0464	-4.5391	0.7104	0.9557	-2.5053	3	3	-2.5115	-0.3497	1.1276	-3.3439	0	0.1414	1	-2.8201	0	3	3	0	2	-1.5097	2	0	3.5920	3	3	0	-4.6985
-1.0249	-3.3503	1.1702	-2.7804	-0.5879	3	3	-2.5444	1	3	-1.8622	0	2.5439	2	2	-1.7515	-0.3639	2	3	1	3	0	2	3	3	0.9812	0	3	1	0	0	-0.0981	0.0357	-4.1622	0	3	2.7818	7.2101	1	2	0.9136	0	-0.3844	1.0230	1.6157	3	0.6613	1	0.9279	2.1552	-1.8117	1	-1.0559	3	0.1131	-2.2832	0.7676	-2.3942	-3.2899	1	0	-1.5638	3	-4.6210	0	0.1086	0	0	1	-0.9215	-9.5255	-3.6621	7.6040	-2.0891	-1.8015	0.1983	-1.0224	2	0	-5.2911	-0.4336	0.7592	4.1821	0	-0.3677	0	2.1231	2	0	1	2	2	0.6642	0	2	4.8671	1	1	0	-3.6735
-0.0576	-0.4701	-0.3050	-0.4903	2.0230	1	0	2.3424	2	2	-0.7599	0	0.2997	3	1	0.0277	1.2894	3	0	1	2	1	0	0	3	-0.6847	3	3	2	2	3	-2.6318	-0.0578	5.3074	3	0	0.1685	-7.2397	0	2	-1.0622	2	1.5295	-0.6533	-2.8825	1	-1.4610	2	-0.5833	2.2657	-0.0106	0	-1.9115	2	-0.8445	-0.9844	-1.5326	-3.7979	5.7279	1	2	-0.2677	3	-2.1007	1	4.2057	2	1	1	-1.8415	-1.2653	5.2083	4.3289	-1.4487	6.2455	-0.0925	-1.2127	1	1	-2.6911	0.7795	1.7533	-0.2661	0	2.0958	2	2.6394	3	1	1	3	0	-1.5973	2	1	0.2590	1	2	3	-2.3350
1.1161	1.0252	-2.3659	2.7285	-1.4002	3	2	-1.6049	3	3	0.8451	1	-2.2136	2	2	-0.1278	0.7409	3	1	2	2	0	2	1	1	-1.8943	0	0	0	2	2	1.1351	-0.9353	-1.1642	3	1	0.0761	-1.0418	2	0	0.8286	3	-1.1867	1.2665	0.6151	2	0.4360	0	-3.3653	-6.1706	2.3647	2	-5.4766	2	0.6268	2.3956	-0.7493	2.0160	-0.3223	3	1	-4.0183	0	1.5887	3	7.4521	2	0	0	1.8531	4.4193	-4.5651	-6.8880	-1.3276	-1.9243	-1.4472	-2.5345	3	0	-2.1725	-2.4362	-5.0010	-3.5082	1	-1.7826	1	-2.5069	1	3	0	0	3	-1.7276	0	2	-7.9828	0	2	0	6.6917
-0.4420	-1.1234	-0.4319	0.0659	-1.1483	1	3	-1.7898	0	1	-0.7821	1	0.7726	2	0	-3.2355	0.8162	0	3	1	2	2	2	3	3	-3.4379	0	2	2	2	3	2.0468	-1.5053	-1.9452	2	3	1.1692	3.4458	2	1	1.5876	0	-1.7246	-1.1828	2.4485	0	2.4572	1	-8.6265	-0.3242	-0.7291	3	-5.4339	0	-0.1078	1.3511	-1.1866	-1.7524	-4.7434	0	0	-3.3368	3	-0.0702	0	4.2597	3	0	3	-0.0686	-6.8930	-9.7968	8.1910	-1.5460	-5.5569	1.3307	-3.7578	0	1	-4.9562	-0.4503	2.8280	0.5465	0	-0.7460	1	3.0625	1	0	0	2	2	-1.6276	2	2	1.7559	3	2	0	-0.7459
-0.2958	1.2805	-0.9459	0.6832	-0.2431	3	3	-0.9275	2	3	-1.4470	1	-1.8384	0	1	2.2424	2.3063	2	3	3	2	0	0	1	3	-4.1422	3	1	2	3	2	-3.9661	-1.3740	3.5358	1	0	-0.9025	-4.2683	1	3	0.7379	0	-1.4164	-0.6519	-0.4781	1	0.4647	0	-4.9029	3.9528	-1.4300	3	-2.8930	2	1.2283	-0.6996	0.1360	-0.3614	1.1171	1	3	0.1507	2	-2.6301	1	5.7714	3	0	1	0.2148	-1.5685	-2.5748	3.3322	-2.5312	0.7845	-0.1292	-0.1391	0	0	3.4707	-0.8166	-3.2928	-1.9515	0	1.6689	0	-2.0790	3	1	3	1	2	0.2583	2	1	-0.3326	0	2	3	-0.3421
-1.5794	0.1527	0.1027	-0.1389	2.4779	2	1	0.7960	3	3	-0.3780	3	-0.8701	2	2	3.1607	-0.3662	3	3	3	1	2	0	0	2	-6.1238	2	2	2	3	1	-1.6809	0.6604	-2.7374	0	0	1.9987	5.2744	3	2	-4.4238	1	1.2929	0.7232	-2.5360	1	-1.6207	0	-6.9487	1.5766	-0.1018	3	-1.2682	1	-2.0293	-0.2011	-2.0406	-0.0232	5.1724	2	1	0.3995	2	-0.3640	3	-2.2451	2	1	1	0.7610	0.0062	7.9937	6.4717	-1.7189	2.8044	2.0459	1.3183	3	0	3.7344	-0.3444	-3.6403	2.9034	2	-0.7343	2	-5.8177	1	0	3	0	0	1.8645	3	3	1.3079	1	2	2	2.8401
0.5344	0.5831	1.6867	-1.4209	0.5198	1	0	0.9649	3	2	2.9211	3	3.9136	1	3	-1.1120	-2.2487	1	0	2	2	0	3	1	0	-1.8103	1	2	2	1	2	3.2466	-0.4172	0.3203	1	1	-0.5668	0.2848	2	0	-2.5601	3	2.7885	1.5913	0.2008	3	-5.4694	3	-0.9412	-2.6703	-4.2313	0	-0.9998	1	-0.1089	-4.0206	1.8226	0.8264	-0.3304	2	2	-2.0650	2	-3.8642	1	-0.6485	0	3	2	1.3192	3.3650	-1.7986	6.1897	-5.4087	-0.0482	-0.5825	-0.0311	0	1	-2.1692	-1.3332	-0.4710	2.2001	3	-0.2163	0	-7.1323	0	3	3	0	2	-0.8949	0	0	7.5196	1	0	3	-0.6688
-0.0892	-0.8933	-1.8157	1.0968	-0.5022	1	1	1.2297	1	1	-1.0894	1	0.7281	0	2	-0.5799	-0.4167	1	0	0	2	2	3	0	0	-3.0725	0	3	3	2	0	-0.2118	0.3539	0.0924	3	1	-0.4229	-3.8482	0	0	0.7328	2	1.4658	1.0603	0.2994	2	-1.6369	1	-2.5987	-2.1879	-0.2330	2	-1.4411	2	-0.9998	-0.2625	-0.1233	-4.7587	-1.3181	2	3	-2.6811	0	-0.7377	3	2.3868	0	2	0	-1.0412	2.1782	-4.9394	3.0349	-1.1338	-1.3169	-2.0007	-1.5576	1	3	-0.8653	1.8435	-0.2617	-3.6719	0	1.4818	2	5.6980	3	3	0	3	0	1.1025	1	2	2.9599	3	2	2	-2.8152
-0.7537	0.6146	1.1207	-1.7533	-0.2481	0	1	-1.7108	0	0	-0.2328	3	1.2307	3	3	-0.2630	-3.9602	2	3	2	1	1	0	1	0	-2.4453	0	0	3	0	1	1.4001	-0.3988	-1.1386	0	0	0.5644	1.3367	2	2	-2.6324	2	-2.8667	1.3290	-0.4806	2	6.3752	0	-3.3387	-3.1464	-2.0991	1	-2.0732	0	1.4626	1.7621	0.0289	-1.0293	-0.3800	0	3	-1.1519	0	3.6671	0	0.9557	1	0	2	1.4723	-1.0321	-1.3663	1.5555	-1.5112	1.2094	-1.8470	-3.8257	1	3	-1.7681	-0.6082	-0.0945	2.9584	0	1.0641	1	-5.7473	0	1	3	0	0	-3.1588	1	0	-1.3691	1	2	3	-2.4694
-0.0470	-0.7816	-2.0334	1.3123	-1.5633	1	1	-2.6367	3	2	-0.7633	0	-0.8695	1	1	-1.5897	1.8692	2	0	1	3	0	1	0	1	2.8363	1	2	0	2	1	-1.7776	0.2177	-0.9118	3	3	-1.7539	-0.2099	1	1	-1.9686	3	-3.0982	0.6130	2.9865	1	4.7037	0	7.2202	4.1970	0.6085	3	-0.3009	2	0.2771	-0.4809	1.0146	0.0192	-4.8528	3	0	0.0143	3	-4.6324	2	4.3450	3	0	3	0.5841	-8.2214	-2.2517	-4.7430	0.1306	-4.8435	-0.7826	3.1652	3	0	-0.6070	-1.2745	-1.9792	-4.5996	2	-0.0835	1	-0.2360	2	2	2	0	3	-2.2077	0	0	-4.2301	0	3	0	2.9574
-1.1872	-1.0130	-0.7961	0.8986	0.3981	0	2	0.4740	0	3	-0.5288	0	2.0668	3	2	-2.9072	2.5911	1	3	0	0	2	0	3	1	2.0758	3	0	2	3	3	-1.7066	0.1196	-0.1311	0	0	-3.3399	3.4738	0	3	-3.8562	2	-1.3990	0.9874	0.8359	2	0.9801	1	-1.0860	0.4037	-0.0997	3	-1.8862	2	-0.0091	0.7825	3.2322	0.5694	-0.1411	0	1	-3.1753	0	2.9160	3	4.6452	2	1	3	-2.7492	0.2524	2.0798	7.6409	-0.6705	1.3248	-4.0531	-0.6923	2	2	-3.4914	1.1680	2.3217	-3.8091	0	0.1322	3	2.0881	1	1	0	2	0	-1.6498	2	3	1.1702	3	2	2	2.2476
-0.3249	0.5151	-0.5354	0.8536	0.1394	2	1	-0.1108	2	1	-0.0150	1	-0.8494	3	3	-3.0943	-0.3727	0	3	2	1	0	1	3	0	0.0298	0	3	0	1	0	-0.4098	-1.9066	3.5047	3	2	-0.0032	-3.6600	1	1	-2.3087	2	2.7074	5.4259	-1.9680	0	-2.2161	3	0.0573	-0.7172	-0.9070	0	2.1596	0	-0.7245	0.9101	2.4084	1.5192	1.3409	2	2	0.6431	2	1.1995	1	-3.2191	0	1	0	-0.3407	0.4145	0.8999	3.6134	0.5631	1.4942	-3.9359	1.2209	1	3	-4.6382	0.2474	3.8732	-1.3989	1	1.0239	2	-9.6993	3	2	3	0	2	-3.2627	0	0	3.8474	0	3	3	1.3074
0.2105	-0.0969	3.2586	-1.5011	0.0026	1	1	-0.1873	3	3	3.8388	2	0.6182	3	2	3.1566	-0.1206	1	3	1	0	2	0	2	2	-2.1570	0	3	1	0	0	-1.4851	0.2531	-1.0405	3	0	1.2799	-2.1696	3	2	-0.6250	0	1.6192	2.5478	-1.0153	2	-3.6857	3	1.5898	-2.4738	0.5296	1	-0.0317	3	-3.1248	-0.0904	-0.0842	4.5485	2.0521	2	2	-1.3536	0	-5.0939	3	-0.3321	0	1	1	0.1381	5.5906	1.9397	-3.3346	-0.1289	0.9407	-1.5424	0.9143	2	2	3.6050	2.2460	-2.5053	6.3978	1	2.1993	2	-8.0989	1	1	3	0	1	0.1117	0	0	-3.2435	1	0	2	-1.6304
1.2171	-2.6115	-1.0837	4.8727	1.4179	0	1	-0.3933	3	2	0.1101	1	0.1521	0	0	-0.0969	-0.5725	2	0	0	2	3	2	3	1	-1.7333	3	3	3	2	3	0.3205	1.2799	1.3425	2	3	2.5567	-5.3061	1	3	1.3574	1	-2.0119	2.0698	-3.4141	1	1.4398	1	0.8334	0.4953	3.9897	3	-3.6184	1	-1.5369	-0.5698	1.4486	-2.6730	1.0765	2	2	-7.1364	1	-0.0925	1	0.3787	3	3	0	0.4297	-2.8275	2.0692	-6.7822	-1.7721	5.7405	0.4330	-3.9052	3	1	-0.7791	-1.3502	-2.5719	-0.2724	0	-0.2576	1	4.0350	1	3	1	3	3	2.1608	1	1	-9.2752	0	2	3	7.6954
0.7799	-0.9421	0.7267	-2.6407	0.3835	0	1	-2.7718	0	3	0.3782	0	0.8674	2	0	2.3382	1.3052	3	3	2	0	2	0	0	2	3.5846	2	0	2	0	0	-0.2744	-0.0916	-2.0417	1	0	-0.0318	2.9978	3	2	1.7702	2	-1.0355	1.3230	-2.4926	3	3.3538	2	7.6372	-1.2358	-0.6131	1	3.9428	2	-0.9001	-1.7267	-1.6647	0.7196	3.3108	0	0	0.9988	3	-3.5639	3	-3.6554	1	2	1	-1.3259	-3.8487	4.4077	-3.2393	0.8490	3.1435	0.8303	0.9404	0	3	3.6910	1.2663	-5.8373	-0.2513	2	1.8743	1	2.8792	3	0	0	3	1	-3.8138	2	0	1.0391	1	3	2	-7.7277
-1.0496	1.0802	0.7117	1.5240	0.3376	2	3	0.3070	3	0	-0.1769	0	0.1483	2	2	2.9344	-2.0558	0	3	2	3	0	0	0	0	-1.9957	2	2	1	0	3	2.0517	0.3145	-3.1626	0	0	0.7549	6.4504	2	3	1.6896	0	0.5439	-1.3549	0.4201	2	0.9435	0	-1.1038	-2.4160	2.6330	2	-2.5369	3	-2.9858	-1.4879	-1.7218	2.1722	0.5481	3	0	-2.0007	0	-3.2419	3	2.2946	2	1	2	2.2591	8.0847	0.4589	-3.8909	-4.1290	1.9369	2.8317	-0.9271	3	2	7.3683	1.1978	-4.4254	1.9374	1	-0.1230	0	-1.9845	0	3	3	0	3	-0.8999	3	0	-5.4919	1	2	2	2.2955
-0.8748	-1.4997	1.0046	-1.8156	0.8215	0	1	1.9483	2	0	0.3929	2	2.4502	0	3	-0.8683	-1.4831	2	2	1	3	1	1	1	0	-0.8549	3	2	1	0	1	2.3126	-1.2427	2.9070	0	2	2.6235	-2.3158	2	2	-2.4865	2	4.8193	-2.4234	-0.7063	2	-6.5036	1	-2.3368	-1.0278	-0.1653	1	-3.6214	0	1.2026	0.3693	1.0974	0.2396	-0.1877	2	2	-3.1348	1	1.0217	1	0.4657	1	3	3	-3.0711	-0.7598	1.0121	6.3210	4.6196	1.8258	0.2303	-5.8629	1	0	1.1351	1.9502	-0.6383	6.1126	0	-0.1275	3	2.3961	1	3	0	2	0	0.2800	3	1	1.3922	1	2	3	-5.0427
0.8738	0.7365	-2.4443	3.2236	0.1366	2	1	-0.1143	1	0	-0.6571	1	0.7742	2	1	0.7182	-1.3258	3	2	3	1	1	0	0	0	-3.3190	2	0	0	3	3	0.5170	-0.7962	-2.9553	2	2	1.1386	4.2411	3	3	-3.9676	2	-2.9321	0.8251	0.3457	1	2.3293	0	-2.4754	0.1137	-0.7232	3	-0.4680	2	-1.0403	0.6094	-0.4095	1.7439	-1.3012	3	0	2.2000	1	3.6435	0	-1.6643	2	0	3	-2.0728	-3.7412	-0.1507	4.2416	0.2734	0.0968	1.1517	2.9999	0	0	2.0809	-1.2134	-1.0591	-4.4397	2	-0.2664	1	-0.6959	3	3	3	3	0	2.4022	1	2	4.4915	0	3	0	6.0286
0.1841	0.3474	1.8777	-1.1442	-0.4399	3	1	3.4260	0	0	0.6617	1	1.9894	1	0	-3.1653	-2.8789	3	3	2	1	1	2	3	0	0.1037	1	0	1	0	2	3.3962	0.1448	1.2927	0	1	-0.5795	-4.5500	2	1	-1.2046	0	6.0196	3.3355	0.4246	3	-9.1334	2	-2.9810	-0.6736	2.0939	0	-0.7895	1	0.6860	1.7528	0.9900	-1.5230	1.1449	1	2	1.0621	1	2.0327	1	-1.8213	0	1	0	4.7993	4.4764	-4.1743	-7.1573	-1.9048	-3.2867	-1.2662	1.7927	3	0	-4.4002	-1.0861	3.4966	3.0961	1	0.2102	3	-4.8492	3	3	3	0	3	-2.5606	2	0	-6.7987	1	3	1	0.2628
0.3454	2.1565	1.3249	-1.6447	0.4773	2	3	0.5330	0	0	0.0790	3	0.2247	0	2	-0.9918	-2.1909	2	1	3	1	1	2	0	0	0.9008	0	0	0	0	2	2.2021	0.3614	1.8330	2	0	-1.1776	-5.1179	2	1	-2.1979	2	0.9928	-2.1022	-2.4243	3	-1.4214	0	1.8929	0.1654	-3.2881	0	2.0480	1	-1.3600	-0.1352	-3.9854	3.0223	3.7348	2	2	1.5271	2	-0.0036	0	-5.8924	2	2	1	3.3524	1.2273	4.5758	-1.5508	1.6330	-0.2901	2.5745	3.4254	3	0	-6.4297	-2.2219	6.4368	-0.7719	3	0.3271	2	2.8445	3	3	1	3	3	3.5296	0	3	1.7465	1	3	0	-4.2913
0.3747	0.1681	0.1365	-2.8853	0.6538	1	3	1.4774	0	3	1.0500	1	-0.1210	0	0	-3.2396	-0.4470	1	2	0	2	3	3	3	0	-1.0206	2	2	1	0	1	-0.6801	-0.0530	0.5605	1	1	-0.1383	-1.1662	3	0	0.1101	3	0.2541	2.7175	-0.3566	3	-0.8452	2	-1.0236	-0.8222	0.0121	2	-2.2895	2	-0.1601	-0.6284	0.9476	2.3522	1.3449	2	3	-1.2179	1	0.0497	0	3.2221	0	3	0	0.4147	2.3382	0.8413	3.5670	-1.5887	1.5165	0.7215	-1.4725	0	3	-2.6349	-1.6303	-2.4348	-1.5797	0	0.9811	0	-1.0359	0	3	2	1	2	0.9175	0	1	0.3825	1	2	0	-3.1882
0.8200	-0.8882	1.4109	0.6980	-1.0360	1	0	-1.6294	1	3	1.6308	1	1.9366	2	0	-0.3654	-3.3122	1	0	0	3	0	2	0	3	-2.6934	0	1	3	0	2	5.0882	-0.4546	-1.2199	0	3	0.6837	0.7889	2	2	1.7439	3	-3.3171	-1.9880	0.3491	0	4.1260	0	-4.0068	-0.2311	0.4666	1	-2.8611	3	-0.7908	-1.3958	-0.6306	-3.5824	-0.3747	3	1	-2.0193	1	1.7231	3	2.7716	3	0	0	-1.0353	-4.4741	-3.8448	0.4188	-1.3923	1.9379	0.9641	-0.7538	0	0	-0.1104	-3.0030	-1.8509	3.2088	3	-0.8166	3	3.1112	1	3	1	3	2	1.9814	1	1	-1.2454	1	1	1	-1.0635
0.2398	-0.2350	0.4237	-3.9333	-0.2969	3	3	-0.9598	1	3	-1.4490	0	0.7283	3	1	1.3519	3.0373	3	3	3	1	3	3	0	3	-2.4775	1	0	0	1	1	-3.7842	-0.6627	-1.9021	1	3	-2.4288	0.9830	3	2	4.2879	0	-1.6028	4.7354	0.7042	3	2.7595	1	0.4246	4.9020	-2.0069	2	0.6244	0	-0.5841	0.2587	0.2054	-0.2931	-1.3123	0	3	0.4155	3	-1.7994	3	3.8937	0	2	2	-0.3739	0.9008	-1.5854	1.3952	-2.4249	-1.1568	-1.4631	-1.4653	0	2	1.0786	-2.8551	-2.3279	-4.7384	0	-0.9991	1	-9.0602	2	1	3	0	2	3.7565	2	1	2.6095	2	1	2	-8.9879
-0.5555	-0.9308	1.5169	-1.7257	-0.3221	3	0	0.7216	0	3	-1.1216	3	1.9065	0	1	3.0190	0.2619	1	0	0	3	1	1	2	2	-1.7946	2	3	1	0	3	-1.1306	0.4585	0.7429	0	2	0.3135	0.6198	3	1	1.6104	3	1.3976	-0.0357	-0.9558	2	-0.0403	3	-0.3217	3.5193	-2.2163	3	4.6587	1	-1.3536	-0.6273	1.3389	-0.7441	1.4354	1	1	4.5596	3	-0.1648	2	-4.4018	0	3	2	-3.7275	-4.4575	-3.0610	5.4260	2.2396	0.5532	-0.6840	4.4829	0	3	3.8071	-2.0611	0.0119	3.7475	2	0.4526	0	-3.8316	0	1	3	0	2	1.6767	3	2	5.6683	1	3	1	-4.2691
0.3602	-0.1627	0.5721	0.5818	0.5194	0	2	0.5002	1	2	-0.0209	1	7.1205	3	0	0.0555	0.4672	0	0	0	2	3	1	1	3	-2.0418	3	0	0	0	0	1.0815	-1.0750	-1.6329	1	2	-0.9543	1.3334	2	0	-0.7557	1	2.5194	-1.5246	-0.7701	2	-3.9630	2	2.3221	-3.2958	-0.6333	0	-0.0205	3	0.5965	0.4868	-1.4569	0.5199	1.3142	2	2	-2.2229	1	1.1659	1	0.3747	1	3	0	-0.3698	1.1042	-0.2779	-2.3484	2.9987	-0.6507	1.5117	-3.0811	0	3	-2.1898	-0.0313	-0.8920	-2.3172	0	0.7648	0	0.8686	1	2	0	3	1	-1.5360	0	2	-2.4451	0	1	3	0.1721
0.5768	1.6414	0.0477	1.7678	-0.9358	2	2	0.8340	1	2	0.5561	1	-2.5499	3	3	-1.3823	-0.1604	1	1	3	0	3	2	1	3	2.2700	1	0	0	3	3	1.5164	0.8798	-1.3660	2	1	0.0223	0.3373	2	0	-0.6469	0	2.7546	1.5536	1.9043	0	-1.7856	2	2.4109	-1.2407	3.3693	1	2.8331	3	1.8030	-0.3763	-2.5472	0.4433	-0.9799	2	2	2.6407	2	1.2755	2	-6.4144	2	3	3	2.3319	7.2173	-5.1996	-9.9585	1.8958	-2.2443	1.7393	-0.7368	0	3	-0.1262	1.3385	2.5030	3.1727	1	-1.1816	1	-6.2157	1	3	3	0	3	-0.0271	2	2	-5.0114	1	3	0	1.3240
0.0370	0.0662	-0.0965	-2.7198	-0.9768	2	3	-0.9649	3	1	0.0794	0	2.5926	1	0	0.5936	-0.4155	3	3	3	0	2	2	3	1	-4.2209	2	2	3	3	0	0.4734	-0.0551	-2.3474	2	0	-0.7067	6.0850	3	0	0.9259	2	-0.5000	-1.9680	2.4664	3	3.0369	3	-4.6414	1.0961	2.5041	0	-1.5824	0	0.5916	-0.6749	0.1786	1.0494	-5.6043	3	0	-1.8959	0	1.2538	0	-0.2966	2	0	0	4.7960	-2.5832	-2.8890	-7.7871	0.6581	-2.7333	0.6940	-1.9763	0	0	0.4575	-0.3182	-3.0519	-0.9992	1	-0.7216	3	5.2470	1	2	0	2	3	-0.3040	2	0	-8.3721	2	2	0	-4.8333
-1.4129	1.3688	-0.9664	1.2263	0.0050	3	1	-1.9492	1	1	0.8445	1	-1.8882	1	1	0.5616	0.7458	1	0	3	3	0	0	0	1	-1.6707	1	3	2	2	1	-2.1836	0.5012	-4.2314	0	0	0.9439	8.1126	0	1	1.5695	0	-2.7587	-2.9093	3.2529	0	3.8869	3	-4.8950	-1.5600	-1.2088	0	-0.1741	2	0.6801	0.1530	-2.7732	1.3656	-4.9550	0	0	-0.1000	3	-0.1372	0	0.9231	1	0	1	-1.8552	-1.6854	-4.5478	8.4510	-3.5123	-2.6275	2.3661	-1.4398	0	2	1.1688	-0.7910	-0.1267	-0.6504	3	-0.9460	2	2.0713	1	2	0	2	2	0.4773	3	2	4.9609	0	2	0	4.0774
1.7541	0.7459	2.8399	-1.9301	0.6156	1	3	-1.9259	3	1	-0.4014	3	-0.1122	1	2	0.1552	-0.9162	0	1	0	3	1	2	1	0	2.9794	3	3	2	0	2	-2.6507	-0.1928	-1.2858	2	3	1.3458	-1.9999	3	2	0.1718	3	0.1274	-1.5676	-0.5429	3	0.5736	3	4.9838	-0.9028	4.5639	2	0.3477	3	1.5802	-1.4641	-0.8417	3.4212	1.4324	0	3	2.3714	0	-3.4517	0	-2.6423	3	0	2	-2.9588	-3.9671	-5.5133	-5.5169	-4.5523	-0.7298	4.3943	-1.4104	0	2	-0.1052	-1.6352	1.0308	4.6840	2	0.1681	2	0.9343	0	2	0	1	1	2.3050	0	2	-4.9879	2	2	0	-7.1262
0.1863	0.3109	1.4700	0.4747	-3.7297	2	0	-0.7348	0	3	-0.9822	0	-0.5396	3	1	-0.9689	4.9295	3	2	3	2	1	3	1	1	0.6639	3	2	3	0	3	-5.1791	0.2095	-0.9481	0	1	-1.0876	-0.1152	1	0	-0.3828	3	-2.9697	1.4118	8.0462	1	5.0049	0	1.9964	1.7013	1.0995	2	1.4281	3	-0.8856	-0.7565	-0.3622	-1.3466	-11.8227	0	2	-0.9571	0	0.8678	3	5.0144	3	0	1	-1.6316	-3.3721	-14.5580	0.4185	0.1126	-10.0596	-0.0527	-1.7694	3	2	1.3067	-1.6875	-6.1470	0.7796	0	0.7981	2	-4.2840	0	2	3	0	0	0.4825	3	2	-0.4010	1	0	2	-3.3573
0.8953	-1.3711	1.0594	2.0268	0.9978	2	1	-0.2276	2	2	0.4545	0	0.1030	3	2	1.6021	0.3238	1	2	1	2	3	0	2	2	-3.0971	3	3	0	1	1	0.3000	0.9317	3.5232	0	2	-0.1523	-6.7077	0	3	-2.2559	3	-0.3495	3.3784	-1.6790	3	1.3093	1	-2.7711	-0.4913	1.9253	1	-2.1244	2	1.5709	-0.9711	-2.1073	-2.2211	0.3642	3	2	-1.2109	0	3.1371	2	6.6921	2	3	1	-0.0848	-0.3646	3.8654	1.0796	2.3594	3.6035	0.7987	-1.1994	2	0	2.9229	1.3435	-2.2070	2.6968	2	2.2506	1	-5.6765	3	0	3	0	3	-1.3542	2	0	0.8720	2	2	3	2.7838
0.1569	1.3261	-0.9434	0.3411	-1.6468	2	3	0.1440	0	0	-1.0940	2	-2.6807	3	0	-0.5162	-1.1952	2	3	2	1	0	3	3	3	-0.0097	0	1	1	2	2	1.7194	0.0414	0.2404	0	1	-0.7814	-0.9047	2	1	-2.3468	3	-0.2056	2.8213	4.3762	1	0.5372	3	-0.3040	4.6531	-0.2374	1	-0.9929	3	-0.0373	-0.1544	-1.4530	3.6747	-5.6963	1	2	0.7456	1	-0.0367	0	-0.2350	2	0	2	-1.8681	1.5297	-6.2824	6.8040	-0.9702	-6.6936	1.5396	-0.6670	2	1	-1.2362	2.2718	4.6302	-1.9373	0	0.4266	3	-0.2894	3	1	3	3	0	-0.4017	3	2	3.5608	1	0	3	2.2839
0.0113	-1.2839	-1.5052	0.6078	-1.9314	1	2	0.0817	0	1	3.3949	2	1.9979	2	1	2.6476	-3.5572	1	1	3	0	1	0	3	0	-1.5183	2	0	2	3	0	5.5414	-1.4854	-1.3891	0	3	-0.1239	4.4127	2	0	-0.7128	1	-0.5330	0.7807	2.4445	2	1.6416	1	-2.7448	-4.2814	1.2179	2	1.5081	2	-1.2027	0.5000	-1.0725	-2.4849	-4.4759	0	1	0.2515	2	-1.9526	3	-6.8107	3	0	0	2.1367	7.0610	-4.5606	-6.0333	-0.7457	-5.1290	2.4260	2.7834	3	3	1.9254	3.0837	0.0473	-1.2511	2	-0.5952	2	0.6281	0	3	0	2	3	0.4742	0	1	-3.1160	1	3	0	3.1222
-0.8013	1.0874	1.3219	-2.2102	-0.7102	2	1	-2.0161	0	1	-1.6906	3	0.3863	3	1	1.0794	-0.9654	1	3	3	0	2	3	2	0	0.2951	2	3	2	2	2	-2.3810	-1.0872	1.7022	1	1	1.0663	-1.4396	0	3	2.9007	1	-4.8013	-0.2423	1.4323	3	5.4025	0	1.7097	1.1885	-1.0408	1	1.8996	1	1.2043	-0.1920	0.6248	-0.4166	-1.2993	0	3	1.5206	1	-1.6948	1	-5.9892	2	0	3	1.3929	-2.1142	-3.7582	0.2873	2.9278	0.4955	0.7703	3.0739	3	1	5.0012	-1.9219	-5.1918	1.8378	1	0.5755	0	-4.6541	3	1	3	0	2	-2.3626	3	0	2.4681	0	0	3	-5.4175
-1.6745	-0.6012	-1.4503	0.8047	-0.6697	1	2	-0.7448	0	3	0.6928	2	-1.4968	2	0	1.2725	1.2902	0	3	1	2	0	1	2	3	-0.2717	0	2	2	2	0	0.8896	0.9750	0.5720	3	2	1.8311	-1.1083	2	3	-4.1217	3	-0.5410	0.2934	-0.9251	0	0.9381	3	-0.1428	-1.2701	-3.7754	1	3.7128	2	-1.5842	-0.7970	0.1338	1.7104	3.6298	0	2	7.9880	1	-3.5973	0	-6.2140	3	3	3	0.9047	-3.1970	3.2639	8.0018	-1.0129	3.8912	-0.3948	3.0252	1	3	5.1460	1.6832	2.4219	-1.2060	3	0.2635	1	7.2602	3	3	0	2	0	-0.9747	0	3	15.2146	1	3	3	0.3750
0.4668	1.8861	-0.9202	-1.0723	-2.0542	1	3	-0.3463	3	1	-3.2041	0	-1.2146	2	0	0.1824	-0.6748	3	2	2	2	0	3	2	2	3.1670	3	0	1	3	3	-0.4132	-1.4933	-0.4689	0	1	-0.0634	-0.7771	2	3	4.8589	0	-1.0021	-1.1207	2.3517	3	-2.2583	0	5.1058	6.8791	0.8072	2	3.9792	1	-0.5941	0.0854	-1.3402	-0.5620	-0.3301	2	2	1.8713	1	-1.8801	3	-4.4704	3	0	0	-0.9322	-3.8246	-6.2085	-4.7868	-2.2443	-0.8650	0.8910	2.6406	0	0	0.3932	-0.8211	-0.3056	-1.8035	2	-0.7885	0	0.8733	0	0	2	3	3	-1.6203	3	2	-1.1911	2	1	1	1.3001
-0.5339	-0.0728	-2.9245	1.6352	0.5534	3	2	-0.7463	2	0	2.1123	1	-3.1828	1	0	-2.5626	-2.0341	1	2	0	0	2	3	3	0	1.1812	0	0	3	2	3	0.9529	-1.5133	1.9745	1	1	-0.6405	-1.5256	1	1	-2.6854	1	-1.9735	0.6614	-0.8213	1	4.8881	0	1.0240	-3.5881	-0.0112	3	1.4639	2	-0.3961	0.4779	-1.3605	1.4697	0.3278	3	3	0.1474	1	-0.5294	1	-6.3069	0	0	0	1.3320	0.9540	-0.8977	-6.9837	0.5496	-1.2632	-0.3858	0.8290	2	3	-3.7292	0.5285	0.6315	-3.5764	2	-1.4660	2	-1.3907	1	2	1	0	3	3.1411	0	1	-3.4874	0	2	3	4.8872
1.7598	3.4292	-0.5516	1.8377	-0.2277	2	1	3.1717	1	1	-0.5236	0	0.2739	0	0	-5.1913	1.9242	1	2	2	3	3	0	3	2	1.0170	3	2	3	1	3	-1.1174	-2.7200	-1.5480	3	0	-1.6809	-1.8523	0	1	0.5220	2	4.3433	0.9666	0.9466	0	-3.1522	2	-0.2590	-2.0424	2.7691	0	-5.2848	3	-2.5479	1.8328	-2.3490	-0.8176	-0.4641	1	2	-5.4672	1	2.3584	0	10.1904	0	1	1	3.2497	5.9565	3.2167	-12.0172	0.9075	-1.6193	1.6824	-3.6339	2	2	-7.0836	-0.8147	7.9539	-3.2094	0	2.2184	1	-3.6840	3	0	3	0	3	-1.3488	1	0	-14.9438	3	2	0	3.1524
-0.0677	1.4199	-2.9017	1.5010	-0.4034	2	3	0.3657	2	1	0.0937	1	-3.8210	3	0	-1.9557	0.0748	3	1	2	2	2	2	2	1	-0.7422	0	1	0	3	1	-2.5648	0.8524	3.6391	3	3	-2.1938	-4.4557	3	0	-3.2340	1	0.2200	-0.3860	-2.3230	0	-0.7860	3	-1.6582	0.6150	2.5508	1	-3.5513	2	1.7509	-0.3469	1.7697	0.1766	4.1562	3	3	-5.9039	0	1.6449	1	5.0036	2	3	0	-4.0296	1.3778	-0.5667	3.7577	1.4017	3.9974	-3.4066	-5.4905	2	1	-2.4334	-1.8955	-1.2853	-6.1273	0	-0.3492	1	2.8508	2	2	1	2	0	1.7184	0	3	-1.3680	1	2	1	3.7442
-1.6657	-2.3572	3.9823	-0.1340	-1.2097	1	0	1.3336	0	3	-1.9390	0	2.8697	0	1	2.1581	0.0461	0	3	1	3	0	3	2	2	-1.3187	1	2	1	0	2	1.9764	-1.8383	1.7998	1	1	-0.9158	-1.3944	0	2	0.4556	0	1.2512	-0.4671	2.3751	1	-1.4296	1	-1.1721	2.4489	-1.8651	1	1.5575	3	0.4426	-0.3038	2.0951	-0.3090	-4.4845	1	2	0.8351	2	-0.7305	0	2.1401	0	1	2	-2.6187	-0.9865	-5.2477	4.9301	1.4565	-1.4143	-0.3942	-0.8878	2	1	3.3390	0.6342	-3.8728	1.7059	0	0.2466	1	-1.0166	3	3	2	0	2	-0.3326	1	2	9.3516	3	3	0	4.0829
0.5117	-0.4096	0.3059	0.4432	-0.3770	2	0	-1.0067	0	0	-0.1797	2	1.5143	1	1	-2.2078	2.5958	0	1	3	1	1	0	3	1	0.5287	1	1	2	1	3	-0.6256	1.8582	-1.9759	0	2	-2.8831	0.5716	1	3	0.6651	1	-2.9353	-1.2802	1.9070	1	2.6068	0	1.8396	2.1414	-0.5531	2	2.8744	3	1.0060	-1.5967	0.8912	-1.5980	-5.2798	3	0	3.7791	1	-1.4840	3	-0.1093	1	0	2	-0.8634	-4.6403	-0.1805	-2.3689	-1.7617	-0.8305	-3.7305	7.0477	0	1	-4.0030	0.1282	8.1106	-3.8990	2	-0.0008	2	-3.9446	0	1	3	0	3	-0.1274	2	0	-1.8871	0	3	2	1.5909
0.0875	-2.1368	-3.1120	-2.2183	-0.4638	0	2	2.1412	0	2	-0.7054	0	0.5463	3	0	0.1590	-1.7688	1	2	1	1	3	0	1	0	-4.1906	0	1	1	2	1	2.3967	0.0575	-0.5288	0	0	-0.9587	-0.5442	2	0	0.3511	3	3.8146	0.2222	-0.0612	3	-5.2953	1	-8.1675	-1.6189	-0.1226	2	-2.5698	2	0.3539	-1.0471	1.4864	-1.9528	-0.7855	1	0	-4.2842	2	-1.1387	3	0.5958	2	1	1	-2.0834	0.1948	0.8975	9.9696	2.5071	1.4623	0.6458	-4.4112	0	3	0.0940	-2.9728	-3.6881	-3.3448	0	1.0298	1	5.2729	0	3	0	2	2	-0.5186	1	1	4.8013	0	2	2	-3.6022
-1.1336	-0.1416	1.8375	1.2673	0.7693	2	1	1.0494	0	0	-0.8871	1	0.4708	3	1	0.3702	-1.4004	0	3	2	2	3	0	0	2	-0.5446	3	3	1	0	2	-0.7581	0.1111	1.9164	0	0	0.0548	-2.3801	0	2	-0.5588	3	-0.9796	-0.8538	0.0796	1	1.6057	2	1.7291	-1.1373	1.5828	2	2.0820	3	-0.8623	2.1142	-0.1895	2.9731	0.9622	2	2	2.0133	3	0.1151	3	-3.0899	2	1	0	-2.8273	1.0399	-0.4036	-0.4516	-2.0002	-0.7162	2.8530	3.0318	2	2	0.7839	0.6816	6.4854	2.9692	2	1.5167	0	-2.2035	3	2	3	1	0	-0.4280	3	3	-3.4579	1	3	1	1.0695
-0.1791	-0.4013	-1.7544	-1.2092	1.5623	0	3	-2.2544	3	2	1.7721	2	-1.1641	1	0	-0.5073	0.5458	0	3	1	0	3	2	1	2	0.9554	1	2	1	3	1	-3.1194	1.9443	-1.9955	1	2	1.5110	3.6015	1	2	-0.0941	0	-2.7032	-0.5629	-2.6896	2	1.9252	0	4.5692	-0.9730	0.7013	1	4.2271	2	0.4278	-0.5475	4.4500	0.4740	3.6221	3	0	2.8561	3	-0.6398	0	-6.3789	1	0	1	-1.8047	-3.4939	5.6484	-4.8917	0.3249	1.2127	-1.8317	2.1400	0	0	0.8830	-2.1857	-1.7634	-0.0796	1	-1.7583	0	5.0740	1	0	0	1	3	-2.1636	3	0	0.0180	3	3	0	-0.9598
-0.6896	-0.8226	1.3345	0.5570	1.7622	2	1	0.1474	0	0	-0.3049	0	-0.0079	3	0	1.3547	-0.3626	0	3	1	1	1	3	0	0	-1.2675	0	0	3	3	2	-0.7846	0.1311	1.0359	1	1	-0.6242	0.9985	0	2	1.7315	2	-2.6759	-1.1286	-2.2043	0	7.1123	1	-1.3417	0.8138	-0.2538	1	-0.1063	3	-0.0420	2.0371	1.3753	1.2366	3.8262	3	3	0.3212	1	-0.2469	1	0.3474	1	0	2	1.6491	-1.0200	9.1830	1.2737	2.3406	2.9291	-2.0863	-1.9197	3	3	0.7419	-2.5469	-2.5247	0.0648	0	1.0602	1	4.2823	3	1	0	3	1	-0.9033	0	3	2.1393	3	2	3	3.9368
2.0673	-1.0907	-1.3501	1.9879	-1.0508	1	3	-2.0509	3	1	-0.6048	3	-1.9336	1	3	1.0471	-3.0759	3	2	1	0	3	3	3	0	-3.3484	0	1	2	2	3	4.1200	-0.5800	-2.8515	1	1	-0.9733	1.6501	2	3	-0.9581	1	-2.4616	-1.6941	0.8809	1	1.8936	3	-2.8425	1.2482	3.0301	3	-3.0654	2	-3.7417	0.9586	0.3122	1.1795	-2.4013	0	0	-2.0555	2	-1.7094	3	-2.0222	3	0	1	-1.9721	-3.6354	-3.7225	-1.6395	-1.8617	-0.0775	-2.1655	-3.2603	2	2	-1.9941	-0.5644	2.3688	-3.8559	0	-1.7941	2	2.9423	1	3	0	2	1	2.6136	0	3	-3.7793	1	1	3	2.4826
0.8842	-1.0478	-1.3899	-1.3497	-0.6179	1	0	0.8286	0	3	2.0045	3	0.0353	0	2	-1.3441	-1.0315	0	2	1	1	1	1	3	2	-0.7928	0	0	2	3	1	5.2634	0.8970	0.6008	3	1	-0.2986	-2.3978	2	1	-1.4704	3	0.5977	0.3154	1.0129	3	0.6177	1	-3.3194	-2.9569	-2.0993	1	-6.8438	2	-0.0561	-0.0931	-0.2765	1.7869	-2.1543	0	2	-4.9687	0	1.5380	1	2.5666	3	0	2	-2.0639	1.6633	-1.2023	9.7624	1.3897	-2.5011	-1.4378	-3.2719	1	1	-2.1552	2.4503	-0.3417	-0.1289	0	1.9828	2	2.6826	0	3	0	2	0	-2.7622	3	0	4.4221	2	2	0	-0.4821
0.0765	-1.3391	-0.5813	-2.9756	1.7474	1	0	-0.8937	3	1	-2.3289	2	1.0219	1	2	1.8292	-0.1442	1	2	2	2	3	0	2	0	4.1235	3	3	1	2	0	1.1624	0.2263	0.8536	0	0	1.8144	-4.2627	2	0	1.7382	1	-2.2270	-1.0955	-1.6234	2	5.0957	1	4.8166	0.3546	1.7370	1	4.1815	1	-0.9149	-0.7625	0.8741	-1.9126	-1.5588	0	2	6.2623	0	-0.9636	1	-3.9496	3	2	2	0.3832	-0.5961	6.5417	-5.9729	2.0776	0.9941	-0.6546	3.5788	3	2	3.5381	-1.5405	-2.7015	-0.0213	2	0.0887	0	5.9668	1	1	0	3	3	-0.9623	1	3	-0.2194	1	3	3	-8.9417
0.2476	1.9521	0.9914	1.2938	-0.5841	1	1	-0.2895	1	2	0.7020	3	1.8216	0	0	-0.3522	0.3938	3	3	3	1	1	3	0	3	-2.7383	0	1	1	1	2	-1.2611	0.4517	-0.6144	0	1	-0.1673	0.3506	0	0	0.6600	3	0.0221	-0.2843	-0.7597	0	1.8142	3	-2.1084	-1.6292	0.1432	1	-1.6618	3	-0.5049	-0.6708	-1.6261	1.9517	1.9839	0	2	-2.3945	1	0.6788	2	-2.1548	1	0	2	1.4411	6.2996	-0.2346	1.4660	-3.9346	1.1103	3.0914	0.3383	3	1	0.1331	-1.3299	-4.8015	0.9550	0	-0.7451	2	0.2835	2	0	2	1	0	1.3375	3	3	-4.2534	2	1	2	2.8744
-0.4193	-0.9311	-2.7172	-0.0344	-0.5685	1	2	1.8222	2	1	-1.5836	0	1.2626	2	1	-0.2134	-0.5641	2	0	0	1	0	0	1	0	-0.0198	3	0	2	2	2	0.6307	-2.1541	0.7238	0	3	0.6233	-3.8209	1	1	4.2072	0	4.0172	0.6384	0.5717	1	-6.1912	2	1.8311	0.9172	0.5261	0	2.6193	2	-1.2356	1.2495	3.0288	1.0208	-1.4078	1	2	2.0350	0	0.0148	0	-5.7242	0	3	1	2.3796	-0.4087	-0.7267	-2.5230	-0.9750	-0.6611	-2.1936	-0.1176	1	1	0.7702	2.7375	1.7715	1.3323	1	0.0123	2	-3.0484	2	0	2	0	3	1.8575	2	1	0.3802	2	3	1	-1.4274
-0.8258	-0.6720	0.6786	-0.6957	0.9420	0	2	-1.2646	2	1	-0.2389	1	-1.8411	0	2	-2.8848	-1.2113	2	3	0	1	0	2	3	0	0.0351	2	0	1	1	1	2.5767	-0.5631	1.7411	2	3	-0.9096	-1.4203	2	3	-2.6148	1	-1.7837	0.5970	-3.1675	2	4.6081	2	1.5071	-1.9683	4.1783	3	-1.5071	3	-0.6809	-0.3868	-0.0915	0.6645	1.2331	0	2	-1.1312	2	2.0743	2	1.5829	1	2	0	-1.6471	-4.7464	7.4442	-4.7719	0.1357	8.6456	1.9203	0.5743	2	2	-0.3170	-0.6980	-1.0740	-2.0412	2	1.6447	0	-0.5200	3	3	0	3	3	0.8931	1	1	-5.6975	2	2	1	2.1170
-1.7787	1.3424	-2.0159	2.3558	-0.6141	2	0	-0.0389	3	1	0.9841	3	3.1028	1	0	-1.6106	-1.5352	0	3	2	3	2	3	3	0	1.4880	1	3	2	3	2	1.3588	0.1428	-0.9363	1	0	-0.6045	3.2597	2	1	-1.7349	1	-1.4853	-3.2524	-0.8888	2	2.7980	0	-0.1952	-3.4272	-1.5038	1	1.2273	0	-1.0359	-1.0015	2.5366	0.3055	2.1181	0	1	-0.3567	0	-0.9163	3	-0.8128	1	1	2	-2.1232	2.9360	1.0778	4.7102	0.1145	0.9356	-2.2013	1.0978	0	2	1.7927	0.4613	-1.6368	-4.1749	0	-1.9275	2	8.2852	1	3	0	2	2	-1.6616	2	3	5.0860	3	3	0	4.6045
-0.8229	1.2725	1.2756	0.4252	-0.0503	0	1	0.8067	1	0	-2.4855	1	0.6127	0	0	-1.0236	-3.3768	2	3	3	0	2	0	2	0	0.7854	3	3	1	0	0	1.0615	0.8969	-0.2930	2	0	1.1695	0.8226	0	2	-1.1311	1	1.0343	0.2166	0.6859	0	0.3738	0	3.9754	6.5732	0.7484	3	0.5898	0	-0.1242	-0.6842	1.3775	3.8353	-1.3972	0	0	-1.7910	1	1.8524	3	-4.7693	0	1	1	-1.3881	-4.7598	-3.4830	-1.8922	-2.2981	0.2644	-0.4489	-2.0189	2	3	-1.0443	1.9311	2.3145	3.9503	0	0.0752	0	-0.2655	0	0	2	2	3	2.3390	1	3	-1.7078	3	3	1	1.9368
-1.0754	1.6084	0.5409	2.6461	1.5835	2	2	-1.2261	2	0	0.6882	3	-0.2381	3	1	0.0463	-0.5797	1	2	3	1	2	0	0	0	-3.3585	2	2	1	3	0	2.8806	-1.5324	1.8791	2	0	0.2749	-2.3892	2	1	-0.8851	2	0.8738	-1.1290	-2.5617	2	0.6093	0	-5.5489	-1.4580	-1.8004	3	-0.9495	3	0.3888	0.3560	0.1822	-0.3416	3.7325	1	2	-1.7148	3	2.9895	1	-1.0318	1	2	2	-1.9667	4.8949	4.5026	12.0945	-0.8295	3.7197	0.1485	-1.8244	2	3	-1.2859	1.6373	1.5581	0.7176	0	1.0749	0	-3.4501	0	3	3	0	0	0.4652	3	1	10.8943	1	3	0	4.8812
-0.0368	0.8551	0.7021	2.1250	-0.4901	3	2	-3.9761	2	1	-0.3925	1	3.8275	2	3	-0.3584	-1.3441	3	2	2	0	3	0	3	0	1.2244	0	0	1	0	2	3.2595	0.0948	0.1258	1	1	2.0214	1.4079	2	1	0.1438	1	-1.5644	0.3228	0.8605	0	2.5458	0	1.0817	-0.8400	1.6217	1	0.1323	3	0.1155	-1.6203	-0.8019	2.4759	-1.6550	0	3	-1.3170	2	-0.8487	1	1.1564	0	0	0	2.7655	-1.6890	1.3020	-6.4143	-0.9399	-2.3611	0.0357	-1.7964	3	0	-1.0443	-2.3504	-1.9880	3.8463	2	0.0503	0	-1.2590	3	3	2	3	3	-0.2290	3	3	-3.2208	1	2	1	3.0559
1.0074	0.9122	-1.1262	1.5370	-0.5994	2	1	-2.0065	0	0	-0.8947	1	0.5628	0	2	0.6095	0.3949	0	2	2	0	2	3	0	1	2.7504	0	0	1	2	1	-1.8061	0.7026	-0.2107	0	1	-2.5788	-2.3062	1	0	0.2463	3	0.3269	0.6911	0.6213	2	0.3016	3	2.4885	0.1579	2.5460	2	0.3338	2	0.5929	-0.6478	0.2468	-3.3672	-0.4951	0	1	-1.0311	1	-2.4878	1	-1.0751	2	0	0	-1.6110	-1.4000	-4.5516	1.1405	3.4073	0.5309	-0.5256	0.1003	0	0	-0.4386	-1.6237	-2.3955	-3.2225	1	0.2381	2	-0.7754	2	2	3	0	0	-1.9099	3	2	-3.3346	0	0	1	6.1530
-0.1462	0.6589	-2.2423	-0.1715	0.0855	1	1	-2.5400	3	0	0.5988	0	-2.1980	0	2	1.5485	0.0978	0	0	3	0	0	1	0	1	3.3121	2	2	2	1	2	0.1494	-1.8947	0.0436	3	2	-0.1557	-1.1132	0	3	-3.5453	3	-3.2759	3.0353	-1.4157	0	1.9920	0	6.4973	-1.1578	1.7038	3	6.2630	0	-0.3814	0.3412	-2.2491	-0.5573	2.3439	0	2	5.8725	0	0.2209	1	-5.2470	3	2	2	1.8697	-1.2975	4.2834	-9.6658	1.7811	2.4527	2.8636	4.6817	2	3	2.7501	3.5892	1.1101	-2.4162	1	-0.3262	2	0.5959	2	1	0	2	3	3.0432	2	1	-4.8413	2	3	0	-2.4320
0.4512	1.4760	-1.4453	1.2892	-2.6409	0	0	0.9756	1	1	1.2834	2	-0.4298	3	1	2.6812	0.9950	3	0	0	2	0	3	2	2	-2.3668	3	3	3	1	0	0.2526	-0.1617	-0.3178	3	1	0.7871	0.2625	0	1	-3.5822	3	1.7962	-3.0734	5.7294	0	-3.5839	0	-5.6217	-1.1799	-0.0962	0	-6.5381	2	1.6072	-2.2020	0.3905	2.2895	-6.2512	2	3	-6.1255	2	-2.9616	2	6.8694	2	2	3	2.7935	7.3704	-8.1021	0.9484	-0.5001	-6.6013	-0.7331	-3.2924	2	1	1.5863	-0.4077	-5.1830	-0.1518	0	1.2178	3	1.2691	3	1	0	1	2	-0.2628	3	2	-3.0215	2	2	2	1.5406
-0.1771	-0.9776	0.0468	1.2050	-0.0451	3	0	-2.2222	1	3	-0.8848	0	-0.4543	2	1	-1.4693	0.8108	1	2	1	0	3	3	0	2	-1.1253	2	3	1	1	1	-0.1699	2.1359	-1.5222	3	1	2.3264	2.6861	0	2	-0.2812	2	-1.0481	2.4401	-1.1344	0	-1.3826	0	0.2387	1.4908	1.2330	3	-1.7488	0	-0.4483	0.6701	-2.0217	2.3778	-1.0530	2	1	-0.9840	3	3.2976	2	1.8098	0	0	1	3.1984	-3.8872	1.3662	-4.7569	1.5699	1.0284	1.5256	0.3087	3	1	-0.3974	-3.1100	-0.5114	1.9018	2	-1.0051	0	-2.5860	1	0	3	2	3	-2.0701	1	0	-7.9795	2	2	2	2.4223
0.2889	0.1815	-0.2210	-1.8447	2.1456	3	2	0.6753	2	2	2.2423	1	0.5858	0	0	0.1289	1.8847	3	2	0	1	1	1	2	1	-0.0419	2	3	0	3	0	-0.6299	-0.5814	2.2324	3	2	1.9466	-4.1451	3	3	1.5455	2	1.1007	-0.6275	-2.4365	3	-2.8374	2	1.7597	-4.8214	-0.3508	0	0.6670	2	-1.3845	0.5606	2.0514	0.7349	3.7818	2	2	0.3429	3	-0.0193	1	1.0203	0	1	2	-0.8148	2.5132	3.7858	0.2219	-1.7424	4.2213	-0.1565	2.4434	1	0	-0.0610	1.3453	1.3008	-0.2338	2	-1.1835	1	1.1984	1	3	0	2	1	-1.3695	2	0	-1.6243	2	3	1	1.4689
-0.3611	0.0373	-2.4679	0.3792	-1.7776	2	3	0.8800	2	1	-1.6120	3	-1.4259	1	0	-1.2350	-0.0840	0	0	2	2	2	0	3	2	-0.1655	1	1	1	3	0	-3.9842	1.3045	1.4771	0	0	0.2097	-0.3639	1	3	0.2678	1	-1.4418	-4.2878	2.8197	0	2.7935	0	-3.1609	-0.7156	-1.8842	0	0.4319	2	-2.4663	-0.4674	0.4466	0.2367	-3.5263	3	0	1.6249	1	0.6895	2	-1.2072	1	1	3	1.6161	2.0759	-3.5303	3.8569	0.7006	-1.6132	-1.1821	0.3186	1	2	-5.2656	1.7577	5.8973	-1.5777	3	-0.3480	1	8.0975	2	2	0	1	0	-2.6957	2	0	2.9383	3	0	1	0.4239
0.4951	-1.7190	1.9276	-1.0322	0.3105	3	3	0.0347	2	1	0.5857	3	0.1424	1	3	-1.6730	-1.3298	0	0	1	3	3	3	3	0	1.4546	2	2	1	0	3	2.1839	1.4492	0.4110	0	1	-0.7059	-1.1639	2	3	-1.4632	0	-0.6567	0.2343	-0.4102	0	3.4067	2	0.2379	-1.6407	-0.0574	3	1.1131	3	1.8936	0.0160	0.9484	-3.0039	-1.0300	3	2	-1.9679	2	0.4512	0	-0.9917	3	2	2	-0.3178	-4.6170	-2.2541	0.6481	1.5064	1.0576	3.1483	-1.3192	1	1	-3.5567	3.1753	3.9092	3.0596	0	-1.3690	1	-1.8415	0	3	3	0	1	-0.3082	3	1	0.4705	2	2	0	0.2176
-0.5825	0.9067	-1.9132	3.4425	-0.9279	3	2	1.2875	0	0	-1.0972	2	1.2316	1	2	1.1479	-3.7727	3	0	0	0	1	2	1	0	-1.7828	0	3	3	2	0	3.7402	-0.7856	-1.9099	2	3	2.5137	4.4474	2	3	-0.9306	3	0.3950	0.4729	1.9188	1	-0.1440	3	-0.9508	1.9900	-1.3528	2	2.6586	0	-0.8857	0.9517	-2.0528	-1.8366	-0.9995	1	1	4.6976	0	0.9627	3	-6.1547	0	3	3	-1.6554	1.5617	-2.1569	3.0396	-0.8050	-3.1744	0.8450	2.6426	0	1	2.2633	-0.2659	2.6074	-0.7221	2	0.4386	1	1.1573	0	3	1	2	0	3.1895	1	1	6.1490	0	3	2	5.1932
-0.0867	-0.1929	-0.5986	-0.3774	-1.5327	2	2	-2.2022	2	2	-0.3462	1	3.7600	1	3	-2.9941	2.6083	2	1	1	3	2	0	0	2	0.3272	3	0	3	3	3	-2.1035	-0.1528	1.5148	0	1	-1.1959	0.4453	0	3	-1.0969	0	-2.4746	-1.7601	1.0558	2	4.1703	0	0.5303	-0.7254	-1.2696	1	-0.3457	2	-2.4453	0.1984	-0.1751	-2.2811	-2.9575	0	0	-0.8427	3	-0.1344	3	6.2055	1	0	0	-2.3765	-3.4339	-6.3925	4.5244	-0.7249	2.1570	0.4621	-1.2869	2	2	-4.2946	1.0491	3.5831	-0.8302	3	-0.3433	1	5.7856	3	2	0	3	0	0.9243	0	2	1.0871	3	2	2	-3.1484
-0.6203	-0.9714	-1.7059	-1.2641	-1.1039	0	3	-0.4257	1	1	-0.1902	1	-1.2554	0	1	2.1165	-2.4355	3	3	1	3	3	1	0	0	2.3055	1	3	0	2	3	2.2836	-0.5866	0.9300	0	2	1.0700	-2.2758	2	1	-0.8782	2	-1.2706	-1.7038	2.3080	3	2.2083	1	4.8553	-1.0786	0.8264	1	3.7276	2	-1.1863	-0.9542	0.5173	0.8068	-5.5531	3	2	2.9032	3	0.4514	0	-4.8815	1	0	0	1.4051	-3.0123	-7.3001	-8.3655	1.9650	-3.2273	-1.1161	2.5060	1	2	3.3331	1.6136	-0.0472	-2.5894	2	0.1661	2	4.1099	3	3	0	3	3	-1.6454	0	2	-2.7029	1	3	0	-0.5168
0.7443	1.6251	-1.1770	0.4877	1.3099	0	0	-1.6288	2	3	1.0603	2	-0.2295	2	0	-0.0809	0.2703	1	0	3	2	1	3	2	1	0.1326	1	1	0	1	3	0.9188	-0.3535	-0.7059	2	1	0.7063	0.3614	2	0	2.2447	2	-3.8343	2.8495	1.2217	3	4.3861	0	0.6315	-0.6571	-0.0833	2	2.7018	1	2.0509	-0.4273	0.1400	0.2497	-0.3811	3	0	1.7314	1	1.2505	3	-2.8575	3	2	0	1.7996	-1.6681	0.0356	-4.8454	1.0592	-3.1162	-0.2650	1.4879	3	0	-0.3325	-0.9244	0.2046	-1.8093	2	-0.8633	3	0.4179	0	3	2	1	3	0.0562	0	3	-0.8213	2	3	2	0.2303
1.1253	-1.8624	-1.3958	1.6855	-1.7066	0	0	0.0014	2	0	0.4562	1	2.2416	2	2	0.0750	-2.2158	2	1	1	3	1	0	0	0	5.0463	3	0	3	3	1	2.6714	0.8346	0.3392	0	2	0.9512	-0.8213	2	1	2.7439	0	3.5277	1.1476	3.8735	2	-3.2894	1	7.7574	-1.2190	2.0014	0	6.2030	2	-0.7564	4.1979	0.3935	0.7885	-6.2379	1	2	8.6116	0	2.1616	0	-8.1838	0	2	1	-1.0598	-5.0379	-6.9766	-9.4396	4.6899	-6.2585	1.5478	5.1056	1	0	-0.8476	-0.4498	6.3545	1.2900	2	0.2110	3	1.2847	3	3	1	2	3	0.5859	0	2	-5.1075	3	3	0	4.4569
-0.9575	-1.0509	0.0235	-0.4686	0.6364	2	3	-0.4550	1	3	0.2454	3	-0.1972	3	0	1.8978	0.5395	3	3	1	1	3	3	1	2	0.3039	1	0	2	1	3	-1.6876	1.3017	-2.6494	3	2	-3.2164	2.9877	0	3	0.4562	2	2.9787	0.8321	-2.2389	2	-4.3879	1	-1.5060	0.6995	-5.2284	1	0.2759	0	0.7830	2.2706	1.4527	-3.5284	3.1991	2	1	-1.9363	2	2.7523	3	0.9528	0	2	2	-0.8995	-1.2963	3.2490	8.7030	0.5111	5.1998	-1.7110	-1.0156	0	2	1.4138	-2.0336	-3.2973	-4.6938	0	-0.1813	2	-0.8677	1	0	1	1	0	-0.0737	2	1	10.3604	3	1	1	-2.9790
0.7622	0.8069	-0.5108	-0.4068	-1.1888	2	0	-0.1343	3	2	-0.1421	0	-1.4686	1	0	-1.5765	0.4432	0	0	3	3	0	3	3	2	0.9814	1	3	2	2	3	0.1343	1.4231	-0.0412	2	1	4.7465	-3.6780	2	2	-1.8905	0	1.5566	-2.4648	1.0230	3	-0.9313	3	2.1636	2.2905	-0.1690	1	2.1223	2	-0.2435	-0.4903	-0.6795	3.2632	-0.9134	0	2	-0.9405	1	-1.5400	2	-2.7352	1	1	1	0.2866	-0.8378	-1.0314	-3.4941	-0.9500	-1.0521	1.4414	-2.2453	0	1	-0.0746	2.4310	-3.3944	4.1218	0	-2.1195	2	4.0207	1	0	1	2	1	3.2940	0	3	-3.3005	0	3	2	-3.7344
-0.8224	1.2022	-0.0246	0.0296	-0.6423	2	2	1.9792	0	2	-0.8251	2	1.8046	3	3	0.2554	1.2655	0	3	2	3	3	3	2	2	2.7914	2	1	0	0	2	-0.0563	0.0400	2.6715	1	1	-0.6763	-0.7836	3	2	-0.2107	3	-1.1399	0.6695	-0.2185	0	1.8122	0	1.6142	0.2850	0.4105	1	2.3861	0	1.6787	-1.2643	1.1120	2.1837	1.4571	0	3	2.2000	2	-0.4636	1	1.0046	2	1	3	0.7241	3.2011	-0.5694	-7.2798	-0.3070	3.4280	0.7843	-0.1350	1	1	-1.3067	0.6691	5.6916	-3.7395	0	1.2088	0	-3.3997	3	0	2	0	3	-3.2279	1	0	-3.1550	2	3	3	-3.6683
1.2939	1.0923	-1.1612	0.3048	0.3611	2	3	-2.5052	0	2	-0.2633	2	2.4954	3	2	3.2141	2.3117	1	1	3	0	1	2	2	2	1.1109	3	1	0	3	2	-4.4809	-0.8040	1.1127	1	3	1.7236	-2.2134	1	1	-0.9707	3	-2.6927	2.2266	-2.2308	2	5.5180	0	7.1953	2.5590	1.8850	0	0.3364	2	-1.0601	-0.8649	-1.3534	-1.6815	2.2024	3	1	0.2402	1	-2.6942	2	1.8730	2	0	3	-3.0396	-3.9813	3.4421	-4.9039	-3.0983	1.4262	-0.4369	-1.1901	2	2	4.8798	-1.3311	-4.6772	-0.0458	1	0.6250	2	-2.5358	3	2	2	1	3	0.0226	0	1	-4.4127	0	2	1	1.3348
-0.0788	-1.0721	1.3952	-2.4184	-0.7493	3	3	-0.9099	3	3	0.2561	1	1.4952	1	3	-2.4570	0.5320	0	0	1	3	3	0	2	1	-2.6419	2	0	2	0	1	2.0151	-0.1821	1.9548	3	0	0.5921	-0.8707	3	2	2.7198	3	-0.8820	1.8014	1.3686	3	-0.1394	1	-3.7902	2.0708	3.1837	1	-2.0279	1	-0.3707	-0.3109	-0.4439	0.9184	-3.6584	1	2	-2.8045	2	-2.0358	0	3.7108	0	0	2	1.7376	-9.6231	-3.6762	-1.4762	0.2976	-1.7240	-2.6939	-0.6631	1	1	-3.3099	-0.1220	-0.6842	1.7530	1	-1.1353	1	-4.2198	0	1	3	0	3	-1.9118	2	0	-4.6605	1	0	1	-4.6446
-0.0522	-0.1772	-0.0129	2.6422	-0.3156	1	2	-0.8652	3	1	-1.5875	3	0.2398	2	2	-0.9893	0.6222	1	0	0	0	1	2	1	2	1.4922	0	2	0	2	1	-1.2342	-0.3426	-0.4675	3	3	0.4497	-0.2567	3	1	1.1530	0	-1.1666	1.0000	0.7993	1	-0.0862	3	1.6523	2.5827	0.4865	1	2.8392	3	0.8012	-0.4844	3.4395	0.0121	-2.0153	1	1	3.5478	0	-1.1278	2	-1.1679	3	2	1	3.1223	-0.6466	-3.7959	-6.0044	-0.8935	-1.4844	-4.5289	0.3984	0	0	-1.8456	-0.6405	3.7915	0.8707	3	0.1583	1	-3.1016	0	0	2	1	3	0.2755	0	2	-3.9622	2	0	2	7.4867
-0.6481	-0.2909	-2.0188	-0.4518	-0.0599	3	1	-1.0277	1	0	-0.9871	1	1.5946	0	3	-1.4796	-0.5630	1	3	0	3	1	3	3	0	-0.8896	3	3	3	3	2	-0.2767	-1.5551	-0.9775	1	3	2.4352	3.1269	2	1	-0.1868	3	1.4783	2.8574	-0.4126	1	-0.8181	3	-1.6627	-0.5133	0.3064	3	-2.5540	2	-2.2555	0.9259	-2.1391	1.7699	1.1573	1	0	-2.6241	2	4.2340	3	2.7246	0	0	0	1.0944	-2.5600	-1.5327	2.3747	-0.0294	0.9963	3.5667	-0.0824	0	2	-2.9947	-2.0103	-2.2371	0.9148	2	0.0504	3	-3.4767	2	3	3	0	2	0.1648	1	0	-2.9133	3	2	2	0.7201
-0.6417	1.1109	-0.1661	0.1335	-2.2724	2	2	-2.9431	2	1	-0.1946	0	-4.2117	1	0	-0.2144	-1.6262	0	3	3	3	3	0	1	0	0.1123	1	0	0	3	2	1.9340	-1.3550	2.0708	0	0	-1.0810	0.4838	2	1	2.6838	1	-4.0891	0.4295	4.6711	3	5.3469	0	-1.7025	-0.5033	-0.0811	0	-1.1380	0	-0.9407	2.7084	-2.4976	1.7389	-7.8117	0	0	-1.0779	1	5.5155	1	-0.8363	3	2	1	-2.7656	-1.0236	-5.7177	3.5352	0.4461	-6.1909	-0.1967	1.7482	2	1	0.0424	2.1064	1.1137	1.8536	2	0.1086	2	-3.0089	0	3	3	0	2	2.6668	1	2	-0.1182	3	1	2	2.8099
0.5855	-0.9449	-0.2854	-0.7919	-2.6404	3	0	0.7497	1	0	-0.7396	0	2.4626	3	3	0.0587	-1.7810	1	0	2	3	2	3	2	2	0.3692	2	0	1	3	2	5.2279	-1.1731	-0.7488	3	3	-1.8158	0.9149	2	3	-0.4463	0	1.5952	0.7013	2.8371	3	-2.7658	2	-0.2951	0.2666	0.1631	3	0.4055	3	-0.2177	-2.2927	-0.0215	2.0552	-4.3411	2	3	1.1071	3	-3.9006	3	-1.2687	0	1	1	-1.3103	-4.6559	-3.2802	-0.0110	0.0241	-4.4239	-0.3074	0.4304	0	1	-1.4139	-1.9157	1.7007	-1.4114	0	1.0421	3	-0.6764	3	3	3	3	2	-1.8092	3	2	-0.7891	3	1	2	-0.0205
0.5201	0.7624	0.6434	-1.1016	-1.3878	2	3	-1.1228	1	1	2.1353	1	-2.6286	0	3	1.6794	-1.7520	1	0	0	1	1	3	2	0	-0.1156	1	2	3	0	1	0.3293	0.1314	0.7568	0	1	0.6689	-2.9141	2	0	0.8741	2	-0.9969	0.4055	2.6758	3	1.6147	0	-1.2510	-4.9403	1.0963	2	-1.0323	1	0.4296	-1.1809	-1.6369	2.0402	-5.0096	3	2	0.3366	2	-0.3009	2	0.0688	1	0	3	-0.1783	3.3467	-6.9380	-0.8573	-1.3615	-2.6612	1.5358	2.4283	3	3	1.2946	-1.9063	-4.1729	3.6897	1	0.3638	2	-3.9118	3	3	3	0	0	0.7585	1	2	-1.3683	1	2	1	1.8600
0.9006	-0.8478	-1.3338	0.1909	0.2973	1	3	-2.5913	3	1	-0.2329	3	-0.4133	0	3	-2.2200	-0.9536	2	1	3	2	3	0	2	0	-1.9406	3	3	0	3	0	-0.9201	-1.8617	0.3885	3	0	1.2232	-0.9203	3	3	-1.8777	0	-2.5156	-0.7993	0.9640	3	1.1074	3	-6.1471	-2.0604	1.7821	0	-5.9619	2	-2.1775	1.6195	0.4936	0.4109	-2.4963	0	1	-6.1678	2	1.0071	0	8.7258	3	0	1	1.4337	-7.5799	-0.0602	3.8046	-4.2320	-1.8993	-1.8973	-2.8796	2	2	-4.9839	0.2490	0.9546	0.9982	0	-0.9302	1	1.4797	2	3	0	3	2	1.6486	3	3	-0.2004	3	2	0	5.8457


