
X1	X2	X3	X4	X5	X6	X7	X8	X9	X10	X11	X12	X13	X14	X15	X16	X17	X18	X19	X20	X21	X22	X23	X24	X25	X26	X27	X28	X29	X30	X31	X32	X33	X34	X35	X36	X37	X38	X39	X40	X41	X42	X43	X44	X45	X46	X47	X48	X49	X50
-0.2284	0.7128	0.1117	-0.2347	-0.4372	0.7406	-0.2526	-0.2819	-0.7338	-0.3383	0.5971	0.5861	1.3097	0.0897	0.1440	1.7981	-0.5814	-1.3437	-1.7342	0.4360	-0.4423	-1.8118	0.5326	-1.4264	-0.8822	0.5721	-0.5328	-0.5395	0.1807	-1.4608	1.0195	0.6564	-1.3127	-1.2331	-0.9228	0.7020	-1.4752	-2.1265	-2.2578	-1.2154	-0.5741	1.8468	1.1043	1.5683	-1.6392	0.7080	-2.5760	2.0012	0.3990	-0.9491
-0.3840	-0.0608	-0.8963	-0.4851	-1.0687	1.8104	-0.6174	1.2315	1.4024	3.5518	-2.3355	0.1956	-0.3512	0.3156	0.0332	0.1674	0.2706	1.6174	-0.1884	1.2040	0.4627	-0.4236	-0.9647	-1.2516	0.8327	-0.8554	0.4809	-0.4625	2.2060	-0.4224	2.0449	-2.2100	0.1271	0.4485	-0.3676	-0.7960	1.0293	-0.1709	1.4704	-0.0364	1.7254	-0.0163	0.6984	-1.1469	-0.6418	0.2800	1.4405	-1.4784	1.7249	1.0762
-0.5631	-0.9903	0.7111	0.0210	-0.1287	0.8400	0.7438	-0.9535	-0.4346	-1.2497	0.2880	0.7858	0.4945	-1.5583	-1.0379	0.6944	-1.7590	0.1426	0.2885	0.6496	-0.1260	1.1431	-0.6110	1.4946	0.8773	0.7022	-0.2115	0.6701	0.2419	-0.1888	-2.2040	-0.4319	-0.9696	1.6189	0.9014	0.2483	-0.1970	-0.4593	-0.0784	-1.5142	0.2209	0.2887	-1.5122	0.4890	2.7148	-1.1337	0.0242	0.5921	-0.4692	1.6367
0.1726	-0.6212	-1.6934	-0.0199	0.4655	0.9846	0.1051	-0.0587	2.2419	0.7179	-2.5973	-0.6729	0.6174	2.7941	0.3336	-0.0538	0.4439	1.5659	-0.1245	0.7279	0.7762	-0.0973	0.0606	0.0529	-0.2976	-2.1979	1.9289	-1.0545	2.2647	0.8174	2.6788	0.5963	-1.1250	-0.4734	0.9659	1.6502	-0.1813	0.3964	1.7294	-1.0588	-0.8832	-0.7162	-1.1180	-2.1039	-1.0587	-0.8103	1.2593	-2.1513	-0.1356	-1.8405
-1.3297	0.0563	1.0062	1.4570	0.2847	0.6855	1.8511	-0.8177	-3.1450	-0.1043	1.5284	0.0964	0.3331	-0.3486	-1.0052	0.2279	-1.1361	-3.3858	-1.9339	-2.0891	0.3458	1.1666	-0.8743	-0.6463	1.1959	2.3066	0.7779	-0.1315	-1.7648	-2.6068	-1.1475	-0.4779	1.2177	-1.7543	-0.3669	-2.3469	0.5392	0.5296	0.7430	0.7018	0.6540	-0.0193	-0.6704	0.2630	0.7964	0.4452	0.8518	-0.5296	0.9827	0.7176
-0.0037	-0.9229	-0.3732	-1.3412	-2.1264	-2.1866	-0.7740	-2.6945	0.1072	0.8813	-1.2611	-0.8834	2.9409	0.9985	0.3668	2.5497	0.4280	-0.7068	-1.3470	1.1879	0.3441	-0.2650	-1.3811	-1.8921	1.3457	-0.0285	0.9512	0.5488	1.4143	-0.7024	1.5427	0.3459	-2.7139	-0.7837	1.0066	1.3010	0.7256	-1.3101	0.0613	-3.0551	1.2459	1.0004	-2.5034	-0.2173	0.3830	-1.7446	-0.0668	0.5997	-1.3308	0.2574
-2.2404	-0.2042	1.6105	-0.4864	0.3434	1.5990	0.1822	-0.0941	-0.4350	0.1630	0.0614	2.3315	0.0266	-0.0095	0.0279	0.8707	-0.1981	-2.3175	-0.1003	-0.4489	-1.7993	1.1621	-0.2085	-0.4676	-0.6177	0.4481	-2.2309	-0.7499	-0.4816	-1.0282	1.5256	-0.9661	-0.3682	1.1605	-0.6371	0.4468	-0.6698	-1.0877	-0.1294	-0.6756	-0.1267	1.1902	-0.2153	1.4042	-1.2017	0.9889	-0.3165	0.6191	0.0512	-0.3256
-1.0034	0.6460	-0.1752	-0.8118	-0.5725	0.8849	-0.8662	-2.1948	-1.8465	-0.9404	1.7328	-1.3968	2.5702	-1.4567	0.8011	2.1296	0.3677	-1.9267	-0.2253	-0.6275	-0.9469	-0.7893	0.6192	1.1195	-0.0918	1.5967	-2.4745	-0.5839	-1.7520	-0.2101	-1.2215	-0.3276	-1.6274	0.5778	0.0352	1.4408	-0.4200	-2.4064	-2.4277	-1.4809	-0.7648	2.3158	0.1964	2.7313	1.1441	1.8332	-2.4931	2.4467	0.8994	1.1217
-0.1702	0.7000	1.7058	-0.3974	1.1396	0.3826	-0.0785	-1.4368	-0.2619	1.5937	-0.3630	-0.8961	1.3185	1.2138	-0.8720	1.1793	-0.5270	0.3144	0.2842	-0.2888	0.4065	-0.7372	-2.9671	-1.1272	2.4329	-1.2056	1.0959	0.4617	0.3902	-0.0049	0.8239	-0.3703	-1.3916	1.0077	-3.2372	-0.7840	1.3523	-0.9841	0.5746	-1.1934	2.3543	1.0668	0.1906	0.0862	-0.5802	1.1293	0.9204	-0.8312	0.1368	1.0411
0.6578	-0.4693	-1.1281	-0.1402	-1.1672	-0.7379	0.1707	1.4307	0.4178	-0.8526	-0.4396	-0.2475	-0.4483	1.6787	0.6887	-0.0951	0.9270	1.1068	2.2362	0.2629	-1.3246	-0.3322	1.5616	0.9781	-0.9300	-0.1623	-1.2409	0.1389	-0.5961	0.7823	0.6528	-0.2357	-0.1359	0.7156	0.7762	0.8921	0.9658	-0.0794	-0.6456	0.2583	0.0295	-0.3614	-0.2474	-0.1543	-0.7196	0.2862	-0.0180	0.6284	-0.5501	-1.7686
-1.0831	-0.0617	-0.3250	0.3257	0.1143	1.9612	0.5696	-0.2588	-0.6547	0.3921	0.7035	0.8879	0.1406	-0.3523	-0.6084	-0.0922	-1.4927	-0.9512	-0.4231	-1.6546	0.2870	0.6148	0.6827	0.5091	-0.5650	0.9963	-0.5358	1.0071	-0.7689	-0.0523	-0.2638	-0.1024	0.7189	0.3708	-1.4035	-0.4299	-0.1528	-0.1996	-0.1240	0.5292	-1.0480	0.5735	1.1445	0.8990	-0.2877	0.3859	0.0100	0.0352	0.4569	-0.5608
-0.5055	1.2767	0.4922	-0.3460	0.0912	0.2849	0.6111	-1.0573	1.7511	1.0733	-1.2878	-0.3303	0.0967	0.7788	0.1644	0.7416	0.3221	1.9329	2.4422	0.1296	1.2623	1.0236	-1.6518	1.4331	0.7718	0.3664	0.9922	-0.4214	1.5454	1.3342	0.9986	-0.4707	-1.2807	-0.4567	-1.1284	1.3120	-0.1849	-0.5350	0.6013	-1.3988	0.1419	0.5149	0.0312	-0.3996	-0.9871	-0.9446	0.7344	-0.4214	0.9788	-0.0068
-1.1139	-0.0187	0.4590	-0.5205	0.0828	-1.1339	-0.8088	-0.5842	0.7228	-0.7626	-0.6769	1.5121	-0.8627	-0.4338	-0.2127	-0.4716	-2.3462	1.2650	2.0651	2.0866	0.4615	0.4450	-0.2530	1.4685	-0.2436	-0.9941	1.2430	-0.3316	0.4156	-0.8305	0.3728	-1.0409	0.7234	2.1096	-1.5025	-0.3753	0.3694	1.0477	1.8045	0.3809	-0.5734	-1.4283	-1.1061	-1.6447	0.5642	-1.7476	1.6910	-1.3791	-1.3811	0.3962
0.6539	-0.0069	-0.6492	-0.3634	-1.0036	-0.4144	-1.4131	1.2608	-0.4230	0.8315	-1.7349	-0.3224	-1.2280	1.7204	1.4761	-1.5866	-0.1744	-1.2234	-0.7830	2.1652	0.9648	0.9508	-0.5544	0.1668	1.6532	1.3395	1.6143	-1.1445	1.7557	-0.4889	0.4297	0.6904	1.8401	1.3409	0.3358	-2.8856	-0.4629	0.8125	1.0718	1.2671	1.2435	-1.0570	-0.3303	-1.9638	-0.2240	0.8947	1.0248	-1.7379	0.8230	0.1878
-1.2957	0.1774	-0.2882	-1.0649	1.1768	-1.4831	-1.3625	-1.0840	0.2508	0.0818	-0.4199	0.2406	0.6039	-0.8769	0.4093	0.5043	0.0871	-0.2738	-0.6331	1.3363	0.9137	-0.9745	0.3363	-1.9261	-0.0072	-1.2621	0.3487	0.3541	0.7339	0.1548	0.1558	-0.8878	-1.1906	0.9161	-0.2761	0.8217	0.3690	-0.3858	0.3150	-1.1380	-0.5883	-0.0866	-0.3052	-0.2120	-0.0335	0.8574	0.1365	-0.3887	0.6278	0.5945
1.1926	0.9065	0.4405	0.8903	0.9127	0.8743	1.4098	-0.6555	0.7495	0.4489	0.2983	-0.7661	0.1289	0.3039	-0.5892	-0.5241	0.2191	1.2957	-0.8391	-1.0159	-0.0929	0.3072	-0.9154	-0.3767	0.8789	1.2147	0.1764	1.4207	-0.8588	-0.5780	-0.1149	-0.2271	0.9003	1.1328	-0.9622	-1.4691	1.0198	0.4439	0.2280	0.1033	1.3860	-0.2112	1.2978	0.0889	0.0337	-0.3175	0.5880	-0.0308	1.5830	0.2075
1.7132	0.1096	1.1128	2.2288	-0.5351	0.9158	1.7011	1.0178	-0.7040	0.9498	0.9273	-2.3362	-0.6420	0.9086	-1.1245	-1.0575	-0.3622	-1.7003	0.2157	-0.9012	-0.2531	1.3198	0.1026	0.0295	0.1781	0.4715	-0.0542	0.6391	-1.4146	1.7908	1.0313	-0.9880	0.4270	-0.2837	-1.0409	-0.0455	1.9748	0.7383	-0.5395	0.5972	0.7416	-0.1834	0.4771	0.5678	-0.9147	-1.4049	0.1706	0.9071	0.0039	-0.7294
0.8684	0.6992	-1.2275	2.0794	-0.6664	-1.1455	1.0614	-0.3326	-0.8148	-1.4866	0.9663	-0.0108	0.3228	-0.9687	0.4335	0.2831	0.6428	-0.3307	-1.3138	-1.2433	-0.4369	1.2957	1.8207	0.2652	-1.4848	1.8564	-0.8405	0.2767	-1.1384	-0.2208	-1.4828	1.0029	0.1078	0.8949	0.6948	1.1441	-1.1117	-0.6523	-1.9463	0.1549	-0.5829	0.8546	1.1448	1.0444	0.3956	0.6001	-1.8853	1.6453	-0.0630	-0.7575
0.1085	-0.6248	-1.8850	-1.1062	-0.1029	0.3846	-0.1329	0.2321	1.8055	-0.1077	0.1032	0.3785	0.2220	-0.3023	-0.6026	0.1366	-0.4665	1.5221	-2.5125	0.3672	0.0894	-0.6913	0.6072	-2.1226	-0.6681	-1.8928	0.0781	1.7207	-1.0608	-2.0533	-0.1074	-0.8030	0.4098	-1.2408	0.0144	-0.5188	-0.0539	-0.1629	-0.1188	0.6948	-0.2528	0.0850	-0.0839	0.4851	-0.2310	0.3031	0.0218	0.1560	-1.6440	-0.2118
0.7946	-0.3492	0.0497	-0.2639	0.7357	-0.7847	-0.8922	0.6062	-1.2927	-0.0852	1.1361	-0.1882	-0.8965	-0.7916	-0.8616	-0.8338	-2.1745	-1.0967	-0.7436	-0.2084	-0.6860	-0.3120	0.4408	-0.0549	-0.1435	1.8843	-1.0800	-0.1558	-1.6641	0.4613	-1.3523	1.4351	0.8959	0.8868	-0.4198	-0.3322	-0.7725	0.8216	0.2022	0.8679	0.2974	-0.8055	0.6325	0.4780	0.7977	-0.8547	-0.2022	0.4497	0.6876	0.2439
0.0287	-1.0197	-0.2626	-0.4409	-0.8526	-0.5799	-0.7804	-0.0613	-1.0117	0.3964	1.1582	1.5458	-0.2507	-1.5760	0.4638	-0.0009	0.8067	-0.4465	-1.4374	-0.5480	-1.9812	0.1273	0.7565	-0.2712	-0.1297	-0.1878	-1.3083	0.6808	-0.9569	-0.1038	-0.7234	0.2597	0.2346	-1.5688	-1.3529	0.0706	-0.3034	-0.6113	-2.0241	0.2339	-0.5454	0.2219	-0.2485	1.0533	0.3068	0.3568	-1.7533	2.0619	-1.2422	0.8720
-1.1125	2.3749	-0.0075	0.8188	0.5379	1.2610	0.3721	0.0455	-0.8999	0.3133	-0.3953	-0.6698	-1.0750	0.3647	-0.5859	-1.1144	1.8284	-0.1309	-1.0404	-0.0235	1.5924	1.1010	-0.3336	-2.0036	-0.1630	0.8519	1.4269	1.5339	0.9224	0.3437	-0.2541	-0.5255	1.3963	-1.1191	0.1386	-0.3622	0.4154	1.7576	2.1333	1.1106	0.4430	-1.6014	0.6054	-1.5722	-0.6211	-1.4026	1.9150	-1.7600	0.0495	-0.7324
1.3745	-0.7540	-0.6415	-0.2913	1.2651	-0.8253	0.1391	-0.7831	-0.9346	-0.2780	-0.6605	0.3769	1.2646	0.1184	-1.2791	1.0109	1.5874	-0.3648	-0.0241	1.1263	0.2631	-0.0806	1.2409	0.2217	-1.7576	1.3740	-0.9756	1.7091	0.4740	1.0667	1.5671	0.1250	-0.7540	-0.7955	-0.6139	1.9559	0.7275	-0.4862	-0.8100	-0.8018	-1.4153	0.3729	-1.2860	0.7958	-0.4937	-0.2138	-0.2759	0.6321	0.1825	-1.2359
1.8388	-1.6497	0.2611	-0.8752	1.6513	-0.8862	-0.2308	0.3762	-0.6346	-1.0209	1.4718	0.4401	-1.3749	-0.2518	-0.8909	-2.1968	1.1844	-0.4971	0.9096	-0.4144	-2.2645	-0.0144	0.0014	1.1860	0.5882	-0.2266	-1.2410	0.5049	-1.2108	2.3904	-1.2919	1.2011	0.8225	-0.9943	0.1444	0.2511	-1.2314	1.7741	0.4168	0.9659	-0.0033	-1.8090	0.4895	0.1623	0.0424	-1.7688	-0.2668	0.5124	-1.5939	-0.0626
0.0399	0.6925	-1.7962	-0.5558	0.7793	1.6566	-0.5633	0.7513	1.3285	-0.2125	-0.3573	-0.3977	1.0285	1.3050	1.1310	0.7037	-2.2149	0.0675	0.5696	0.9876	0.8356	0.0532	1.0800	-0.2808	-0.8782	-0.5506	1.1890	-1.1332	0.1302	0.9380	0.8648	-1.6491	-1.1091	-0.0093	-1.2526	1.6060	1.7895	-0.5113	-0.3352	-0.4592	-1.2574	0.3382	-0.1597	-0.2685	-0.5346	-0.1734	0.5646	-0.0652	-1.4988	-1.4862
-1.5230	-0.8663	0.8700	0.4926	-1.2823	-0.2591	0.6193	-0.1109	0.3936	-1.6596	0.9976	-0.6497	-1.3326	0.1257	-1.1850	-0.5557	0.7180	0.4247	0.7870	-1.5931	-0.3688	-0.2873	0.3552	-0.4509	-0.3078	-0.6519	-0.7718	1.6980	-0.0305	-0.1860	-1.0058	0.2541	0.7811	-0.3757	1.6893	-0.5466	0.6068	0.9464	0.6937	0.9694	0.1729	-0.4379	1.0153	0.8509	1.0744	-1.4376	0.8705	0.6928	0.0721	-0.0806
-0.9587	-0.3797	-1.2691	-1.3066	-1.9573	0.0248	-0.9819	-0.2529	-0.0376	0.4676	-0.3203	-0.6801	0.7709	0.7616	-0.6039	0.6973	-0.6691	-0.1971	0.4582	0.5810	1.6960	-1.4290	0.6392	0.8811	-0.3878	1.5036	1.9785	0.7523	-0.1896	-0.1924	1.2739	-0.8141	-0.4228	2.2375	1.0345	0.0832	1.2263	-0.3028	-0.4892	-0.3066	-0.5145	0.0518	-1.2223	-0.9229	1.1772	-0.0196	0.2259	-0.1145	-0.9950	-1.2248
1.2920	-0.0459	-0.6850	0.7912	0.7869	-0.6802	0.9320	-0.1988	-0.0014	0.5915	0.9050	2.3856	-0.3112	-1.7652	-0.0007	-0.2356	1.6490	-0.2489	-1.4574	-0.3777	-1.6039	0.8117	0.6291	-1.5504	-0.6856	0.1371	-0.6546	-1.5022	-1.1654	0.2164	-0.3404	1.9687	0.6188	-0.2174	0.0001	-0.2655	-2.9913	-0.0468	-0.6882	0.6802	-0.4790	0.2093	1.0167	0.4532	-0.8415	1.0214	-2.2413	0.4919	-0.2378	0.3187
0.3624	0.6535	1.8716	0.3570	-2.1331	0.6780	-0.7194	-0.2252	0.9333	0.8395	0.5032	0.5984	0.3767	-1.1651	-0.0745	0.6568	0.7021	0.4566	-0.2675	0.7218	-0.9959	-1.6651	-1.6884	0.1701	2.4074	-2.0918	-0.9696	0.6511	-0.3516	-1.4523	-1.6610	-0.6041	-0.3828	-1.4084	-0.5065	-1.5471	-0.0764	-0.9732	0.0321	-0.5676	1.9504	0.7971	0.8256	0.6476	-0.3076	0.8500	-0.1639	0.3051	0.0593	2.8508
0.3880	0.7426	-0.8620	-0.5651	0.7217	0.0788	-0.1824	-0.2815	-1.0309	-0.6963	1.2333	0.8737	-0.0368	-0.3000	1.4923	0.1126	-0.1975	-0.4797	-0.2874	-1.3573	-0.0645	-1.2276	0.0218	-0.8113	0.1288	1.2092	-0.8000	-1.2142	-0.7606	-0.4604	0.0260	1.2664	-0.0389	0.8904	0.8889	-0.5508	-1.9304	-0.1616	-0.8605	0.6334	-0.3330	0.7037	1.3376	1.3199	-1.1132	-0.2018	-1.3460	1.4766	-0.7256	-0.1204
0.4301	-0.1624	0.3540	-1.0757	0.3150	0.8077	-0.5221	0.8171	0.0814	-1.9961	0.1641	0.5623	0.8481	0.4834	-1.4697	0.3911	-0.0651	-0.2407	-0.0551	-0.0182	-0.0198	1.2005	1.7087	-0.9119	-1.1830	3.0241	-0.4045	1.3520	-0.0356	-0.6515	-0.0538	0.6366	0.2555	-0.0214	-0.1450	0.8344	-0.5095	-1.1240	-0.9932	-0.2808	-2.0617	0.6565	-0.7473	0.5030	0.0108	0.3206	-1.0666	0.5929	1.6745	-0.9780
-1.2298	1.1693	0.1121	0.7022	-1.9375	-1.2591	0.9189	-0.9775	-0.3466	0.7333	1.0989	0.2817	0.7414	-0.9908	0.9479	0.6246	1.5489	0.3399	-1.6471	-0.8784	-1.3004	0.7247	-0.6990	-0.8339	0.2335	-0.6538	-1.0019	0.1914	-0.6512	-1.2784	-0.0473	-0.6680	-0.3320	-0.1408	0.1256	-1.0012	-0.0535	-0.4536	-0.1696	-0.1313	0.4562	0.8621	-0.5678	1.3201	0.1872	0.7816	-0.4283	0.7840	-0.0695	0.7256
0.1932	1.4009	0.2867	1.1854	-1.1160	-2.1284	1.0398	-1.0722	0.4740	-0.1935	-1.2678	1.0118	0.8879	0.3830	2.0896	0.9460	1.4536	1.5897	0.2840	-0.1413	0.5784	-0.3231	-0.6870	0.7526	0.8827	0.4052	1.3290	-1.5395	1.2331	-0.5054	0.1347	0.9166	-1.2740	1.0650	-0.2263	0.0009	-1.0041	-0.6847	0.4299	-1.6444	0.8387	0.5330	0.0135	-0.5903	-0.3908	1.3220	-0.2092	-0.7386	-0.1221	0.6609
0.2012	-0.9905	-1.1204	-0.5103	1.1718	0.0901	-0.5294	-1.2177	-0.1252	0.8295	0.9004	-1.9431	0.4382	-1.9127	1.3986	0.6316	0.0149	1.0344	-1.2188	-0.4737	0.2833	0.0541	-0.5380	-1.7103	0.3873	-0.4572	0.3088	-1.6064	-0.5876	0.0335	-1.2898	-0.7797	-0.7511	1.4449	0.8869	0.5989	2.2565	-0.8212	-1.1187	-0.3695	-0.0695	0.5884	-1.0296	0.6096	3.0816	1.3638	0.1511	0.7110	-0.5373	1.2588
0.9222	-0.0414	-1.1312	-1.2121	-0.1674	1.1806	-1.3924	2.3714	0.3377	-0.1549	-0.9258	-0.4799	-2.1716	-0.2417	-1.0029	-2.0932	0.0696	0.0500	0.3400	1.7519	0.9942	0.1367	1.5011	0.6157	-0.4381	-0.6495	0.7346	1.4031	1.1164	1.6399	-1.9502	1.0844	1.5215	-0.7375	0.9844	-0.0120	-0.0272	2.6108	1.7711	1.8285	-0.3168	-2.8360	-0.1186	-2.3362	1.2303	-0.4508	1.4010	-2.0469	-0.1027	0.0145
0.4971	1.0692	0.1851	0.1924	-0.1189	0.9809	0.4433	1.0506	-0.5050	-0.4065	0.3592	-0.5397	-0.4469	-0.5334	1.0255	0.3590	-0.5712	-0.3787	0.3779	-0.1438	-0.4599	0.5161	0.2250	0.3094	0.1178	0.4632	-0.4172	0.1440	0.7411	0.9349	-1.4157	0.3499	0.2532	1.4245	0.2570	-0.8340	-0.0125	-0.2592	-1.1023	0.2004	0.6571	0.4584	0.1546	0.5900	1.0620	0.3187	-0.9128	0.6116	1.0647	0.7790
1.1019	-0.0022	0.0155	-0.3056	-0.0122	0.9493	-0.8746	-0.5406	0.1774	1.2403	0.7875	0.0861	1.5515	-2.0048	-0.1223	1.2198	0.2503	0.3561	-0.4168	0.6596	-0.0673	0.3141	-0.9195	0.1790	0.6182	0.1500	-0.2489	0.6614	-0.7118	0.4222	-1.0875	-0.7994	-1.2824	-0.7016	-0.6773	0.9008	-0.2192	-0.5133	-0.8252	-1.4262	0.4902	0.2753	-1.3411	0.7238	1.9331	-1.1429	-0.8791	1.2748	-0.5872	1.5250
-0.0514	-1.5125	1.0333	-0.9473	0.7392	-0.5050	0.0446	0.3900	-0.6100	-0.6474	-0.3942	-1.4213	0.7875	0.1982	-1.7609	-0.0063	-0.4867	0.1235	-1.3446	-0.3373	0.6023	-1.0295	0.0748	-0.6331	-0.2003	0.6693	0.8252	3.0670	0.5137	-1.0697	-0.5694	1.2535	0.0345	-0.9730	-1.5225	-0.5172	-0.2410	0.4300	0.4360	-0.7210	-0.6650	-0.0585	0.0429	-0.3807	0.8985	-1.3881	0.2207	-0.1823	-1.1289	-0.2288
0.7661	0.1129	-0.2338	0.1081	0.2957	1.3189	0.1501	-0.1964	-0.3407	0.3470	-0.1595	-0.1612	0.2164	0.4706	1.7876	0.0461	1.2672	-0.7772	0.2422	-0.8189	-0.4137	-0.6110	-0.1130	-0.0033	0.5074	0.0245	0.4952	-1.0260	0.8119	1.1538	0.0485	0.6998	-0.6890	-1.2715	-0.1639	0.8314	-0.6839	-0.1010	-0.3094	-0.3118	0.2278	0.3311	0.8242	0.0741	-1.0818	-0.1461	-0.2695	0.4451	0.5803	-0.1733
-0.2944	0.7121	0.2858	-0.3723	-1.5709	0.0561	-0.1520	-2.8524	-0.5769	0.7089	0.6517	1.2858	2.2177	0.8102	-1.1402	2.5196	-0.1927	0.0027	-0.5275	-0.5296	-1.2299	0.3921	-1.8139	0.0022	1.8345	0.7413	-0.8841	1.3798	-0.9115	-1.1083	0.3963	-0.9976	-1.8332	0.2159	1.0992	-0.3092	-0.8013	-2.8541	-2.0201	-1.9471	1.2301	2.4270	-1.1451	1.4424	-0.6214	0.7870	-2.0604	1.7552	-0.7702	0.8054
1.1177	-0.0428	-0.1255	-1.3947	0.8451	1.6016	-0.4359	-1.8581	1.0714	-1.1131	-1.1173	-0.1751	0.8459	-0.1090	0.8341	0.7556	-1.1413	1.2614	-0.3078	-0.1187	1.3765	0.4820	0.2410	0.8960	-0.3871	-1.4690	0.8384	0.1233	1.1891	1.3010	0.9685	0.3852	-1.2770	0.1325	0.6361	1.8520	-1.2293	0.0498	-0.4420	-0.9110	0.1773	-0.0305	-1.1503	-0.8370	-0.1895	-0.8964	-0.4948	0.0630	-0.4351	-0.2404
1.1861	-2.0786	-1.3146	1.7940	0.7480	1.1510	0.6845	-0.3445	0.6619	-2.4191	-0.8862	1.0717	0.2106	1.9126	-2.5884	-0.4609	0.3348	0.0526	-1.2748	0.8094	1.8147	1.5808	1.9370	-0.9120	-1.5812	-1.1333	1.1894	1.5557	0.6761	0.8236	1.3248	3.2525	-0.2337	1.1902	1.2147	1.4131	-1.2594	0.5673	-0.2947	0.1548	-1.0288	-0.2608	-1.4647	-0.9231	0.4641	0.5127	-0.5970	-0.8427	0.0706	-2.1692
1.5470	-0.5308	-0.1380	1.0192	1.4320	-1.9203	0.6363	-1.2064	2.3228	1.0583	-3.1455	0.7728	-0.2738	1.2049	-0.6099	-0.2083	-1.0743	2.0436	0.3920	1.5416	1.3343	1.0005	-1.3099	-0.0640	1.6281	-0.4104	1.0443	1.2917	3.0118	1.1008	1.5291	-0.3922	-0.0830	0.4247	1.3444	-1.0828	0.1023	1.0005	2.0692	-0.1116	1.8840	-1.3188	-1.4313	-2.1272	-1.0056	-0.2940	1.8854	-2.4350	0.3270	0.4815
0.2267	0.5358	0.8331	-0.6063	0.8827	0.2128	-0.7489	0.3209	-1.0562	0.8602	0.5770	0.2212	-0.3786	-0.2582	0.7491	-0.6687	0.3738	-1.6976	1.2472	0.7336	-0.9237	-0.1941	-0.5617	1.5102	0.6644	0.8226	-0.5474	-0.9851	0.5085	0.4594	-0.0710	0.1646	0.8023	0.8494	0.8256	-0.5075	-0.7845	0.5199	0.2480	0.6844	1.1077	-0.9363	0.9201	-0.3629	-0.1744	1.3968	-0.4677	-0.7480	-0.0884	0.7289
1.5384	-1.3336	1.3761	0.7747	1.0736	-1.8223	0.7292	0.7096	-0.9512	0.5294	0.9361	-0.6203	-0.4159	-0.2888	-1.7669	-0.4845	-0.7317	-1.7656	1.6141	0.1566	0.8434	-0.4614	-0.5343	1.2897	0.4825	0.4614	0.8332	0.5535	-0.6514	1.1493	-0.3370	0.0987	0.4441	-0.4299	0.1128	-0.4963	0.5129	0.8411	-0.1168	0.4859	0.0583	-0.5266	-0.6901	-0.1188	0.1285	-0.2103	0.1213	0.0353	0.6476	0.2979
0.2418	0.4869	0.6795	-0.5587	0.3720	-1.2306	0.1243	0.5282	2.1692	0.8209	-0.1747	0.4421	-1.3268	0.7421	0.1759	-1.6435	-1.2434	1.8456	-1.2049	-0.0152	-0.1127	-1.4425	-1.0291	-1.6663	1.1373	-0.9419	-0.2864	-1.2504	0.5766	-0.6412	-0.0182	-0.4080	1.4209	0.0106	1.4368	-2.0295	-0.7504	1.2015	1.4228	1.1936	0.5838	-1.2716	2.6148	-0.9310	-1.9172	-0.7543	1.3252	-0.9655	2.5025	0.0779
1.3074	0.9643	-0.2701	1.8834	0.1605	1.5817	1.3769	0.3893	1.8030	-0.3078	-1.2594	-1.3025	0.3810	0.4758	0.4481	0.0489	0.1129	0.5094	-0.8398	-0.2450	1.9879	-0.8225	0.6518	-0.8378	-1.0490	0.7289	1.9433	-0.6969	-0.1889	0.1473	0.6488	1.3174	-0.4270	-0.9023	0.2716	0.8799	-0.5520	1.3972	0.8514	-0.6649	-1.0036	-1.1540	-0.2182	-1.8755	-0.5977	-2.0068	0.1158	-0.9579	-0.6151	-1.3066
-0.7363	-0.0381	-0.4898	0.1206	0.2545	1.0064	1.6149	-0.4748	0.4918	-1.5822	-1.3333	0.4984	1.1680	1.6052	-0.8506	0.9101	0.2229	-0.3300	1.2872	-0.4957	1.9043	1.2170	1.0045	-0.4821	-1.0139	-0.1740	1.4844	1.8187	0.5183	-0.3644	0.3605	0.7573	-0.6338	-2.3488	-1.0490	0.3251	-0.1342	0.0030	0.6076	-0.6990	-0.4287	0.0628	-2.1425	-0.8577	-0.3686	-0.2258	0.4701	-0.9782	1.6423	-1.7254
1.2709	-1.3694	0.4699	-0.3051	1.5547	0.4263	0.2564	0.3411	-0.3373	-0.6719	0.6497	-0.1411	-0.2442	0.8894	-0.8746	0.6214	0.1868	-1.3272	1.6237	-1.1088	-0.4799	-0.1932	-0.1361	0.6715	-0.6873	0.2132	-0.5676	0.4185	-1.0036	1.2304	0.4446	1.0845	0.0329	-0.3862	-0.2757	1.2261	0.4347	-0.9582	-1.0336	0.1594	-0.4133	1.4132	0.2212	1.1540	0.3889	1.5656	-0.7945	0.6759	1.8959	-0.2206
1.5841	0.0158	0.8241	0.0936	0.2989	0.7601	-0.6050	-0.2985	-0.9487	1.0142	-0.0554	-0.2913	-0.3697	0.5358	-0.2077	-0.5472	-0.7827	-0.7665	-0.3706	-0.3541	0.0372	0.3645	-0.5742	1.0013	0.0431	0.6089	-0.9839	-0.3814	-0.5295	-0.0723	0.1958	-0.5190	0.8914	0.8193	0.0899	-0.5215	0.8075	0.4791	-0.2567	0.2951	0.2696	-0.1651	-0.6547	0.2197	0.6370	0.7657	0.2626	-0.1424	-0.2754	-0.2360
0.5581	0.5539	0.1023	-0.8558	1.0761	-0.9244	-1.3476	-0.1574	0.7175	-0.8830	-1.1875	1.4226	0.9166	-0.6875	-1.0103	0.4431	-1.1498	1.0161	-1.1908	2.6946	1.7089	-0.7917	0.0273	-0.4505	0.1487	-0.4472	0.3182	1.2927	1.5082	-0.8442	-0.7561	1.1374	-0.8916	-1.6214	-0.8694	0.6809	-1.1739	0.1257	1.0387	-1.0438	-0.2155	-0.7318	-0.8418	-0.9882	-0.0797	-0.7568	0.3378	-1.2234	0.3394	0.4557
-0.5050	1.4129	-0.5823	-1.2402	-1.7837	-1.1659	-1.6883	0.4619	-0.9339	1.2150	1.9039	0.2510	0.2652	-1.7969	0.5711	0.0106	0.1930	-0.5857	0.1877	0.1732	-0.4476	1.1406	0.0595	0.9130	0.1857	-0.0429	0.1167	-0.0598	-1.4592	-0.7906	-1.0839	-2.2362	0.0680	-0.3905	-1.9681	-0.6800	1.5130	-0.2791	-1.1641	0.5614	0.4590	0.1763	0.6576	0.4823	0.0611	0.6997	-0.1465	0.7264	1.5972	1.1405
-0.1040	-0.5615	0.3127	0.7567	1.7514	0.4460	1.3130	0.8323	0.7069	-0.2708	-0.0742	-0.8534	-0.0841	0.0726	0.5102	-0.4267	-1.3040	0.1206	2.1526	-0.7046	-0.4979	1.5612	0.8612	0.3768	-1.2138	0.3061	-0.1238	0.0267	0.2259	1.3251	0.7984	-0.3493	-0.3749	-0.3798	-0.0309	2.2411	0.0921	0.1941	0.2178	-0.5213	-1.0927	0.0222	1.0014	-0.1450	-1.0445	-0.3401	-0.0397	-0.3929	0.3977	-1.1619
0.7301	0.1037	1.2569	-2.1278	0.1165	0.1688	-0.5943	0.2067	-1.1222	1.4366	0.8021	1.1368	-0.2130	-1.1301	-2.0790	-0.5553	1.1548	0.2101	-0.5872	-0.1016	-0.0910	0.1125	-1.6336	0.7665	1.6035	0.3469	0.8842	1.1151	-1.0220	1.1224	-1.4582	-0.1373	-0.0710	0.3259	1.5601	-0.3663	-0.5870	0.1408	-0.1804	0.1531	1.3807	-0.1950	0.9854	-0.3065	0.1409	-0.2146	-0.3470	-0.0953	0.4213	1.9692
-0.3839	0.4758	-0.3898	-0.3668	0.2726	1.0509	-0.6795	0.3461	0.8852	0.9651	-0.0599	-0.6777	0.5755	0.5430	1.3693	1.1803	0.0211	0.8343	0.4725	1.3009	0.4191	-1.7207	-0.9840	-0.3589	0.9311	-1.3863	0.7886	-1.7523	0.5910	-0.4018	-0.0015	-1.8744	-1.2561	0.2635	-0.2480	0.4357	1.3421	-1.3482	-0.8254	-0.6342	1.4135	1.2603	0.4787	0.5799	-0.2141	0.7785	-0.1876	0.2716	0.4217	0.6890
-0.1641	-0.1381	1.2061	0.5033	-2.6159	0.3141	1.6031	-0.0746	-0.6875	1.4046	0.9878	-0.5829	-0.3752	-0.2877	0.4507	0.6148	1.0020	-1.5147	-0.1450	-1.7424	0.2216	0.3100	-2.0743	0.5188	1.9891	0.6230	-0.5461	-0.9990	-0.7283	0.3182	-0.5545	-1.0707	-0.4207	-1.2890	-0.4605	-1.1627	1.3558	0.3752	0.8589	-0.2849	2.5597	0.4222	-0.4145	0.9936	0.5716	-1.7783	1.2926	0.4182	-0.4852	1.5873
-0.5329	-0.0230	-0.8443	-0.4282	-0.3423	0.4880	0.9143	-0.0168	0.4399	-0.0659	-0.7747	-2.4951	0.6782	0.0848	0.2332	0.3044	-0.0243	0.2777	0.2629	-0.9588	0.1607	0.9015	0.6751	-0.7343	-0.2764	-0.7909	-0.7566	-0.9529	0.1526	-0.1676	0.1715	-0.4884	-0.5531	1.2023	1.4715	-0.3736	1.5904	-0.1663	-0.3619	-0.3852	0.4065	0.4145	-0.1761	0.5554	0.9151	0.7230	0.1870	0.1095	-0.7326	0.0742
-0.8467	-0.6870	-0.4913	-0.4140	0.8144	0.1979	-1.2879	-0.3488	-0.3349	-0.6071	0.5949	-0.8928	-0.9398	-1.1081	0.0427	-0.9135	0.6547	-0.2219	-0.1015	1.8200	-0.5241	-0.7994	0.1784	0.9246	-0.0548	0.3729	-0.0308	-1.1387	-0.3645	-1.8960	-1.2147	-0.9224	1.7321	0.4489	1.6343	-1.7090	1.3566	1.3339	0.7747	1.5579	-0.2682	-1.8166	-1.0734	-0.8936	1.3280	-0.6213	1.7725	-0.9824	-1.2203	0.3859
-0.7113	0.7413	0.7221	-0.6361	1.2301	-0.1927	-0.1724	0.0049	-0.5997	0.5466	-0.9194	0.2102	0.9912	0.5524	0.5860	1.5517	0.2588	-0.1169	0.9570	-0.1127	-1.3770	-0.9970	-1.0796	0.3328	0.5974	-0.1095	-1.3237	-0.8959	-0.8097	0.7271	0.9314	-1.1988	-1.6702	0.1525	0.7748	0.3206	1.1269	-1.8512	-0.1601	-1.2009	-0.0254	1.7170	0.4847	0.9191	-1.2385	1.9272	0.5769	-0.1367	-1.4595	0.6178
0.4974	-0.4279	-0.7347	1.7717	-1.2923	-0.5444	1.9585	1.2134	-0.8718	0.1034	0.5144	0.0251	-1.1778	-1.2309	1.4474	-1.0444	1.0289	-0.5261	0.4682	-1.1820	-1.3374	1.3515	1.3144	0.4874	-1.4051	1.0627	-1.1266	-1.2371	-0.4752	0.7163	-0.8464	1.5279	1.0289	0.7150	2.0416	0.3665	-0.4262	0.1901	-0.8122	1.2257	-1.5770	0.0719	0.2490	0.6610	1.2279	0.9152	-0.8848	0.5185	-0.4002	0.0532
1.7340	-0.4326	1.2540	0.9673	-1.9972	1.6532	0.7030	0.1896	1.3436	0.7223	-0.1826	0.5084	-0.0918	0.5359	-0.8486	0.4972	0.9959	0.0670	0.6247	0.1733	1.6650	-0.0298	-1.7237	0.4853	1.7130	-0.9914	1.4861	1.2033	-0.2559	1.1076	-0.3615	0.6955	-1.5596	0.1146	-0.0419	-0.1964	-0.6469	0.0188	0.0636	-1.1920	1.8481	-0.0956	-1.3050	-0.7336	0.5782	0.4641	0.0875	-0.4635	1.5969	1.2993
-0.6114	0.7775	-2.2896	-0.9640	-0.2321	-0.6844	-0.0090	0.1673	-0.3707	0.0991	1.2536	0.9512	1.0599	-1.1180	-0.5429	1.0506	-0.0876	-0.9587	0.3108	-0.7646	-1.6584	-1.5773	1.3949	1.0528	-1.4740	0.9196	-2.2824	-0.7042	-1.4210	0.1839	-0.1380	-1.7197	-0.6902	-1.3823	-0.2858	1.6379	0.1725	-1.6757	-1.8989	0.1986	-0.8174	1.8024	1.5879	2.1687	-1.3306	0.7596	-1.6769	2.1753	-1.2229	-0.1673
1.2045	0.9092	-0.2977	-0.4661	-0.1648	-0.4489	-0.1125	1.4226	-1.6416	0.2370	1.3341	-0.1961	-2.2001	-1.7036	1.2391	-2.3733	0.1708	-0.9706	-0.0419	-1.7477	0.2080	0.3715	0.1772	1.2711	0.1204	0.7048	0.1374	-1.3094	-0.9073	-0.1814	-1.8922	-0.2647	2.1757	-0.3675	0.2085	-1.7353	-0.0689	1.6105	-0.6226	2.2034	0.5634	-1.3309	1.9543	-0.3927	0.2577	0.2338	-0.7559	0.0191	-0.2154	0.9565
-1.2309	0.0412	1.3521	0.8760	-1.1503	1.1914	0.7422	-0.3211	0.1627	-0.1229	-0.3402	0.7323	-0.5417	-0.7817	0.0981	-0.8129	-0.6050	0.8683	-0.6327	-0.6051	-0.6054	0.9140	-0.7326	0.0047	0.4780	0.4876	0.2024	0.9298	-0.1016	0.0555	-0.5096	-1.5890	0.4594	-0.2216	0.2378	-0.3582	0.2921	0.6166	1.5208	0.1649	-0.4167	-0.0511	0.4465	-0.5446	0.8391	1.2173	1.6162	-1.3718	-0.0266	0.8386
0.6727	1.0973	-0.8127	-1.8354	-0.2357	-1.0587	-2.2569	-0.5544	0.6104	-2.1969	0.1011	0.5506	-0.4328	-0.5370	-0.5037	-1.0446	0.2232	0.4717	0.9021	1.3789	0.0129	1.0566	1.7176	-0.9093	-1.4306	-0.6814	-0.5334	0.4291	-0.3882	1.0560	-0.2071	-0.1558	0.4811	0.7824	1.5447	1.0047	0.0093	0.8780	-0.1846	0.6268	-1.1945	-1.3368	0.0786	-0.7169	0.1201	-1.4759	-0.2712	0.2615	-1.9452	-0.9491
0.2097	0.4936	-1.8206	-1.9196	1.8752	0.0644	-1.5133	-1.8150	-0.7497	0.6435	-0.4936	-0.4705	-0.5561	0.8629	0.0933	-0.0460	-0.3405	-0.6198	0.7046	1.0929	-1.7697	-0.0848	0.0219	1.2514	-0.5884	0.2095	-1.4388	-0.0577	-0.4166	0.1512	1.9309	1.6165	-0.2236	-0.0065	-0.9515	0.8758	0.3696	-0.2670	-0.1025	0.6256	-0.6927	0.1892	-0.1876	0.7348	-0.7166	0.6473	-0.0222	0.0776	-0.8976	-0.7318
-0.1018	1.2518	0.5355	0.1349	0.8463	-0.4260	0.3068	-0.2426	-0.7305	0.9411	-1.1798	1.6531	-0.4868	0.3714	0.3140	-0.6486	-1.2922	-0.4418	0.3434	0.4132	0.7254	-0.0648	-0.5693	1.6944	-0.2956	-1.0779	1.0424	0.0742	1.7746	0.1592	1.2996	-0.9642	0.3304	0.3732	-0.9888	0.0556	0.9240	0.3561	1.2616	0.0504	-0.1896	-0.3999	0.9167	-1.0352	-2.0565	-0.1872	1.6258	-1.2522	-0.7254	-0.8674
0.0485	0.3884	-0.9334	0.7894	-1.1284	-0.2759	1.5613	0.4411	-0.6448	-0.0313	0.5065	-1.1220	-0.4961	-0.3966	-0.6888	-0.9782	3.3233	0.4855	-0.1682	-0.8930	0.1359	1.5216	1.3028	0.9810	-1.2404	1.2935	-0.8033	1.1272	-0.1329	0.2314	-0.1820	0.3973	0.4331	-0.8163	0.5540	0.3127	0.2336	1.3467	0.0805	0.7725	-0.3913	-1.3241	-0.7136	-0.5041	-0.1574	-1.3561	0.3650	0.3305	-0.0620	-1.3573
-1.1192	1.4562	0.6929	-0.9011	0.1235	-0.1636	-1.9406	1.5547	-1.0129	0.3828	0.6116	-0.1686	0.0827	-0.8079	0.6848	-0.1882	-1.6965	-1.1532	0.0688	0.2500	-0.2597	-0.2957	-0.7337	1.8160	0.6933	0.5388	-0.3253	0.0570	-1.6380	-1.4246	-1.6520	-0.6045	0.5634	-1.0497	1.1432	-1.1452	0.8683	0.4853	0.6301	0.4326	0.3176	-0.6087	-0.2891	0.0060	0.4443	-1.4844	1.0024	0.0746	-0.8589	1.1174
0.0807	0.3472	-1.0435	-1.2149	0.5223	-0.2131	-1.7303	0.1987	1.9903	-1.1927	-1.9309	-0.0178	-0.7182	1.0201	0.5901	-0.1894	-0.0589	0.7423	0.8981	1.4090	1.3859	2.1289	1.1254	-0.4328	-1.1996	-0.9830	1.0149	0.6112	1.6963	1.3259	1.1868	0.9882	0.5752	-0.0348	-0.3544	1.4240	-0.3895	0.0169	0.3029	0.7978	-1.2961	-0.4979	-1.0948	-0.8837	-0.8847	0.9177	-0.0803	-0.9851	-0.1061	-1.2462
0.3141	1.4480	1.9592	0.7757	-0.4653	0.0594	0.2516	-1.6894	-0.7745	-0.7991	-1.1461	-0.3477	0.2673	1.6962	1.2060	-0.1886	-1.7160	0.2843	1.0923	0.7470	0.8846	0.3336	-0.9249	-0.5392	0.6533	0.5104	0.6725	-1.5646	1.3155	0.4204	0.7069	0.9422	-0.2470	0.6593	-0.6890	-0.1842	-0.5910	0.4258	0.7201	-0.6839	-0.0634	-0.6449	-1.2108	-1.0817	-0.5401	0.0939	0.3807	-0.9029	-2.4108	-0.4533
0.3438	2.1893	0.3246	0.3370	-0.7658	-1.1101	-0.2373	-1.7703	0.0668	0.2999	0.9440	-0.6898	1.8993	-1.0385	0.3669	1.8187	0.2534	-0.3424	-0.6179	-0.3070	-0.0967	0.8687	-1.0360	-0.4177	1.1681	-0.0612	1.2609	-0.1162	-0.5087	-0.1356	0.2830	-1.2192	-1.9712	0.0131	0.0439	1.3624	0.4757	-1.9943	-2.0403	-1.9560	0.9900	1.7233	-0.0206	0.7487	0.1837	1.9615	-1.4572	1.1200	0.7801	1.0859
0.8558	0.1748	-0.4313	-0.4548	0.4307	-2.1768	-0.2329	-0.7350	-1.2858	-0.9756	1.5962	0.2167	0.6438	-1.5025	0.0416	0.7154	0.4979	-1.3886	-0.6303	-0.8144	-0.8532	-0.9591	0.6669	0.0658	-1.3416	0.7321	-0.9742	0.1707	-0.9700	-0.5074	-1.0536	2.0856	-0.0951	-0.0409	0.8214	0.7383	-1.5312	-0.1759	-0.6629	-0.0945	-2.1854	0.5233	-0.3535	1.2315	0.7475	-0.6285	-1.0740	1.0351	0.1798	-0.4329
0.1600	-1.4903	-0.4736	-0.4298	-0.2525	0.2450	-0.5366	-0.1297	-0.4437	1.1137	0.1000	-1.2670	0.2883	-0.4954	0.2478	0.3712	1.4271	0.1127	-0.0980	-0.3464	-0.5938	0.5113	-0.8863	-0.8133	0.8129	-0.5862	-0.0755	0.0147	0.4256	1.2296	-0.0604	-0.0457	-0.6342	-0.6124	-0.8926	0.9341	0.5865	-0.5196	-0.2165	0.1191	1.0627	0.5708	-1.3541	0.4052	2.1297	0.0975	-0.0697	0.3079	-1.9419	0.9563
0.3672	1.1000	0.8609	2.0954	-0.3170	-0.4239	2.6269	1.1811	1.2235	-1.6116	-0.5082	2.0385	-1.6725	-0.8514	0.0981	-0.9775	-0.6093	1.0042	0.0839	-0.5589	-0.9982	1.1335	0.2752	-0.5239	-0.7074	-1.1769	-0.7366	-0.4960	0.6592	0.1345	-1.5104	-0.1189	1.0506	-2.6718	-0.0459	0.0007	-1.1170	0.4658	0.3490	1.0701	-1.1465	-0.3272	1.2682	-0.1023	-0.7390	0.1447	0.0127	-0.2114	-1.2431	0.0783
-0.8574	0.4316	1.9517	0.5890	0.2920	-1.0099	0.2672	-0.4672	0.1175	-0.5432	0.0521	-0.9282	0.3242	0.1290	1.2773	0.3904	1.4587	0.0112	0.3246	0.2067	0.0961	-0.2492	-0.9001	0.7538	0.8421	-0.9161	0.5594	-0.1383	-0.0414	0.8740	-0.9052	-0.3748	-1.2834	1.9681	-0.2416	0.4938	-0.2410	-0.6954	-0.3493	-0.9420	0.0437	0.4548	-0.2155	-0.1006	0.8019	0.3332	-0.1854	-0.0419	0.2016	0.6276
0.0196	0.2775	0.7903	0.5619	0.5734	-0.2016	-0.0338	0.0816	0.7279	-0.8378	-1.5430	-0.3730	-0.8351	2.1355	0.7360	-1.3650	0.9832	1.6519	-0.6090	0.0881	2.8196	0.4713	-0.1887	-1.4204	-0.2447	-1.6666	2.3000	-0.3732	1.8997	-0.8377	2.1362	-0.4125	0.9827	1.0154	0.8544	-0.8950	-0.0420	2.3187	2.4279	0.6041	-0.1803	-2.1258	-1.1992	-2.8586	-0.6060	-2.6867	2.0009	-2.2479	-2.7318	-1.4470
-2.1346	-2.3063	0.8320	0.6880	-0.7791	-0.8449	0.0440	1.8646	-0.9791	-1.0827	0.2161	0.3340	-1.7384	1.1121	-2.2848	-1.5267	-0.9299	-0.3523	1.4237	-0.1365	-1.0544	-2.0107	0.7653	0.7830	-0.2580	0.4255	-0.6581	0.8166	-0.6388	0.4543	-0.1589	-1.0164	2.0400	0.6587	-0.0183	-1.3390	-0.1325	0.4761	0.8363	1.9968	-1.0966	-0.4554	1.0950	-0.2337	-0.1008	1.5586	0.5663	-0.6550	0.6001	-1.2206
-0.3683	-2.1520	0.1327	-0.4414	1.1795	0.1120	-1.2481	0.8724	-0.2915	0.4504	0.8637	0.8318	-0.4889	-0.7912	0.6289	-0.3547	1.2064	0.2834	0.4282	-1.4200	-1.6046	0.1828	-0.4768	1.3084	1.4041	-0.0646	-1.4634	-0.6050	0.4983	-0.1581	-1.5673	-0.0278	0.3641	1.0350	0.5934	-1.5007	-1.4232	0.6119	0.6453	0.6447	1.3164	-0.4837	-1.1909	0.5069	2.3789	-1.2532	-0.0875	0.1205	0.5991	1.5184
-0.0711	-0.9160	1.3216	0.9427	-1.1359	-0.4462	0.3657	0.6163	1.0044	-0.1651	0.0883	-0.2913	1.4110	-0.0168	-0.9928	1.3458	-1.0854	0.7727	-0.0606	-0.2573	0.2885	-1.5347	-0.3625	0.3097	-0.1206	-0.1397	0.3194	0.6948	-0.1834	-1.2315	-0.0790	0.0272	-1.1198	-1.1046	-0.6166	0.1265	0.7492	-0.7241	-0.3908	-1.2638	0.1724	0.7477	-0.5910	0.3555	0.4485	-1.2717	-0.0460	1.0242	0.0609	0.5184
-2.0359	0.6144	-2.0656	-1.1307	0.0946	0.9881	-0.8897	-0.4375	-1.0142	-0.2146	0.9408	-1.3819	0.3323	-1.5767	0.9766	0.3798	0.1229	-0.6913	-1.2893	0.0087	-0.3163	-0.7083	0.9392	-0.8212	-0.7885	0.7480	0.0367	-1.3161	-0.6062	-1.6329	-0.4813	-0.0036	-0.1604	-0.6764	-1.3143	-0.2258	1.0927	-0.4640	-0.3484	-0.0335	0.1289	0.3690	0.5446	0.7634	0.9739	0.3800	-0.0248	0.4585	0.6384	0.5856
-1.0676	1.2796	0.7188	-0.4165	-0.3444	0.4567	-0.8269	0.8583	-0.5858	0.2111	0.0329	0.3166	-1.9957	-0.3970	0.4707	-1.4663	-0.4646	-0.3711	0.1512	1.0127	-1.5346	-0.5333	0.4359	0.6913	-0.8052	0.6466	-0.8891	-0.6016	-0.5288	0.3275	-0.0516	0.2774	1.6770	0.8470	-1.9595	-0.1464	-0.7190	0.5224	1.0283	1.7946	-1.1487	-0.8888	2.0096	-0.2842	-1.4988	0.0829	0.4360	-0.4507	0.6790	-0.2918
1.3296	2.9043	-1.2144	0.0564	0.5444	0.6227	-0.3262	-0.1588	-0.7654	-0.9289	1.4679	0.9255	-0.7227	-0.5521	2.6745	-0.9007	-0.0172	-0.5311	0.5528	-1.2555	0.0186	1.9884	1.2095	0.1794	-0.9075	0.0562	-0.5017	-2.2990	-1.0623	0.0462	-0.2430	1.4097	1.1463	1.3404	-1.0226	-0.4927	-1.2150	0.2335	-1.1993	1.8112	-0.7380	-0.1501	1.2732	0.8710	-1.1140	0.2403	-1.7058	1.1252	0.1786	-0.8026
-0.8380	-0.5627	-0.0981	-0.3091	-0.1505	-1.6837	-0.1075	0.5740	0.9715	1.2831	-0.0549	-0.6129	0.1399	0.0820	-0.7369	-0.7938	0.3081	-0.6028	0.1643	1.2340	-0.1717	-1.3417	-1.2657	-0.8052	1.4812	-0.4695	-0.0321	-0.4347	-0.1959	0.4958	-0.0019	-0.7082	0.5476	-0.8909	1.2448	-1.4215	0.2791	0.3003	0.7842	0.1365	0.5713	-0.4751	0.3768	-0.2236	0.1874	1.2369	0.9700	-0.8445	0.7006	1.2322
-1.2315	-2.2549	-0.3102	0.9381	1.2105	-1.0338	1.1320	1.3260	0.1654	-1.0536	-1.0392	0.5776	-0.3503	0.7573	-0.0687	0.0379	-0.8342	0.4097	0.1690	-0.4358	0.5016	-1.4142	1.9144	-1.5528	-1.2156	-0.3259	0.8350	-0.1115	0.8524	-1.2433	-0.0466	0.4175	0.6249	-0.4503	-1.2542	-0.2487	-0.0407	-0.1862	-0.3615	0.1109	-0.2774	0.2699	0.3074	-0.7113	-0.5039	0.4140	-0.3065	-0.2816	1.2836	-1.1166
1.1005	-0.4176	-1.3233	0.9195	0.9110	-0.1175	0.4680	1.1970	0.2562	0.3147	-0.5957	1.8276	-0.3850	0.8605	0.2131	-1.0035	-0.7530	0.2345	0.7001	-0.1991	-0.5688	0.7152	1.7900	-0.2366	-1.6900	0.8497	-1.6838	-0.6165	0.8746	0.1532	1.2429	0.6385	0.8837	-0.4001	0.4790	0.5173	-2.4368	0.4372	-0.1191	0.6377	-1.3500	-0.4320	0.6490	0.2447	-1.6185	-0.0842	-1.1277	0.0852	1.8323	-1.3627
-0.0127	-0.2083	0.2137	-0.5116	0.8628	-1.5417	-1.8766	1.4635	1.1641	0.4238	0.0006	0.0033	-2.4039	-0.1998	-0.5817	-1.7516	-0.1500	1.9305	-0.0007	1.3085	-0.3901	0.4653	0.4237	0.1117	-1.0399	-0.5509	0.0975	0.4158	0.8866	0.3882	-0.1374	0.5343	1.6088	-0.2527	-0.9757	-0.2211	0.3816	1.6824	1.0321	1.8769	-1.2083	-1.7101	-0.0200	-0.7459	0.4578	-0.8196	0.7235	-1.0619	1.0811	-0.6443
-1.5155	0.2591	1.7575	0.4725	0.1185	2.2543	0.4203	-1.4075	-0.0271	-0.4826	0.6958	-1.2971	0.6102	-0.5670	-0.0816	0.3532	0.2758	1.5497	-0.2494	-0.6537	0.0399	0.8374	-0.7890	0.1952	0.2744	-0.9674	-0.6308	-0.0008	0.4390	-1.1398	0.1505	-0.0044	-0.4486	-1.2306	-0.4176	-0.1232	1.5736	-0.1229	0.2652	-0.7674	0.2142	0.4584	-0.1833	0.6304	0.1657	-1.0447	1.3681	0.2429	1.0720	0.5695
-0.2368	-0.7149	0.1282	3.3316	-0.0590	-0.7809	2.4910	-0.7839	0.2326	-1.5930	0.3490	-1.7086	0.8135	0.5666	-0.3296	0.6886	-0.4823	0.4472	-1.9897	-2.0358	-0.9463	-1.2865	0.1169	-1.5318	0.5775	0.4024	-0.9492	-0.2652	-0.9707	-1.9231	-0.2516	0.6032	-0.0715	-2.0160	1.7785	-1.0419	-0.1393	-1.2592	-1.3985	-0.6530	0.7082	1.8215	1.3079	1.4107	-0.6793	0.7862	-1.2646	1.7207	0.5889	-0.1188
0.2555	-0.1421	0.8731	0.2771	0.6501	0.2301	1.4987	1.0579	-0.0719	0.0121	1.1873	-1.2081	-1.1214	-0.8035	-0.3146	-0.0272	1.2225	-0.5233	1.1539	-1.7536	-0.7391	-0.7910	0.2265	0.4195	-0.6132	-1.4982	-0.4677	0.0634	-1.3902	0.8383	-0.6843	1.0353	0.5574	0.5643	-0.5399	0.3705	0.8315	-0.5967	-1.5454	0.8556	-0.9330	0.9588	1.4633	0.9457	0.6429	0.6016	-1.4029	1.0576	0.8888	-0.0194
-0.5475	0.4876	-0.2923	-0.3359	0.8455	-0.3352	-0.9564	0.5202	-1.8275	0.6526	0.9294	-0.7477	0.1160	1.4829	2.3309	-0.6120	0.5587	-1.0582	0.6632	0.5367	0.3115	-1.0841	-0.2894	1.5289	0.5526	1.3461	-0.7044	-1.0059	-1.3170	0.7141	0.6157	0.6750	0.1164	-0.7704	-0.5284	-0.4990	1.0372	0.1490	0.2030	0.0698	1.0615	-0.5982	0.7087	0.2223	-1.5091	-0.2871	0.5912	0.0093	0.9429	0.1481
0.3839	0.8643	0.7997	0.1173	0.7300	0.0421	-0.5571	0.3950	1.5798	-1.5302	-1.4496	0.9332	-0.5991	0.5353	-1.2527	-0.5233	-1.0755	0.4745	-1.1091	0.8537	1.4789	0.5277	0.9829	-1.5751	-1.5412	-1.7171	1.4314	-0.2660	-0.1205	-0.6848	-0.0806	-0.1605	0.5765	-0.5630	1.2847	0.1726	-0.5799	0.7048	0.7039	0.2507	-1.1640	-0.7753	-0.0021	-1.2419	-0.8835	-0.0905	-0.1010	-1.0293	1.3179	-1.4101
-1.6898	-1.7055	-0.4357	1.5445	1.5142	-0.4734	1.1045	2.0021	2.0103	0.2742	-1.3878	-2.1065	-0.1522	0.9218	0.5136	1.1571	-0.4293	0.8684	-0.7932	0.4424	0.1845	-2.3425	0.4455	-0.9719	-0.5289	-0.1612	-0.7084	-0.0441	0.4472	-2.0337	0.4876	-0.6740	0.0238	-0.0424	-0.4546	-0.9770	1.2236	-1.5526	0.0329	-0.2217	-0.9841	1.0297	-0.3918	0.6886	0.6750	1.4321	0.6915	-0.0318	-1.1467	-1.2492
-0.6409	0.0667	-0.8751	-0.6312	-0.5900	-0.9093	-0.0193	-0.4341	0.9722	0.8019	-0.2520	1.8223	0.7794	-0.9268	-1.5278	0.7839	1.4500	1.1351	1.6415	0.3658	0.2043	1.3241	-0.9529	0.7124	0.6530	-1.1809	0.0891	0.6426	0.2698	0.5392	-0.4045	-1.3979	-0.5924	1.3153	1.6027	0.4695	-2.2134	-0.4877	0.2958	-0.7583	1.1956	0.6685	-1.2128	0.0181	1.0146	1.3291	-0.9207	-0.5356	-0.6344	0.8704
1.1777	-0.9400	0.6182	1.6558	-2.0112	-1.0727	1.1210	0.8602	0.2273	-0.0591	-0.6767	0.5127	-1.5412	1.4235	1.0131	-1.4443	0.6991	0.3162	-1.7334	-1.5360	0.0881	-2.2566	0.4162	-2.0276	-0.9570	-1.8330	0.1814	-0.5719	-0.2203	-0.2103	0.6286	0.9837	1.2991	-0.1012	-1.0429	-0.3164	-1.4750	1.2710	0.9437	1.1377	-0.7646	-0.6407	1.9015	-0.5386	-1.4361	0.4472	0.0877	-0.7517	0.0792	-1.1893
-2.1975	-0.4596	2.4757	0.5086	-1.7355	-0.4397	-0.1152	-0.5008	-0.2656	-1.3320	0.4608	0.4588	0.8626	0.6684	-1.3602	1.0559	0.4329	0.3666	0.3711	-0.5605	-0.7599	-0.8900	-0.0765	-0.0158	-0.4813	0.5802	0.2349	-0.1597	0.1761	-1.1293	0.7504	-0.4902	-0.3856	-0.3249	-0.8211	0.3099	-0.7653	-1.2097	-0.3834	-1.0793	-1.1003	1.1828	0.0188	0.8111	-0.6169	0.2258	-0.4515	0.6852	0.5994	-0.9769
-2.4839	-1.8331	-1.4382	1.2825	0.0141	0.0704	-0.0511	0.7445	-0.6900	1.9865	0.0020	1.4156	-1.0208	0.3043	0.5884	-0.6113	-2.1934	-0.7379	-0.3102	0.2036	-0.0170	-0.9326	-0.1845	-0.2302	0.3607	-0.4585	1.0205	-2.0549	0.4997	-1.9311	0.9536	-1.9280	1.5129	0.6526	1.5396	-1.8826	1.8350	0.5368	0.7959	1.6602	0.7486	-0.2255	1.2444	-0.5110	-0.7460	-0.3093	1.4260	-0.6499	-0.4433	-0.3603
1.1471	-0.5804	-0.8545	-1.3599	-0.6223	0.3272	-1.6020	-0.4468	0.2106	1.7702	-0.0506	-1.4497	0.5253	-0.4390	-0.4339	0.1956	-0.4121	-0.0796	1.2525	1.5903	1.6821	0.7190	-0.7772	1.2083	1.4418	0.0503	0.3135	0.9327	0.1221	2.5946	0.8010	0.1506	-1.0989	1.6790	-1.1566	0.7074	0.8341	0.0527	0.4464	-0.7581	2.0352	-0.3366	-1.3072	-0.3814	1.1643	0.0048	0.9034	-0.5536	-0.5949	1.3454
1.1285	-0.4800	-1.5129	-0.9564	0.1760	1.4439	-0.1453	2.1227	0.0784	-1.3469	-0.5656	-0.4469	-1.4428	1.0681	0.8838	-1.8487	0.6861	0.1046	1.7065	1.0370	1.0532	-0.4470	1.9072	1.9477	-1.9781	-0.7100	0.5558	-1.1971	1.7238	0.4911	1.0445	1.7744	1.0228	-0.2950	-0.2871	0.7775	-0.3042	2.0658	0.7145	0.9183	-1.8488	-2.4012	0.5752	-1.7890	-0.6686	-1.8630	0.0262	-0.8432	-0.4178	-1.9776
0.1304	-1.7807	0.2040	-0.9768	-0.8800	0.0841	-0.3688	-0.6978	0.2567	-0.5132	0.7081	0.7321	0.7778	-0.7354	-0.3524	1.0632	-0.3298	0.7217	1.0854	-0.4101	-1.1452	0.4051	-0.2433	0.7875	0.6695	-1.1648	-0.1768	0.9098	-0.2988	0.5658	-0.5933	0.1335	-1.3012	0.6176	1.2044	0.6841	-0.6349	-1.3126	-1.4022	-1.6225	0.5115	1.4572	-1.5247	0.9148	1.8533	-0.4846	-1.0281	1.7445	-0.6807	1.3275


