
X1	X2	X3	X4	X5	X6	X7	X8	X9	X10	X11	X12	X13	X14	X15	X16	X17	X18	X19	X20	X21	X22	X23	X24	X25	X26	X27	X28	X29	X30	X31	X32	X33	X34	X35	X36	X37	X38	X39	X40	X41	X42	X43	X44	X45	X46	X47	X48	X49	X50
2	0	0	0	-0.0819	-0.1147	-2.9929	0	-0.7706	2	3	0.5570	2	2	0.2162	2	1	-1.2284	1.8553	-0.1852	0.1210	1	-1.0001	2	0.6391	2.0189	1	2.0777	1.5193	1	3.1044	2	2	-1.7388	0	1	-1.6225	1	-0.1301	-0.3041	1.9452	2.5469	1	2.4951	3	2	0.4091	1	0.4956	2
0	0	2	0	0.9233	-0.6743	-0.6871	2	0.2165	1	2	2.9868	1	1	-2.1465	2	0	0.4185	-1.0139	-1.4669	-3.2348	0	0.0499	1	1.8616	-1.3001	2	-0.7863	-1.5168	1	1.3502	3	3	0.8227	2	1	1.2546	3	2.1394	-1.6052	-0.6286	5.5205	0	5.2489	1	3	-0.0671	1	-4.5738	2
0	1	3	3	-0.9715	0.7636	0.8521	0	-0.5159	0	1	-1.3825	1	1	0.4673	0	0	-3.1242	1.1809	0.6108	-2.4046	2	0.8817	0	1.2268	1.7948	2	0.2479	-0.8447	0	0.6867	3	2	-0.3732	3	3	1.4416	1	0.1264	1.0389	0.4779	-0.0839	0	0.8043	1	1	-0.7538	0	-4.3935	0
1	2	1	3	1.3114	-0.5372	-2.3753	1	0.2375	2	0	0.6052	1	3	-1.1749	1	1	-1.3053	-0.0606	3.1335	-0.9876	1	-0.4796	0	-0.0214	-0.8488	0	-1.2385	0.7328	2	-0.2762	1	0	0.8548	3	0	-2.3709	2	2.7426	-2.9486	1.7179	-1.8761	2	2.7720	1	3	1.9758	3	0.5726	0
1	3	0	3	1.6519	2.0722	-0.7878	0	1.5156	3	3	1.0234	0	3	0.6462	1	3	-1.4577	-0.3125	-3.9232	0.4223	3	-1.0414	3	-0.9595	-1.2390	3	-0.7792	-0.4603	0	-2.4551	3	2	-1.4806	2	1	-3.5718	1	-1.0012	0.0678	-1.5761	1.1163	0	-0.5243	2	2	0.3728	2	2.1918	2
2	1	3	2	-0.7649	0.3682	-1.0083	3	0.3972	3	1	1.3261	2	1	1.1988	1	2	-1.1761	-2.7984	-4.9236	0.0061	0	1.8444	1	0.6418	0.0181	2	0.7610	-0.6498	0	1.2193	3	2	-1.0973	2	3	1.4188	1	-0.9072	2.8290	-0.4042	4.5073	3	2.6230	1	0	2.1083	2	-2.2728	1
3	2	2	2	-0.6978	-1.1475	0.6346	2	-2.2334	2	2	0.2805	3	1	0.4464	1	0	-0.5965	0.1821	2.8561	-1.4904	2	0.2081	3	1.1678	0.9523	2	4.2145	-0.2685	0	3.3119	1	0	-1.3649	3	0	0.6110	1	1.5602	-1.2791	-1.2199	2.0928	3	-0.4177	0	1	-1.6447	2	-2.3265	2
1	2	2	2	-0.3435	1.2085	0.6271	0	0.3188	3	0	-0.0307	0	2	-1.3161	3	2	-0.2314	2.9384	5.2177	-1.7258	2	-2.3409	0	-2.7089	0.4929	1	-2.6897	1.1619	1	3.8071	2	2	2.1657	0	0	3.1767	2	3.2212	1.8361	-0.1376	3.1383	0	1.7363	2	1	-0.0260	0	-0.0998	3
0	0	2	0	-0.7820	0.1747	-1.0502	2	0.1493	0	1	-0.2814	1	2	-3.3970	2	0	0.2942	-3.3512	-7.6369	-0.5783	2	0.1064	2	-0.7460	-1.1805	1	-1.2021	1.2761	2	1.7217	2	1	0.1604	0	2	-1.2997	3	-6.4275	1.8457	1.4531	0.6318	3	1.1446	1	0	0.3388	1	0.4933	2
3	2	3	2	-0.0421	-1.2843	0.9240	3	-1.1339	0	3	1.1962	2	2	0.6026	1	0	-3.2950	-0.3870	-0.9293	1.9224	2	1.8381	2	-1.3708	-1.0778	1	1.9044	-0.1001	3	-0.7713	0	2	-1.9272	1	3	0.2862	3	-3.8358	-0.6284	-1.6985	-3.8111	0	0.8930	2	1	-2.8731	2	3.8179	2
1	3	0	1	-0.5532	-0.4125	-1.1487	1	-1.0321	0	3	-0.9785	3	3	-0.9482	2	0	-0.1086	-0.7912	-3.9994	0.5958	3	-2.3340	3	1.4677	2.1082	2	1.6787	0.1131	1	0.9754	1	2	0.6153	2	3	1.8893	0	-1.6453	2.2493	0.9987	1.1450	2	-1.8050	3	1	1.2511	1	3.4396	3
3	0	2	0	-0.0737	-0.6179	0.7884	2	-0.5706	1	0	-0.8516	2	3	0.6983	3	0	0.9604	2.2638	4.0622	-0.4340	0	-0.8256	0	4.2508	-1.5348	0	2.2671	-1.1323	3	-0.4279	0	2	0.6527	1	2	0.2636	2	3.6521	-2.2727	-0.6959	3.3103	0	-1.3765	1	1	-0.5843	1	-0.9481	0
3	3	3	0	0.8812	1.1893	-0.1889	3	0.5768	1	3	1.5092	0	0	2.2146	3	0	1.0100	-1.4190	-2.7965	0.3721	3	0.9566	1	0.2167	0.7597	3	-2.4098	-0.2220	3	-3.1268	2	3	-1.2307	1	3	-0.6608	1	3.6251	3.9516	-0.2151	-0.9479	0	2.0882	2	1	-0.1493	2	-2.6818	1
2	1	0	3	1.7039	-1.2256	2.0033	3	1.1669	2	1	3.0042	1	1	-2.8554	2	1	-0.8930	-0.7555	-1.9683	-2.6625	1	0.1024	3	0.4028	-0.4212	3	-1.6161	-0.3218	1	-2.1977	0	2	2.7687	0	3	4.3817	2	-3.8599	-1.1740	-0.6359	-2.4855	2	1.7218	1	1	-1.9574	0	-5.2840	3
3	1	0	0	-0.5587	-0.8638	-0.4350	3	0.1058	2	3	-1.1380	3	2	1.5584	2	1	3.3059	0.8409	-1.5703	-0.8294	0	0.1867	2	-0.3553	2.3100	1	-0.5124	-4.2785	3	0.0150	3	1	-1.0948	2	0	-3.3230	1	-0.5707	0.4203	-2.1617	4.5519	2	-0.7326	0	3	-0.2316	0	2.5075	0
2	1	0	3	0.3833	0.1625	1.0808	0	-1.2060	1	0	-1.1718	2	0	2.3774	2	0	-1.4598	3.1620	2.2524	-3.6483	1	-1.2588	0	-1.4609	-0.5295	0	1.9747	1.1822	1	0.3201	2	2	0.7910	0	3	-0.1461	2	4.7016	0.3124	0.5808	0.1674	2	-2.3065	1	2	-1.4818	3	-3.5029	3
2	1	2	3	2.4313	1.1510	-1.3934	0	-1.0959	0	1	-3.1884	3	1	2.6748	0	0	-2.8324	1.4871	1.5497	-3.1050	1	-0.8400	2	4.3519	-2.7223	2	0.9214	1.1636	2	1.3514	0	0	0.4644	1	3	-2.9577	3	1.5521	1.1151	0.2108	-1.9076	2	-4.1665	1	2	2.4712	3	-3.1778	0
0	0	2	0	-0.6991	-1.7100	-0.8659	1	0.8748	3	1	0.0044	2	3	-1.5976	1	0	1.1674	0.6226	0.2307	-0.9552	0	-1.7724	0	2.1124	-0.7634	1	-1.1600	-3.4774	3	2.9391	0	3	0.6314	1	1	0.7894	2	-2.0590	-0.4392	-2.2229	7.8081	3	0.3641	1	0	-0.5617	1	-1.7875	3
2	1	3	3	-0.0549	-0.9916	-2.1024	1	-2.0890	0	0	1.4118	2	2	0.3513	0	3	-0.0754	2.4332	3.8275	-1.3634	0	1.9264	2	-0.8890	0.3214	2	3.9205	-0.8073	1	-0.9382	2	3	1.9466	0	2	0.3363	2	-0.1251	0.8687	0.1523	3.5273	0	0.7282	0	2	3.4401	3	-2.1657	3
2	3	2	2	0.7270	0.2959	0.4525	2	-0.5079	0	2	1.4903	3	2	-2.5109	2	3	2.3513	-2.1507	-1.4283	5.1128	2	0.5342	0	0.3620	-1.6088	0	0.2700	3.0210	2	-3.7434	2	1	-0.4709	0	0	0.2381	3	-0.3996	-1.7571	1.5365	-5.7832	2	2.1801	2	0	0.8187	0	5.3562	2
2	3	0	2	-0.4999	-1.3799	-1.3578	0	-0.4347	3	2	-0.8342	3	1	1.5591	2	3	-0.1519	0.0107	-0.8519	-0.2360	2	0.1857	1	-0.4596	0.5767	2	1.0687	3.3550	1	1.2811	1	0	0.1622	3	2	-2.2035	3	0.6460	-3.2108	7.9728	-2.9009	1	-0.9229	0	0	-0.3767	1	-1.7791	0
0	0	0	0	1.7727	0.6544	-0.6501	2	-0.2695	2	3	-0.5984	0	0	0.0685	1	3	-4.2494	-0.7783	-1.7535	2.2378	0	-0.3310	3	0.7437	1.2381	0	1.9005	-0.6646	0	-1.5027	0	0	-0.2129	1	2	3.7538	1	0.8870	-2.9833	2.2926	-0.8067	1	-1.0450	3	0	1.4726	1	0.2087	0
3	2	2	2	-0.2207	2.3299	-1.0377	2	-0.7642	0	0	1.2693	3	2	0.5406	1	0	-1.8205	-0.8055	-1.2246	-2.3098	2	0.1126	3	-0.6739	-0.2673	0	1.6692	1.2777	2	-3.2910	1	2	-0.9328	3	3	-4.0105	1	-0.7317	-0.0588	-1.7823	-5.3446	0	-0.7586	1	2	-0.5782	3	-5.1010	0
2	2	1	1	0.8201	0.6013	-0.0668	3	-1.0940	0	3	0.6588	3	3	4.6885	3	3	3.2437	-3.7116	-2.5549	1.3901	3	0.2255	3	0.9711	-0.8492	0	2.1048	2.2545	1	-1.4805	3	1	-1.2111	2	2	-1.6644	3	-0.8225	0.6277	1.5983	0.7880	1	-0.7265	2	0	-1.2424	1	1.2043	1
3	1	3	2	2.1465	1.6554	0.0710	3	1.1632	1	2	2.1789	1	2	-3.5747	1	0	-2.0137	-1.4520	-1.3498	-1.6539	3	1.5874	3	2.3235	-1.9977	1	-1.5974	-3.5303	3	-0.7980	2	2	-0.1739	0	3	1.3805	2	-0.5101	-3.9683	-3.1614	5.5584	2	3.3314	1	1	2.0937	2	-2.2027	2
2	1	0	3	-0.5636	0.0114	0.1644	3	-1.4178	2	3	-0.1601	2	0	-1.0974	2	0	1.0886	0.9373	-1.3421	-0.3427	1	0.5240	0	-0.6912	-0.4835	0	0.5916	2.5161	1	-3.4649	3	1	-1.1724	2	3	-2.0221	3	1.4879	0.1171	3.6250	-7.0056	1	0.8635	3	2	-0.5276	1	0.1450	0
3	3	0	2	-1.2494	1.8421	-0.9150	2	1.2725	3	2	0.9009	2	1	2.6676	2	0	3.7448	-3.9122	-5.8655	-1.6494	2	-0.3080	0	1.1933	0.7375	3	0.9606	-2.5151	3	-0.1021	0	1	0.2636	1	1	1.4798	2	-7.0564	2.9084	-2.8917	3.9584	1	1.4585	0	0	4.2586	2	-2.7336	3
2	2	1	3	0.4427	2.0464	-3.4277	3	-0.8015	3	0	-1.7511	1	3	-5.1562	3	1	2.4244	0.8336	3.9370	-0.8496	1	0.1140	0	2.3128	0.5703	0	3.4269	-1.3754	2	2.1700	2	3	2.3216	0	2	1.1739	2	3.9283	0.3926	-2.9637	3.7095	2	-0.5816	1	3	4.8495	2	-0.6911	3
1	3	1	1	0.8738	0.2952	-2.1658	3	0.3337	2	1	0.3636	2	1	1.2114	1	2	-1.0884	2.5634	4.5056	0.3808	3	-0.8975	1	1.6067	1.5216	2	0.3540	2.4981	1	1.0468	2	0	1.1493	0	0	1.8685	0	1.8394	0.0503	3.5886	3.8219	2	1.1407	3	3	0.1394	3	-0.5044	3
2	3	1	2	0.5052	0.5355	0.6284	0	-0.1715	3	2	-3.3192	3	3	-1.9688	3	0	1.7065	0.4392	1.5220	-0.4264	1	1.1243	0	1.5673	0.1030	3	-0.0638	-1.5999	2	1.2541	2	3	-0.3915	0	2	0.8472	3	-0.1294	0.3786	-1.0526	1.6492	2	-6.9743	1	3	1.9392	0	-1.3888	0
2	0	0	0	0.4847	0.7812	-0.3097	2	0.4724	0	1	-0.6009	2	0	0.2325	2	3	2.1720	1.2385	-0.3798	1.1948	0	-0.4263	0	-1.2590	0.8442	1	-1.0594	-0.2613	0	2.4310	2	1	-1.2739	1	2	-3.0944	1	-0.7944	1.3742	0.6834	5.4698	0	-1.6052	2	1	-1.9222	3	2.9855	0
0	3	3	0	1.6222	2.2861	-2.0580	0	0.3455	2	0	-2.8500	0	0	-0.5002	1	0	-1.1417	4.9552	8.8277	-0.7647	0	1.0216	0	-1.9150	-0.7361	1	-2.3134	1.8926	0	0.1029	2	0	0.4881	0	3	-0.2082	2	2.2939	1.0261	1.2759	-2.0517	0	-1.2481	2	2	3.2602	3	-3.9627	0
0	1	1	1	-1.2765	-0.6022	-2.5159	2	1.2614	2	1	0.2976	3	3	-1.6480	0	1	-2.8884	0.7854	2.8372	-2.1641	3	-0.4116	3	-0.2615	-0.7415	3	2.0697	0.5144	2	-2.2916	1	3	-0.8009	0	3	2.1357	3	0.9162	0.7682	1.7721	-3.8943	3	-1.7508	0	2	2.6574	3	-3.7694	0
0	0	0	1	-0.1387	-1.2914	3.9586	0	-0.3934	2	1	0.8983	2	3	0.5295	3	2	2.5693	-3.3681	-5.3025	-5.1368	3	1.0625	0	-0.4723	-0.3784	0	1.3210	-1.5705	3	-2.2740	1	3	2.3713	3	3	-0.6685	2	-0.2792	2.3239	-0.0536	-1.6655	1	-0.1312	1	0	-6.0960	2	-4.8051	3
1	2	1	3	-2.3048	0.2014	0.8890	2	0.0832	1	2	2.0226	2	3	0.3476	3	1	0.1047	0.4111	0.9455	-1.9747	1	-0.3978	0	-0.2522	0.2427	2	-0.3312	0.1520	0	0.2338	0	2	-2.6735	1	0	-2.2586	1	0.6971	-2.1485	3.0336	-0.7328	1	-1.8548	0	3	-2.0346	3	-1.4173	2
2	3	0	3	-3.1505	-1.3600	-0.9879	3	1.6340	3	0	-2.6559	1	3	-2.3440	1	3	-2.0822	0.4691	-0.3009	0.6608	1	1.2895	3	3.1777	-0.2621	3	-0.5085	-3.1992	3	-0.3112	0	0	1.0235	1	2	0.2239	3	0.2633	-2.2619	-3.3768	1.4575	1	-3.9837	1	3	2.3112	2	3.3663	0
3	0	2	0	0.0522	-0.4019	-2.4825	1	0.1690	0	0	-2.0524	1	1	-3.2117	3	3	-0.6232	1.1350	1.2697	-0.1035	0	-0.7038	2	0.8834	0.5434	2	-0.4020	-2.7408	3	2.0006	1	3	-0.4097	3	3	0.9038	2	0.5734	0.5162	-0.6707	3.6443	0	-3.6294	1	1	3.7173	3	1.7572	0
0	2	1	3	-0.6501	0.6824	-1.2728	0	-0.1469	0	0	3.1350	3	2	-0.5723	2	1	0.2479	-4.1012	-3.7364	-1.3946	1	1.3239	2	1.9015	-0.4842	2	0.4396	-0.0905	2	2.1212	2	1	-3.9841	0	1	-2.7835	1	-1.9119	-0.3026	0.8561	3.7264	3	5.1463	1	0	-0.4149	3	-0.5422	2
0	2	0	2	-1.8397	0.3874	-0.2804	0	-1.8734	3	3	0.0116	1	3	0.6685	1	0	1.5648	-0.6120	-2.1228	0.0153	2	0.1309	1	-4.8716	0.5132	2	0.9792	6.3705	0	-1.8004	0	1	1.8956	1	2	-1.5975	2	-5.3308	-1.4256	5.4081	-7.0191	0	1.8578	0	1	1.3657	1	0.8013	0
1	0	0	1	0.9224	2.1898	-0.0409	3	-0.0669	3	0	-1.9850	1	2	1.0518	1	2	0.0178	0.1055	0.1081	-1.0004	0	-0.3167	2	1.4198	0.1674	1	1.5288	0.0961	0	1.0618	3	0	-0.1955	0	3	1.3180	0	-1.6566	0.5847	0.9291	2.8565	1	-4.5700	0	3	0.0458	1	1.0293	0
1	3	1	1	1.5384	-0.5604	-1.6676	0	0.3890	2	1	0.4567	0	3	2.3891	0	3	0.6319	-0.7076	0.3051	0.4655	3	0.2919	3	-0.8287	1.8922	3	-0.8834	-0.2751	0	-0.2225	2	3	-0.9384	0	2	-0.0215	1	-1.0826	-2.9812	-1.7135	0.5908	1	2.7752	2	1	3.4082	2	-2.0246	1
2	3	3	2	0.1845	-0.6596	1.0797	2	-0.1530	1	1	-0.8287	1	0	-2.6229	3	2	-1.0123	0.8262	0.2135	-0.2899	2	-0.6464	3	0.7300	0.1324	0	-0.6018	-3.3915	2	0.8367	1	2	1.4039	3	0	-1.9846	3	0.6361	2.0810	-3.5800	3.1620	0	-2.5575	1	1	-3.6111	2	-2.9980	3
2	2	1	2	1.3940	1.4451	2.7498	0	-0.5204	1	2	-1.3882	2	0	-3.6389	0	3	-0.7886	0.7286	1.8654	1.5382	2	0.7556	0	-0.3580	-1.2495	0	0.6077	0.8309	0	-1.0046	1	2	0.2265	3	3	1.3284	3	4.5769	2.4316	0.9964	-2.4962	1	-2.8752	2	1	-4.5657	3	2.6948	2
1	3	3	1	-2.5841	0.9615	-1.2461	3	-1.4663	1	2	2.7915	2	0	-2.7026	0	0	-0.1417	-0.7169	0.0267	-1.5483	3	1.0453	1	-2.1170	-0.4304	2	2.2175	5.7917	0	2.3305	3	3	0.1204	3	0	-0.1823	0	-2.3286	1.4547	4.8313	-5.3784	0	2.8012	3	0	1.0707	1	-3.7945	2
3	2	3	2	-0.7500	0.0999	0.1070	2	-0.2892	0	0	1.2356	2	1	-2.7992	1	2	-2.1697	0.5954	1.4019	-2.0465	2	2.9866	0	-1.7698	1.7107	2	0.1793	1.9034	1	0.3866	1	0	-0.3851	3	3	-2.1658	1	1.4319	-1.0164	0.2437	-1.7002	2	-0.7297	3	1	-0.0753	0	-1.1762	2
1	1	3	3	0.4976	1.3017	1.5575	2	0.6669	1	1	1.1877	1	0	-0.5278	3	2	0.3982	1.0227	0.6529	-3.5900	3	-0.1213	3	-1.5920	-1.2944	3	-0.1901	1.5121	2	-0.9797	1	1	0.8043	2	2	-0.5702	2	-0.8156	-2.2102	2.0101	-4.1513	2	2.5216	0	1	-1.7977	1	-5.2994	2
3	0	0	2	-0.2553	2.0125	0.1025	3	0.7399	2	0	-2.1914	0	3	0.4910	1	2	0.2796	2.5134	2.1090	-1.8674	2	-1.2356	0	-0.5789	-0.3770	1	2.1522	0.9966	0	1.6492	0	3	0.3599	1	0	0.2207	2	1.0038	2.1212	0.1337	-1.0305	0	-3.2564	3	1	1.5894	1	-0.9018	3
0	2	1	2	-0.1443	0.1353	2.2841	1	0.8607	1	0	2.4511	1	1	0.2977	3	1	0.1524	-1.7243	-1.3592	3.9395	1	-0.4283	0	-1.3132	-2.0492	3	1.1347	2.4498	2	-1.2040	1	2	-0.9745	3	1	-1.8197	3	2.6804	-2.1444	1.5238	-4.8981	0	2.3023	2	2	-0.1376	3	4.7006	2
2	0	0	0	0.5047	0.3561	-3.8142	2	1.5115	3	3	0.8340	2	3	-2.2931	1	2	-2.0651	0.6229	-3.8549	-0.6425	2	0.5133	3	-1.0694	-1.0238	3	-1.9786	0.8207	2	-2.2207	2	0	2.6419	0	0	1.0848	2	-2.2204	1.3741	0.8293	-1.2917	1	3.6734	2	2	3.6889	0	-2.2617	3
3	2	1	2	-1.4468	0.4702	-1.4199	0	1.7169	0	1	-0.5923	1	1	2.7869	0	1	0.0348	2.3694	2.8879	4.0603	2	-1.1702	2	5.0477	-0.2653	3	-2.8022	-4.8249	3	-0.9641	0	0	0.8859	1	0	0.7590	2	-1.6462	-1.3607	-3.8914	2.6670	2	-0.5646	1	1	2.1385	2	6.6459	1
2	1	0	3	0.2508	1.9344	0.9575	0	-1.5764	3	1	-2.6642	0	2	1.6373	0	2	-0.6927	3.2915	3.5124	2.6223	0	-1.0212	2	0.8485	0.7870	2	-0.9636	-1.5536	1	2.3012	3	0	-0.1184	2	2	1.0421	0	2.1947	-1.4203	-0.8814	7.0910	1	-2.5979	3	2	0.3742	3	2.1419	0
3	3	3	1	-0.1314	-1.0304	1.4259	0	-0.9420	1	2	1.3817	2	3	0.3889	0	2	-0.8440	-1.5850	-0.2733	-0.7127	3	1.1802	3	-0.8448	-1.5343	2	1.3150	1.9301	2	1.6618	1	0	-0.8511	1	1	-0.5299	2	-1.9975	1.4573	2.3431	0.9759	3	1.0909	0	0	-4.5753	1	1.0780	0
1	0	3	0	-0.7263	-1.1453	-0.7262	1	-2.3295	2	1	4.9122	2	2	-2.5538	2	0	-0.2069	-1.6351	-4.1836	0.1259	0	1.3873	2	0.1455	-1.6866	2	1.6746	1.1368	1	2.2476	3	2	-0.9360	3	2	-0.6346	0	-2.4051	-1.1305	0.4116	5.3342	3	6.2596	2	3	-0.3114	1	1.1591	2
1	2	3	2	-0.1454	-0.3598	0.0630	2	-0.1140	2	1	-0.0793	3	3	0.0662	0	0	1.2729	0.4380	0.4488	-0.9572	2	-1.6341	1	-0.2022	-0.3634	3	1.2214	0.7095	0	-2.8001	3	3	-2.3212	1	1	-3.5879	1	1.2908	2.4444	0.3195	-0.4188	0	4.7366	3	1	5.4209	0	-1.6469	2
3	0	3	0	0.6712	0.1032	0.8351	3	-1.0926	1	3	-0.3810	2	1	0.5049	3	1	2.9487	0.3730	-0.5254	-0.5267	0	-0.7433	0	-2.0669	-1.9413	2	0.2901	3.1183	1	-0.9987	2	1	0.9467	3	1	2.6458	2	-0.4769	-1.4485	3.2789	-3.1629	2	1.0127	0	3	0.3496	1	-2.0215	3
3	3	2	3	-0.8122	-2.4391	1.7442	1	1.0927	3	0	-0.8133	3	1	1.4680	1	0	2.6684	2.4143	5.1562	0.6236	1	0.3056	2	0.3685	-2.3519	3	-3.2875	-0.1564	1	-1.2210	3	1	0.1847	2	0	-1.4646	2	1.5855	-1.4110	-0.4425	-1.5354	3	0.6699	0	2	-3.4936	3	2.5616	2
0	3	1	1	-3.1264	-0.4004	0.4280	3	-1.1636	2	0	2.5797	2	2	-2.8187	2	2	-1.9619	-2.8013	-1.1402	2.0031	3	-2.0921	2	2.4612	0.5274	3	0.2294	-0.5175	0	-1.0762	0	0	-0.2154	1	3	1.8491	1	0.7908	1.1154	1.3057	-4.3074	1	0.3818	1	0	-2.9025	2	3.0224	2
3	3	0	1	0.3496	-0.2953	-2.2724	1	-1.1768	3	1	-0.6422	2	3	-0.0349	1	2	-0.7055	-0.2012	-2.4579	-0.6083	3	1.3637	3	4.5274	1.6070	3	2.1094	-2.0380	3	-0.3816	1	1	0.8936	3	1	-0.2343	2	-2.0265	2.6799	-2.6194	0.4074	1	-0.2263	1	0	4.8723	2	-0.8687	0
0	3	2	0	-1.0917	-1.5592	-1.1060	2	0.5468	2	1	-1.5447	1	0	0.2042	3	1	-1.3989	-0.2390	-0.3826	-1.6097	3	-2.9699	3	-0.4456	-0.7912	1	-1.1263	-3.7387	3	0.4285	1	0	0.6046	3	3	0.4225	2	1.1575	2.3590	-2.3697	3.6958	0	-0.1781	1	0	-0.3282	0	-2.9199	0
2	3	3	1	0.6045	0.8341	1.8517	2	0.0192	1	2	1.0221	1	1	-0.6619	3	2	1.8466	-2.8988	-1.6250	-2.9377	3	-0.1539	1	0.7282	-1.3181	2	0.4636	-0.0031	3	-1.1155	2	3	0.0816	0	0	0.6574	3	-2.4391	-1.0629	1.0937	2.7375	2	-0.6366	1	0	-2.1548	1	-4.3440	2
3	0	0	0	-0.3384	1.3661	-0.9458	3	0.8564	2	3	0.0776	1	3	-2.4082	0	0	-3.2883	-3.1763	-10.2942	2.5924	0	0.5303	3	0.8767	-0.5448	3	-0.9323	-3.5809	3	-1.4785	2	0	-2.0716	0	2	-0.9628	1	-5.5362	-1.1739	-4.9212	2.3785	3	-1.0042	3	0	-0.4552	0	3.0324	1
2	1	3	1	0.0458	-1.7207	-1.6994	3	0.1912	2	0	2.8428	3	0	-1.3696	2	0	2.8747	1.0230	4.1647	0.5276	3	-0.8732	0	-0.7719	1.1845	3	-0.8567	-0.5698	1	-1.5797	0	1	0.6282	2	2	-2.9408	3	3.5826	-0.8901	0.6540	-0.5498	0	2.6759	0	1	1.6577	2	-2.4794	3
0	0	2	0	-1.2749	-0.1780	-0.0025	0	1.4878	0	1	-2.6965	3	1	0.4767	1	0	-4.0885	0.6371	1.1098	-1.1419	0	0.2349	3	-2.2023	-0.4206	1	-0.4228	3.1769	2	-0.6285	3	0	0.2219	2	3	1.4762	1	0.5095	-2.7845	4.3442	-1.1055	2	-2.0883	0	3	0.1021	1	-1.1873	0
1	1	3	3	0.8820	0.5056	-0.0549	0	1.3100	2	3	0.2624	0	2	0.8895	3	0	4.5445	-0.7708	-2.4713	-1.2564	1	0.6038	2	2.4384	0.4973	1	-1.8158	-4.0753	3	0.0730	0	1	0.8724	1	1	-0.4735	0	-3.6324	-1.7014	-5.2545	4.2090	2	-1.9854	1	2	3.2909	0	-1.1781	3
0	0	1	0	-0.3506	-0.2879	-1.6478	0	-0.4237	3	3	-0.6516	0	3	0.1727	1	1	-2.9856	2.1097	2.6391	-1.4483	0	0.5983	3	-1.5101	0.5794	2	2.6880	2.0537	0	-1.1060	0	0	-0.2622	1	2	-1.4608	3	2.1700	3.3828	2.9759	-3.7734	2	0.9935	1	3	5.6486	1	-4.8572	2
3	2	0	2	-0.4658	-0.3506	-1.3269	3	0.7087	0	2	-0.5416	0	1	0.7684	0	3	1.3609	3.1651	3.0408	-0.9242	1	-0.2605	1	2.2346	-0.5030	1	-2.0439	-0.8552	2	0.6764	3	1	-1.2107	2	1	-0.7209	1	-1.9094	-0.5564	-0.8891	-0.1489	0	-0.3329	1	1	1.1193	2	-3.7648	0
0	1	2	3	-0.0921	1.9055	-0.9592	0	-1.8851	0	1	0.2672	0	3	0.0181	2	2	1.9628	3.1339	2.9478	2.3597	1	-0.1653	1	3.0689	0.0924	3	1.6887	-2.3897	3	-2.0796	0	1	-0.5075	1	3	0.5946	2	3.6455	-1.7153	-3.9258	-0.9288	3	0.1787	1	2	1.7123	2	0.2959	1
1	2	2	2	-0.1384	0.0696	-0.1637	3	-0.3912	0	2	1.5731	2	1	-1.9139	0	3	-1.5224	1.2230	1.7362	2.3177	2	0.4200	1	0.9318	1.7866	0	-0.7722	-1.3888	2	-3.7816	3	0	-1.3340	2	1	-1.4928	3	4.4018	-0.2081	0.8922	0.5541	1	2.1350	3	2	-1.1553	0	0.2879	2
1	3	3	1	1.5261	0.7428	0.8099	3	-0.1860	0	3	-1.8057	1	3	3.5130	2	2	1.5797	0.1350	0.1823	2.6466	2	-1.0377	0	-2.0889	0.1783	3	1.9663	1.8357	2	-2.9082	1	3	0.0053	0	3	3.1065	3	0.3084	0.9299	1.4096	-6.0006	0	-0.7739	2	2	-0.2331	3	1.2236	3
0	2	3	2	0.5513	2.5454	-0.8216	3	-0.9776	2	1	-2.3189	3	3	-0.0689	0	3	-2.4119	2.4673	1.5707	1.6618	2	-1.8314	2	3.0607	1.2657	2	0.8851	-0.1232	2	1.1070	3	0	-0.3409	2	0	-2.5707	1	1.1018	-5.4240	-1.3454	0.4641	0	-1.7513	1	1	-0.5135	0	4.5396	0
3	1	1	0	-0.0435	0.4693	-0.2402	3	0.3551	3	3	0.2977	1	3	-1.5347	1	1	-0.2510	-0.5867	0.5429	-1.1735	0	-0.7862	3	-0.9450	-1.3199	3	0.8806	-0.6499	1	0.2178	3	2	1.3677	2	0	-1.4155	2	1.1843	2.3599	-2.0259	1.0846	0	0.0419	3	3	-0.7602	2	-1.8164	3
2	2	0	1	0.1950	1.7221	0.9581	1	0.8475	3	1	-0.2594	3	2	0.2204	3	1	1.2618	4.1406	5.3124	2.3599	3	0.4036	2	1.0619	0.6273	1	-0.0044	-0.1052	1	1.1519	0	1	-1.9315	1	3	-1.2588	1	0.7685	-3.4329	-1.6961	0.1477	1	1.8642	2	2	-5.7676	2	2.5161	1
0	3	3	1	-0.8939	0.4276	1.7285	3	-1.6590	1	2	-0.0368	2	2	-3.2553	0	3	1.8443	-0.9527	0.3710	-1.5362	3	0.1292	3	2.9393	0.8153	0	1.1588	-0.5244	3	-2.9851	2	1	1.3978	0	3	0.6701	2	0.3816	3.4823	0.0384	-0.4535	0	1.4048	1	1	-4.0460	2	-0.4484	1
1	0	0	3	0.8827	-2.8980	-0.7529	0	-0.7465	1	0	-0.5967	2	3	0.3237	2	0	2.2485	3.8558	5.0608	0.0808	1	-0.8243	1	0.7906	-0.6583	2	-0.3522	-0.6886	3	1.3322	2	1	-0.2799	0	2	0.8628	0	0.8744	-2.0957	-1.7797	3.8814	2	-2.7730	1	1	0.8877	2	-2.6742	0
1	1	3	1	-0.9117	0.4478	2.2400	2	0.4167	1	1	-0.3256	0	0	-0.6960	1	1	-0.8665	-0.5089	-0.7679	0.4100	0	-1.1110	0	-0.3558	0.6983	0	1.2416	0.0588	1	-1.3841	1	0	-0.7603	3	3	-0.3354	1	2.5488	-3.1252	-2.2049	-2.0567	3	1.1729	3	1	-1.0253	2	0.1974	2
1	0	3	0	1.4038	2.2859	-1.8570	2	1.9479	0	0	0.7311	1	0	-1.0237	0	2	-2.7496	-2.9022	-4.0985	0.5461	2	0.7310	2	0.2015	0.0384	3	-3.1702	-2.0197	1	-1.6264	3	0	0.7658	1	1	0.5322	2	-3.8912	-1.0677	-1.7020	0.2058	0	3.2598	0	0	0.1899	2	3.8377	3
0	0	3	0	0.7250	-0.5592	-2.1987	1	0.1828	0	2	0.6851	2	0	2.4639	3	3	2.3718	3.4045	5.4412	-1.7708	0	-0.6973	0	-1.0897	3.3195	0	1.5322	-0.0899	1	-1.5230	2	1	0.7311	0	2	-0.3468	1	2.3311	-0.5251	2.4196	-1.2670	3	1.6383	2	2	3.0342	3	-1.3260	3
3	0	1	1	-0.9180	-0.1598	-0.4111	1	-3.0238	1	1	2.3791	2	1	1.6000	1	1	0.2521	-1.1474	-0.9138	1.6510	3	0.7743	0	3.5953	-0.6350	2	3.9018	1.0041	1	3.0053	0	1	-1.6507	1	1	-2.2871	3	-0.0595	0.9218	-1.2522	-1.7867	2	3.0131	1	0	-4.6568	2	2.7179	2
1	0	0	0	1.2238	-3.6702	0.8663	0	1.6781	1	1	0.2993	1	1	-0.8184	2	1	2.5087	1.9200	0.4729	1.6948	2	-1.6170	1	-0.2641	1.1112	0	-1.4141	-2.1872	1	-1.0030	1	1	1.0994	3	0	2.1406	2	3.4367	2.5573	-0.7257	2.8926	3	0.7773	2	2	0.2869	0	-0.0872	0
2	0	2	0	-0.8276	-1.1096	0.9089	3	-0.7255	2	3	0.2206	3	1	0.3430	0	3	-3.0598	0.3976	0.7406	-4.0394	2	-0.7774	0	-0.5275	-0.5884	2	0.1284	0.5270	2	2.1976	0	0	1.4253	1	1	1.6038	0	-1.0526	3.7429	1.8044	1.9905	3	2.8804	1	3	0.8969	0	-5.5570	2
3	3	3	3	0.4888	-1.7587	1.0905	0	-0.0261	1	0	-0.4557	1	3	-3.8559	0	0	-1.5912	-0.0183	0.6080	-1.3602	1	-0.9103	3	-1.2038	0.1393	1	0.6074	4.5286	2	1.1385	2	0	-1.6814	0	2	-2.0448	3	-0.6238	1.6864	3.1861	-3.4975	0	1.5929	3	1	-0.9124	1	-1.5941	2
3	0	2	0	1.2317	-1.6952	0.8504	2	-1.9788	1	3	-0.8530	1	0	-0.4931	0	1	-2.6209	0.7314	-1.3958	-0.7111	1	0.4237	1	2.1423	-0.4186	0	2.8912	-2.7122	3	-2.6330	2	0	-1.9020	0	0	-3.1927	3	1.5282	0.0016	-1.0110	1.7331	3	-1.6105	1	2	3.3417	0	-3.6907	2
2	2	1	2	-1.3562	0.4781	0.1195	3	1.0712	1	0	2.9516	0	0	-0.0995	2	2	-3.8489	-4.2914	-4.2871	1.3213	2	-0.5621	3	1.2261	-0.0415	3	-0.3917	-1.4485	0	-0.5059	2	0	-0.4439	0	1	1.6816	3	-1.7765	-4.7249	0.2997	4.2679	0	6.8150	2	0	1.2726	2	-0.8394	2
1	3	2	3	-0.1694	-0.4363	1.9974	3	0.5204	1	0	-0.7730	1	0	1.0179	3	1	-0.1037	2.8375	3.2588	1.0777	3	0.8898	0	-0.9667	0.4412	2	-0.5961	-1.5856	0	1.7106	2	3	0.7304	3	2	-1.0885	2	3.7808	-2.6344	0.6353	2.3620	3	-1.9507	2	3	-1.6714	1	0.8135	3
3	2	0	2	0.4602	-1.8142	0.7537	2	1.4280	3	3	-2.8193	2	3	0.0206	1	2	-2.1873	1.2492	-0.5820	2.4147	1	0.5643	0	2.5160	-0.4492	3	-1.8557	-4.5237	2	-1.1030	0	0	-0.1948	1	0	0.2878	2	-1.9691	1.9003	-4.7538	1.4283	1	-1.5947	1	1	-0.1888	2	2.2532	0
0	2	0	2	0.3773	1.0462	-0.5699	1	0.4173	3	0	-0.8710	0	1	-0.9505	1	1	-2.8147	1.9352	2.9148	1.9764	2	0.3761	1	2.3714	-0.5499	2	0.3270	-1.2734	3	0.0926	3	0	-1.6996	2	0	1.0640	1	-0.0932	0.3349	-3.2414	3.6265	1	-1.7797	3	3	3.9009	0	0.7449	2
2	0	2	0	-1.6516	-4.2562	1.0432	0	-1.0732	1	3	1.2173	3	0	-0.7382	0	3	-2.1713	0.3379	-2.4346	-0.3005	0	1.8197	0	0.1243	0.2970	0	-0.0556	-0.6477	0	2.3977	2	0	-2.2079	0	2	-1.4468	1	1.0562	-1.2306	-1.8087	4.5520	3	3.0074	1	2	0.4107	2	0.0082	2
1	0	1	0	0.7747	0.1528	-1.9945	1	2.0820	3	3	-1.9806	2	3	-1.9983	3	3	2.1821	1.8100	4.6435	-2.5884	0	-0.3363	0	-1.2643	0.2259	3	-2.7140	-1.2692	0	-2.0716	2	1	-2.8910	0	1	-1.6734	1	2.1321	-1.6703	-1.0683	-2.3946	1	-3.2748	1	1	5.0148	0	-1.3031	0
2	0	0	2	-0.6093	0.0766	-0.3714	3	1.6445	2	2	-1.1892	2	3	-0.8933	3	2	3.8587	-3.0692	-5.9906	0.2239	2	0.1819	2	0.1837	1.0429	3	1.0894	0.6232	1	-0.5483	0	1	1.9734	1	2	-2.9505	2	-3.4089	2.7654	-0.3258	-1.8524	1	-0.0313	1	0	1.7372	0	2.0303	0
3	0	1	3	-0.5538	-1.0109	0.7343	0	0.5831	3	0	-2.1799	3	0	0.8797	2	1	1.8014	4.7520	8.2153	-1.9712	1	-0.4164	1	1.0165	2.1540	0	1.1485	1.2976	1	-1.6973	1	1	1.4698	3	2	3.0285	2	3.1932	3.5941	-0.9939	-4.1386	2	-4.4832	1	1	1.3907	0	-3.4353	3
0	2	2	3	0.7352	0.5040	0.1231	2	1.6464	1	3	-0.4078	3	3	-0.1311	3	3	1.1853	-0.5085	-0.6594	0.6786	1	0.6679	0	0.8575	0.3009	3	-3.2866	-1.4816	0	-1.1765	0	1	0.2267	1	1	-1.7170	1	-1.2059	-0.0264	0.8046	-3.4664	1	-2.3624	3	0	-0.2903	3	1.9145	3
0	3	1	3	-0.0872	-1.3621	-1.5610	0	-0.4757	0	3	-0.1904	0	2	-0.9509	2	0	0.8502	0.1137	2.6930	2.4246	1	0.1667	2	-3.0049	-1.5375	1	0.5995	3.6531	2	1.0903	1	1	0.0451	3	2	0.6231	3	1.5001	-1.6158	3.4474	-4.5932	0	-1.8618	0	0	1.7321	1	2.0715	1
0	2	1	2	-1.2610	-1.1587	-0.2093	3	0.0316	2	2	-0.6425	1	2	1.0869	1	1	-0.5060	-3.2584	-3.3480	-0.1632	2	-1.2616	1	-2.0999	0.5916	2	0.7754	1.2162	0	-1.0195	2	2	1.0722	2	3	1.7989	1	-3.1120	-0.7564	1.5205	-1.1479	1	-1.8010	2	0	0.5342	3	0.8052	0
0	0	1	1	-1.2296	-0.1168	0.3125	1	-0.9435	0	2	-1.7104	0	0	0.8352	3	2	0.6308	2.4267	5.6761	-3.4704	2	0.2923	0	-2.2124	2.3624	1	1.0814	3.1190	0	1.0076	1	1	0.0881	3	0	-1.3017	1	2.3694	1.3395	4.8874	-1.8474	2	-0.7328	0	1	3.5860	1	-5.3576	0
2	1	3	3	1.6132	0.4206	-1.6717	3	-0.1985	3	0	-0.8048	0	0	-0.7227	0	0	-1.1940	0.5651	1.7901	-1.7376	3	-2.2322	1	-3.1194	0.4545	0	0.8178	2.7325	0	-1.8524	1	2	-0.3303	3	0	1.2978	3	3.9249	2.2062	-1.0465	-8.4355	0	-1.7086	0	2	4.7355	1	-2.7135	1
2	1	0	0	1.8518	-1.2470	1.3897	1	-0.0460	0	2	1.9157	2	1	1.6598	3	2	2.9605	-0.7390	-3.4141	-0.3797	3	2.1671	2	-0.4089	0.0903	2	-1.0824	-3.9466	3	0.3052	0	1	-1.8734	1	3	-1.7610	1	-1.3316	-2.0479	-5.0844	-0.0571	2	5.2123	0	0	-3.9653	2	0.2427	2
1	2	1	2	-1.4485	-0.2880	-0.3440	1	-1.7262	1	0	-0.5668	0	3	-1.1468	0	2	0.4867	2.2095	4.8812	0.4855	2	0.6818	0	1.9805	-1.1300	2	3.1026	-2.5826	0	2.1498	2	1	1.5176	0	0	3.4304	3	5.5335	0.4367	-2.8518	5.4870	2	-2.4217	1	1	2.6513	0	-1.4041	3
2	1	0	3	-1.2270	0.1341	0.1152	0	0.2934	0	1	0.2123	3	2	-2.6998	2	1	0.4762	0.7072	0.2552	-1.8423	1	-1.1849	2	-1.1243	0.0140	0	-2.6121	-0.2163	0	-2.9214	1	1	0.9863	3	2	-1.5050	2	3.0356	1.9448	-0.1260	-2.4081	1	0.6446	0	2	-0.5555	0	-1.3206	0
0	1	1	3	0.2530	-0.7194	0.1086	2	-0.8005	3	3	-2.0204	0	0	1.1641	0	1	-3.8820	3.7543	3.7125	-2.5128	1	-0.5312	0	-0.8050	0.8795	0	2.8492	-1.3693	3	-1.6537	3	0	-1.1408	1	2	0.5828	1	2.6183	1.0306	-0.4031	1.5470	0	-1.4263	0	1	-0.3594	3	0.6429	0
0	2	0	2	-0.3401	2.0663	1.5051	1	-0.6417	1	1	3.1243	3	1	-0.9248	1	0	0.3530	-2.1261	-5.4918	2.4057	2	0.1066	0	0.0449	-1.5036	2	-0.2586	0.4896	2	2.0471	1	2	-0.1132	3	1	3.5986	1	-2.6621	-1.7864	0.0286	0.0459	1	5.3798	2	0	-2.8619	0	6.4891	2
2	1	1	3	-1.5227	0.5340	-0.5676	2	0.2832	1	3	-0.1723	0	0	0.1110	0	3	-0.4985	0.7245	0.9551	1.2557	3	-0.6794	1	-0.5412	1.3179	2	-0.3483	-0.1478	3	-0.3283	3	1	3.9002	2	3	3.1953	2	0.1012	3.3014	2.1447	0.3902	3	0.9902	2	2	3.0725	3	1.1237	3
1	2	1	2	0.4818	-1.8902	-1.7476	3	1.0532	0	2	0.6435	1	1	0.1129	2	3	-0.0204	-0.5231	1.0862	-2.2915	0	-0.8554	1	0.9104	0.1793	2	-1.4632	-1.3004	3	-1.9662	2	1	-0.5413	0	3	-0.4922	1	0.5315	1.9680	-2.7045	0.1654	2	-0.2924	1	1	2.2446	2	-2.9322	0
1	3	3	1	0.2214	-0.8342	2.0581	2	0.1067	1	0	-0.8468	3	0	-0.0215	2	3	2.1064	2.3345	3.5716	-0.4758	3	-1.4516	0	-1.6106	-2.2178	3	1.7787	-0.3324	0	-1.7722	3	1	-0.5652	0	0	-1.5377	3	1.4528	3.4206	-2.9863	-1.0814	3	-0.9278	0	1	-1.5345	2	-0.4434	1
1	2	2	2	1.1124	0.4049	0.5419	2	-1.2198	0	3	0.7947	1	2	-0.1078	1	1	0.8201	0.8078	0.9426	0.0145	1	-2.5153	2	-3.2762	0.7878	1	1.2199	4.4514	0	1.4493	0	3	-0.7115	0	1	0.8422	3	-0.1162	1.0747	3.5581	-3.0072	0	2.0794	0	3	0.9901	1	2.5525	2
2	3	3	3	-0.8083	-0.9798	-2.9386	1	-0.3434	0	0	-1.7996	0	3	0.2943	2	2	2.3579	-0.2464	-1.0873	-0.4739	3	2.2069	0	-0.3440	-0.6292	3	0.2486	0.6279	1	-0.6989	3	1	1.0626	1	2	0.2986	2	-2.1636	1.8394	2.4556	-0.5859	3	-3.1781	0	2	2.6730	0	0.6475	3
1	0	0	0	0.0445	0.8785	-1.2752	3	0.1227	3	1	1.9589	0	1	-1.1418	1	1	1.9509	-3.5873	-9.5309	-0.5830	2	-1.1090	1	0.1939	-1.4269	2	-1.5233	-2.2542	3	1.1212	3	3	1.4607	2	1	0.9985	2	-4.9965	2.7506	-1.4582	2.8124	0	3.3285	0	3	2.3372	0	-3.3873	2
0	3	3	1	1.9085	2.2827	-0.1717	1	-0.5350	2	2	-1.5118	0	2	3.4445	1	3	-1.0052	1.4448	2.7703	1.3575	3	1.9491	3	-0.6000	0.6488	1	0.9272	2.2025	2	-0.6800	0	2	0.4404	1	1	1.8174	0	3.1142	-0.5473	1.0112	-3.3560	3	-2.3976	2	2	3.0759	2	0.3561	0
3	3	0	1	1.4001	-0.1174	1.2717	0	-2.5487	2	3	2.3371	0	0	-1.1688	0	0	-3.4258	1.1536	1.0604	1.9678	3	1.9780	3	1.7799	-1.1722	0	2.4343	2.3757	0	-1.0379	1	0	1.4303	3	1	-1.7028	3	0.8430	0.4254	2.1600	-6.2498	1	-0.3768	3	1	-3.8678	1	2.2351	2
2	2	1	0	-1.5400	1.2795	0.6756	1	1.2409	3	3	1.3534	2	1	1.6548	3	2	-0.1858	-0.2281	0.3655	-2.1174	1	1.7190	0	-0.0556	0.6461	3	-1.9926	-2.4298	3	-2.9900	1	0	-0.7825	3	1	0.7145	1	0.3293	0.5680	-2.8365	-0.3117	2	3.6381	1	2	0.5814	2	-0.7391	2
3	0	1	0	1.5418	-0.3298	-1.1796	2	0.4278	3	1	0.5709	1	2	-2.4555	0	1	-3.1144	-1.2637	-0.4528	0.5276	0	-0.9326	3	0.3496	-0.7937	0	2.0797	1.4601	0	-2.4611	0	0	0.8797	1	1	-2.3563	2	0.3870	-3.3714	-0.0036	-8.1117	3	0.3418	0	3	0.2887	2	-1.6446	3
2	3	3	1	1.1941	1.3193	0.9205	3	-1.2136	3	2	2.0424	3	1	2.2853	3	0	1.3757	-2.5321	-0.8163	1.1845	2	1.0184	1	-1.9006	-0.6826	2	1.2146	0.5162	0	0.7703	1	1	-0.4601	3	0	-3.6976	3	3.0119	-0.1852	-0.4575	0.4036	0	3.5907	2	0	-0.9433	0	-0.8703	2
2	2	1	2	1.4628	-1.6894	-0.8231	3	-0.1261	3	1	-1.2391	3	1	-1.3523	3	3	2.1275	0.8817	2.3066	-2.8692	0	1.5697	1	1.0954	1.5098	0	-0.2931	-2.3989	3	0.2516	0	1	-2.5657	1	2	-1.3984	1	2.4847	0.6128	0.7167	-0.2187	3	-1.9104	1	2	-0.5733	1	-3.9564	2
0	1	2	2	-1.2156	4.3409	-0.8499	3	0.9437	3	3	-0.8698	0	2	-2.1114	2	1	-1.1743	2.5504	1.9722	0.4154	1	2.3979	2	1.2883	0.6463	0	-1.1285	-0.1940	0	-0.6266	1	0	0.0927	0	2	1.7067	2	1.8921	-1.3376	0.1263	-1.5207	3	-1.5488	1	1	0.6804	3	4.0507	0
2	3	1	1	-0.0435	0.2343	-1.5546	1	-1.4611	0	2	0.8460	2	3	0.3358	0	1	-2.7271	-2.1293	0.6183	-1.7664	3	-0.6418	3	0.5311	-3.0300	2	4.6349	-0.4302	0	1.9248	1	0	0.4179	1	0	-0.6653	3	-0.9485	0.9741	-3.1484	2.3431	2	1.8315	0	0	3.3927	0	-1.7537	2
2	1	0	3	-0.7374	1.2631	-0.4441	2	-0.8796	1	3	-0.9867	3	0	-3.0848	3	0	3.8745	1.2034	0.2658	-0.0668	1	-0.1983	0	1.6963	3.7259	0	1.2454	0.2384	1	-1.9575	0	1	1.1537	1	3	1.6657	1	-1.5355	-2.2365	1.2229	-3.1569	1	-0.1836	1	2	-1.2729	3	1.2661	3
1	3	0	1	1.1278	-2.7033	0.8709	1	0.5873	0	0	-4.4178	0	2	-2.3383	0	0	1.8842	1.7760	5.1529	-2.0022	3	-0.2059	2	0.5101	-0.3323	3	-1.5186	0.3216	3	0.0757	0	1	-1.4222	1	0	-2.3723	1	2.9805	-0.1346	-1.6260	-3.0705	0	-6.4127	1	1	-2.0927	2	1.5925	0
2	1	1	3	-0.7828	1.4158	2.2001	1	-1.1004	2	2	0.1467	1	3	1.5985	1	1	-1.6002	1.1316	3.9346	3.3179	2	0.2744	3	-0.6719	-0.3707	3	1.7272	4.4977	2	-0.3944	0	2	-1.3476	1	1	3.8263	3	-0.3473	-0.7544	3.8147	-7.9719	1	0.2684	2	1	-1.3757	1	6.2777	2
0	3	2	2	-1.2743	0.8773	3.3934	1	0.5271	1	2	-0.9888	2	3	-0.3045	1	0	1.3051	-1.3306	-1.9129	-3.6396	3	-0.4616	2	0.4229	-0.5915	2	-0.5685	0.0062	1	1.1209	2	1	0.5421	3	0	1.4308	1	-0.8090	0.9918	-0.9304	1.4107	0	-0.9986	1	3	-4.9038	0	-5.0442	3
0	0	3	2	0.6620	0.6047	-4.5761	3	-1.3407	2	1	1.1812	1	1	-0.0672	3	3	0.3796	-3.3360	-6.2474	-0.9695	2	1.2641	3	1.7900	-0.7505	2	-0.2697	1.6032	3	1.6781	0	1	0.5274	1	0	0.9334	2	-4.1918	2.4762	0.9026	-0.9403	2	2.0030	1	0	6.2655	0	-0.6563	1
2	0	0	1	1.1917	-0.8609	1.3988	2	-0.7851	3	1	0.2368	2	3	-1.8227	0	0	-0.7676	-2.4603	-5.7567	-2.0100	3	1.3086	3	4.8598	0.5840	0	1.0247	-3.6411	3	-1.1208	3	1	2.2356	2	3	0.9364	3	-3.0538	-1.2123	-0.6174	1.4117	2	2.1529	1	1	-1.4394	0	-2.6526	3
1	1	3	3	-0.3410	0.2479	1.1649	2	-0.5501	0	1	-0.2337	2	0	-0.6095	2	0	1.6062	-0.5277	-2.1222	-2.1192	1	0.9444	0	2.0845	-1.0259	0	0.1481	-1.8913	3	0.5084	1	1	2.1180	3	3	1.0426	2	-2.5935	-2.7116	-2.8388	1.4043	0	-0.5310	1	2	-1.4753	2	-1.3696	1
3	2	0	1	-0.0724	-0.1092	1.9344	1	-0.6631	1	3	-1.0385	3	0	0.2306	1	3	1.7837	4.9509	5.9586	3.4119	3	0.5620	1	0.5746	-1.8050	0	0.7287	-2.8835	3	-4.0477	0	3	-3.3609	1	1	0.1504	3	3.0931	3.0216	-3.5728	-3.4376	1	-1.9460	2	1	1.4847	2	0.8085	2
0	1	0	0	0.9467	-1.0668	-1.3688	0	1.2457	2	2	0.4502	0	3	-0.6252	2	3	-1.0685	0.3838	0.1454	0.8145	0	-0.7322	3	1.3762	0.0751	3	-1.7547	1.1036	3	-0.3772	0	0	-0.3027	2	0	-2.3695	1	0.1952	-1.6037	0.2087	-1.9731	3	-2.3456	3	0	0.8032	1	0.8319	1
3	0	2	0	1.1341	-1.9399	-1.0436	1	0.4988	3	1	-0.3892	1	2	-0.1621	1	1	-0.5133	0.9278	-0.4865	1.6721	0	-0.5586	2	-1.1472	1.2402	2	-2.5524	2.2139	2	1.3302	2	2	1.3611	3	3	-0.8084	1	0.0428	-3.4018	1.1726	2.5582	3	-1.1474	0	3	0.4109	1	3.1123	0
0	0	3	1	0.0168	-0.9807	1.6820	2	0.6812	1	0	-0.9582	0	3	-0.1101	3	1	-0.6824	3.5388	5.4800	-0.4752	3	-1.1865	2	-0.9246	0.1795	3	-0.3128	1.4611	0	0.5412	0	0	-0.2337	1	3	-2.0981	0	1.2584	-0.3969	-0.2438	-4.1927	2	-1.8704	1	1	-2.3749	2	1.7815	1
1	0	0	3	-1.9983	-0.4887	1.8295	0	1.1015	3	2	-1.0732	2	2	-1.8884	0	2	-2.5545	0.6740	0.3399	-0.4757	1	1.1366	3	-2.3615	-0.3444	3	-2.3143	4.8225	2	1.2036	0	0	1.7573	2	3	1.2934	0	2.9327	1.5534	6.5642	-7.1077	1	-0.8726	0	3	2.0458	1	3.0069	3
3	1	3	0	0.5099	0.0606	0.0504	1	-0.5464	0	0	0.9413	0	1	2.3624	3	0	1.0265	-1.5402	-1.6909	0.4095	0	-1.6392	1	-0.3914	2.9171	3	0.5656	-1.0495	3	-1.7282	0	1	0.6448	3	3	-0.6531	1	-1.3720	-2.6716	2.0116	-4.1121	0	-1.2729	3	0	-1.0584	3	-1.2547	2
3	0	0	2	1.3055	-2.0947	-0.4790	3	-1.1506	2	2	-0.7292	1	0	2.6193	3	2	0.1246	2.4356	5.5237	-2.5402	0	-0.1656	1	-2.4218	2.4257	0	-0.7274	6.2826	0	-0.6656	3	1	-0.3704	2	2	0.3291	1	4.0720	1.0637	2.9828	-6.1237	3	1.0649	1	1	0.4746	1	-2.8226	1
0	0	1	0	-1.2745	2.0565	0.6982	1	-2.0382	1	2	0.2741	2	3	0.2578	2	2	-0.6479	1.9666	4.1674	-2.2479	0	0.1690	0	-1.2079	0.2406	2	2.7994	4.0032	1	-0.0338	2	0	0.3074	0	2	-1.1585	2	2.2561	0.8591	0.2989	-3.8040	0	-0.2186	3	3	-0.6142	1	-0.5133	2
1	2	1	2	-1.1775	1.0290	-0.6629	1	0.7945	3	0	0.4999	3	2	-1.8316	1	0	0.5858	-2.0575	-2.1351	-0.6058	1	-1.8931	0	2.6243	-0.9629	1	0.0424	-6.7754	3	0.9486	3	1	-1.5685	3	1	-0.2173	0	-3.1520	-1.2216	-6.2074	9.7961	3	1.7588	1	3	-1.0601	2	0.5933	2
3	3	0	1	-0.5515	0.9068	1.3283	0	1.2077	3	2	1.0313	0	1	-0.6389	0	0	0.3554	1.2823	3.2919	2.0446	3	-0.7417	1	0.6163	-0.7947	2	-2.3556	-1.3458	0	0.2837	2	3	-1.8939	0	3	-2.0970	1	2.2222	-4.7564	-3.2713	2.6592	3	-0.1539	0	1	-1.1172	2	0.3319	2
2	2	2	0	0.9239	-1.1167	1.0585	1	0.2482	3	1	2.1007	2	0	2.2702	2	0	1.7480	0.6006	-0.2476	-1.5474	0	-0.4593	2	1.3345	-0.0822	0	0.6294	-1.7732	2	-3.5148	3	1	0.5341	2	0	-0.7723	3	-0.5391	-2.2408	1.1766	0.6635	2	2.3377	1	2	-2.1482	1	2.1712	2
3	2	1	2	-1.4923	3.0873	-0.4269	2	1.1655	2	2	-1.6425	0	2	1.9927	1	2	-2.9451	1.9993	4.3713	-1.3940	2	0.3362	0	0.5287	0.6506	3	-1.0605	-2.9241	3	-0.0677	1	0	0.3216	3	3	2.5378	2	2.3696	1.4963	-2.4173	2.9766	2	-3.9084	3	1	0.6591	0	-1.6850	0
3	0	1	1	0.5711	-2.7301	-1.1017	0	-0.7429	2	1	-0.4730	3	1	1.7671	3	3	3.1062	-0.8698	-0.3644	-0.7105	3	-0.6177	1	0.9554	2.3567	3	2.6752	0.9439	0	2.6839	3	1	-1.0274	2	3	-1.4451	1	-0.0301	-0.3264	-0.4011	2.7647	2	-2.9620	1	0	-1.5564	0	-1.3614	2
3	3	2	1	0.5095	-1.4023	-1.4381	3	0.1630	2	0	0.7627	0	2	2.3409	3	1	-1.3168	3.1627	4.6513	0.1121	3	3.0815	2	-0.3153	0.4572	3	1.1140	-1.8838	3	-0.7582	2	0	1.4203	0	2	2.9822	2	1.6316	-1.3139	-5.6957	3.8481	1	0.7734	2	1	1.6944	0	2.7448	3
3	1	3	3	1.3164	-1.4573	0.3053	0	0.4137	0	1	0.8266	2	0	-2.7772	2	1	-1.8529	-3.5198	-6.7137	-2.2407	1	0.2604	3	-0.7288	1.4620	3	0.8517	2.2651	2	2.7100	3	0	0.0796	0	1	1.5490	1	-3.6694	-3.2003	2.1305	3.4604	2	3.3471	1	0	-1.0716	1	-4.7703	1
2	0	2	0	-1.2612	0.4097	-4.2723	1	0.1100	0	2	-1.8635	2	3	-0.8081	3	1	1.4807	4.8590	8.0374	0.5597	0	-1.0558	0	1.5426	2.1742	3	0.0697	-3.1056	3	-3.3886	1	1	0.0674	3	3	0.9036	1	3.3228	2.4511	-3.7468	0.9060	3	-1.9709	1	2	3.5438	0	-0.9943	0
2	3	2	1	-0.6089	-2.9191	-0.2426	1	-0.8558	0	0	-1.5750	0	1	-0.5994	2	3	0.9453	-0.7570	-0.6566	-1.5551	3	-0.6062	1	1.1273	0.8092	0	2.8136	-0.6470	3	-1.4502	3	1	-1.1100	1	3	-4.2332	3	1.2984	4.5638	0.5066	-0.4532	3	-1.3750	1	0	-3.7204	2	-0.9304	2
3	1	1	3	-0.4804	-1.2410	0.4048	2	1.6754	3	0	-0.5686	3	2	0.3134	3	2	3.1630	3.8860	6.4472	3.3478	1	-0.9755	0	0.6944	-1.5028	3	0.0627	0.8399	0	0.4853	1	1	3.2197	3	0	1.1166	2	4.7764	0.1042	0.2638	-0.1717	2	-0.8028	2	2	-0.3509	3	4.9040	3
2	3	1	2	-1.0331	0.3569	-1.5740	0	0.9076	0	1	-1.5049	0	3	2.7768	2	0	0.5268	1.7242	4.6020	-2.3402	2	0.0919	1	1.1028	-0.6609	1	-1.5207	0.3431	3	0.2973	2	1	-0.7451	0	0	2.2937	1	3.6141	1.7139	-0.6275	4.0414	2	-1.5065	1	1	-0.1840	0	-3.6548	0
3	3	2	1	-0.0660	1.3851	1.0318	1	-0.5180	3	0	-1.3568	1	0	-0.7763	1	2	-1.4251	2.9978	7.6865	-0.4751	3	0.0743	3	-1.1460	-3.4890	0	1.1781	4.3801	0	-4.7207	0	0	-0.0024	1	1	0.9746	2	7.1028	1.3189	2.7551	-10.2648	1	-2.9554	1	1	-0.3819	1	-1.5221	1
0	1	0	3	-2.2717	0.5900	0.0913	3	-1.2273	2	3	-0.3912	2	1	0.9210	0	1	-2.4725	3.1650	1.5534	3.1449	0	-0.4512	1	2.8989	3.0696	2	1.1288	-2.8218	3	-0.7995	3	0	-0.8170	1	0	-0.9464	1	2.7987	0.7546	-0.8255	3.5539	3	-2.4103	2	1	-1.2623	2	1.8638	1
0	3	1	0	1.1443	1.8577	1.8549	1	0.6672	1	2	0.5444	0	3	0.0306	0	1	-1.5053	-1.4965	0.1270	0.7790	0	-1.7800	3	-0.9267	2.0565	3	-1.9904	-0.4617	0	-2.4149	0	0	-0.0019	1	1	-0.2262	1	1.3845	-1.3673	-1.1839	-2.3846	0	-0.9062	0	0	-2.9585	2	2.5414	2
1	3	0	3	2.0809	1.1988	-0.2905	0	0.5004	0	3	1.5662	2	2	1.1002	3	3	1.0188	-0.4213	-0.5229	2.2306	1	-0.0377	3	0.4245	-0.6896	1	0.1862	1.3824	1	3.9676	1	1	1.2233	3	3	-1.4922	2	-0.3238	0.5098	1.0360	3.7611	2	1.4542	0	3	0.2787	3	4.1731	3
2	1	1	0	0.6804	1.4062	-0.7385	1	0.5712	2	0	-0.3350	0	2	-0.7849	2	0	0.0673	1.3234	3.5570	-3.6300	0	-0.6215	2	0.1751	-0.9753	3	-2.3164	0.1488	0	-2.0624	2	2	0.0659	0	1	-3.2334	1	4.1310	0.0992	-0.3751	1.2154	2	-1.8020	1	1	2.2131	1	-3.8209	0
1	3	1	3	-0.5036	-0.0990	-1.7263	2	0.8638	2	3	0.4211	0	3	-0.3254	0	2	0.0120	-0.7768	-0.1868	-0.7298	1	0.9422	2	1.1043	1.2207	3	-0.6681	-1.5762	3	-1.9503	0	3	-1.5871	1	1	-0.3536	1	0.1447	0.1857	0.0666	-3.1553	0	2.1884	3	3	8.5494	1	-3.5101	0
1	2	3	2	-0.0581	1.3144	2.4886	1	0.0231	1	3	-1.6158	1	1	-1.0202	1	1	-2.1135	0.8261	0.8618	0.4300	3	-0.4672	0	-0.5297	1.7175	2	-1.6521	1.3827	2	1.6669	0	0	-1.2736	2	2	-0.2938	1	1.4738	-3.5221	1.0983	0.9384	1	-4.1006	2	2	-0.7472	2	-0.5302	2
0	0	0	3	2.2857	0.7449	0.3395	3	-0.0498	3	0	2.1297	0	3	-0.4012	0	1	-1.6370	-0.0506	-0.8511	0.3625	2	0.9500	2	0.4134	0.6319	1	0.5168	0.0124	2	-0.4519	1	0	0.5913	2	1	0.3575	1	-0.6363	0.4360	1.3593	-0.9959	1	1.1471	1	0	0.7219	1	2.3505	3
1	1	1	1	-0.4609	-0.6095	1.0926	0	1.5625	3	1	-1.6019	2	3	-0.0606	3	2	4.8496	3.3845	8.9641	0.7397	3	2.1344	0	-0.7446	-1.2186	3	0.8762	-1.8963	3	-2.1313	0	1	-0.3059	3	1	-0.1799	3	5.1823	-0.9785	-1.8303	-0.8109	0	-2.9309	2	0	0.3011	2	3.0212	2
0	2	3	2	0.4215	2.0004	0.2071	2	0.7673	0	0	-0.2922	2	2	0.4305	3	1	1.2861	3.9808	5.2718	2.7698	1	1.1924	2	-2.1142	-0.8170	1	-1.8374	1.3927	1	2.3886	3	0	1.1720	2	0	0.6729	2	2.2619	0.9748	1.6184	0.2046	1	0.2716	2	2	-1.6341	3	0.9355	3
3	2	3	2	-0.7992	-0.0573	0.9426	3	1.1468	2	3	-0.2905	1	3	-1.1497	1	0	-0.7418	-0.3375	-1.8199	-1.1186	2	-1.1578	3	0.3734	-0.3837	3	-2.6114	-1.7202	3	4.2683	1	0	0.8268	3	0	1.5424	0	-2.8912	-0.7233	-0.6130	2.6323	1	0.7356	1	1	1.8268	0	-2.0264	3
1	1	3	3	-0.3369	-1.3420	-0.1801	3	-0.7572	2	3	0.9528	2	1	-0.7176	1	2	-1.2305	-1.3763	-2.1714	0.1774	1	-0.5711	3	-0.9940	0.7457	0	2.5804	-1.9889	0	0.1539	0	0	1.6396	1	1	-1.1882	2	0.8530	2.0570	-1.8081	3.0295	1	1.3550	0	3	-0.2302	2	1.1159	3
2	1	1	3	0.1863	0.7165	0.3687	2	0.0727	3	2	-1.4042	3	3	1.6052	1	0	-2.4243	4.4975	6.0657	3.1343	0	-1.5588	3	-0.9506	-2.7103	2	-0.5441	-0.9726	1	3.8594	2	2	0.2694	1	0	0.4256	3	1.8601	-4.1211	-1.2163	6.4217	0	-2.3546	2	2	-0.3086	0	3.7103	1
3	3	3	1	-0.8799	0.4940	0.1711	2	0.5601	1	0	1.7045	2	0	1.8121	3	3	2.8068	-1.8241	-0.2391	-1.5412	3	-0.4433	1	-2.0229	-0.7596	3	-0.8820	3.2730	0	1.5161	3	1	-2.6094	2	1	-1.6680	1	-0.3173	-1.1296	4.3040	-0.8187	1	0.4302	0	0	3.7334	3	-0.8973	1
1	3	0	1	1.9922	1.6612	1.1581	1	0.6260	3	2	-1.0580	1	2	0.1850	1	1	-1.4614	0.0427	0.6698	-0.6877	3	2.0394	2	0.5111	0.0671	3	2.7793	-0.4522	2	0.2466	3	0	-1.2246	3	3	1.0359	0	2.0304	0.0220	-0.7014	1.7563	2	-0.9281	0	2	3.7518	2	-0.2217	0
2	2	0	2	1.4865	-1.9869	-1.8080	0	1.2680	2	0	2.4681	3	1	0.4470	1	3	0.0576	-0.8550	-3.7799	-1.4140	2	0.3124	1	-0.0302	-0.1456	1	2.5182	0.7666	1	1.4983	2	2	-0.8984	0	1	-1.6808	3	-3.5889	-1.1113	0.7446	1.0545	3	2.4970	0	2	2.6569	2	-1.3303	2
2	0	2	0	-1.2351	0.6917	0.9196	3	0.3257	0	0	0.0475	1	0	-0.6887	0	3	-0.7869	-0.1565	-0.1208	-1.2411	2	-1.2257	3	-0.1111	-0.6355	0	0.8218	0.5292	0	0.0764	2	3	3.4952	3	0	-1.1382	2	-0.0121	0.6972	0.5448	2.3874	3	-4.1332	1	3	-1.8960	1	-0.5566	3
2	1	1	3	0.7658	-0.3754	-0.3294	0	-0.8782	0	3	-0.1412	0	1	1.2169	1	3	0.1633	-0.4038	1.4435	-1.9580	0	0.0323	3	2.2686	-0.6041	2	-0.8638	-0.3343	0	0.6836	2	1	1.9828	0	2	1.4473	2	3.4306	0.5187	-0.0887	2.8713	2	0.6049	1	3	4.3680	1	-3.9107	3
2	0	3	0	0.3272	2.0313	1.2236	3	0.3325	0	1	-4.2998	1	0	-0.9780	0	2	-1.9679	5.5597	6.8302	0.7911	0	-1.3505	2	1.0738	-1.1144	3	0.7469	-1.7650	3	-0.1930	2	2	-2.4220	0	1	-2.2812	3	3.2400	1.8404	-2.4304	0.7705	0	-1.7691	2	2	1.6955	0	1.1252	1
1	0	0	1	1.1517	0.1977	-1.9793	1	-0.8461	1	3	0.9298	2	0	1.0030	3	1	3.9774	-3.7600	-6.7331	-1.8702	0	-1.1914	0	-0.6951	0.4256	2	-0.6610	6.2110	2	-0.4645	0	1	0.3370	1	0	0.1590	2	-5.4939	-2.3510	4.8658	-8.7857	1	-2.2420	1	0	3.0791	1	0.2619	2
0	2	3	2	-1.1916	-1.5898	-0.6095	3	-0.6344	0	3	-0.3381	2	2	1.7576	3	1	1.6061	-0.6312	-2.2507	-2.5676	2	0.0713	1	-1.4240	0.4457	1	1.2809	0.2374	1	1.0084	3	1	-1.6292	1	2	0.1719	1	-3.0031	-2.4699	-0.1953	2.9434	0	3.1646	0	0	-0.4259	3	-1.9763	0
3	3	1	1	0.1069	-0.4515	-1.6009	1	-0.6056	0	3	-2.4291	3	1	-2.8101	0	0	0.3167	0.0609	0.8482	-0.8822	3	0.4631	2	1.3014	-0.7173	1	1.0782	-1.2545	3	0.2625	3	1	1.0936	1	2	-1.0273	2	0.7352	0.1549	-0.2882	3.3973	2	-2.8241	1	1	2.9517	2	1.9760	3
3	2	0	1	0.1966	-2.1647	1.6690	3	0.2799	3	2	-0.5920	3	0	0.6998	1	3	0.4540	-1.4601	-2.6550	0.7367	3	-1.1375	0	1.8351	0.7430	0	-1.0635	-2.1966	2	-0.4635	0	2	-1.1282	1	2	1.6254	1	0.8067	-2.2446	-2.3343	0.1237	1	-0.7563	1	0	0.9255	2	2.5312	2
0	3	1	1	-0.0481	-1.2854	2.6213	3	-0.7010	1	2	-1.0195	3	0	-0.4767	2	2	2.2594	1.2827	4.1403	0.4173	3	0.0235	1	-1.9540	-0.7516	2	1.2493	-0.2394	0	-0.3027	2	1	1.2012	0	2	-0.2767	3	1.7958	2.5450	1.6768	3.2012	3	-1.9266	2	0	-3.2428	3	-1.4721	3
3	0	2	2	0.1349	0.7175	-1.4456	0	1.9579	0	2	3.1927	3	1	3.2428	0	1	0.2554	-4.4112	-4.3964	-1.1034	2	0.2790	1	0.7905	0.6242	3	-1.8939	1.3745	2	-1.0108	0	2	-0.0120	1	1	-2.0426	2	-1.2320	-0.8533	0.4388	-3.8857	2	-0.0713	3	0	0.1926	3	-2.7061	2
0	2	1	3	0.9321	-0.6447	-0.0974	1	1.1249	0	2	1.1723	0	2	0.2814	0	3	0.1774	-1.6763	-0.9361	0.0847	1	1.0282	2	2.0622	-0.9741	1	-2.1194	-3.8985	3	-1.6540	1	2	-0.9538	3	1	-0.0374	1	0.8720	-1.2296	-4.6911	2.4918	2	-1.2844	3	0	1.8660	2	1.3554	3
2	2	3	2	0.0718	0.0276	1.4018	0	-1.4106	2	2	-2.2323	2	3	-0.8438	0	3	-2.1720	2.1137	3.8893	-1.0154	0	-1.0275	3	-0.3168	-3.0436	2	3.0230	1.6377	2	-0.8914	3	0	-0.6663	2	2	-1.4123	3	2.1298	-1.5451	-0.2705	-4.8321	0	-1.3243	1	1	-2.4455	2	1.5489	0
2	2	1	2	-2.7732	-0.4552	2.4180	2	0.4730	1	1	-1.3215	2	1	-0.3645	2	0	-2.5254	-0.9181	-1.8737	1.0925	2	-1.3264	3	-1.8713	-1.8676	2	-0.0158	-0.2293	1	0.4656	3	0	0.3390	2	1	1.1912	3	-1.7496	0.7517	0.3608	1.4643	3	-1.6173	2	1	-2.6878	1	2.8546	2
2	0	1	0	-1.8154	0.0631	0.1144	3	1.0414	2	0	-1.4902	2	0	-1.3415	3	3	-1.0460	0.3947	0.8695	2.5708	0	-0.4663	3	2.5389	-0.1930	3	-1.7429	-3.3863	3	-1.8145	2	3	1.3395	2	3	0.5471	2	2.7662	-0.5359	-2.9219	4.0388	3	-5.6272	0	2	2.2347	2	0.9682	3
1	1	2	3	1.7179	-0.5624	-1.3605	1	-1.2580	0	1	0.9355	2	3	0.0307	1	3	-1.4389	-1.2207	-1.3869	-1.7616	0	-0.7474	3	-1.0301	-3.6662	2	0.3066	2.6479	2	-0.4192	3	0	-0.7302	2	0	0.3208	0	1.2303	-0.4679	2.5771	-1.0559	2	-0.9508	3	3	1.8324	1	-3.0665	1
3	0	1	0	-1.9265	0.3172	-1.9297	3	-0.7119	0	1	1.0840	1	0	-0.4483	1	2	1.3897	-3.9713	-5.9899	-3.6704	0	-0.1815	0	-0.9224	-0.2639	2	0.6616	1.3644	2	-1.5269	1	3	1.4119	3	3	1.5068	2	-1.0927	-3.7709	0.1838	-4.5186	1	0.6889	1	3	0.9933	1	-3.4919	3
1	2	0	0	1.0873	-0.3080	0.5192	2	-0.1809	1	2	-1.5258	1	0	0.3699	2	3	0.4280	1.2384	1.2119	-1.8040	3	1.0460	0	-1.4407	0.6526	0	0.0890	-0.0735	0	1.3823	3	2	1.6876	0	2	5.3523	0	0.3188	-0.9517	-1.1792	2.1207	1	-3.6602	3	2	-0.7937	2	-1.0648	3
0	2	0	2	2.3994	-2.2440	-1.6583	3	1.7745	2	2	1.8143	1	3	-2.8711	3	0	1.1747	-3.1897	-6.2012	-1.8426	2	-1.2093	0	1.4137	0.2613	3	-2.9597	-2.3948	3	-0.9369	0	1	0.3178	3	1	-1.8449	0	-3.1055	-0.1207	-2.3002	0.3446	2	2.1127	1	0	1.0223	2	-2.3920	2
3	0	2	0	0.4128	2.0203	-0.2169	1	0.9734	1	1	-1.9873	1	2	-1.1232	0	1	-2.0648	-3.8030	-5.0596	2.2389	0	0.3091	2	-1.7642	0.4898	1	-1.8697	-2.2108	3	4.4553	3	0	-0.9463	2	0	-0.0441	1	-3.2535	0.8192	-1.2046	3.6754	3	-2.5446	0	0	-1.5838	1	1.9890	0
1	0	2	0	0.4373	1.8260	0.5274	3	-1.0435	1	1	0.2917	3	0	-0.9502	1	1	0.2377	-0.2558	-2.1104	-0.6423	0	1.1569	0	-1.3433	0.3735	0	1.3898	-1.7797	3	-0.4497	1	1	-0.6230	3	0	3.4450	1	-0.5399	-2.6929	-3.7772	-1.0207	3	3.7938	2	3	-0.6581	2	1.1219	0
3	2	1	2	-0.4518	2.3745	0.5587	1	1.9323	0	2	-0.7136	1	3	1.8668	1	1	-1.1776	-1.9311	-0.5372	-1.8275	2	-2.3247	2	-1.7659	0.7149	3	-1.7243	-0.7617	3	-2.4049	1	1	-1.9891	3	3	-2.8269	1	1.6457	-3.4513	-2.4771	-0.9257	2	-0.5738	0	1	-4.0250	0	0.8412	0
1	1	3	3	-0.3548	1.4821	0.1579	0	-0.4483	1	3	-0.2117	1	0	0.0041	0	0	-0.3100	-2.7007	-4.4141	-0.3347	1	1.4424	1	-0.8888	0.6105	0	1.1631	1.8736	2	0.8085	1	1	-0.2114	0	3	1.8076	0	-0.3935	2.2496	4.7399	-0.9353	0	-1.8218	0	1	-1.7384	3	-1.6795	2
1	1	1	3	-2.5349	1.8880	-1.4728	0	2.3636	0	3	1.1689	3	0	0.5149	3	2	-0.7251	-3.8109	-5.9162	-1.1752	1	-0.1190	0	-0.7288	-0.7081	3	-1.9783	1.7206	2	-0.3842	3	2	0.5707	0	0	-2.7796	0	-4.6701	-0.6818	0.1237	0.6286	1	-0.3661	3	3	0.0489	0	0.2210	3
2	0	2	0	1.4079	-1.8788	-1.6236	0	-2.0956	0	3	1.7638	0	0	-1.3759	3	3	2.8289	-2.0182	-4.6713	-2.4327	0	-0.0215	1	0.1682	-1.8213	2	1.5426	-3.3215	3	-0.7388	0	3	-0.7309	1	1	0.6632	3	-1.8934	-0.6643	-3.1583	0.3799	1	0.0508	0	3	0.6646	2	-6.4798	0
3	1	1	1	0.1883	-1.8458	-0.3828	3	1.9314	3	2	0.3997	1	3	-0.4612	1	0	-0.1570	-2.1734	-0.3846	0.6691	3	0.5673	3	-2.3617	0.4256	3	-1.4339	-1.4589	3	-1.6467	3	2	-0.0895	2	3	1.1767	0	-1.7416	1.1320	-3.9671	-1.3061	0	-0.1637	2	3	2.5381	2	-1.7673	3
0	1	1	2	0.1906	-0.5800	-0.8557	1	3.0070	0	3	1.7703	3	3	2.3308	3	2	1.5046	-3.9444	-3.7640	-0.0635	0	-0.6240	3	-0.4967	0.1789	3	-4.3327	-2.3198	1	-0.8312	2	3	0.6972	2	2	0.8453	1	-3.0621	0.9787	-2.2383	1.7631	0	1.7033	3	0	-2.3119	3	1.5359	1
3	1	0	0	-0.9175	-0.2577	1.2099	1	0.4688	2	0	-1.2241	0	0	-0.8827	2	2	-0.1166	0.2701	-1.0518	0.6954	0	0.6898	0	1.2870	2.5272	0	0.4421	0.5533	1	-1.9360	2	0	0.0390	0	3	1.8428	2	0.3423	-1.6151	0.6266	-1.4169	0	-0.9937	1	3	3.9686	1	1.2947	0
2	2	2	2	3.0556	-1.8837	0.2163	3	-0.7912	2	2	0.6190	0	2	-1.9749	0	0	-2.6794	-0.8244	-2.0425	-1.3664	2	-1.2297	3	-0.3622	0.6500	2	3.4447	1.2183	2	1.3247	3	0	0.2319	2	2	0.4732	3	0.0227	2.3601	1.6322	1.3267	2	-0.0689	1	0	4.1501	1	-1.7977	3
0	3	2	1	0.8798	-0.4893	2.2320	2	0.0049	1	1	-2.1547	0	2	2.5677	2	3	0.2460	5.4547	6.8189	1.1775	3	2.4957	2	1.2565	2.4443	1	-0.7997	-0.6761	0	1.5271	2	1	-3.0614	0	3	-0.5892	1	3.9546	2.0568	-1.1871	4.7777	3	-3.4247	1	1	-1.5100	0	3.3051	0
2	3	0	2	1.3084	-0.3915	-1.9521	2	-0.3193	0	1	2.4130	1	3	0.9546	1	1	0.4630	-2.9604	-3.7865	-0.1852	2	-1.1475	2	-2.0928	-0.0658	0	2.0267	-0.3713	2	1.6949	1	1	-0.7174	3	3	-0.4825	3	0.9995	-1.0007	0.8879	1.8660	0	3.0809	0	2	4.8310	0	0.0827	2
3	2	0	2	-0.9820	-2.2095	-0.4713	1	-0.1622	1	1	1.4377	0	2	-0.2580	0	1	-2.4141	-1.9540	-2.4869	-1.0604	2	-1.3095	3	-0.9726	-1.6451	2	1.6086	2.3850	2	0.4518	0	0	-0.8327	1	3	-0.2083	3	-1.5207	0.6061	1.0838	-2.1414	3	4.6282	0	2	-2.1001	1	-2.2895	2
3	2	0	2	1.7961	0.3630	-2.9998	2	-0.3809	3	2	-1.2294	3	2	-3.2733	0	2	-1.6489	-2.5016	-2.8423	0.5424	3	-1.1174	0	2.0924	0.5624	0	-0.1294	-2.3584	0	-0.6893	0	0	0.9123	1	1	2.1837	2	0.5563	-2.0381	-2.4257	-1.5401	1	-0.7676	1	0	2.8840	2	1.5119	3
2	2	0	2	-0.0033	1.5456	-2.6046	0	-3.1730	3	0	1.1485	3	2	-2.5250	0	3	-2.9965	-0.1157	-0.8816	1.5206	2	-0.6714	3	-1.4859	-0.2595	2	2.3437	0.3450	2	1.4693	1	2	-0.5156	2	0	-2.6511	3	-0.1638	-2.6492	2.9190	0.1316	1	1.0043	0	0	2.9115	1	-0.0700	1
0	0	3	1	-1.2853	2.1859	-0.1837	0	0.5679	3	1	1.4888	2	0	-0.0660	1	0	-1.8835	-3.7104	-6.8353	0.5673	3	0.2490	3	3.3574	1.3603	3	-1.0381	-0.7108	1	-1.3045	3	0	-2.0349	2	2	-1.9140	1	-5.9343	2.1917	0.0889	0.8750	0	-0.5491	1	0	1.0553	2	0.7310	2
2	0	0	2	0.3913	0.0875	-1.3647	1	0.7059	3	3	-2.9239	0	0	0.4959	3	3	0.6943	3.4489	2.5837	3.4179	3	-1.8228	0	-2.4509	-0.6407	3	-0.7812	2.3817	2	-0.7617	0	3	-2.3414	1	1	-0.1966	1	1.6082	2.7555	0.5866	-2.6593	3	-5.5024	2	1	1.3225	2	3.5534	0
2	0	2	1	0.4682	-0.4621	1.7021	1	-0.1806	2	1	2.1515	2	3	1.3069	0	2	0.4881	-2.1066	-2.7012	0.1830	3	-2.1653	3	0.1489	0.6610	3	0.0317	-2.0991	3	-5.3096	1	3	-0.7957	1	2	-2.2863	3	-4.7752	-1.8010	-1.7249	-1.8783	3	2.7781	2	0	-3.0074	2	-2.7100	1
3	0	1	0	-1.6066	-0.0821	-0.7587	3	-1.4201	2	2	1.2217	0	3	1.4583	2	0	1.2963	-2.5995	-1.7092	1.3047	1	1.3701	1	-0.2289	-0.6808	2	0.3832	3.2900	0	2.8412	3	1	-1.6322	2	0	-1.4035	1	-1.2039	-0.9416	5.1856	1.2898	2	1.0981	2	0	0.4900	1	1.9761	2
1	0	0	1	-0.1437	-1.8737	-0.2509	1	-0.3360	2	3	-1.6747	0	3	1.1155	2	0	-1.9683	0.5482	-0.1299	2.8136	3	-0.2475	2	0.2685	0.6162	1	-1.7493	-0.6928	2	2.7594	2	0	-1.9111	1	3	-1.9611	1	0.4375	1.3719	-0.4438	5.1041	3	-2.2660	0	2	0.3825	2	4.1624	0
3	3	2	1	0.2294	0.1614	0.0805	2	-1.1678	3	0	-0.9061	2	3	-0.6755	3	0	2.5575	-1.6790	-2.4024	1.9877	3	0.0196	0	0.5261	-2.8498	2	1.6773	0.0520	2	-0.0085	3	1	-0.3458	2	1	4.4676	3	0.5344	3.2541	0.3524	0.4736	1	-1.3272	0	2	1.5530	1	0.8937	1
0	0	0	0	-0.8199	2.1193	-0.0703	0	1.1292	0	2	-1.1545	1	3	3.2562	1	2	-0.8489	3.2170	5.5850	1.2927	0	0.6014	1	-0.8059	-1.5742	3	-1.2158	-0.1233	0	0.0870	0	2	1.5780	0	1	1.0211	3	4.9634	2.5722	-1.4002	-0.2673	1	-2.7419	2	1	-1.3689	1	0.8754	3
2	1	0	3	-1.1943	-0.4869	1.1199	3	1.9604	2	1	-1.7200	1	2	-2.2022	0	2	-0.0793	3.8519	1.4990	2.1178	1	-1.7434	1	0.2215	0.1950	1	-1.6052	1.9702	2	2.3527	2	3	0.9911	0	0	0.1396	2	0.3392	0.0133	0.5440	0.4467	0	-3.9725	2	2	-2.5491	3	4.2613	3
3	1	2	3	-1.2119	-0.4363	0.5077	0	3.1906	1	3	-1.0806	3	2	0.3460	2	1	1.9565	0.3662	2.3202	0.0314	1	1.1293	1	-0.5038	-0.9237	1	-3.1582	-1.3948	3	2.2301	1	1	1.7388	3	0	3.2250	2	0.9423	1.3788	0.1195	3.2445	0	-0.0156	2	1	-2.4277	3	-0.3604	3
3	2	3	3	0.9142	1.3199	-1.6056	1	-2.2050	0	0	0.8594	3	2	1.3565	0	1	0.9227	-4.3846	-6.2782	2.8757	1	-1.0898	2	-1.9088	0.4347	0	2.1374	0.5738	2	-1.0638	0	3	-0.2217	1	3	-0.0311	2	-3.7101	-3.0459	0.6941	-2.8027	1	1.8840	0	0	0.5928	3	3.2150	1
1	2	2	2	-1.1164	1.0955	0.9459	1	-0.2135	2	0	-2.1704	0	1	-1.1713	2	0	1.8574	2.6916	3.3247	2.6512	1	-2.0968	0	0.3838	0.5507	1	-0.8471	-1.3632	3	1.7701	3	1	-0.8377	2	0	-2.4694	1	-1.4043	0.2143	-1.2832	4.5435	0	-2.2935	3	1	2.0045	2	5.0689	0
2	3	0	1	0.5528	-0.5449	0.3702	1	0.0962	3	2	-1.1562	1	3	-1.6626	0	3	-1.2397	1.9892	4.6410	-1.6575	3	-0.4259	0	-2.1260	2.0681	2	-0.2564	2.4160	1	-0.0528	0	0	0.8778	1	1	0.3496	1	4.0500	2.1459	3.2278	-3.2347	3	1.8026	0	0	-2.0525	1	-2.9746	3
2	1	3	3	-2.5615	-1.3827	-0.4696	0	-1.0706	1	1	-2.0989	0	1	1.6927	3	3	2.7043	2.3757	1.7412	0.1710	1	1.7546	1	1.0751	0.0669	2	-0.6037	1.3786	2	1.6456	2	3	0.4846	0	1	-1.5521	2	-1.1086	0.9318	0.9732	2.6250	2	-3.7776	3	0	0.4363	0	0.1019	0
2	3	2	2	0.4889	-0.1208	0.6581	2	-1.4105	3	2	-1.2195	0	1	1.8427	1	1	-3.5619	4.0151	6.5198	-1.6316	2	-1.4509	3	0.7096	0.2659	2	1.4506	2.9859	0	-0.1782	0	0	-0.4934	1	3	-0.8613	3	1.9380	-0.0389	3.6374	-3.6195	2	-2.3160	1	1	-3.9169	3	-3.3101	3
0	3	1	1	-1.1562	1.2815	-0.6488	3	2.4498	2	1	0.4101	1	2	-0.7301	2	3	1.2109	-4.4536	-3.8495	-2.9360	3	-0.7798	2	-1.3487	1.2498	3	-1.7561	-3.3933	3	-4.8554	2	1	-0.3253	0	3	2.3138	1	-4.6075	-3.5055	-3.1936	-1.5325	3	1.6114	1	0	-2.7850	2	-5.6198	2
0	0	1	0	0.3983	-0.3552	0.4582	2	-0.5003	0	1	1.2129	1	3	-1.9996	0	0	-0.1222	-1.7393	-1.9851	-1.2588	0	1.7104	3	-3.1777	-1.1001	2	-0.7385	1.6561	2	1.0208	3	0	-0.8161	2	3	-2.1913	1	-1.8170	-1.5368	0.0293	1.1846	2	1.8829	2	3	0.6330	1	-0.4899	2
0	1	1	3	-0.1199	0.1432	-0.7432	2	2.2686	0	0	2.5843	2	0	-2.3531	2	2	2.1259	0.5039	2.0863	3.5232	1	0.7873	0	0.5255	0.3876	3	-1.8007	-0.3423	3	-1.3247	1	1	-1.4290	3	1	-1.5383	1	1.2894	-1.7992	-2.7495	-1.8315	2	1.2720	2	0	2.8052	0	8.2645	1
3	2	3	2	-0.6988	-1.6723	-2.2867	1	1.8100	2	2	0.4573	1	0	-1.1892	0	0	-0.7522	0.6425	1.7253	0.2746	1	-2.3296	2	-1.6267	-1.7315	1	-2.6490	2.2107	2	-0.1444	1	0	-0.9311	3	0	-0.3517	2	-0.7465	-2.7174	1.9150	-3.7520	0	1.5844	2	1	1.2921	2	-1.6143	0
3	0	0	0	-1.1375	0.5307	-3.6425	2	0.1089	0	0	0.0316	0	2	-1.5596	3	3	4.4488	0.0383	-1.2505	-0.9551	3	-1.0575	2	4.3628	-1.1095	2	-1.0913	-8.1369	3	-0.1135	0	1	2.1612	1	1	-1.3865	2	-2.6388	-0.9483	-7.9083	9.9347	1	0.6802	1	3	6.0478	2	-1.7855	3
0	2	3	2	-1.4657	-1.5134	0.1415	3	1.7468	2	3	-2.2420	3	0	2.8921	3	1	0.9504	-0.6796	-1.8008	0.5008	3	-0.8185	0	0.0046	1.2538	3	-2.4288	-0.7153	3	0.0750	2	1	1.4892	3	1	2.2729	2	0.1467	0.5842	1.6247	2.4657	2	-3.8031	3	0	1.1706	1	0.4284	3
1	2	2	2	-1.2130	-2.7443	0.7997	0	-0.4648	1	2	-0.5054	1	0	0.6779	3	1	1.9559	1.4419	3.8011	0.8399	2	0.4046	1	0.0787	-0.2053	0	1.8398	-2.7435	3	0.3547	2	1	1.6984	0	2	2.0165	3	5.5431	-2.4908	-0.9096	1.6534	3	-0.5966	2	1	2.7312	2	-0.6095	2
3	1	3	3	0.4521	0.2687	-1.0832	3	-0.7408	0	3	-0.1630	1	2	-0.0242	1	0	-3.9205	-1.8378	-3.6293	-0.6249	0	-1.1288	3	-0.2249	0.6658	0	0.2117	-0.1756	2	-0.5266	2	0	-0.0643	0	2	-2.2746	0	1.6214	-1.8787	2.1829	1.0321	0	0.5611	2	2	-0.7156	1	-3.4337	3
2	1	3	1	0.4410	0.5133	-1.3106	3	-0.3703	3	1	-1.1489	3	1	2.4096	0	0	-0.2763	0.3456	0.6134	-0.8010	3	-0.8778	1	-0.6365	0.4582	2	-0.0122	1.8521	2	1.6735	2	2	2.0597	1	2	1.6399	2	1.9855	1.0170	4.0229	2.4276	2	-2.3512	1	0	-0.1621	3	-3.4684	3
2	1	0	1	0.1773	-2.5214	2.0100	1	0.8355	1	0	1.1686	2	0	0.3211	3	2	0.8937	1.2503	1.1804	-2.1753	3	-0.1540	0	-1.0907	-1.7291	0	0.1798	2.2175	3	-0.2739	0	1	-2.8554	1	1	-2.7357	3	1.8817	-1.9196	0.3031	-4.4320	1	0.7633	3	2	-1.1750	0	-3.7464	2
1	2	0	2	1.2837	0.0359	-0.2609	0	1.3143	3	0	-0.1258	3	1	0.9286	0	1	-2.6145	-2.1790	-5.3633	-1.8639	2	-0.1233	3	-2.2046	-1.6991	3	-3.5087	3.3973	0	-1.1353	3	0	-1.1154	1	3	-0.2504	0	-4.7821	0.5553	4.6807	-4.1617	1	-2.5803	0	0	0.2545	1	-5.7850	1
3	0	2	0	1.5945	-1.2921	-1.9165	1	-1.4058	3	0	2.4649	0	1	0.3580	3	0	-0.4792	-2.9838	-5.5333	-3.6505	0	0.4925	0	2.0945	0.8087	2	3.1268	-0.6329	1	2.9421	3	2	0.3601	0	0	-1.6943	2	-2.5006	0.3392	0.0121	3.9749	2	3.7381	1	0	-1.5255	0	-5.5492	3
1	2	0	0	2.4915	0.7705	-2.0569	1	-0.7695	0	3	1.7735	3	3	1.4361	3	3	1.3160	-3.6197	-6.0773	-0.6494	0	0.9645	0	-2.6788	1.2219	0	1.7859	4.2094	0	-1.2964	2	3	0.2012	0	2	-1.5896	0	-2.5817	-3.4413	4.3827	-3.2257	2	2.9722	0	3	1.4554	1	-0.9215	1
0	2	0	0	-0.5597	-3.5472	-1.9455	2	-0.9636	2	2	0.0844	1	1	-1.1471	1	1	-1.8876	0.1579	0.0725	-0.9364	1	-0.1541	1	-0.2400	-1.9296	2	1.8352	1.6318	2	0.8350	3	0	-0.6088	2	2	-0.5996	3	1.9563	0.9917	1.4650	-1.0547	1	-2.6223	1	3	-1.6643	1	-2.0855	0
2	3	0	1	-0.3419	0.8854	-0.0500	0	-1.6700	0	0	1.3095	0	2	-1.9945	3	1	3.5681	1.3665	1.6248	-1.9768	3	-0.6163	1	-2.0475	0.3088	0	0.7054	2.3207	0	-2.5910	2	1	-1.1986	0	3	3.3073	3	2.8675	1.8057	4.2743	-1.7920	0	0.9528	3	3	2.2505	1	-2.2612	3
2	0	3	0	2.2903	0.0034	0.1813	0	-1.5165	1	2	-1.2215	0	0	1.3794	1	0	0.7336	0.4507	0.2807	1.6612	3	0.5360	0	-3.1046	0.0595	0	2.8702	3.1736	0	-1.4040	1	3	0.8496	3	0	0.4632	3	1.6996	0.1721	3.8554	-7.5247	2	0.3382	2	3	2.4037	1	0.6821	0
0	3	3	1	0.3788	0.7041	-0.0794	2	0.8790	3	1	0.2898	3	2	0.5452	0	2	-1.4309	1.6977	3.0591	0.4511	3	0.4103	2	-1.7870	-2.9184	3	0.4124	0.3829	1	-2.0796	3	0	0.7938	2	0	0.9734	2	0.3027	-0.5288	-0.6342	-3.6834	0	-0.5589	0	0	0.2854	1	2.6380	3
3	2	0	2	0.8196	0.3886	2.0762	3	0.7687	1	2	2.2949	2	3	2.5174	1	0	-0.6049	-0.3195	-1.2768	0.7631	2	-0.6019	3	-0.6809	-0.2261	0	-0.5146	-0.6756	2	-3.3671	2	2	-0.2401	0	1	-1.9305	2	-1.4474	-0.1458	0.7497	-1.0931	2	4.0035	0	1	-1.2630	3	1.1946	2
3	2	2	1	0.5325	1.5538	2.3997	1	-0.8180	1	1	-0.9554	3	2	0.0886	2	3	3.2433	2.0224	2.4170	-1.2716	1	-0.2166	0	0.9295	1.2865	2	0.2534	-4.0065	3	1.4240	1	1	2.1485	3	2	0.2687	2	3.8971	2.4857	-4.5224	3.2542	0	-0.7068	1	1	0.1841	2	-1.2703	2
2	2	2	2	-0.6008	0.9691	0.0927	3	0.1305	3	2	-3.6765	3	0	1.5048	0	2	-2.4957	4.7939	7.2186	-0.2663	2	-0.2009	3	0.2274	0.8597	0	-0.5152	0.3470	0	-1.2607	1	0	1.4326	3	0	0.4602	2	5.9063	-0.0281	0.6153	-5.0962	3	-2.9956	1	1	-3.1653	0	-0.4900	3
3	1	2	3	2.1455	2.4071	1.1351	2	-0.6317	1	3	1.4199	0	1	0.5641	2	2	1.6893	-0.6030	-1.5850	-0.5931	1	-0.4465	0	0.1770	-1.6144	2	0.4210	1.6913	0	-0.7751	3	3	-1.1030	3	1	-0.5743	3	0.6730	-0.6496	3.4074	-1.2549	3	-1.1994	1	1	-2.0686	3	-2.4585	2
1	0	3	3	-1.2243	-0.3021	1.3926	2	0.3518	0	3	-0.8753	1	3	-2.3369	0	2	-0.5952	3.0565	5.2590	0.1149	1	-2.5773	1	0.0299	-1.1396	3	-2.2460	2.4832	1	-0.0170	2	0	-0.7441	0	1	0.1241	0	-0.1343	-0.7622	0.2789	-1.1788	3	-0.5302	2	1	1.1903	3	-0.0815	2
2	2	1	2	0.0216	0.1902	0.8533	1	-0.9526	0	0	-0.1275	2	2	-3.0496	2	1	3.2209	-3.6514	-5.6559	0.7209	2	-0.5134	2	-0.0851	0.0463	2	-0.0367	2.6809	2	1.0844	2	1	-0.2916	0	3	-2.7607	3	-2.2088	1.5337	0.1464	0.4543	2	-1.4728	3	0	-0.8394	1	1.0363	3
1	0	1	0	-1.9145	-0.9850	-0.5432	2	-0.6859	0	1	1.5851	3	3	3.4610	0	3	0.1655	-1.7506	-1.9858	1.6478	2	-0.1511	2	1.7524	1.1097	2	0.9417	-1.6790	3	1.0826	0	2	-1.0041	0	0	-1.4687	0	0.5537	-0.9889	-1.0657	1.0417	1	3.0757	2	0	0.1360	2	4.4929	3
2	3	1	3	0.2364	-1.9648	-0.9972	1	-0.4563	0	0	1.7439	1	1	0.8167	0	0	-1.9090	-1.6235	-0.5003	0.6032	3	0.1469	1	0.4218	1.3868	2	-0.4757	-2.4116	3	1.1282	3	0	0.1195	1	3	-2.3372	1	0.9012	-1.4837	-2.1219	3.5039	0	2.9415	3	0	1.6491	0	0.3178	2
3	1	3	3	-1.2211	-1.3363	3.0501	3	-1.5930	3	0	1.2806	2	2	-1.3001	1	0	-0.0266	-2.2250	-2.4551	-2.0341	1	-0.1254	2	1.2800	-2.2920	2	1.5771	0.7093	0	3.1725	1	1	0.9522	3	3	0.8940	2	0.6422	1.3057	0.5204	4.2783	2	1.3553	1	3	-1.6043	1	-1.9526	2
0	2	2	1	-2.1679	0.3108	-2.1613	3	0.1830	0	3	0.9215	1	3	-0.2079	2	2	-0.5980	-2.6979	-2.3360	1.1929	3	1.8363	3	-1.1493	-1.2996	3	-1.4263	-1.0373	3	-0.5132	3	3	-0.1758	2	2	1.6338	0	0.8662	-0.4221	-1.7922	2.4566	1	2.8007	0	2	2.8756	2	2.7300	2
1	2	0	3	0.6348	1.5378	1.7713	1	-2.0266	1	3	-0.2500	3	1	-1.9143	3	3	2.6342	0.7947	1.0236	-2.1244	1	0.2901	1	-0.7201	-0.9817	2	-0.6043	1.8955	0	-0.8625	2	1	-0.1150	3	0	2.1848	2	2.1128	-0.2435	2.0843	-0.8582	1	-3.2883	3	2	-0.3793	3	-1.6484	0
3	3	1	1	1.4724	-1.0384	-2.1453	1	-1.0135	3	2	-0.5728	1	3	-0.1911	2	1	-0.0036	0.9496	5.4575	0.7317	3	-0.1964	2	3.4851	-0.1537	3	1.2781	-2.2980	3	0.7674	2	3	-0.5790	1	0	0.9658	3	2.7680	-2.1729	-1.2277	5.4250	2	-2.3467	3	1	4.7378	2	4.0743	0
2	0	1	0	-0.8116	1.0526	0.8772	0	0.2833	1	0	1.6287	3	3	1.4305	0	0	-3.1869	4.3083	6.4329	-1.1678	2	0.3263	3	-0.2351	1.9876	3	-1.4547	2.8825	2	-2.8846	0	2	-2.5047	1	0	-1.6986	1	5.7965	2.4883	3.9837	-6.2683	3	-0.7067	1	1	-1.4653	1	-1.5935	0
2	0	0	3	3.3789	-0.1238	0.6077	2	-0.7543	0	0	0.5756	0	1	0.1556	2	2	0.9239	-2.3728	-3.9462	1.5802	1	-1.4719	1	3.0919	0.3631	2	1.1558	-0.0005	3	-1.7945	0	1	1.4777	1	2	-0.6467	3	-2.1368	-0.2930	0.6402	-2.8170	1	2.3505	1	0	-2.1652	3	-0.8913	2
3	1	2	3	1.1733	-0.2509	-0.2493	0	-0.3869	3	3	-0.9375	1	1	-2.3634	3	3	1.0059	1.4742	1.2482	-1.3309	1	1.7588	2	2.5005	0.1976	2	-1.1252	-1.4339	2	1.6696	3	1	-0.5960	2	3	-1.2410	1	-0.5617	-1.1735	-0.0736	6.0743	3	-3.1154	1	1	0.0206	3	-1.3806	1
3	2	2	3	-1.0787	1.2369	-0.2749	0	-0.3826	3	1	-0.2724	1	3	-0.2624	2	2	2.9776	1.1516	0.2658	-0.6076	3	2.3378	2	-1.3046	0.5556	3	2.3099	0.3199	0	-0.7392	0	1	0.4498	1	2	2.0749	2	0.7284	0.0393	-3.2117	-1.0637	0	-0.9392	0	2	-0.0364	2	2.4641	1
2	0	0	0	0.7113	0.6054	1.4343	1	0.8116	1	2	-0.2833	0	3	0.4169	2	3	1.5175	1.4155	3.2526	-2.0388	1	-0.6920	3	-1.6899	-0.0461	3	0.9148	-1.9783	3	-3.0550	3	1	-1.2349	2	1	-1.4572	1	2.9129	-1.2193	-4.3421	-3.1820	1	-0.2368	0	1	0.5720	2	-2.0270	2
1	1	1	3	0.8304	1.1165	-2.4348	2	0.0895	0	2	-1.3856	3	1	1.3617	1	0	-3.0572	0.4139	3.9884	-1.6183	1	1.0638	1	1.7321	0.0688	2	-1.1171	-1.2601	3	2.0137	0	0	0.1186	2	2	0.2230	0	2.1806	2.1344	-0.3534	0.5246	0	-0.9762	1	2	4.2848	0	-2.4089	0
2	3	3	1	-0.3230	-1.2405	-0.4174	2	1.2354	0	3	-0.0024	2	3	1.3814	0	1	0.1836	0.2474	-1.0419	0.4312	2	3.0972	3	0.2819	0.9456	3	-2.5933	-2.5150	1	-1.0839	2	3	-0.5669	0	1	-1.7234	1	0.3883	0.0113	0.4882	0.9919	0	0.2029	0	2	-2.0361	3	-0.6879	1
2	0	0	0	-0.1968	-0.5798	0.0606	1	0.3186	2	3	1.6881	2	2	-3.3066	0	1	-1.6303	1.8566	-1.7730	0.6050	1	1.0715	3	-0.2978	0.5730	1	1.3300	-0.2875	1	2.3386	2	2	-0.2664	3	0	2.2446	3	-0.2060	0.0448	1.0361	4.9848	3	0.1328	0	2	1.8438	3	1.3054	2
2	2	2	3	-0.5227	-1.4211	1.4404	0	-0.7531	1	2	-0.7855	1	2	1.6226	3	1	0.1871	0.9818	2.7984	-1.9778	1	-0.7264	2	1.4740	-1.1148	1	-0.0850	-1.0934	3	3.0721	3	0	-0.1102	2	3	-0.9853	3	1.4135	-0.8612	-0.5329	5.2508	0	-2.0750	1	2	0.3621	2	-3.0673	3
3	3	1	1	-0.0202	1.4964	1.1339	1	-2.3865	1	3	-2.5438	1	0	2.2104	1	1	0.7806	3.9343	4.6308	1.3292	0	-0.0844	0	-0.0940	1.8615	0	3.3973	-0.6162	3	-0.0341	1	3	0.5305	3	1	1.7700	3	5.4569	1.7507	0.6246	-1.9289	2	-1.4319	0	1	-2.3859	2	4.3548	3
2	3	2	1	-0.2572	-0.8022	-1.1149	1	-0.9006	1	0	3.2004	2	0	-2.2882	3	1	3.4097	-3.1509	-3.9183	-2.8603	3	1.2767	2	-2.2714	1.6518	2	4.1444	1.7812	0	2.9877	0	3	-2.2538	1	3	2.1199	3	-2.2369	-3.5737	0.8164	1.0272	3	5.0928	0	0	1.6291	2	-1.0079	2
0	0	2	0	1.6930	-0.5000	-0.9109	3	0.3308	0	1	0.5595	1	1	0.4556	0	0	-2.5683	-3.6177	-5.9002	0.4546	0	-2.1023	3	0.6485	-0.0658	3	0.1394	-1.2954	3	-3.3219	0	0	0.1656	1	1	1.3352	2	-2.1465	-0.2394	0.4508	-2.1383	1	1.9486	1	0	2.5601	1	0.1234	0
3	1	3	3	-0.9249	0.5787	-1.0274	2	1.3809	3	2	0.5928	0	2	-0.6178	1	0	-0.0768	-0.4461	0.5977	4.5168	2	-0.2849	2	0.8045	-1.7427	1	-2.2089	-4.1413	3	-0.5333	0	3	-0.3717	1	2	-0.7327	0	2.0765	1.4808	-7.6356	2.4903	2	4.1414	2	1	-1.2743	0	9.0171	0
3	1	2	1	0.6326	0.0567	0.8289	3	-0.9510	2	3	1.7095	3	0	0.5794	3	2	1.5040	-0.2599	0.2638	-2.2898	3	-1.3942	0	-1.7980	-2.4984	0	1.2515	3.9025	1	1.0482	1	0	-1.8421	0	2	-0.6887	3	0.1918	-2.9021	3.8052	-0.3498	3	2.6154	1	3	-0.3339	2	-4.3686	2
1	1	0	1	-0.3576	-3.9169	-1.4081	3	0.6894	2	1	-1.6786	1	3	-0.6409	2	1	-0.5103	1.4678	0.5738	-1.7401	0	-0.2046	3	3.5677	3.0394	3	-0.6396	-2.2617	3	0.4471	1	0	0.4589	1	0	-0.1401	1	-2.0106	-2.0143	-3.2296	1.9981	2	-0.5776	1	3	4.4313	0	-3.4411	0
1	3	0	1	0.1857	-2.0325	-1.5138	1	-1.4185	0	0	-0.7067	1	3	-1.5571	0	0	-2.4504	1.6001	0.5589	0.7831	1	0.2719	3	1.4290	-0.6707	0	0.6324	0.1611	2	-1.6672	2	3	-2.9245	2	2	-3.8100	1	0.5757	-2.2012	-0.4943	-1.1814	1	-1.7429	0	0	-0.5245	3	1.5506	1
0	0	3	1	0.1535	-1.2716	1.8038	3	0.5866	2	3	2.4961	3	3	-2.0721	1	2	-1.8960	-7.7819	-11.2659	0.9912	2	1.0770	3	3.4618	1.3712	3	-0.8773	0.5348	3	-1.7712	2	0	0.1197	2	0	-1.0814	1	-3.0907	3.6467	0.5623	1.6362	3	4.8356	1	0	-0.3395	0	0.9399	2
0	3	0	2	-0.9727	-0.9317	-0.3127	3	-0.3312	3	2	0.1403	3	0	1.1547	0	2	-2.7727	3.7383	6.1059	1.3777	2	0.4847	2	1.8366	-1.8270	0	-1.0024	-2.7549	3	-1.3445	0	2	1.6953	1	0	4.7503	0	3.1406	-0.5467	-1.7472	1.5058	1	-0.7126	3	1	-0.4131	2	1.6654	3
3	0	3	0	-0.0400	-0.5170	2.6131	3	1.0658	1	3	2.0902	1	2	-0.9174	0	0	0.6817	3.2652	4.9263	-2.3922	3	1.0728	2	3.9197	1.4573	1	-0.8871	-4.7860	3	2.7512	2	2	-1.3490	1	3	0.5913	1	1.6855	-2.4014	-5.0606	9.2240	1	4.5183	1	1	-5.3811	2	-0.8576	2
3	1	1	3	1.4957	0.6865	-0.9641	2	1.0435	2	3	2.0038	1	2	-0.9465	2	1	-1.7832	-2.0627	-1.9731	-0.9150	1	-0.4616	2	-1.9398	-0.7891	1	-1.2074	-0.4071	3	0.5405	1	0	3.0726	3	0	2.8608	2	-1.6349	3.1087	1.9087	-0.3652	2	5.6345	2	0	3.7307	1	3.4069	3
1	2	1	0	2.7824	-1.3258	-0.7540	1	0.0214	1	0	-0.1348	1	3	-1.2830	2	3	1.8694	-2.2961	0.0538	-0.6844	0	0.5783	3	0.1870	1.2493	3	0.0885	2.5011	1	-3.4010	2	3	-0.3914	0	3	-1.6930	1	1.0499	-0.1926	2.0452	-3.5217	2	1.0508	1	3	0.9956	1	-0.0642	2
0	0	2	0	2.1089	-0.1021	0.2878	2	-2.4202	1	2	-0.3474	1	1	0.5434	1	2	-0.7346	-0.0657	0.1245	1.3583	0	-1.0957	2	-1.0397	-1.1941	2	3.2992	0.6671	1	0.2802	3	2	-0.1268	2	0	1.7225	3	-1.1287	0.5134	3.3912	0.9611	0	-1.3810	0	1	-1.2164	1	2.8061	1
1	3	3	1	0.9606	-1.0900	0.8959	2	-0.4732	1	1	0.6064	3	1	1.6496	1	2	-3.6671	-0.6639	-1.0512	-2.4220	3	-1.2390	1	2.2290	1.1504	0	-2.0395	3.9285	0	-3.9391	0	0	0.7354	1	1	4.0361	1	0.5560	1.2528	2.5797	-7.7870	0	-1.0351	1	0	-2.2797	1	-3.0630	3
2	1	2	3	-0.7302	-0.6117	2.3323	3	2.2477	2	0	-0.0988	0	0	-0.6041	3	1	0.5453	2.0934	2.8506	-1.4041	1	-0.2857	3	0.6854	0.4706	3	-3.0019	-3.0135	3	-1.0502	0	1	0.0021	1	2	-0.2669	1	1.0854	-1.7545	-2.5930	2.3848	3	-1.4662	1	2	-4.2268	2	0.8271	2
0	3	2	1	2.1420	-0.1493	-1.3889	3	0.5239	2	3	-0.0296	0	1	-0.8498	1	2	0.5733	-0.3828	0.1003	0.1850	3	1.2766	1	1.0876	0.6656	1	0.3061	-1.4071	3	2.3776	1	1	0.7188	3	1	0.5524	1	0.5840	0.6769	-1.6669	3.0681	3	-0.6733	1	3	2.0177	2	1.6202	3
2	2	0	2	-0.8058	-0.6968	2.1356	1	0.6171	0	1	0.2396	0	2	-2.6518	2	2	3.6192	0.4219	-1.7471	-0.6597	2	-1.2879	0	2.4243	-2.2484	1	-2.8580	-1.9657	0	0.3267	1	1	-0.4200	3	2	-2.6361	2	-3.3423	1.5440	-3.2895	-0.5384	1	-0.2096	1	1	-3.5802	0	-0.6180	2
3	3	3	1	0.8953	-2.0978	-2.2885	3	-0.6877	0	1	0.7578	3	0	-0.0087	3	0	0.5582	-1.0210	-0.5266	-2.0378	1	0.4703	0	1.2842	1.7968	0	1.4533	-0.7420	3	-0.1338	2	2	-0.7539	3	0	-1.8857	1	-0.2603	-0.0950	-1.4637	-0.2693	3	0.4570	1	2	4.6198	0	-1.0533	0
3	3	3	0	0.0867	-1.1451	-1.3764	1	-0.4159	2	2	0.1291	3	0	-0.5689	1	0	-1.8372	2.1416	3.4856	-1.4462	0	-0.4511	3	-1.0959	1.0889	3	2.4762	2.9177	2	-1.7144	2	3	1.5016	0	0	-2.0138	2	2.6718	2.5850	1.2003	-3.9589	1	-1.0622	2	1	0.9232	1	-2.0757	1
0	3	2	1	-0.8327	1.1897	1.3728	2	0.2640	2	1	3.6711	2	3	0.4144	3	1	-0.7780	-2.5542	-4.3134	1.6705	3	-1.1230	3	0.5013	-0.6846	0	-1.4558	-2.1595	3	0.6894	1	0	-2.1909	3	3	-1.8032	1	-0.7039	0.6482	-2.8271	0.9765	3	6.8140	3	0	-2.5262	0	1.2751	2
0	3	3	1	0.8605	0.6406	-1.6227	1	-0.8829	0	3	2.8643	3	3	0.7850	0	0	-0.9612	-3.9895	-6.0128	0.3412	3	-1.8388	3	-1.9062	0.6308	0	2.1975	3.3748	2	-0.9927	1	0	0.0830	1	2	-1.6566	3	-4.2165	1.3236	3.8889	-6.4699	1	1.9970	0	0	-0.5499	3	-1.1101	0
2	0	3	0	0.2387	-0.4247	-0.1808	3	2.2289	3	1	0.0473	2	0	0.2881	1	0	0.2626	1.0924	-1.1648	2.0917	2	-0.3165	0	-0.1922	-1.8260	3	-3.8254	-1.9743	3	-0.8683	2	1	1.4754	1	2	0.6107	0	0.1702	1.1300	-2.2875	4.0666	0	1.3389	3	2	1.4970	0	3.4814	3
1	3	1	1	-0.0088	-0.4039	-0.7553	1	0.8271	2	2	0.1726	3	3	2.1709	2	1	1.5236	-2.8632	-2.9592	-2.5350	3	0.2919	2	2.2293	0.1016	1	-3.2746	-2.5301	3	1.7770	1	1	0.3214	0	2	2.1677	1	-2.5025	0.9212	-0.5068	2.7062	2	1.8342	1	0	1.0575	3	-4.0478	2
0	1	0	3	0.4233	-0.8726	0.5666	0	-0.4546	2	1	0.6822	3	3	1.4673	2	0	-0.3542	-3.9163	-6.6621	-2.3873	0	-0.0674	3	-1.1944	0.2517	2	-0.1505	-0.8580	3	1.9188	2	3	0.3418	0	2	-0.8262	0	-2.6786	2.1122	0.2635	4.1274	2	-0.6592	1	0	-1.4306	1	-3.6677	3
2	0	3	2	1.7884	-2.1594	1.1723	0	-1.6485	0	0	-0.6835	2	3	-1.6863	2	3	1.5392	-1.3226	0.4023	-1.4237	2	0.0159	0	1.1202	1.5150	2	3.1671	3.1140	2	1.3133	3	3	-2.9152	2	2	-1.7199	3	-0.2680	3.3892	4.1328	-0.3788	0	0.5087	1	0	0.4783	1	-0.0358	1
0	1	0	1	0.4224	-1.9681	0.8985	0	1.0230	2	0	-2.1195	2	0	0.3978	0	1	-0.3999	6.2349	9.1248	-3.1488	3	0.4770	1	0.7865	-1.3570	3	-1.4124	-2.2716	3	-1.6710	1	1	-0.9734	3	0	-1.9389	1	7.2860	-1.5757	-3.3166	-0.3443	2	-5.5209	1	1	2.9849	2	-4.2442	0
1	0	1	0	1.4550	1.3970	2.1306	1	-2.7294	3	3	-0.1620	0	3	0.8702	0	2	0.1028	3.2823	5.4300	2.2807	0	1.3070	0	-1.8742	-1.1874	0	3.7289	2.5593	2	-1.1853	1	2	0.3441	3	1	-1.3302	3	5.6708	-3.3023	2.5270	-6.8249	2	-0.8128	2	3	-4.7687	1	4.8693	2
0	2	2	3	1.5187	-0.8218	-1.1820	2	0.5426	3	3	3.1088	2	3	-2.7813	3	0	2.3484	-6.0215	-11.8930	0.0256	1	0.7182	2	-2.8256	0.5658	3	-2.1284	1.0347	2	-0.0437	3	1	3.5249	0	2	3.2808	2	-9.4006	0.2993	1.7211	-0.6343	2	4.7999	0	0	-0.4840	0	2.4228	3
0	0	1	3	-0.4314	0.0400	-1.4571	1	-0.3182	2	1	2.4059	2	0	0.7781	1	1	-0.7508	-2.0740	-0.7615	-0.6319	1	0.0281	0	2.1212	0.4762	0	1.3688	1.2458	2	-2.7084	3	1	0.4884	2	2	-1.5669	3	2.0430	-0.9926	2.3138	-3.9851	1	0.6204	1	3	2.2849	3	1.0586	1
3	0	3	0	2.4246	-1.2121	0.5409	1	2.2792	1	2	2.0132	0	0	1.3090	2	2	0.1114	-7.2057	-10.3734	-1.5482	0	-2.6123	3	-0.3798	-2.1237	3	-5.2185	-1.1991	3	-2.0312	0	3	0.6582	2	3	-0.3966	2	-3.4154	3.2338	-4.0702	-2.0736	2	1.5556	3	0	1.7353	2	-3.1366	1
0	0	0	0	0.5534	-2.5784	2.1294	3	-0.9311	1	0	-1.0044	1	1	-0.9821	0	3	-1.3377	-2.4416	-5.3786	-1.5057	0	1.4844	3	0.5702	1.3439	2	-0.3581	-1.9344	0	-0.1171	3	0	-0.9757	2	0	-2.1213	1	-2.5013	-0.2478	0.1029	3.1947	1	-3.4048	1	3	-2.3992	2	-2.9673	2
0	1	3	3	0.4344	-1.3618	0.9015	3	-0.6296	2	3	0.6937	3	1	0.3721	3	0	-0.8340	-3.1266	-4.3604	0.6218	1	0.8944	1	3.8453	-1.5766	2	3.2296	-2.6020	3	3.4294	0	2	-0.8404	1	1	-0.9808	3	-2.6997	1.6487	-1.7857	5.2011	3	-4.6798	3	0	0.7942	2	-1.3891	1
2	0	3	0	-0.2739	-0.9493	-1.0765	2	-0.6684	0	1	-1.7865	2	0	-1.5593	1	3	-3.0998	1.5393	0.8364	1.8831	0	-0.8782	3	-0.7992	0.0859	0	2.0045	-1.2933	3	-2.4239	1	2	0.6367	3	2	2.4421	3	3.9443	1.0348	-3.3284	-2.7533	0	-0.5914	2	3	1.7780	2	4.6152	3
2	2	3	3	-0.2631	0.6272	-0.6381	1	1.1288	1	2	-2.8324	3	1	-0.9640	3	2	4.4117	6.3849	9.8429	1.4034	1	-1.2007	0	-0.1241	-3.2234	2	-4.0413	-4.9918	3	2.6297	2	1	-0.6909	0	3	-1.8424	0	8.0181	2.2685	-5.4449	8.5554	1	-2.0347	2	2	4.2620	2	3.6044	0
2	0	0	0	0.5942	-1.3146	2.9041	0	2.1218	2	2	0.8526	3	3	-2.1017	2	1	3.0595	1.5032	2.3473	0.2684	0	-0.2619	2	-3.6685	0.5421	3	-1.3375	0.4886	2	-0.5796	1	1	0.3645	3	3	2.9800	0	1.9640	1.0884	1.0243	0.5822	1	-0.0185	2	2	-0.8846	1	1.5855	2
1	3	1	1	0.6006	0.2668	-1.1271	1	-0.5895	2	0	-0.1375	1	2	-2.5350	0	1	0.9716	1.3938	3.7336	0.2396	2	-0.5777	1	-1.9717	1.4839	3	0.4827	1.7623	2	-2.1757	2	1	-0.6327	0	2	1.5213	0	1.2096	1.0533	1.9334	-3.6776	2	0.3213	0	3	3.1045	3	-0.6016	0
3	2	0	2	-0.7288	0.2418	1.0667	1	0.9002	0	1	-3.7628	1	2	1.0005	3	2	2.5620	5.8184	5.5824	-0.3620	1	-0.9713	0	0.9468	-0.3244	2	-0.8274	-4.2585	3	2.2794	2	1	2.1420	0	1	-0.5598	2	-0.9401	1.2585	-0.3945	8.6595	1	-6.9769	1	1	0.0742	0	-0.9145	0
0	1	2	2	-0.1439	-0.0822	0.9073	0	0.4318	3	2	-2.2616	2	1	1.5349	0	3	-1.4894	1.7280	1.4471	0.5100	2	0.5626	2	-1.5563	-1.5356	1	1.7767	3.7713	1	1.1740	0	2	0.9069	1	2	-2.8205	0	1.1852	-3.0518	4.0630	-4.6213	3	-2.7814	2	1	-2.2230	3	2.9267	3
3	1	3	0	1.1600	-1.4237	0.9278	0	0.7081	1	2	-0.0633	1	0	-1.1877	2	0	2.2021	-4.0810	-6.1775	1.4195	1	1.2422	0	1.3480	1.4598	1	-0.3470	-3.4612	1	2.4841	2	1	-3.5501	2	0	-2.3604	1	-7.1594	-1.7962	-4.3306	9.9347	2	1.1741	1	0	-6.6677	2	2.7263	2
2	1	1	3	-1.7026	-1.9470	1.0635	1	-0.2886	1	3	-1.8070	3	2	0.9139	1	1	-2.8849	-0.7057	1.8822	-0.4989	0	-0.1144	2	-0.5364	-1.3566	2	-2.2819	0.8314	0	1.9338	0	0	0.1215	2	2	-0.3393	3	2.5328	3.0271	3.0345	-2.7054	0	-2.0190	1	2	2.1536	1	-2.2531	0
3	2	3	2	-1.5553	1.1684	-1.1625	2	0.2669	2	1	-3.0808	1	2	-0.6820	2	2	-1.0809	6.7369	8.8786	0.8018	2	0.4212	2	-0.6033	0.3411	1	1.5520	-1.1112	2	-0.5768	2	2	0.5858	0	0	1.9642	2	4.1702	0.2610	3.3239	3.4218	1	-2.4504	0	1	3.7985	3	0.0859	0
0	3	3	1	-0.6375	2.2350	-1.7179	0	0.6084	0	1	-0.3202	1	2	1.3537	1	3	-1.8462	1.6468	1.6588	-1.9426	3	1.7049	2	-0.8741	-0.9348	1	-0.1122	-4.8980	3	1.4494	2	2	0.9608	3	1	1.2222	0	1.1552	3.7309	-5.4628	9.6641	0	-2.7031	0	0	1.8647	2	-1.7466	3
2	1	0	3	-0.7238	-0.0652	-0.0122	3	-1.6309	1	2	-0.0334	1	2	2.8544	0	2	-0.1040	0.8196	-0.9084	-2.5910	1	1.2796	2	-1.5904	2.9758	2	1.3314	1.6803	2	3.2933	2	2	0.4094	0	2	-2.0654	3	-1.3165	-2.7983	0.4650	3.3904	3	-4.2022	0	2	-1.5592	1	-4.6667	3
2	3	2	1	-0.7530	1.8982	1.2743	1	-1.1382	0	1	-2.3310	3	0	-0.5654	3	2	-2.7759	3.4135	4.7054	2.1322	3	1.8881	3	2.7338	-1.2575	0	4.1278	-4.1571	3	-1.4608	3	0	-2.3953	2	3	-3.2708	3	3.5987	-0.5606	-3.4052	1.2280	0	-1.4598	3	1	-2.9707	2	3.7967	2
1	1	1	3	-0.2484	-0.0116	0.6620	0	-0.4520	3	0	-2.0913	1	2	1.8038	3	3	3.8225	1.1723	4.8150	-1.5569	2	0.3251	0	2.5419	-0.3654	0	-0.6829	-2.5581	3	-2.4249	1	1	1.1162	3	2	-2.5111	0	3.2547	-0.1271	-4.4764	0.4929	2	-0.2783	1	1	-1.8536	2	0.0037	3
1	3	1	1	-1.3815	1.1619	1.4770	3	0.1169	2	2	0.1674	1	1	2.2106	0	2	-1.7004	-1.1960	2.9580	1.5355	3	-0.7989	2	-1.2658	-0.4654	3	-2.2012	-3.5973	3	-1.4994	0	0	0.1374	1	3	-1.2032	2	1.8852	0.4711	-3.0591	2.8233	1	0.4469	2	0	-3.5871	2	3.5355	3
1	0	0	0	-1.6297	-0.5048	0.0776	2	0.8199	3	2	-1.5342	3	3	2.2559	3	3	0.9165	-0.1646	-1.1443	-0.5508	2	-1.0724	1	0.5326	-1.3612	3	-0.7542	-2.4649	0	-2.0971	2	0	-0.2893	0	2	-1.6912	3	-3.2119	-7.3067	-4.8263	0.1888	1	3.3446	1	2	-2.6801	2	-2.5289	0
0	1	0	0	2.3081	0.1643	-0.1063	2	0.3437	2	2	-0.0819	2	3	0.1313	0	2	-1.5921	3.8937	3.7466	3.7722	0	-2.9351	3	0.8760	0.3723	3	0.0023	0.9769	3	-1.7062	3	0	-0.1237	2	2	2.3702	1	-0.1139	-2.6973	1.7153	-3.4871	2	-0.9240	2	2	-0.1724	1	4.2026	2
1	0	1	3	0.8583	-0.8485	1.6759	0	0.5191	3	1	-0.0868	3	2	0.4152	0	3	0.7062	0.4959	0.4393	-1.6591	1	1.3821	2	1.2782	-0.6594	1	0.8560	-1.0968	2	2.8063	1	3	-0.4898	3	2	0.7425	2	-0.3302	0.1750	-2.1942	3.9689	3	0.9301	1	2	-0.7288	2	-0.3834	2
2	1	2	1	0.3513	1.4037	-0.8875	3	0.3156	0	2	-0.2568	3	0	-1.8333	3	0	0.9579	0.2910	1.7062	-0.5478	2	-0.0912	0	-1.8991	-0.4547	2	1.3968	0.6252	0	2.4322	3	1	-0.1092	2	3	-2.5407	3	1.7456	1.6585	-0.1118	3.3015	1	-3.0712	2	2	3.2353	0	-0.4437	0
2	3	1	1	0.7379	-0.9210	-2.2823	0	0.5552	2	1	3.5235	0	1	-4.0379	1	2	-0.4771	0.5863	2.0287	0.5770	3	-0.6573	1	-1.7267	0.4005	1	-1.0453	0.8632	2	3.0267	0	2	-1.5981	1	1	-0.9117	1	0.4620	0.4090	-0.5796	0.8000	1	2.4518	2	2	3.7665	2	1.9509	1
0	2	3	2	1.8450	-0.4403	0.2300	2	-0.4327	1	1	2.2577	0	2	1.4563	2	0	1.7081	-1.7006	-4.6985	-0.6772	1	-2.3174	2	-3.0166	0.3516	0	0.7993	2.2044	0	-1.6455	2	1	-0.6388	0	1	-0.0766	1	0.0885	1.0796	3.8252	-3.5929	0	-0.1693	3	0	-1.5737	1	-1.5936	2
2	3	2	3	1.4678	-0.5758	-1.3326	3	0.4396	2	1	-1.6687	1	2	0.9850	0	2	-4.9271	2.3076	1.7901	-0.9575	1	-0.2907	3	-0.1365	0.0461	1	-1.5380	-0.0056	3	1.3281	1	0	-0.6510	3	0	-1.6879	1	1.4171	0.4112	-1.7961	-0.5206	2	-0.2011	0	1	3.2659	0	1.0229	0
1	2	0	2	0.1633	-0.2553	1.8100	2	-1.2144	0	3	0.2034	1	3	-1.0279	2	1	-1.8723	-2.3604	-3.5255	-2.4564	1	-2.3784	2	1.9375	-0.5071	2	3.1066	-2.4281	3	-1.0132	1	2	0.4215	0	2	-0.6419	0	-1.3668	-1.1521	-3.0054	0.5741	2	3.7046	3	3	-4.8967	0	-2.6431	2
2	1	0	3	0.7409	-1.0921	-2.5909	2	-1.5601	1	3	3.5874	1	1	-1.9002	3	1	1.3134	-4.1376	-8.2211	1.3364	0	-2.1567	1	-2.5438	1.2774	2	2.9640	3.4317	2	3.6727	1	1	0.1551	3	3	-2.2531	3	-7.2942	-4.7149	3.8359	0.7648	0	4.4071	2	0	0.1764	1	2.7721	2
3	2	2	2	-1.0565	1.0923	-1.2950	3	0.4666	3	3	1.6897	3	0	1.3645	3	3	5.7539	-0.8520	-1.4964	-0.3233	2	0.4600	0	1.1026	1.0292	1	0.9503	-2.0391	3	0.4211	2	1	-1.6726	0	1	0.4812	1	-1.6491	-0.1933	-0.2083	3.5435	3	0.2138	1	1	2.4662	3	-2.0233	2
2	2	3	2	0.1197	-0.9826	-0.0718	1	-0.5483	1	2	-0.5925	1	1	-1.2924	2	2	0.3312	-0.5939	-0.8269	-1.4310	2	-1.0384	2	-0.3543	-0.4850	2	0.2825	-0.6043	1	0.7879	1	3	2.2004	3	2	2.5286	2	-0.8185	2.1184	-2.4659	0.7029	1	-2.1438	1	1	-0.7807	0	1.1468	0
3	2	1	2	1.2131	0.7343	-0.7530	0	-0.7975	3	3	-0.0100	3	3	0.0370	0	2	0.0329	2.4253	3.6317	-0.5118	2	0.9430	3	1.2377	-1.6984	2	-1.2181	-0.3238	0	-1.2705	0	0	-0.4672	0	3	0.5549	0	4.9479	-3.1582	1.0577	-0.4840	1	0.9790	3	1	-2.1006	3	-3.0067	1
2	0	2	0	0.1383	0.3409	1.4790	0	-0.0729	0	0	-0.2155	3	2	-0.8936	2	1	1.9562	2.1609	0.9432	1.9582	0	1.2927	0	3.8458	-0.1377	1	-1.0942	-4.1179	1	-0.2310	2	0	2.5148	0	1	-0.6554	3	-1.8787	0.0105	-4.1493	7.4372	2	-0.4975	1	1	-2.8736	2	2.9318	3
1	0	2	0	-1.3154	-0.8089	1.9437	2	0.1957	1	2	-0.0598	0	3	-1.6048	2	1	-0.3252	1.1054	2.6857	0.2328	0	0.4504	0	0.6789	-0.3575	3	-0.9443	-1.2424	3	-1.2658	0	2	-0.2286	1	0	-2.7058	0	1.4052	1.0792	-0.7841	0.9910	3	1.2463	3	3	0.1591	1	-0.1959	1


