
X1	X2	X3	X4	X5	X6	X7	X8	X9	X10	X11	X12	X13	X14	X15	X16	X17	X18	X19	X20	X21	X22	X23	X24	X25	X26	X27	X28	X29	X30	X31	X32	X33	X34	X35	X36	X37	X38	X39	X40	X41	X42	X43	X44	X45	X46	X47	X48	X49	X50
0.0481	-1.4010	-1.0318	0.1083	0.5278	0.4318	-0.4633	-0.5250	2.8419	-0.1366	2.0367	2.3443	-0.6450	-1.6396	-0.0103	0.1173	-0.5572	-2.6305	-0.0921	0.2598	1.6192	-0.4299	-0.6514	-2.6616	-0.7911	-2.4221	1.1575	-1.2586	0.9872	0.1257	1.3801	0.3383	-0.8966	1.5344	1.7760	1.0134	1.1828	-0.9833	-1.2370	-0.7242	-0.5762	-0.6737	1.1442	-0.1346	-1.4706	-0.0156	-1.5548	0.9145	-0.2876	-0.4632
1.2971	-0.5305	-0.8929	0.9320	-0.1566	-0.8416	-0.1743	2.2917	-0.2748	-0.3374	-0.9090	0.2325	-0.7756	1.4754	-0.0125	-1.5717	0.9543	0.3464	-1.1184	-0.6272	-0.5860	0.2174	1.5650	0.4688	1.0964	-0.1968	-0.3307	0.6330	-1.5424	-1.1954	-1.2302	-0.8715	-0.2655	0.8937	0.7711	0.9420	-0.1857	1.6053	2.2059	-1.0619	1.2963	1.1731	-0.9306	-0.7059	0.9505	1.5539	1.4939	-1.1863	-0.2533	0.6378
0.4899	0.2681	0.2706	0.0065	0.3537	-0.4698	-0.6326	-2.5003	-0.6239	0.6700	-1.2085	0.6089	2.9987	0.9787	0.6347	2.9828	-0.0585	1.1001	-0.6237	-1.8071	-1.6943	2.1429	-1.2568	0.8808	-2.1469	-0.4716	-1.6754	-0.0090	-0.2363	-0.3911	-0.6836	-0.6379	2.6537	-0.9039	-1.2719	-2.7357	-0.5089	-2.1669	-2.0530	2.0590	-1.7566	-3.0742	2.2312	3.5437	-2.5129	-1.0735	-1.0761	2.2738	-1.6658	0.7816
0.9416	1.5760	0.1498	1.5227	0.8147	-0.2905	-1.5197	0.7665	-0.3430	-0.4702	2.5782	0.5048	-0.4145	-2.3510	2.1440	-0.7838	0.8501	0.6939	0.3555	-0.4050	2.0342	0.3371	1.6140	0.3364	0.6663	-0.0829	2.4512	-1.1515	1.3405	-1.2890	1.2916	-0.3971	0.7626	1.5318	-0.2519	0.3599	0.2291	-1.0106	-0.6391	1.8381	-0.0729	-1.3393	0.2940	-0.2941	-0.5153	1.8149	-0.6590	1.4373	-0.3876	-0.7413
-1.0702	0.3447	2.7876	-0.6601	-1.0512	-0.8369	0.7672	1.1134	0.9012	0.0220	0.1330	0.6866	-0.2989	0.5383	-0.1515	-0.0139	-0.9793	-0.9860	0.1898	0.5561	0.7300	-1.0342	0.9399	-0.9622	1.7449	1.3355	-0.1733	-0.6438	-0.1635	0.8624	0.2433	0.7804	0.0973	-0.1214	0.2383	-1.0143	0.5618	-0.3987	0.0184	1.0338	2.8541	-0.0318	0.3501	-0.2893	-0.8474	1.7489	-0.2288	0.5677	0.9283	0.3320
0.0880	1.3261	1.3346	1.2720	0.5479	-0.7458	-0.9382	-1.8827	-0.1217	1.4251	-1.0907	-0.6778	2.4663	-0.8766	0.5969	3.3405	0.0870	0.0509	1.2447	-1.3370	-1.5146	1.7048	-0.7471	-1.0989	-0.3662	0.1181	-1.3215	-0.7873	-1.0355	1.0911	1.1028	0.1689	1.8212	0.1712	0.2545	-3.2526	-0.5629	-1.6433	-1.2502	1.1668	-0.1248	-2.1728	1.6047	2.8679	-2.0498	-2.8673	-0.4657	0.9487	0.2372	-0.1421
-1.0272	-1.0779	0.2184	1.1445	0.5323	-0.2749	-0.5096	-1.2607	0.5009	-0.3923	0.9257	1.2675	1.9117	-0.5946	-0.9688	1.2396	-0.4861	-0.5051	0.0818	-0.7408	0.0391	-0.0842	-1.2979	-1.0753	-1.4546	-0.3134	-0.6668	0.9627	0.0194	1.1071	0.0858	0.6088	0.5303	1.6545	-0.1712	-1.8290	1.8618	-0.8925	-1.5285	0.5077	-0.6232	-1.0400	1.2638	0.7492	-1.1823	-0.6583	-1.9903	1.1392	0.2166	0.7674
0.2624	-0.5040	0.1775	-0.5763	-1.1072	1.9824	0.2357	-1.4728	-1.6290	-1.1921	-0.9104	-0.8709	0.0151	0.4361	0.1156	0.6228	0.0921	1.6290	-0.8089	-0.4664	0.0214	-0.4324	-0.5187	1.6778	0.7368	1.5024	-0.0532	0.6283	-0.8131	-0.1262	0.5749	0.2264	0.5838	-1.5547	0.2490	-0.6737	-0.2056	-0.2046	0.2668	0.7940	-0.3339	-0.6019	0.6951	0.5490	-0.5406	-0.5401	0.3872	0.1714	1.1939	-0.7859
0.1859	-0.4089	0.5758	0.4316	1.7222	-3.4195	-0.1413	0.5270	-0.5111	-0.7334	0.0314	0.8389	-0.0577	0.0350	1.0828	0.5876	0.9182	0.2993	0.5515	-0.2114	-0.5738	-0.1522	1.7713	0.2165	0.6922	0.7013	-0.4145	0.3528	0.2583	0.3731	0.0125	-0.2469	0.4297	-1.8270	0.8377	-0.8217	-0.1311	-0.3791	0.3198	0.8098	1.1083	-0.7966	0.9176	0.2865	-0.7999	-0.7908	0.3240	-0.7525	-1.6883	0.8183
-1.8504	-1.1654	0.1100	0.2324	-1.8185	1.1179	0.4078	1.1028	-0.8884	1.5074	-1.2843	-0.2836	1.0625	1.3724	-1.2506	0.8643	1.5964	0.3335	-0.9292	-0.4301	-0.1917	0.4253	-0.6507	0.7740	-2.1392	0.4131	-0.1970	-0.3977	-1.7831	0.2354	-2.3288	1.9007	0.9557	-0.0526	-0.1381	-1.2154	1.1708	-0.4361	-0.6527	0.7330	-1.8318	-0.7213	0.9069	1.8475	-0.4904	-1.2766	-1.4060	1.1596	0.0908	0.2333
-1.6160	-0.0709	-0.3903	1.0314	1.2184	-0.6312	-0.7913	-0.4510	-0.2008	0.6789	-1.0798	0.7874	0.8738	0.8136	0.5290	0.2850	-0.0898	0.2579	-0.1959	-1.7041	-0.8145	-0.8201	-1.4935	0.2470	-0.4888	0.5077	0.0164	0.2469	-1.3978	0.5455	-0.7045	0.5810	0.5322	0.5949	2.6102	-1.0800	1.5032	0.6609	-0.3306	-0.6899	0.1545	-0.0474	0.1004	0.3113	-0.5921	0.0945	-1.1400	-0.2558	-1.0168	0.5391
0.3401	-0.3797	1.1112	0.5247	-0.2008	0.0814	0.7606	-2.1476	-0.6164	0.7134	-1.2662	-0.6114	0.9295	1.4947	-1.3838	1.8334	-1.9173	0.5178	0.2692	-0.3368	-1.5114	-0.0056	-1.3129	0.1008	-0.7593	1.3234	-2.0294	1.4855	-0.0024	-0.6775	-0.5178	0.2330	1.8513	0.5098	2.6783	-1.5738	-0.0283	-0.8371	-0.7332	2.3013	-1.2418	-0.8125	1.0442	1.9028	-1.1431	-0.4899	-0.3766	0.7247	0.7240	-0.1821
1.0863	1.0738	0.9063	1.3834	-1.6648	0.6637	-0.8008	0.5897	0.4134	-0.3628	-0.6710	-0.3185	-0.7963	-0.1589	-0.4667	0.3407	0.6182	0.2709	0.3171	-1.0084	-0.0988	-0.0376	0.6748	-0.0385	1.1334	-0.2444	-0.7793	0.7105	-0.3804	-0.2101	0.3039	-2.0257	-0.1842	-1.0285	-2.1684	0.1178	-2.2718	-0.1661	0.5602	0.2823	0.8035	-0.3157	0.1268	1.0633	-0.1798	0.0607	1.6673	0.7451	-0.0737	-0.8401
-0.0980	-0.3427	1.1147	-0.2228	1.6479	1.9632	-2.4407	-0.5893	3.0703	0.7995	2.4364	1.1309	-1.2720	-2.5269	-0.7774	-0.8561	-0.8951	-2.9687	-1.7335	-0.9458	0.9698	0.0584	-1.0899	-1.0541	-0.6744	-1.9922	1.3281	1.3827	2.6319	-0.5866	2.0341	-1.0419	-0.6844	-1.1827	0.2017	1.1319	-0.3208	0.5567	-0.5055	1.1080	-0.3894	0.1000	-0.1129	-1.2500	0.1085	0.0779	-0.1784	-0.2949	0.0681	-2.0812
-0.5160	-1.2479	-1.1093	1.9831	1.4529	-0.5759	-0.9861	-0.1219	0.1261	1.3577	0.2465	1.1270	0.3252	0.7507	-1.1439	-0.4628	1.2702	0.2255	-0.8697	-0.9034	1.0194	0.1615	-1.6750	0.7394	-1.4336	-0.3509	0.5086	0.0643	-0.2222	-0.2041	-1.5497	1.2927	-0.0833	-0.4379	-0.4965	0.6336	2.0019	-0.4168	-1.1929	-0.5700	-1.3507	-0.7577	0.5071	0.1148	-0.3324	0.2499	-2.1813	0.8931	-0.5580	0.4308
1.2774	0.6053	-1.5158	-1.4512	-0.8973	-1.1243	1.9718	0.9649	-0.4039	-0.8650	-0.1495	-0.4291	-0.4518	0.9544	0.7489	-1.1996	0.1960	0.0532	1.0369	1.5213	0.2019	-1.7499	0.0988	-0.7234	-0.3890	1.0883	0.4048	-1.6054	0.2669	0.0439	-1.0920	-1.2039	-0.1517	1.1610	0.4053	-0.2107	-0.5873	0.8299	0.5703	-0.6429	0.0010	1.2257	-1.0540	-1.0246	0.8427	0.3597	0.7648	-0.9676	-0.2857	-0.0973
0.6157	-1.9248	-0.0006	-2.3702	0.4846	-0.4200	0.8706	1.2044	0.1440	0.6041	0.9611	0.3587	-0.7641	-1.1903	0.5609	-0.9956	1.1812	0.4810	-0.3870	1.5171	1.0944	-0.9474	1.4942	0.8140	1.0700	-0.2982	0.9393	-1.3089	0.6635	-0.5832	0.9163	0.0564	-0.8197	1.1877	-0.4138	1.0328	0.4324	-0.2279	0.1613	-0.2149	0.4923	0.3997	0.0400	-0.6324	-0.1417	2.2738	0.0116	0.3174	-1.1580	-1.5277
-0.1385	0.7241	-1.3405	-0.8306	-0.0002	-0.9140	0.8828	0.7957	2.9534	-1.8579	0.0099	0.8203	0.4266	-0.7646	-1.7662	0.6364	0.1926	-2.4083	0.9549	1.4153	0.0966	0.3258	0.4507	-2.9098	0.2411	-1.8130	-0.3605	2.9800	0.8344	0.7734	-0.0384	-1.0090	0.0760	-0.7880	-0.1595	-0.5696	-0.7143	-0.8886	-0.5335	-0.8165	0.4200	0.0169	-0.2507	0.8545	0.3616	0.3010	0.2075	0.9387	-0.2245	0.0007
-0.0924	0.2965	-0.5726	1.1072	0.5251	-0.2802	-1.1804	-0.1117	0.4488	1.2685	1.3333	-0.5694	1.3792	-0.2104	0.5785	1.0204	0.8820	0.1440	1.2464	0.1725	2.1161	0.7370	-0.6118	-1.5335	0.9748	-1.5523	2.1711	-0.7970	1.6123	0.8868	1.1515	0.1140	-0.1135	-0.0672	0.3617	-0.7362	0.0689	-1.9703	-1.7132	-0.8878	0.2008	-1.6316	1.3482	0.4677	-1.7555	-0.2885	-1.1866	1.6850	0.2670	-0.7613
1.9496	0.3709	1.1727	-1.6139	0.5463	1.8098	1.4634	-0.4194	-0.9306	0.2702	-1.4036	0.1729	-0.7687	-0.1819	0.0070	-0.8415	0.9829	0.8311	1.3493	0.3913	-1.5455	-0.4030	0.6714	0.1052	0.6235	1.1627	-0.5907	0.4992	-1.2800	-0.3462	0.4870	-1.2826	-0.2641	-0.1235	0.5272	0.3821	-0.8077	1.8776	2.1398	0.0847	-0.7553	1.7512	-1.5718	-0.4330	1.5097	-1.2248	1.9227	-2.2484	0.0892	-0.6929
-2.1052	0.5024	0.1060	2.1611	-0.7171	-1.1756	-0.6438	-1.3001	1.8701	1.7629	1.2534	-0.2373	0.6667	-0.6917	-0.9830	0.5634	-0.3925	-2.1163	0.0456	-0.7391	0.2718	-0.3548	-0.7150	-0.9958	-0.7920	-1.4049	0.5748	0.5906	0.9393	2.2830	0.4106	1.9627	-1.2704	-0.9056	-0.9599	0.2277	1.8856	-0.8687	-1.6023	-1.5864	-1.1659	-0.9193	0.7273	-0.1858	-0.6579	0.1525	-2.0917	0.9676	1.5485	0.5221
0.0218	0.5853	-0.3804	-0.5323	2.1300	-0.8642	0.8440	0.3223	0.1289	-0.4966	1.5262	0.3726	0.3809	-0.6767	1.5865	0.7663	0.4768	-0.5933	0.6105	1.8568	0.7221	-1.6218	-0.2888	-0.8694	0.8795	-0.2250	1.2127	-0.5482	1.9641	-0.3852	0.7647	0.1468	0.3731	1.4028	-1.3599	-0.2123	-0.1444	-1.0926	-0.8624	0.5826	1.6186	-0.2519	0.9017	-0.5396	-1.1643	1.3141	-0.4138	0.3526	1.8848	-0.2303
0.3807	0.4383	-1.0077	0.2721	-0.6475	-1.6336	-0.2788	-0.4767	-0.3558	-0.8582	-0.6254	0.4902	0.3937	0.4007	-0.6979	0.1767	-0.9179	0.8058	-1.7063	-0.5889	-0.0399	0.3223	-0.4481	0.2662	-0.6105	0.2304	0.1539	-0.2233	-0.9853	-1.3461	-0.1793	-0.0478	1.1186	-1.0229	-0.4651	0.1171	0.1295	-0.3180	0.0519	1.0769	-0.9682	-0.4245	0.3084	0.4301	-0.4383	-0.4819	-0.2216	0.1907	-2.0503	1.7196
-0.7272	0.5503	-0.1606	1.5835	-1.9841	-0.4525	-1.6656	-1.4446	-0.1940	1.4276	-0.4629	0.5709	0.7972	-0.1424	-0.1210	0.5303	0.2213	-0.3909	1.5801	-1.6764	-0.0643	-1.5574	-2.3685	-1.8928	-2.1736	1.0137	0.3074	0.1303	-0.8018	1.0353	-0.4237	0.8011	0.1337	0.3579	-1.1924	-0.8299	1.0391	-0.6064	-0.7646	-0.3637	-1.7754	-1.2799	1.0242	0.9411	-1.1218	0.7680	-1.0616	1.0667	1.0596	2.1873
1.3295	-0.1428	0.9546	1.2197	-0.4740	-1.1234	-0.3478	0.9432	0.3519	1.2633	-0.7572	-0.1643	-0.4959	-0.0965	-0.4193	-0.5742	-0.1862	-0.9751	-1.3086	-0.0945	-0.8657	-1.1334	0.0514	-0.4150	-0.5296	0.0080	-0.4026	-0.3430	-0.5853	-1.2552	-1.3194	0.0505	-0.2023	-0.6577	-0.3778	1.1672	-0.0370	0.4172	0.9598	-0.1260	-0.1927	0.4904	-0.4075	-0.0379	0.9170	-0.0754	0.7081	-0.8851	-0.1775	-0.1338
0.0175	0.6386	-0.8476	-0.5461	-1.5004	0.3369	-0.3881	-1.2608	0.7286	0.6687	-0.7758	-0.9836	-0.3266	-0.0586	-0.0920	0.2287	0.0686	-0.8199	-0.1603	-0.2337	-0.2012	-1.2779	-1.2805	0.0864	-0.2405	0.1992	0.2678	0.8065	0.1296	-0.8235	1.2304	0.6288	0.2499	1.9468	-1.6910	0.3310	0.3338	0.5440	-0.1339	0.1881	-0.9291	0.6523	-0.4374	-0.8382	0.0266	-1.4977	-0.1391	-0.9332	0.3329	-0.8875
-1.3681	1.4051	-1.2121	0.1835	1.2129	2.6391	0.2178	-1.1087	-0.6214	1.2546	-0.3762	-0.6754	-0.4383	0.8867	1.1205	-0.5250	-0.4417	0.8372	0.0141	0.1301	0.4338	-0.1112	-1.5833	0.6186	-0.8387	0.8160	-0.0328	0.9544	0.1613	1.0245	-0.0669	1.5375	-0.5751	-0.9411	-0.7189	0.1231	1.2720	-0.1950	-1.3006	-1.2121	0.3714	0.1556	-0.5070	0.0996	0.4138	-0.2514	-1.5592	0.7261	-1.3141	1.1404
-1.4853	-2.1486	-1.2583	-0.5361	-0.7112	-0.2658	-1.0718	1.3617	1.0260	1.0114	0.6214	-3.3814	-0.6654	-0.9129	-2.4113	-0.4193	1.5402	-0.0044	-0.3267	-0.6681	0.8101	-0.9916	-0.0956	-0.8088	0.2987	-0.5838	0.6039	-0.2736	0.8761	1.0635	0.8355	2.0148	-0.8400	-0.1778	1.3421	0.2136	0.1012	0.1590	-0.0955	-1.3216	-1.4477	-0.1438	0.7846	-0.5553	0.6207	-0.3818	-0.0757	-0.2172	-0.3976	0.7501
0.2357	-0.3057	1.4592	-0.6289	0.6763	-1.3126	2.2816	1.6184	1.1655	1.0808	0.4981	0.6796	0.4855	-1.1371	0.0384	-0.2135	0.4512	-1.1973	0.7594	1.7159	1.1267	0.2378	1.5593	-1.4923	0.1675	-0.5694	0.7820	-0.0381	0.9472	-0.3449	-0.0897	0.9761	0.4793	-0.7119	0.7750	-0.1937	1.6329	-0.2104	0.0274	0.9545	0.3914	0.6294	-0.3638	-1.5942	0.5382	-0.1963	-0.7736	-0.7129	0.5246	-1.1472
0.6466	-1.8627	-0.7386	-0.8366	0.3757	-0.2206	0.1400	0.9734	1.7798	1.6293	-0.8974	-0.1814	-1.1578	0.2890	-0.6886	-0.6683	-0.4644	-1.6384	0.1419	-0.6899	-0.9465	-0.1036	-0.7151	-1.2041	0.2605	-1.7459	-1.3328	0.7818	-1.2154	-0.6462	-0.4521	0.6449	-1.0647	2.0898	-1.4450	1.9497	0.5231	1.7068	1.3012	-0.9903	0.8638	0.8248	0.0443	0.1644	0.1031	0.3457	0.6411	-0.8035	-0.4187	0.3822
-0.9567	-0.0315	0.8382	-0.0351	1.7049	-0.3727	1.0613	1.5054	0.1224	-0.2695	0.0430	1.2211	-2.5449	-0.6245	-0.4613	-2.1115	0.3466	-0.5284	1.0218	0.7432	-1.4351	-1.8706	1.5174	-0.0915	1.7626	0.1960	-0.1976	0.8580	-0.1794	1.7413	1.5923	0.1261	-2.6284	-0.3473	0.9230	1.6836	-0.1636	2.3181	2.2382	-1.6115	1.7771	2.3791	-1.7476	-1.1252	1.3153	1.3002	1.6676	-2.3079	-0.8121	-0.6652
-0.2934	0.0635	1.2194	0.5135	-0.0731	0.9138	0.1467	0.1788	-0.4112	-0.4632	-0.5359	1.0681	0.6860	0.2410	0.5201	1.1475	-0.1529	1.5988	-0.2319	0.4577	-0.7071	0.7321	1.3683	0.6190	0.5002	0.6124	-0.0752	-0.8838	-1.8483	0.3009	0.4480	0.0392	0.7850	-0.1902	0.4220	-0.9464	0.5592	-0.2310	0.0259	0.9222	-0.1348	0.2343	-0.1493	-0.2516	-0.3769	-0.2716	-0.3047	-0.5520	0.7409	0.2909
-0.8957	0.6219	0.6873	-1.0048	-0.8863	0.5146	0.1809	1.4079	-0.0699	0.4340	1.4292	-0.6849	-0.5386	-1.8147	-0.2604	-0.0076	1.1146	0.4222	0.9010	0.1835	0.0645	1.1600	1.3025	-0.9340	0.7801	-0.6364	-0.8691	0.3412	0.1094	1.5026	1.2691	0.9124	-1.7196	-0.0698	-0.5649	0.7329	0.2009	-0.4363	-0.4373	-0.7061	0.3559	-0.2590	-0.3648	0.1184	0.4330	-0.3677	-0.6403	0.3074	0.1193	-1.7161
0.2717	0.8530	-0.6579	-0.8889	-0.0480	0.3747	0.8002	0.7881	-0.1073	-0.4978	1.0705	0.1510	-1.7187	0.0209	0.3806	-2.4387	0.8124	-0.4689	1.8167	1.1309	0.2427	1.0247	0.6110	-1.6398	1.1228	0.1689	1.0026	-1.2234	-0.1124	0.6998	0.9307	-0.7060	-1.9261	0.6261	0.3230	1.9344	-0.2913	1.7648	1.3588	-1.4623	1.1332	2.0615	-2.6638	-2.8810	2.3315	1.3819	1.2679	-1.5948	0.4873	0.4585
-0.7731	0.6836	-0.2313	0.1897	0.3885	0.4287	-0.2412	-1.1514	-0.5820	0.1020	-0.4497	0.8846	-0.5232	-0.7520	0.0833	-0.3933	0.7259	-0.1450	0.2101	-0.2150	-0.0114	0.9662	-0.5418	0.3890	1.0958	-0.0347	0.8123	-1.0151	-0.4636	0.4456	1.6658	-0.0287	-0.8531	-0.6521	-1.6344	0.4369	0.4645	0.4397	0.0591	-1.0883	2.5010	0.7101	-1.2037	-0.7214	0.8438	-0.0242	0.0141	-0.2717	0.0187	-1.1546
0.3397	-0.2086	-2.0092	0.8934	0.6926	-0.9573	-0.1330	-1.7132	-0.5711	-2.2214	0.4888	-0.4518	0.3041	-0.7687	-1.7568	-0.0856	0.4881	1.0138	0.0708	0.0767	1.2276	-0.7443	-0.5284	0.6962	-0.1825	1.1381	1.6534	2.5676	1.0134	-0.0453	1.1114	-1.0960	0.4601	0.4332	0.1034	-0.2153	-0.9429	0.1021	-0.4508	-0.1072	-0.1636	-0.0712	0.4462	-0.5836	-0.2799	-0.7090	-0.0497	-0.2193	1.9419	-0.6704
-1.2246	0.1496	-0.0487	-0.5850	-1.1752	0.3129	0.8385	0.3311	-1.3768	-1.0409	0.0563	-0.4003	-0.6076	0.5202	-1.1305	-0.3159	-0.0466	1.4832	0.8731	0.6674	-0.6065	1.6090	1.0821	0.3398	0.7931	0.9202	0.7512	0.6787	-0.5390	1.2958	-0.1514	-0.2567	-0.7120	-1.2565	0.6193	-0.0923	-0.7057	1.0374	1.0837	-0.5663	-0.6803	1.3044	-1.6951	-1.5938	1.7642	-0.8653	0.9816	-1.2698	2.1667	-1.2904
-0.8953	0.6599	0.0735	-0.1385	0.2455	0.2135	1.1041	0.9817	-0.3187	1.0336	-1.0564	-0.3608	-0.2164	1.7685	1.3652	-0.6703	0.0784	0.5252	0.6846	0.1879	-0.6764	0.8263	0.5177	0.0844	-0.9256	1.2160	-1.0098	-1.8895	-1.2498	0.3356	-1.6856	1.5946	-0.3422	-0.1041	0.0405	0.2837	0.8806	0.6958	0.7975	-0.7572	-0.4812	0.3634	-1.1397	0.6408	1.3141	1.6273	0.2189	0.5714	-0.8010	2.0198
-1.2509	0.9536	-1.0543	0.1411	-1.6066	-0.4714	-0.2810	0.7242	-0.5660	-0.2198	-0.2034	2.1802	-1.3450	-0.2514	0.2829	-1.0599	0.1145	0.4021	1.2262	-0.2668	-0.5202	0.7296	-1.0091	0.6470	-1.1999	0.2066	-0.5928	0.0798	0.2330	2.3561	-1.0418	0.8720	-2.3424	-1.1247	-0.6708	0.7862	1.5111	0.8609	0.2094	-2.4845	-1.4420	0.7438	-1.2305	-0.5617	1.0244	0.4150	-0.8760	-0.3820	-0.2876	0.9973
1.1768	-0.1862	-0.1316	-0.4444	-0.2464	1.3249	0.4305	0.4842	0.6602	-0.5556	2.0547	-0.1285	-1.5344	-1.9923	-0.4905	-0.8662	0.1056	-0.6932	-2.3430	1.5431	0.6306	-0.5519	0.1283	0.4589	-0.1929	-0.1108	0.2988	0.3508	0.7929	-2.4514	0.7867	-0.4960	0.3613	0.2974	-0.3179	1.1100	0.2925	0.3768	0.4267	1.6820	-0.0131	1.1820	-0.8742	-1.5485	1.4640	1.0823	-0.2817	-0.7222	-0.8093	-0.5375
2.3176	0.1281	-1.1871	0.6973	-0.7488	-1.0959	0.5177	0.1503	0.4650	1.2355	-0.0054	-1.4045	0.0329	0.2626	0.0720	0.6801	-0.9450	-0.8194	-0.9424	0.7491	-1.3827	1.4544	-0.2871	0.0408	-0.0490	-0.0937	-0.0037	-0.2014	0.7480	-2.0548	0.0263	-0.7732	1.3006	-0.8199	-1.4829	0.2246	-1.2454	0.8514	0.9191	1.5620	0.9391	1.0932	-0.6745	-0.8893	1.0727	-1.7107	1.4131	-1.4099	0.3790	-0.3392
0.5538	-0.5726	0.1074	0.5501	-0.2928	-0.3689	1.1055	-0.1304	-0.0096	-0.1517	-0.4754	-0.0399	0.2847	-0.6148	0.6348	1.0658	0.5915	-0.6153	1.6109	0.3825	-0.9044	-0.5059	-0.3767	-0.3486	0.7029	-0.5440	-0.0379	-0.0942	-0.6296	0.1765	0.7396	-0.2452	0.7172	0.1962	-0.1494	-1.5495	0.1055	-1.2000	-0.7103	0.5545	0.3093	-0.7374	1.0139	0.4450	-1.3115	1.0578	-0.5319	0.5841	-1.1300	-0.8325
0.9117	2.3131	-0.2497	-1.0899	-0.5122	-1.2873	1.4600	0.5871	-0.8476	1.1478	-2.3233	0.8951	2.1644	1.9925	0.7198	1.5217	0.2975	1.1646	0.1142	-0.4475	-1.9769	0.6350	-0.7551	0.5483	-0.7422	0.2561	-2.2440	-1.0075	-1.1269	-0.8893	-1.5055	0.3499	1.8473	-0.1546	2.9520	-1.2646	0.7654	0.1954	0.2474	0.8989	-0.1298	-0.3477	-0.6617	2.1000	0.0737	-2.6201	-0.3663	-0.2028	0.0349	0.4389
0.3264	-1.0223	-0.8069	-0.3022	-0.4621	0.0489	-0.6895	-0.1582	-1.2305	-0.1891	0.7500	-0.6377	-0.0511	-1.7437	-0.8384	0.1059	1.0516	1.2925	-0.1859	-0.5820	0.2636	-0.2516	-0.9166	1.2772	-1.3574	1.6782	0.4079	0.7380	1.5153	-0.0034	-0.0430	-0.3159	0.6270	0.9878	-0.1764	-0.3135	-0.6138	0.0473	-0.2647	0.3691	-1.2003	-0.1502	0.8920	-0.4182	-0.2872	-0.7498	0.1410	-0.2697	-0.6914	-0.9112
1.2622	-1.4280	-0.0396	-0.1274	0.6407	-0.2020	-0.2974	-0.2069	-1.0046	0.2578	-0.2876	0.2162	0.1818	0.2732	-1.0056	-0.7115	0.0728	1.4297	-0.2671	-0.2750	0.5258	1.4973	-0.2329	-0.0023	0.0007	1.1762	-0.2468	-1.0468	-1.2068	-1.3667	-0.2656	0.0728	1.2575	-1.5682	-0.5130	-0.4451	0.2814	-0.1972	0.3819	1.1629	0.0529	0.2057	-0.4009	-0.1043	0.7811	0.9580	0.0941	0.6168	0.6046	-0.1846
1.2438	1.1259	-0.1252	0.3696	-0.6571	-0.9082	0.8039	-1.2567	0.0116	0.4078	1.3306	0.5564	-0.0434	-0.8298	-0.4229	0.2412	0.5021	0.4094	0.4569	1.1700	2.0804	1.1523	-0.4500	-0.8188	0.1249	1.0682	1.4528	0.2626	1.1145	-0.5988	1.4087	0.0757	0.8667	2.1315	0.1265	-0.3470	-0.2264	-1.2645	-1.4433	0.9517	0.0825	0.0115	-0.5914	-1.2304	0.1383	0.7539	-0.9492	1.0172	-1.3161	-0.8568
0.4885	0.3727	0.6603	0.5170	-1.1782	1.4347	-1.2435	0.8640	-0.1531	0.4216	-1.6662	0.3721	-1.4773	1.6027	-1.0267	-1.0334	-0.8697	-0.8964	1.4876	-1.3655	-0.5674	-0.5829	0.4554	-1.3005	0.5683	-0.2539	-0.0711	-0.5683	-1.5903	0.8407	-0.8401	-0.0982	-0.9893	0.0560	-0.9173	0.4246	-0.4330	1.1874	1.4386	-1.0205	0.9464	0.3484	-0.6384	0.6596	0.5777	0.5393	1.3420	-0.3636	-0.5687	0.0321
-0.5589	0.0853	0.0330	0.0667	-0.2812	1.2363	-0.9665	0.5027	-1.5244	0.6743	-2.3214	-0.5038	-0.1512	1.9473	-0.3679	-0.7340	-1.1938	1.6785	0.7976	-2.0208	-1.8301	-2.1355	0.1022	1.2470	-1.2413	1.7385	-2.5555	0.6647	-1.9847	1.4297	-2.5713	0.4669	-0.6941	0.8628	0.7413	0.2986	-0.0303	0.9786	1.1679	-0.9581	-1.6085	-0.2705	0.3347	1.7469	-0.3512	-1.1663	0.8189	-1.2077	-0.0253	1.7619
-0.2802	0.7146	0.6930	-0.9541	0.1408	0.8393	1.8467	0.4580	-0.0631	0.7459	0.4270	-1.3759	-1.0336	-0.1934	1.6612	-1.0130	-0.1730	-0.2057	-0.7669	1.9201	0.1025	0.6134	-0.1664	0.5992	0.3260	-0.0430	-0.2219	-1.1125	0.1422	0.0552	0.1935	0.2110	-1.3694	-0.4073	0.1505	1.5347	-0.7855	1.0270	0.7646	-0.5478	-0.1598	1.6638	-2.0908	-1.9306	2.4705	-0.9114	0.9326	-1.5645	-0.2371	-1.0700
-1.3930	0.1671	-1.0016	-0.4179	-0.9042	0.5423	1.0752	-1.0329	-0.5765	-0.0518	-0.5201	0.6431	-1.1832	1.0040	0.3657	-1.2314	-1.2913	0.5038	-0.6499	0.4806	0.1738	-1.5507	-1.5681	0.9423	-1.2288	-0.5402	0.0851	-0.0081	-0.3493	0.4910	-0.4438	1.5932	-1.3561	-0.9738	-1.3497	1.7653	1.7841	0.9990	-0.2828	-1.4852	-0.4500	0.3903	-0.6186	-0.1937	0.3595	0.3350	-1.0270	-0.0553	2.8760	3.3667
-0.8658	-0.1637	0.9671	0.8153	0.8991	0.4826	-1.4420	-1.4256	1.0475	0.2569	0.5236	0.4094	-0.1882	-0.0235	0.6541	-1.4349	0.7173	-1.3198	-1.7598	-1.2240	0.3500	-0.8994	-0.1195	0.1705	0.0411	-1.3708	0.3885	-1.3037	0.6347	-0.0537	0.3591	-0.4862	-1.2283	-0.9738	-1.8700	1.3748	-0.3951	1.1917	0.7464	-1.2595	-1.3010	0.5262	-0.8345	-1.1130	0.8740	0.4054	0.7398	-0.9939	0.1248	0.2143
-0.8396	0.0895	0.7089	-1.4076	-0.3185	-0.0010	0.8359	-1.1868	-0.2514	-0.2670	0.7784	-2.1974	1.3329	-1.1864	0.6913	1.0394	1.0394	0.2589	-0.9844	0.3722	0.2724	-1.1264	0.1174	1.9595	-0.4543	-0.1927	-0.2348	-0.5026	0.7042	0.1021	0.9868	0.7678	0.8248	0.3833	-0.1187	-0.7205	-0.4071	-1.7908	-1.7864	0.5851	0.0199	-1.1836	1.6416	1.0424	-1.4748	0.7681	-1.2884	1.5561	0.5975	0.1928
1.0859	-0.0472	-0.2326	0.1452	0.5684	-1.4856	-0.6320	-1.4925	0.0532	2.0254	-0.1393	-0.0029	1.3834	-1.1432	-0.3830	0.5233	0.3269	0.0414	0.1102	-1.0676	-0.0463	0.8483	-1.5191	0.0905	-1.5689	-0.6810	0.2904	0.0795	0.6500	-0.4654	0.6136	0.2283	1.1169	1.6301	0.1721	-0.7133	-0.4452	-0.1655	-0.7906	0.5186	-1.0663	-0.4595	0.2812	1.0254	-0.2887	0.0261	-0.3022	1.1976	-0.2143	-0.5818
-0.5865	-1.3670	0.0518	-0.1626	0.8638	-0.4099	-0.7899	-0.1306	-1.8219	-0.0739	-1.4209	-0.4512	-0.8063	1.1617	-0.7921	-0.2214	-1.3119	0.7671	0.7920	-0.9292	-0.3134	0.5510	0.1629	1.6596	-1.0025	1.8214	-0.3375	0.3225	-0.3570	0.8434	-1.0633	0.9036	-0.2138	1.6569	-0.4523	0.3363	0.4869	0.8597	1.1395	-0.5612	-1.0533	0.3571	0.3192	0.2622	-0.3557	-1.1971	0.5413	-0.6058	-0.4989	1.6236
-0.0891	-0.7020	-0.0300	0.4163	-0.4302	0.5830	-0.6703	-0.6866	0.6717	-0.3763	0.6502	0.5266	0.9956	0.4426	-0.5630	0.9699	-1.1031	-1.6052	2.2815	0.0004	0.6402	-1.2354	-0.8763	-2.2658	-0.9742	-0.5350	0.7906	1.7136	1.2936	0.5745	-0.6560	0.0819	0.1923	-0.9040	-0.3460	-0.2232	0.5683	-0.4801	-1.1568	-0.2960	-0.9147	-0.3233	1.0562	0.0504	-0.7908	-0.1116	-1.0414	0.4055	1.4999	0.3525
-1.0978	0.9095	-0.6886	1.8205	-0.0716	-0.3715	-0.8884	0.6546	0.2460	1.2209	-0.3817	1.4439	-0.0693	1.7533	1.4365	-0.2982	1.4079	-0.2195	0.2870	-0.4592	0.0592	0.3413	-0.3074	0.1558	-0.1946	-0.3477	0.4120	0.5902	0.3727	0.2056	-1.7619	1.1882	-0.7604	1.6367	0.1756	0.9502	1.6090	0.1219	-0.2386	-0.9122	0.3352	-0.2890	-0.4929	0.3530	-0.0866	0.6801	-0.8331	0.8294	1.5261	1.2947
1.4243	-0.0855	-1.4934	0.0268	-0.8727	0.6438	0.3480	1.0337	-0.1126	-1.2712	0.7574	-0.4455	0.8688	-0.7981	-0.1141	0.1979	-0.7430	-1.1108	-0.9599	0.2158	0.2299	0.6437	0.4781	0.1130	1.3870	-1.6285	0.7617	0.3476	0.2684	-1.4995	0.5271	-0.7852	0.7126	-0.4938	0.3605	-0.2632	-0.5832	-0.3379	0.4504	0.8923	0.4322	0.0765	-0.1183	-1.0423	0.4632	0.6685	0.7590	-0.1380	-0.8989	-1.6165
0.8969	-1.1610	-0.3001	1.3506	0.9137	1.3819	-1.4998	-0.3357	-1.9108	-1.1790	-0.8053	-0.5575	0.8940	1.2894	-1.0555	0.7068	1.0566	1.4632	-1.3143	-2.0256	-2.2971	-0.6222	-0.9434	2.3431	-1.8135	1.6573	-1.7760	1.8923	-0.7053	-1.9434	-1.9829	-1.3066	2.1993	0.2590	-0.8012	-1.1351	-1.4160	0.9692	0.4859	1.7114	-1.0350	-0.1730	0.5578	0.5510	-0.2059	-2.1627	0.7243	-1.5870	-0.9126	2.7792
-0.0184	2.9856	0.7446	-1.5773	-0.4588	-0.1741	0.7955	-0.5514	-0.2774	0.2141	-0.2574	-0.0879	-0.6142	0.7428	2.6233	-1.0364	-1.4970	-0.4527	-0.4211	0.6647	-1.2100	-0.6486	-0.3013	0.3654	0.9593	-0.9612	-0.6183	-0.2400	-0.6289	0.0132	0.0067	-0.5318	-0.7795	1.2553	-1.3390	0.7568	-0.4456	0.6941	0.7888	-0.4327	0.5655	0.6233	-1.5492	-0.1926	0.9393	-0.0822	0.8741	-0.8855	0.4314	-0.4978
1.5399	0.1234	-1.5340	-2.0235	-0.4948	-1.1324	0.3626	-0.4997	-0.3103	-0.6737	0.7388	-0.3234	-0.6095	-0.2274	-0.0203	-0.5526	-2.0059	-0.4442	-0.4064	0.9576	0.7092	-0.1251	-0.7224	0.5264	-0.4243	-0.2711	0.8134	-1.0673	-0.9119	-1.2610	0.2990	-0.8053	-0.0583	1.3208	0.6425	1.1734	-0.1258	0.1630	-0.1547	-0.1545	-1.3004	0.7101	-0.6475	-0.8069	0.3719	0.2370	-0.0627	-0.2829	-2.4752	1.1193
-0.8498	-1.4913	-1.0330	1.1342	0.8682	0.8499	-0.6013	-2.0395	-1.0398	-1.9374	0.6631	1.9681	1.6135	-0.2196	0.2069	0.7998	-0.2144	1.4332	-0.2302	-0.1727	0.7540	-0.1218	-0.8269	0.7274	-0.4622	0.3522	0.5623	-0.0351	0.4426	0.4971	-0.1162	-0.8467	0.8427	-0.0362	0.8716	-1.3063	0.0804	-0.7417	-1.0156	0.0689	-0.3314	-0.7916	1.4067	-0.4134	-1.4756	-0.2906	-0.7814	0.2922	-0.2798	-0.2835
-0.8671	-0.3249	-0.1395	0.0165	-0.1493	-0.3178	1.5196	0.6585	1.5955	1.1177	-0.9154	0.5742	-1.1610	0.8689	1.7523	-0.0571	-0.0097	-1.1341	-0.6412	0.4996	-1.5112	1.3192	-0.1846	-0.2228	-0.0233	-0.8737	-0.7453	-1.1517	-0.8834	0.5442	-0.2706	1.6005	-1.2402	0.5190	2.0614	1.4712	1.5856	1.3277	1.1233	-1.3112	0.4952	1.2906	-0.8394	-0.3308	0.6820	-1.8356	-0.1587	-1.5814	-0.8979	1.2068
-0.5360	-0.5354	-1.6718	-0.4371	-1.0106	-1.2349	1.6575	-0.5329	-0.3958	-0.0622	-0.4145	0.3770	-0.1875	-0.8183	0.1454	1.1800	-1.4510	0.5250	-0.1816	1.4197	-0.3761	2.0860	-0.4179	1.1252	-0.0803	-0.0229	-1.1246	-0.7388	-0.9889	-0.2635	0.8474	0.5491	0.6940	0.1319	0.1342	0.1790	1.0501	-0.8893	-0.2903	0.7856	0.0216	-0.2247	0.1546	0.4047	-0.1784	-0.6448	-0.7139	0.3160	1.8761	-0.4188
1.5455	-0.2499	0.3636	0.9524	0.6424	-0.3282	-1.5293	-0.1218	0.6213	-0.7957	1.3815	1.9527	-0.1201	-1.6590	-0.6106	-0.4194	1.2166	-0.1343	0.7356	-0.4218	1.2429	-1.8700	0.3856	-1.2611	1.5885	-0.9694	0.6801	1.2078	1.0701	-0.1482	2.1387	-0.6849	-0.6067	-0.7112	0.3933	0.6456	0.2236	0.1845	0.6478	-0.0473	1.2895	0.3019	0.5876	-0.7051	-1.1426	0.3803	0.2304	-0.6747	-0.9693	-1.6387
-0.0496	0.4544	0.6546	1.7641	0.5773	0.8864	-1.9617	-0.7868	0.4018	0.3143	1.0518	-0.9598	1.7108	-0.6226	1.0785	1.9965	-1.8886	-0.4935	-1.3478	-1.3470	-0.7131	-0.0474	-0.0248	0.8722	0.3073	-0.3408	-0.8703	-0.4105	0.9796	-1.0433	0.1293	-0.3519	1.7359	1.4526	0.5108	-1.3645	-0.5440	-1.2258	-0.9730	2.1733	0.1279	-1.7510	1.5604	1.1081	-1.5579	-0.7072	-0.5495	0.7680	0.8361	-0.9721
0.9250	-0.1027	0.4769	0.1757	1.1397	-0.0924	-0.1316	1.7148	0.1232	-0.7986	-1.2571	0.0836	-1.3941	0.6730	-1.1672	-1.0214	0.5673	0.0542	0.0489	-0.0335	-1.3870	-1.2111	1.7205	-0.6468	-0.0410	-0.6726	-1.8771	0.3756	-0.2077	-0.9248	-1.1224	-1.5448	-0.6840	1.2559	0.4131	1.5106	-0.7454	1.6857	2.1635	-0.8304	-0.9645	1.1617	-0.9873	0.3083	0.8527	-0.0392	1.8115	-1.6805	0.6512	-0.1881
-0.7311	-0.8599	0.0078	0.2970	-1.1601	0.8849	-0.3469	-1.0188	-1.2174	-1.9615	-0.6929	-0.9837	1.1864	-0.0675	-1.1964	0.9576	-0.3153	1.1274	-1.0517	-0.8473	-0.6035	0.4657	0.2671	1.9741	-0.6359	1.4305	0.9997	1.7844	-0.8608	-0.1379	-0.6090	-0.1455	1.0541	-1.1019	-0.7627	-0.8319	-0.4061	-0.9526	-0.8032	0.7544	-0.0180	-1.0466	1.1233	0.4854	-0.4253	-0.2472	-0.0069	0.6021	-0.5132	-0.0566
-0.6039	1.5933	-2.1878	-1.9279	-2.5350	0.3271	2.8609	-0.1176	-0.0688	-0.9247	-1.0759	0.0912	-0.5095	1.2171	1.4746	0.2658	-0.1864	0.3657	-0.7106	2.2977	-0.6560	-0.5657	-1.0064	0.3424	-1.3149	0.0507	-1.2585	-0.9137	-1.2517	0.3002	-1.6456	0.3028	-0.0690	0.0879	0.6362	0.0064	0.1774	0.2260	-0.0332	-0.5094	-0.5699	1.0795	-1.1209	-0.2205	0.9055	-1.1267	-0.3822	-0.4305	-1.2371	0.1933
1.0382	0.6601	2.2312	0.3610	-0.8623	-0.1012	-1.0856	-0.2649	-0.3906	-0.6751	-0.3794	-0.8894	0.0512	-0.5739	0.2376	0.2632	0.2212	0.6260	0.0018	-1.2960	-0.9651	-0.7454	0.7978	0.5841	1.0139	0.1271	-1.2573	0.2743	-1.2866	-0.3612	0.6134	-1.1547	-0.0041	-0.5473	0.8482	0.3102	-1.9655	-0.0597	0.3781	0.7064	0.2792	-0.5488	0.4418	1.0039	-0.1170	-0.4377	1.2354	-0.2298	0.0715	-0.2535
0.7100	-0.0722	1.2518	-0.0845	1.0121	-0.9947	1.2903	-1.1003	-0.1720	-0.1970	-0.1549	0.7116	0.1908	-0.1040	-0.2362	-0.2604	-0.7413	-0.5800	1.3608	1.0886	-0.9010	0.0422	-0.2289	-1.0814	0.5508	-0.9337	-1.2972	1.2863	-0.5888	0.2628	0.8405	0.7137	-0.4226	-0.1469	-0.3220	0.1595	1.1000	0.9316	0.6552	-0.2932	0.2051	1.3644	-1.1434	-0.8055	0.9164	0.8445	-0.0566	-0.9440	0.9116	-0.1410
-0.1963	1.8363	-0.4186	0.0089	0.8488	-0.0206	0.4690	-0.2474	-2.5257	0.8352	0.2644	0.6514	0.8070	-0.7588	1.9962	1.0391	0.7926	1.9900	-0.2290	1.6319	-1.0076	0.8089	-1.1979	1.4185	-1.6107	1.8969	-1.2064	-0.6200	0.3906	0.2738	-0.1336	0.4000	0.7260	-1.5817	0.1364	-1.0377	1.0813	-0.1411	-0.4068	0.1220	-1.1300	0.7911	-0.9294	-0.3105	1.0103	-1.8121	-1.1365	-0.7676	-0.3176	-0.4526
1.7591	-0.5463	0.7322	1.2990	-1.0184	-0.0188	-0.4774	0.0043	0.8419	-0.9073	0.5701	-1.4587	0.5546	-0.5213	-0.3088	0.2706	1.1759	-0.3425	0.3399	0.3553	0.0407	1.5807	0.7322	-0.4547	0.6695	-1.3756	0.0410	0.0361	1.0439	-1.5432	0.5897	-1.8522	1.1330	0.2193	-1.1307	-0.2434	-2.3401	0.2787	0.5962	1.8850	0.2347	0.2029	-0.0819	0.3624	0.5154	0.1736	1.5961	0.4754	0.2520	-1.3643
-1.2341	0.6872	-0.3820	-1.0942	-1.2934	2.3608	1.3274	-0.3357	-0.0977	0.4791	-0.0608	0.9404	-0.1127	-0.1136	0.0237	-0.5467	-0.8234	0.6331	1.3348	0.7191	-0.9076	2.1726	-0.7053	-0.0453	-1.4254	0.8218	-1.7354	-0.0815	0.4000	1.1949	-0.4567	0.1963	-0.4594	1.0583	0.1353	0.0796	0.1904	1.3819	0.5356	-1.1315	-0.0932	1.4035	-1.5436	-0.6766	1.0294	-0.9637	0.2051	-0.5459	-0.3664	0.6809
-0.0585	2.1195	-0.9473	-0.0440	-0.6676	-0.7754	-0.2187	-0.8331	1.7392	1.5421	1.1138	0.4579	1.2269	-0.2342	1.8155	0.5774	0.4387	-1.6826	-1.8373	-0.9079	1.4695	-1.0722	-1.3571	-0.0606	0.0887	-1.3867	0.4329	-1.7395	1.2845	-1.0367	0.7406	1.2592	0.6166	-1.0017	0.1676	-0.2692	1.1031	-1.3012	-1.2295	0.5021	1.2023	-1.4118	0.5652	0.8358	-1.0162	-0.8262	-1.5055	1.0745	-2.0277	0.1730
-0.5951	0.6405	1.6160	-2.1942	0.2547	-1.0579	-0.0835	0.6144	0.4685	-0.1911	0.4874	0.4273	-0.8874	-0.3497	0.2643	0.0433	-1.1770	-0.8609	0.8848	0.5356	0.4360	0.2286	0.7962	-0.9984	1.4317	0.3208	1.2128	-1.7142	0.2999	1.0200	0.5102	0.4430	-0.4414	-0.6845	-1.0666	-0.4530	1.0025	0.2776	0.1313	0.3083	1.7411	0.6258	-0.8941	-1.3794	0.6942	-0.8726	-0.2502	-1.1186	-0.4757	-0.8160
-0.2788	1.6110	0.3551	-0.3112	-0.8111	-0.1047	0.3440	1.8419	0.8418	-0.9311	0.5647	-0.2505	-2.1266	-1.2487	-0.3114	-1.8410	-1.6782	0.3089	-0.7556	0.8080	1.0271	0.7190	2.1233	-0.0210	2.1298	-0.7789	0.4574	0.1836	0.5405	-0.2508	0.8834	0.0606	-1.3577	-2.0728	-1.4323	1.6943	0.2422	1.3814	1.7947	-0.7584	1.8851	1.8950	-2.1532	-1.2554	2.5467	0.9210	1.3745	-0.8668	1.9005	-1.4971
-1.2369	-0.0025	-0.2625	2.1708	2.8764	0.1124	-0.7559	-0.6184	1.5844	0.8247	0.9397	-1.8066	0.9754	-0.3340	-0.5039	0.9267	0.2384	-0.9848	0.3467	-0.2132	0.3970	1.4499	-1.0849	-0.9772	-1.7296	-1.4164	-0.6464	-1.2515	0.1452	0.9170	-0.3963	1.8996	0.1720	-0.6723	0.0162	-0.5259	0.1724	-1.2868	-1.5086	-0.1937	-1.4563	-1.4094	1.0156	1.4863	-0.4290	0.2989	-1.1814	1.5374	0.2245	-0.8358
-1.6277	-2.0243	1.1976	-0.1580	-1.8621	0.6273	-0.5548	1.4384	0.8192	0.3442	-0.6130	0.5134	-0.5779	0.5428	-0.7254	-1.0006	0.1851	-0.7801	1.6553	-0.3918	-0.1731	-0.1859	1.3077	-1.2727	2.1296	0.8076	0.2790	0.8273	-0.2857	1.4365	0.7470	1.0262	-1.5239	0.6609	-0.2713	0.6084	1.0553	1.2406	1.2036	-1.4109	0.8671	0.9026	-0.1208	-0.2940	0.1908	0.2099	0.2436	-0.5277	0.3686	-1.6169
2.1996	-0.4054	-1.2478	1.1861	0.0030	-0.9555	-0.5206	-0.2289	-1.8232	-2.4626	-0.4953	-0.6236	0.2736	0.9884	0.0159	-1.0467	-0.5185	1.7323	-1.3217	-0.0836	-0.2412	0.0717	0.1806	1.4948	-0.3304	2.4204	-0.5772	1.1466	-0.7111	-2.4896	-1.0736	-3.7173	1.5449	-0.3662	-0.1946	-0.3507	-3.5154	0.8841	1.2980	1.6901	-1.4431	0.5776	-0.3206	-0.3600	0.7851	-0.3434	2.9507	-1.0289	0.7772	0.3710
0.8757	-1.7085	-0.1181	-1.1703	0.8931	-0.2469	1.0526	-0.4525	0.1790	-0.9677	0.1196	0.1421	1.1936	-0.0706	-1.0147	0.9008	-0.5971	0.1536	-1.4051	1.0485	0.2190	1.4751	0.1398	1.2208	1.0326	-0.6449	-0.4705	0.4191	0.9436	-1.6518	0.7320	-1.6040	1.4062	1.0347	1.3894	-0.6743	-1.5172	-0.8494	-0.7502	1.1820	0.9671	-0.3521	0.9153	0.7709	-1.0796	0.9160	0.2036	1.2009	-0.0915	-0.2956
0.6477	-1.7425	-1.0631	0.0519	0.1802	0.7836	1.2471	0.2353	1.0057	0.1497	1.9771	-0.8275	1.0713	-1.5053	-1.2916	0.3071	1.1278	-0.8349	1.1387	1.7305	1.1323	0.4949	0.7985	-1.8353	0.4171	-0.5754	0.3084	0.4639	2.0191	0.7996	1.7395	-0.7005	-0.0104	0.0795	1.3497	-0.9400	-0.8546	-1.1732	-1.2518	-0.5705	1.1551	-0.3688	0.9837	-0.3746	-0.7160	1.7478	-0.3113	1.3274	-0.1950	-0.2551
-1.8151	-1.5619	-0.4259	0.4857	1.6047	-0.5074	-1.1573	0.7879	-0.5850	-0.8899	1.2003	1.3290	-0.8910	-0.6205	-1.4842	-0.9911	-2.5689	0.3108	-1.5975	-0.5687	0.9560	-1.0988	0.9974	1.3892	0.2800	0.3387	0.6577	0.3195	2.1433	0.2066	-0.5400	-0.5552	-0.8892	-0.0825	-0.3282	0.6172	0.2621	0.3909	0.3556	-0.5444	0.1943	-0.0031	0.4565	-0.7551	-0.0843	1.5759	0.1598	-0.0712	1.0682	-0.1350
-0.5366	-0.1372	0.0317	-1.7360	-0.4916	-1.7905	0.3847	0.0682	0.3219	-0.9289	-0.3553	2.5754	0.6886	0.7456	-0.2085	0.8782	-1.6423	-0.1792	-0.3674	0.9726	1.1964	0.6561	-0.0609	-0.1027	0.9690	-0.1816	1.3815	-1.5323	-0.1079	-0.1743	-0.1596	-0.8607	0.6659	-0.6214	0.3944	-1.4169	0.3230	-1.8399	-1.3547	0.4234	1.2282	-0.9888	0.7776	0.2431	-1.6164	0.8531	-0.9278	1.7150	-1.4869	0.4654
-1.7648	-0.0542	-1.0579	-0.9757	-0.9416	0.0100	0.7205	0.4956	-1.5338	-1.5396	-0.1376	-1.8448	0.0024	-0.3448	0.1219	0.1352	-0.3020	0.1639	-1.3282	1.0002	-0.7500	-1.7439	0.9947	1.0497	-0.0794	1.4423	-0.2045	1.6152	-0.5790	1.0617	-0.3864	1.4161	-0.3507	-0.1605	0.4347	-0.2884	-0.0046	0.4762	0.1573	-0.8074	-0.1243	0.8618	-0.1866	-0.8350	0.7774	-1.1713	0.3253	-1.5633	-1.4546	-0.1321
0.0663	1.0748	2.2077	-0.3071	-0.2293	1.7158	0.4675	1.0045	0.5439	-0.8433	-0.5486	-1.1745	-0.5561	1.1463	1.5955	-0.5121	-0.7543	0.2128	-0.7530	-0.2097	-0.5243	0.4781	1.0247	0.6512	0.0948	-1.3542	-0.7565	-2.2010	-0.4168	-0.1805	-0.9107	-0.8569	-0.4678	-0.5859	-0.6829	0.1895	-1.2703	0.4518	0.4976	-0.0127	0.4327	0.5032	-0.8195	0.4973	0.9447	0.1188	1.0312	-0.2891	-0.2012	-0.2994
0.5825	0.1187	2.1958	0.2775	1.3111	-0.5172	-0.5588	0.6578	-0.9408	1.1385	0.1414	-0.5620	-1.0268	0.3485	1.4803	-1.0945	-0.3276	0.9741	0.4721	-1.0366	1.1706	0.4830	1.2351	0.7396	1.2567	0.9484	1.1276	-1.5123	0.8359	-0.2269	0.0298	-0.0390	-0.3850	0.6274	0.7913	0.3996	-0.1295	-0.2478	0.2301	0.6383	1.3605	-0.6097	0.0256	-0.2399	-0.1308	0.6961	0.2537	0.2395	-0.2787	-1.0519
1.1345	-0.4397	0.3459	-1.1504	0.8472	-0.3068	0.0777	0.3328	0.2029	0.4170	0.3507	-1.9199	0.4892	0.0733	-0.5831	1.1467	0.1137	0.1565	1.1246	0.1137	0.5128	-0.3163	0.2521	0.1644	0.2349	-1.2460	-0.5887	0.2284	0.3555	-0.6707	0.1635	-0.9120	0.7885	-1.2830	-0.0948	-0.2186	-1.1663	-1.4799	-0.7161	0.5486	-0.1194	-1.3771	1.6845	1.0251	-1.1392	-0.5991	0.2048	0.6597	-0.1985	0.2480
0.8195	-0.7482	1.4687	1.4075	0.9785	0.1135	-0.4505	0.0369	0.0385	-0.2341	0.2081	-0.5424	-0.9330	0.2749	0.0638	-1.5269	3.0020	-0.1857	-0.5736	0.1438	-0.1740	1.1637	0.9802	0.6611	1.1785	0.9574	-0.2219	-0.3075	-0.1798	-1.5322	0.8470	-1.2495	0.0418	1.3185	-0.2198	1.1297	-1.4249	1.4350	1.5290	0.4781	0.3454	1.1909	-1.2533	-1.2301	0.9808	0.8307	1.9019	-0.7954	-0.2387	1.4089
1.4037	0.2159	-0.9941	1.0214	0.0721	0.3011	-1.1909	1.4733	0.5168	-1.0158	0.1967	0.6518	-0.8362	-0.2353	-0.5210	-0.0707	-1.2269	-1.2275	-0.8538	-0.6778	0.7646	0.1929	1.2688	-0.6415	0.6370	-0.9307	0.1511	-0.2588	-0.0128	-1.7467	-0.7113	-0.8387	0.1847	-2.0007	0.0372	1.1936	-1.2371	-0.8448	-0.1621	0.5172	0.4008	-0.8970	0.6721	0.5564	-0.8008	1.5866	0.4226	1.4433	0.7335	-0.1633
0.1563	0.3307	1.0315	-1.0995	-0.1920	-0.3914	0.4199	2.2750	-1.0144	-1.9561	0.6111	-0.0367	-1.6045	0.4021	0.6800	-1.5114	0.3224	1.7917	0.6396	0.9740	0.5161	0.2228	2.8683	0.1644	1.2242	0.1270	1.1632	0.7488	1.5050	0.5838	-0.7231	-0.4554	-1.6733	-0.4262	-1.7286	1.3573	-0.6566	1.0073	1.7220	-0.8727	0.9357	1.1045	-1.3223	-1.3583	1.4371	0.6566	1.6472	-1.2764	-0.6986	0.9273
0.6085	-0.4005	0.6398	-0.5525	-0.5388	-1.6561	0.6383	-0.2898	-0.6785	-0.3717	-1.1791	-0.4405	0.2467	0.7404	0.5315	-0.5097	2.8953	0.8448	0.8493	0.6050	0.2246	0.7495	0.1248	0.4199	0.4521	1.3680	0.0349	-0.9179	-1.3548	-0.1653	0.4111	-0.8361	0.4459	0.3437	1.5934	-0.5096	-0.9995	0.5815	0.8423	0.5925	-0.0260	0.7666	-0.9168	-0.2248	0.7930	0.3228	1.1673	0.0804	-1.8458	0.0716
-1.5355	0.3819	1.0051	-0.0371	-1.9878	0.9658	-0.7892	-0.3925	0.5913	0.9390	-1.3814	0.2406	-0.4499	-0.0448	1.8659	-0.6871	2.4864	-0.5046	-1.2957	-1.6638	-0.1295	-0.2495	-0.0903	0.4834	0.9104	-0.4634	-0.5101	0.4190	-1.4428	0.7960	0.9511	1.0069	-1.1339	0.7188	2.0598	0.7416	1.1847	0.5857	0.6560	-0.9758	1.6342	-0.4127	-0.0411	0.9360	-0.5392	-0.1424	-0.0614	0.4697	1.3217	-1.3496
-0.1578	-0.6582	0.4167	-1.5405	0.7756	0.1336	1.7420	0.4584	0.7868	1.6788	0.6351	-1.0735	0.8896	0.3738	-0.7180	0.5486	-0.1212	-0.8432	-1.3118	1.7757	2.6505	-0.1836	-0.1791	-0.2010	0.3816	-1.1430	2.4651	0.1605	0.9313	-0.8797	-0.0978	0.3035	0.7413	-0.1219	-0.0236	-0.2967	-0.2056	-1.8544	-1.3905	0.9363	0.2510	-1.1566	1.0632	-0.0232	-0.5161	0.7265	-0.9373	1.6456	1.0234	0.2400
-0.1867	0.0307	1.5907	0.2840	0.4930	0.4889	-0.6660	-0.2968	0.7039	-0.5342	0.8421	0.7717	-0.1041	0.4936	0.5574	0.2942	-0.1525	-0.0684	1.3591	0.2105	0.9696	0.2915	-0.1993	-0.8178	0.2529	-0.7762	0.5941	0.3821	0.9590	0.7023	-0.5803	0.5287	-0.3748	0.6148	0.6079	-0.4486	0.4617	-0.6090	-0.7078	-0.3918	-0.0521	-0.5711	0.3554	0.1676	-0.7037	1.2732	-0.5970	0.9317	-0.1898	0.6508
0.4251	0.7863	0.2977	-1.0385	0.6545	0.2472	-1.3675	0.6570	0.0204	-0.6138	-1.9847	0.5989	-0.2697	1.9192	1.0043	0.5779	-0.0597	-0.4265	-1.3330	-2.2811	0.4403	-0.0380	1.7017	0.6434	-0.3728	-0.9244	0.4767	-0.3554	-1.2128	-1.0688	-2.2558	-0.8141	0.4611	-0.8359	-0.3769	0.0593	-0.2733	-0.9067	-0.1366	0.2950	-0.3242	-1.9693	1.0759	1.4540	-0.9115	-0.9386	-0.2445	0.6442	-0.4174	1.3097
1.0096	0.8817	-1.5787	-0.6278	1.0093	0.6588	0.4767	-0.8691	0.0024	-0.6998	-0.1612	0.1922	1.3743	0.5627	0.0364	0.7500	-0.9913	-0.2776	0.4658	1.0267	-1.2291	-0.6196	-0.8545	-0.3152	-1.3458	-0.2319	0.1566	0.3219	-0.7447	0.1518	-0.2888	-0.9095	0.8855	0.1254	-0.0201	-1.2550	-0.6513	-0.6483	-1.0170	-0.3011	-2.5644	-0.0431	0.2142	0.1638	-0.5161	-0.3766	-0.3434	-0.0358	1.0527	1.4876
-1.1426	1.3976	-0.3844	-0.4143	-0.1221	1.8724	-0.4033	-0.5146	0.7740	1.4798	0.9758	0.0151	-0.0475	-0.2880	1.3132	-0.1005	-0.3743	-0.0213	-0.4775	-0.1322	0.5713	0.7527	-1.3701	-0.2798	-1.1842	-0.5979	1.1688	-0.9815	1.1581	0.1483	0.1046	2.1590	-0.7793	0.9920	-0.1086	1.0008	1.4380	-0.4912	-1.1651	-0.7912	-0.3073	-0.4680	-0.2079	-0.2998	-0.3144	-0.5429	-1.5178	0.5518	1.4537	0.3655
-0.5156	-0.9889	0.4154	0.8628	0.9397	-0.1093	-0.8212	-0.7211	-1.3158	-1.4213	-0.9963	-0.8569	-0.5406	2.3294	-1.5612	1.1406	-0.4333	1.2165	1.5096	-0.1689	-1.7046	0.1152	1.0469	-0.0262	-0.0356	1.4209	-1.8192	0.7415	-1.5525	1.9004	-1.7140	-1.1626	-0.4830	-1.7788	-1.3650	-1.0811	-1.7315	-0.0867	0.3993	-0.0933	0.8867	0.0227	0.6160	0.3837	-0.0875	-0.5793	1.2126	-0.5883	1.2762	0.7983
-0.0047	-1.2553	-1.0654	-0.1690	1.1284	1.3036	0.0494	0.1035	-1.4501	-0.4872	-0.7494	-1.2551	-0.8091	0.3389	-1.2178	-1.2995	-0.2414	1.3694	1.6048	-0.3013	-0.5794	-2.8091	-0.0908	-0.0207	-0.9670	0.9079	-0.3468	-1.3337	-0.5637	0.7038	-1.1047	0.5616	-1.3264	-1.5087	-1.3086	1.0734	-0.1748	1.4603	0.7849	-1.8618	-0.3754	1.2210	-0.0082	-0.5035	0.8267	0.6159	0.8016	-1.0513	-0.0701	-0.1135
-0.3221	-1.7272	-0.5083	-0.3357	-0.4141	1.6938	-0.8812	0.7293	0.6084	0.6990	0.2857	-1.8831	0.9430	-1.5784	-1.8013	0.5027	-0.6968	-1.0009	-0.2662	-1.1484	2.0962	-0.4980	-0.1764	-0.3118	1.0364	0.3395	1.8149	1.9684	0.8881	1.1783	1.1763	-0.1873	0.0137	0.8625	1.6597	-1.2874	-0.5972	-1.7819	-1.2569	-0.6110	0.4024	-1.9694	2.3106	0.9173	-1.6493	1.4575	-0.6394	1.9309	-0.4255	-0.8142


