
X1	X2	X3	X4	X5	X6	X7	X8	X9	X10	X11	X12	X13	X14	X15	X16	X17	X18	X19	X20	X21	X22	X23	X24	X25	X26	X27	X28	X29	X30	X31	X32	X33	X34	X35	X36	X37	X38	X39	X40	X41	X42	X43	X44	X45	X46	X47	X48	X49	X50	X51	X52	X53	X54	X55	X56	X57	X58	X59	X60	X61	X62	X63	X64	X65	X66	X67	X68	X69	X70	X71	X72	X73	X74	X75	X76	X77	X78	X79	X80	X81	X82	X83	X84	X85	X86	X87	X88	X89	X90	X91	X92	X93	X94	X95	X96	X97	X98	X99	X100
-2.7499	-3.4224	0.6879	-1.3252	-1.0813	2	2	-1.9696	1	3	0.2705	3	-2.6071	0	0	0.3271	0.8147	3	1	2	0	0	3	2	1	0.7646	3	2	3	2	2	-2.1617	0.6715	-2.3027	1	2	-0.5123	6.4949	0	3	-1.1106	2	2.2014	0.4626	-1.5894	2	3.3537	3	-2.5467	0.7732	1.5834	3	1.1791	3	-0.8265	-0.2677	0.5192	-3.3238	-2.8872	2	0	-1.4070	3	-0.4742	3	2.3235	0	0	2	-0.5156	-2.8157	-1.7340	-2.9459	-1.3695	2.2550	-0.6475	-3.3564	2	3	3.7378	-0.4773	-3.1878	-1.3211	3	-1.2747	3	5.9752	2	3	1	3	1	0.5332	1	0	3.8388	3	1	3	0.8887
-0.2350	-0.8903	0.0543	0.0398	0.6912	0	2	1.8897	1	0	3.1350	1	-0.3889	3	2	-1.7629	-0.1613	0	2	1	1	0	0	2	0	0.6973	2	1	2	2	0	1.3113	-0.3747	1.9482	0	3	0.1525	-0.3710	3	1	-1.4247	2	1.8581	4.3807	4.8875	2	2.4177	1	5.2753	1.5630	1.4136	0	6.9667	0	2.0592	-1.9350	-4.5155	1.4157	-0.4732	2	2	-9.7434	0	-3.8074	2	8.9850	0	3	3	-0.0311	-7.9219	-6.4887	1.4645	1.6621	-2.8415	-6.8501	-15.3725	3	2	0.6424	0.8367	-11.0190	1.1585	3	-2.1031	1	6.0953	2	0	1	3	0	2.4706	1	1	4.5882	3	1	0	2.1903
-0.2942	-0.5805	0.7959	0.4659	-1.3888	3	1	1.2335	3	3	2.6501	1	-0.6653	3	2	0.9941	-1.0577	0	2	2	2	0	2	1	0	-0.4044	0	1	2	0	0	1.1710	0.0887	0.1391	1	1	0.0850	1.5334	2	2	0.8436	2	2.0001	4.2496	-3.7083	0	3.0258	1	0.5279	3.1187	-0.6430	2	1.1810	3	-0.1117	-1.3357	-0.5605	-0.9579	3.4099	3	3	-3.4428	3	-1.1303	3	2.4789	0	3	1	1.5680	-4.2518	-0.0977	0.5123	0.4203	6.4627	-1.7004	-5.4933	2	1	3.4577	-0.0251	-4.7186	-1.1661	3	0.0256	2	5.1991	0	3	1	3	2	2.6426	2	1	1.2915	1	0	1	1.1928
-0.2600	-0.2174	-0.0669	-1.7800	0.2691	2	0	0.5511	3	3	-1.9465	0	1.7155	0	3	0.9861	-3.1698	2	2	3	3	3	2	3	2	0.6640	1	0	1	1	1	3.6994	2.1051	-1.3945	0	1	0.0479	1.3510	3	1	-0.0950	0	-2.1155	0.8934	1.3311	1	-3.7624	2	-1.9530	-2.9200	0.6659	2	-0.0768	3	-0.0751	-3.7914	1.6401	-0.4090	1.5843	1	0	1.1186	3	-4.6931	3	0.8203	0	1	3	0.9208	1.9216	1.1921	-4.2125	0.7625	-1.0662	3.4139	3.2439	2	3	2.8795	-0.6115	0.3187	-0.5622	1	1.3019	0	-0.8159	0	1	2	2	3	0.5543	1	3	5.5122	0	1	1	-3.8724
0.4385	0.5145	-2.7182	-1.3689	0.4037	2	1	-1.5345	1	2	3.2338	3	-2.0266	1	3	1.0134	-0.5763	2	1	3	1	2	0	3	1	-0.3078	2	3	1	1	0	2.1951	-0.2405	-3.9923	0	3	0.5772	1.3905	0	0	1.2758	1	0.1971	-0.8261	2.4532	1	1.2922	0	-2.5265	5.6311	1.7269	3	-1.8667	0	0.9646	-2.3972	1.4809	0.7883	0.3768	2	0	1.8649	3	-1.2327	3	-2.5809	1	0	0	1.9609	-9.0888	-5.3008	-6.2690	-4.1042	-2.0412	0.6757	3.4028	2	3	1.0378	1.3719	4.2881	-1.5952	1	0.5256	0	-3.1552	1	3	2	2	3	-1.1089	1	1	5.5068	0	0	1	2.7649
0.4859	-0.4449	-3.0105	0.9125	-1.5505	0	1	-0.1873	3	1	2.5416	3	-3.1546	2	2	2.4106	1.5959	1	3	0	0	2	0	3	1	-1.2615	2	2	0	1	2	-1.5706	2.4998	3.2113	2	3	0.2172	-4.7528	0	0	-0.4595	0	0.0636	0.2917	-4.7532	2	-1.2533	3	-1.2542	2.8384	1.3516	1	-1.1451	0	-2.6093	-0.2609	4.5137	-0.1698	-0.0491	1	2	3.2914	1	2.0762	0	-1.9228	1	2	3	3.0578	-6.8154	0.5825	-6.3817	-0.9125	1.1006	6.2895	2.9835	2	2	4.0672	-1.0088	-1.3223	-2.4280	1	0.8171	3	-0.4491	1	3	3	0	3	-0.0078	0	3	7.4249	0	0	0	3.5918
2.3298	-0.8699	-0.8564	-0.2342	0.8300	0	0	-1.8875	3	2	1.9716	2	-1.6075	0	0	-0.2201	-0.6448	3	3	2	1	3	0	0	2	0.1384	0	0	1	2	1	-0.0100	-1.2314	0.6229	0	0	-1.7817	-1.0406	1	3	0.2677	3	-3.9330	-1.4789	-0.9141	2	-5.9384	2	-1.3393	0.9358	-0.2749	3	-5.3614	3	-0.9536	-2.4656	1.7184	-0.4366	2.1967	0	2	6.3516	0	-3.3906	2	-6.8219	1	0	0	1.1187	1.7486	2.8970	-2.2221	0.6371	-2.0467	0.8445	6.7143	1	3	-2.4428	0.6499	10.3416	-4.6094	1	-0.6246	1	-0.6562	3	3	3	3	3	2.5662	1	1	-2.1424	3	0	1	0.7565
0.2090	2.0222	-0.2616	0.7675	-0.7199	1	1	1.1902	1	3	-0.1472	1	-0.6032	1	3	0.8343	-1.7766	3	2	0	2	0	1	3	2	0.1250	0	0	0	3	1	4.8390	2.0542	-1.9901	3	1	-0.3526	0.3290	3	0	2.7709	1	-4.4634	-0.1169	1.9833	3	-5.5854	2	-3.8876	-2.0502	-0.2963	2	-4.0346	1	-0.3775	1.4621	1.2845	0.2924	-3.4562	1	0	3.7991	3	3.3821	2	-4.9110	1	2	3	3.8643	4.4494	-2.1868	-5.5759	3.2436	-1.4430	1.3987	4.2715	2	1	4.5054	-2.6460	-1.6579	0.8572	1	0.4801	1	-4.8785	1	0	0	2	1	-0.1107	0	1	8.6178	0	2	2	1.4801
0.5173	1.8614	-1.8024	-0.0159	1.2483	1	3	-2.2124	0	2	1.4103	3	2.3484	1	1	-1.4725	-0.8388	2	3	0	3	0	2	2	2	1.8539	0	2	2	1	2	0.0221	-2.5640	-1.8367	0	1	2.1506	1.0758	1	3	-3.4344	2	1.7604	-0.6949	-0.6660	2	1.4182	0	-1.9796	0.1841	2.9417	2	-3.3181	0	-0.6928	2.2408	-3.2197	2.2236	0.4705	3	0	2.0136	3	3.7022	3	-5.6205	1	0	2	2.9022	2.6516	0.6588	-7.4021	1.7834	0.6373	-5.8350	2.9026	2	3	-6.6382	1.0795	12.6034	0.8269	1	-0.5207	1	-5.2418	2	2	0	2	3	0.4847	3	2	8.2008	2	2	1	2.1770
-1.8125	-0.5721	0.1155	2.6039	0.7751	0	1	-1.2923	1	2	0.1896	3	-3.3041	2	3	-0.0552	-0.8772	2	2	0	3	2	1	0	0	0.3082	2	0	1	2	3	4.1104	-0.6128	-2.4627	3	1	-0.1175	5.9995	0	2	1.8635	2	-0.8449	0.2867	-0.9327	0	-3.8845	2	-0.0437	-1.6207	0.5539	1	3.1045	0	0.3285	0.4468	-1.5193	0.0129	-0.2519	0	0	-5.6517	3	0.1313	1	6.4620	3	0	2	0.0836	1.1665	2.6145	1.9427	-0.2061	0.9282	-0.5673	-8.4448	0	1	-1.3675	0.5096	-2.9734	1.8436	3	2.0487	2	-0.6950	1	3	0	1	0	-0.3824	0	3	0.4114	3	3	0	1.9288
0.1581	-0.0849	-1.9253	-0.1026	-0.3927	2	2	-0.2354	3	2	1.5913	2	-0.9575	0	1	-3.0956	-0.8243	2	1	3	2	0	0	2	2	-1.0234	0	3	3	2	2	2.2563	-1.8553	2.1113	3	3	-1.7339	-0.6477	1	0	1.3370	0	-2.7740	-1.2814	2.5935	1	-4.2855	2	6.3770	-0.5927	-0.7744	0	5.7993	1	-0.1776	-0.8955	-1.1743	1.3782	-0.2561	1	1	-9.6888	1	-0.1311	2	10.6426	1	3	1	0.8032	0.6605	-1.2270	3.9033	-2.6460	0.9157	-1.8681	-12.0914	2	3	-3.5054	1.4759	-4.2436	-3.7805	3	-1.4878	1	-3.9512	2	0	0	2	0	-0.0936	1	1	0.3229	3	3	1	0.1325
1.0263	0.5725	-1.9544	0.0885	-0.3806	1	1	1.3946	1	1	-1.5303	1	-2.3223	2	3	0.6204	-0.1231	2	3	1	1	1	0	3	3	0.6108	3	3	3	1	3	2.8777	0.6266	-3.7896	2	0	-1.0758	2.5852	3	0	-2.6336	3	0.6188	-0.6419	0.3932	0	1.5620	0	-0.7566	-1.2493	-3.0902	0	-1.7191	1	0.7934	1.9401	3.0572	-1.4641	-0.7683	0	0	2.8078	1	3.4477	3	-2.9728	2	2	3	-0.9429	0.4478	-2.2333	5.0895	3.2205	-2.5345	3.5976	5.3671	0	0	3.2584	-1.4251	-1.9967	-4.3833	1	1.0574	2	-4.2610	1	0	2	2	2	-0.9841	0	1	-4.9853	2	2	1	2.8876
-0.5525	-1.0075	-1.1097	-1.5291	-0.3257	3	1	3.5981	1	3	-0.7008	2	0.6039	1	3	0.1424	-1.1077	3	1	1	1	1	1	1	1	-2.2410	1	1	2	2	3	0.7740	-0.9355	-3.7379	2	3	1.8068	4.8000	0	0	-0.6542	1	-2.6922	1.1709	-0.3379	3	-5.0447	1	1.5611	0.7287	1.8541	0	1.9638	1	3.4100	0.5221	-3.1560	1.4864	3.5801	1	3	-3.6968	3	-1.0247	3	1.1962	1	3	0	0.1694	-4.1064	2.9157	-1.2106	0.6290	-1.2749	-4.6079	-8.0879	2	0	1.3637	1.6033	-7.3629	3.8848	3	-0.1547	1	-0.3321	2	0	2	1	1	0.1711	3	2	2.4663	3	2	3	-0.7447
-4.4099	-0.4794	0.5783	0.5030	-1.0382	0	0	0.9987	3	1	1.8544	3	-1.3550	2	3	0.2252	3.6398	3	1	2	0	1	1	1	1	0.4557	3	3	3	3	2	-5.4460	2.8671	-2.5297	1	3	-3.6667	8.0857	0	1	0.3378	0	-1.3339	0.4878	3.0818	0	-2.1008	2	-1.7961	3.0872	-0.0343	2	3.9943	2	1.8418	-0.9261	-1.8128	0.2932	0.2219	0	0	-3.0436	3	-3.0177	3	3.8813	0	1	0	-1.0889	-7.2892	-4.7939	-0.2947	-2.7655	-1.6578	-2.7060	-5.0495	0	2	0.9760	0.5629	-4.9328	-7.7832	3	2.4535	2	2.7399	0	3	3	3	2	3.1328	2	1	3.1463	3	3	1	-2.0392
-1.1700	0.8803	0.8405	1.5454	-0.9832	1	3	-2.1737	0	3	-1.7302	2	2.4831	3	3	1.6236	0.3569	1	1	0	0	0	3	3	1	1.8399	2	3	3	3	1	-0.1671	1.7208	-0.5500	1	3	-0.4390	0.8408	2	2	2.9992	2	2.6971	4.1667	-1.2067	0	3.5434	0	-2.5896	-2.0223	0.2652	0	1.3714	2	0.7252	-0.2687	1.1309	2.2241	-3.2493	3	3	-3.7357	1	0.0906	2	2.0085	0	3	3	0.2617	8.4586	0.7263	-1.2788	-0.3434	2.9321	2.4416	-3.6728	0	2	-1.4260	-0.2327	-3.0781	2.9886	3	1.1512	0	2.1220	3	1	1	3	2	-3.8039	0	3	-1.3148	2	3	2	6.8505
-0.4955	-1.9686	-0.3095	0.3350	-1.7273	3	1	-0.0843	1	3	0.5683	2	-3.0665	0	1	-1.2180	-1.9749	2	1	2	1	0	3	2	3	0.6871	0	3	0	1	2	-1.0759	1.2441	-2.0900	0	0	0.9416	1.7102	0	3	0.0979	0	-0.5187	1.2813	-1.3604	1	0.8720	3	4.5897	0.3529	-0.6977	2	2.9562	3	1.7611	1.2232	1.3767	-2.7941	-1.3970	2	3	-4.3339	0	3.1917	3	5.1903	3	2	0	1.4815	-2.8617	1.9976	3.6222	1.6272	1.9364	1.6840	-9.1214	2	3	1.0333	-0.9624	-5.7743	0.5228	3	-1.2629	3	0.3910	2	3	2	1	2	0.6667	3	0	-0.8445	0	1	1	-4.5005
-0.2251	0.4774	0.9992	0.9968	0.3443	0	0	-1.3274	0	1	-1.1853	2	1.9986	1	3	0.2698	1.0780	2	1	2	3	0	2	3	1	-1.9249	0	3	3	0	0	-2.1333	1.6264	-2.0611	2	1	-0.7358	1.5205	0	1	-1.8692	1	-1.9836	-0.9219	1.4796	2	-5.9320	2	2.7057	1.1015	4.0253	3	1.7873	3	0.4000	0.1420	-1.2436	-0.7843	-0.6553	1	0	-1.5065	2	1.5934	1	0.9734	1	0	3	-1.7425	-4.3969	-0.8922	1.3086	-0.8468	-0.3099	-1.8715	-0.2426	0	1	-3.5023	-0.5634	2.2948	0.8361	0	-0.6100	0	-1.1180	3	0	2	0	2	2.9666	3	1	-1.3893	1	1	3	0.5451
0.0118	-1.6763	-1.1408	-2.2091	-0.4106	2	2	0.2615	1	3	-2.5469	1	-3.4047	3	0	0.1038	0.8702	1	1	1	0	1	0	0	3	-2.1047	2	3	3	1	3	2.4478	-3.1404	-0.7588	0	0	0.6223	-1.8475	0	0	-0.4765	3	1.5179	3.0680	-2.2276	1	2.1418	3	4.2978	-3.0153	-1.5352	0	1.3766	1	-0.9299	2.2121	0.7950	-1.9115	-2.9595	2	1	0.2749	2	2.9265	3	1.6349	0	2	1	1.9744	2.8673	1.3710	2.4525	1.2947	2.3003	1.7874	0.0461	2	0	-2.9361	-0.0907	1.5698	-1.4417	3	-2.8458	0	5.1720	2	0	1	3	0	-0.5768	3	0	-3.7562	0	1	1	-4.0589
0.8972	-1.7184	0.9955	1.5726	0.1988	2	1	2.2266	1	2	0.3203	3	2.6140	2	0	-2.5120	-1.7938	1	3	1	2	3	1	1	3	0.8120	2	3	2	0	3	0.7523	-1.1699	-6.5125	3	0	-0.6747	4.6544	0	2	1.0864	3	-2.0665	1.9797	-0.1451	2	-2.5208	2	2.3863	-0.8676	3.1056	0	1.5257	2	-1.2971	2.5582	1.3621	-2.0203	1.5794	1	3	-1.4617	3	3.6414	3	-0.2584	0	2	3	-1.6538	-3.8396	1.6732	-0.1572	1.5335	-0.0189	3.8725	-0.3889	0	1	-1.9369	1.3865	0.2179	0.2310	1	1.1797	1	4.9372	3	1	1	3	3	0.8662	0	0	-0.2607	1	3	3	5.1504
0.8979	-0.3600	1.0165	-0.7901	-0.5426	3	3	-0.3955	0	0	0.2150	3	2.5576	0	3	0.6214	5.3745	0	0	2	3	3	3	0	1	1.4300	1	3	1	0	0	-9.2530	3.5165	-2.6645	1	0	1.5790	1.4026	0	3	-1.0134	0	-0.2280	0.7688	1.5402	1	1.8852	2	-1.9406	0.6842	1.9097	2	-2.2355	2	-0.1508	0.7472	-2.2581	0.4523	0.7090	3	3	2.9850	3	-0.3137	3	-7.6623	3	2	2	0.0588	1.1382	-1.6518	-1.7295	-0.4783	-1.4966	-4.3450	0.5697	2	0	0.8450	0.3088	4.6756	3.2269	0	1.8219	2	1.5398	1	2	1	3	2	0.9799	3	3	-1.9241	1	0	1	-2.3923
-1.1593	1.6512	2.0762	0.5034	0.8790	1	3	0.0392	2	3	0.3146	0	1.8011	3	1	-1.1935	-2.1249	1	1	3	2	1	3	1	2	1.6659	1	1	1	0	1	2.0204	2.7651	-1.7427	0	2	-2.2102	3.7794	3	1	2.6826	1	-2.4395	1.4569	-0.9035	0	-3.3653	2	1.6542	-1.8233	1.6568	1	3.0503	2	-0.4099	-1.5987	0.6569	1.2966	2.6393	0	0	-4.7279	2	-0.9577	3	3.1134	1	0	2	-2.9155	4.7904	3.5458	1.6577	1.6714	0.5129	-0.4060	-7.7620	0	1	-0.5627	0.8601	-6.2154	1.5049	3	-0.9917	2	-1.8657	1	1	0	1	2	-3.5106	1	3	-1.9009	2	3	1	2.7501
-2.2248	-1.8118	-0.3241	-0.5883	-0.2808	3	0	-1.8755	1	3	-2.4510	0	0.0036	0	2	1.4830	-1.4934	1	1	1	1	3	1	3	2	-1.2849	3	2	1	1	2	1.3584	3.2045	-3.5131	1	3	-1.5821	4.7990	1	0	0.7632	2	1.2317	-3.8291	3.3816	1	1.8940	3	-3.6568	-2.5314	-3.6790	2	0.0955	1	-0.7062	0.8683	3.3583	-0.8883	-3.5417	2	0	-0.0306	2	0.3070	3	-1.2937	3	0	3	-1.8425	3.9974	-2.3562	2.6825	0.3231	-0.4746	1.3034	0.6367	0	2	0.1250	0.0737	-1.3107	-5.5339	3	1.8270	2	-1.9870	3	1	0	2	2	-1.0583	3	3	-3.4565	3	3	1	-4.5250
-1.2498	0.7593	-0.3707	1.0179	-0.2156	1	2	-1.8334	3	1	2.5604	2	-0.4556	0	2	0.5339	2.6049	0	2	2	1	1	1	0	1	-1.1912	2	1	1	3	2	-2.0598	-1.2729	-2.3238	1	3	-1.7450	2.7998	0	3	1.7492	1	1.5566	-1.4792	0.2926	2	3.0180	0	2.3749	5.2402	-2.0344	2	4.8714	0	0.3566	-1.5714	-3.6028	-0.3083	2.4967	2	0	-5.1511	0	-2.0681	3	3.2425	1	0	0	-0.6980	-4.0827	2.1804	4.1301	2.2098	0.9013	-5.2931	-5.8160	0	3	-1.9055	-0.4146	-3.1005	-4.0400	3	0.6676	2	-0.2930	0	3	2	1	2	-1.2803	2	2	-1.7779	0	3	3	-2.1811
2.8339	-0.7532	-1.2585	1.5935	-0.2386	2	2	0.2830	1	3	1.9539	3	-0.2307	0	2	2.6941	1.8771	0	3	1	1	2	1	3	1	-0.6596	0	2	1	2	2	-0.5449	0.2698	-1.8620	3	0	-0.9368	-1.1571	1	0	0.5146	0	-2.1234	-1.8206	0.8176	0	-2.5816	2	-2.5127	2.6827	4.7285	0	-3.8562	0	-0.1909	-0.3008	0.9653	-2.5098	-2.2248	3	1	9.2197	0	0.4864	3	-8.3869	1	2	2	0.4246	-2.2957	-2.0823	-11.0598	-1.2300	-1.8312	3.3178	14.5446	2	1	0.9273	-1.5684	9.0918	-0.8375	1	-0.5493	2	-2.1771	2	3	3	1	3	-2.2076	1	0	14.4194	3	0	1	3.1437
1.0590	-1.4255	1.8007	0.1936	-0.5030	2	0	0.0267	1	3	-1.2338	0	-0.2975	0	0	0.5682	-1.3224	0	2	3	3	2	2	0	2	0.5634	0	2	2	0	1	1.8936	-2.2642	2.4305	0	1	-0.2116	-4.1603	0	2	0.2101	1	-1.8626	0.4113	-2.8029	2	-2.6193	2	-1.8098	-2.2086	-1.6724	1	-2.5401	2	-0.3483	-0.8500	-2.0428	-1.8961	2.3655	1	2	1.4441	2	0.1711	2	-5.1236	2	1	3	4.8215	-0.1556	3.8803	-2.8754	2.1652	0.2683	-4.8906	0.9915	2	2	2.9003	-1.3825	1.9240	3.3500	2	-1.9804	1	6.4039	1	1	1	3	3	-3.2736	1	0	-0.2411	1	0	2	0.0862
-2.1025	-0.4476	-0.0646	-2.2026	-1.1211	2	2	0.6958	2	3	2.9995	1	-0.2683	0	2	1.6604	-3.9850	0	1	0	3	3	3	3	2	-1.9224	0	2	1	0	1	6.0061	2.4188	0.4905	2	2	0.2290	1.4236	3	2	-1.8063	0	1.0157	0.5531	-2.1735	0	1.8532	3	2.5461	2.6015	-2.8383	2	4.8706	3	-0.2603	0.5337	0.8110	-0.1229	1.5241	2	0	-5.4284	0	2.1355	0	10.7423	0	3	0	-3.2406	-6.2229	0.5802	8.4313	-1.6798	3.4378	4.4304	-7.7170	0	3	3.4990	-1.1139	-9.0805	0.2662	3	-0.5176	2	3.9965	2	3	3	1	2	-1.6882	0	3	-8.5461	1	1	0	-2.9266
-1.0060	0.1481	-0.6535	-0.1799	0.0499	0	2	0.1772	0	3	-0.2012	3	4.4005	0	0	-1.2640	-1.2670	0	1	3	1	3	1	2	3	-0.0568	0	3	0	2	1	3.3596	1.6860	-1.5244	3	3	-2.9129	3.9683	3	0	-0.9028	3	1.5041	-1.7804	0.8581	2	2.7192	3	2.1162	-0.1426	0.4932	0	2.5249	0	-0.8116	0.9257	-2.5365	0.4689	-3.5299	3	0	-4.2463	2	2.6645	3	4.3749	3	1	1	-1.1071	2.2862	-0.1550	2.2425	1.9467	1.4575	-6.1484	-7.6775	0	0	-1.3393	-0.1461	-4.6995	-5.0288	3	-0.1845	3	-1.0036	1	3	2	2	2	-3.6060	0	3	-3.6457	3	3	1	1.1800
0.5641	-1.4296	-0.2673	-1.0386	-0.4678	2	0	0.5715	3	3	1.8104	3	-4.8941	2	0	-0.3239	-3.0055	2	1	2	0	0	2	2	3	-0.1121	1	0	3	2	2	1.4877	0.6611	-6.0713	0	2	1.0013	6.0541	3	3	0.2613	3	0.4378	-1.8519	1.0968	2	0.2949	1	1.3862	0.1033	0.0133	0	-0.2294	0	-0.7670	-1.0361	-1.7882	-1.8418	-0.4475	1	0	1.8697	2	-1.7142	3	2.0392	3	3	2	-2.3017	-0.7486	-5.4925	4.2315	0.3342	-1.2619	-2.8841	0.8667	0	1	0.3895	1.9527	1.7476	1.5772	3	1.3930	2	-0.2304	1	0	2	1	2	2.1262	3	1	-0.9787	3	2	2	-2.1715
-1.4503	-0.2588	1.7783	1.1067	0.8689	3	2	-1.1056	3	1	1.9873	1	-0.4317	0	0	-0.5792	-0.4220	2	1	2	1	0	0	0	3	1.0395	1	3	2	0	3	2.2075	1.2833	1.5757	3	2	3.8318	-0.5110	3	1	0.5536	3	-0.2964	0.7152	0.6368	2	0.1545	2	0.0363	2.0767	-2.9629	3	3.8399	2	1.0840	-0.0379	-0.2952	-1.8654	-0.1187	3	3	-4.9504	2	1.7647	2	3.5792	3	0	3	-1.1029	-5.8095	-1.7722	6.5341	-0.8738	-2.7415	0.5778	-7.1150	3	3	-2.6294	-2.0590	-4.1074	6.6893	3	0.3166	1	2.8249	0	2	3	3	2	0.7223	0	1	-6.2182	1	1	3	2.0314
-1.3939	-0.4828	1.3384	1.2086	-1.5489	2	2	0.5816	3	3	1.8110	3	-2.2182	3	1	0.3245	0.4174	3	2	0	2	0	2	3	1	0.3111	3	0	3	0	1	2.4642	-1.3381	2.1863	2	3	1.6654	-0.0147	2	2	-1.7629	1	1.4221	-0.3066	-1.0672	0	2.9595	1	-2.4618	4.6107	-1.1106	1	-1.2545	2	0.3071	-1.4947	3.9821	0.2483	1.3849	2	1	1.6019	3	-2.7093	2	0.0919	0	1	3	-1.3308	-7.9634	-5.6967	0.5849	2.2411	3.2940	6.6300	1.3009	3	1	3.1279	0.8217	-1.3754	4.1003	0	-1.3932	1	-0.9583	1	3	3	1	2	-1.1055	1	1	-3.0147	1	0	3	-0.5306
-0.4178	1.4800	-1.7741	-0.5812	-0.4997	1	2	0.7862	2	2	0.6620	1	-1.7693	1	1	0.2164	-1.7861	1	1	0	0	3	3	0	2	1.0811	3	0	2	2	0	4.7352	-0.1387	-1.2101	0	2	1.7909	3.0874	3	3	-1.3079	2	2.1366	3.1938	-2.1097	1	3.8407	0	-1.1323	1.2904	-1.6653	3	1.9252	0	1.0938	-0.5716	-0.5919	-1.6302	2.1986	2	3	-3.7815	3	-1.6774	0	2.9004	0	0	3	0.7507	-0.1664	2.7368	-0.2161	0.0845	0.9311	-0.1116	-4.2834	2	2	1.4497	-0.0482	-4.5264	-0.5535	3	0.3400	0	-0.2197	1	0	2	2	3	-0.0523	1	2	0.3347	3	1	0	-0.4276
-0.3207	0.7004	-2.3795	-0.2461	-0.5573	1	1	-7.3592	1	0	0.5681	3	-2.9145	3	1	0.1092	1.9884	0	1	3	3	2	1	1	1	-2.2395	1	2	0	1	2	-3.2916	0.0367	-0.3295	3	0	-2.7394	-0.2441	0	3	-2.5528	3	6.8922	-0.3348	0.7391	1	10.9627	0	4.0940	0.6949	1.7704	1	6.2505	0	0.7906	1.6045	0.9329	1.0966	-0.4988	3	1	-8.5259	0	2.7635	2	5.1668	2	0	0	3.0177	9.4762	-0.8198	-2.7515	2.2999	-0.0368	2.3873	-9.7784	2	2	1.3953	-0.8283	-7.7587	-2.6614	3	-0.7853	0	-0.1294	2	3	2	3	1	-0.1781	0	1	5.5703	0	1	2	-0.4898
2.9789	-2.2466	0.8524	-1.1075	0.0033	2	0	3.6506	0	0	1.4201	3	-0.8200	3	1	0.3340	2.0461	1	0	2	2	3	0	2	3	1.4752	2	2	2	0	3	-4.9891	-2.1792	1.1601	1	0	-1.8614	-4.1438	0	3	-1.3929	2	-3.6248	0.6072	-1.0799	1	-5.2274	2	-1.5510	0.9707	-0.1231	2	-3.3590	3	0.2465	0.4874	-1.7140	-2.0376	-2.6135	1	2	4.6351	3	0.5725	0	-7.6262	1	3	0	-0.5817	-7.0665	1.9286	1.3121	-0.5039	0.7367	-3.0020	8.4678	1	1	-0.0021	2.1999	8.8528	-2.3324	1	-0.2291	3	3.0659	2	3	1	3	0	0.7115	2	0	-4.6858	2	0	0	-1.0808
-1.4108	-0.4744	-1.2017	0.0211	0.0710	1	3	-2.5122	3	2	0.6477	0	1.5085	3	2	0.9643	-1.1077	3	3	3	1	3	0	0	2	-0.0235	2	2	0	2	3	-1.8917	1.6720	-0.8826	1	3	0.4136	4.4416	0	0	-0.4700	3	2.4863	2.4564	1.2373	0	3.3577	3	-1.5751	-0.4142	-1.9323	0	-0.5521	2	0.5939	-0.0260	-3.2151	-0.9465	0.3534	2	0	-1.3977	0	0.3160	3	-2.8074	0	0	1	2.5609	6.7710	-1.0513	-1.2325	2.2831	0.2257	-3.4787	-2.9874	2	0	-0.9218	0.9148	-0.0809	0.7021	3	0.7693	0	2.0307	1	0	1	3	2	-2.9868	1	3	0.4397	3	2	1	0.4464
0.7627	0.1746	-1.4982	-1.7512	0.5899	0	0	-0.9430	0	1	-0.1020	3	1.3059	0	3	-0.6448	0.3305	2	0	1	2	0	0	0	0	1.0202	1	1	1	1	2	-0.4106	0.1344	4.1766	0	0	-1.6750	-5.7358	0	0	-1.4635	0	-0.9455	2.5427	0.7125	3	-1.3012	2	2.7186	0.9171	5.4157	2	1.1099	1	0.8905	-0.7089	0.3522	1.6338	-1.8742	2	2	1.8954	3	0.4487	0	0.9659	2	0	2	1.8262	1.2933	-4.8799	-3.2556	-0.7042	-1.5291	0.8919	2.1408	3	3	0.5083	1.0833	1.7574	-4.3539	1	-0.7646	2	0.0068	3	2	2	3	3	1.7161	0	1	7.5192	1	0	0	-1.7206
2.1378	0.1484	1.8460	0.8640	0.8306	1	0	-1.5389	2	1	-0.0673	3	1.0750	1	1	0.2467	1.1195	2	0	0	0	1	3	0	0	2.4544	0	2	2	2	1	-0.1661	-1.7062	-0.8713	2	0	-3.3043	0.0679	3	2	1.0591	0	3.3533	-1.1683	0.5059	0	2.2999	3	-4.1567	2.3560	2.9396	2	-5.5886	3	-0.3758	-0.7620	-0.6043	-0.1861	-0.6144	3	3	8.6596	2	-0.1565	1	-8.4789	0	2	2	-0.3711	-0.9012	-3.8200	-6.0198	0.0509	-1.1091	-0.1710	12.7225	1	0	-2.5272	0.6815	8.5556	-1.9657	1	1.2317	1	-1.4764	1	3	2	1	3	-2.8492	1	1	2.5038	3	0	3	0.1140
0.4309	1.2308	0.4705	1.1954	1.9691	1	3	-2.2637	2	2	1.9514	0	1.0064	3	0	-0.8395	1.6955	2	3	1	2	2	3	2	0	-1.5267	3	0	1	3	3	-0.2210	0.2093	6.1593	1	0	2.6375	-6.6815	3	1	-0.6358	1	1.5035	-0.7497	3.6293	0	4.0199	0	1.0260	3.7013	-0.8325	2	0.6406	3	0.8302	-2.2590	2.1595	1.8858	-0.0775	2	2	-1.7835	0	-3.1753	2	-0.3023	3	0	0	-0.8948	-1.5906	-1.3011	0.9430	1.3710	-4.0434	2.2998	-5.2688	3	3	-0.5107	0.3424	-1.2295	0.3433	3	-1.0336	2	-1.2218	1	3	2	2	0	2.7791	1	1	-1.8335	2	0	2	1.9949
-0.1794	-1.7274	-0.0495	1.4520	0.1445	0	0	1.7579	3	2	-1.9695	2	-1.9627	0	3	1.8464	-1.8597	0	0	2	0	1	3	3	3	-0.1602	2	2	3	3	0	1.2783	-3.1475	0.2350	0	2	-3.3646	0.3871	3	2	-0.0575	2	-1.6854	-3.7038	-2.1708	0	-4.3525	1	-3.5611	-1.9290	-1.0634	3	-2.0302	3	-0.8264	-1.4416	0.5846	-1.8114	4.3625	1	0	-0.8708	3	-0.5029	2	-0.3711	1	3	1	3.9090	1.4244	5.6887	-4.0436	0.9183	0.0573	-0.5225	1.4375	2	2	2.6176	-1.7446	-4.1777	-5.6128	2	-1.9390	2	-0.7759	2	1	1	2	1	1.3225	3	2	4.7434	2	2	2	2.1315
-0.9325	-1.4417	-0.7432	-2.1420	-1.1750	0	2	0.0889	0	0	-1.4775	0	0.5816	1	2	0.4223	1.1768	3	1	3	3	2	1	1	0	-0.1644	3	0	2	1	2	-1.3935	0.0897	0.0750	3	2	1.5221	-0.6416	2	2	-2.9843	0	3.7313	-1.3239	-1.7965	3	7.9756	3	0.5287	1.1389	0.8819	3	0.4153	1	-0.3983	0.2398	-1.4575	1.5043	0.3462	2	2	1.0712	0	-0.5591	0	1.0143	2	2	0	-0.7049	-5.8542	2.0993	0.2438	3.7564	3.2936	-4.0158	1.8839	3	2	1.3060	-1.2637	0.5521	1.6224	1	-0.1168	3	-0.6677	3	3	0	2	1	-0.7245	1	2	0.3963	2	0	0	-4.4399
-0.7972	-1.4278	1.2689	1.3102	-0.7363	0	0	-1.6907	3	3	0.9654	0	-0.9872	0	0	-0.2627	-1.0676	2	1	3	2	1	2	2	2	2.2486	0	0	2	0	1	-0.0474	0.6474	-1.1866	1	1	0.2715	1.7814	1	2	-0.3754	0	0.7596	-5.8950	-0.3787	3	1.1147	3	-4.0658	-0.8266	3.1315	0	-1.8262	2	-0.0032	-0.6716	-3.6212	-3.3359	-0.7095	2	0	1.7382	3	-1.0794	1	-4.2635	3	0	0	0.2471	2.1813	-2.7665	-7.3826	2.1060	0.4448	-5.1359	2.4287	0	0	-1.6144	-0.7256	1.0277	0.9311	1	-0.3573	2	-2.8287	3	1	0	0	3	-0.2976	1	1	9.6476	2	3	3	1.8767
-0.2613	-2.0446	-0.6426	0.9524	2.5487	3	1	-0.1516	2	3	1.0696	0	-0.0660	3	0	-1.4894	-0.0243	1	3	1	0	1	2	0	2	0.1480	3	0	3	0	0	1.8877	-2.3970	0.5387	2	1	1.0820	-1.3817	2	3	-0.1228	1	1.6306	3.2666	4.6742	0	3.3197	3	5.5554	1.9162	0.6970	3	2.5712	1	0.1639	-1.8201	-0.0946	-0.5949	-2.6966	3	2	-3.1217	3	-3.6774	0	5.4973	0	1	3	-2.9985	-8.4022	-4.5561	6.2234	-0.5454	-3.0194	0.7162	-4.8410	0	2	-6.3928	-1.5404	-1.7268	-1.0263	3	0.0604	0	4.5240	1	2	1	1	0	-0.0368	1	1	-6.7397	2	1	3	3.1428
-3.5689	-0.2609	-0.2991	-0.2366	0.3518	2	2	-0.4830	2	2	-0.9673	0	3.0029	3	0	-0.5256	-0.0106	0	1	3	1	3	1	2	0	0.9339	0	3	1	3	0	-0.3154	-1.8491	-0.8441	0	3	-2.6203	3.4482	1	1	0.6378	1	0.4170	-2.9304	-4.5540	1	2.7454	3	-2.2793	-3.1033	-4.4155	3	1.5521	0	0.8995	-0.0036	0.4375	-1.0260	2.3659	2	3	-3.4220	0	-1.4026	3	1.3898	3	0	3	-0.8615	5.6816	5.8178	2.8366	-1.8584	2.1970	-0.4532	-5.6110	0	0	-1.3718	0.1197	-6.2004	-5.0287	3	0.2502	2	-3.0310	1	1	0	1	0	0.8258	1	2	-3.8884	2	3	0	-1.0315
-1.3849	-0.9925	-1.8814	2.0558	-2.2995	0	1	0.5612	2	1	-3.5311	1	-1.8396	3	0	-0.4643	-1.1166	2	2	1	2	0	0	2	2	1.1245	2	1	1	2	2	0.6494	-0.9971	3.3558	0	3	1.7739	-0.8805	3	3	0.8718	2	3.9492	-3.3066	-3.6890	3	5.3122	3	-0.9814	-5.8513	-1.9413	3	1.0708	0	0.4026	0.0976	-0.6857	-4.3115	2.4450	2	2	0.4813	2	1.1689	0	3.1751	3	3	3	-0.5620	9.1361	0.6553	1.8403	4.9263	3.3447	-2.6537	2.0410	3	3	0.9476	-1.2507	-0.7167	-0.6600	1	-1.1996	3	-1.5997	3	1	1	0	1	0.8353	3	0	-0.3553	1	3	0	4.4691
0.3366	-2.3102	1.1926	-1.3989	-0.9013	2	0	-1.5864	1	2	0.5324	0	-1.1360	1	3	2.1456	1.7538	2	2	2	1	3	3	3	1	0.3532	0	2	2	0	0	-3.6984	2.2527	-0.2838	3	0	0.1408	1.0624	0	2	0.5426	1	-0.1627	1.4389	-0.2556	1	-1.2411	2	-2.2366	1.6880	-0.0688	0	-2.4385	2	0.9485	2.2301	0.6320	-4.6554	2.1727	0	1	5.5783	2	6.1580	3	-2.8130	0	2	1	0.4103	-6.0080	-2.5854	-3.4338	-1.2678	1.7952	0.3251	3.7160	2	2	0.4982	0.9215	4.9668	0.3915	1	1.1020	1	4.0295	3	1	1	3	1	1.6766	0	3	4.3914	1	2	1	0.2140
-0.0940	-1.6220	1.2069	1.1146	0.4675	0	3	0.6609	2	3	-0.8149	1	-2.8693	0	2	1.3547	-1.8844	3	0	2	3	1	3	3	3	2.9542	0	2	2	0	2	0.1149	0.0251	3.0985	0	2	0.2360	-3.6465	1	1	0.0825	1	1.7729	-1.5633	0.4874	3	2.5098	3	-9.2752	-0.5478	0.0618	3	-6.6002	2	0.9395	0.9553	-1.1624	-1.3081	0.2640	3	2	12.6849	0	0.9759	0	-9.2846	2	2	2	-1.8869	-3.4209	-1.4838	-5.2590	2.3993	-0.9094	-1.8121	16.7258	3	0	-0.2311	-0.6708	13.6107	-0.8200	1	-0.3135	1	0.7798	2	2	1	0	1	0.1858	2	0	0.2727	1	0	0	1.4164
0.9050	0.9456	-1.2497	-0.4866	-0.1363	3	0	-2.0674	0	3	0.0002	2	2.7339	0	0	-1.2721	-2.3528	0	3	3	1	3	2	0	2	0.8788	0	2	2	1	3	4.4346	-0.4141	2.4171	2	1	-2.0875	-4.1059	2	1	-1.0134	2	1.3812	-3.1216	-1.6418	3	1.3158	0	0.6585	-0.9458	0.1523	0	-2.6589	1	0.2151	2.7996	2.7402	0.8530	4.4436	2	2	4.7683	3	5.0853	0	-3.4196	3	2	1	-0.4856	4.6061	1.5276	3.1983	-1.5359	-3.6433	3.3104	6.3114	3	1	2.2061	-0.7964	4.7497	-2.0474	1	-1.9223	1	-3.4449	2	0	0	2	0	-1.3753	3	2	-8.1569	0	2	2	-2.4114
0.7085	0.7176	-0.4669	0.2985	1.6686	1	2	0.7683	0	1	2.6510	1	2.5196	0	0	0.1199	-2.4438	2	1	0	3	1	3	2	2	-0.4643	1	1	3	0	0	6.0406	-0.6133	1.8254	3	2	-3.2362	-2.4059	3	2	-1.2881	3	0.5987	1.1217	4.5328	2	1.3161	0	-2.0233	3.6672	-1.0868	0	-2.5557	0	0.3950	-2.5915	-0.9734	2.5495	-4.4288	3	2	3.0395	0	-2.8929	2	-3.0401	0	3	3	-0.8031	-3.8814	-5.2145	-1.9285	-0.5393	-0.6554	0.5873	5.3990	3	1	-2.5103	-0.4398	4.3930	-3.2392	1	2.1340	2	0.1011	0	3	3	2	3	-0.3812	1	1	2.1047	0	0	3	4.9202
-0.3966	-0.9127	-1.6224	0.3279	-0.0548	3	1	-2.6437	2	1	-2.4764	3	-2.2406	0	2	0.4772	2.3288	1	1	2	1	3	1	0	1	-0.3151	2	0	3	1	3	-6.4763	-4.2723	3.5733	3	0	3.7377	-5.6935	0	0	1.4703	1	2.3110	-1.9386	-1.0406	0	1.9224	0	1.6161	-1.1141	-0.5962	1	3.5523	1	-0.5824	-3.2247	-0.7208	-2.9997	-2.0052	2	2	-5.3117	0	-4.9845	0	6.7215	1	0	2	4.4135	4.7982	0.5205	-3.2484	-1.8832	2.5388	-1.0470	-8.8245	3	3	2.0980	-0.4714	-6.4676	4.7830	3	1.3317	0	-1.5031	2	2	1	3	1	0.8854	1	0	7.0744	0	1	0	0.3267
2.4572	-1.1948	0.2896	-0.8110	-0.1763	3	0	-0.8272	2	3	1.0995	3	3.3454	3	0	-2.6403	-0.3962	2	3	2	0	2	1	1	0	1.1387	3	3	1	0	1	-1.5251	-1.2190	2.2025	2	0	-4.5883	-5.2526	2	2	-2.9947	2	-1.0949	1.4256	-3.9478	0	-1.3119	2	3.3656	0.4570	5.1128	1	0.4553	2	-0.5622	-0.2229	-2.2819	-2.4495	2.1365	0	2	-0.3264	1	-0.4971	2	-0.3589	0	0	2	-1.5517	-3.1999	1.1823	-1.8844	-0.3809	3.0691	-2.8852	0.0325	3	3	-5.3649	-1.9428	-0.3358	-3.0934	1	0.8962	2	3.5152	0	3	1	3	3	1.5823	2	0	4.4648	0	3	2	-3.0147
0.8252	-0.8294	2.1224	-0.7910	0.7581	0	3	1.1189	1	2	-1.4536	1	-6.0221	2	2	-0.4171	2.0401	0	3	0	0	2	1	0	1	0.4518	0	2	3	0	1	-3.0237	-1.7666	2.0399	1	0	0.7067	-4.2331	0	2	3.3064	0	0.6838	-0.6342	1.5718	1	1.3933	0	-3.3826	-1.3516	-4.8077	2	-4.0253	3	0.9347	-1.8430	-1.2186	-0.0115	-0.6347	3	2	6.6490	2	-0.0096	1	-8.0063	1	1	1	0.9784	-0.3606	-1.3447	3.4268	-1.0736	0.5512	-0.0648	11.0545	3	1	0.0220	-0.9601	8.3605	1.4150	1	1.8673	0	3.7019	3	1	1	3	0	-2.2344	3	1	-10.2585	2	2	3	-0.1369
-0.5327	-0.0062	0.8554	1.4577	0.6846	3	2	0.2457	1	3	2.9322	0	-0.7457	3	0	0.4785	0.2272	3	1	3	3	2	0	0	1	-1.0329	0	3	0	0	1	0.5075	1.4329	-1.0540	2	3	0.7320	1.5886	3	2	-2.0277	0	1.2166	-0.8378	2.1788	0	2.3005	0	-0.2789	3.0152	-0.3232	0	0.9278	2	-0.9834	-1.3965	-1.6208	-1.3306	-2.9301	2	1	-1.1097	2	-1.6369	1	3.0079	3	3	0	-0.3345	-4.2575	-1.6110	3.0703	-1.2768	-1.2247	-2.7228	-2.5233	0	1	0.1720	-1.3001	-1.6484	-2.3227	0	1.2611	2	-0.1646	1	3	3	1	2	0.3358	1	1	-3.3204	1	0	1	0.4217
1.2832	-0.4557	1.3094	-0.4230	0.6058	2	1	-0.4828	3	3	2.3706	0	-1.2620	1	0	-0.6544	-0.2398	3	3	0	2	3	2	1	3	-0.6388	0	1	1	0	2	-0.7777	-0.8116	-1.9867	2	1	-1.3428	-0.5181	1	2	-1.5278	1	-0.9211	-3.1095	-1.5003	2	-1.1635	2	2.2324	2.6540	4.4223	2	2.7275	1	1.1545	0.7593	-1.0256	0.3800	2.4926	1	0	-2.2572	2	-1.2495	3	6.1988	1	1	0	-1.0913	-5.5675	4.1469	-1.0281	-0.1492	1.1222	-2.6642	-4.8864	0	3	0.1056	-0.3701	-1.0374	-2.5600	0	1.1902	2	0.7761	3	3	3	3	3	0.6493	0	2	2.5137	1	1	1	-1.1475
2.0015	-2.0003	0.2094	2.6056	1.2151	2	2	0.4219	3	0	-3.7041	2	0.2788	0	3	-0.6665	0.9772	2	3	3	3	1	1	2	0	-0.2613	0	1	3	3	2	1.9201	1.9103	-0.3754	3	2	0.6186	-3.4313	3	0	2.9164	2	1.7245	-0.9552	3.2859	0	3.1218	3	2.3115	-5.3517	-2.3244	1	-0.7995	0	0.1964	-0.0978	-0.0914	-4.6022	-3.2766	3	2	1.9984	1	-0.8542	1	-1.8707	0	0	0	1.0455	1.2240	-0.2088	2.0562	-2.2834	-4.6560	0.6477	4.3030	2	3	-4.2758	1.4656	3.1128	1.6707	1	1.0247	2	2.8952	3	1	1	3	2	0.2666	1	0	-2.1930	2	3	3	3.0917
-0.1321	-0.1893	1.5132	0.4564	-1.5927	0	3	1.2817	2	0	-1.4091	3	-0.3698	2	1	-2.5633	-2.3511	1	2	2	1	0	2	1	3	0.5858	0	1	1	0	1	3.8211	0.6927	2.5616	0	0	-0.1028	-2.7988	3	2	-4.5553	1	-2.7850	-0.5485	-1.2418	0	-2.9266	2	3.0324	-2.6502	-1.7445	2	1.6550	2	0.7899	0.3358	1.4320	1.7928	-1.3250	0	2	-1.3255	1	-0.4249	2	0.9687	3	1	2	-0.1770	-1.5084	-4.6504	5.0382	1.4961	1.8674	2.0425	-0.0860	1	0	0.5254	-0.0066	-2.3580	1.5555	0	1.0284	2	-0.9596	2	1	0	1	2	0.4349	2	1	-6.1211	1	3	2	2.8209
-0.6885	-1.3643	-1.7759	0.5196	0.6338	2	0	0.7797	3	2	-1.7386	3	-3.9934	3	0	0.9266	-2.2705	2	0	2	2	0	3	3	2	-1.6635	3	2	3	2	3	-0.5200	3.1190	2.6954	1	2	1.0355	0.8103	2	0	2.3502	3	0.3834	2.2940	1.0325	0	-0.5075	3	3.6169	-2.4336	0.4050	0	2.3239	1	-0.2981	1.9052	1.1858	-1.1695	-0.2848	1	3	-3.3760	0	3.6931	0	4.8611	0	2	2	1.3129	1.2841	0.5178	2.2215	0.1425	0.7038	0.8726	-6.0691	1	1	5.4307	-0.0728	-11.5089	-0.1623	3	-0.6480	2	5.1137	3	1	1	3	2	-0.2558	3	0	-2.8472	3	1	0	-0.4721
-1.5962	0.8220	-2.5744	0.2216	0.2796	1	2	0.2745	2	0	1.5497	0	3.9056	1	0	-2.1099	2.3223	2	0	0	1	0	2	1	1	0.2118	3	3	0	2	2	-1.3404	-0.5688	1.2516	0	1	1.9033	1.7756	3	0	-2.3505	0	1.8096	-0.5625	0.0198	2	3.8214	0	0.8173	3.2220	2.7773	0	2.2172	0	0.0413	2.3587	2.9189	-0.1561	2.1478	2	3	-2.2405	2	2.2112	2	0.6739	2	2	1	-0.8297	-6.1877	0.5092	-1.7797	-0.9009	-1.4131	4.3226	-3.5545	3	0	-2.9375	-0.7252	-1.3288	-1.5145	0	0.3699	3	-3.6167	0	2	2	2	3	-1.4424	0	3	5.1101	3	1	0	2.6764
0.2069	0.9470	0.0927	0.0221	0.4544	1	3	3.5808	0	0	1.0286	0	-0.1428	0	1	0.6832	3.6085	1	1	3	3	2	3	3	1	-1.5293	0	2	0	1	2	-6.3269	-1.0060	-3.5256	1	1	-0.9139	4.1180	1	1	-0.1488	3	-3.1157	-0.4180	2.0909	1	-4.2293	1	1.2708	3.2807	2.8330	3	1.2164	0	-1.5341	2.6650	0.2972	2.5678	-0.2621	0	0	-1.0626	2	3.7349	3	-0.1226	1	2	0	0.0103	-6.6535	-0.7875	-3.2391	1.2496	-4.8966	-0.4048	0.0747	2	2	-0.2391	0.1658	2.0435	-0.9792	1	-0.6103	3	-1.5170	3	2	2	3	3	-1.5839	3	2	4.7648	2	1	1	1.2789
0.4623	0.0977	2.3461	-0.9977	-0.1560	3	3	-2.9748	3	2	2.9278	1	-0.6858	3	0	-0.2174	0.3577	0	2	1	3	2	0	0	1	-0.7119	1	2	2	0	3	-1.3671	0.1153	0.6265	1	3	1.5242	-1.1136	3	1	3.1929	0	1.3421	0.2167	0.7451	2	3.9966	0	-1.1168	5.3277	-1.4420	2	-0.9897	2	-0.2179	-1.9332	-3.2635	-2.3308	0.2760	3	1	1.1289	2	-2.5328	2	-2.9282	3	0	1	0.2882	-8.3865	-5.2140	0.4728	-3.1196	-1.8879	-2.8440	4.0951	3	3	-4.2873	-2.6012	0.0749	5.4808	1	0.4641	1	1.6750	1	3	3	3	3	0.8788	1	1	0.7068	3	0	2	-2.0868
0.1783	0.4356	0.5358	-1.1137	1.6330	1	2	1.9545	2	3	0.5200	1	-1.5386	2	2	0.7808	-2.8857	1	0	0	1	3	2	1	2	0.7829	3	0	1	0	3	6.7994	-2.0360	-0.0736	3	1	2.1443	1.3319	3	1	-1.1813	3	-0.6980	-2.5020	4.0238	2	-0.7451	1	-2.9831	-2.9724	-2.8468	2	-2.3400	2	-1.4765	2.7591	-1.5767	3.7595	-4.4049	1	0	-0.6975	0	2.9991	0	-2.6723	1	2	3	1.2224	3.1949	-6.8293	1.4275	1.3070	-5.1579	-1.6126	0.6970	2	2	2.4809	0.0494	-1.6394	5.7422	3	1.8039	2	-2.9046	0	0	0	2	0	-0.3106	3	1	-3.2210	1	2	3	-1.4386
-0.8653	-0.7824	-2.0740	0.9589	2.1365	2	2	-0.0312	3	2	-1.4312	2	-1.0310	2	2	1.3295	-1.6553	2	0	3	1	1	2	0	2	0.0575	3	1	1	1	3	0.6563	0.9258	0.4888	0	3	3.4265	-2.6545	2	3	4.0964	1	-2.4668	-0.9002	4.0160	0	-3.6403	2	-3.2658	-5.5797	-0.3679	3	-0.6140	0	0.4765	-2.6423	-2.1909	-1.6217	-0.3988	0	2	2.8047	3	-5.6833	0	5.6595	0	3	1	1.1248	10.0648	-1.5367	-6.2871	-1.4947	-1.8107	-1.7812	2.7085	2	3	0.6595	0.0170	-2.2998	1.4494	1	1.8053	3	-3.4321	1	1	0	2	3	0.2942	1	0	9.5988	1	3	0	-1.2737
2.2089	-0.9224	-3.0548	1.9644	-0.1865	2	1	0.6598	3	0	-1.2801	1	-1.5089	1	0	-1.4526	1.3045	2	0	3	3	2	1	1	0	-0.5682	1	1	2	1	1	-1.3492	-0.0616	-1.7011	0	0	-0.6715	-0.9946	3	0	-3.7652	1	-2.4985	-2.6360	-3.4456	0	-2.2975	2	3.5198	-0.9352	2.9080	0	1.1138	0	-0.5560	-1.1331	1.7453	-1.2105	0.2922	3	2	-1.0500	3	-2.3100	1	1.2877	3	1	0	-1.4886	-1.0194	2.7302	2.8750	-2.2467	2.0395	1.8578	-3.0298	0	0	-1.3624	-0.8279	-1.5906	-4.4196	3	-0.9810	1	-1.6076	3	0	1	3	0	2.1927	1	2	-0.5496	0	2	3	1.1633
-0.5775	1.5153	0.5921	-1.1690	-0.5640	1	3	0.9589	2	2	1.1707	1	0.4779	2	2	-0.5097	-0.1264	3	2	0	2	3	0	0	1	-1.6616	0	0	3	1	2	0.5780	-1.4734	1.4840	2	3	0.8595	-2.9172	0	2	-0.8106	1	0.9560	-2.3917	-0.0945	1	2.5357	3	3.6054	1.9605	1.2383	1	4.5292	3	-2.9141	-1.1616	0.6115	-0.0697	0.9363	2	2	-7.8784	0	4.1745	0	6.0780	1	1	0	3.6759	-1.5491	-0.1444	-0.6133	0.0200	-1.0092	0.3863	-8.3156	2	2	2.3760	1.5144	-11.5727	2.2970	3	2.9018	0	-1.8832	1	3	0	2	0	-1.1758	3	0	2.2422	0	3	1	-1.5931
0.3485	0.6104	0.6307	-1.1478	0.2676	1	1	0.4338	0	1	1.3550	0	0.7177	1	3	0.3604	2.2979	0	3	0	3	0	3	3	1	0.3789	3	3	2	2	3	-3.2006	-0.8472	-0.7822	1	2	2.6896	1.7749	1	1	0.4395	3	1.3544	-1.0686	0.1072	1	2.0125	0	1.5127	2.5300	1.8374	3	-2.1705	2	-0.7621	0.3577	0.7996	-1.6516	-1.7104	2	0	1.0488	3	-1.2519	1	-3.3085	1	0	0	3.4025	-8.0309	0.8198	-2.9931	-0.6718	-2.8278	0.4825	1.2332	2	1	-1.9505	1.0396	0.3387	2.7340	1	-2.3410	1	-4.1600	3	2	0	2	3	-0.3011	2	0	2.3828	3	0	2	-2.5502
-1.1737	-1.5833	-1.0287	-1.3311	1.1634	0	2	3.2253	3	3	3.0300	1	0.7516	0	3	1.4566	-0.0636	1	2	2	2	1	2	3	2	0.6682	1	2	1	2	1	0.5521	2.3878	-3.3103	2	1	-3.5000	7.5304	3	0	-0.1080	2	-1.0699	-0.0078	2.0615	3	-2.6208	1	-4.6960	3.3038	-1.2211	0	-1.0579	1	-0.0187	0.1422	-0.1593	-3.1945	-3.2275	0	0	3.7430	3	-0.0786	3	-0.9168	2	1	3	1.4114	-6.4278	2.2051	-2.1831	4.4391	-0.0946	0.4357	4.6568	2	0	1.1547	0.9885	4.8680	-6.0672	1	-0.6114	2	0.8653	0	3	3	1	3	1.5505	3	3	2.3216	3	0	0	-4.5454
-0.1345	0.2817	-1.3147	1.6374	-1.1330	3	2	-0.0560	3	1	-2.2963	0	-4.3965	2	1	-1.3390	0.1592	3	3	3	3	1	0	3	0	-0.2554	1	1	1	2	3	1.9477	-1.8153	-2.5616	1	3	-3.2917	4.4921	3	3	0.7629	2	2.7460	-1.4659	-0.6180	3	4.5186	3	0.7360	-2.5710	-0.1511	3	1.0825	0	0.2376	-0.6806	0.1329	-2.9456	2.5392	2	0	-3.0449	1	-3.3840	3	-0.1227	3	3	1	-3.0611	3.1429	1.4158	5.6671	2.8419	0.1518	-0.6827	-4.0636	0	2	-3.0996	0.6504	-2.0922	-5.3401	2	1.2296	0	-5.4121	1	0	0	2	0	-1.0899	1	0	-12.4566	2	2	1	1.4085
0.3098	-2.7779	1.6179	0.8599	-0.5722	2	2	1.6388	2	0	-2.8765	3	-0.7796	3	1	-1.2524	1.6653	2	2	2	0	3	2	1	2	-0.4384	1	1	0	0	2	-1.6682	-0.0660	1.7327	1	1	-3.7343	-3.6840	3	1	0.9934	0	-0.5456	-0.2980	-3.0656	1	-1.4112	1	2.6434	-7.9043	0.5929	2	2.3532	2	-0.4693	-0.1899	-1.7954	-1.7495	-0.4067	1	2	-3.8035	1	2.0272	2	1.2200	3	3	2	0.6221	2.3731	4.5856	1.1342	-1.2158	0.0689	-3.3413	-4.4857	3	2	1.2188	-0.2030	-3.8044	-4.7617	3	-0.8788	2	1.7851	2	1	1	3	0	2.5822	3	0	-0.1382	1	3	3	2.8754
-0.5835	1.2312	0.0128	0.6622	-0.2069	0	3	1.5438	0	1	1.2225	1	4.1034	3	0	-0.0380	1.8032	0	0	1	3	2	3	1	1	-0.4746	0	1	1	0	3	-2.8795	-2.6034	-0.7710	1	2	-3.2897	-0.1120	2	0	4.7199	0	-0.6119	0.1193	1.9471	2	-1.3932	0	2.0872	0.8425	0.3789	0	3.0891	0	0.2168	1.3621	0.3405	0.9573	0.8008	1	3	-5.3647	2	1.8717	3	5.0295	0	2	2	-0.9812	-1.4707	-6.1372	3.4931	-3.4749	-0.2423	-0.9491	-6.1996	1	2	0.6025	0.2025	-6.3499	-4.3666	3	0.7600	2	-0.7069	1	3	0	1	0	0.8260	3	1	-4.4242	1	1	2	1.1922
-0.2361	-0.3057	-0.0994	1.0631	-0.7314	1	2	3.3293	3	1	0.2186	1	-0.9563	1	1	0.5794	1.4106	3	3	3	2	0	2	3	0	-0.8759	2	3	1	1	1	-1.5143	0.4039	0.8627	2	1	-0.2632	-3.8813	0	0	-1.8985	2	-5.1335	-0.9972	-3.8948	0	-7.4861	2	0.1808	1.1816	-1.6662	1	0.8355	3	-1.0138	-1.0265	-2.0618	1.8938	2.3333	0	2	-2.8257	2	1.2703	0	1.1001	1	1	3	-1.5567	-5.5050	3.4935	3.5242	3.6790	2.8996	-3.8716	-5.9816	3	3	1.3610	-0.2624	-3.3145	0.2187	3	-0.4279	0	-2.8959	1	3	2	2	2	1.4875	1	2	-2.7531	0	2	0	3.0115
0.1358	-0.1872	0.6673	0.3475	0.3628	0	3	-1.4536	0	0	0.2220	3	-0.1556	3	3	1.3068	3.9774	1	0	0	0	0	3	3	1	1.1402	0	0	3	2	3	-4.9921	0.9220	1.3936	3	3	0.9885	-0.8515	1	2	-0.4357	2	0.8310	-1.1320	3.4344	3	2.5519	0	-1.9278	-0.6907	0.1544	2	-1.0118	3	-0.0228	-1.9676	-1.6103	0.1977	-5.9407	3	0	1.2344	3	1.6209	0	-2.1116	3	3	2	1.5105	4.6174	-3.5443	-3.2048	-5.6188	-1.1724	-3.3255	2.7360	2	2	4.1155	-0.2644	-0.8548	3.2584	1	0.7491	0	1.2856	0	1	0	3	1	-0.2891	0	1	3.2550	3	2	0	-1.3376
-2.2652	-0.5722	0.5185	-0.3748	-0.2674	0	0	-1.1302	0	3	0.8993	1	2.4175	0	0	-0.2638	2.1281	0	1	2	2	3	2	2	1	-0.0328	3	2	1	3	0	-2.4699	2.5476	2.8285	2	2	-2.8979	-0.0339	0	2	-1.0183	0	-0.4150	0.6344	-0.2641	2	-0.7818	2	1.6668	1.0684	-3.8298	2	3.3551	2	-0.3426	-0.3620	0.0282	1.3007	0.9204	0	1	-7.1686	2	-4.8047	0	2.0806	0	0	3	1.4666	-4.7533	-1.2477	4.3378	0.9343	1.5152	1.5849	-9.9547	3	2	-3.9497	1.2965	-6.2375	-3.6399	3	1.3605	1	-0.0099	0	2	0	3	2	-1.2314	1	3	-5.0948	2	1	0	-1.2808
-0.9817	-0.6816	-0.0438	1.6915	0.6935	0	2	0.6831	3	1	-0.3453	0	1.6105	0	2	2.8434	2.1492	3	2	3	3	0	0	3	1	0.2029	3	2	2	2	1	0.3858	1.7298	0.6511	0	3	-0.0431	0.8027	1	2	-0.3678	1	2.6230	-3.3221	0.2844	0	2.1629	3	-2.0109	0.6862	0.4434	1	1.5854	3	0.1084	1.8642	1.8219	1.3198	1.0264	2	0	-2.0035	0	3.6111	2	2.0960	3	2	0	1.0060	-3.2993	4.2360	-3.8101	-0.2296	2.6511	1.6868	-0.2176	3	3	4.8671	-0.3702	-5.8505	-1.0171	2	-0.5920	3	-1.8577	2	3	2	2	3	0.3287	0	2	5.2592	3	3	2	6.3396
-1.3693	-2.1111	-1.3475	-1.1187	-0.7884	3	2	2.7378	0	0	1.4711	1	1.4507	0	3	0.5573	3.2915	0	1	2	1	3	3	2	1	-0.6130	3	0	2	1	1	-2.3964	1.6980	1.8091	2	0	-0.8635	-1.8270	2	3	-1.7119	3	-3.6235	2.5330	-1.1769	3	-3.0093	2	0.5527	2.8439	-4.4263	1	-0.7342	0	0.4105	-1.0471	-2.0620	-2.2269	-2.3372	1	2	0.2631	1	-0.7606	0	-3.7021	0	3	2	2.0591	-8.9321	-1.7857	4.9006	0.0856	1.3470	-3.8754	-1.2704	3	2	0.4158	0.3403	1.0300	0.0294	3	0.2380	1	3.2998	2	3	3	3	2	-1.9296	1	3	-6.7075	3	0	2	-3.6143
1.9315	-0.1858	0.3436	-0.3111	-0.0691	2	2	2.5462	3	1	2.7402	1	-0.4691	3	1	0.3314	1.4528	0	0	3	3	1	2	0	1	-1.1024	2	3	3	1	0	-0.9258	-0.1830	2.5565	2	1	0.1317	-6.6400	0	2	2.0280	3	-3.3830	0.9913	-0.3478	1	-4.5054	2	-1.2443	3.1524	0.8481	1	-3.9737	3	0.7032	3.3763	0.9954	2.0283	0.5073	1	2	4.7747	2	3.6984	0	-6.4498	0	2	3	0.1209	-8.2546	1.5438	-2.5278	-1.1442	-1.3522	-0.4291	6.5841	3	2	1.4735	1.2267	6.1440	-0.7130	1	-1.1922	0	-0.3736	3	3	3	0	3	-0.8468	3	3	-1.8341	0	0	1	1.8020
0.4593	0.8726	-1.6311	-0.9653	-1.2155	1	2	0.0070	2	3	-2.9817	2	-1.3243	1	2	0.3086	-1.8933	2	3	0	1	1	3	3	2	0.0702	1	1	0	1	0	5.1576	3.0173	2.6404	1	2	-1.4389	-4.3728	3	0	-0.2866	1	-1.6205	-2.4573	4.8325	1	-3.1224	1	-0.3284	-2.3384	1.3020	0	-0.1138	0	-0.2842	0.1797	-0.9016	-0.3733	-2.8503	1	2	1.4508	0	-0.1357	2	0.6914	1	0	1	0.1632	3.8656	-8.2731	-1.5343	0.6166	-4.7054	0.0115	-0.1277	3	2	0.4851	0.3289	3.2859	-3.8281	0	-1.8678	1	-2.9494	2	0	2	2	2	-2.9620	0	3	-1.2817	0	2	1	-1.6572
0.6380	-1.7181	0.7775	-2.8202	0.8369	2	0	-1.4184	3	2	-3.2117	3	1.4181	1	1	0.4479	-0.0493	1	1	2	2	3	0	3	0	0.0821	3	0	0	0	2	0.2080	0.8519	0.1190	3	3	-0.3907	-2.7264	1	1	-0.6568	1	-0.1956	-0.3029	2.8545	1	-0.9729	2	-1.3630	-4.8911	1.1129	2	-0.7112	3	0.3105	0.4182	2.6968	-2.1757	-6.7064	2	1	5.4889	3	-1.0964	2	-2.9245	0	3	0	-0.9032	5.3894	-1.6004	-1.6915	2.5754	-2.7248	3.2800	8.9104	0	0	4.0838	2.1484	3.7550	0.4384	1	0.8193	1	-1.6088	2	1	0	2	0	0.8971	2	1	-0.8607	2	0	3	-3.1347
0.4854	1.3520	-1.4963	-2.1417	-0.7535	1	0	-0.7049	1	2	-2.9416	1	-1.3484	3	2	2.8170	1.7414	3	3	0	3	3	2	3	0	-0.5636	0	0	2	3	2	-2.8347	-2.3911	1.4536	2	2	-2.8451	-2.6848	1	0	-2.1905	2	-0.4474	2.3808	0.6597	1	-2.0832	3	-5.4560	-3.6953	-2.7980	1	-5.8739	0	-1.2913	-0.3317	1.8247	2.6641	-1.7981	1	2	9.0709	2	-1.8992	0	-9.2748	0	0	3	-1.3636	8.6035	-3.7541	0.1065	1.5225	-2.3229	2.0860	13.8607	3	0	1.3764	0.6416	9.1275	-6.2806	1	-0.2579	3	0.1202	2	1	1	3	1	0.1618	1	1	-7.2565	2	2	0	-2.0266
-1.4198	-0.5144	0.0383	1.9980	0.2593	1	2	-2.5426	2	1	5.8224	1	-0.8914	2	2	0.0235	0.9389	1	1	1	0	3	0	1	2	-0.2248	1	1	3	0	1	0.9678	2.1181	0.2591	2	3	3.4879	2.6804	3	2	-0.0046	2	0.5187	-0.3596	-0.0252	0	0.1488	0	-0.4150	7.8689	-2.7014	3	1.4523	0	0.4572	-0.2978	2.9941	0.9855	-2.5759	2	0	-0.2801	0	-1.9477	0	-0.2511	1	0	0	-0.5036	-7.9411	2.5944	2.3092	1.2816	1.3187	2.7977	-2.2191	2	3	3.0420	-2.8013	-5.3758	3.4595	3	1.6755	0	1.0662	0	3	3	2	2	-0.2817	2	2	-4.1563	1	3	1	3.3616
-0.3077	-0.6153	-0.3077	-0.4564	0.2020	0	2	-0.6334	3	1	0.6435	2	-0.9439	1	2	0.9584	3.3771	1	1	2	0	1	3	3	1	0.8147	2	3	1	2	0	-5.5626	-1.0292	-0.8686	1	2	-0.8294	4.9057	1	3	-1.4330	1	0.8584	-2.5315	-0.7344	1	-1.4461	3	-2.0404	3.6453	-2.1408	2	-0.5695	1	-0.2013	0.7055	1.5983	-2.5002	-2.1068	1	0	-0.7702	0	1.8941	0	-2.5343	2	1	1	-1.7605	-7.0875	2.8935	0.6587	2.6334	1.8974	2.9945	-2.1863	3	2	-1.2136	1.3795	1.7512	-2.7825	3	-0.1181	0	0.1687	1	3	2	3	0	-2.1004	0	0	-4.9399	3	2	0	-1.8025
0.6461	0.8142	-1.6987	-1.3961	0.3120	2	2	-3.1060	0	1	-1.1148	0	0.6170	0	3	1.4662	2.4517	2	1	0	3	1	2	3	1	-2.0625	3	3	2	1	3	-0.6740	1.3915	-2.8661	1	1	0.0312	-1.6720	2	3	-0.0644	2	1.9715	3.9527	1.5148	3	2.4893	0	0.9074	2.1789	1.2712	3	2.3663	0	-1.1150	-0.6223	5.7717	-1.7642	0.7430	2	2	-2.0700	3	-1.8713	3	2.3889	0	0	0	0.8949	-0.3657	1.4604	0.6624	-2.6967	-0.2498	6.6465	-0.8393	2	1	3.2047	0.3871	-2.3764	-2.5620	0	-0.1207	1	-0.3469	1	3	2	1	2	0.7102	2	3	0.1285	1	1	1	-3.9962
1.6256	0.5287	1.9170	0.2280	-1.5795	0	3	-2.2054	1	0	-4.4420	1	-2.4322	0	0	-1.5655	1.1747	0	0	0	1	1	1	1	0	0.5778	1	2	2	0	3	-0.7973	-1.0812	0.0364	3	0	0.9430	-2.5194	3	2	-1.2323	3	4.1397	-2.7616	-5.3808	0	5.2330	0	2.4646	-5.6113	0.9267	3	2.3505	2	-0.2335	-2.6112	1.1392	0.3368	5.5740	3	2	-6.2968	0	-4.6540	1	6.7668	3	0	3	-2.9878	11.0123	2.6041	2.5878	-0.7548	4.1743	1.7827	-7.6323	0	2	-5.6122	1.8824	-0.9600	4.9336	3	-0.3652	2	-2.9724	3	1	1	2	2	0.4252	1	2	-1.2716	1	3	3	-3.2853
-1.1490	1.0218	-0.9586	-1.3720	-1.4038	3	2	-2.0025	0	3	0.1018	0	2.0097	3	1	0.3894	-3.2544	1	1	3	2	3	3	3	2	0.0571	1	1	1	3	2	4.8612	0.6771	1.0187	1	2	-4.8055	-1.5747	3	3	0.3349	1	1.6167	2.9550	-0.9013	1	3.6971	0	-1.8514	0.1068	0.2384	0	1.7148	0	1.5487	-1.9410	3.6432	0.0552	2.4918	3	2	1.9972	1	-0.7301	2	5.4113	0	0	0	-1.3093	1.9033	-1.4056	0.7070	-5.0482	1.8849	3.4316	4.6994	3	1	-0.1129	-0.5517	-0.1073	-7.0166	1	1.1231	0	0.3355	3	3	2	2	2	-0.9687	1	0	-4.3980	2	3	2	0.1534
0.2496	1.0380	-2.0487	1.1711	0.9665	0	0	0.5302	0	1	0.6299	3	1.0341	2	2	-1.2404	0.6508	2	2	3	0	2	3	1	1	-3.3718	2	2	1	2	0	-1.3052	-1.5333	-4.7812	2	0	-1.3364	5.9702	2	0	-0.4637	3	-1.7820	0.7917	-1.4932	0	-2.0867	3	5.5084	-0.2881	2.9521	2	1.7489	0	-0.6987	0.7164	-2.9308	-0.0199	-0.7817	1	3	-1.3391	1	-2.8106	3	4.3914	2	2	2	-0.7660	-1.2531	1.2026	2.5233	-0.4218	1.2820	-2.7061	-0.2221	0	0	-1.3189	1.2153	-0.9801	-3.4687	3	-0.1327	2	-0.8385	2	3	3	1	0	-1.0591	1	2	-3.7926	3	3	2	2.2253
2.4189	0.9333	-2.3557	1.5420	0.6103	1	2	-1.2406	3	1	1.9980	0	-1.3151	2	2	1.2659	1.8740	0	0	3	2	1	0	3	1	-0.6388	3	2	2	1	3	-2.4755	0.5395	-4.8821	1	0	-0.2409	0.1473	1	3	-0.2637	0	4.0503	1.4072	-2.6357	0	8.4356	0	1.5193	4.3373	3.0845	0	-4.3296	0	-0.1965	2.4206	2.6941	0.4078	0.2447	2	0	5.9765	0	3.7751	3	-4.4247	2	2	1	2.0446	-5.2538	4.6291	-4.5465	-0.1021	-0.4075	1.6125	7.5566	2	2	1.2233	1.8747	7.5916	-3.1930	1	1.3378	1	0.9695	1	3	3	3	3	-0.0483	3	2	4.3318	3	0	1	5.5050
0.1840	0.5253	1.4694	-0.0146	-0.4856	0	3	1.8480	0	2	0.6439	2	1.2782	2	2	-2.1894	0.0537	1	2	1	3	3	1	0	1	-0.5865	1	1	3	0	0	1.1747	-4.4501	-0.0795	3	0	-1.5023	0.4408	3	2	-0.3799	0	-1.7944	1.3808	-0.1844	3	-1.7256	2	4.0962	1.7831	-1.4543	2	3.0048	2	-0.6261	-0.5263	-1.2777	0.5532	-0.0715	1	1	-5.5768	1	-1.3801	1	5.3764	2	3	0	2.3463	-5.1390	-1.9406	2.7960	1.1631	0.8387	-0.5328	-7.4973	2	0	-0.5543	0.3887	-4.4782	0.2170	3	3.5243	0	0.8299	1	3	1	0	1	-1.1987	2	1	-2.5866	2	3	3	0.1026
0.9442	0.7336	-0.7772	-1.3371	-2.0405	1	2	1.4345	0	3	-2.6875	1	-0.1765	0	3	0.2425	1.0716	3	3	0	1	2	2	3	3	0.2501	2	1	2	1	3	1.5208	-2.2766	-2.9633	2	1	-1.5999	0.0708	0	0	-2.0386	2	1.6149	-0.9349	-0.2328	1	0.7816	3	-1.2372	-4.1282	-4.9140	3	-3.8017	0	2.1397	0.5848	1.4682	3.2124	0.5313	2	0	6.1922	3	0.9114	3	-7.2082	1	1	3	1.8332	5.6668	-0.9978	2.6255	2.9392	-0.4486	1.8798	11.4576	2	3	3.0633	-1.2958	6.3065	-5.5788	1	-1.0257	1	-3.8505	2	1	0	2	1	1.4109	0	1	-9.8594	0	2	1	-1.9182
-0.2972	1.2123	-0.5853	0.5372	1.1912	1	3	1.4916	3	1	1.4175	0	-1.6045	1	2	0.3878	0.3324	2	2	3	0	1	2	1	0	1.5539	2	0	2	1	3	-1.3745	-1.0188	-0.7558	2	1	3.6443	0.3307	0	0	1.3342	0	-4.1870	-1.1913	1.3723	0	-7.0516	2	0.9922	3.4957	-0.4299	0	3.6421	0	-1.1233	-0.3537	-2.2429	1.9619	-0.3411	0	2	-6.1505	0	-2.1519	2	7.3851	1	3	0	-1.4571	-1.7526	0.9325	2.3392	0.9715	-0.5684	-3.2392	-8.0562	0	3	2.9955	-0.7675	-5.8484	3.5585	3	0.6713	1	-0.7545	2	2	2	0	0	1.4344	1	2	-0.2841	0	1	1	0.4819
-0.6900	-0.8012	1.3432	-0.8991	-1.2949	3	1	2.3488	1	1	-2.2791	0	-2.4576	1	3	0.3174	1.6092	3	0	3	3	3	2	0	3	-0.7275	2	2	2	0	3	0.2180	0.5405	-1.5490	2	1	2.6554	3.9223	0	2	0.5873	3	-2.3389	-0.6191	-7.7638	3	-2.8870	2	-3.1812	-3.4503	-0.4608	3	-1.9388	2	0.8483	-4.9896	0.2867	-2.4046	3.9383	0	0	0.5685	1	-6.3871	0	-3.3841	3	3	0	-1.6873	0.9338	6.9299	0.9476	-1.5038	6.0560	-0.1194	-0.0674	0	2	-3.8029	0.3261	-0.7182	3.9467	0	0.6540	1	2.2541	1	1	1	3	2	3.2377	1	2	-2.6497	1	0	0	1.7399
1.7995	0.0233	-1.0415	-0.3043	0.6541	3	3	-0.5612	0	2	-0.2507	3	1.5968	1	3	-0.7573	-5.3133	1	0	3	3	1	2	0	2	-3.0117	0	1	3	1	1	7.2192	0.9047	-0.6315	0	0	1.0098	-2.1995	3	0	0.0678	0	3.9191	1.5121	2.2119	0	5.4201	0	4.6558	0.0606	1.6087	3	2.7610	1	-0.7366	0.3326	-0.8120	-1.3025	-3.3951	3	2	-3.1777	3	-1.3013	1	5.7775	3	2	2	-0.2374	0.6115	-5.2494	0.7927	-4.0674	-0.5761	-0.8315	-4.5632	1	2	-2.4505	-0.5863	-1.3201	0.8709	3	2.0210	0	1.0685	2	0	1	0	2	-0.9833	1	1	1.1459	0	1	1	1.1614
0.6395	3.5663	0.5724	-0.7807	1.1562	1	2	0.2858	3	3	3.7664	2	-0.8752	0	1	-3.6728	-0.5208	2	2	3	0	2	0	2	0	1.6020	1	1	0	0	2	-0.4105	-0.1668	-0.2325	2	3	-0.9912	-0.0031	3	2	-3.8026	0	-2.1177	1.3558	0.8190	1	-2.9923	0	0.7568	5.0782	-0.2226	2	-1.4767	3	0.1231	1.9921	2.2726	3.0101	1.6089	0	1	2.0748	3	0.8165	3	-1.8031	1	2	1	0.2305	-6.8698	5.2236	0.7305	0.2435	1.4971	4.0130	0.6108	0	1	-7.5615	-0.4049	6.3859	0.5519	1	-0.4662	2	-5.4455	2	3	2	2	0	2.8150	1	2	-2.7280	1	2	1	-1.1720
1.8074	0.7314	2.0051	-2.5233	-2.2446	0	3	2.1345	0	1	-3.2899	2	1.2278	3	1	-0.4582	-1.6860	2	3	0	2	2	1	3	2	0.7991	2	3	2	0	1	2.7864	-0.4834	0.4964	1	0	2.9644	-2.9669	2	1	0.1467	3	-3.6568	2.6836	1.1883	1	-4.1983	2	2.0208	-3.1820	-0.1161	0	-1.6794	3	0.3881	0.4585	-0.7695	1.3103	-0.0648	1	2	3.9427	2	0.7318	2	0.6418	0	2	0	-1.3198	1.6165	-3.0410	3.4621	2.6471	-3.3818	-1.7928	9.3204	0	0	1.8445	2.5889	7.4076	6.6450	1	-1.4777	2	-0.0052	2	0	1	0	2	1.6708	0	1	-6.3286	1	2	3	-2.2927
3.7808	-0.3812	-0.9331	-0.7251	-0.4464	1	3	4.0200	2	3	3.7183	2	-0.1024	0	3	-0.7202	-4.1929	1	3	2	2	2	3	0	2	2.0621	0	1	2	2	1	4.2995	-0.2687	0.9378	1	0	1.5072	-0.9488	3	0	-0.4993	2	-1.2429	-1.4591	1.0175	3	-1.3603	1	0.4989	3.9465	4.0814	0	-1.8926	3	-0.2914	-1.8238	-0.8723	0.8684	0.6492	1	2	2.6997	1	-2.6846	2	-0.0113	1	3	1	-2.1710	-10.5721	-2.4767	-1.9109	1.3998	-3.5136	-0.9309	2.0635	0	0	-0.2471	0.2247	3.7918	2.4012	1	-0.3037	1	-1.8130	3	0	2	2	3	-0.1290	2	1	1.2138	3	2	0	-2.6884
1.1119	0.5286	0.3802	-1.3009	-0.8304	3	1	-1.1461	3	1	-4.2202	1	-3.9422	1	0	-2.4548	3.0282	2	2	3	0	3	0	2	1	-0.8826	2	0	0	3	2	-4.3941	-1.9371	-0.3937	2	0	2.7717	-2.6197	0	1	-0.7702	2	2.1698	2.2417	1.9277	2	2.6063	0	5.9062	-5.2371	2.6969	2	2.7934	2	-0.5226	1.4339	1.5154	0.9012	1.0019	3	1	-5.7216	2	4.8689	3	3.4980	1	2	3	1.6858	4.0446	-7.5714	-1.7018	-2.9977	-3.0090	2.2174	-7.2658	2	1	-4.3206	-0.9710	-1.1586	3.6093	3	-0.3376	0	2.1920	0	1	1	3	3	-2.5300	0	1	1.4853	0	3	1	-1.5538
0.3933	-0.6253	-1.1514	-0.5082	-0.0688	0	0	-2.0260	0	1	-2.2103	3	2.0695	1	3	0.6422	0.2122	0	1	2	1	0	2	3	0	-0.3964	3	0	0	1	3	-2.5932	-1.0609	-3.2911	0	1	0.1268	2.0294	2	0	0.3551	0	1.4728	-0.0669	2.0703	2	1.2839	3	0.0260	-4.7101	-0.8964	2	0.3775	0	1.7002	0.4653	1.7115	-0.7889	-3.3870	3	3	-0.2429	2	-0.0102	3	-0.3369	1	0	1	1.6997	6.5591	-6.2032	-2.6889	3.8381	-1.4732	3.5740	0.6459	2	3	2.7674	-1.2948	-2.3152	-2.1763	1	0.6825	3	-0.4885	3	1	1	3	3	0.5326	2	1	7.1048	0	3	1	-2.1728
-0.3053	-0.6727	3.0263	-0.4851	-0.7092	2	3	0.2717	1	2	0.3128	1	0.2559	2	1	0.4282	0.7196	3	1	2	2	1	0	3	1	-1.5044	0	2	2	0	2	-3.7901	1.9891	-4.5815	0	2	3.9295	5.2753	1	1	2.2697	2	-0.8540	-0.7913	1.4152	1	1.8409	1	3.2099	-2.5057	-4.3486	2	4.8874	3	0.7009	-1.1833	0.8867	1.8268	-2.9532	3	0	-7.7878	1	-2.0389	3	4.7686	0	0	1	-0.2244	2.4762	-5.8162	8.4652	1.2796	-1.2008	2.4135	-11.2405	2	2	-0.7757	-0.9785	-12.7537	8.6063	3	3.4613	1	2.2056	1	0	1	3	2	0.6308	2	1	-8.1879	1	1	1	-0.4979
0.2923	0.3839	1.2250	0.2510	-0.7182	1	0	-1.1548	2	2	2.4767	0	-0.3006	1	1	-1.4616	-4.0483	0	0	1	2	1	0	1	3	1.4085	3	0	3	0	3	5.5207	-0.1449	0.3199	2	2	0.4259	-4.2012	3	1	2.8963	1	-0.5324	-1.8095	-0.5133	0	-0.6497	2	0.9776	2.5840	-0.4849	3	2.7192	2	-0.3767	-0.7142	-3.6672	0.2610	0.2192	1	2	-6.9807	3	-0.7385	2	3.5262	3	0	1	-0.6770	-1.6823	0.0202	-1.0400	5.5631	-2.7563	-3.6731	-10.6593	1	1	-1.1535	2.9869	-5.2093	0.1312	3	2.9311	2	-1.1389	1	0	3	2	1	-1.7046	1	2	3.2009	2	1	3	0.5376
-1.5417	-0.9329	0.8236	-1.2845	0.9375	2	3	1.0740	1	3	-2.7672	3	-2.3465	0	1	-1.6163	-2.5517	3	1	2	0	3	1	2	2	-0.4597	1	3	0	2	3	2.9484	0.2290	-0.2620	2	0	-0.9710	3.6532	3	2	-3.8705	1	1.8501	-0.1472	-1.2447	2	3.2892	3	5.5181	-2.0562	-0.6545	1	4.5840	3	-0.1794	-2.6319	1.1254	-3.6214	-1.0467	2	3	-8.1113	3	-2.4924	2	11.2971	0	3	1	3.6930	0.0281	0.1144	-0.8411	-2.2165	0.3424	0.8469	-11.7103	2	3	-2.3004	0.4956	-3.0425	-0.1470	3	-1.1189	3	-1.1037	2	1	2	2	3	0.0881	2	0	6.9346	3	1	0	-6.0737
1.7052	-0.3873	1.7781	-1.8327	-0.9861	1	2	2.8990	2	2	3.7764	0	-0.4873	3	0	-1.2303	-3.8779	3	0	2	2	1	3	2	2	0.3153	1	1	2	3	0	5.3815	0.3014	2.9289	3	1	-0.4680	-6.0428	3	2	-1.5058	3	-1.7100	4.2955	-3.4743	2	-2.2758	3	-0.0906	1.8030	2.5950	1	-2.1027	2	0.0148	-1.3799	2.3014	-1.8233	0.7299	1	2	4.3631	2	-2.4208	0	-3.0246	0	3	3	-0.4911	-8.3902	4.4933	-3.4239	1.2232	1.3208	1.2643	3.9563	3	2	-4.6888	0.0826	9.9639	1.0000	1	-1.6924	0	6.8830	2	0	1	3	3	-3.8989	2	0	4.7776	2	2	0	-5.9077
2.8564	-1.3670	1.0822	-0.2709	1.1305	2	2	-0.0580	3	3	2.9613	1	-0.9974	0	3	2.7156	-1.0151	3	3	2	2	3	3	3	2	-0.1298	1	1	3	0	1	0.7688	2.1512	6.6738	1	0	1.2366	-9.3569	3	2	1.5451	2	-0.0457	-1.3391	0.2158	3	-0.5618	2	-6.3232	2.0402	4.5949	1	-8.8556	2	-0.0307	-1.0154	2.0843	-3.3109	-0.6785	3	2	14.5994	3	1.1319	2	-11.1864	2	1	3	-3.3746	-3.6661	0.5163	-5.8613	0.7572	-2.5167	2.5554	19.0109	3	2	1.6735	-0.8604	9.5665	4.1648	1	-0.8108	0	0.0515	3	3	3	2	3	1.9890	2	3	-1.3788	1	0	2	0.2451
2.0999	-0.5188	0.1853	-0.0578	0.4814	3	0	0.4914	2	2	-0.5883	2	0.3641	0	2	0.6201	-2.2409	0	3	3	3	3	0	0	3	-0.2422	0	0	1	3	3	0.5662	1.8352	2.7237	2	0	2.2751	-5.6738	0	0	-0.6570	0	0.5217	-1.6224	1.1823	2	2.7601	0	-0.0045	-3.5592	3.5510	1	-4.4938	2	-0.8782	-0.1310	1.7707	-1.9248	-0.6064	3	2	5.5350	3	-3.3591	2	-7.2630	1	3	3	0.1396	4.6240	1.4482	-3.9884	-1.8459	-0.4489	1.4136	8.7840	3	3	1.7415	0.4346	-0.6141	1.7412	1	0.5962	2	0.4846	3	1	0	3	3	-2.2416	1	3	1.0710	0	0	2	-1.1691
-1.3796	0.9299	2.3158	1.9640	-1.0048	1	0	0.6472	2	3	-1.0697	1	1.3853	0	2	1.4248	-2.9982	1	1	3	2	0	3	0	2	1.1109	1	3	0	0	0	3.1173	1.8914	4.6871	1	2	0.9932	-3.1527	3	1	-0.4448	1	-1.7652	-1.1458	-0.9573	0	-2.5575	0	-6.1403	-1.9323	-2.3777	3	-3.3758	3	-0.5853	-2.0157	0.1455	1.2059	2.4849	0	2	6.3620	0	-4.4022	2	-4.7897	1	3	1	-0.2144	5.2736	-2.9514	-3.2306	-0.7341	-1.3909	1.9762	11.0626	3	2	4.7275	-0.5940	2.3727	3.4764	1	-0.7469	3	-0.0161	1	2	0	2	2	-1.1830	1	2	2.5637	1	3	3	4.3060


