
X1	X2	X3	X4	X5	X6	X7	X8	X9	X10	X11	X12	X13	X14	X15	X16	X17	X18	X19	X20	X21	X22	X23	X24	X25	X26	X27	X28	X29	X30	X31	X32	X33	X34	X35	X36	X37	X38	X39	X40	X41	X42	X43	X44	X45	X46	X47	X48	X49	X50
0	0	3	0	-0.5827	1.3542	0.3232	3	-0.9108	0	0	2.8596	2	2	-1.8324	2	3	-1.3430	1.3350	-2.4893	1.9027	2	-0.1360	0	-2.3809	1.1966	2	2.5139	-3.4462	3	0.9716	0	1	-1.2149	3	2	2.9612	2	3.5043	-0.1587	-3.8716	-2.6707	1	-3.4768	3	1	0.3690	0	0.9122	3
0	1	2	1	0.5946	-1.3172	-1.1804	0	-0.3970	3	1	-1.6357	2	2	-1.0638	2	1	0.0535	-1.2136	4.6578	3.3199	1	2.7330	0	-1.4887	0.9742	2	-1.9820	-1.1919	3	0.8483	2	0	0.7419	2	0	-1.4994	3	-6.3964	-0.0633	-4.2767	1.3331	0	1.5627	0	1	0.0674	0	3.6611	0
0	2	1	2	1.1612	0.7005	3.2128	1	0.0222	1	0	3.4239	0	3	-0.5951	0	2	-2.6632	4.4898	-3.8811	-0.3659	0	-0.0047	1	1.3399	0.6792	0	-0.1397	2.4656	0	-0.6528	2	3	1.5192	0	2	-1.4352	1	3.9683	0.8462	1.8056	2.7522	3	-6.2560	0	3	3.3439	3	0.5179	1
0	1	2	2	0.0647	1.2613	-0.5620	2	-0.2690	1	1	-2.7957	2	0	-0.7531	1	0	1.2961	-3.3506	3.9239	1.3808	1	2.7969	1	-4.4346	-0.0518	0	0.0250	-2.4932	0	0.5849	1	1	3.6847	3	0	-4.7749	1	-4.5676	-1.7313	-2.0980	-2.6346	2	3.9965	0	2	-1.4128	2	3.3714	2
2	1	2	3	1.8566	0.6780	0.6162	0	0.2904	2	3	0.4045	3	0	0.6635	3	1	-3.9538	0.5087	-0.1724	-0.6377	3	-2.2347	0	2.5102	0.6409	1	0.1453	5.5735	2	-0.0156	2	3	1.9437	3	0	-0.1840	2	1.8761	-1.9302	4.8957	4.2201	2	-1.3118	0	3	0.2055	1	0.4397	2
1	0	0	0	2.5894	-0.5681	-0.1005	2	-0.6886	1	0	0.1454	1	2	2.8899	0	2	2.3437	-0.3411	-0.7430	-3.3006	0	-1.5997	1	2.6044	0.0227	2	-1.6136	-0.7440	0	0.3676	3	2	1.2058	2	2	-1.7944	1	-0.3824	2.2426	-2.5436	1.1258	3	-1.7912	1	1	0.6452	3	-6.9860	2
2	3	3	2	1.4126	1.6823	-1.2424	3	-3.0975	3	2	-0.8015	2	2	1.2590	2	1	-0.0702	-0.9123	-0.4727	0.9220	3	2.8537	2	-2.5917	-2.2513	2	4.0058	-6.6808	1	4.0598	1	2	1.8838	2	0	-6.3079	1	-1.0126	0.8308	-8.4324	-1.7757	3	-0.7218	3	2	-2.6246	0	3.4717	0
2	0	3	1	0.8638	0.5310	0.8761	3	-0.2930	3	2	-3.5931	3	0	-1.7670	0	1	2.3962	-3.7358	1.4624	0.3579	1	-0.4897	2	-1.6936	-0.0607	0	-0.2808	-3.5876	3	1.8511	1	0	-1.3115	1	0	-0.3428	3	-1.1185	-0.5753	-6.2258	-0.8606	0	4.6608	2	0	3.3810	2	2.9356	1
0	2	1	1	-2.0719	0.7593	2.3478	0	-0.4889	2	1	1.2720	0	1	1.1323	2	1	-5.6109	1.1688	-2.9649	-0.8800	1	-3.7309	0	1.8006	1.1051	0	0.1486	2.1215	2	-0.6234	0	3	2.1322	3	1	-3.0569	2	5.5768	0.6002	5.3030	0.4258	1	-1.5391	1	0	1.0102	1	-1.1757	2
0	3	3	1	-0.2915	-0.8664	0.3795	3	0.2852	0	1	-0.1773	1	1	-2.8855	2	3	-0.1883	-1.4163	3.0409	1.9559	1	0.0602	0	0.5884	-0.3054	1	-0.8469	0.8275	0	-0.8803	2	3	0.2814	1	1	1.9837	3	-1.9441	-1.0242	-1.0995	-0.8629	3	-0.9907	0	1	0.2452	0	5.2096	2
0	2	2	1	-2.0969	1.1684	0.7642	1	-0.7850	0	3	1.1787	1	1	-0.6936	2	0	-2.5688	0.3181	-0.0990	-1.2280	1	0.5893	0	0.1409	0.2373	0	-1.9673	-2.7908	1	-0.1835	0	3	0.8406	2	0	1.5154	0	-1.7590	1.8288	-6.8599	-4.5586	1	-3.1621	1	1	1.4642	0	-0.4621	2
0	2	3	1	-0.8810	-1.3661	-1.5036	2	-2.0748	3	2	-1.1828	0	3	-0.1132	0	3	1.9555	1.1077	-0.2675	-2.2501	2	-0.6991	1	-2.4160	1.8315	3	3.7298	-6.3599	1	-2.2990	2	0	-2.4123	3	0	2.2453	2	-1.7059	2.3372	-6.6314	-8.1532	3	2.0925	1	1	-0.9661	0	-2.5439	1
1	3	3	2	-0.9256	0.0408	-0.3367	0	3.6200	3	1	0.0444	0	1	0.5132	1	2	2.4087	0.2662	-1.7399	0.5260	3	2.1171	2	0.0750	-0.4057	1	-2.8425	3.0966	2	-1.4473	2	0	-1.8086	0	3	1.2611	1	4.9717	-1.2258	3.4560	0.6829	1	-2.6445	0	0	0.6855	1	-1.5544	3
1	3	2	2	-1.1437	0.5225	0.2428	1	-5.6933	3	2	-2.5786	0	1	-0.3297	3	1	-1.2850	-3.4425	2.5689	0.5154	3	-4.3061	3	0.1385	-0.1257	2	5.7114	-5.2290	3	1.1390	2	3	0.4772	3	1	-3.0317	2	-5.2287	0.8618	-7.2129	-0.9804	1	3.5034	2	0	3.3892	0	-0.1201	2
0	2	1	0	-0.9618	0.2819	-0.0219	0	0.7980	1	1	0.8133	0	3	0.7067	1	3	2.2789	1.4655	-1.0515	-0.4503	1	-1.6165	2	-2.8951	-1.7164	0	0.5312	-5.2708	3	2.0071	2	0	-1.0806	3	3	1.9825	1	1.6771	0.4327	-8.6078	-1.8477	1	-0.9340	3	3	2.5753	0	-0.0235	3
0	3	1	2	0.7157	1.6798	-0.0518	2	2.4518	1	3	-1.4370	0	1	-0.0691	1	0	0.9298	-0.6322	2.1349	-1.3579	3	-0.7537	2	-0.4777	2.0980	1	-0.0124	0.7141	1	-0.5489	2	2	1.2593	0	2	0.7683	3	-1.7134	-0.1851	2.3312	2.0586	3	0.3421	3	1	-1.8609	0	-1.3831	0
1	3	0	3	-0.1795	-2.1855	-0.2361	3	-0.2937	3	0	-0.2640	2	0	-1.6670	1	2	-0.6462	-1.3306	1.3552	1.0269	2	-1.6411	2	-0.7830	1.2823	0	-1.0692	0.8835	2	0.5738	3	3	-1.3190	1	1	-0.4598	3	-1.6870	1.7243	-2.2980	0.5893	1	1.1950	0	0	-2.0416	2	-1.2434	1
0	3	0	3	1.7630	-1.4085	0.0864	3	3.0405	2	3	2.9016	0	2	0.2508	0	0	0.2639	3.3709	-1.5538	1.9574	2	0.8319	3	1.3965	-1.7928	1	-3.0697	3.7626	2	-0.0959	2	2	-0.3872	3	3	0.3629	1	2.3384	0.2469	5.2166	4.2250	3	-6.2950	0	1	1.2655	2	3.1327	3
3	3	2	2	0.2430	1.7921	0.5978	2	-1.5540	2	3	0.2545	2	1	0.7744	1	2	-1.5114	-0.1043	-0.4789	-4.3732	3	-0.3758	0	-2.2525	-1.3756	0	0.6744	-6.0438	1	-1.0090	2	3	1.3056	3	0	-1.7135	1	0.7277	1.0746	-9.7501	-7.7903	2	2.0460	3	2	-2.2066	0	-2.5723	2
0	0	1	2	0.8631	-0.4313	0.3122	0	-2.3374	0	1	-1.0393	1	3	0.3845	2	2	-0.9326	-0.7138	2.2837	2.5065	3	-0.8518	3	-2.8780	1.5480	2	4.2742	-4.8303	1	0.8088	1	2	2.7236	0	1	-1.6975	2	-2.7990	-0.5017	-4.2916	-5.4106	0	1.3541	0	1	-1.1034	0	3.9099	2
2	0	1	0	-1.5506	1.2584	-0.9847	3	0.2392	0	3	1.0783	2	3	0.7794	3	3	-2.4141	-0.5896	-2.5021	-3.2126	1	-0.1783	1	-0.7032	0.1688	3	-3.5649	-1.4901	1	-2.1222	1	3	0.2519	0	3	1.3177	1	2.4038	1.0177	-2.9009	-3.8355	1	-0.1401	1	3	-1.8156	0	-1.8264	3
3	0	0	1	-3.1334	0.3104	-2.2031	0	1.0357	3	2	0.9080	2	3	0.2167	2	2	0.3147	-0.7224	0.6376	-2.1507	1	-0.9385	1	-0.1728	2.3394	3	-2.4434	0.4907	0	-2.0503	2	2	1.7111	3	0	-3.2890	2	-0.1994	0.8677	0.7259	-0.9471	1	1.7745	1	0	-4.9540	1	-0.0142	0
1	1	2	2	2.5557	-0.0946	-0.9174	0	0.0808	3	0	-3.5876	0	3	-0.7304	0	1	1.1421	-3.4131	5.3946	-0.4064	0	-3.0622	1	1.5833	-3.1008	0	0.0815	2.8956	2	2.1057	1	0	1.1345	2	0	0.4235	1	-8.1179	0.2132	4.6830	3.3993	2	5.4363	1	0	-1.8350	1	-2.0325	1
0	3	2	1	-0.1279	0.5952	-0.6621	0	1.6203	0	1	-1.2126	0	3	2.9832	1	0	0.6487	-0.4659	1.2726	-0.3973	1	0.1560	3	-1.4164	-2.2486	3	-0.0355	-1.2123	1	-0.3520	3	1	1.0756	3	0	-3.1781	0	-4.3139	-0.4055	-0.3845	-1.3921	1	5.8884	3	0	0.0472	0	1.8103	0
2	2	2	3	0.0117	0.1897	0.1211	3	-1.1046	1	3	-0.9453	0	3	-2.5999	0	3	3.3260	-0.2006	0.6947	0.3408	1	0.5781	3	-0.6183	1.5748	2	1.6876	-3.3771	1	0.2065	1	0	-1.6549	3	2	6.2183	2	-2.8895	0.5430	-4.3961	-4.1073	0	1.5980	1	3	-0.5101	0	-1.1971	1
2	1	0	1	-0.5184	-1.9927	0.4834	1	1.2294	2	3	1.9151	3	0	1.7551	2	1	-0.0887	3.4018	-3.5851	2.6666	1	-0.6940	3	1.0562	-0.3774	1	0.3241	2.6379	2	-1.8373	3	0	4.8881	2	1	-4.0037	1	8.2997	-2.5070	6.3938	1.0942	3	-1.2425	0	3	-2.1555	1	3.4630	2
3	0	0	0	-0.6237	2.0014	-1.0061	1	0.0558	1	1	-0.1488	1	2	-1.2535	2	3	-0.8054	-3.0948	2.0482	-0.9149	0	0.7138	0	0.1806	0.5072	0	-0.5828	-0.3424	2	-0.0403	2	1	-0.1486	3	0	2.2490	2	-4.4873	-0.2298	-2.6094	1.1134	1	2.1942	1	0	0.9918	3	-0.1556	0
0	1	2	1	-0.8227	-0.9997	-2.2419	0	1.3977	3	3	0.9950	2	1	-1.7231	0	1	0.0337	1.8601	-0.6102	1.9208	1	-1.4212	0	-2.3121	-0.2902	1	-0.2945	-1.6502	1	-1.4804	2	3	-0.7183	3	1	0.7589	3	-0.0464	0.1287	-0.7796	-3.4565	1	-0.7733	0	3	-4.6424	1	2.7709	3
1	3	3	2	0.2323	1.9914	1.0529	3	-0.6091	3	1	-0.0318	3	1	-1.2153	3	0	-0.2190	0.1421	0.7748	-1.0841	3	-0.4712	0	-3.5288	-0.7268	0	0.3587	-2.5880	1	-1.0043	0	3	-1.4417	1	3	1.5855	3	-1.3985	1.2039	-4.9674	-4.8797	2	-1.1446	3	0	2.1920	0	1.9836	1
2	3	3	0	-0.3512	-2.3650	0.0974	3	-1.9920	1	1	0.2463	2	2	-0.2010	3	3	-0.2975	0.5180	-2.3160	-2.3375	2	2.4657	3	0.1357	-0.0625	2	0.7338	1.0598	1	0.0859	1	2	-0.6170	2	3	-0.1342	0	4.6781	-1.2014	2.4921	1.7969	1	-1.3360	1	3	-1.1051	2	-2.5328	3
3	1	2	3	-0.4008	0.4951	-1.3222	2	0.8565	0	0	-0.6075	1	2	-2.8498	1	1	2.9554	-0.3969	-1.0915	-0.8396	2	-1.0286	1	-1.8457	-0.5321	3	-1.3916	-1.5928	0	0.1759	1	2	-1.4119	0	3	0.3112	1	-1.0590	-0.2531	-0.2774	-2.1529	2	-1.9776	3	2	-1.9326	2	-0.9762	0
0	0	1	0	-0.6501	-0.2998	-0.1198	1	1.8458	0	2	-0.2037	3	0	2.5443	1	2	2.8291	1.0504	-5.1761	-0.7673	1	0.3847	3	-5.6812	2.8407	0	1.5658	-7.6923	1	1.1939	1	2	0.0368	0	3	0.3241	2	4.9989	-0.2955	-10.6912	-5.5400	0	1.9087	3	3	1.9754	0	-3.3392	2
3	1	1	3	-0.8028	-0.0309	0.6912	2	6.2401	2	0	-1.9503	0	3	0.1053	3	1	-3.0970	0.0190	1.3477	-1.6878	1	-3.7627	0	0.6165	-1.3153	3	-4.1651	8.0402	2	-3.4517	3	3	4.0770	2	0	-5.5546	1	-2.0373	-1.2124	10.9761	2.5910	2	2.9164	1	2	2.2459	1	-0.7027	2
1	2	1	0	-0.2435	0.6860	0.6415	2	1.0691	1	1	1.1010	1	2	0.4939	2	0	0.4579	1.5934	-4.1866	0.8093	0	-0.2904	3	1.3436	-2.1790	3	-1.1686	2.4295	2	-1.7530	1	0	-1.3530	1	3	1.1747	3	3.0225	2.1246	1.8697	-0.5186	1	-1.9834	0	2	-0.3461	3	1.0404	3
1	2	0	3	-0.9636	0.9414	-0.4534	1	-2.9535	0	3	-0.1291	1	2	-0.4374	0	3	2.5726	0.2505	1.8097	-1.0379	1	1.9238	2	-0.4745	-1.5442	2	1.3595	-3.3041	1	0.3433	3	2	-1.7595	2	1	3.9546	0	-1.5581	0.7624	-6.2975	-3.1030	1	0.5783	3	2	-2.6702	0	-2.1509	1
1	0	1	0	-0.7140	0.2764	-0.5816	2	0.7866	2	3	-1.4639	2	1	0.2168	1	1	-0.4335	-1.0205	-0.6485	-3.0990	3	-1.8036	0	0.3375	-2.0325	0	-2.8231	3.9194	2	0.5354	0	3	-0.9200	1	3	-0.7858	1	-1.3359	-0.8099	2.1808	5.8936	0	3.9641	1	1	-3.8683	2	-2.7516	1
1	0	0	3	-0.8235	-1.4268	1.7023	2	1.4273	3	2	-1.1963	1	2	-2.2286	1	3	-1.5579	-1.6540	1.3074	2.4819	2	-2.2220	2	0.3177	-1.0515	3	-1.1412	1.4353	1	-0.1543	2	1	-0.4050	0	0	-1.4405	3	-2.2097	-0.6266	1.9407	3.5622	1	0.0619	0	0	5.2395	2	-4.2086	1
2	3	1	0	0.4180	-2.8926	-0.1373	3	-0.1833	3	2	0.6610	2	2	-2.3516	2	3	-2.4550	1.9889	-3.5103	-4.0789	0	-1.3766	0	-3.1688	-1.1105	2	-0.9928	-2.3097	1	1.9638	0	3	0.7439	0	2	-0.7105	1	3.0724	-1.0381	-3.6392	0.4243	0	-1.1884	3	3	-0.1691	0	-5.4020	0
0	0	3	0	-0.7355	-1.2345	0.0120	2	-1.6968	2	3	-2.6388	3	3	0.1699	1	2	2.4827	-3.2654	2.0462	-1.1388	0	-1.2785	1	2.9288	1.2694	2	-0.2589	4.5517	2	-1.3862	0	2	0.3698	1	1	1.1025	0	-4.8894	2.5266	5.4932	3.2671	0	5.2755	1	0	-1.5767	1	-0.5900	1
3	1	2	3	0.3883	-0.0693	-1.6978	1	0.5885	3	2	0.4658	2	3	0.4101	2	0	-4.0446	-0.4630	2.0222	-0.3111	0	-0.0639	0	3.7968	0.1821	1	-0.1428	5.5524	2	0.8268	1	3	1.4447	3	0	-3.5093	1	-2.8853	-2.9359	5.4024	6.9804	2	-1.5050	1	0	-1.3277	1	-0.1984	0
1	1	1	0	0.1911	-0.4835	1.5760	2	0.1479	1	0	0.7384	1	0	-0.2153	2	1	0.9872	0.7684	-1.2137	-1.9700	0	-0.0763	0	0.5937	1.4704	0	-0.2858	1.2242	0	0.5117	0	0	-0.3273	3	0	1.5483	3	1.3941	-0.2510	0.8136	2.6589	0	-0.6316	1	3	5.1629	3	-3.0541	3
0	2	1	1	-0.5895	1.9327	2.5971	1	2.0013	2	2	-1.6321	1	2	-4.0906	2	1	-0.1377	-3.3059	4.5013	-1.5086	1	-2.1156	0	-0.2086	-0.7813	3	0.2403	-0.3695	3	-1.2167	3	3	2.0542	2	3	-3.5215	0	-4.5897	4.5460	-1.1531	-2.5411	0	3.2985	1	1	2.9022	1	-0.5636	2
2	2	3	1	-1.9128	-0.6118	1.1756	2	-0.0634	2	1	3.4310	1	3	0.9148	0	3	1.4048	2.4625	0.5864	-2.3445	1	0.7164	1	-2.4789	0.8781	3	-0.9169	-4.1532	3	-0.9403	2	3	-0.7617	3	0	0.0795	2	-0.2707	1.6598	-2.8341	-2.3906	3	-6.9203	3	3	-0.6544	1	-1.8875	2
0	0	1	3	1.2557	0.3902	-2.2057	0	-0.7547	3	3	-1.6877	1	3	2.1799	0	1	1.7099	-2.8854	4.0492	-2.5617	0	0.3160	2	-1.4056	0.0915	3	0.9679	-1.4329	3	-0.9151	0	0	-2.5643	1	2	2.7405	2	-5.8843	-1.6883	-2.6978	-2.7009	3	2.3110	1	0	-2.8549	0	-1.9818	1
0	3	2	2	-1.0152	0.5199	1.1833	1	0.9405	1	2	0.6942	3	2	1.3971	1	1	2.0097	0.9740	-2.4787	-1.0760	3	-0.7433	0	1.7395	-2.9488	0	-0.1730	4.1836	2	0.7143	2	2	0.3784	3	2	-0.7953	1	2.6144	0.2253	6.5943	6.1329	1	-0.0438	1	3	-2.0236	1	-0.5037	3
3	3	1	2	-1.5162	-1.0129	-0.7322	1	-0.0827	2	0	-2.1247	3	1	-0.9369	3	1	-0.4887	-2.5382	3.8741	-0.6841	3	-0.2671	1	-1.5005	0.6721	3	-0.9489	-5.1782	3	0.9698	2	1	-0.0163	0	1	-1.0528	1	-3.1330	-0.5697	-7.1056	-2.5139	1	2.9210	3	2	0.4741	0	3.1715	0
3	2	1	1	1.8288	-1.0975	0.3144	0	2.6273	2	2	1.4396	2	1	0.8587	3	0	-0.7527	0.4902	-0.7041	-3.3399	3	-2.0890	0	-1.5699	-1.1355	3	-1.5141	-2.2461	3	-2.7199	3	3	-3.7187	0	3	8.1567	3	0.9492	1.6603	-3.8775	-5.7863	3	-0.5256	1	0	1.2436	0	-1.4566	1
3	0	1	0	2.0601	0.8832	-2.5479	2	-0.2672	3	2	0.0812	3	2	-0.5294	3	0	1.9602	1.2552	-4.7808	0.3841	0	3.9580	3	-3.0944	0.3574	0	0.3313	-0.8988	0	0.1111	0	1	1.6297	1	2	-1.9336	2	5.2619	2.4528	0.6824	-0.6952	2	0.2613	3	3	-3.0321	2	-0.5210	0
1	3	2	2	-1.3087	2.6682	-0.7643	0	-1.7291	3	0	-0.4929	1	2	1.6997	3	3	0.5454	-1.4246	2.8915	1.8190	3	0.7945	3	-0.3614	0.6999	2	-1.0956	-2.7870	1	-0.0926	0	2	-0.4506	1	3	-2.8673	3	-2.7573	-0.0488	-6.8051	-0.3969	1	0.3203	0	2	-1.8503	0	2.5644	3
3	1	1	3	0.3826	-2.4053	0.7875	3	1.3844	1	3	-2.0547	3	0	-0.2226	1	3	-3.6997	-2.2398	3.1595	-0.0204	1	-0.1563	0	1.5464	0.9990	1	-2.9988	4.5855	2	0.8002	3	3	-0.2231	1	1	0.8343	1	-2.0106	-0.4479	5.6888	2.6281	2	4.1143	1	2	-3.1152	1	-1.0519	0
3	2	1	1	-3.6057	0.8214	0.3193	3	1.6730	2	3	-2.0839	1	1	0.2832	2	2	-2.1123	-1.3306	-1.7408	0.5946	1	-0.1948	0	-2.3227	0.4618	1	-0.4181	0.2470	2	-1.0047	0	3	-0.7457	0	0	1.5720	2	3.9420	-0.0933	1.7574	-2.3373	1	2.5315	2	0	1.1421	1	-1.3577	1
1	3	1	2	-0.0752	-0.5664	0.4986	0	-0.0527	1	3	3.4309	1	3	1.3923	1	1	-0.8839	1.8022	-1.2747	2.2210	3	-1.5519	1	2.9383	0.6087	2	2.2787	8.7219	2	1.4345	3	1	-0.8714	2	2	1.9323	2	0.9370	-0.0072	11.6459	9.7457	0	-3.0842	2	3	0.0716	1	3.4673	2
0	2	3	1	1.3019	1.0298	-0.9526	1	-2.5469	2	0	-0.6232	2	0	2.2631	2	2	-1.1125	0.8418	0.4152	-1.8158	1	2.0827	2	1.6022	0.9433	2	3.5101	1.9195	2	2.0489	3	3	-1.0079	1	0	3.1267	2	0.2703	0.4073	1.1916	2.0550	3	-0.5474	1	0	1.2606	1	-1.8900	2
1	2	0	2	1.6167	-0.9313	-2.8409	0	-0.2414	3	1	0.8268	0	1	2.2092	0	1	-1.6234	0.0551	-0.5619	4.6725	3	2.2381	0	1.3187	0.9060	2	-0.6235	-0.4763	0	-0.6327	1	3	-2.1436	1	0	4.5653	3	0.8824	-0.8995	-2.4823	-2.1337	2	-2.9073	0	0	-1.1271	0	-0.3042	3
2	0	2	3	1.8994	-1.5120	-0.3185	0	0.9094	0	1	1.8166	0	3	-0.3998	2	3	-1.9618	1.8432	-1.3511	-0.7442	2	2.9524	1	1.8444	-0.7514	3	0.6847	3.4714	2	-1.2345	0	3	1.1212	1	2	0.3277	2	3.1924	0.4036	4.1606	3.4757	2	-3.0310	1	1	-3.9435	1	-0.4298	2
1	0	3	0	-1.6621	-1.3972	-0.0668	0	-0.7182	2	3	-0.9585	3	1	0.2245	2	3	-5.8070	-0.5428	2.0713	0.1284	3	1.0491	0	-0.4809	0.6777	0	0.0955	0.5223	2	1.2853	3	3	0.1027	0	2	-1.1089	3	-3.8470	-0.4406	1.5178	-0.1045	1	1.2326	0	0	2.5670	1	1.3972	0
1	1	2	3	1.0880	1.9457	-1.0256	1	-0.0557	3	0	-0.8627	2	0	-1.4297	1	1	1.9719	-1.0944	1.1670	1.0084	1	0.4870	2	-2.3930	1.7280	1	-1.3849	-5.5781	1	0.0050	1	1	-3.2607	0	3	2.4944	2	0.9039	-0.5112	-7.5357	-5.4678	2	1.1011	3	2	-2.4392	0	-2.4891	1
3	2	2	0	1.0314	-1.3690	4.3808	3	0.6634	1	1	0.8883	1	0	0.3061	3	1	-1.0883	-0.4139	-1.0562	1.5830	1	-0.9273	0	1.7530	-0.8360	0	1.1157	-0.2701	2	-1.2526	0	3	1.6077	2	0	-2.0539	0	-0.4740	-0.0654	2.2034	-1.4341	2	0.4113	0	1	3.0778	1	-0.3077	2
2	0	1	0	0.8829	-0.7730	2.3876	1	0.6219	1	0	-0.7529	2	3	-1.9304	2	1	-1.5549	-2.6419	1.5367	-3.6968	0	-2.0339	1	-3.2846	-0.6931	3	0.5735	-6.0172	3	0.1713	0	1	-0.8670	1	0	3.4542	3	-2.8704	0.9688	-10.5856	-4.1920	0	0.9073	3	3	3.6643	0	-4.3602	1
1	2	0	3	0.7025	0.9198	0.1133	1	-0.3513	1	2	0.1939	3	1	0.5923	3	3	-2.4690	-0.9976	1.1347	1.8244	2	2.0547	0	1.3618	-3.3199	1	2.6791	-2.8078	1	0.6863	0	1	-0.3474	1	1	3.0755	0	-0.6848	-0.8967	-4.3537	-2.7739	0	2.6929	0	2	3.1020	0	-0.5724	1
0	3	0	2	-2.7891	1.0174	-1.2049	0	-2.2147	2	3	-0.0634	3	0	1.4340	3	3	-2.1297	-0.3854	1.9801	1.3803	3	-0.6510	0	-1.1212	-0.9716	0	3.3828	-3.5375	1	0.8966	2	1	-3.8970	0	1	4.8308	3	-2.6835	2.8954	-2.1143	-0.7352	1	-0.2706	2	1	-1.3743	0	-1.0084	0
1	3	2	2	0.7231	0.2007	0.8191	0	1.7048	1	1	-0.0224	2	0	0.8486	3	2	0.1482	0.2569	-0.4702	4.0491	3	1.9896	2	0.9165	-1.0732	3	-2.2358	0.4447	2	-0.2715	3	3	2.8522	2	1	-4.1939	1	0.3515	-2.8568	-2.9447	-1.1247	0	-1.6508	0	0	4.1903	0	3.9714	2
3	2	2	1	1.6545	0.0679	1.9191	1	-2.5557	2	2	-0.0071	3	1	0.0097	2	3	-0.1280	0.6928	1.2473	2.4458	1	0.5565	3	-3.9243	0.7407	2	3.1236	-5.5709	1	1.3078	1	2	1.7206	3	1	-3.3902	2	-1.2457	0.3024	-10.0997	-5.7139	2	-0.5945	2	2	4.0922	0	-3.7205	2
0	2	0	1	1.3391	0.5464	1.8243	2	-1.9162	2	0	-0.4857	1	1	1.3948	2	3	-0.8290	0.7526	0.2967	-0.5308	1	2.5551	0	3.1843	-2.1078	2	-0.1448	5.8454	2	1.0640	0	3	1.2867	1	0	-1.6720	1	0.7448	-0.8706	9.4302	6.6093	0	-0.1812	1	0	4.0693	2	-1.2707	1
3	2	2	0	0.0285	-1.5897	-0.4946	0	-1.0708	2	1	2.4622	2	0	1.4985	1	1	2.4925	0.1984	0.7271	0.5712	2	1.2288	2	2.6146	-0.0746	2	1.6703	4.6368	2	0.8974	0	0	-0.5314	1	0	1.8082	1	-0.8021	-1.3538	5.2194	5.5638	3	-3.9250	1	1	-3.3174	1	-0.3183	3
3	2	1	1	-0.5735	-3.1409	-1.5477	1	-0.2767	3	2	-2.0923	0	3	2.2298	0	1	-2.6697	-1.7169	2.8524	1.3448	1	0.5501	2	-2.9442	-1.2581	2	1.9715	-7.1973	3	1.6414	0	3	1.2935	3	2	-3.0548	0	-3.1948	0.6595	-11.9206	-7.9306	0	5.0596	0	2	-0.9838	0	0.4817	0
1	1	1	2	0.0330	0.2767	-0.2055	1	-0.4323	0	3	3.1706	2	0	-0.8181	0	3	-0.1558	2.9554	-2.3553	1.7641	3	-1.0236	0	-1.0350	-0.9323	3	-0.2083	-1.9147	1	-1.2354	0	1	1.2154	1	0	1.8526	1	1.1870	-1.7670	-1.1508	-2.5612	0	-4.8785	0	3	-2.8213	3	1.2353	3
2	3	1	2	-0.9230	1.3065	-0.5656	2	-1.1810	3	2	2.8586	2	2	0.4894	1	0	-0.5356	3.7734	-3.9394	-1.8447	3	-1.1369	3	1.0406	-2.5244	2	-0.5154	-2.3737	3	0.9045	0	0	-4.4462	2	3	5.5961	0	5.0912	1.5354	-5.7579	-2.3878	0	-3.9204	1	3	1.9469	0	-2.3363	3
1	0	1	1	1.7529	1.5219	0.2270	2	0.6217	1	1	0.5035	3	0	2.6089	3	3	-1.1860	2.4680	-2.5371	-2.2327	1	0.7303	0	-2.8709	-0.7353	1	0.7526	-5.4903	1	-1.7344	0	3	1.6461	1	1	-1.5802	2	6.0347	2.2289	-3.6596	-6.4644	0	-2.9382	1	0	-0.7088	0	0.5447	2
3	0	1	0	1.7512	-0.7315	1.3335	3	0.3543	1	3	-4.9739	2	0	-1.0228	0	2	-0.0604	-3.4379	3.5813	-1.5858	0	5.6438	2	-0.5259	-0.7635	1	-2.2618	0.6851	0	0.5971	2	0	1.7688	3	1	-1.6918	1	-4.4757	-1.3726	1.6866	2.7712	2	10.3033	1	0	1.1831	1	-0.3110	1
2	2	1	1	2.3382	-0.2505	1.9843	1	0.0448	1	2	-2.2039	0	0	-1.9881	0	3	3.8758	-2.5430	3.8780	-0.4340	1	-1.7163	2	0.4329	-0.6531	3	-0.6792	2.3635	2	-0.9044	3	2	-1.2112	0	0	2.4116	0	-4.1965	-1.5935	2.2275	1.3493	0	2.8916	3	0	-0.3378	1	-1.6778	1
3	0	1	2	-2.1496	0.1099	0.3289	3	1.1049	3	2	0.1502	3	1	-0.4810	3	2	-3.8939	-1.3485	0.9016	-0.4665	3	-2.9732	0	-1.4091	-1.5337	1	0.4146	-5.1178	1	-1.1449	3	1	-2.3385	2	0	1.1451	1	-0.8006	-0.9065	-7.6712	-7.9019	2	-2.4372	2	2	1.8377	0	-1.2669	1
0	0	1	2	0.5937	-0.5382	-4.1150	2	2.6523	3	3	-1.5718	1	3	0.9983	1	3	-0.1350	-2.7200	3.5717	0.5832	3	0.9011	2	2.7264	-4.1580	3	-4.3993	5.7724	2	-2.2363	2	2	3.5314	3	3	-5.1610	1	-2.0554	-2.7641	5.4683	4.8303	2	4.9472	0	0	-6.8871	1	-0.3495	0
1	1	0	3	1.0451	-0.5149	-2.6525	1	2.5056	0	1	0.8423	2	1	0.5232	3	0	-1.9685	0.4335	-1.4746	-2.4805	2	0.1262	0	1.2875	-2.3640	1	-2.2619	-1.7820	1	-2.5481	2	1	-0.2692	2	3	-0.5989	1	2.1109	-0.0975	-0.8329	-2.8386	2	-2.0855	1	0	-2.5691	2	0.0141	0
2	0	3	1	-1.2010	-0.2825	-0.4342	0	-0.1105	2	0	3.1497	2	2	-4.1773	1	0	0.7958	3.2869	-1.4881	-3.2320	1	-1.4082	3	-1.5562	-2.2586	3	-0.9144	-0.2404	2	-1.1628	1	1	1.7199	1	2	-1.0198	1	1.4972	-1.9685	-1.3417	-4.0751	1	-4.8197	3	3	0.4730	1	-2.9638	2
1	1	3	3	1.2051	-0.3971	-1.1094	1	-0.7379	0	2	1.4487	1	0	2.7947	3	3	-1.9077	1.5198	-1.4241	-0.1221	2	0.0510	0	1.9343	-0.4003	2	1.1641	0.4088	0	2.2810	3	3	0.7907	3	3	1.1320	2	1.3028	0.0503	0.4873	2.2909	2	-4.9777	1	0	1.4891	0	3.1288	2
2	3	2	2	-0.4860	0.8476	1.2384	0	0.9457	1	2	0.7597	2	0	-0.1406	1	1	-2.5430	0.9717	-1.9561	-1.2454	3	-3.6119	0	-1.5481	-0.2839	3	0.9993	0.1543	0	-0.2462	1	3	-0.3965	1	1	0.7967	0	2.1886	-1.7982	-1.3924	-0.1553	2	-2.6535	1	3	-1.2887	2	-2.4182	1
0	3	1	2	-0.6849	-2.4663	2.7559	2	-2.1183	2	1	-0.2102	2	3	-0.0696	3	3	-0.6373	0.2167	1.1325	-0.9944	3	-0.6011	1	1.7029	-0.3358	2	3.3137	-1.7281	1	3.3293	3	0	-0.3121	2	0	0.1606	0	-2.0486	1.5917	-0.5585	-1.1477	1	-3.4054	1	3	0.5041	1	1.5189	1
2	1	0	1	1.3436	0.0073	1.6574	3	-2.7992	2	1	2.7442	1	2	-0.2866	2	0	0.7134	1.9329	-2.3806	0.5633	1	-1.0041	3	2.4468	-3.0790	2	-1.0006	-2.8227	1	0.5304	3	0	0.0963	1	1	0.4725	1	1.2053	-0.6801	-2.8764	-3.1513	2	-6.5862	0	3	3.3794	0	2.5631	3
2	0	2	0	0.0642	-1.2018	0.8256	3	3.6339	2	0	-2.6707	2	0	-1.6499	3	3	-0.4590	-3.1182	2.4177	-3.2982	3	0.3280	2	-3.3207	-0.1960	3	-0.9951	2.0099	2	-1.4626	3	2	-0.5466	2	2	0.0452	1	-2.3231	-2.9370	4.7463	-1.3769	2	1.9459	1	0	1.4668	1	0.0044	2
2	2	0	1	1.1988	-1.2306	1.7749	0	-3.3247	2	3	-0.8239	1	3	-0.7790	2	0	-0.8858	-0.8157	1.6029	-0.3483	1	-0.7309	1	-0.8415	0.6525	2	-0.1352	-2.3350	1	0.9692	0	1	-0.4685	1	1	1.9304	2	-2.6723	0.7335	-4.5455	-0.9276	1	0.2715	2	0	4.4069	0	-0.2517	1
2	2	1	1	-1.0908	-0.0481	1.4986	0	-4.2404	1	0	-2.1344	0	2	-0.3217	1	3	3.0907	-1.1981	1.7586	-0.1243	1	-0.9551	3	1.4514	-3.3601	2	4.4433	0.3127	2	0.0388	0	0	-0.2301	1	1	1.5209	0	-2.8097	1.6477	1.0240	1.2913	0	3.5940	2	1	1.3617	2	0.3137	1
2	3	1	1	1.0260	-0.3380	0.4356	0	-3.7577	1	1	1.1803	2	1	-1.0279	0	0	-1.3167	1.1127	-0.4508	-1.0781	1	0.1710	0	2.8193	1.9521	2	2.8012	0.0944	1	0.2073	0	1	-1.6664	1	3	2.6721	2	0.6207	0.3036	1.8973	2.8346	2	-3.4622	1	3	-0.6152	1	-0.1189	3
1	2	0	1	0.3393	-0.6184	-2.3780	1	0.8922	0	2	0.9909	3	1	-0.0992	0	0	2.6461	0.4379	-1.3823	3.7863	0	-0.4846	0	-2.0570	-1.0399	2	-0.0947	-1.8729	1	3.0475	2	1	1.8782	3	3	-5.2888	0	-0.3170	3.1650	-2.4170	4.5692	1	1.6414	0	0	-2.4002	3	1.6811	0
1	3	3	1	1.0374	0.7087	0.3733	2	0.5857	2	2	0.2361	3	1	-2.7274	0	1	1.7633	0.9480	-1.6805	0.4409	1	2.0425	1	-1.7897	-1.4452	1	-4.1853	-0.7753	1	0.2441	0	0	1.1459	1	0	-5.2007	1	1.5254	-0.0710	0.7869	-1.1549	3	0.0093	0	1	0.3359	0	0.2210	2
3	0	2	0	5.2202	-0.7502	0.0729	0	0.7370	0	3	3.8213	0	1	1.2037	0	3	1.5119	3.3849	-5.6545	3.0276	0	1.8623	0	-0.4124	0.3325	1	-0.0918	2.1191	2	-1.3045	0	2	1.9849	1	1	-2.3441	1	7.9187	-1.5825	4.8881	0.2250	3	-8.3033	0	3	-0.0305	1	5.0356	2
3	2	3	1	1.7965	-1.7249	-3.4659	1	3.3231	3	0	3.7345	0	0	2.4670	0	3	-0.0525	3.9179	-7.1932	0.0464	1	0.1465	1	2.0946	0.0646	3	-5.6569	4.8842	2	-2.7788	0	0	-2.8526	1	1	2.7404	3	8.2767	2.2613	5.1665	1.1215	3	-8.1102	1	3	-5.9631	1	-2.0651	3
3	0	2	0	-1.5641	-0.4113	0.6828	0	1.7578	2	2	-0.8360	0	3	3.0002	3	2	-3.3883	-1.7052	2.0220	-0.0947	0	3.1783	0	-1.4051	1.5703	3	-1.9523	1.7755	2	-2.5727	2	3	3.5036	3	0	-4.1927	1	-4.0593	-2.3502	4.2253	-2.2793	1	0.6559	3	2	2.2905	1	-1.1788	2
0	0	3	0	1.0699	-2.0021	-1.1840	1	1.2927	3	2	-3.7791	2	3	1.5604	0	0	0.4817	-1.9913	2.5605	-0.8636	2	-2.1233	1	-0.6097	-0.2026	3	-0.3198	-0.7207	0	-2.9671	2	0	1.9383	0	1	-4.9458	1	-3.5074	-0.4714	-2.9255	-3.5925	3	4.9164	1	2	-1.9086	0	0.4332	0
0	1	2	3	2.8049	-0.2185	-1.7418	0	-2.5682	0	1	3.0930	2	0	-0.5901	3	1	-1.6481	4.3785	-4.7929	1.3270	2	1.6924	0	0.7402	-3.2281	2	0.0453	0.4804	3	2.8632	2	1	0.7692	3	3	-0.1857	1	5.4012	1.0569	1.8327	4.1595	2	-4.1627	3	3	-3.6002	2	0.9344	0
3	1	3	3	1.2795	0.1712	-0.0197	3	-1.4851	1	2	2.4627	2	1	1.8764	1	1	-0.1020	1.3037	-2.6096	1.1126	2	1.8635	0	-0.2961	1.4997	1	-2.3178	-2.6148	1	-2.6775	2	2	-2.6069	0	1	4.2853	3	5.7231	0.7972	-4.8591	-4.8621	3	-4.0282	0	2	1.4917	3	-1.7250	3
0	1	2	3	2.0914	-1.6554	1.0874	3	1.6784	2	1	-1.4776	0	2	-1.8109	1	1	1.4410	-1.9242	3.7793	-1.0229	2	0.1170	3	0.4396	-1.0517	3	-2.9125	2.0286	2	-1.4050	3	1	1.8739	2	1	-0.3029	1	-5.9231	-2.1316	6.2844	-1.6499	2	2.3725	1	1	0.1992	2	0.6436	2
2	2	3	0	2.0363	-0.0636	-2.9848	3	1.2055	0	1	-1.2407	3	3	1.9210	2	2	-2.1450	0.1815	-2.1458	-2.0420	0	-0.7047	3	1.5204	-1.2351	0	-3.4022	0.9849	2	0.9950	2	3	-1.8366	0	2	1.8775	1	2.1483	-0.4094	1.6087	3.6052	3	-0.2061	1	3	-4.7582	2	-4.4493	0
3	0	2	3	-0.9218	1.0480	-2.1715	1	-1.4381	0	3	-3.8085	1	3	0.7908	2	2	-5.0475	-0.9559	0.6278	0.6481	2	2.0995	0	0.8070	-0.0733	2	-0.7248	-2.0414	1	-1.4316	1	3	-0.8513	0	1	4.3987	1	-0.4411	-2.7238	-1.6312	-5.5757	0	2.9637	2	2	-0.7607	3	-0.0064	0
3	0	0	0	0.9637	0.6728	-0.1823	0	-0.6187	0	3	-0.9441	1	3	0.7908	3	3	-2.3829	-0.0853	-1.8542	-0.9726	0	-0.3359	0	1.2861	0.9165	1	-0.0847	-2.6452	1	-1.5781	1	3	5.0410	0	2	-5.5136	1	2.8625	0.3556	-0.0581	-6.5233	1	0.1263	2	2	0.7131	3	0.9397	2
0	3	0	2	-1.8179	0.3365	0.3043	3	0.6299	0	1	1.9419	2	1	1.0615	0	3	1.7020	2.3101	0.5660	-0.2847	3	-0.7756	3	-1.6391	-1.3161	2	1.3488	-2.3468	3	1.4881	1	2	-0.6572	1	0	-0.2337	0	2.2648	0.3015	-0.3951	-0.0283	1	-2.7169	3	1	3.4215	0	-2.8142	3
0	2	2	1	-1.7056	2.0200	-1.0271	1	2.4646	2	0	-2.6251	3	2	-0.5231	3	0	-2.3767	-1.8954	3.7616	3.0580	1	1.7495	0	-1.0529	1.7130	3	-1.2122	1.1831	2	-1.6520	1	3	2.0047	0	3	-4.2697	1	-5.0853	-2.1826	1.9536	-3.8920	1	4.8041	0	0	-2.6681	2	0.3519	2
1	0	0	0	-0.3650	0.7321	-1.6542	2	1.1646	3	1	-0.7472	1	0	0.9783	0	3	0.5985	-0.5386	0.2496	-0.9743	0	-0.5608	3	-3.9753	2.2501	0	1.0776	-5.9174	1	0.8618	3	2	-0.3127	3	2	-2.0250	3	-0.9665	3.3192	-4.4739	-6.8223	1	2.0425	3	0	-1.9330	0	-3.0955	0
3	1	1	3	-0.3732	1.8879	-0.9134	2	0.1860	3	0	0.3404	2	3	3.9315	0	3	-0.7657	1.1594	-0.8663	0.6926	2	1.8164	2	-0.3332	-1.2940	1	-0.7211	0.4423	2	0.8314	0	2	-1.9754	2	2	-3.6150	1	2.4105	-2.5388	0.8756	1.5323	0	-2.7985	2	2	0.0445	2	0.2442	0
3	2	3	1	0.1837	-2.9115	-2.1493	1	-2.0353	3	0	-1.7157	1	2	0.8380	3	0	-0.2973	-2.3799	1.9991	-0.1201	2	-0.3149	3	-0.9816	0.1183	2	1.1556	-2.1681	1	0.6190	3	0	2.4064	2	3	-5.1905	1	-2.1958	-0.8106	-2.2931	-2.2467	3	2.1879	3	2	-4.1191	0	-0.1724	0
3	2	3	1	2.9267	1.8921	-0.1369	3	5.2497	2	2	0.6208	2	2	1.4294	0	0	1.7347	1.1879	-3.0290	1.4202	3	1.9210	3	0.4087	-2.9706	3	-3.9236	3.6593	2	-0.2634	1	0	2.1769	2	2	-1.5473	1	2.1035	1.2884	4.1208	3.3454	3	-1.5703	0	2	0.2538	1	-1.7529	2
2	2	0	1	-0.1947	2.1648	0.7937	0	-0.0989	3	3	-2.1555	2	1	-1.2018	0	0	2.9940	-2.4285	3.2020	-1.1411	1	-1.5867	3	-2.4139	-1.2489	1	0.0433	2.5240	0	-1.6963	1	1	-2.0650	0	2	0.3766	0	-0.5118	0.6781	0.4670	0.4253	1	3.5516	3	0	-2.1016	1	-0.3294	1
0	2	3	1	-0.2218	-0.9833	0.8419	0	0.3330	2	2	2.3418	0	1	-1.8949	2	0	-0.6783	1.9404	-2.7242	1.3770	0	-0.4214	2	0.2697	1.5622	3	0.2349	-0.3961	3	-1.4178	0	3	-2.3196	2	3	2.8640	2	1.8546	0.2826	3.8558	0.0006	3	-3.1157	0	3	4.2843	3	0.3005	1
0	2	3	1	1.3735	0.0046	-0.8352	0	0.9716	2	3	-0.0428	1	1	-0.6885	1	1	1.8577	-1.0094	-0.0194	-3.5886	2	0.7957	3	0.5115	-0.6326	1	-0.6794	0.1315	2	-1.1125	1	0	1.7335	0	1	0.1488	1	0.2688	-1.4589	-0.5891	-4.3615	3	-2.0155	1	1	-1.4270	0	-2.7301	2
2	2	1	1	0.2872	-1.3070	1.1383	2	-0.0803	0	3	0.2194	0	1	-0.2089	2	0	-1.0023	-0.7627	0.1805	0.9428	1	2.6783	1	0.6210	0.2103	3	-0.5463	0.6337	2	-1.4429	0	3	0.4339	1	1	0.4124	1	1.0731	-0.3642	-0.5810	-0.8017	3	0.9616	2	0	3.7976	1	2.1005	3
0	1	2	3	-1.9903	0.0316	-1.2454	2	0.7745	3	1	-0.3583	0	0	0.4060	1	2	3.4538	-0.3206	1.7804	-3.4153	1	0.7828	2	0.5519	1.6693	0	-0.8997	0.8174	2	1.2266	3	0	-0.8557	0	3	-2.3634	2	-4.7203	0.0712	0.7704	0.6798	1	0.1481	1	1	0.5898	1	-2.6627	0
1	1	3	2	-2.0459	1.3316	1.7551	2	2.2019	2	2	0.6981	3	0	-0.2483	3	1	-4.4797	2.1186	-2.9287	2.5796	2	2.2465	0	0.3941	-0.9020	3	-3.1830	2.9483	2	0.2927	2	3	-0.5321	3	3	-0.2107	3	1.4181	3.2589	4.9728	5.9197	3	-3.3795	2	2	2.5021	2	-0.6539	1
1	1	1	3	-0.5302	1.0993	-1.5678	2	-1.3281	3	0	2.3333	1	1	-0.2967	1	1	1.3703	0.6158	-0.8366	1.7304	2	1.8181	3	-0.6655	-1.5790	2	0.6475	-3.7790	1	1.1304	2	2	1.8496	3	0	-4.2339	0	-0.6186	0.1749	-6.1405	2.0071	2	-2.9340	2	1	-4.2951	0	0.2503	2
3	2	1	3	-0.6564	1.8124	0.4134	2	0.7110	2	2	-2.3955	1	3	-0.9123	1	0	0.6296	-0.7658	3.3312	-3.1480	2	1.1265	1	-3.2773	-0.1252	3	-2.2541	0.0130	2	-0.6391	0	0	2.5160	1	3	-1.8047	1	-5.4915	-0.1832	-2.4715	-1.1634	0	2.9011	3	2	1.0074	0	-1.2275	2
2	0	3	3	0.3442	0.8506	-0.9139	1	-3.0310	1	3	3.6599	3	2	1.0460	1	1	1.9977	2.0196	-3.8855	1.4013	2	1.1723	1	0.5949	0.8450	2	2.6941	-1.9677	3	1.0508	2	2	-0.1838	0	1	1.9377	2	2.9067	-0.2419	-2.6618	0.1537	3	-7.1086	0	3	0.6206	0	-3.7484	3
0	2	1	1	0.7537	1.2983	-3.2082	3	0.3121	3	3	-1.2041	0	3	0.0924	1	1	0.9295	-0.4773	0.6907	0.0709	1	0.6746	1	-1.0546	1.6761	3	0.0505	-3.7417	1	-1.7719	1	1	2.0997	2	0	-5.1292	1	-0.7847	-0.8365	-5.3499	-6.5653	0	0.1821	2	1	-6.0373	0	1.1665	0
3	2	1	1	0.3547	-1.9559	1.2216	1	-2.0070	2	2	1.9429	1	1	-0.4604	2	2	-0.8302	1.4935	-1.5328	0.4270	1	0.2783	0	2.0322	0.3562	2	1.8991	0.5013	3	2.6627	1	1	-2.8920	3	1	3.4232	3	3.4516	-1.7505	1.8761	1.1327	1	-0.8212	0	2	3.7139	1	0.1794	1
1	1	2	3	1.3387	-0.5169	0.9667	1	1.8627	1	3	0.3823	3	1	-1.8314	2	0	-0.3544	1.3868	-1.7370	1.6201	0	-1.6447	0	-1.1099	-2.4089	1	-1.0121	-1.2220	1	-0.3800	3	1	0.1577	3	3	1.6324	1	3.5119	1.6433	-5.3739	-2.7398	2	-2.5592	0	3	3.2815	3	-0.0944	3
0	1	2	1	0.1486	-0.9398	-2.5604	0	-1.0363	0	0	-0.5676	0	2	1.1281	3	0	-2.9351	-0.3473	0.5031	-0.7856	1	0.0378	1	-0.9722	0.5116	2	-0.0192	-1.6243	0	2.8755	3	3	-0.3546	1	0	1.2379	0	-2.4417	1.5528	-1.4142	-0.3192	1	-0.3860	3	1	-4.9308	1	2.7772	0
3	3	1	1	1.9224	1.0759	1.3475	3	1.9098	1	3	2.8369	3	1	2.2175	0	1	1.7565	3.4725	-5.0826	3.4199	1	-1.4494	3	2.5645	2.7026	3	-2.9294	5.6649	2	0.1809	0	0	-0.3012	1	2	-0.4426	3	6.7764	-0.3326	7.2130	4.3613	3	-2.5674	0	2	1.2679	1	1.4674	3
1	0	3	2	-2.3329	1.4721	-2.8204	1	-0.4518	3	0	0.7692	0	2	2.0388	0	2	3.2047	-0.6437	-0.0096	0.6286	3	-2.9397	3	2.1167	1.9140	3	2.0936	0.1336	2	-0.4639	0	2	-0.7278	3	1	-0.1533	2	1.2030	0.0538	1.1996	1.8249	1	-2.2389	0	0	-4.0550	1	-0.2660	0
2	1	2	3	3.7340	-1.5367	-1.7771	2	1.6344	3	0	-1.1030	0	3	-2.1890	3	1	-3.3316	-0.8224	2.7266	0.3491	2	-0.0866	0	2.3411	-1.4199	3	0.6190	3.2736	2	1.1703	3	3	1.7333	1	3	-3.1942	1	-1.6948	-1.1452	6.0539	5.4538	3	2.6908	2	1	1.4440	1	0.7538	0
1	1	0	3	0.3866	1.7770	-0.3553	1	-0.8141	0	0	-1.5014	3	2	1.2024	2	1	-0.7997	0.0178	1.9639	-1.2364	2	-0.1408	3	-1.7181	3.4055	2	1.6407	-2.8516	3	-0.2646	1	2	3.2482	0	3	-3.5438	2	-0.5420	1.1946	-3.3451	-4.3729	2	2.5660	3	0	-0.3138	0	0.6353	2
2	2	0	1	1.3116	0.2232	-3.0086	1	1.5470	3	1	1.3645	3	1	-2.4078	0	1	3.2146	0.5973	2.5203	0.9019	1	0.8599	3	0.5817	2.1706	1	-0.3791	2.8715	2	-0.9266	0	2	2.8508	2	0	-4.9879	2	-1.1075	2.2003	4.3119	3.3000	3	0.1547	1	1	-3.6603	1	-1.9458	0
0	0	1	3	0.3771	1.9750	0.7585	2	0.3814	2	2	0.1339	3	1	0.2897	3	1	-1.2603	1.0496	-0.6780	-1.2561	2	-0.1942	0	-2.3507	0.4095	1	-1.3500	-1.0023	0	0.3855	3	1	-2.4396	2	2	2.3157	3	2.3610	-0.2797	-1.7574	-1.5795	0	1.5593	3	1	-2.1402	0	1.3645	1
1	1	1	3	1.1038	-1.0173	-1.4233	1	2.4849	3	2	1.6752	1	2	1.4871	1	2	-1.2711	-0.1855	-1.4058	-2.0015	2	2.6297	2	-2.0234	-0.6838	3	-2.5539	0.3109	0	-2.4934	3	3	-1.9413	2	2	-2.0762	1	1.0071	-1.6994	-5.0409	-4.8450	0	-0.0441	3	2	-0.7150	0	-1.3973	3
2	3	0	2	-0.0364	-0.6724	1.8658	2	-2.1873	1	0	-0.8567	3	3	3.1147	3	3	-2.5981	-1.9243	6.3288	0.9933	3	0.1010	1	-1.5959	-1.4878	2	0.5036	-4.9967	1	3.2055	0	3	-0.4469	1	1	-0.2190	0	-9.6685	-1.6909	-8.1519	2.0709	1	0.2071	0	2	1.2023	0	1.4513	1
0	0	0	0	-0.5299	-0.7924	-1.2895	1	0.3020	2	0	2.3032	1	0	2.0174	2	0	0.8860	3.3784	-3.3369	0.8380	0	-0.0669	2	-0.8239	-0.2725	3	-0.5543	-0.5134	3	-3.1069	3	0	1.4010	1	3	-1.3976	1	3.7936	0.8956	-0.2190	-6.1098	1	-3.4972	2	3	-5.1041	3	-1.6034	2
3	0	1	0	1.9475	-1.3113	0.4612	0	-0.2029	2	0	-2.2283	0	0	2.0602	0	3	-0.6953	-1.2769	-0.3414	-4.0835	2	-1.4307	2	-2.4656	0.8157	1	1.7326	-1.8907	3	-0.0888	0	1	0.5277	1	1	0.3275	2	1.6597	-0.2522	-3.2611	-2.2776	2	4.2390	3	3	-1.5172	2	-4.9280	2
3	3	3	2	-3.6076	0.2023	0.4652	3	0.7827	2	1	-0.8641	0	1	-2.6869	0	3	1.8382	-1.8571	0.8934	-0.9016	3	-0.1774	3	-3.3987	-1.9134	3	-0.5579	-5.0346	1	-2.7359	0	2	-3.0274	0	0	3.4784	0	-4.2144	0.5183	-6.5712	-7.6920	1	-1.3676	2	2	-3.1443	0	1.1028	1
0	1	2	3	-1.0083	0.2047	-3.5921	3	2.8649	3	0	-1.1141	2	3	-0.6240	2	3	-4.1524	-2.5860	1.9684	-1.1411	0	3.2681	1	1.9692	-2.1443	3	-1.0467	0.7956	0	-1.2516	2	3	-0.3596	3	2	-0.5737	1	-1.2766	1.6900	1.7451	0.3974	1	3.4760	1	1	-6.7830	3	1.0153	0
3	3	0	2	0.0287	-0.1519	-0.9876	0	-1.5052	3	0	-0.8461	3	2	2.6534	3	2	-2.6746	-1.3914	2.6423	-1.7866	1	1.6344	1	0.3525	0.9018	2	1.9807	-2.3493	3	3.6041	0	3	2.9298	1	0	-6.6765	2	-2.9879	1.9039	-1.9221	1.2365	1	-2.4463	3	2	-0.3191	3	-0.4847	2
1	0	3	0	2.0958	1.4394	1.2026	3	-1.8499	2	3	1.1962	1	1	2.3453	3	3	-0.9961	1.0592	-4.7972	2.7492	3	-1.3171	2	-0.9203	1.9164	2	1.2094	-2.9865	3	-1.2898	1	1	-0.8021	3	1	-0.0816	2	3.0830	1.7050	-2.2336	-5.0895	2	-4.1909	2	3	0.9191	0	1.0964	3
3	3	3	1	-0.6610	-1.4678	-0.6511	1	2.9667	2	2	-0.7855	2	3	-1.0686	2	1	-4.4702	-1.2244	-0.1341	0.7568	2	1.2335	0	0.2271	0.7353	3	-2.8012	0.7812	2	-2.0466	2	1	0.6933	3	2	-2.3602	1	-0.3668	-0.2112	3.5060	-2.8828	1	2.4578	2	2	0.3974	1	0.7547	0
1	2	2	3	-0.2704	-0.1623	1.4848	0	0.9505	2	2	-0.1601	0	0	1.4155	2	1	-1.5680	-0.9245	-2.0251	-0.8624	1	1.9796	2	0.6951	2.1362	3	-0.6205	0.1253	1	-1.1754	2	0	0.0332	3	3	-2.3117	2	1.0235	-1.1678	-0.3456	-3.1198	2	1.2412	1	1	-0.2751	1	-1.5880	1
0	1	3	1	-0.8559	0.3432	0.3848	2	-2.0912	0	2	-2.4448	0	3	-1.8175	3	3	1.0299	-0.2969	-2.9358	2.2735	3	1.7618	1	0.6609	-1.4532	2	1.1968	-0.9037	2	1.0508	0	0	-0.4343	1	1	2.1860	0	4.2425	-0.1787	0.7561	-2.1724	2	3.2625	0	1	3.8644	3	0.8936	1
3	1	3	1	0.5746	0.3061	0.1414	3	0.4264	3	2	-0.7854	0	3	-1.0480	2	3	-2.2145	0.4484	-0.8851	0.5248	1	-0.4768	0	0.4322	-0.1728	0	0.2643	0.2991	3	1.6516	0	3	-1.7972	1	2	-0.6944	0	1.3825	0.1001	2.8470	3.3171	2	1.0717	3	2	1.1237	1	0.5377	1
2	3	2	3	0.0417	-0.8483	0.8821	2	-1.3034	2	3	-1.4434	3	2	-0.3422	2	0	0.2952	-0.5642	-0.7346	-0.3336	3	1.2890	3	-0.8010	1.4978	0	0.5010	-3.0736	1	1.4887	0	0	0.0151	1	3	-0.8239	2	-0.4357	1.9627	-1.1922	-0.2611	0	2.7207	3	3	0.1163	0	1.1326	1
1	0	2	2	1.3956	-0.7838	1.5696	2	0.2797	1	1	0.9835	2	1	-1.8474	3	1	-0.3371	1.1404	0.9464	0.9322	3	0.8267	0	0.4741	0.2814	1	-1.8382	-2.4956	1	-1.2119	2	1	0.2887	1	0	1.7148	3	2.1421	0.3484	-0.7578	-0.3435	2	-0.5377	2	3	1.6920	1	4.3764	2
2	3	2	2	0.8590	-1.1484	-0.4532	0	-1.1804	3	2	1.5722	0	3	-0.9848	2	1	-1.7284	3.5061	-3.2290	0.7867	3	0.6906	0	-1.4177	0.9937	1	1.3557	-0.9160	2	-0.6621	0	1	-2.7329	0	3	1.0911	3	3.9074	-0.5730	-2.6316	-1.5329	2	-3.8197	0	3	0.2346	0	3.4216	3
0	1	2	3	0.0637	1.8304	0.9526	3	1.4002	1	3	2.5787	0	0	0.6433	1	0	0.9316	2.0836	-1.2186	1.6655	2	1.0943	2	-2.9622	2.2892	3	-3.6728	0.1379	0	-0.9581	2	0	2.3230	3	3	-1.4872	1	1.1481	-1.6896	-0.6666	-0.4998	3	-3.2392	0	3	-1.9194	3	-1.8267	3
0	3	0	1	4.8295	1.0739	-2.0639	2	-0.1747	3	1	-0.3566	2	3	-0.6297	1	0	0.7186	-0.3789	1.6746	0.3258	3	-1.7388	1	1.3216	1.6071	3	-0.1407	1.6069	0	-1.1289	0	2	-0.0989	1	0	-0.1807	2	-1.6463	1.8389	-0.8253	-0.6358	2	0.3337	2	0	-4.0027	2	1.9460	3
1	0	0	3	-0.5271	0.1134	-1.5296	3	1.7052	1	2	-1.0859	2	2	0.3844	0	0	1.8148	-0.5335	-0.7633	1.0651	2	0.0730	3	-0.1108	0.1479	3	1.9412	-0.7354	3	-2.3218	2	2	-0.5934	3	3	0.7598	0	0.4638	0.5207	0.0923	-0.6244	1	1.7454	0	2	-1.4435	2	0.7267	0
2	0	2	3	2.6267	-0.0817	-0.4918	3	-1.6696	2	1	-0.7244	1	0	0.5182	3	3	-0.1209	-0.1087	-0.3097	-0.5194	2	-1.8207	0	-1.0500	0.8976	2	2.5334	-3.8833	3	2.4882	0	1	0.7821	1	3	-0.1422	2	1.3355	1.5068	-2.2336	-1.9626	2	-1.6863	3	3	1.1582	3	1.8288	0
2	2	1	1	-0.5959	0.3035	1.2745	3	1.3386	2	0	2.1182	2	0	-0.1238	0	1	3.7197	1.7487	-1.4653	0.6566	1	2.2218	2	1.0997	-1.6115	2	-0.6976	5.6832	2	0.9351	1	0	-3.8663	0	3	3.3761	0	1.0384	-0.0571	5.8343	6.0032	1	-3.7869	2	3	1.3414	1	-1.6682	1
0	0	1	3	1.9582	0.1253	1.1104	2	1.1229	1	0	1.8880	2	2	-0.0717	0	3	0.2358	-0.3141	-1.5393	0.9644	1	-0.7045	2	1.8179	0.1911	1	-5.8825	0.4144	3	-1.1760	1	1	0.1272	2	1	1.2991	1	4.6489	-0.2601	0.4376	-2.4987	2	-2.2502	3	1	0.6574	2	-0.1404	2
3	2	2	3	-1.2775	-0.6008	2.8711	2	0.9493	1	2	-2.9764	1	1	-0.2788	3	3	-1.8987	-3.6166	4.4735	0.4320	2	3.3702	0	-0.4332	1.5817	1	-2.1504	-0.9777	1	-1.2315	2	1	0.4061	0	0	2.3991	1	-5.0459	-1.1687	-0.5521	-1.4582	1	4.9319	1	0	3.8612	2	-0.7763	1
1	2	1	1	0.7486	-0.9327	0.4157	0	1.6218	0	2	-1.0518	3	2	-2.9965	2	3	-2.2286	-1.7439	3.2861	-1.2414	1	-2.1416	1	-0.0877	-0.2345	3	-1.5819	-1.8671	1	-1.0253	3	3	1.3876	2	2	-3.9979	1	-7.0429	-0.5909	-3.5362	-6.1398	3	1.8284	3	0	-2.6094	1	1.9609	2
1	3	0	0	2.0600	0.0828	0.2387	1	-0.5656	2	1	-1.6680	0	2	0.6798	3	3	-2.7166	-3.0474	1.0396	4.8080	0	0.2948	0	1.2843	2.2915	2	-2.5307	4.7892	2	0.1563	2	1	1.5810	3	0	0.0829	3	0.7652	-1.2708	5.1438	3.5981	3	2.3637	0	0	-1.7722	1	0.3089	1
2	3	0	2	-0.4065	0.1607	-1.5130	2	-1.7458	3	2	3.5467	0	3	1.0428	0	3	-1.3061	4.0381	-3.8286	2.0402	3	-3.2556	1	0.0772	-3.5033	3	-0.7642	-1.5360	3	0.5124	1	3	-2.7190	3	1	3.6427	0	5.7028	1.6257	-6.2480	-3.3195	1	-6.2787	0	3	2.6984	0	3.2440	3
2	2	0	0	1.3935	1.7178	0.1202	3	3.2247	0	2	-1.2134	0	2	1.7941	3	1	-1.6139	-2.0041	0.2882	1.0008	0	0.7636	2	-1.0666	0.7592	3	-2.4910	-0.0827	3	0.6935	0	3	1.0331	1	2	0.4643	1	-2.2089	-0.9473	-0.2248	4.0706	3	-0.6383	0	0	0.4163	3	1.4075	0
0	2	2	1	0.9904	-0.4992	-0.4426	0	-0.3006	1	2	1.6821	3	1	1.3666	0	3	1.9807	0.4615	-0.8448	2.0548	1	-2.4027	1	-2.2709	-0.5815	1	1.0686	-2.6466	1	-1.7214	1	2	-2.3685	0	1	5.2262	0	1.8705	0.6926	-1.7235	-3.8740	2	0.1539	0	0	-4.0594	0	-0.7692	3
1	0	3	0	-0.3519	0.8888	-2.0836	3	4.7710	3	0	1.9843	2	2	0.7184	3	0	-0.4815	3.2134	-6.5101	-0.7631	2	1.1205	1	2.4017	-3.9097	3	-5.3206	6.9785	2	-1.9854	1	3	-2.9256	0	1	3.2274	1	6.0949	-1.5988	6.0516	3.4979	3	0.1722	1	3	-2.6582	1	-1.1031	0
1	1	3	2	-1.2337	-1.1651	-1.9934	2	-2.3303	1	2	-1.3146	0	0	0.9697	2	1	1.7280	-1.0712	2.1694	-0.0046	3	1.8744	2	1.4210	0.3924	0	4.3011	-1.5675	3	0.3087	1	0	-2.8873	0	3	2.0409	2	-5.6239	0.8003	-1.7845	0.1083	1	2.0078	1	0	-3.4092	1	-0.6953	1
0	2	2	1	-1.2068	-1.9792	-2.1554	2	0.1538	3	2	-1.4106	2	1	-0.9570	2	3	-0.4718	-1.9208	1.3201	3.5434	1	1.3486	0	-1.0144	0.7965	0	-0.3451	0.2434	2	0.3261	3	1	-1.9958	2	2	0.9470	3	-1.0746	2.0400	2.3024	0.0927	0	3.0664	0	0	-2.8906	1	5.5215	0
2	3	1	2	-0.2409	-1.8165	3.5132	2	-1.2133	1	3	0.2131	2	3	0.5865	1	2	1.4291	-0.5861	3.2821	-2.2275	3	0.4461	2	-3.2346	-2.6604	2	0.7410	-3.8044	1	0.2431	2	2	-0.6495	1	2	2.2819	0	-3.9404	-2.0513	-2.6075	-3.0100	0	1.2403	3	2	3.6354	0	-3.1189	1
1	0	2	0	-0.0026	-1.2124	-0.7202	0	-0.0787	0	3	-0.5995	1	1	-1.2072	2	2	2.2034	1.0239	-1.0640	2.1639	0	-0.8320	3	1.7738	-0.5652	3	1.2601	1.8350	2	0.1908	3	2	-0.3816	2	0	1.3412	1	0.3391	0.9418	2.0988	0.5970	2	5.3330	2	0	-3.9013	3	-1.5294	0
3	2	0	1	-1.4128	0.5893	1.0336	1	-4.5968	0	1	0.9474	0	1	-3.3627	0	1	-0.4556	1.7358	-2.7303	-0.8705	1	2.7771	2	-4.3038	2.1824	2	5.0735	-9.7684	1	-0.1024	3	2	3.9333	2	0	-5.3211	2	2.8898	0.8491	-10.5872	-13.7785	1	-0.9477	3	2	1.8045	0	-2.7043	2
2	3	3	3	0.5048	-0.6906	2.0982	3	-1.4106	3	2	-0.9191	0	1	-1.6174	0	2	1.7869	-0.5870	-0.3537	-5.3366	2	4.0019	2	2.9006	-0.4882	2	0.9968	3.6688	2	4.1594	0	1	-0.2083	2	0	0.7820	2	-0.6936	2.2979	5.0437	13.4411	3	4.2525	1	1	1.6312	1	0.9155	2
3	2	2	2	0.0209	-0.4658	-0.6494	2	0.9881	0	1	0.1802	1	2	-1.0799	0	2	2.3341	-0.0296	1.1335	-0.7953	3	3.1238	1	1.7238	0.2446	2	-0.8321	-0.0431	3	0.3536	3	2	-1.6196	2	3	0.3294	2	-2.1701	2.1399	2.9611	-0.6474	1	-2.4701	1	2	0.1650	2	-3.6072	3
2	3	3	2	0.4536	0.8089	-2.6638	3	2.0127	3	2	-1.6025	3	1	-3.4332	3	1	-0.1383	-2.7562	3.9992	-0.2761	3	-0.3443	0	-0.5292	1.8525	3	-3.9574	0.5214	3	-1.1612	0	3	4.6451	3	0	-8.6036	1	-5.1509	-1.7513	1.1326	-1.4921	3	3.6223	0	2	-3.2732	2	-1.4352	2
0	2	2	1	0.9867	-0.3158	-0.1733	1	-1.1966	0	1	0.0438	1	1	1.9634	3	3	1.4183	1.9519	-0.6495	1.9935	1	-3.1005	3	-1.2070	1.4552	3	2.0731	-5.3519	1	-1.4524	3	1	-2.6634	2	1	3.3892	2	1.2138	0.9647	-3.8538	-7.4157	2	2.8578	2	1	-2.3302	3	-0.0485	2
0	1	3	3	0.3432	-1.8086	1.4205	2	-0.5565	2	3	-0.2187	0	2	-1.0071	0	1	2.2051	-1.6784	3.2278	1.8886	2	4.5909	2	1.3718	-2.8853	2	0.1517	0.8422	0	1.4773	2	2	-0.7178	1	2	-0.0800	1	-3.3781	0.3044	1.7166	4.1480	1	0.4168	0	1	4.9226	1	-1.0216	3
1	3	2	0	-0.0663	-0.7355	-0.4254	2	2.1331	0	3	-0.8896	0	0	2.3823	1	0	0.5164	-0.2955	0.5137	-1.5744	3	0.2186	2	0.9479	-0.1093	3	-1.0389	0.2448	2	-0.4159	1	1	0.5365	2	1	-0.0351	2	-1.4679	0.8668	3.1746	-0.1830	2	-1.5766	1	0	1.1679	0	-3.6936	0
3	3	0	2	-1.6212	0.1822	-0.0804	3	3.8116	0	0	1.4523	2	2	-1.2586	1	0	2.9432	1.2007	2.1416	3.0026	3	0.3878	3	2.1735	-1.5039	3	-0.7390	6.0179	2	-1.7511	2	3	-3.1258	0	1	4.3251	0	-3.5800	-0.3889	7.8807	3.1967	1	-3.1498	0	3	-0.5882	1	-0.4996	3
1	1	0	1	1.1010	0.1049	0.2799	0	-0.8154	3	2	-2.3319	3	3	1.3478	2	1	-4.0684	-1.9426	2.6783	3.1282	2	-1.5636	0	2.1724	-3.4355	2	4.4385	6.2199	2	-0.5711	3	3	-1.0790	3	1	2.5927	0	-3.2201	-0.9424	6.5206	5.7168	2	4.9700	0	0	-0.0421	1	4.6280	1
1	1	2	1	-1.3846	-1.2949	1.0816	0	-1.1040	1	1	-1.5262	0	3	0.4693	3	3	-3.3124	-0.9694	2.2704	-1.9006	1	1.7878	1	-0.6591	-0.5072	2	4.5099	-4.0004	1	0.9680	3	1	1.1058	3	0	-2.0757	2	-3.2516	-0.7162	-5.0652	-4.2384	1	1.5741	1	0	5.7680	0	-2.3368	1
1	2	0	0	1.2234	0.0747	0.7674	1	4.1220	2	1	0.2068	0	0	-0.6291	1	2	0.3923	0.9527	-4.4290	2.9125	1	3.9585	1	2.7071	2.2371	3	-2.8646	6.7518	2	-1.5500	0	0	0.5556	1	1	-2.9062	3	6.2136	-0.0839	11.2583	6.4280	2	-1.8408	0	3	0.3416	1	3.1102	2
1	3	0	2	-0.1175	2.9806	0.7015	0	2.6245	1	1	1.0816	2	0	1.2184	3	1	-1.3984	-0.4354	3.5192	0.9746	3	-1.1465	0	1.9441	-1.8033	1	-0.4422	3.7722	2	0.3682	2	3	1.0330	3	0	0.2604	1	-4.1342	0.3318	4.7217	5.5889	1	-3.5820	0	1	-0.1990	2	1.8081	2
0	2	3	1	-0.5787	1.1003	1.5921	2	-0.0756	2	3	-5.1861	0	3	-0.9817	1	3	2.5386	-4.9965	2.8505	0.0200	3	-4.2750	1	-4.4710	-1.1198	3	0.0506	-6.6844	1	-0.8115	3	1	1.3927	3	1	-3.3900	0	-6.3785	1.6204	-4.5312	-9.4864	0	10.8717	3	0	2.8036	0	0.2953	1
0	1	3	0	-1.4782	0.9022	-0.9247	3	-1.0520	3	3	-0.1264	1	2	-0.8253	3	0	-1.8423	-0.3671	0.1673	-1.2069	0	-1.5778	0	-1.0179	-0.5823	1	-0.3913	-4.4213	1	1.0723	0	3	-0.8393	1	3	0.5150	0	3.2981	-2.2985	-8.6443	-2.2868	3	-1.1657	3	3	1.3233	0	-0.9086	1
3	3	0	2	2.0401	-0.3054	0.5119	0	-1.4306	2	1	2.3986	2	0	2.1465	2	0	-5.3774	2.0591	-0.0207	-0.3334	0	-1.0234	0	-2.2134	-1.7162	0	3.4527	-7.2925	1	0.7319	3	3	-0.7043	1	2	2.2482	0	-1.6899	0.6528	-7.4313	-7.4353	2	-4.0716	1	2	0.2176	0	4.5042	3
1	0	3	3	-2.3412	0.2721	-0.9266	0	2.2104	0	3	1.3600	1	1	-1.3250	3	0	-1.6654	2.2916	-2.1777	1.3779	2	1.2950	0	0.6125	0.2259	3	-2.7179	5.8547	2	-1.9197	3	1	0.1215	2	2	-1.0135	1	4.3585	-3.5847	9.3902	2.7668	1	-2.0194	0	3	-1.8849	2	1.0640	0
3	0	2	3	0.6590	-1.5944	0.8026	2	0.7059	1	3	0.7095	3	2	1.0483	0	1	0.2639	-0.1733	3.2894	-0.4004	2	-0.4163	2	0.1257	-1.6002	1	-1.3582	1.3874	2	-0.8840	1	3	-0.0657	2	3	0.3529	1	-3.5738	0.3628	3.4155	0.2062	0	-2.6375	0	1	0.1839	2	-3.2446	1
0	3	1	1	-2.0832	-0.0676	0.8572	2	-2.3078	1	1	-1.8120	0	0	-0.7132	0	2	-0.2067	-2.8285	4.7761	0.8356	3	-0.5208	3	-1.0160	0.3705	2	1.6729	-0.5703	3	0.1376	2	0	0.5023	3	1	-1.2266	0	-3.5800	1.6224	-4.4449	-1.2602	1	2.4265	0	0	2.1975	0	3.2418	1
3	2	2	1	-0.2318	0.4324	-0.6330	2	-2.3554	3	3	0.8756	0	2	-0.2283	3	1	-4.1270	1.7051	-2.2960	0.8268	1	-1.4355	0	-1.7818	-1.4619	2	-0.1828	-3.4888	3	-1.0062	1	3	0.3767	0	2	-4.4661	1	0.5226	-0.5633	-2.2131	-7.5021	2	-0.6561	3	3	0.7334	0	2.8281	2
0	3	0	2	-0.0193	-2.1372	1.2095	3	-2.1812	2	3	2.0352	1	1	0.8093	1	3	4.0114	2.5911	-2.0057	-0.0718	3	0.7936	2	2.0328	-0.3726	2	1.6974	1.4273	2	-0.2046	1	0	1.5270	0	3	-2.3908	2	4.7747	2.5219	2.2740	-0.4019	3	-7.5712	0	3	0.0523	3	1.9328	2
2	1	2	2	0.2978	0.4888	0.6127	3	-2.3267	2	0	-0.7567	3	3	1.1485	2	1	-3.7548	-2.6077	4.6350	-0.1202	3	2.0361	3	-0.4921	1.8308	2	1.7920	-5.4193	3	0.3769	1	3	0.9544	0	1	-0.4321	2	-4.4843	-0.3785	-10.5953	-3.5741	2	1.3783	2	1	-0.5095	0	1.3273	2
3	2	3	1	-3.2682	-1.1839	0.5339	1	1.0135	1	2	-0.7744	1	3	0.7033	1	3	2.3532	0.1507	-0.6746	1.1940	1	-1.8737	2	-0.9456	0.6287	3	-2.7512	1.5685	2	-2.8867	1	0	-0.3020	2	2	-0.5662	1	3.0603	0.1094	2.4003	-2.7893	1	0.2968	2	0	1.5869	1	2.0890	1
0	2	2	3	-5.0000	0.6467	0.2841	0	1.1954	0	2	-0.4079	0	3	0.1550	2	0	1.4858	-2.3278	3.4718	-2.8084	3	2.1095	1	-0.0904	0.3453	3	-2.6018	1.6154	2	-0.4688	0	0	-0.5869	1	1	1.3285	2	-5.8718	-0.2237	3.9614	0.6162	1	0.0603	1	1	-0.6428	3	0.8559	1
0	0	0	0	-1.1438	0.1393	-1.9333	1	0.4027	3	1	-1.4546	0	3	-0.0385	2	1	-1.6915	-1.1557	1.9477	0.7027	2	-0.6179	1	-2.0159	-1.1628	3	-1.2227	-0.3557	3	-0.1817	2	3	1.5877	1	1	-0.7397	1	-3.3917	1.0112	-0.8262	-0.2836	1	1.1810	3	2	-5.1895	2	4.7265	0
1	1	2	3	-0.7664	0.4691	-0.5637	1	-1.3895	3	2	-1.6658	0	3	-0.0168	0	0	-0.0966	-0.6276	1.5583	-1.1966	3	4.2566	1	-3.2358	0.3991	2	0.2008	-5.1605	3	-0.3022	3	0	-4.6347	2	0	5.2743	3	-2.6733	-0.0051	-5.2273	-6.2037	2	3.3350	3	0	0.1830	0	0.4942	1
0	3	2	0	-1.6793	2.3011	-1.4334	3	1.2723	3	1	2.0936	1	2	-2.5175	2	0	-1.8150	2.6333	-4.0848	1.8240	0	3.9642	0	-1.5599	-1.5465	0	-1.8831	-0.6758	3	1.2054	1	2	-1.5005	0	3	-3.4892	1	3.4517	-2.1766	-2.9324	-1.4271	2	-2.4136	2	3	-4.1750	2	7.2664	3
2	3	1	2	-1.7516	-1.2456	-3.9918	0	0.3525	3	0	0.5487	1	2	0.6502	2	0	-0.3609	1.3202	0.9074	-1.7520	3	-0.8967	3	1.8243	1.7615	2	0.2340	1.4048	2	0.2540	2	3	-1.1001	2	1	1.6485	2	-1.1197	0.2013	3.8381	3.2556	1	-2.2429	1	2	-4.0700	1	3.5870	0
3	1	0	3	0.1942	-0.0458	-0.6359	3	-2.6029	3	3	1.9377	2	0	-0.8834	1	2	0.1956	0.8224	-2.5904	1.1745	0	-1.5111	2	2.1857	-0.8118	0	1.2944	-1.1004	3	1.1856	0	2	-0.2702	1	1	-0.7725	1	2.0624	0.1128	-4.3838	1.5164	0	-3.1446	0	2	-2.3017	0	3.1356	3
2	0	0	0	-0.9221	-2.1466	-0.4590	3	-0.7369	0	2	0.8356	0	3	-3.8859	3	2	-1.4110	-0.6781	-0.9355	0.9277	0	-2.3928	1	0.6224	3.4041	0	1.9829	4.3935	2	0.2526	0	3	0.6042	3	3	-1.6703	2	0.9895	-0.4103	4.1105	6.0173	1	-3.0700	0	3	0.2063	3	-1.8786	0
2	1	3	3	-3.5460	-2.2604	-1.0446	1	-0.2972	3	2	0.7053	0	2	-0.4547	0	1	0.2805	0.3325	-1.3770	0.6641	2	-0.7696	1	1.5243	-2.4819	2	3.0023	4.0101	2	0.4023	3	0	-0.6959	2	0	-2.3220	0	1.9251	-0.0923	5.6941	3.4877	1	-4.1505	0	1	-1.3217	1	2.9014	0
3	0	1	0	2.9730	0.9299	1.4844	1	-0.6457	2	3	0.7308	3	0	0.0109	1	3	1.0115	0.6706	-1.0222	1.7471	2	0.7577	2	2.1905	-3.1123	0	2.0840	4.2905	2	1.3483	1	2	2.9844	0	2	-4.8440	1	0.2026	-1.0509	2.5098	6.8401	2	-3.6495	0	2	0.2808	1	-0.1673	2
0	1	2	3	-1.6073	-1.3712	1.6382	0	2.0401	1	1	2.6693	0	1	-1.6523	3	2	-2.4128	1.6755	-1.6841	-1.0225	3	-1.6631	0	-1.7411	0.7752	1	-0.2930	2.5220	2	-1.4831	1	3	2.4732	0	1	-3.1459	1	4.0087	-3.0634	1.9967	1.8109	1	-3.9446	1	1	5.9161	1	0.3663	2
3	1	1	2	-0.9309	0.5867	0.2297	1	-1.2346	2	0	1.1304	3	1	0.3289	0	3	-1.5864	1.7283	-0.7360	-0.6491	3	-0.7540	0	-3.8127	-1.5925	2	1.7321	-7.5929	3	2.2725	3	3	-0.4653	2	3	-1.2032	0	0.6136	-0.1438	-10.3043	-3.5351	0	-1.0295	3	2	1.3399	0	-3.2357	3
3	1	0	0	0.0564	1.1676	1.2701	1	-0.6307	3	0	-2.3037	1	1	0.7699	0	2	0.7043	-2.3163	2.9222	1.0582	2	-0.2799	2	1.8542	0.3076	2	0.1478	2.4602	2	0.7512	0	1	-0.1799	1	3	-0.5571	1	-2.4119	-0.8372	3.2746	3.6907	1	1.3990	0	2	0.8788	2	-0.9471	1
2	1	0	3	-1.2389	2.1691	-2.1678	2	2.1057	3	3	0.1257	0	0	-1.1642	0	1	1.8464	2.2923	-2.8854	-0.1709	2	0.5497	2	2.4408	-0.7304	1	-0.2658	6.0529	2	-2.9798	2	2	-2.0896	1	2	4.3269	0	3.2404	0.6930	6.1275	6.9784	1	-1.1983	0	3	-4.9515	1	-3.0419	3
3	0	0	1	-1.4140	1.6013	0.0440	3	-1.9543	1	2	-1.0485	2	2	2.2381	3	1	-0.3898	-1.8890	0.0867	-4.3381	1	0.7501	2	1.6237	0.0025	2	2.4111	0.1304	2	0.7817	3	1	2.4793	0	2	-1.2988	2	1.4010	-1.0042	0.3197	0.2613	1	0.0929	1	0	0.9881	1	-5.3111	2
2	0	3	2	0.8981	0.6721	0.1420	3	-4.3537	0	1	1.7414	3	3	1.7935	2	1	-2.8150	0.0501	1.6501	-0.1798	2	1.1861	1	-1.1065	-2.9467	2	-0.0048	-7.0937	1	0.3509	1	3	0.1658	3	1	0.6806	1	-1.6346	0.0829	-7.2255	-7.3740	3	-1.6732	1	2	-0.4997	0	4.6605	3
1	1	3	2	0.5248	-1.0554	0.7753	2	0.7381	2	2	-0.3813	0	3	-3.3458	1	3	0.2527	-0.2836	0.0455	-0.8605	3	0.2100	2	0.6880	-2.0920	1	-1.9664	0.3569	1	-1.4588	3	2	-1.7943	3	2	3.4537	3	-0.9227	-0.4524	0.9961	-3.0680	1	-0.2081	2	0	1.3358	2	0.3451	1
1	2	2	1	1.9827	0.4436	-2.1883	2	0.7340	3	3	1.8817	0	3	0.6388	3	1	-1.6299	-0.3813	1.1231	-0.7428	1	-1.9834	0	0.4832	-0.9004	2	-2.3094	0.3556	1	2.4195	1	2	2.0707	0	1	-3.6149	1	-2.8108	-3.1108	1.8654	3.3266	2	-2.5382	1	0	-4.6824	3	-1.1835	0
0	2	0	0	1.9658	0.3240	-0.8106	3	-2.4130	3	1	-1.9330	3	1	-2.3568	3	1	-1.6420	-1.7615	0.5263	-0.0226	0	0.2153	0	0.5558	-1.3267	2	3.4175	1.7313	2	2.2581	3	3	2.1613	2	1	-2.7990	0	-0.2085	0.3838	4.4889	1.4720	2	3.0884	2	1	-2.2249	1	0.4354	2
2	0	0	0	0.6434	-1.8618	-1.2518	1	2.5836	3	3	0.0454	0	0	-1.8282	1	3	1.6757	-0.0989	0.1781	2.9151	0	-1.5906	3	0.4012	1.1167	3	-3.4792	-0.2823	1	-2.8153	0	2	0.4367	1	1	-1.5942	3	-0.5505	0.7643	0.0209	-1.1216	0	0.1272	2	3	0.3302	2	-0.7910	0
0	1	2	1	-3.1727	-1.2465	2.8013	3	1.2815	1	1	-1.1619	3	1	-1.7650	0	1	1.0360	-2.3779	2.6961	1.2091	3	0.1474	2	0.6429	0.4788	3	-0.9612	0.8009	2	-1.5058	2	0	1.9544	1	2	-0.7279	1	-4.1794	0.7568	3.4737	-0.7433	1	1.4758	2	1	2.2584	1	0.5338	1
1	0	1	0	0.7755	0.8146	-1.2760	2	0.7342	0	0	-2.0871	3	2	0.5366	3	0	1.5904	-1.0479	-0.5298	-2.7653	0	0.7234	3	-1.4911	-1.5374	3	-2.2664	-5.9450	1	-1.0872	2	0	-0.2792	3	1	2.5085	1	0.5326	-1.8747	-7.8633	-7.3494	0	3.6529	3	0	-1.6564	0	-1.4253	1
0	1	3	3	-2.6291	-0.4171	1.8685	0	1.1842	2	0	3.6190	2	3	1.6409	2	3	-0.9492	3.2064	-2.3416	1.6745	0	0.1872	2	2.8400	-4.4425	3	-3.4397	5.2675	2	-2.4443	1	1	1.4901	0	0	-4.0250	1	4.3167	-1.2795	8.6510	4.4533	1	-7.3648	0	1	1.3875	1	1.6320	3
3	3	3	2	0.8491	-0.1217	-2.1720	3	-2.1012	0	3	0.0879	1	1	2.7627	3	3	1.2604	-0.2766	1.6103	-2.1976	3	-0.9043	3	0.0127	0.0529	2	-0.8359	-1.8879	1	1.3135	1	3	-2.8718	1	2	3.2858	3	-2.5481	2.3803	-3.0443	-0.3952	3	1.4088	3	2	-2.8115	2	-3.1941	1
0	0	2	2	0.2307	-0.6578	-2.0647	0	2.4447	3	3	-0.3341	0	2	-1.8955	3	3	0.1143	2.1198	-1.5343	-0.5673	3	0.5787	2	1.0465	0.4498	3	0.4922	4.4686	2	-1.1905	2	3	-2.6087	3	1	-0.9198	3	1.3189	-1.3839	6.3072	6.4814	1	1.7445	2	3	-1.3618	1	-1.6883	3
0	1	2	3	-2.5468	-2.1125	1.2088	3	0.7164	1	3	1.4395	0	1	0.6118	1	2	2.1671	1.7304	-0.8872	0.8742	2	0.0758	1	-2.6184	0.3786	1	-3.1342	-5.6710	1	-0.4279	0	0	3.3539	1	1	-3.2744	0	2.3384	0.3944	-4.4697	-5.0259	1	-2.3813	3	1	1.4318	0	2.9098	2
3	2	0	1	0.3401	1.6309	-1.3139	0	3.5938	3	1	0.4279	3	0	-4.0262	1	3	0.5582	-0.2794	3.2855	-3.0268	1	1.6651	2	1.4625	0.7497	3	-0.3585	7.0968	2	-0.8680	0	2	0.6089	1	0	-0.4878	3	-2.6593	-0.1634	11.9279	6.6906	1	0.6973	1	2	-2.3745	1	-2.7848	0
0	1	2	3	-0.1780	-0.2378	-2.2981	2	1.3137	0	2	-0.3743	1	3	-1.9697	0	2	-1.4102	-1.2808	0.8910	-0.6541	3	0.1114	1	3.5081	-2.3153	3	-1.1470	3.9880	2	-2.5675	2	2	1.1038	3	3	-1.9760	0	-1.6247	1.5997	5.5820	3.0037	2	1.4378	0	1	-5.5572	1	-2.2589	0
3	1	3	3	-3.4167	0.6830	-3.9822	2	1.0857	3	1	-1.5707	1	1	1.9614	0	1	1.5247	-3.2904	5.5974	0.4097	2	-4.2047	0	-0.6732	-1.3134	0	0.0377	0.3784	0	2.8035	2	0	0.9331	3	3	-3.1390	1	-9.2230	-1.1024	-1.5975	4.3241	1	3.6078	3	2	-3.6696	2	1.9579	0
0	1	2	3	1.5722	1.3716	0.2495	0	-1.5401	2	1	1.1966	2	0	-0.0223	3	1	-0.5093	0.7155	1.0735	-1.5706	2	-0.4420	0	1.0772	-5.0079	2	1.4792	0.5096	0	1.5606	2	1	1.2758	3	2	-3.6833	1	-0.1890	0.1889	1.8156	1.5515	2	-0.6035	1	0	-1.3420	1	-1.8007	2
3	0	1	0	0.4113	1.6099	1.2698	0	0.7857	1	0	-0.5828	2	0	-0.5211	2	3	-2.6531	0.6454	0.0234	0.1652	1	-0.1478	2	-2.5600	-0.0456	3	1.5776	-6.7736	1	-0.8962	3	3	1.6157	3	3	-0.3033	0	-1.3114	-1.4585	-6.4093	-10.5147	0	2.4478	0	1	-1.5080	0	1.8964	2
2	0	3	0	-0.7215	-1.0123	-1.1710	1	-2.3745	0	0	-0.8180	3	1	-1.1142	1	3	1.9860	1.0507	-3.1730	-2.5319	0	-3.0743	3	0.1214	-1.1324	2	2.3261	-2.1355	3	0.7047	1	2	1.9187	1	2	-3.1359	2	3.2679	-0.1837	-1.6935	-1.9065	0	0.3721	1	3	-0.7753	0	-2.0933	2
0	3	0	2	1.5803	0.0145	0.7233	3	1.0849	2	1	2.1767	2	3	-2.8581	0	3	4.2909	1.8098	-0.8527	0.6334	2	0.7772	3	-0.3517	-1.6624	1	0.0807	0.8936	0	0.1694	0	0	0.4291	1	2	-2.0385	0	2.7853	-0.4712	0.9940	1.6359	1	-1.3848	2	3	3.9122	2	-1.9841	2
0	2	2	0	-3.3930	-0.2860	1.3798	2	-0.2341	1	3	0.8432	2	2	-2.7665	0	3	-0.4983	-0.5710	0.6855	0.0621	1	0.9051	3	4.0662	-0.1166	0	1.4918	5.0820	2	-0.5671	1	3	4.7518	2	0	-8.4313	0	-1.7835	-0.2080	5.8856	5.0850	1	-0.6050	0	3	2.0232	1	-1.9709	2
2	1	3	2	-0.4231	1.5509	1.1458	0	1.1259	0	2	-1.0662	1	3	-0.1962	0	0	2.1155	-0.7167	-1.3163	0.8763	3	0.3039	1	-1.4229	-0.8409	3	-2.1053	-3.8567	1	1.0333	2	0	0.5650	3	1	-2.2830	1	1.8223	-1.3579	-3.5988	-0.6696	3	2.1469	3	0	-0.0444	0	1.0046	1
0	0	1	3	-1.1155	0.4861	0.6650	0	-2.1444	1	1	0.1340	3	2	1.6627	1	3	-0.1253	0.2388	-0.0604	2.2402	2	-0.3232	2	1.6759	-2.1628	2	0.4817	5.5319	2	-0.0545	0	3	-1.4013	2	2	2.0232	0	0.8574	0.8441	4.3143	5.0244	0	-0.6029	0	1	1.9515	2	-0.4832	1
2	3	1	2	2.3515	-0.2259	-0.4692	1	-0.4816	2	3	-1.0767	3	0	-1.5485	1	3	2.0292	-1.1147	1.7550	5.7345	3	-0.4594	2	0.9142	-2.1118	0	-1.1395	1.0629	2	0.6018	1	2	-1.0776	1	1	2.5487	1	-4.0974	-0.9372	0.1782	-0.2759	3	1.8858	2	3	-0.4223	0	2.6557	1
2	0	1	0	1.6849	-0.9719	0.5413	3	2.4821	2	1	-2.4517	3	0	3.2823	1	0	0.8083	-1.5420	-1.5412	0.1848	2	1.7446	2	-0.1661	-1.2315	1	-1.7577	3.0034	2	-1.7264	3	1	-2.6953	2	2	2.6051	3	1.1966	-3.1003	2.6879	0.0442	3	2.2064	2	0	-4.0158	2	1.1325	1
3	0	0	0	-0.1453	-0.9885	1.0001	1	-2.9018	1	1	0.0860	3	3	1.4453	0	1	1.3871	0.2952	0.7312	1.6834	3	4.2588	1	-3.0604	1.5901	2	5.5817	-9.8723	1	1.6347	1	2	-0.4891	1	0	2.1699	2	-2.1804	-0.7277	-14.3392	-9.9301	1	0.4683	3	3	-0.5644	0	0.0602	1
1	3	2	1	-0.0851	0.0793	2.5419	3	-0.1729	2	0	-3.0056	0	0	0.6087	3	2	0.6096	-1.9374	1.5389	-0.6077	2	-0.6900	3	-1.4303	0.3494	0	-0.0540	-1.3927	0	1.7097	1	2	1.4010	2	1	-2.6667	2	-1.4940	1.5997	-4.5121	1.0484	0	5.7364	1	0	2.7104	2	-3.1718	1
0	1	0	3	-2.2589	-0.1758	0.8737	3	-3.1506	1	2	-2.4271	3	1	-0.2117	3	3	-0.6301	-0.6183	1.7521	-0.5082	3	0.4215	0	-3.0579	0.2943	2	0.0491	-4.3984	1	3.2818	3	1	-0.3833	1	1	1.6994	0	-0.2354	0.4928	-2.1155	0.5765	1	3.8876	3	1	0.5763	0	0.6624	2
3	2	0	1	-1.9745	0.0052	0.7983	2	-2.4434	3	3	-1.6663	3	0	0.0436	3	3	-0.4008	-1.3544	3.6917	-2.1508	1	-0.7476	2	-2.3262	0.9667	2	3.2049	-3.9720	1	0.9162	0	0	-5.6359	0	1	5.4315	3	-6.3964	0.4623	-4.8755	-1.6282	1	4.7449	3	2	0.1882	0	-1.8805	1
3	0	2	3	-2.1617	1.1291	-1.5552	1	-0.0040	3	1	1.3362	1	1	0.4099	3	0	-0.4184	1.2384	1.2543	-0.9120	3	1.4986	2	-3.9394	1.5828	0	-2.3776	-4.3646	3	0.9562	2	3	-1.5159	3	3	2.1609	3	-1.1582	-1.0243	-2.5620	-3.2258	1	-2.5061	3	2	0.5586	0	-2.0955	0
2	0	0	3	1.0746	0.2987	0.8782	1	0.8799	2	0	0.6677	2	2	-0.6533	3	3	-0.5544	1.5589	-2.9987	-4.1866	3	-2.1547	1	0.5667	-2.3511	3	1.4890	-0.6108	0	-1.0068	1	2	-1.3321	0	0	2.2446	0	4.5135	0.7728	0.2220	-2.4299	2	-1.9132	1	1	1.7908	0	-3.5920	1
0	2	2	1	1.3064	-1.1416	-0.0694	3	0.8425	2	2	-2.1618	3	3	1.5033	3	0	-2.5152	-3.2075	4.1178	-0.4488	1	-0.0538	0	1.4719	-0.5686	1	-1.2777	2.4910	2	0.0446	0	3	2.1730	1	1	0.1695	1	-3.3825	-0.5207	5.5579	3.0308	2	4.2322	0	0	-0.4480	1	1.5671	2
0	0	3	3	-0.8287	1.5463	0.4262	0	-1.4780	1	0	-0.9839	0	1	3.3717	1	1	-2.1399	-0.9939	3.4300	3.2880	2	0.4901	0	0.0082	-0.4528	2	1.1466	-0.7301	0	-1.6066	3	3	-1.7195	1	0	1.9747	2	-4.8615	2.0151	1.4802	-4.1879	3	0.6183	0	1	1.7550	2	2.7070	1
2	2	3	1	-1.1927	-0.1529	-0.3417	2	-0.3722	0	0	1.0152	0	3	-1.5649	3	0	-1.3371	-0.6628	0.3615	0.8707	1	0.8950	1	-4.1321	1.7442	0	-1.7452	-4.7230	1	1.5272	3	3	-0.0520	3	2	0.7414	3	-2.9859	0.9090	-4.1785	-4.3848	1	1.3704	3	3	-0.6599	0	1.3341	1
2	1	2	3	-1.8435	1.4506	-0.7560	3	-1.4860	0	3	-1.3393	3	0	0.1544	2	2	-3.8561	-1.3745	2.2955	2.6067	2	-2.0749	0	2.9319	0.4123	0	0.8231	1.5405	0	1.8454	1	3	1.2732	0	0	-1.2851	2	-2.5735	1.0831	-1.4297	2.8894	1	1.2857	0	3	-0.7018	0	7.3272	2
0	2	3	1	1.6522	0.5673	-1.6209	1	-0.1490	0	1	0.4347	3	2	-0.9696	3	3	-2.7952	1.1675	-1.3929	-0.9046	1	-1.1177	3	-1.5979	-0.5324	0	-1.8982	-1.0094	0	0.9751	1	3	0.8706	0	0	1.3766	0	2.4344	1.0402	-1.8995	0.7037	3	-0.1672	3	2	-1.1825	0	-2.9736	0
2	0	3	0	-0.2514	-1.5784	0.5914	3	1.0281	0	1	-2.9073	3	0	-0.3641	3	3	-1.5279	-1.5877	0.2721	1.2826	0	-0.6288	2	0.1446	-1.8975	1	0.2860	-0.2111	3	-2.0236	3	0	0.0480	2	1	2.4814	1	-0.6306	-0.6854	1.3902	-3.0411	1	3.9055	1	3	4.2372	2	1.3153	1
0	3	3	2	-2.7202	0.3074	0.3058	2	-1.6969	2	0	-1.1566	0	3	1.2303	2	3	1.0936	-0.5398	3.1176	1.6439	3	0.5333	1	-0.8814	-0.8249	0	3.1473	0.6351	3	0.1371	1	0	-0.5047	3	3	1.3371	0	-5.1206	1.1407	-1.0604	-2.0183	0	3.6379	2	2	1.2586	0	1.7806	1
1	1	2	1	0.1369	-2.9925	-3.2107	0	-0.4450	3	2	1.3659	1	2	-1.3894	0	3	0.3805	1.5551	-2.7937	0.8285	1	1.3114	1	1.0512	-0.2500	2	1.3747	0.3198	2	2.0071	3	0	2.7457	3	2	-5.0517	0	2.8150	1.4194	1.8096	0.9487	2	-1.8758	0	0	-3.7780	1	1.1747	0
3	1	2	3	3.4968	-1.6856	0.8138	0	-1.6118	1	3	1.7754	3	2	-1.5301	3	2	-0.6499	2.2794	-0.4427	-2.4258	1	-1.9607	1	2.6022	1.0788	2	1.2727	2.0315	2	3.0815	2	0	-1.8427	3	1	0.3227	2	1.5509	-1.3224	3.2494	7.3753	2	-6.1626	1	1	2.4678	1	-3.3327	3
1	0	1	0	-0.8241	-0.8678	1.6544	1	-0.2588	1	2	0.6639	0	1	-1.2878	2	2	2.0097	1.0857	-3.8576	0.0559	0	4.2157	1	-2.1908	2.0511	1	0.4667	-2.4260	3	0.8375	0	0	0.8131	1	0	-2.4648	3	4.0267	1.5661	-3.8216	-3.0406	0	-2.6003	0	3	1.2202	2	-2.0965	2
2	2	2	3	0.3100	0.3197	1.8841	0	-3.7941	1	0	0.5268	0	2	0.1146	2	2	-1.7390	1.0816	-0.5979	2.5496	2	1.8625	1	0.1349	2.6462	2	2.9345	-2.2782	3	0.9056	3	3	-2.1257	2	2	4.1234	2	1.5665	0.5511	-5.8369	-2.2531	2	0.1447	0	3	3.2668	0	2.6367	1
3	1	1	1	0.3350	-1.5992	-3.1471	3	0.0356	3	1	-0.0180	1	3	1.3736	1	2	0.5146	-0.5415	-0.9485	2.0170	1	0.4566	2	-2.5856	0.4029	3	0.5070	0.1673	1	-0.7580	0	2	1.7334	1	3	-2.2612	1	-0.7223	-0.5698	0.5406	-2.0558	1	1.6106	0	2	-3.7311	1	0.0062	0
2	2	0	1	0.7829	-0.4120	1.4710	0	-0.9015	2	3	0.9209	2	0	-1.2445	3	1	-0.4334	1.2204	-0.7979	0.1415	1	1.6349	0	-1.6728	-0.5192	2	-2.0777	-3.9248	1	-1.2295	0	1	1.6760	2	0	0.6429	1	-0.0110	-1.0470	-1.7785	-7.0749	1	-2.4936	0	3	-0.9503	0	-0.2989	2
0	1	0	0	2.4743	1.8142	-0.5306	1	-2.8559	1	2	-0.4373	2	1	-0.1916	2	1	-2.0757	-1.3345	-0.8104	0.8039	0	-0.9736	0	0.2984	-1.1181	2	1.7917	-3.3058	1	1.6885	0	3	-0.3414	1	0	2.2839	0	0.3776	0.3390	-4.5078	-1.0586	2	0.8979	0	0	1.7368	0	3.0158	0
0	2	3	3	-1.6494	0.0922	0.5250	2	-1.4080	2	3	0.0266	2	1	0.7464	1	2	0.6591	-1.9475	3.8879	-0.3054	2	-0.9133	3	-0.4939	-2.3197	2	3.7798	-1.9188	3	1.3063	3	2	-1.4825	2	1	3.9418	0	-7.6698	1.8738	-1.0806	-2.5107	0	-0.4207	2	2	1.9375	3	-3.1856	1
3	3	1	2	-1.8061	0.7554	-0.0020	1	-0.2498	0	0	-4.1982	1	2	-1.3880	2	2	0.7506	-3.2944	3.7014	1.6511	3	-3.8200	2	-3.3620	1.8961	2	0.2313	-0.3392	2	0.1679	0	2	2.3252	1	0	-2.9726	2	-4.1341	-1.3575	2.4709	0.2255	0	5.9273	3	2	0.0373	2	4.4010	1
3	2	3	1	3.7213	1.5929	-1.3910	2	-3.9944	2	3	-2.9008	3	1	0.8007	3	3	-0.5963	-1.5847	2.4473	-2.5140	0	-1.2095	2	1.4808	-1.8627	2	1.4140	-3.2291	1	0.6639	0	1	2.4798	1	1	-5.1109	1	-2.7191	1.7009	-3.6925	-3.0227	3	3.4669	1	0	0.2168	3	-3.0217	0
2	1	1	3	-2.3101	0.1924	-1.6240	0	1.2396	3	1	-2.3765	1	1	0.7589	3	1	-3.2112	-2.4714	3.1775	2.8627	2	-2.4565	0	1.7813	1.1441	1	0.6775	3.6680	2	-1.6507	3	3	1.6580	3	1	-2.2024	2	0.3097	1.1259	5.0817	-0.9548	1	4.6805	0	0	-2.8757	1	3.8914	0
2	0	3	1	-0.2388	1.3181	1.0779	1	2.0866	1	2	0.3952	3	3	2.3062	1	1	1.2782	0.5216	-2.4984	-3.9023	2	-1.8038	1	-0.8946	-0.0838	3	-1.5977	0.7541	2	-2.3615	1	2	-1.6538	0	2	3.3139	1	2.2818	-1.6630	0.6440	-3.2937	0	-0.6208	1	0	3.2794	2	-1.0533	1
2	1	1	1	0.2868	1.1791	-1.1409	0	0.0292	2	0	0.0332	2	0	-1.2047	0	2	2.0484	0.1833	0.4176	0.3473	1	0.4795	1	-2.8184	-0.3032	3	2.4772	2.0464	2	-1.8263	3	0	-1.5611	0	2	2.8716	2	1.7237	-1.1198	3.9211	-2.7914	0	-2.6494	3	3	0.1765	1	-0.0143	3
0	3	2	3	-0.3900	0.8621	0.4859	1	-0.2545	0	2	0.4204	0	0	-3.4255	1	2	0.8941	-0.6742	1.5557	3.1547	1	-1.5664	3	-0.7960	-3.0264	0	-0.5975	-1.4761	0	-1.1237	3	1	1.1334	3	1	-2.7481	1	-2.7168	-2.2538	-0.6274	-2.6834	1	0.7802	0	1	-0.3702	0	-0.6486	2
3	2	2	2	-1.5506	-0.9888	-0.0186	3	1.8658	2	0	-0.3059	0	2	0.8746	0	2	1.8726	0.3794	1.9420	0.8151	1	-0.2304	2	-0.4677	2.0943	3	-1.4716	0.7967	2	-2.4898	2	1	-0.2935	2	1	1.3313	3	-3.2205	1.6427	4.8183	0.3262	1	0.7187	0	3	-3.8433	1	-1.3098	1
1	2	2	3	-1.0160	-0.0861	0.8638	3	0.2324	1	1	-0.4517	0	1	-2.0551	1	2	1.6379	-0.1275	-1.2379	-0.7309	2	-1.1234	2	0.8957	-0.2118	1	-2.2249	-0.6960	1	-1.4060	2	2	-0.5644	3	0	-0.8456	3	2.7436	-1.7046	0.1717	-0.5076	0	3.3468	1	3	1.7780	2	-0.0775	1
2	1	1	3	1.1283	-0.2372	-1.6026	1	-2.0624	0	3	0.6225	2	3	3.3308	2	0	-0.9803	1.2313	-0.7476	-3.6242	2	-0.1942	1	0.9781	-0.1412	2	0.5410	-3.7209	1	1.9522	3	3	0.4837	1	1	3.4105	2	0.8072	0.8548	-6.5613	-3.0538	0	-2.2811	1	3	-1.7754	0	-2.0992	0
3	2	2	1	-1.6500	0.5642	1.6070	0	-0.9947	2	0	0.0015	1	3	-3.6396	0	1	0.4564	0.7058	0.5958	1.0729	3	0.0763	1	-1.2037	0.9890	0	-0.6328	-5.5820	1	1.9972	0	1	4.4631	1	3	-6.8423	1	-1.0290	-1.6952	-8.1338	-3.1824	1	2.0537	2	2	4.1889	0	3.1016	2
3	1	1	2	2.4491	-0.9996	-1.2919	3	-0.8331	0	0	-1.6085	3	1	0.6703	3	1	0.7930	-1.7215	2.4745	0.5871	3	4.3495	0	0.2733	-0.1158	2	-0.7046	2.9990	2	1.3054	2	1	-0.3469	3	2	1.9058	1	-0.3043	-1.7565	3.6256	5.9925	0	3.2740	0	2	-1.2837	1	-0.0870	3
0	1	2	3	1.5002	-0.7513	1.3168	1	-0.6846	2	0	-1.2797	3	3	-1.2147	0	0	-0.0594	-0.6450	2.9056	2.1223	2	-2.7220	3	1.0140	-0.8739	3	2.1839	-0.8045	3	-2.4111	3	0	0.8501	2	1	-1.2733	0	-3.5044	-0.3867	-0.1510	-3.6125	2	4.1146	0	1	-0.4152	0	2.3477	2
2	0	0	0	-0.5421	0.5558	-1.4023	0	0.4288	3	0	1.2085	2	1	-1.2434	0	2	0.1698	-0.0527	-0.3364	-0.1221	3	-0.2642	0	-3.5275	-1.1290	3	-0.0702	-0.9543	1	-0.5360	2	3	1.6018	3	0	-1.4148	1	1.5160	-1.3184	-2.9350	1.0393	1	-0.2313	3	3	-3.0049	0	-0.9724	0
3	0	3	0	-0.9062	-1.6628	-1.5268	2	0.8003	3	2	-2.2656	2	3	-0.2346	1	3	2.1744	-0.9175	-3.3200	0.6532	2	-0.4985	1	-1.8772	1.8240	3	0.0361	-1.4305	1	-1.3664	2	3	-1.3438	3	3	1.6944	3	5.8583	1.3798	-3.1522	-1.3905	3	-0.3704	2	1	-2.6375	2	1.5428	0
0	3	3	2	-1.9421	-1.2425	2.0340	0	-2.4851	1	0	-0.0651	3	0	-0.6629	1	0	-0.3687	-1.1834	1.3051	2.7231	3	-0.7824	2	-2.0552	-0.7819	0	1.0931	-5.5001	1	3.2730	2	0	1.8037	2	2	0.1398	1	-0.0777	0.5083	-6.7205	-0.1834	1	0.0300	2	0	1.9533	0	2.7970	2
3	1	2	3	0.3561	-1.1624	-1.8097	1	-1.2802	3	1	0.6734	2	3	-1.2784	1	0	-2.1768	1.8872	-4.5077	-0.9073	2	2.7098	1	-0.5199	2.1670	1	3.3385	1.4250	2	-0.3219	1	3	0.0190	3	0	-2.1470	2	7.2499	-0.1638	1.5105	0.6971	1	-1.0427	1	2	-7.0550	2	-1.2287	0
2	1	2	0	-1.3823	-0.5999	1.7447	1	0.9092	2	2	0.5121	2	1	-0.7306	1	2	-0.0742	0.4361	-4.3422	-0.0414	0	-0.7244	0	-0.5789	0.3559	1	-1.3885	-3.8842	1	-1.8641	3	1	1.6795	1	1	-2.5972	2	4.7376	-0.4651	-8.0039	-5.3257	1	-0.9160	3	3	1.2559	0	1.4983	2
3	3	2	3	-0.4637	-0.5109	2.4572	3	2.1816	3	1	1.0381	3	0	-0.7085	1	1	0.8981	-0.3028	-0.8384	-1.0202	2	-0.1008	2	1.8365	0.1420	3	-4.2278	1.5990	2	1.9872	3	3	3.8366	1	3	-5.1103	1	1.5348	1.8922	-0.6241	4.3456	2	-2.0620	1	2	3.2946	2	-5.1561	2
3	3	0	2	-1.6893	-1.7825	-2.0540	0	0.3379	3	1	2.5914	2	0	0.6214	1	0	1.8456	1.4384	2.5549	2.6664	3	-1.8040	2	-1.3162	2.1729	3	0.7987	-2.0879	1	-1.8566	3	2	-0.8821	2	1	0.3738	3	-2.4370	0.3965	-2.4809	-5.2373	1	-2.7000	0	2	-1.9244	0	2.7051	0
3	3	2	1	2.5627	-0.9936	1.9175	3	1.2401	2	2	-0.5811	1	2	2.3297	0	1	0.9884	0.0511	-0.9166	-2.0083	1	1.3340	3	1.8531	-1.0975	3	-2.8090	2.5653	2	-1.7928	1	2	2.0499	0	3	-2.9110	1	1.4787	-0.0381	2.8925	1.3248	2	2.4026	1	2	2.8186	1	-0.6148	2
2	3	2	0	2.9300	-0.4529	-0.2790	0	-1.3618	1	3	-1.2392	3	2	1.5383	3	1	-3.7328	-1.0073	1.8997	-1.3057	3	-2.8832	0	3.0815	0.6245	2	-0.5796	1.4881	0	0.7950	1	3	3.0227	0	3	-3.8236	1	-2.2372	-1.4341	3.4473	0.2823	2	2.8203	1	3	-2.5808	1	-2.6405	2
1	2	1	2	-0.8981	-1.4157	-0.5907	0	-1.3439	0	3	-1.1823	2	0	-0.8085	0	2	2.8913	-0.4054	-0.2496	-2.1404	3	-0.9002	2	-0.3504	2.9859	2	2.0362	-0.6170	3	0.0283	2	0	0.1510	1	2	2.0002	2	-0.3244	0.9806	-1.2015	1.0185	0	2.8098	1	2	0.2227	0	-1.1024	0
1	2	3	1	-2.4116	-0.5978	3.8693	3	-1.2149	1	2	-1.6594	3	0	-1.7233	1	3	1.7559	-2.0192	0.2519	0.6351	1	1.6733	2	-1.8730	-1.9546	2	0.1343	-7.1364	1	1.4335	2	2	-1.4991	3	3	4.4004	1	-0.5168	-0.5838	-10.0716	-4.9407	1	0.9372	3	0	4.6436	0	-1.6387	1
0	2	1	1	-0.7973	-0.4254	0.1027	0	-2.9394	2	3	1.3629	0	2	-1.1799	0	0	3.2332	0.5267	-0.7922	1.5683	1	-2.7605	2	2.6357	-2.7652	2	0.9268	1.1898	2	2.3573	2	0	-3.8248	3	2	6.5799	0	-0.4656	0.6767	0.5949	3.8645	3	-0.0954	0	0	-1.7211	1	2.2664	3
2	2	2	0	-1.4844	2.1859	0.0546	2	0.3562	1	0	-1.2015	3	3	-1.1946	1	3	0.2262	-1.9479	1.5800	-3.4732	1	-3.3026	1	-2.9228	-1.3202	3	-0.0019	-2.6345	3	-0.8637	0	2	0.3339	2	2	3.5148	1	-2.7361	-2.3084	-2.2133	-4.3394	1	1.3779	1	0	-0.6188	0	-5.4264	1
0	0	3	0	0.1506	0.1712	1.0920	2	2.7778	1	3	1.2998	2	3	-2.0918	0	2	0.7580	1.0928	-4.2625	0.9883	0	2.8126	1	-0.9260	1.4870	1	-1.9670	3.2157	2	-1.1313	0	1	-1.5934	1	0	3.5169	3	5.3232	1.5656	2.1589	3.0562	0	-2.0840	0	2	-1.2186	3	0.6346	1
2	3	2	2	0.0148	-0.1210	-2.6203	2	-1.1356	3	3	0.4663	1	2	-0.4841	0	1	0.6271	0.7192	2.2150	-3.2412	3	0.3078	3	0.9019	-1.2012	2	3.4999	-1.1607	1	1.7511	0	1	-1.2241	1	0	-1.9284	2	-2.6218	2.6210	-1.1004	1.0276	2	-0.9878	1	3	-1.2922	0	-3.0938	0
0	0	3	0	0.6991	-1.2720	0.8483	3	-1.7367	1	2	0.2066	2	3	1.0206	3	1	-3.2845	0.0902	-3.1823	-1.6248	2	0.2030	1	-0.3583	1.2127	2	2.0825	-3.1520	1	2.5900	1	3	-1.5552	2	3	2.6410	2	5.1647	1.2976	-3.5530	-1.9104	3	-0.4416	3	1	-1.4850	0	0.9347	1
2	1	2	3	-0.3153	0.9704	-0.6811	0	-0.9048	3	3	2.1921	1	3	-0.9582	1	0	3.5159	2.7413	-2.2676	4.8238	2	0.2563	1	1.6481	0.2497	2	-0.9758	-0.0058	1	2.8037	0	0	1.3029	1	1	-1.1509	1	3.2590	-0.1982	1.4261	3.9213	0	-4.4572	0	3	1.7283	2	3.8017	2
3	2	2	1	-0.9552	-1.3107	0.6038	2	1.9318	0	2	0.5665	1	3	-1.0675	1	1	1.0112	1.7488	-3.8845	-3.9552	0	-1.3345	1	-0.9723	-1.2994	3	-0.6555	0.8040	3	-1.9992	2	0	-1.4479	0	2	5.9866	1	4.5769	-2.0356	0.2347	-2.3153	2	1.7147	3	3	1.9449	3	-3.0620	1
0	2	3	3	-1.3586	0.0323	3.2244	2	-0.4449	2	1	1.8184	3	2	-1.1765	3	1	0.5804	2.6401	-2.5470	0.7647	1	0.6365	2	0.1549	3.8296	2	0.9605	-2.0035	1	1.0261	3	0	2.2389	3	2	-5.5200	2	3.0701	-0.7060	-2.9141	-2.6410	0	-0.3883	0	1	1.3975	0	0.3507	2
1	3	0	0	-1.7548	-0.0000	-0.5111	2	-0.9256	2	2	-1.2136	1	3	0.0323	1	1	0.5272	0.8065	-0.6348	1.8681	3	1.6886	1	-0.6993	1.4892	2	2.9473	-5.5899	1	1.2985	2	0	-0.4459	0	2	2.5326	2	-2.4193	0.0644	-7.4592	-3.6094	1	3.0180	0	3	-1.7591	0	0.2548	2
2	1	3	3	3.5817	-0.2118	-1.1570	1	-0.7140	3	3	2.9391	3	2	0.8473	0	3	1.4118	3.6966	-3.2614	1.4876	2	-1.2096	3	-0.1850	-0.9521	0	1.8897	-0.4578	3	-0.1834	3	0	0.6206	2	3	-4.0656	0	1.8723	-1.8229	-1.3167	-2.9546	3	-6.6375	0	3	0.0942	2	2.8243	0
3	3	0	3	3.3044	-1.7803	-0.0801	1	-1.7447	0	3	0.0215	3	3	0.7468	2	3	-1.6991	-0.5866	0.1957	1.5039	2	-0.4577	1	0.5109	-2.6991	2	1.8633	-0.9362	3	-0.5412	0	3	-0.7527	1	1	-0.3735	1	0.0853	-0.3900	1.6530	-1.9810	3	0.2257	0	1	1.8782	3	3.4169	3
0	1	1	0	-0.4346	1.2374	1.0701	2	0.4635	2	3	-1.1438	3	1	-1.1317	3	1	-0.4656	-2.2264	3.1645	-0.3798	3	-1.0606	0	-2.3977	-2.1375	1	-0.5085	-0.5393	0	-0.2924	1	1	3.5632	3	3	-6.0093	1	-3.9185	-0.4921	-1.4588	-1.0515	0	5.5072	3	1	6.2142	3	-3.6318	2
0	0	1	3	1.1503	0.7258	0.2064	3	0.5992	2	1	0.6602	3	1	0.9796	1	1	-0.4420	0.6211	0.5321	0.6008	3	-0.6743	3	-1.7673	-1.7490	3	3.1982	-7.0733	1	-2.8582	1	2	2.2482	0	2	-2.5739	0	-1.6651	-0.9447	-6.7158	-11.3580	2	-2.4785	3	1	-1.2942	0	0.7959	2
3	2	2	1	2.1393	-0.3304	-0.4992	1	2.3434	0	3	-1.4933	2	0	-1.4143	2	1	-2.2194	0.6340	-3.5432	-0.0312	1	-0.1656	2	1.4596	0.6339	3	-2.4870	3.0437	2	-1.0408	1	1	-0.2390	2	0	0.7907	1	3.0391	-1.0273	1.5128	-1.3079	2	1.6264	2	2	1.2129	1	0.4929	0
2	1	0	0	2.4641	1.2971	0.1911	3	0.7200	1	0	0.2833	0	3	0.7635	3	0	0.4078	1.2954	-1.0976	-0.8637	0	0.4958	2	-2.4936	-2.8462	3	0.7654	-4.9717	1	-3.1651	3	0	1.5311	2	2	-2.5008	1	0.0509	-2.3761	-3.5685	-11.8866	0	2.0623	3	3	1.4518	1	-1.5482	2
1	2	3	1	0.7467	-2.3380	-0.9685	0	-1.4932	2	3	-1.0132	2	0	1.0341	3	1	-0.7990	0.2988	-0.2846	2.9250	1	1.7101	0	1.4704	-3.7272	2	2.8885	0.2927	2	0.7775	2	2	-1.6749	0	0	3.9710	0	-1.2487	2.1153	1.4216	1.0421	3	1.1242	2	0	-0.9402	1	3.5864	1
1	3	1	2	3.2088	0.9982	0.2288	1	-0.0843	2	3	0.0246	3	0	1.7313	0	1	-0.4503	-0.2930	0.3454	-2.8799	3	2.8507	2	-1.7931	-0.9813	1	-0.0989	-1.3417	3	-1.0036	2	1	1.1284	3	2	-0.4943	1	0.7848	-1.1158	-1.1029	1.4511	3	-0.9773	3	2	-0.4863	0	-3.0852	1
1	2	3	0	-1.0400	0.2126	0.7059	2	-0.1793	1	1	-2.6077	1	3	1.1865	0	1	2.2210	-1.8390	4.5356	-2.0532	1	1.8536	2	1.2177	-1.0643	3	0.1901	6.1205	2	-0.7266	0	0	1.1418	1	3	0.9470	1	-8.4725	0.9141	7.8071	7.0531	1	1.1333	1	0	-0.5863	1	0.7483	1
0	2	1	1	0.8916	2.1460	1.2508	2	3.2493	1	0	-1.6952	0	2	-4.3534	0	3	1.5260	-2.7799	3.3426	-2.5005	1	-0.8678	3	-2.0093	-2.1525	3	-2.0191	-2.4547	0	-1.8433	2	2	-4.0034	0	0	3.2824	0	-3.5740	-0.9646	-3.2374	-4.1717	2	0.8740	3	0	3.4024	0	2.0478	1
1	3	3	3	-0.0915	0.2740	1.3848	1	-4.1844	2	2	1.6791	3	0	-0.3451	2	2	-2.8491	0.7423	-1.7381	0.3880	3	-2.9979	0	1.6276	-0.5614	2	2.0965	-3.9000	1	1.4210	0	3	-0.1678	1	0	-1.9682	2	-0.0258	0.6962	-3.3022	-1.6987	3	-4.2421	0	3	2.8236	0	-2.1304	2
0	0	1	0	-0.2455	0.2823	0.7814	3	4.6998	2	3	1.5501	0	3	-2.5021	1	0	2.7354	0.0767	0.4298	0.4243	3	0.7713	3	1.9953	0.6601	3	-2.3879	6.5822	2	-1.6180	0	1	3.0224	0	0	-4.8028	1	-0.5862	-1.5379	6.4184	3.2744	0	0.4623	1	2	0.6926	1	0.7455	2
0	3	2	2	-1.9762	0.6550	-1.4777	2	0.7256	2	3	1.3853	2	1	1.8340	3	1	3.5116	0.8944	0.1244	1.7715	3	-0.7834	2	0.0051	-1.2566	0	-0.4377	-2.6904	1	2.2934	3	1	2.0825	2	2	-1.0688	1	-0.6832	-1.9448	-4.3391	-0.6900	2	-4.7347	2	1	-1.6333	0	2.6303	2
1	1	1	3	0.3377	-0.9903	-1.8541	1	1.4709	0	2	-2.0097	1	2	2.2439	2	3	-1.1358	-0.9686	2.9740	-1.5560	3	-0.4856	3	0.5549	-0.6087	1	1.0439	2.4623	2	-2.3814	3	3	-0.0945	2	0	-1.8902	0	-1.2692	0.3715	4.3167	-2.3564	0	3.5149	1	0	0.2412	1	-1.6792	0
1	0	0	0	-1.7791	-1.9933	-1.0689	1	-1.7197	0	1	-1.2302	3	2	-2.2270	3	3	-2.9476	-1.8126	3.3473	-2.3313	0	0.6681	0	-1.6066	2.5349	2	-0.8664	-4.5852	1	-0.3645	0	3	-1.1407	3	2	0.6035	3	-3.9619	1.1098	-3.5177	-5.1457	1	-0.7282	3	0	-0.0471	3	-0.9621	0
2	3	2	1	1.7772	-0.2132	-1.6792	1	0.2391	2	2	1.6622	0	3	-0.6365	3	1	-1.9386	-0.3881	-0.8764	-1.9666	1	0.0240	0	0.4779	0.5299	0	-0.7316	-1.6855	1	1.9519	0	3	-1.2648	2	1	-0.4409	3	-0.0128	1.0803	-1.8190	-0.3860	2	-3.1816	1	0	-3.5513	0	0.6800	3
2	2	3	1	2.1718	1.6981	0.8142	1	-1.3304	2	0	1.5457	2	2	-0.8872	1	3	1.6125	2.7987	-4.8807	1.5648	1	-1.0483	3	-0.1467	-3.9718	2	2.2817	0.5880	2	0.9959	0	2	-2.4486	0	3	1.3824	0	5.3594	0.2496	0.9976	1.0888	3	-1.0545	0	3	4.4457	1	1.3842	1
1	0	0	2	-2.7662	-1.6084	-0.5201	2	1.1919	3	3	-1.5572	2	3	-0.0059	2	0	-1.2789	-0.4140	-0.3262	-2.7628	2	1.3051	1	-1.1396	2.3022	3	-1.9669	0.5101	2	-0.0925	2	3	-0.7072	0	1	2.5970	3	1.2522	2.0311	1.2255	1.4921	1	1.2113	1	0	0.7309	2	-2.1679	0
2	2	3	3	0.2857	1.5052	2.0156	3	-1.0533	2	2	-0.3924	1	2	-3.0318	0	2	1.8792	-1.1647	0.8521	-0.9207	1	2.4888	3	1.6988	0.9420	2	-0.4496	2.3566	2	1.9136	0	0	1.7370	1	2	-0.5439	3	-1.5727	1.8083	0.2285	7.3275	3	0.6811	1	0	2.0222	1	0.4416	2
2	2	0	1	0.1546	-1.5975	-3.4333	0	-0.7798	3	1	-2.2560	0	2	0.1939	0	0	4.3248	-2.8029	5.2791	1.1488	1	-1.6143	3	-0.7606	0.1467	2	0.6333	-1.0430	1	2.0729	3	2	2.5269	2	3	-3.3883	2	-7.3733	1.1426	-2.6251	0.6192	1	4.4818	0	0	-6.0197	0	-1.6936	0
2	3	0	2	-0.2145	0.0803	-0.1061	1	1.9172	2	3	0.2678	1	0	0.8238	3	0	-2.2981	0.1196	0.9785	2.1320	0	1.4367	1	-0.9284	-1.0680	3	-1.4651	-0.0616	3	-2.6522	2	3	-0.4006	3	1	-0.0310	1	-0.6774	0.9931	1.8540	-2.9189	1	-0.2989	2	3	2.6933	3	1.2586	3
2	0	1	0	-1.2865	-1.3696	-1.5275	0	2.9451	3	2	-1.3466	2	0	-0.6548	2	2	-4.6585	-2.5280	-1.2782	-0.9321	2	2.3259	0	1.3525	-1.6755	3	-2.8966	8.9572	2	-1.6408	2	3	1.1862	3	1	-4.2363	1	2.0726	1.0977	9.7815	6.7902	1	2.4351	1	3	-0.8123	1	-2.3356	0
0	1	1	1	-0.1207	1.9338	1.2283	2	4.8630	0	1	0.5928	3	2	-1.2401	2	2	-0.7259	0.8609	1.1064	-3.0174	1	1.8558	3	-0.7356	-0.7497	3	-6.3991	0.0516	3	-1.0132	1	1	1.3495	0	3	-2.9076	1	0.1559	-1.4737	-0.8712	-0.4561	0	-2.2042	1	0	1.1620	1	-1.4195	2
0	2	0	1	1.1211	-0.3936	1.5278	3	1.6516	3	1	1.3426	1	2	-1.6629	0	3	0.4117	0.4988	0.6173	1.1086	1	2.1300	3	1.1090	-2.3567	3	-3.7571	2.4722	2	-4.6251	0	0	0.5370	1	1	-0.6509	1	-2.5418	1.4357	4.1918	-2.8038	2	-3.5763	0	3	2.1816	2	-1.1119	2
0	1	2	3	-0.6967	0.5497	2.8805	2	3.0550	1	0	1.6395	2	2	-2.4341	2	1	-0.2869	0.6811	-0.2785	2.5747	2	-0.8323	0	1.2463	-2.0394	3	-3.5173	5.3576	2	0.2582	3	0	0.9518	2	3	-2.5849	0	2.1350	0.7826	9.0441	5.0342	0	-3.4559	0	1	5.2948	1	1.6340	3
2	0	2	3	-1.7887	0.5785	0.7352	2	-0.2180	1	1	-1.1297	0	3	0.8891	0	0	3.2124	-0.1287	2.9404	-0.2723	2	2.5650	2	2.0171	-0.4527	1	0.7159	-0.3485	1	-0.4996	2	0	-2.3702	0	1	5.6492	0	-4.2745	1.0495	0.0092	-2.0259	0	0.8939	0	1	1.0969	0	-2.1468	1
2	1	2	3	3.2259	-0.3752	3.7078	3	-2.4066	1	3	-2.6144	2	3	1.5546	2	3	-1.4331	-4.0370	3.1528	0.2366	2	-1.8228	3	0.1427	0.5383	2	1.0223	-4.9213	1	1.0056	0	3	0.1032	1	2	3.3005	2	-1.6029	1.7604	-8.5541	-1.9770	2	3.9908	3	0	8.1204	0	2.1360	1
3	2	0	1	-0.5025	1.3645	-0.2873	0	-4.4309	0	1	2.8082	3	1	-0.0220	1	0	2.4813	3.3440	-0.9622	-0.0327	1	0.3247	2	1.1416	-0.8718	2	-0.9721	-3.3841	1	0.6324	2	0	3.2655	1	1	-4.7646	1	-0.2535	0.3533	-2.7952	-2.0269	0	-3.1291	1	3	1.1426	0	-2.0267	2
2	0	3	0	-1.7194	1.5301	0.0086	2	0.8447	2	2	-1.6388	2	2	-0.8995	2	0	1.3707	-0.2957	-5.3265	3.7100	2	0.8020	3	-0.9545	-1.2746	3	-3.0640	1.7243	2	-2.2862	1	0	-0.0501	1	1	0.2432	1	4.3169	-1.1203	3.3707	-2.2599	1	1.0499	0	2	0.8466	2	2.1198	1
3	3	1	2	-2.2479	1.2485	0.4388	0	-2.0437	1	3	-0.8274	0	0	0.1854	0	2	3.0790	-0.5863	-0.4199	0.7910	3	1.8536	3	-2.8544	0.1714	2	1.3261	-4.1005	3	1.2614	0	0	-2.4537	1	1	6.5564	3	2.0486	0.4104	-5.2278	-2.7095	1	-1.2677	3	2	2.0735	0	-4.9518	1
3	1	2	0	2.2348	0.5210	1.8855	3	-0.5762	1	1	1.3977	2	1	-0.4489	1	1	3.2743	2.3839	-6.3695	-0.3526	0	-0.8884	2	-2.7014	0.3042	1	0.0133	-6.5002	1	-2.7296	1	2	1.4319	3	3	-0.4382	1	8.0974	-0.3352	-8.6125	-11.4042	2	-2.5387	3	3	1.4903	0	-2.5892	1
3	0	0	0	-1.4386	0.8790	-0.2102	1	-0.2833	3	3	-0.2438	3	0	2.9780	0	0	1.5757	1.7877	-1.4845	1.3137	1	-1.7588	2	-2.4849	0.9415	0	0.6182	0.5149	2	0.4597	0	0	-1.2536	1	2	-0.1228	3	2.0418	-0.0721	-1.3835	0.4693	1	0.0250	2	3	1.3228	0	1.5851	3
0	2	1	1	1.7674	1.5983	3.4069	1	0.4839	1	2	-1.4596	3	1	0.6232	1	3	-0.2768	1.3184	-2.8504	-3.1340	1	4.0782	0	4.6360	-0.3486	3	-2.5761	5.5679	2	-1.9711	3	3	2.2667	2	1	-0.3057	1	2.9530	-2.1957	6.4497	0.0794	0	1.8171	1	3	5.1638	1	-2.0791	2
0	2	1	1	-1.4194	0.7869	-2.6100	0	3.8683	3	0	1.7371	3	3	-0.0259	2	1	-0.7570	2.0619	-1.8842	-2.1049	1	-0.2081	1	-0.4906	-0.3411	3	-1.8875	-1.7317	3	-1.8640	0	1	-1.0040	3	2	0.2840	0	2.8313	0.0379	1.0297	-4.1730	0	0.9539	1	0	-2.7420	1	-5.4230	3
3	3	0	2	1.6186	-2.1715	-1.5376	2	0.0914	3	0	0.7820	2	0	-0.2919	1	2	2.2183	2.0063	-1.0847	-0.4800	1	-0.1257	2	-2.0154	1.7704	0	-0.6705	-5.2209	3	1.8507	2	0	-1.2458	3	3	1.0914	3	0.5125	-1.1325	-7.4583	-1.6570	0	-2.8896	3	3	-1.5463	0	0.8041	0
1	3	1	2	-0.1740	1.0337	-0.3078	2	1.3049	3	1	0.4788	0	1	3.1197	3	0	-1.3789	1.6956	0.5469	-1.3417	2	-1.5758	0	1.6655	0.9382	1	1.0679	-0.0985	2	-2.5006	0	0	1.1040	3	3	-1.8903	2	2.7095	3.1129	-1.2085	-2.5550	1	0.0961	1	2	2.1872	0	-1.9924	0


